0.8704113
0.8689923
0.8798687
0.8749953
0.8584271
0.8739044
0.8639897
0.858371
0.8667174
0.8634081
0.8683962
0.8558776
0.8478657
0.849701
0.8633937
0.8489418
0.8452737
0.7656837
0.8616762
0.8466456
0.8429271
0.8439516
0.855843
0.8506717
0.8457965
0.843526
0.8434345
0.8483549
0.8484423
0.8471224
0.8481984
0.8459601
0.8478838
0.8492937
0.8424019
0.8453942
0.8438406
0.8492048
0.8454739
0.8466948
0.845621
0.8466067
0.8479677
0.8454296
0.8603994
0.8491899
0.8811428
0.859166
0.8820329
0.8637037
0.8521736
0.8561048
0.8556442
0.8641919
0.8476351
0.8503843
0.8522597
0.8559123
0.8626789
0.8424639
0.8500323
0.8688574
0.8578949
0.838492
0.8371305
0.8459209
0.8519595
0.8478085
0.8584588
0.856067
0.8632303
0.8651472
0.8699432
0.8679917
0.8362427
0.8460407
0.8584145
0.8593064
0.8682005
0.8694616
0.8731111
0.7944032
0.8676498
0.8256121
0.8637255
0.8566819
0.8569345
0.8678185
0.860268
0.8519843
0.8586973
0.8635593
0.856828
0.8577138
0.8540388
0.8640569
0.8575976
0.8570723
0.8561714
0.8568936
0.8573813
0.8623437
0.8641598
0.8618083
0.8535085
0.8604036
0.8613498
0.8562159
0.8554676
0.8519565
0.858968
0.8561923
0.8611027
0.8565894
0.8557276
0.8572462
0.8570234
0.7874248
0.8632508
0.8739391
0.8732573
0.8732123
0.8567138
0.7832254
0.8564495
0.8606557
0.8533993
0.8555866
0.8560971
0.8535491
0.8677689
0.8530884
0.8524628
0.8571211
0.8175035
0.813483
0.8353056
0.8415745
0.849796
0.8588276
0.848459
0.7809673
0.8592001
0.862715
0.858717
0.8665196
0.8683557
0.8726854
0.8735148
0.8719489
0.8597191
0.8754235
0.8641761
0.8655326
0.8591668
0.8623957
0.8670929
0.8540138
0.8517788
0.8463168
0.8621639
0.856555
0.8397124
0.7721591
0.8593303
0.8474583
0.8415191
0.8478021
0.8544158
0.8500911
0.8477507
0.8516579
0.8410604
0.8486865
0.8480733
0.8566892
0.8475215
0.8427936
0.8513565
0.8555913
0.8433925
0.8457219
0.8443425
0.8495817
0.8480878
0.8536161
0.8458165
0.8499108
0.8475961
0.8455368
0.861452
0.8475765
0.8848098
0.859857
0.8848747
0.8646253
0.8525624
0.85164
0.8462366
0.8593341
0.8435855
0.8410406
0.8433712
0.8571266
0.8561542
0.8354229
0.8454858
0.8706308
0.8572364
0.831502
0.8279836
0.8357428
0.8426806
0.8455137
0.8567099
0.8445412
0.865016
0.8617658
0.8683058
0.8738752
0.8836525
0.8849606
0.8735696
0.8651221
0.876906
0.8757185
0.7999296
0.867327
0.8512316
0.8714943
0.8445246
0.8593738
0.8645441
0.8756283
0.8345948
0.8596596
0.8469472
0.8669929
0.7367382
0.7175978
0.7184369
0.0702665
0.731267
0.7212303
0.7205876
0.7322539
0.7289032
0.7276413
0.73261
0.720729
0.7258668
0.7267915
0.7244186
0.7301324
0.7181458
0.7170135
0.7256479
0.7219656
0.7261392
0.7327892
0.7319876
0.7233768
0.7279884
0.8666891
0.8441494
0.8778755
0.8550385
0.877261
0.8587987
0.8631666
0.8686579
0.8662655
0.8599552
0.8631191
0.8649923
0.8642113
0.861019
0.8767144
0.8019183
0.8613773
0.8703126
0.8681116
0.8441153
0.8472524
0.8577097
0.8645503
0.8623137
0.8632575
0.8723802
0.8677921
0.8697552
0.8676438
0.857857
0.8840928
0.8827739
0.8820909
0.8707536
0.887657
0.8529878
0.8820967
0.8744895
0.8847402
0.8784039
0.8819148
0.8723146
0.8646064
0.8758247
0.8751298
0.8702711
0.8755901
0.8729406
0.8739641
0.8679189
0.8706887
0.8762539
0.8773454
0.8715356
0.8720369
0.8720489
0.8732285
0.8764544
0.8738765
0.8749127
0.8680275
0.8774636
0.8768829
0.8745704
0.8733033
0.872907
0.8719802
0.873609
0.8751011
0.8766615
0.876064
0.8715274
0.869245
0.8729131
0.8746976
0.8186278
0.8853431
0.8184409
0.8806336
0.8703299
0.8679866
0.874319
0.8771074
0.8723176
0.8723937
0.8717787
0.8748428
0.8689784
0.8688372
0.8737402
0.8775208
0.8740566
0.8663314
0.8673009
0.8660144
0.8677955
0.8707587
0.8771243
0.8715483
0.8729453
0.8740583
0.8803179
0.8587219
0.8859058
0.8860236
0.8818286
0.8717749
0.8869266
0.8517055
0.8801061
0.8735074
0.8860435
0.8760722
0.8839874
0.8722144
0.8669449
0.8721911
0.8746647
0.8712161
0.8759213
0.8724686
0.875037
0.868473
0.8684798
0.875138
0.8780533
0.8707619
0.873479
0.872615
0.8740902
0.8724239
0.8758633
0.8721167
0.8666393
0.8763536
0.8760572
0.8747309
0.8739586
0.8699625
0.8720039
0.8750554
0.8721404
0.8720465
0.873823
0.8714233
0.8703064
0.8706906
0.8776705
0.8157616
0.8825663
0.8177502
0.8781462
0.871883
0.8698793
0.875358
0.8741436
0.8731399
0.8725888
0.8718016
0.8718188
0.8718057
0.8682534
0.8754813
0.874804
0.8718772
0.8641891
0.8668329
0.8672013
0.8701761
0.8726856
0.8765404
0.8722939
0.8718729
0.8744364
0.8796716
0.8564907
0.8863149
0.8857744
0.8798905
0.8706313
0.8877442
0.8515963
0.8825795
0.8729359
0.8841258
0.8769666
0.8817004
0.8714877
0.8645081
0.8728
0.8741397
0.8697244
0.8754392
0.8732815
0.8735178
0.8671558
0.8678383
0.8752801
0.8767874
0.8695749
0.8710835
0.8704703
0.8719891
0.871864
0.8748017
0.8715569
0.8648558
0.8759975
0.8757006
0.8738739
0.8742287
0.8717892
0.8706083
0.8747832
0.8709964
0.8718622
0.8723891
0.871658
0.8696217
0.8679935
0.8779344
0.8183061
0.8835909
0.8157533
0.8787856
0.8720356
0.869406
0.8743312
0.8737034
0.8729109
0.8721475
0.8720783
0.8704993
0.8722624
0.8686238
0.8741675
0.8745295
0.8710932
0.8633723
0.8668678
0.8693072
0.8681726
0.8713975
0.8744522
0.8721906
0.8718977
0.8751858
0.8799718
0.8582413
0.8863586
0.886393
0.8807587
0.8709582
0.8878297
0.852969
0.8821693
0.8730571
0.8835958
0.8774645
0.8814951
0.8718565
0.8667568
0.8732118
0.8739668
0.8708136
0.8751018
0.8728185
0.873054
0.8667238
0.8681658
0.8746552
0.8782692
0.8691474
0.8714106
0.8705882
0.8719409
0.8723994
0.8756272
0.8721343
0.8646751
0.8754556
0.8747415
0.8744114
0.8746813
0.8714482
0.8712281
0.87482
0.8704876
0.8736057
0.8730903
0.8723207
0.870829
0.8690934
0.8780152
0.8170155
0.882693
0.8151043
0.8786162
0.8719439
0.8691049
0.8736979
0.873111
0.8731981
0.8716756
0.8745448
0.8698181
0.8728593
0.8678525
0.874579
0.8744826
0.8708727
0.8624584
0.8667296
0.8692989
0.8700696
0.8720258
0.8747424
0.8721416
0.8741717
0.8765094
0.8796794
0.8579578
0.8851103
0.8860132
0.8847872
0.871754
0.8869581
0.8581796
0.884614
0.8787708
0.885707
0.8816058
0.8805718
0.8731956
0.8686227
0.8804103
0.876238
0.8711946
0.8707972
0.8729067
0.8734768
0.8704297
0.8761556
0.8790426
0.8748477
0.8727488
0.878895
0.8740114
0.8751939
0.8780946
0.878333
0.877627
0.8729711
0.8755901
0.8824416
0.877672
0.8779722
0.8743335
0.8766476
0.8759103
0.8827566
0.8742787
0.8771232
0.8742071
0.8742593
0.8779455
0.8761442
0.8235432
0.884476
0.8236443
0.8757771
0.8787719
0.8704431
0.8750465
0.8746275
0.8759655
0.8749766
0.8705579
0.8768654
0.874804
0.8675924
0.8740447
0.8777198
0.8812078
0.8671165
0.8696718
0.8713245
0.8773936
0.8723684
0.87454
0.8724432
0.8760346
0.8778926
0.8856224
0.8556156
0.8847962
0.8847518
0.8845162
0.8709212
0.883958
0.8552303
0.8846717
0.8764445
0.8851512
0.8788869
0.8807612
0.8760592
0.8684615
0.8787845
0.8740553
0.8719135
0.8672233
0.8736543
0.8731004
0.8666865
0.8723617
0.8759001
0.87364
0.8696974
0.8759904
0.8719285
0.8736527
0.8753133
0.8753414
0.8738878
0.8693243
0.8733449
0.8765714
0.8747498
0.8756415
0.8719126
0.8726937
0.8720341
0.8761512
0.8702723
0.8723876
0.8689701
0.8724223
0.8778928
0.8743324
0.818686
0.8830243
0.8204386
0.8735817
0.8747507
0.8665925
0.8742052
0.8745818
0.8732865
0.8760229
0.871362
0.8734765
0.8729503
0.8668815
0.8742087
0.8745293
0.8777878
0.8654208
0.8688691
0.8723785
0.8788014
0.8738901
0.8760525
0.8747745
0.8776219
0.8791184
0.8779772
0.8592802
0.8852307
0.8829563
0.8854005
0.8719343
0.8837718
0.856311
0.8833829
0.8758266
0.885662
0.880735
0.881313
0.8734154
0.8685129
0.8806603
0.8754512
0.8708713
0.8679491
0.8751612
0.8721111
0.8665672
0.8707834
0.8773592
0.8758933
0.869833
0.8740949
0.8710215
0.874414
0.8756591
0.8771386
0.8735679
0.8715596
0.8746866
0.8784899
0.8742206
0.8760712
0.8728848
0.8729143
0.8727555
0.8774075
0.8696539
0.8720242
0.8685161
0.8725596
0.8775732
0.8759004
0.8222915
0.8822667
0.8205931
0.8750281
0.8758654
0.8699563
0.8750139
0.8724982
0.8736341
0.8772133
0.8717519
0.8745356
0.8740398
0.8681627
0.8757631
0.8764715
0.8789414
0.8650851
0.8686225
0.8708329
0.8795677
0.873185
0.8761095
0.8758032
0.8770507
0.8811359
0.8778265
0.8059872
0.8810009
0.8812544
0.8855904
0.8661006
0.8764434
0.7960942
0.8731437
0.871356
0.8847109
0.8701939
0.8806953
0.8701856
0.8703628
0.882014
0.8686205
0.8734154
0.868109
0.8679364
0.8709654
0.8624566
0.8668251
0.8718722
0.8715935
0.8674306
0.8679804
0.8689591
0.8711881
0.8678023
0.8721699
0.8673658
0.8669245
0.8700484
0.8671762
0.8693406
0.8687899
0.8701092
0.864091
0.8677174
0.8671806
0.8665381
0.8662368
0.8681278
0.8674757
0.8725303
0.8771238
0.8607519
0.8738268
0.8568836
0.8693874
0.8692157
0.866721
0.8739003
0.8664524
0.8756937
0.8723484
0.8766611
0.8707855
0.8791822
0.8690832
0.8739884
0.8716188
0.8766738
0.8656391
0.8655833
0.8688794
0.8755714
0.8711769
0.8726258
0.8753515
0.8748786
0.8728978
0.8773329
0.8690508
0.8563326
0.8577048
0.8559167
0.8547514
0.8699079
0.864784
0.8691137
0.8294993
0.8736811
0.8392608
0.8662893
0.8480009
0.8640906
0.871079
0.8577256
0.8488167
0.8591565
0.8545805
0.8576833
0.8527406
0.8539522
0.8670354
0.8636773
0.8566291
0.858368
0.8604581
0.8594817
0.8599977
0.8620261
0.8582978
0.8523316
0.8602523
0.8650051
0.8567301
0.85871
0.8554473
0.8536678
0.8580452
0.8629627
0.8547171
0.8560248
0.8539749
0.8551918
0.8276488
0.8617443
0.8781264
0.8697374
0.875475
0.8537139
0.8223459
0.8517999
0.861713
0.8546718
0.8549708
0.8626388
0.8603441
0.8596378
0.854487
0.8500461
0.8604387
0.839034
0.8312478
0.8351035
0.8394069
0.8431123
0.8638815
0.846428
0.8246356
0.8585668
0.8546825
0.857182
0.8616005
0.7862906
0.8770626
0.8780334
0.8772326
0.8596655
0.879421
0.769315
0.8770594
0.87019
0.8797758
0.8754226
0.8732104
0.8637056
0.8615061
0.8745156
0.8740628
0.8678858
0.8636194
0.8640593
0.8691084
0.867516
0.8687826
0.8756961
0.8748071
0.8707199
0.8690525
0.8671427
0.8746553
0.874738
0.8741851
0.872817
0.8670778
0.8705718
0.8775615
0.8678095
0.8676825
0.8708426
0.8660585
0.8679951
0.8742504
0.8657668
0.868735
0.8682375
0.8689696
0.86997
0.8728703
0.8600579
0.8786292
0.8569216
0.8679274
0.8634555
0.8569404
0.8633403
0.8618066
0.8659459
0.8632785
0.868224
0.8730265
0.8702926
0.8627039
0.8676542
0.8697876
0.8712774
0.8617779
0.859685
0.8622925
0.8710627
0.8671702
0.8692192
0.8649987
0.8671224
0.8654421
0.8704829
0.7840087
0.8756448
0.8772113
0.8777844
0.8611308
0.8808176
0.7677945
0.8748242
0.8696556
0.8786004
0.8766403
0.8758621
0.8685931
0.8594194
0.8748054
0.8748137
0.870141
0.8633554
0.86274
0.8690401
0.8657899
0.8666468
0.8732529
0.8753457
0.8707846
0.8669221
0.8685373
0.8767694
0.8721546
0.875845
0.8726822
0.8658997
0.8696732
0.8716627
0.8686646
0.8665524
0.8688506
0.8648346
0.8666567
0.8720379
0.8664011
0.8685392
0.8685868
0.8719214
0.8715641
0.8752616
0.8605494
0.8822214
0.8637804
0.8697697
0.8640947
0.8582282
0.863074
0.8617898
0.8648851
0.8614154
0.8671337
0.8710002
0.8713103
0.8598134
0.8688445
0.8737342
0.8661576
0.8596458
0.8608283
0.8653529
0.8673979
0.8668781
0.8667574
0.8678331
0.8678555
0.8639537
0.8688949
0.8701162
0.8695915
0.8782355
0.8704801
0.8574009
0.8772824
0.8687305
0.8536225
0.8628694
0.860251
0.86446
0.8532044
0.8459462
0.8526545
0.8627562
0.8456816
0.8445733
0.7599475
0.865208
0.8418077
0.8373765
0.8369039
0.8475314
0.8473213
0.8390444
0.8432711
0.8380457
0.8469194
0.8444614
0.847087
0.8442142
0.8381223
0.8423619
0.8498255
0.8423676
0.8396093
0.8422159
0.8385923
0.8401377
0.8450356
0.8415305
0.8445095
0.842997
0.8410221
0.858792
0.8495952
0.8778859
0.8576693
0.8817393
0.8592451
0.8576477
0.8574007
0.8584695
0.8635094
0.8521154
0.8536071
0.8544487
0.8541358
0.8679507
0.8390782
0.849165
0.8591025
0.8583826
0.8315716
0.8287977
0.8402403
0.8568166
0.8542194
0.8567602
0.8580467
0.8617633
0.8634356
0.8701147
0.8732631
0.8726323
0.8753554
0.8765653
0.8635905
0.8786847
0.8702399
0.8740157
0.8595089
0.8769788
0.8682109
0.8673473
0.8616503
0.8587109
0.8708041
0.8682025
0.8628177
0.8616409
0.8672649
0.8635036
0.8614841
0.8625708
0.8716069
0.8661919
0.8636142
0.8662088
0.8609592
0.8690264
0.8656065
0.8723246
0.8685465
0.8657326
0.8673295
0.8718492
0.8616028
0.8651147
0.8615604
0.8647497
0.8630948
0.8666294
0.8626269
0.866525
0.8643966
0.8585676
0.8602212
0.8676099
0.8816102
0.8773581
0.8792898
0.8719542
0.8577732
0.8556329
0.8618672
0.8239058
0.8570672
0.859585
0.8600748
0.8730402
0.8586923
0.8568554
0.8572884
0.8690122
0.8593385
0.8478887
0.8522457
0.8512138
0.860235
0.8598042
0.8598498
0.8647372
0.8301363
0.8369109
0.8483723
0.8791567
0.8576857
0.8563432
0.8580047
0.8580354
0.878333
0.8703732
0.8758175
0.8265836
0.8732563
0.8482636
0.8657541
0.8518758
0.8585812
0.8694965
0.8600313
0.8468336
0.8603689
0.8597598
0.865725
0.8570015
0.8567249
0.8683285
0.8672297
0.8636106
0.8647305
0.8605907
0.8635233
0.863609
0.8667871
0.8639756
0.859372
0.8650976
0.8705975
0.8589851
0.8625487
0.8566545
0.8621393
0.8622279
0.8672453
0.8611972
0.8636415
0.8607825
0.8588708
0.8330972
0.8610548
0.8809497
0.8752004
0.882139
0.8620822
0.8299398
0.85409
0.8615467
0.8595067
0.8506117
0.8589365
0.859609
0.8637053
0.8484501
0.8472699
0.8586242
0.8437948
0.8378857
0.8378125
0.8393521
0.8468152
0.8585476
0.84581
0.8303769
0.8610266
0.8593312
0.8594135
0.8662791
0.8685619
0.8778906
0.8758243
0.8679961
0.8508972
0.8658445
0.8664257
0.8487471
0.8584161
0.8617065
0.8635393
0.8567542
0.8458498
0.8528366
0.8629581
0.8462881
0.8545482
0.8422788
0.8515055
0.8492374
0.8393983
0.839765
0.8524089
0.8460411
0.8400288
0.8391275
0.8429369
0.8473334
0.8445976
0.8484529
0.8435248
0.844825
0.8404653
0.8485224
0.8403269
0.8402365
0.8439494
0.8379977
0.8411095
0.8472499
0.8415662
0.8423355
0.8350802
0.8413263
0.8585213
0.8550697
0.8654499
0.7395376
0.8655968
0.8512538
0.8604201
0.8571056
0.8550681
0.857647
0.8631736
0.8554285
0.8565043
0.832126
0.8679728
0.8421033
0.8554149
0.8565075
0.8608425
0.8418153
0.8426643
0.8488896
0.8541061
0.8662939
0.8565097
0.8575225
0.8665442
0.8595277
0.870156
0.868213
0.8803072
0.8796535
0.8704596
0.8566005
0.8682501
0.8671747
0.8531602
0.8671276
0.8624639
0.8687395
0.8550989
0.855295
0.8570784
0.8664494
0.8552038
0.8605165
0.850357
0.8593153
0.8515815
0.8454312
0.8436498
0.8512662
0.8474055
0.8404565
0.8435346
0.8436618
0.8473978
0.8422283
0.8484723
0.8393559
0.8463742
0.8402791
0.8478065
0.8450491
0.8438125
0.8383712
0.8421986
0.8432822
0.8471847
0.8455609
0.8469675
0.8440509
0.8454587
0.8635902
0.856028
0.8691082
0.8061209
0.8700618
0.8563012
0.8632605
0.8678815
0.8585499
0.8605129
0.8709045
0.8591019
0.8617613
0.8373333
0.8758472
0.8518295
0.8569615
0.8628471
0.8673166
0.8468677
0.8474589
0.8550926
0.8539004
0.8668364
0.8629663
0.8633004
0.8626597
0.8657144
0.8674887
0.8698207
0.872945
0.879723
0.8716204
0.8572556
0.876638
0.8682246
0.8557747
0.8648309
0.8605706
0.8655427
0.8553963
0.8493151
0.8516398
0.8665146
0.8465276
0.847674
0.7655473
0.8629728
0.8484952
0.8433027
0.8489686
0.8539866
0.850806
0.8445391
0.8529711
0.8442461
0.8534866
0.8486695
0.8534873
0.8491237
0.8421837
0.8478508
0.8541627
0.8471884
0.8441356
0.8433762
0.8431231
0.8459288
0.848978
0.8456807
0.8485399
0.8436272
0.8453142
0.8581625
0.8522749
0.8766582
0.8600479
0.8763684
0.85596
0.8588114
0.8577269
0.8605626
0.8651901
0.8512368
0.8598753
0.8573862
0.8565969
0.8703924
0.841553
0.8527798
0.8589092
0.8598056
0.8349635
0.8329044
0.8409711
0.8563231
0.8574861
0.8603137
0.8581596
0.8641961
0.8620423
0.8723588
0.8757778
0.8728155
0.8767729
0.8750556
0.8656849
0.8788701
0.8751298
0.8685509
0.8605172
0.861312
0.8674058
0.8585184
0.8421591
0.8538397
0.8645173
0.8550325
0.7041392
0.8522427
0.8690705
0.8564688
0.8466985
0.8505236
0.8592424
0.8579959
0.8540932
0.854664
0.8522868
0.8534573
0.8550887
0.8554348
0.8562661
0.8513799
0.8526876
0.8586701
0.8584403
0.8572285
0.8502825
0.8533088
0.8578536
0.8550936
0.8541753
0.8559838
0.8552483
0.8472028
0.8600129
0.8552966
0.8807431
0.8668666
0.8805909
0.8656481
0.8520633
0.8579743
0.8571913
0.8627605
0.8486513
0.8559174
0.8534512
0.8532709
0.8646302
0.8417632
0.8560703
0.8633972
0.8545093
0.8083485
0.8136582
0.8376317
0.853114
0.8537393
0.8560894
0.8615717
0.8655222
0.863542
0.8766706
0.8643363
0.8694869
0.8717556
0.8708343
0.851739
0.8664007
0.8646025
0.8534382
0.8540177
0.8606692
0.859969
0.8572711
0.8458048
0.8538243
0.8637535
0.8473434
0.8398313
0.738676
0.8567689
0.8440603
0.8405626
0.8392503
0.8522642
0.8448628
0.8379686
0.8437583
0.8389647
0.8444158
0.8436281
0.8471135
0.8444327
0.8389559
0.8427668
0.8507896
0.8400794
0.8368897
0.8422712
0.8399498
0.838792
0.8452052
0.8413259
0.8446822
0.8400046
0.8389211
0.8567078
0.8563249
0.8725085
0.8586583
0.8722077
0.8500478
0.8570446
0.8534243
0.8529401
0.8574392
0.8533268
0.8494324
0.8553407
0.8463645
0.8639304
0.8371896
0.8529534
0.8612096
0.8562906
0.8336817
0.8297566
0.8408404
0.8544889
0.8521049
0.8550311
0.8548658
0.8590278
0.8622697
0.8629487
0.8622179
0.8921165
0.8948543
0.8849483
0.8688111
0.8757701
0.8583226
0.876918
0.878025
0.8862308
0.8784095
0.8873501
0.8797136
0.891468
0.8881129
0.8753346
0.8858564
0.8745464
0.8737606
0.8793794
0.8714227
0.8757152
0.8810194
0.8754878
0.8769248
0.875889
0.8742811
0.8781886
0.8785184
0.8782202
0.8750737
0.8744124
0.874323
0.8760142
0.8720559
0.8692779
0.8735628
0.8708387
0.8727253
0.8751382
0.8715919
0.8739078
0.870842
0.8778871
0.8799672
0.8888766
0.8348292
0.8699031
0.8354044
0.862232
0.8820935
0.8880236
0.891212
0.8765258
0.8948998
0.8919825
0.8900777
0.8721592
0.8941053
0.8818636
0.8890756
0.8758099
0.8814219
0.8813742
0.882655
0.8894839
0.8883163
0.8846097
0.8771681
0.8915828
0.8824404
0.883933
0.8798309
0.8816611
0.8839246
0.887382
0.887952
0.8774656
0.8863636
0.8807433
0.8904915
0.8745167
0.8885923
0.8851243
0.8841911
0.8749909
0.8757141
0.8850187
0.8825938
0.8734938
0.8779089
0.8784643
0.8807456
0.8769737
0.8822269
0.8869453
0.8832001
0.8795054
0.881292
0.8778368
0.8798126
0.8794463
0.8814323
0.8819946
0.8780621
0.8803177
0.8811755
0.8815703
0.8790428
0.8791001
0.8798575
0.8786455
0.8818132
0.8799375
0.8799129
0.8801283
0.8754658
0.8787005
0.8826463
0.8827571
0.8901395
0.8792856
0.8803255
0.8702202
0.8745398
0.8784725
0.8753399
0.8782612
0.8772247
0.8744807
0.8822135
0.8331507
0.8760206
0.8772692
0.8825404
0.876724
0.8724673
0.8707121
0.873661
0.8830784
0.871653
0.8756342
0.8765405
0.8822253
0.8783662
0.8859812
0.8652295
0.8713483
0.8800105
0.8697694
0.8559792
0.8658074
0.8665235
0.8539671
0.8649123
0.8630754
0.8643798
0.8577774
0.8508792
0.8560204
0.8674062
0.8507035
0.8479727
0.8312633
0.8553767
0.8493182
0.8440764
0.8474718
0.8577813
0.8520213
0.8462359
0.8502351
0.846379
0.8518
0.8519304
0.850055
0.8494232
0.8427784
0.8501969
0.8530425
0.8441738
0.8451295
0.8460425
0.8475434
0.8458256
0.8506292
0.8449609
0.8493613
0.8430742
0.8446361
0.8633159
0.8540774
0.8683557
0.8585289
0.8645691
0.8598559
0.8580432
0.8641107
0.857994
0.8566924
0.862978
0.8580704
0.8592649
0.8588632
0.8659443
0.8426849
0.8555202
0.8634263
0.8632328
0.8433805
0.8444204
0.8470705
0.8602028
0.8575034
0.8563218
0.8593169
0.8628928
0.8583502
0.8667976
0.8706606
0.8734534
0.882158
0.8728845
0.8559689
0.8679802
0.8716074
0.8550412
0.8649411
0.8648922
0.867879
0.8581101
0.8527399
0.8560101
0.8706063
0.8539364
0.8519678
0.8294988
0.8554961
0.8513606
0.8458367
0.8510073
0.856955
0.8508835
0.8492085
0.8528366
0.8451444
0.8510961
0.8527466
0.852225
0.8515069
0.8467905
0.8536604
0.8555459
0.844036
0.8477169
0.848668
0.8464407
0.8463032
0.8531847
0.8455712
0.849964
0.8451022
0.8475324
0.862479
0.8549435
0.8689782
0.860787
0.8666994
0.854122
0.8599149
0.8610309
0.8590215
0.8548988
0.8649757
0.8543414
0.856568
0.8568178
0.8681183
0.8460564
0.8573696
0.865389
0.8588542
0.8439117
0.8438783
0.8484315
0.8559345
0.8556551
0.8550397
0.8603529
0.8637434
0.8602021
0.8705758
0.8670931
0.8712487
0.8796206
0.8710271
0.8552289
0.8665656
0.8685972
0.8545145
0.8645937
0.8616933
0.8648802
0.8555639
0.8513411
0.8567017
0.8682821
0.8493224
0.8480435
0.830927
0.8558348
0.8500873
0.843439
0.8474544
0.8571643
0.8520914
0.8453828
0.8500872
0.8475445
0.8503904
0.8518266
0.8490767
0.8491877
0.8423613
0.8492211
0.8539373
0.8439787
0.8456844
0.8456729
0.84577
0.8454559
0.8514394
0.8439741
0.8489514
0.8411043
0.8436473
0.86252
0.8541045
0.8669331
0.8577826
0.8644248
0.8589695
0.8589916
0.8634577
0.8581512
0.85511
0.8612014
0.8577051
0.8600265
0.8581552
0.8662359
0.8433795
0.8564132
0.8631523
0.8636955
0.8438985
0.8450284
0.8474505
0.8607927
0.8584477
0.8567434
0.8588632
0.8640441
0.8596218
0.8684062
0.8607814
0.8803158
0.8859519
0.8826227
0.8709414
0.8859473
0.8509109
0.8846761
0.8732989
0.8868691
0.8804639
0.8819903
0.874427
0.8697936
0.873492
0.8730307
0.8735774
0.8708633
0.8725969
0.8735002
0.867249
0.8720499
0.877788
0.8757008
0.8731899
0.8741494
0.872368
0.8754246
0.8777037
0.8808727
0.8753694
0.8729947
0.8730781
0.8790034
0.8781933
0.8755041
0.8710133
0.8755912
0.8751017
0.8778376
0.8760892
0.8767734
0.8729345
0.8722781
0.8705652
0.8791401
0.8178187
0.8778854
0.81479
0.8768937
0.8725253
0.8687071
0.8693033
0.8735602
0.8741074
0.8699187
0.8717202
0.874549
0.8725434
0.8672772
0.8704648
0.877157
0.8764688
0.8652597
0.8692699
0.869871
0.8703051
0.8688209
0.8727437
0.8699943
0.8762682
0.8741826
0.8786368
0.8574231
0.8817699
0.8847887
0.8823703
0.8663868
0.8825866
0.8519249
0.8806486
0.8723781
0.8846984
0.8767541
0.879771
0.8731068
0.8672673
0.8751711
0.8730017
0.8722873
0.8694099
0.868728
0.8710502
0.8657513
0.8682499
0.8775862
0.873386
0.8704884
0.8705329
0.8692496
0.8710644
0.8731489
0.8777389
0.8731343
0.868983
0.8698805
0.8751154
0.8722788
0.875637
0.8693958
0.8724388
0.8730722
0.8761052
0.8716886
0.8712158
0.8706035
0.866416
0.8727887
0.8771793
0.8176629
0.882284
0.8117443
0.8760602
0.8696836
0.870777
0.8684781
0.8734465
0.8715211
0.8713369
0.8746702
0.8739321
0.8707441
0.8697993
0.8663983
0.8770788
0.8768976
0.8690378
0.8658306
0.8650594
0.870619
0.8680752
0.8730111
0.8701838
0.8753927
0.8784318
0.8801365
0.8606844
0.881738
0.8864373
0.8780352
0.8638882
0.8868454
0.85241
0.8824651
0.8722308
0.883766
0.8787294
0.8815048
0.8749954
0.8653398
0.8748568
0.875826
0.8699108
0.8677532
0.8661552
0.8713662
0.8680599
0.8729625
0.8780532
0.8796395
0.8728488
0.8774077
0.8685224
0.8742908
0.8726709
0.8802246
0.8728642
0.8724862
0.876506
0.8771207
0.8746807
0.8750323
0.8715966
0.8755755
0.8749631
0.8769898
0.8752026
0.8765065
0.8730523
0.8703093
0.8726836
0.8795293
0.8135945
0.881475
0.8153014
0.8747338
0.8702642
0.868964
0.8701923
0.8711599
0.867251
0.871572
0.8712547
0.8742861
0.8708987
0.8686846
0.8713444
0.8746276
0.8738288
0.8632662
0.8692742
0.8683542
0.8692075
0.8682736
0.8721449
0.8731394
0.8695848
0.8766545
0.8767785
0.8652072
0.8845685
0.8908185
0.8841672
0.8716029
0.8866964
0.8580029
0.8879822
0.8748876
0.8913146
0.8823595
0.8847471
0.8788212
0.8744606
0.8803849
0.8836781
0.8761072
0.876148
0.8768836
0.8743968
0.8766952
0.8789147
0.8847692
0.8779818
0.8787556
0.879575
0.8749265
0.877792
0.8825463
0.8797566
0.8809001
0.8763039
0.8791671
0.8844876
0.8795185
0.8818208
0.8751243
0.8805888
0.8803137
0.8838618
0.8812015
0.8818696
0.8801645
0.877779
0.8757938
0.8786822
0.8202295
0.8881586
0.8194943
0.878407
0.8759373
0.8739938
0.8804809
0.8757962
0.8794399
0.8771962
0.8778406
0.8783898
0.872144
0.8732253
0.8766624
0.8794935
0.881846
0.8713885
0.8709266
0.8707961
0.8783388
0.8784236
0.8737004
0.8792325
0.8760297
0.8749762
0.8819924
0.8630235
0.8832171
0.8899967
0.8870125
0.8677186
0.8879524
0.8534228
0.8862979
0.8747838
0.8892089
0.8824489
0.8835779
0.8773706
0.8703926
0.8733684
0.8807125
0.8753396
0.8724613
0.8735149
0.8757475
0.8738926
0.8745978
0.8822562
0.877313
0.8777172
0.8794485
0.8736201
0.8762115
0.8772459
0.8807835
0.8771917
0.8752082
0.8772665
0.8816336
0.8769852
0.8799323
0.876725
0.8801779
0.8806426
0.8789071
0.8757562
0.8784226
0.8791724
0.874866
0.8747655
0.8776316
0.8213018
0.885301
0.8149123
0.8757573
0.8717193
0.8682952
0.8760727
0.8743582
0.8737319
0.8733133
0.8693216
0.8778428
0.8718557
0.8759254
0.869756
0.8821894
0.8813064
0.8681736
0.8683387
0.8698771
0.8744405
0.8745082
0.875913
0.875606
0.8734443
0.8752147
0.8798396
0.8670551
0.8342069
0.8432818
0.8596471
0.855135
0.8672159
0.8653817
0.8646771
0.7830298
0.8678739
0.8134059
0.8636725
0.8507594
0.8564483
0.8696722
0.8536858
0.8462495
0.8583123
0.8588378
0.8551212
0.852801
0.8525722
0.863834
0.8611997
0.8533951
0.8554235
0.8551903
0.8572082
0.8643098
0.8588258
0.8598828
0.8530937
0.8562062
0.8596792
0.8550691
0.8574267
0.8522823
0.8529896
0.8549183
0.8582152
0.8549694
0.8564185
0.8559335
0.8563673
0.7883896
0.859691
0.8737676
0.8729992
0.8731221
0.8476124
0.7713556
0.8531682
0.8572142
0.8537779
0.8553587
0.8509744
0.8552075
0.8613278
0.8435352
0.8519507
0.8547107
0.8190366
0.8075094
0.8309085
0.8338409
0.8486891
0.8569887
0.8473345
0.7773125
0.8607139
0.858082
0.8607012
0.867779
0.8669384
0.8273729
0.8412556
0.8535447
0.8518561
0.8635262
0.8669945
0.8632648
0.7817654
0.8667726
0.8134086
0.8620454
0.8474087
0.8501572
0.8691716
0.8560367
0.8448672
0.8471197
0.8522132
0.852366
0.8497168
0.8468746
0.8596205
0.8549502
0.8466459
0.8518362
0.851297
0.8516574
0.8535466
0.8527123
0.8506638
0.8465016
0.8536818
0.8578626
0.8491564
0.8531431
0.8464949
0.8494735
0.8488497
0.8529806
0.8509381
0.8517001
0.8555935
0.8515034
0.7722822
0.8622453
0.8711272
0.8710613
0.8714188
0.8423363
0.7648346
0.8518618
0.8576205
0.8517961
0.8515291
0.8528144
0.8516817
0.8583701
0.843775
0.8460701
0.8556428
0.8171077
0.8051313
0.8300356
0.8330166
0.8442664
0.8562941
0.8439569
0.7734931
0.8585576
0.8552152
0.8594113
0.8670564
0.8695227
0.8713402
0.8787119
0.8721345
0.8573798
0.8697822
0.8688142
0.852202
0.8629446
0.86604
0.86677
0.8574982
0.8521578
0.8555606
0.8690066
0.8522567
0.8542271
0.8305367
0.8579387
0.8493328
0.8439092
0.8500266
0.8577175
0.8529067
0.8455877
0.8513406
0.8444123
0.850074
0.8516427
0.8529468
0.850791
0.8427427
0.8472412
0.8523645
0.8440064
0.848
0.8478559
0.8486957
0.8470243
0.8515163
0.8462916
0.851685
0.8432604
0.8450876
0.8631699
0.8558486
0.8659517
0.8623626
0.8625717
0.8553801
0.8614818
0.861752
0.8610448
0.8571917
0.8648903
0.8548096
0.8589855
0.8548062
0.8680792
0.8429612
0.8556271
0.8639706
0.862476
0.8444178
0.8467102
0.8485847
0.8585351
0.857788
0.8567376
0.8595159
0.8682206
0.8596184
0.8684955
0.868337
0.8708729
0.8788275
0.874369
0.8566693
0.863046
0.8711939
0.8512293
0.8629577
0.8612791
0.8655351
0.8563571
0.850839
0.8575018
0.8705315
0.8517161
0.8487713
0.8330373
0.8552483
0.8475723
0.8431102
0.8449275
0.8559774
0.8487605
0.842055
0.8492792
0.844101
0.8487538
0.8510638
0.8490982
0.8485539
0.8429632
0.8467087
0.8500854
0.8435609
0.844078
0.842831
0.8449143
0.8437619
0.8489321
0.8428081
0.8456042
0.8417969
0.8406185
0.8628362
0.8529828
0.8646761
0.8573686
0.8637482
0.8577647
0.8597507
0.8624485
0.861233
0.854169
0.8647296
0.8578083
0.8594365
0.8530889
0.8645341
0.8384455
0.8541335
0.8647555
0.8598281
0.8412846
0.846347
0.8493234
0.8596818
0.8558852
0.8541723
0.8608869
0.8658652
0.859282
0.8673054
0.870353
0.8728498
0.8793129
0.8737602
0.8570298
0.8663813
0.8703259
0.8573155
0.8626724
0.8622372
0.8673539
0.8555103
0.8516794
0.8602964
0.8697083
0.8546611
0.8557945
0.8347091
0.8579755
0.8513857
0.847928
0.8503342
0.8597241
0.8549823
0.8458579
0.8538595
0.8520256
0.8548941
0.8542021
0.8533364
0.8536161
0.8485714
0.8512578
0.8510146
0.8519744
0.8498423
0.8473776
0.8510993
0.8520975
0.8510816
0.8481383
0.8522495
0.8478982
0.8470736
0.8614228
0.8544009
0.8696895
0.8618401
0.8672433
0.8546311
0.859987
0.8625094
0.86503
0.8568824
0.8661151
0.8580867
0.8616531
0.8583605
0.8663546
0.8466557
0.8584752
0.8631834
0.8625522
0.8421012
0.8443042
0.8475297
0.8583111
0.8588725
0.8573889
0.863862
0.864334
0.8601866
0.8712868
0.8683775
0.8752492
0.8803511
0.8750094
0.8589719
0.8667855
0.8677091
0.8548534
0.8637285
0.8650645
0.8654851
0.8602911
0.854674
0.8565649
0.87142
0.8554492
0.8542263
0.8313902
0.856475
0.8530816
0.8448791
0.8498497
0.8556522
0.8522108
0.8472116
0.8501614
0.8497154
0.8574446
0.8557616
0.8552024
0.8543542
0.8495751
0.8487701
0.8538849
0.8480239
0.848831
0.848336
0.8511842
0.8512682
0.8512099
0.8471672
0.851379
0.842769
0.845966
0.8602578
0.856067
0.8706037
0.8620651
0.8702097
0.8556428
0.8605651
0.8658391
0.8639302
0.8595333
0.8659611
0.8566506
0.860629
0.8563286
0.8696995
0.8474889
0.8578346
0.8649621
0.8598109
0.8424456
0.8475992
0.8524953
0.8611375
0.8587056
0.8591
0.8638327
0.8652552
0.861083
0.8687974
0.8657039
0.844119
0.8491607
0.8531104
0.8614531
0.8655959
0.8667905
0.8668525
0.7890686
0.869973
0.8241026
0.8634154
0.8513606
0.8601637
0.866566
0.8572084
0.8575143
0.8564735
0.8600295
0.8577769
0.8527771
0.8501815
0.8609646
0.8612139
0.8517502
0.8554716
0.8559778
0.8511052
0.8526356
0.8583346
0.8509494
0.8466825
0.8564229
0.8618147
0.8483929
0.8541992
0.8508591
0.8523966
0.8523503
0.8571212
0.8540621
0.8544198
0.8548885
0.8511264
0.7545164
0.860805
0.8711554
0.8723134
0.8732373
0.8524698
0.7105493
0.8566179
0.860908
0.8586911
0.8585035
0.8570165
0.8609662
0.8620768
0.8593309
0.8557143
0.8548067
0.8232694
0.8127011
0.8397691
0.8442444
0.8535445
0.8604776
0.8499768
0.7397511
0.8611261
0.8610046
0.8626318
0.8715242
0.8765298
0.8712259
0.8733427
0.8734697
0.8652341
0.8865049
0.8776039
0.8763029
0.8603298
0.8778543
0.8694251
0.8660751
0.8564274
0.853952
0.8705396
0.8662822
0.8468545
0.8596984
0.8664188
0.8671558
0.8615291
0.8632689
0.8733696
0.8721639
0.8633327
0.8666316
0.8650286
0.86709
0.8666216
0.8677046
0.8675835
0.8617711
0.86371
0.8775259
0.8634607
0.8678358
0.8605716
0.866955
0.8673013
0.8705785
0.8682767
0.8681397
0.8670764
0.8625161
0.8572695
0.868306
0.887681
0.8774834
0.8850901
0.8749432
0.8561967
0.8565855
0.8604412
0.868203
0.8541491
0.861407
0.8617568
0.874488
0.8545412
0.8526926
0.860421
0.8736448
0.8572037
0.8401887
0.8428588
0.8476803
0.8650407
0.8520337
0.860189
0.8613122
0.866145
0.8670219
0.876718
0.7865542
0.8779517
0.8768385
0.8778682
0.8630886
0.8802273
0.7652018
0.873254
0.8713829
0.8790104
0.8731265
0.875786
0.865471
0.863209
0.8768073
0.8739033
0.8677581
0.8610186
0.8677521
0.8701558
0.8651932
0.8664709
0.8735573
0.874402
0.8697197
0.8666617
0.867015
0.8742495
0.871131
0.8733205
0.870573
0.8670759
0.8703663
0.8730569
0.8665424
0.8651113
0.8692978
0.8641149
0.86471
0.8748389
0.8675713
0.8670173
0.8654548
0.8687187
0.8715841
0.8738856
0.8626568
0.878191
0.8625842
0.8689042
0.8662022
0.8603724
0.8655019
0.862395
0.8678022
0.861639
0.8660661
0.8720701
0.8720211
0.8605132
0.8682421
0.8687746
0.8677811
0.8612097
0.8608386
0.8653069
0.8711929
0.8697627
0.8676454
0.8706361
0.8688223
0.864653
0.8693458
0.7904747
0.8780979
0.8789433
0.8725355
0.8615901
0.8753552
0.7454274
0.871383
0.8697688
0.8766361
0.8670399
0.8762985
0.8659698
0.8586352
0.8741616
0.867501
0.8680524
0.8616411
0.8645915
0.8708709
0.8630188
0.86655
0.8690265
0.8694525
0.8652163
0.8660243
0.8668425
0.8685392
0.8672363
0.8732056
0.8661236
0.8647861
0.8681078
0.8691325
0.864033
0.863577
0.8676164
0.8657533
0.8633445
0.8656
0.8624113
0.8638919
0.8624743
0.8658096
0.8636381
0.8711962
0.8523202
0.8722005
0.8519153
0.865746
0.8620506
0.8635348
0.8665143
0.8622946
0.8707105
0.8617517
0.8619237
0.8667614
0.8663871
0.8627672
0.8662986
0.8656688
0.869835
0.8543419
0.8559555
0.8630811
0.8670021
0.8640369
0.8607653
0.8666187
0.8632598
0.8696936
0.8730206
0.8113481
0.8815994
0.8855555
0.8804677
0.8665506
0.882538
0.79909
0.8789203
0.8698107
0.885783
0.8709377
0.8803453
0.8731258
0.8665818
0.877297
0.8765281
0.8690707
0.869691
0.8684249
0.8747745
0.8706654
0.8744978
0.8780853
0.8781095
0.8724315
0.8746734
0.8718629
0.8754456
0.8735827
0.8779512
0.8747701
0.8697264
0.876087
0.8773606
0.8687379
0.8703245
0.8728044
0.8746181
0.8726756
0.8723043
0.8702527
0.871656
0.8719248
0.8713552
0.8754624
0.8778124
0.8641148
0.875505
0.8590769
0.8729637
0.8704792
0.8672115
0.8661861
0.867624
0.8743847
0.8652472
0.8743931
0.8770271
0.8702961
0.8638561
0.8697973
0.8796639
0.8721731
0.8683905
0.8651867
0.8689917
0.8725797
0.8654244
0.8723556
0.8696585
0.8699269
0.8694339
0.879556
0.8635185
0.8858603
0.8892614
0.8828985
0.868251
0.8779486
0.8600143
0.8765428
0.8801258
0.8910296
0.876319
0.8845141
0.8788503
0.8826932
0.8856797
0.8777125
0.8819087
0.8767073
0.8727138
0.8794227
0.8736737
0.8760441
0.8834363
0.8801498
0.8789497
0.8777909
0.8777974
0.8812365
0.8805378
0.8802428
0.8804851
0.8749907
0.8757279
0.8777106
0.8711227
0.8707761
0.8773386
0.8764115
0.8749261
0.8780748
0.8725846
0.876101
0.871712
0.8763945
0.8779995
0.8844871
0.764198
0.8739384
0.7625364
0.8687203
0.879961
0.8860491
0.8886643
0.8766904
0.8884363
0.8837278
0.8880556
0.87454
0.8907557
0.8809162
0.8868934
0.878066
0.879958
0.8768673
0.8768447
0.8799555
0.8877167
0.8809186
0.8722692
0.8843657
0.8795702
0.8820359
0.8792508
0.8640159
0.8890648
0.8908451
0.8915698
0.8726488
0.881598
0.8639838
0.8806578
0.8845625
0.8899309
0.8778958
0.8885779
0.8830561
0.8847687
0.8899096
0.8788215
0.8848065
0.875951
0.8752022
0.8831364
0.8758768
0.8785572
0.8816961
0.8821767
0.881644
0.8813534
0.8807423
0.8838696
0.8805992
0.8821914
0.8803416
0.8774743
0.8806161
0.8752994
0.8738889
0.8744095
0.8777815
0.8773942
0.8770329
0.8747975
0.8800689
0.8787301
0.8753
0.8767996
0.8813263
0.8862245
0.7629354
0.8748069
0.7704951
0.8694135
0.8829914
0.8859723
0.8929614
0.8790478
0.8900581
0.8862561
0.8905753
0.8759948
0.8894111
0.8831643
0.8900995
0.8786766
0.8811944
0.8814389
0.8821365
0.8841822
0.8878388
0.8808966
0.8748036
0.8871075
0.8841594
0.8845849
0.88366
0.8636021
0.8723964
0.8738151
0.8736874
0.8492767
0.8687578
0.8651956
0.8508549
0.8540898
0.8596168
0.857295
0.8480024
0.8410348
0.8485359
0.8614789
0.8441962
0.8406361
0.7559722
0.8535786
0.84395
0.8365111
0.837958
0.8496828
0.8455025
0.8437155
0.8426328
0.8430268
0.8441756
0.8422376
0.8450442
0.8430917
0.8374362
0.8388057
0.8458612
0.8395469
0.8450286
0.8367339
0.8439714
0.8424205
0.8413564
0.8416435
0.8481209
0.8438156
0.8437869
0.8550847
0.8409038
0.874986
0.8543221
0.8741426
0.8525231
0.8552859
0.8538809
0.8500305
0.8543575
0.8508638
0.8457566
0.8516699
0.8481148
0.861542
0.8345207
0.8472111
0.8563328
0.8580858
0.8289587
0.8349053
0.8432486
0.8548682
0.8438744
0.8509281
0.8507037
0.8588199
0.8594679
0.8691367
0.8635867
0.8705134
0.8741806
0.8720713
0.8490416
0.8686148
0.864325
0.850184
0.8543812
0.8565078
0.8594047
0.8477667
0.8446321
0.8463075
0.8603487
0.8414653
0.8406177
0.7534303
0.8536916
0.8407519
0.8357313
0.8357527
0.8484047
0.8445196
0.8427275
0.8405377
0.8404044
0.8436299
0.8404077
0.84375
0.8420149
0.8354046
0.8383437
0.8443048
0.838815
0.8426739
0.8359114
0.8424104
0.8402783
0.839124
0.8401207
0.846399
0.8420731
0.8438132
0.8568641
0.8416908
0.8751401
0.8534847
0.8745504
0.8519782
0.8547406
0.8535188
0.8500572
0.8537745
0.8519828
0.8443578
0.8491545
0.8493709
0.8598011
0.8337337
0.8458753
0.855663
0.8570605
0.8294416
0.8339315
0.8421194
0.8524909
0.8459076
0.8516171
0.8515279
0.8556193
0.8572318
0.8684409
0.8737055
0.8677527
0.8684706
0.8776378
0.8606127
0.8617871
0.8714853
0.8700034
0.8565778
0.869215
0.8649293
0.8658796
0.8537857
0.8527793
0.8745208
0.8604986
0.8563824
0.8589821
0.8595826
0.8597923
0.8592989
0.8543164
0.8664978
0.8634033
0.8577565
0.8605132
0.856847
0.857202
0.8591353
0.8629099
0.8591147
0.8523551
0.8590047
0.8649813
0.85335
0.8588386
0.8506393
0.8585197
0.8601948
0.863415
0.8526085
0.8559913
0.8575854
0.8543385
0.8572577
0.8611702
0.8736846
0.877965
0.8754544
0.86379
0.8477696
0.8552428
0.8623035
0.8554702
0.8556361
0.8563181
0.8607255
0.8701892
0.8508212
0.852317
0.8573749
0.8606134
0.8522051
0.8400666
0.844287
0.8487896
0.8623551
0.7778959
0.8564044
0.8565503
0.861109
0.862065
0.8700282
0.8733328
0.8694605
0.8668986
0.8775734
0.8674731
0.870863
0.8693203
0.8758745
0.8588016
0.8765108
0.869547
0.8687429
0.8643155
0.8530881
0.8678401
0.8716409
0.8530253
0.8622373
0.8689143
0.859142
0.8598174
0.8617499
0.870804
0.8694947
0.8582984
0.8647152
0.8586389
0.8635864
0.8630688
0.8673431
0.8614068
0.8603666
0.8652565
0.8716856
0.8594994
0.8646791
0.8562796
0.8651702
0.8647438
0.8684449
0.8662047
0.8660262
0.864943
0.8584682
0.8551829
0.8710551
0.8774438
0.8844608
0.8797428
0.8680265
0.8508147
0.8575401
0.8622511
0.8563842
0.8568137
0.8505295
0.853269
0.8717822
0.8528432
0.8503971
0.8584375
0.8692366
0.8534068
0.8494239
0.8461629
0.8502496
0.8574348
0.8035772
0.8571152
0.8630577
0.8598965
0.8570187
0.8667075
0.8718665
0.8528742
0.8603192
0.8616141
0.8586808
0.8643335
0.8729476
0.8651804
0.830846
0.8702723
0.8340776
0.8714586
0.8636535
0.8725854
0.8818595
0.8581981
0.8664412
0.8668733
0.8601036
0.8648343
0.8560366
0.8632081
0.8668544
0.8656199
0.8633151
0.861688
0.8569151
0.8627125
0.8604739
0.8665837
0.8611006
0.8597172
0.8648058
0.8596897
0.8587652
0.8590961
0.8592522
0.8566052
0.8606352
0.8594437
0.8564804
0.8605091
0.8613452
0.8632288
0.8327287
0.8669157
0.8656654
0.8691017
0.8689621
0.8531117
0.8359387
0.8737342
0.8754801
0.860071
0.8745063
0.8748151
0.875193
0.8610275
0.8739834
0.8664386
0.8710345
0.8385348
0.8249691
0.8539183
0.8518705
0.8619126
0.8736954
0.8649207
0.8295401
0.8756853
0.8684672
0.8681118
0.8666337
0.8779254
0.8612113
0.8633287
0.8714002
0.8675363
0.8814154
0.868424
0.8747355
0.8454686
0.8823638
0.8607509
0.875444
0.8667114
0.8660829
0.873963
0.8716459
0.859594
0.867358
0.8698818
0.865974
0.8652469
0.8714685
0.8721585
0.8734252
0.8687046
0.8715671
0.8660648
0.8711356
0.8713872
0.8740491
0.8712879
0.8662072
0.8717911
0.8739515
0.8655405
0.8692701
0.8665022
0.8696187
0.8664998
0.8718568
0.8665821
0.8685151
0.8675469
0.8666368
0.8502713
0.8730189
0.8775769
0.8851485
0.8729081
0.8710699
0.8434428
0.8635056
0.8604106
0.8653441
0.8585847
0.8674407
0.8729067
0.8753586
0.8647896
0.8645366
0.8686521
0.8541849
0.8496424
0.8539261
0.857907
0.862449
0.8690319
0.8544849
0.8425087
0.8646579
0.8673149
0.8658452
0.8761449
0.8746847
0.881332
0.8826595
0.8781273
0.8670572
0.8770257
0.8760799
0.8383126
0.8723252
0.8461451
0.8687481
0.8441671
0.8568167
0.8755256
0.8795864
0.7630192
0.8656454
0.8552835
0.8677178
0.8444529
0.8343927
0.8319608
0.8415819
0.836466
0.8305364
0.8312349
0.8410797
0.8332952
0.8337405
0.8359843
0.8345988
0.8286846
0.8325191
0.8325363
0.8321936
0.8322163
0.834753
0.8331677
0.8332441
0.8264828
0.8321095
0.8343308
0.8325346
0.8352874
0.86734
0.8366096
0.8797026
0.8505808
0.8792982
0.8583232
0.8690364
0.8792908
0.8762325
0.8681774
0.8801667
0.8693792
0.8706338
0.8509897
0.8831228
0.8392885
0.8666071
0.8663216
0.8675319
0.8558582
0.8565561
0.8604511
0.8710328
0.8767727
0.8612647
0.8747983
0.8744113
0.874781
0.8788283
0.8710942
0.8736657
0.8737715
0.8770763
0.86202
0.8726318
0.8705614
0.840923
0.8617775
0.8373061
0.8617419
0.837878
0.8450336
0.8584205
0.8725064
0.617185
0.8483311
0.8434617
0.8629059
0.8330776
0.8291601
0.8274319
0.8350051
0.8333397
0.8259964
0.8268408
0.8307244
0.8338565
0.8284747
0.8316372
0.8274933
0.8245227
0.8273343
0.8294147
0.8262453
0.8306663
0.8293105
0.8314007
0.8286418
0.8300038
0.8272727
0.8261004
0.8313893
0.8267346
0.8618751
0.8271225
0.8789083
0.8546308
0.8778316
0.8550294
0.8590542
0.8663718
0.861743
0.8604984
0.859881
0.8535868
0.8601267
0.8522016
0.8713091
0.8291112
0.8554948
0.8616065
0.8612648
0.8418031
0.8427921
0.8462889
0.8594241
0.8601603
0.8543697
0.8635257
0.867768
0.8639503
0.8696565
0.8707892
0.8791237
0.8842847
0.8683589
0.8569121
0.8654217
0.8689428
0.8507497
0.8679281
0.8665175
0.8609018
0.8616898
0.8562404
0.8596498
0.8676976
0.850926
0.8694511
0.8513969
0.8611433
0.8606299
0.8474409
0.8514526
0.8590875
0.8548703
0.8524392
0.8551314
0.8583805
0.8582633
0.8537899
0.8553454
0.8533781
0.850529
0.8505925
0.8519554
0.8520878
0.8498314
0.8507322
0.8493016
0.8500379
0.847803
0.8468219
0.851409
0.8468414
0.8507796
0.8653926
0.8639903
0.8665188
0.8392741
0.864873
0.8410619
0.8688574
0.8696378
0.8628795
0.861593
0.8762959
0.8552617
0.8592422
0.83787
0.8804555
0.8578411
0.8582671
0.8587789
0.8657938
0.8536082
0.8540861
0.8632392
0.8568011
0.8647574
0.8574863
0.859381
0.8686087
0.8715174
0.8745047
0.8801923
0.8797767
0.8831433
0.8757711
0.8593867
0.8770856
0.8698397
0.8641454
0.8672975
0.8692667
0.8694707
0.8649775
0.8567089
0.8553536
0.8619424
0.8595631
0.8601222
0.8533132
0.8612986
0.8587808
0.8522912
0.8553052
0.8615837
0.8596622
0.8590637
0.8594148
0.8553313
0.8591096
0.8555989
0.8580481
0.853554
0.8562502
0.8553002
0.8590589
0.8528756
0.8588571
0.8514788
0.8500094
0.8577698
0.8560762
0.8552004
0.8541338
0.8582967
0.8518295
0.8679801
0.8598842
0.8782289
0.8558467
0.8806934
0.8684884
0.8610201
0.8636719
0.8554622
0.8641415
0.862157
0.8513679
0.8491692
0.8533041
0.8754389
0.8558446
0.850573
0.8675101
0.8665427
0.8483469
0.8471763
0.8523956
0.8529725
0.8625417
0.8626753
0.856362
0.8633562
0.8672277
0.8775988
0.8678429
0.8770416
0.8789283
0.8735005
0.8599232
0.8713516
0.8699653
0.8569234
0.8651184
0.8667508
0.8680743
0.86144
0.8531817
0.8519137
0.8667882
0.8557133
0.8612604
0.8486292
0.8605569
0.859107
0.85199
0.8526304
0.8610544
0.8607491
0.8511511
0.8539229
0.859125
0.8546919
0.8582845
0.8556813
0.8556987
0.8529257
0.8541799
0.8567363
0.8552934
0.8550306
0.8520009
0.8531256
0.8522612
0.855897
0.8491149
0.8517657
0.8518728
0.8507946
0.867174
0.8597803
0.8747911
0.854983
0.8749163
0.8553416
0.8587863
0.8639822
0.8561894
0.8606573
0.8650657
0.8561236
0.8539165
0.8447555
0.8732792
0.8505843
0.8501019
0.8644539
0.8689905
0.8460244
0.8514602
0.8510928
0.8526244
0.8656019
0.8585951
0.8593536
0.8657256
0.8684916
0.8734828
0.8683789
0.8746743
0.8831552
0.8758557
0.8570736
0.8752839
0.8659424
0.8613171
0.8650251
0.8690445
0.8678505
0.8655705
0.8578996
0.8539262
0.8614501
0.8571859
0.8599331
0.8537117
0.8599212
0.8577884
0.8542027
0.8565496
0.8572386
0.8613836
0.853749
0.8560323
0.8587446
0.8571802
0.854744
0.857911
0.8554496
0.8516428
0.8554734
0.8607458
0.8580478
0.859526
0.854037
0.856096
0.8588701
0.8584638
0.8518963
0.8565779
0.8520594
0.8506806
0.86695
0.8614979
0.8712952
0.8497917
0.8690943
0.8571266
0.8648761
0.8684211
0.8573578
0.8607851
0.8692745
0.8556537
0.853365
0.8491073
0.8805039
0.8549379
0.8550366
0.8655956
0.86375
0.8525325
0.8529613
0.8560831
0.8548485
0.8647398
0.8627754
0.8560116
0.8703447
0.8696449
0.8760941
0.8904893
0.8995504
0.9024372
0.8928415
0.8826977
0.8830016
0.8890929
0.8782125
0.8953081
0.890588
0.8819975
0.8894754
0.8822731
0.8923456
0.8922673
0.883982
0.8942304
0.8799926
0.8871514
0.8844407
0.8768946
0.8804812
0.8800498
0.8810222
0.8775976
0.8797824
0.8806091
0.8834578
0.8814511
0.8804588
0.880865
0.8824936
0.8806468
0.8816379
0.8776545
0.8753419
0.8854476
0.875927
0.8778834
0.8825276
0.8735169
0.8766518
0.8754024
0.8832918
0.8924707
0.8861855
0.8798458
0.8672655
0.8825557
0.8753414
0.893862
0.897121
0.8929382
0.8911123
0.9005767
0.8884822
0.890099
0.8694727
0.9085084
0.8878869
0.8879578
0.8821524
0.8917294
0.8865621
0.8900274
0.8878309
0.888541
0.8985736
0.8856008
0.8942272
0.8914423
0.9011743
0.8952628
0.8737042
0.8734163
0.8799956
0.8731446
0.8602672
0.8616024
0.8676586
0.8556778
0.8561612
0.8610945
0.8602702
0.8594048
0.8533058
0.8438625
0.8672227
0.8501026
0.8589903
0.8426581
0.8639489
0.8522826
0.8453158
0.846675
0.8580859
0.8538744
0.847932
0.850162
0.8526142
0.8560189
0.8504198
0.8526225
0.8493553
0.8472701
0.8491284
0.8534256
0.8454141
0.8466634
0.8499151
0.849053
0.8464798
0.8489499
0.845534
0.850895
0.843883
0.8455186
0.8575776
0.8612904
0.8683345
0.8445453
0.8687001
0.8513204
0.8574375
0.8653404
0.8542848
0.8570081
0.8661361
0.8489484
0.851741
0.8424467
0.8688085
0.8527114
0.8500491
0.8614242
0.8619482
0.848743
0.8508376
0.8512591
0.8490343
0.8636844
0.8532835
0.8590525
0.8618759
0.8616554
0.8682298
0.8656403
0.8747151
0.8811165
0.8674027
0.8518421
0.8586058
0.8587645
0.8512493
0.8574918
0.8606937
0.8544522
0.8571215
0.8447231
0.8492963
0.8647993
0.8496366
0.8558617
0.8427989
0.8540447
0.8536815
0.8433492
0.8448492
0.8545162
0.8498342
0.8471171
0.8502206
0.8483888
0.8544929
0.8468285
0.8516452
0.846977
0.8425862
0.8473182
0.8493296
0.844502
0.845407
0.8456582
0.8456673
0.8460985
0.8469623
0.8410249
0.8479188
0.8433208
0.8453984
0.8595538
0.8586417
0.859616
0.8412662
0.8589748
0.8425388
0.8537792
0.8594369
0.8561657
0.85387
0.8647647
0.8477278
0.8529323
0.8398852
0.8665795
0.8489718
0.8465303
0.8538383
0.8512552
0.8351261
0.837683
0.8522775
0.848434
0.8630241
0.8530389
0.8592499
0.8652525
0.8674963
0.8697866
0.8769453
0.8765524
0.881299
0.8779289
0.868884
0.8822332
0.8734647
0.8729051
0.8658712
0.8689525
0.8710929
0.8648027
0.8581399
0.849464
0.8616918
0.8635921
0.859147
0.8562315
0.8707478
0.8639709
0.8628175
0.8607132
0.8642437
0.8682703
0.8635316
0.8620164
0.8600894
0.8647526
0.861543
0.8628669
0.8646923
0.862631
0.8649129
0.8698739
0.8603833
0.8618068
0.8589835
0.8625474
0.8603021
0.8682867
0.8590294
0.8626759
0.8592534
0.8559551
0.8664709
0.863966
0.8807424
0.8665852
0.8773928
0.8670247
0.864306
0.8672828
0.8533288
0.8674847
0.8628411
0.8503163
0.8553772
0.8606011
0.8714035
0.8549203
0.8522184
0.8730596
0.862315
0.8501104
0.8499637
0.8566694
0.8502658
0.8634444
0.8654187
0.8603363
0.8643398
0.868729
0.8772983
0.8657188
0.8803345
0.8861918
0.8716864
0.8548059
0.8647092
0.8717613
0.8582354
0.8678213
0.8682277
0.8636278
0.8648063
0.8585228
0.8574906
0.869073
0.8559432
0.8692207
0.8505206
0.8585047
0.8577667
0.8478261
0.8550927
0.8609304
0.8553895
0.8512209
0.8544858
0.8564548
0.8581416
0.8548703
0.8562542
0.8510348
0.8498689
0.852626
0.8546402
0.8500761
0.8482523
0.8559303
0.850036
0.8500758
0.8522354
0.8520871
0.8546941
0.8505961
0.8533827
0.8660569
0.8631455
0.8604898
0.8417283
0.8653192
0.8507388
0.8661663
0.8710887
0.859969
0.8640081
0.8765395
0.8607951
0.8665414
0.8379794
0.8831811
0.8629821
0.8618369
0.8605612
0.8653369
0.8528624
0.8594215
0.862825
0.856806
0.8701333
0.8593231
0.8646044
0.8648567
0.8655719
0.8754629
0.8653168
0.8692418
0.8772707
0.8644437
0.8521517
0.8617283
0.8620832
0.8535077
0.8605927
0.8651639
0.8597905
0.8608465
0.8539355
0.8463511
0.8556627
0.8471401
0.8591549
0.8421815
0.8565862
0.8500094
0.8371942
0.8425218
0.8515986
0.8471015
0.8408892
0.8447334
0.8468257
0.8488785
0.8478343
0.8505248
0.8449263
0.8431156
0.8389453
0.8501171
0.8387961
0.8394628
0.8387454
0.8411901
0.8415344
0.8456119
0.8424332
0.8426344
0.8404962
0.8462764
0.8518802
0.8573543
0.8635321
0.8424967
0.864703
0.847113
0.8534797
0.8588095
0.8520079
0.8517464
0.8620949
0.846936
0.8460277
0.8401057
0.8645878
0.850335
0.8458324
0.8542387
0.8551819
0.84216
0.8412269
0.8513257
0.8479988
0.8559781
0.8491312
0.8503613
0.8629069
0.8639781
0.8680251
0.8796859
0.8886233
0.8931195
0.8857992
0.8727681
0.8718437
0.8791704
0.8670623
0.8786669
0.8810856
0.8713982
0.8791494
0.8710023
0.8782142
0.883823
0.8679724
0.8849447
0.8645961
0.8761412
0.8721136
0.8642711
0.8712919
0.8738811
0.8684074
0.869803
0.8687616
0.8728149
0.8749449
0.8712116
0.8746826
0.870613
0.8701852
0.8695732
0.8678344
0.8654921
0.8661298
0.8716775
0.8647987
0.8682067
0.8631704
0.8642117
0.8659733
0.8674833
0.8673363
0.8793912
0.8782225
0.8765642
0.8602307
0.8797276
0.8598897
0.8783324
0.8872795
0.879073
0.8735445
0.8888889
0.8794461
0.8794941
0.8576633
0.8992522
0.8801314
0.8769922
0.8664046
0.8784966
0.8718964
0.8773244
0.8776008
0.8751717
0.8843963
0.8760118
0.8797733
0.8798678
0.8819885
0.8846225
0.883055
0.8816794
0.8857583
0.8838431
0.877858
0.8938805
0.8794604
0.8837973
0.8746604
0.8839548
0.881574
0.8753609
0.8737083
0.8244974
0.8360803
0.8733078
0.8609109
0.8653137
0.8786747
0.8727225
0.861217
0.8668005
0.8739326
0.8752999
0.8669895
0.8696866
0.8680377
0.8701436
0.8722684
0.8742011
0.8723805
0.8690467
0.87064
0.8770581
0.8714621
0.8700857
0.8690395
0.8689874
0.8681813
0.8713855
0.8675787
0.868424
0.866067
0.8652307
0.8782817
0.8738447
0.8911778
0.8744889
0.8900539
0.8825821
0.8705434
0.8707445
0.8074255
0.871966
0.866479
0.8296499
0.8242848
0.8689097
0.8683264
0.866038
0.8350813
0.879238
0.8674434
0.8568668
0.8593031
0.8625359
0.8279663
0.8665592
0.8715526
0.7728771
0.8783035
0.8762755
0.8790856
0.8706412
0.8742959
0.8800681
0.8760655
0.865229
0.8851386
0.8683386
0.8718651
0.8628558
0.8700799
0.8728188
0.8664368
0.8561162
0.6305323
0.8173028
0.8579721
0.8530002
0.8521605
0.8615905
0.8581847
0.8534749
0.855315
0.8682617
0.8612745
0.8579977
0.8578798
0.8546551
0.858258
0.8602163
0.8588622
0.8585357
0.855957
0.8571482
0.8632657
0.8562563
0.8557764
0.8523185
0.8567899
0.8569182
0.8587752
0.8524153
0.8535022
0.8553823
0.8494664
0.860019
0.8621599
0.8849141
0.8676291
0.8813885
0.8687638
0.8540001
0.8585335
0.8057645
0.8607167
0.8594166
0.7344085
0.7286935
0.8541407
0.860169
0.8459575
0.7612832
0.8696075
0.8621319
0.8470094
0.8486623
0.8510211
0.7484899
0.8563127
0.8605136
0.8074905
0.8659992
0.8617542
0.8727876
0.870868
0.8737556
0.8798541
0.8795815
0.858669
0.8830236
0.8635472
0.8714367
0.8621307
0.870291
0.871894
0.8613604
0.8563203
0.7273787
0.8126999
0.8619215
0.8526361
0.8565098
0.8580559
0.8606262
0.8534353
0.8571264
0.8624391
0.8602598
0.8589061
0.8634872
0.8570607
0.8599572
0.8631318
0.8611005
0.8612438
0.8524888
0.8593439
0.8662908
0.8525701
0.8600069
0.8599893
0.8582822
0.85802
0.862227
0.8544231
0.857504
0.8581645
0.8492785
0.8624063
0.8601859
0.8855429
0.8695372
0.8812517
0.8665432
0.8529377
0.8567871
0.8025921
0.8613903
0.8509912
0.7448609
0.7363811
0.8561549
0.8532201
0.8438675
0.7512509
0.8707181
0.8553999
0.8403408
0.8440002
0.8496653
0.7402581
0.8567922
0.8615856
0.8077017
0.8664144
0.8640436
0.8725097
0.8687676
0.8723628
0.8808282
0.8723054
0.8579753
0.8683813
0.8690364
0.8527296
0.8638356
0.8614196
0.86781
0.8577497
0.8482458
0.8574309
0.8705355
0.8527439
0.8530936
0.8369795
0.8570731
0.8461948
0.8458751
0.8467567
0.8570249
0.8522182
0.8456095
0.851566
0.8485526
0.8538168
0.8555874
0.8532547
0.8547882
0.8458165
0.8505274
0.8514143
0.8449159
0.8434006
0.849926
0.8468729
0.8458582
0.8511331
0.8448191
0.8469008
0.8443036
0.8463412
0.8630205
0.8561952
0.871791
0.8593996
0.8711472
0.8555976
0.8595025
0.8653459
0.8596943
0.8560583
0.8611845
0.858129
0.8573324
0.8561086
0.8693558
0.8455194
0.8567058
0.8642927
0.8595361
0.844888
0.8465071
0.8501374
0.8585697
0.8579118
0.8570391
0.859723
0.8665606
0.8610669
0.8688469
0.8777382
0.8818924
0.8837788
0.8757035
0.8639012
0.8730906
0.8767274
0.8022757
0.8675705
0.8444761
0.8715185
0.8417274
0.8576409
0.8655522
0.8770852
0.8337471
0.8580831
0.8454504
0.8621338
0.7195056
0.7130697
0.7131137
0.5819217
0.7200149
0.7146437
0.7145899
0.7132181
0.7196293
0.7186174
0.7189608
0.7115602
0.7112389
0.7096653
0.7185521
0.7115231
0.6999746
0.7085993
0.7197937
0.7087513
0.7228396
0.7179263
0.7212775
0.71995
0.72469
0.8669757
0.8424616
0.8743733
0.8579314
0.8736644
0.8563091
0.8641032
0.8686865
0.8691084
0.8596157
0.8660198
0.8668905
0.8679476
0.855396
0.8782114
0.7923491
0.8636936
0.8660515
0.8649065
0.844142
0.8478434
0.8498043
0.8589341
0.8662209
0.8634234
0.8712243
0.8667662
0.8711108
0.8680107
0.8742493
0.8735872
0.8768277
0.8763608
0.8550041
0.8785491
0.8709161
0.8715379
0.8648035
0.8775158
0.8667865
0.8745356
0.8622191
0.864873
0.8756779
0.8678815
0.8688953
0.8658128
0.8590589
0.8683509
0.862311
0.8654154
0.8698968
0.8650032
0.8661496
0.867415
0.8633088
0.8674886
0.8645458
0.868346
0.8656229
0.8658927
0.8706108
0.8705491
0.8626425
0.8659112
0.8641199
0.8645787
0.8620446
0.8695475
0.8631462
0.8641137
0.8636347
0.8610759
0.8648078
0.8655052
0.8748144
0.8766972
0.8753997
0.8571537
0.8591222
0.8672881
0.8723713
0.8271371
0.8682202
0.8613398
0.8686839
0.8681143
0.8683868
0.8643585
0.8700423
0.8627326
0.8602838
0.8545572
0.8581617
0.8630948
0.8717337
0.8600076
0.8646529
0.8737241
0.8362415
0.8437414
0.8355453
0.8593495
0.8868072
0.8936249
0.8813736
0.8682115
0.874887
0.8543526
0.8744644
0.8818924
0.8875078
0.8766697
0.882151
0.8771748
0.8852856
0.8867813
0.8769789
0.8849084
0.8697331
0.8727455
0.8790406
0.8734172
0.8710581
0.8762215
0.8778239
0.8750186
0.8750186
0.8782358
0.8774655
0.8751718
0.8784957
0.8750325
0.8724303
0.8740248
0.874097
0.8750233
0.8720179
0.8754372
0.8720683
0.8736309
0.8732552
0.8745025
0.87415
0.872749
0.874609
0.8783621
0.8830538
0.8263778
0.8741454
0.8305204
0.8658458
0.8806325
0.8814804
0.8857482
0.8793882
0.8911081
0.8845406
0.8837667
0.8743732
0.8939686
0.8788264
0.88335
0.8752254
0.8805029
0.8781495
0.8796916
0.883905
0.8858599
0.881424
0.8732368
0.8849763
0.8770748
0.8815749
0.880665
0.8739605
0.8778473
0.8858474
0.8775578
0.8602993
0.8745353
0.8761398
0.8570575
0.8695668
0.8660084
0.8640566
0.8713093
0.8505377
0.8618414
0.8691889
0.8530055
0.8607813
0.8493166
0.8603806
0.8533857
0.8490325
0.8535974
0.8604548
0.8532114
0.8519531
0.8535975
0.8508384
0.8551763
0.8506311
0.8530369
0.8499175
0.8536348
0.8511108
0.8563165
0.8510406
0.8492353
0.8532714
0.8529742
0.8505626
0.8554374
0.8496681
0.8505446
0.8498251
0.850996
0.8635166
0.864389
0.8717264
0.8415632
0.873185
0.8542266
0.8608607
0.8673966
0.8672619
0.8678937
0.8746311
0.8620703
0.8656711
0.7986051
0.879397
0.8569656
0.8557692
0.8638796
0.8636072
0.8476524
0.8478062
0.8567298
0.8619772
0.8759529
0.8595862
0.8671608
0.8726331
0.8714242
0.8758051
0.8675196
0.8718334
0.8731693
0.8739267
0.8606646
0.8691325
0.8676178
0.8396068
0.8576898
0.8300601
0.8603267
0.8300639
0.8417984
0.8546396
0.8663748
0.6873285
0.8494139
0.8403355
0.8608315
0.8289372
0.8234677
0.8230548
0.8330909
0.8314132
0.8212442
0.8247419
0.826751
0.8304935
0.8240709
0.8278458
0.8208868
0.822496
0.8284065
0.8311198
0.8240417
0.8248644
0.8247706
0.8252514
0.8254613
0.8303128
0.8285274
0.8281665
0.8275875
0.8234929
0.8570555
0.8259187
0.8742996
0.8569497
0.875519
0.8517355
0.8569126
0.8595939
0.853576
0.8561841
0.8579472
0.8501496
0.8551159
0.8450833
0.8647938
0.8146837
0.8528053
0.8585471
0.8575594
0.8357068
0.8379103
0.8402799
0.8593851
0.8569029
0.8488113
0.8614122
0.8668028
0.8581808
0.871841
0.8084604
0.8820475
0.8824226
0.8866711
0.8685244
0.8747665
0.7986433
0.8756783
0.8712655
0.886191
0.8722125
0.8798415
0.8710143
0.8679415
0.8821476
0.8667466
0.8755481
0.867002
0.8680517
0.8736286
0.8651966
0.8672764
0.8709523
0.8719217
0.8671248
0.8659506
0.8697036
0.8718498
0.8687984
0.8726244
0.8683625
0.8693972
0.8701246
0.8692234
0.8684054
0.8663814
0.8731098
0.8640748
0.866907
0.8677153
0.8685011
0.8668966
0.8674013
0.8703614
0.8741752
0.8795467
0.8609449
0.8756486
0.8584988
0.8703127
0.8693351
0.8680936
0.8721376
0.8674145
0.8781056
0.8716257
0.8749118
0.8709473
0.88305
0.87051
0.8757759
0.873886
0.8792864
0.8670753
0.8665535
0.8693769
0.8748603
0.8715524
0.8721144
0.8750986
0.874247
0.872033
0.8762507
0.8717757
0.8658025
0.869678
0.8692636
0.8564874
0.8742915
0.8654678
0.8630707
0.8533651
0.8585654
0.8642666
0.8534158
0.8383213
0.8475928
0.8609837
0.8461745
0.5759051
0.8450887
0.8591882
0.8484963
0.8395341
0.8414541
0.8518323
0.8507215
0.8444943
0.8447325
0.8438498
0.8488015
0.8486272
0.8487962
0.849038
0.8463706
0.8449218
0.8547286
0.8474085
0.8507898
0.8395718
0.8540763
0.8510389
0.8528457
0.8474319
0.848541
0.84719
0.8436416
0.8515901
0.8494636
0.8763379
0.868239
0.8783118
0.860489
0.8494283
0.8507457
0.845126
0.8603975
0.8419943
0.8519327
0.8504705
0.8474835
0.856019
0.8320279
0.8504325
0.859132
0.8523415
0.8066903
0.815381
0.8319002
0.8487562
0.8483077
0.850557
0.8528518
0.8633001
0.8595769
0.8683419
0.8874686
0.7532889
0.752162
0.8788421
0.87588
0.8855121
0.8827876
0.8858826
0.8532131
0.8894222
0.8639703
0.8809234
0.8766113
0.8736953
0.8849332
0.879426
0.8725343
0.8763251
0.8756108
0.8794704
0.879874
0.8779927
0.8850158
0.8854626
0.8796584
0.8791172
0.8795777
0.8801358
0.8836388
0.8828952
0.8822705
0.879481
0.8822144
0.8890682
0.879391
0.880432
0.8783333
0.8808847
0.8787845
0.8846352
0.878938
0.8795763
0.8799185
0.8756359
0.8488637
0.8769911
0.886399
0.8896123
0.8872936
0.8787311
0.8483298
0.8645132
0.8746261
0.8761389
0.8716365
0.8733233
0.8719371
0.8860058
0.8728993
0.8727873
0.8735795
0.8600357
0.8510326
0.8605306
0.8664743
0.8677002
0.8750047
0.8645156
0.8521666
0.8773247
0.8765455
0.8808597
0.8829265
0.8667374
0.8450901
0.8548096
0.852573
0.8491863
0.8595885
0.8672227
0.859458
0.7944356
0.8709532
0.81551
0.8683667
0.8514379
0.861729
0.870918
0.8536923
0.8539123
0.8509481
0.8501601
0.8490321
0.8507468
0.847481
0.8604897
0.8561129
0.8485324
0.8451034
0.8532725
0.8575005
0.8535434
0.8565075
0.8537384
0.8468455
0.8515824
0.8508557
0.8501919
0.8516962
0.8505848
0.8491396
0.8537403
0.849035
0.8492795
0.8508749
0.8516393
0.849313
0.6948092
0.8590988
0.8610401
0.8618034
0.8625721
0.8404031
0.746559
0.8600695
0.8662215
0.8519785
0.8675241
0.862398
0.8651152
0.855022
0.8555582
0.8537297
0.8574147
0.8177236
0.8088681
0.8385698
0.8444531
0.8533599
0.8637334
0.854716
0.6660666
0.8644068
0.8600399
0.859779
0.8678873
0.8735836
0.8652663
0.8671723
0.8664703
0.858707
0.8765005
0.8682751
0.8622627
0.8445401
0.8603387
0.8585204
0.855799
0.7912162
0.8515557
0.8602307
0.8483619
0.8313003
0.8435214
0.8580256
0.8478711
0.8470371
0.8507648
0.8562335
0.85425
0.8497614
0.8486523
0.8493356
0.8492132
0.8502927
0.8558343
0.8520781
0.8449724
0.8477951
0.8561603
0.8469191
0.8529092
0.8438339
0.8496224
0.8505259
0.8497785
0.8487651
0.8484359
0.8485728
0.8494037
0.8525526
0.850617
0.8766044
0.8682365
0.8771078
0.8652568
0.8443983
0.8494599
0.8486765
0.8517637
0.8229179
0.8483416
0.8556701
0.8567351
0.8521705
0.8338902
0.8541948
0.8548923
0.8490356
0.8224368
0.8165156
0.7552516
0.8534805
0.8496951
0.8491185
0.8481401
0.8574455
0.8576222
0.8667314
0.8707807
0.8779854
0.8817272
0.8674353
0.8542439
0.8656571
0.8657324
0.8551659
0.8666113
0.8652711
0.8591894
0.8571002
0.8519366
0.8506096
0.8667385
0.8512065
0.8604013
0.8457576
0.8562148
0.856587
0.8471313
0.8488276
0.8549302
0.8508706
0.8487325
0.850047
0.8502967
0.8533203
0.8519866
0.8546102
0.85028
0.8459821
0.8486261
0.8514509
0.8431574
0.8469904
0.8452349
0.8485499
0.8480679
0.8480136
0.8461684
0.8488346
0.8456617
0.8470686
0.8609061
0.8587018
0.8656867
0.8466609
0.8625512
0.8471182
0.8620768
0.8651132
0.8575675
0.8588129
0.86654
0.8508952
0.8551287
0.8473934
0.8714602
0.853068
0.8540829
0.8589255
0.8568159
0.8418287
0.8435688
0.8494864
0.8522365
0.8663633
0.8532917
0.8622911
0.8643519
0.8669654
0.8714126
0.8631008
0.8632631
0.8745701
0.8725065
0.8495709
0.8646113
0.8645649
0.8507118
0.8610666
0.861599
0.8595687
0.8590493
0.8468363
0.8550118
0.8650743
0.8465364
0.8488701
0.6905225
0.8546398
0.8470615
0.8374564
0.8417318
0.8463226
0.8413683
0.8415977
0.8458824
0.8368361
0.8489824
0.8434697
0.8499357
0.8433542
0.8380668
0.8431328
0.8483493
0.8384819
0.8414988
0.8430334
0.8405294
0.8435656
0.8418868
0.838547
0.8404357
0.8397873
0.8396317
0.8603854
0.8520188
0.8656711
0.854994
0.87169
0.8465946
0.857548
0.8621694
0.8619845
0.856986
0.8565865
0.8567072
0.8579964
0.8501655
0.8646352
0.8435186
0.8582295
0.8563557
0.8588497
0.8418515
0.8391175
0.8488501
0.856155
0.8485803
0.8510475
0.8673496
0.8619577
0.8622224
0.8659033
0.8832194
0.882169
0.8826637
0.8749816
0.8650442
0.8814146
0.8776606
0.840358
0.8760976
0.6389147
0.8707846
0.7909041
0.8573922
0.8737095
0.8773979
0.8340404
0.8597967
0.8571961
0.8626481
0.8373113
0.8348028
0.8319897
0.8488884
0.8378236
0.830086
0.8366174
0.8378501
0.8372374
0.8398673
0.8393687
0.8370317
0.8292292
0.8321898
0.8365385
0.8320873
0.8338396
0.8396465
0.8341611
0.8315337
0.834993
0.8331563
0.8390878
0.8389673
0.8398671
0.8683886
0.7921897
0.8828053
0.8625771
0.884707
0.8686379
0.8678679
0.875105
0.8722996
0.8695861
0.870222
0.8718769
0.8728091
0.8572817
0.8838361
0.8376277
0.8669376
0.8701477
0.863465
0.8516502
0.852075
0.8597251
0.8704102
0.8713004
0.8654782
0.8747765
0.8721324
0.8712161
0.8767103
0.8711473
0.874691
0.8794836
0.8747485
0.8552196
0.8663445
0.8716693
0.8557594
0.8703907
0.8630654
0.8626918
0.8654892
0.8532504
0.8591571
0.8722249
0.8501677
0.8551858
0.7375786
0.8610831
0.8469125
0.8442657
0.8452385
0.856206
0.8496658
0.8472475
0.8495311
0.8432289
0.8520893
0.8548533
0.8539923
0.8532771
0.8432375
0.8493637
0.8555723
0.8459046
0.8435561
0.8471432
0.8414416
0.8446919
0.8494896
0.8409662
0.8459994
0.8426053
0.8476711
0.8647275
0.8586668
0.8712912
0.8537237
0.8736058
0.8542844
0.8622334
0.865535
0.8714873
0.8664465
0.870651
0.8600304
0.8615037
0.8523719
0.8776523
0.8450079
0.860438
0.8669652
0.865299
0.8489807
0.8496255
0.8586657
0.8607202
0.8608557
0.8575569
0.8688686
0.8695685
0.8678033
0.8766643
0.8732797
0.8765111
0.8849681
0.8775978
0.8600753
0.8680668
0.8763421
0.8575065
0.8711557
0.8650455
0.8667366
0.8677395
0.8570681
0.8646955
0.8722578
0.8566904
0.8588417
0.7437536
0.8622316
0.853697
0.8478113
0.8441037
0.8530731
0.8520601
0.8424362
0.850592
0.8497182
0.8507194
0.8500714
0.8520981
0.8501335
0.8470993
0.8499493
0.8513046
0.844106
0.849233
0.8462643
0.8451396
0.8474858
0.84908
0.8447996
0.8466928
0.8456442
0.8480081
0.867151
0.8596763
0.8734257
0.8601266
0.8745117
0.85437
0.8656779
0.8673224
0.8682425
0.8668483
0.8683388
0.8611615
0.8649548
0.8574275
0.8783809
0.8507468
0.8657888
0.8667291
0.8663136
0.8515898
0.8504391
0.8635989
0.8641906
0.8640407
0.8592264
0.8724036
0.8688525
0.8662118
0.8788373
0.8747464
0.8749258
0.8804552
0.874483
0.862
0.8757418
0.8740579
0.8751101
0.8651436
0.8777465
0.8711547
0.8732126
0.8647939
0.869769
0.8811769
0.8705957
0.8649122
0.8636583
0.864348
0.8636397
0.8706738
0.865327
0.8701632
0.8690918
0.8632862
0.8657284
0.8680857
0.871469
0.8690595
0.8724045
0.8679176
0.8696969
0.8654173
0.870564
0.864636
0.8700844
0.8681453
0.8663392
0.8651698
0.8679836
0.8668856
0.8673789
0.8685514
0.8651789
0.8669766
0.8691359
0.876181
0.8746294
0.8791691
0.8602822
0.8642674
0.8667747
0.8674345
0.8426228
0.8744609
0.8695555
0.871345
0.8704437
0.8676785
0.8645705
0.8702679
0.8696348
0.8665687
0.8560703
0.8626994
0.8669888
0.8706118
0.8610139
0.8642254
0.8770394
0.8506794
0.8541393
0.8527225
0.8657096
0.8878322
0.8927499
0.8890477
0.870102
0.8820498
0.866866
0.8782238
0.8836448
0.8886341
0.8837347
0.8919977
0.8818255
0.8902923
0.8950214
0.8834458
0.8893818
0.8775217
0.87379
0.8811261
0.8725839
0.8806107
0.8832811
0.8798799
0.8785174
0.8788446
0.8783977
0.881578
0.877635
0.8806704
0.8770447
0.8768487
0.8773668
0.8765782
0.8758412
0.8710298
0.8805768
0.8750322
0.8740454
0.8750414
0.8717077
0.8729825
0.876001
0.8798061
0.878902
0.8884348
0.7656982
0.8774454
0.7631891
0.8683044
0.886269
0.8850751
0.8900399
0.880161
0.8913908
0.8940606
0.8928389
0.8788953
0.8960903
0.8792746
0.8894885
0.8819069
0.8858536
0.8791482
0.8801341
0.8837672
0.8940979
0.8830928
0.8778632
0.8936319
0.8816278
0.8869339
0.8834084
0.8690894
0.8750047
0.8794552
0.8758634
0.8522883
0.8737093
0.8687193
0.8603375
0.8602432
0.8547836
0.8690282
0.8604634
0.8466007
0.8507411
0.8614633
0.8542488
0.8421888
0.829557
0.8550758
0.8523579
0.8477453
0.8458916
0.852774
0.8488151
0.8447364
0.8474906
0.8468235
0.8527456
0.8527456
0.851478
0.8524166
0.8477745
0.8517477
0.858333
0.8466974
0.8446848
0.8482498
0.846451
0.8421477
0.8567045
0.8466361
0.851042
0.8458587
0.8447205
0.8624416
0.8542939
0.8771252
0.8642532
0.8729751
0.8602291
0.8608297
0.8578015
0.8558713
0.8575298
0.8598624
0.8509422
0.8521626
0.8550487
0.8631242
0.8412815
0.8521613
0.8645473
0.8627044
0.8417963
0.8417112
0.8411888
0.8496938
0.8473288
0.8606274
0.8533762
0.8579984
0.8603297
0.8703248
0.8731505
0.8774143
0.885089
0.8801278
0.8598499
0.8702454
0.8753126
0.8568304
0.8660707
0.8679048
0.8667295
0.8601808
0.8539733
0.8632133
0.873381
0.8578257
0.857609
0.8398267
0.8609572
0.8541163
0.8472291
0.8510308
0.8603494
0.8513845
0.8501497
0.8551069
0.8495893
0.8556631
0.8567827
0.8557098
0.8547779
0.8474776
0.8524262
0.8537912
0.8525816
0.8494497
0.8494367
0.8539173
0.8532658
0.8541572
0.8484032
0.8546674
0.8495212
0.8473848
0.8662442
0.858751
0.8732552
0.865221
0.8731242
0.854624
0.8664839
0.8636381
0.8693499
0.8623084
0.8713463
0.8658158
0.8660449
0.859728
0.8696908
0.8479409
0.8626221
0.864023
0.8663466
0.8497103
0.8488968
0.8530598
0.8683131
0.860944
0.8629397
0.8679403
0.872439
0.8679929
0.8723979
0.8706386
0.8732442
0.877576
0.8738946
0.8560036
0.8777554
0.8678696
0.870902
0.8645711
0.8727058
0.863361
0.8720797
0.8553332
0.8685541
0.8772913
0.8665119
0.8676141
0.8625743
0.8582254
0.8632791
0.8602883
0.8623932
0.8677558
0.8641008
0.8619905
0.8674011
0.8599828
0.8630917
0.8603775
0.8645853
0.8616744
0.8610394
0.8681347
0.8670999
0.8593357
0.8640784
0.8629162
0.8610023
0.8625331
0.8653789
0.861898
0.8619393
0.8602126
0.8562695
0.8644042
0.8668094
0.871749
0.8747516
0.8751443
0.8579067
0.8564825
0.8661823
0.8667564
0.8233376
0.8660941
0.8633808
0.8671075
0.8694923
0.8690239
0.8606647
0.8678467
0.8607404
0.8594786
0.8506843
0.8563984
0.8606819
0.8672861
0.8611059
0.8609796
0.8730403
0.8342045
0.8391509
0.8446576
0.8727992
0.8674054
0.8743412
0.8663088
0.8608845
0.8835515
0.866469
0.8634356
0.8510213
0.8650272
0.8666416
0.854488
0.7924686
0.845118
0.8576648
0.8524098
0.8304323
0.8493889
0.8624113
0.8491937
0.8531069
0.8511459
0.85874
0.8541769
0.8485686
0.8531418
0.8493596
0.8541314
0.8504966
0.8501456
0.8519036
0.8461977
0.8550817
0.8612422
0.8513883
0.8539953
0.8497294
0.8540262
0.8515132
0.8561173
0.8516533
0.8532224
0.8529022
0.8478137
0.8570665
0.851089
0.8834567
0.8728215
0.8787766
0.8685947
0.8514653
0.8460869
0.8421194
0.855676
0.8185333
0.8459231
0.8493297
0.86351
0.8531098
0.8340356
0.8499507
0.8629102
0.8551131
0.8222309
0.8248588
0.7908541
0.8497231
0.8473338
0.8565649
0.8482897
0.8545573
0.8562821
0.8715816
0.8848219
0.8826733
0.8863553
0.8768087
0.8670056
0.8845503
0.8831735
0.8408584
0.8714804
0.3990725
0.8734627
0.7830353
0.8646822
0.8713724
0.8806445
0.8331164
0.861577
0.8570576
0.8648649
0.8430649
0.8370725
0.8363416
0.8520849
0.8465517
0.837754
0.8375567
0.8421528
0.8392284
0.8424619
0.8399562
0.8420418
0.8386461
0.8383713
0.842736
0.8378224
0.8433036
0.8374673
0.8405102
0.8434711
0.841286
0.8420934
0.8432942
0.8433667
0.8483302
0.8721008
0.7937976
0.8841254
0.8670103
0.8842696
0.8731368
0.8726525
0.8715223
0.870674
0.8702559
0.873512
0.8669034
0.8700996
0.8651239
0.8807802
0.8328354
0.867061
0.8743709
0.8702794
0.852069
0.8522339
0.8605259
0.8702432
0.868308
0.8691624
0.8728475
0.8752319
0.8750189
0.8794049
0.8695078
0.8398068
0.8421134
0.8512206
0.8559675
0.8654161
0.8627779
0.8661619
0.7833539
0.8691151
0.8170896
0.8708941
0.8530687
0.8567542
0.8693722
0.8561591
0.8551518
0.8546868
0.8557955
0.8515074
0.8532184
0.8476788
0.8589424
0.8578507
0.8470102
0.8552557
0.85472
0.8521154
0.8534676
0.8598888
0.854794
0.8508792
0.8522952
0.8587068
0.8493713
0.8522797
0.8526588
0.8541453
0.8510411
0.856948
0.8536724
0.8546827
0.8525741
0.8516131
0.736091
0.8598431
0.8669092
0.8676068
0.8713913
0.8522078
0.7043532
0.8550582
0.8574264
0.8566845
0.8573279
0.8589463
0.8576606
0.8626342
0.8593738
0.8491953
0.8526673
0.8214384
0.8133108
0.8396929
0.8405531
0.8521402
0.8614745
0.8510943
0.7353467
0.8653581
0.858903
0.8648417
0.8655951
0.8653234
0.8863796
0.8914831
0.8858058
0.8681771
0.8810718
0.8601657
0.8818626
0.8831251
0.8828809
0.879238
0.8861688
0.8841343
0.8791964
0.8845604
0.8835905
0.8841259
0.8749584
0.8692547
0.8818005
0.8767133
0.8776992
0.8811378
0.8790737
0.8790263
0.8802995
0.8828437
0.8865336
0.8774414
0.8843747
0.879202
0.8791375
0.8807518
0.8773759
0.8773895
0.8783515
0.8821544
0.8771129
0.8807932
0.8800881
0.8779384
0.8792338
0.8734304
0.87908
0.8787494
0.885298
0.7766229
0.8819373
0.7790905
0.867921
0.8804568
0.8848947
0.885002
0.8760625
0.8869482
0.8839633
0.8866468
0.8796556
0.8890186
0.8802859
0.8815959
0.8774357
0.8813756
0.8747665
0.881527
0.8792018
0.8849463
0.8785301
0.8754399
0.8819774
0.8839289
0.8851517
0.8838009
0.8590688
0.8856952
0.8912291
0.8852871
0.8667535
0.8764268
0.8580399
0.8781912
0.8802864
0.8860398
0.8745419
0.8840628
0.87457
0.8826063
0.884655
0.8787034
0.8852919
0.8727266
0.8694346
0.8782567
0.8728206
0.8735722
0.8765691
0.8751385
0.8769947
0.8747919
0.8736776
0.8792119
0.8734037
0.8804832
0.8733057
0.874016
0.8745521
0.8732483
0.8727848
0.8710085
0.875
0.8721905
0.8740785
0.875037
0.8735696
0.8735114
0.8716938
0.8725039
0.8741914
0.8791619
0.7689168
0.8791035
0.7698974
0.8648025
0.877339
0.879042
0.8866192
0.8773052
0.8826093
0.881728
0.886501
0.8779085
0.8872786
0.8771179
0.8873033
0.8750374
0.8763617
0.8714538
0.8756523
0.8789915
0.8882941
0.8808288
0.8687162
0.8842388
0.8831087
0.8777659
0.8807418
0.8625874
0.8866445
0.8921986
0.8835192
0.8667435
0.8805003
0.8577419
0.8780803
0.8824716
0.8868138
0.8794558
0.8876892
0.8779868
0.8828608
0.8886978
0.8794229
0.8860745
0.8741285
0.868582
0.8765728
0.8752639
0.8795669
0.8831933
0.8782586
0.8792418
0.8798574
0.8751107
0.880705
0.8775315
0.8828343
0.8780973
0.8752037
0.8812143
0.8752263
0.8761072
0.8757068
0.8781288
0.8771199
0.8782061
0.8766724
0.8767467
0.8779241
0.8743933
0.8769378
0.877415
0.8815051
0.7755623
0.8777132
0.7765465
0.8643664
0.8792495
0.8854806
0.8824638
0.8786104
0.8896585
0.8861294
0.8877697
0.8756311
0.8904208
0.8792995
0.8840319
0.8762718
0.8797929
0.8769133
0.879994
0.8804147
0.8864853
0.8800865
0.8734605
0.8813211
0.8830309
0.8844931
0.8792123
0.8587453
0.8787687
0.8859954
0.8830362
0.8610072
0.8785015
0.8559845
0.8744672
0.8744395
0.8856483
0.8759895
0.881374
0.8731716
0.8789617
0.884795
0.8769683
0.8771773
0.8696349
0.8649061
0.8723665
0.8671548
0.8633915
0.8760495
0.872993
0.8715113
0.8647338
0.869683
0.8734641
0.8702027
0.8742409
0.8698091
0.8687852
0.8662797
0.8684436
0.8679154
0.8690099
0.8680623
0.8696105
0.8678065
0.8698333
0.8704515
0.8712343
0.867289
0.8671415
0.871792
0.8777156
0.6091286
0.8743579
0.5776265
0.8680349
0.8719219
0.8741734
0.8824335
0.871239
0.879523
0.8782339
0.882688
0.8750883
0.8840024
0.8734451
0.8795937
0.8745514
0.874429
0.8712611
0.8707963
0.8731527
0.8807922
0.8740376
0.8681377
0.8812467
0.8733521
0.8748231
0.8804267
0.863059
0.8824338
0.8865214
0.883196
0.869562
0.8774131
0.8533662
0.8843021
0.8791695
0.8857216
0.8768726
0.8832149
0.8738033
0.8744398
0.8831059
0.8782218
0.8790544
0.8742999
0.8711802
0.8794316
0.8728886
0.8756377
0.8823013
0.8764873
0.8778843
0.8772622
0.8764004
0.8800529
0.8757148
0.8792208
0.8754107
0.8735811
0.8762754
0.877761
0.8745685
0.8727529
0.8760621
0.8739692
0.8753095
0.8770915
0.8745936
0.8729537
0.8725174
0.8751156
0.8751032
0.8790124
0.7736998
0.8792856
0.7747326
0.8703467
0.8729524
0.8807864
0.8792394
0.8750279
0.8819209
0.8771445
0.8784575
0.8777197
0.8819197
0.8765533
0.8763596
0.8753544
0.879967
0.8751963
0.873267
0.8798399
0.882076
0.8742969
0.8740568
0.8778849
0.8805397
0.8807705
0.8785929
0.8588962
0.8792712
0.885071
0.882036
0.8689951
0.8868768
0.8503701
0.8850701
0.8730583
0.8869714
0.8823246
0.8818188
0.8760541
0.8705768
0.8758776
0.8764341
0.8749721
0.8730588
0.8704874
0.8743863
0.8697607
0.8728174
0.8800073
0.877608
0.8753641
0.8758611
0.8719255
0.8771698
0.8774175
0.8798398
0.8767022
0.8730506
0.8757035
0.8806902
0.8755368
0.874432
0.8737437
0.8753088
0.8746955
0.8798987
0.8756402
0.8757865
0.8746995
0.8735029
0.8719008
0.8784724
0.8158945
0.8803547
0.8163497
0.880366
0.8695586
0.8694012
0.8710543
0.8729025
0.8756623
0.8731983
0.8721575
0.8740163
0.8724299
0.868915
0.8709043
0.8758236
0.8763901
0.8661474
0.8672046
0.8672302
0.8712967
0.8716467
0.874068
0.8740086
0.8746774
0.8759522
0.8797597
0.8590115
0.8841576
0.8862917
0.8823183
0.8641361
0.8858768
0.8554449
0.8839991
0.8736159
0.8867553
0.8810775
0.8814043
0.876181
0.8721047
0.8751338
0.8734714
0.8748933
0.8687124
0.8710819
0.8720638
0.8695217
0.8739899
0.8802498
0.875877
0.8730446
0.8742495
0.8710189
0.8724095
0.8736555
0.8777378
0.8745121
0.8725577
0.8730579
0.8793306
0.8738339
0.8770471
0.872419
0.8756854
0.874825
0.8781284
0.8734056
0.8742182
0.8719553
0.8693365
0.8768811
0.8778467
0.8176569
0.8809245
0.8100205
0.8781541
0.8736514
0.8695813
0.8740397
0.8750834
0.873958
0.8758531
0.8777548
0.8763546
0.8732555
0.8705733
0.8726277
0.8772874
0.8784963
0.8684615
0.8697743
0.8668659
0.8721065
0.870048
0.8757564
0.8727034
0.8777836
0.8777904
0.8816203
0.8717834
0.8730016
0.8765418
0.8708428
0.8431172
0.8717584
0.860006
0.8601921
0.8553109
0.8694606
0.8662315
0.8625642
0.8558643
0.8616625
0.8734786
0.8601693
0.8573315
0.8530731
0.84453
0.8554501
0.8494502
0.8566502
0.8636954
0.8580496
0.8530694
0.8577572
0.8530272
0.8569826
0.8562982
0.8580995
0.8558052
0.8499131
0.8532984
0.860854
0.8538038
0.8574961
0.8505067
0.8532747
0.8568807
0.857757
0.8579121
0.8586409
0.8527573
0.8555993
0.8586833
0.8553934
0.8696545
0.8719802
0.8704022
0.8639946
0.8514555
0.8467511
0.865709
0.8565988
0.8575351
0.8588743
0.8635546
0.8643028
0.8641643
0.8473221
0.8568533
0.8632398
0.8597547
0.8499581
0.8502065
0.8545413
0.8627407
0.8558398
0.8557081
0.862362
0.8591341
0.8561639
0.8681138