0.9086278
0.931346
0.9269641
0.9150687
0.9437197
0.9151031
0.9328942
0.9156404
0.9099181
0.9129752
0.9129458
0.9149771
0.9306503
0.9666649
0.9346454
0.902959
0.9284199
0.9258715
0.9666079
0.9149355
0.9131407
0.9293133
0.909315
0.909001
0.9184969
0.921348
0.9399659
0.9480295
0.9500636
0.947041
0.9236599
0.9291637
0.9451271
0.9452277
0.9233578
0.933117
0.9520492
0.9612588
0.9228155
0.9278713
0.9217881
0.9229595
0.9349852
0.9228645
0.9214574
0.9228926
0.9305743
0.9412578
0.9329917
0.9333759
0.9297864
0.9326613
0.9389798
0.9182502
0.9278238
0.9095192
0.9751478
0.9119227
0.9382957
0.929328
0.936966
0.9518656
0.9122963
0.9156893
0.9213322
0.9380421
0.9174919
0.9365097
0.9265843
0.9201833
0.916106
0.9389706
0.9336389
0.9130871
0.9273423
0.914369
0.9237794
0.9163413
0.9096791
0.9098894
0.9221194
0.9366143
0.9261733
0.942519
0.9175129
0.9196597
0.9473574
0.9299249
0.9268064
0.9180206
0.9295164
0.9165871
0.9294731
0.9562649
0.919891
0.9228755
0.9306861
0.9266793
0.9219457
0.9397089
0.7558977
0.78085
0.7979624
0.7794114
0.7999211
0.8075622
0.7906851
0.7537771
0.7675437
0.783971
0.7572974
0.7981477
0.7851305
0.8820534
0.8117381
0.7721739
0.7787243
0.778636
0.8793091
0.7903096
0.7845318
0.820447
0.5118466
0.6931468
0.8156663
0.7844004
0.7912767
0.8760695
0.8584632
0.8118024
0.807857
0.8420306
0.8171198
0.8265134
0.7729306
0.7732095
0.8327517
0.8792579
0.8124516
0.7855891
0.7908763
0.7857813
0.7964986
0.8115145
0.7963646
0.8187031
0.7693843
0.7932133
0.7909731
0.7905935
0.795907
0.790574
0.8458986
0.8062607
0.8109322
0.7674746
0.922133
0.7583286
0.8341441
0.7673247
0.7959325
0.8198201
0.730711
0.7899484
0.8039362
0.7951209
0.8183316
0.8042198
0.7660706
0.7927825
0.7922667
0.7949214
0.771731
0.2861665
0.8211175
0.8146386
0.8157077
0.7130117
0.6996254
0.7009769
0.7054714
0.8134124
0.7840053
0.8182693
0.7555654
0.8063003
0.8344358
0.8315226
0.8199722
0.8271874
0.79382
0.7820689
0.8323338
0.8402062
0.82473
0.8245044
0.8118989
0.8205315
0.8327182
0.8038018
0.8482372
0.8598253
0.8610778
0.8627004
0.8757435
0.8599102
0.864938
0.8448312
0.8469896
0.8546254
0.8501656
0.8558284
0.8574315
0.9175885
0.8737219
0.8622618
0.8580873
0.8582252
0.9193269
0.8532254
0.8468381
0.8714704
0.8429118
0.8472571
0.8746499
0.8526587
0.8680821
0.9072174
0.9046358
0.8793707
0.8542616
0.8689439
0.8840942
0.8839854
0.8503944
0.8556541
0.8913514
0.9143824
0.8798633
0.8763362
0.875044
0.8738872
0.8676471
0.8652102
0.8543269
0.869222
0.8519921
0.868962
0.8632679
0.8636907
0.8655125
0.8630914
0.8834315
0.8564672
0.867028
0.8506377
0.9430848
0.8446914
0.8863903
0.8478994
0.8716962
0.8865557
0.8515578
0.8545075
0.8716319
0.8693527
0.8673408
0.87241
0.8472375
0.8603913
0.8553744
0.8698031
0.8573616
0.846836
0.8688007
0.877257
0.866553
0.8632179
0.8535038
0.8549853
0.8600407
0.8718672
0.8595405
0.8803744
0.8368821
0.8600472
0.8814727
0.8789511
0.8785846
0.8809766
0.865667
0.8699778
0.8850886
0.900411
0.8805979
0.8680429
0.8714348
0.8689803
0.8877612
0.8760098
0.8122175
0.7269337
0.7767391
0.8197586
0.6745708
0.8123338
0.7295057
0.7770232
0.8064617
0.8304285
0.7941159
0.8124203
0.722501
0.8062194
0.7596976
0.8697217
0.7311569
0.7361757
0.8059175
0.8027809
0.7939258
0.7944142
0.8022624
0.8273936
0.8367224
0.7245234
0.7158073
0.879089
0.8325646
0.7197675
0.8284125
0.8616742
0.7398735
0.768391
0.7561688
0.6842848
0.741068
0.8344126
0.8545979
0.7936255
0.8217503
0.8096818
0.7250076
0.8082167
0.7855635
0.8187161
0.720265
0.677739
0.7288653
0.7274789
0.7659981
0.7288238
0.8403448
0.8080797
0.7843115
0.8149157
0.8891078
0.7887518
0.8379983
0.7125739
0.7458742
0.6858715
0.8410403
0.7989303
0.8430251
0.6981686
0.8289902
0.7286879
0.7285817
0.7971604
0.8039463
0.689215
0.6963489
0.8032461
0.8002449
0.8348422
0.8166875
0.8457656
0.8318664
0.8258348
0.8107927
0.7505636
0.738957
0.7902929
0.7437212
0.8188255
0.7706778
0.8136512
0.8176317
0.8466057
0.7607332
0.8616771
0.8358741
0.7410972
0.8448541
0.8224373
0.7867531
0.8024954
0.8543382
0.722906
0.9798688
0.9787095
0.9807235
0.981044
0.9809817
0.979982
0.981289
0.9764694
0.9778533
0.9791579
0.9779145
0.9805554
0.9794673
0.9829829
0.9807161
0.9797679
0.9796019
0.9790113
0.9830485
0.9802476
0.9791471
0.980697
0.978953
0.9771654
0.9799381
0.980251
0.9797282
0.9854438
0.98136
0.9815875
0.9788374
0.9782442
0.9809915
0.9820509
0.979901
0.9784111
0.9819876
0.9821788
0.9814877
0.981375
0.9820925
0.9832353
0.980057
0.9824944
0.9808262
0.9812885
0.9775722
0.9797008
0.9803537
0.9803384
0.9806351
0.9805151
0.9790875
0.9794987
0.9804919
0.9795042
0.9860781
0.9780305
0.9808413
0.978063
0.97955
0.9812047
0.97966
0.9786453
0.9814031
0.9791449
0.9815125
0.9808294
0.9770456
0.9786729
0.979533
0.9793997
0.9784063
0.9784076
0.9805223
0.9804835
0.9818373
0.9801112
0.9795213
0.979585
0.9793244
0.9807545
0.9801305
0.9808922
0.9771686
0.9793314
0.9800906
0.9816157
0.9792238
0.9778345
0.9794142
0.9813326
0.9791943
0.9828191
0.9808193
0.9801463
0.9810546
0.9815283
0.980702
0.9802734
0.9805797
0.9788446
0.9808723
0.9823244
0.980769
0.9794711
0.9803663
0.9766032
0.9787056
0.9803876
0.9780979
0.9796286
0.9791286
0.9825813
0.9801847
0.9800099
0.9794064
0.9792502
0.9828322
0.9795761
0.9791813
0.980371
0.9792218
0.9771625
0.9800569
0.9806103
0.9792593
0.984666
0.981198
0.9807007
0.9782694
0.9774562
0.9806424
0.981626
0.9791943
0.9781873
0.9814307
0.9819015
0.9822032
0.9820647
0.9823731
0.9835839
0.979852
0.9815436
0.9809328
0.9812343
0.977165
0.9795984
0.9796404
0.9796085
0.9799885
0.9796285
0.9799087
0.9798427
0.979726
0.9791544
0.9849931
0.9781712
0.9803436
0.9775341
0.9791705
0.9810874
0.980478
0.9781169
0.9809042
0.9791424
0.9809993
0.9800559
0.9757332
0.9787738
0.9789884
0.9791633
0.9779355
0.9792438
0.9801041
0.9807293
0.9811408
0.9793824
0.9783233
0.9789775
0.9784208
0.9801719
0.9802587
0.9804464
0.976517
0.9797821
0.9790545
0.9816839
0.9793522
0.9766174
0.9791631
0.9810958
0.9791138
0.9825501
0.9795724
0.9793199
0.9804546
0.9808273
0.9807849
0.9798141
0.8554439
0.8092914
0.8483921
0.8627556
0.7979041
0.8711205
0.8208541
0.8357019
0.8538455
0.868432
0.8429391
0.8671684
0.8227305
0.8445661
0.8427154
0.892835
0.8226251
0.822739
0.8432303
0.8578381
0.8534483
0.8636474
0.8463465
0.8639561
0.8796244
0.8406435
0.8036391
0.9009841
0.8666245
0.8071245
0.8604703
0.8800042
0.816614
0.8291856
0.8216915
0.7972608
0.8066656
0.8598121
0.8862951
0.8441452
0.8614671
0.8665741
0.8273094
0.871113
0.8595518
0.8777842
0.7999141
0.7930554
0.8219667
0.8211007
0.840097
0.8215487
0.8799364
0.8680536
0.8546523
0.8571655
0.9035363
0.8398447
0.874035
0.801217
0.8117338
0.7920086
0.8729086
0.8569367
0.8782881
0.8094153
0.8827805
0.8278905
0.8020826
0.8579127
0.8591886
0.804878
0.7880143
0.8458532
0.8668697
0.8814191
0.8733339
0.8734678
0.8644204
0.8583965
0.8481346
0.84038
0.8323522
0.8250665
0.8138053
0.872443
0.8245282
0.8725128
0.8671182
0.8866922
0.8344576
0.8908508
0.8796318
0.809339
0.8859544
0.877923
0.8538087
0.8686583
0.8918947
0.8098586
0.7454121
0.8373976
0.8203854
0.7846488
0.8626514
0.800807
0.8388905
0.7815271
0.7792653
0.7744405
0.7787948
0.7946514
0.8256706
0.9270205
0.8375782
0.7614353
0.8211738
0.8207255
0.9264191
0.793719
0.7892157
0.8272092
0.7598305
0.7469191
0.8331828
0.8130306
0.8555611
0.8905635
0.8899795
0.8707789
0.8256538
0.8534912
0.8754435
0.8762015
0.8158046
0.8354257
0.8912959
0.9169716
0.8113652
0.8230213
0.8017022
0.7935678
0.8345392
0.8068269
0.7981511
0.8154431
0.8301904
0.8573444
0.8383401
0.838281
0.828001
0.8375071
0.8657352
0.8074313
0.8290766
0.766192
0.9466695
0.7773607
0.8613598
0.8292184
0.855153
0.8828525
0.7530489
0.7954303
0.7962764
0.8501993
0.8091529
0.8484508
0.8247104
0.8167386
0.7957202
0.8518069
0.8416308
0.7622961
0.8302134
0.8312039
0.8147507
0.7700799
0.7565404
0.7596692
0.7797966
0.8434181
0.8194545
0.8696258
0.8054303
0.7987132
0.8850524
0.8360791
0.8541488
0.8440291
0.8396507
0.7804381
0.8607161
0.8969583
0.8393409
0.8201513
0.8371022
0.829443
0.8486958
0.8636959
0.8660505
0.9027174
0.8929607
0.8753502
0.9244827
0.8709514
0.9077967
0.8763234
0.8663626
0.8659152
0.8711138
0.8749797
0.8986552
0.9612131
0.9074902
0.8591989
0.8973662
0.8968746
0.960994
0.8713625
0.873859
0.8993426
0.8606539
0.8586669
0.8773452
0.8861048
0.9156123
0.9254456
0.9324515
0.9267967
0.8896434
0.899025
0.9276047
0.9254291
0.8911148
0.9046575
0.9375238
0.9513156
0.8832519
0.8988695
0.8864787
0.8857007
0.9082093
0.8857729
0.8822876
0.8875213
0.9008868
0.9211576
0.9049899
0.9046323
0.897377
0.90472
0.906264
0.8750609
0.8971521
0.8640055
0.9714966
0.8704313
0.9093179
0.8966463
0.9099265
0.9365408
0.8615323
0.8729494
0.885783
0.9155127
0.8758772
0.9101383
0.8943502
0.8789915
0.8735117
0.9168218
0.908687
0.8629155
0.8940047
0.8756162
0.8885908
0.8734244
0.8647983
0.8667068
0.8815013
0.906543
0.8946545
0.9198357
0.8778562
0.8816219
0.9292773
0.9006658
0.8951871
0.87963
0.8996348
0.8754559
0.8962015
0.9434734
0.8787261
0.8884752
0.8982519
0.8932681
0.8826436
0.9177898
0.9930133
0.9931381
0.9927967
0.9932441
0.9939098
0.9928726
0.9935772
0.9933888
0.9927474
0.9939456
0.9933331
0.9924125
0.9933136
0.993644
0.9934603
0.9928374
0.9937205
0.9933077
0.9940688
0.992711
0.99363
0.9930065
0.991676
0.9919638
0.9926039
0.9923225
0.9932656
0.9935754
0.9942308
0.9936024
0.9919097
0.9911478
0.9937495
0.9935336
0.9933883
0.9931099
0.9937893
0.993057
0.9940517
0.9928541
0.9927611
0.9929947
0.9932052
0.9933657
0.9939455
0.9931702
0.9939774
0.9938815
0.9932789
0.9932828
0.994056
0.9932235
0.9941888
0.9926764
0.9932132
0.9925855
0.9957423
0.9928701
0.9941248
0.9935676
0.9932825
0.9937176
0.9924167
0.9931422
0.9938475
0.9938279
0.9925075
0.9932029
0.993676
0.9929942
0.9931386
0.9938885
0.9934145
0.9920216
0.9929067
0.9925333
0.9929723
0.9926799
0.9914833
0.992122
0.9923506
0.9938797
0.9929993
0.9935752
0.9923833
0.9945009
0.992736
0.9932922
0.9924287
0.9929041
0.992339
0.994497
0.9935229
0.994298
0.9934631
0.9931647
0.9925254
0.9925434
0.9934761
0.9925471
0.8258473
0.8287879
0.8351695
0.7835403
0.8296587
0.8500788
0.8289332
0.8089082
0.8273512
0.8328368
0.8173594
0.8387089
0.8257291
0.8818538
0.841724
0.8487144
0.8212275
0.820822
0.8829503
0.8421649
0.8363459
0.8524061
0.8204757
0.8382305
0.8584822
0.8324763
0.8299306
0.8848835
0.8766704
0.8415473
0.8452728
0.8790865
0.8478447
0.8571955
0.8184471
0.8196957
0.8615338
0.8887377
0.8321055
0.8000275
0.8107227
0.7733433
0.8345891
0.849369
0.8379674
0.853893
0.8241715
0.827465
0.8233113
0.8239957
0.8317028
0.8229145
0.8747659
0.8554937
0.8470862
0.8336315
0.9259277
0.8164803
0.8662015
0.819915
0.8350818
0.8381126
0.8393163
0.8412223
0.8440156
0.8303609
0.8626302
0.8452672
0.8199767
0.8404432
0.8424178
0.8283791
0.8220199
0.8243594
0.855305
0.8529968
0.8536127
0.8496849
0.8400457
0.8372906
0.8324664
0.8492622
0.8280361
0.8616571
0.8172734
0.8470614
0.8572772
0.8622632
0.8589635
0.869381
0.8378792
0.8416117
0.8675601
0.8619406
0.8649805
0.860326
0.8493969
0.8562546
0.8670163
0.83307
0.7549917
0.768778
0.7840024
0.7731267
0.7875787
0.7935043
0.7755064
0.5169706
0.5962341
0.6208311
0.4858933
0.7854906
0.7660342
0.8782925
0.797421
0.8058931
0.7603687
0.762397
0.8778116
0.77987
0.7697168
0.8074754
0.7549966
0.76986
0.8157553
0.7689698
0.7841847
0.8705302
0.8491966
0.8003339
0.8104547
0.846027
0.8096481
0.8213693
0.7616858
0.7553976
0.8264411
0.8749596
0.8066805
0.7848785
0.7863716
0.7763309
0.7814629
0.7958685
0.7751564
0.8069868
0.7597634
0.7798604
0.7715023
0.7720166
0.7825191
0.7715966
0.8425832
0.7968734
0.7972237
0.7626048
0.9225418
0.7472795
0.8362578
0.7547599
0.789527
0.8080927
0.7806003
0.7775717
0.7965354
0.7795528
0.8103898
0.7983019
0.7530621
0.7866615
0.7808548
0.7792797
0.7581065
0.7569538
0.8077682
0.8076217
0.804674
0.7967203
0.776747
0.7738046
0.7744524
0.7974958
0.7671818
0.8194397
0.7446598
0.7933246
0.8243475
0.8154049
0.8164208
0.824838
0.7843308
0.8079191
0.8289603
0.8354007
0.8205771
0.8147231
0.8009458
0.8075153
0.8335277
0.7957122
0.91731
0.8827948
0.9066693
0.9166838
0.8867968
0.9193228
0.8960581
0.9077153
0.9143394
0.9232473
0.9117183
0.9157798
0.8994705
0.8937087
0.9047501
0.9328223
0.896513
0.8961164
0.8946382
0.916798
0.9108121
0.9128771
0.91048
0.9192893
0.9222692
0.9025063
0.8827852
0.9247285
0.9123717
0.8848365
0.903823
0.9158723
0.8904244
0.8948412
0.8969931
0.8881761
0.8902109
0.9031889
0.9304469
0.9062076
0.9190858
0.9182935
0.8986901
0.9190693
0.9142131
0.9227029
0.8885313
0.8855102
0.8964824
0.8960125
0.9041944
0.896873
0.916021
0.917248
0.9067568
0.9183863
0.9313172
0.9104338
0.9158871
0.8903816
0.8935428
0.8835326
0.9250491
0.9133899
0.9288475
0.8916757
0.9233404
0.8984977
0.8875158
0.910758
0.9140736
0.8903543
0.8817294
0.9114784
0.9123275
0.9231546
0.9171395
0.921438
0.9202479
0.9166918
0.9109792
0.8978082
0.9020151
0.9009996
0.8930191
0.9223493
0.883462
0.9181722
0.9121619
0.9254167
0.9000188
0.9334533
0.919856
0.8917021
0.9268224
0.9198883
0.9070051
0.9130703
0.9288017
0.8849018
0.7802888
0.7505667
0.7902213
0.7987215
0.7942322
0.8001894
0.7819785
0.7679648
0.7843348
0.796211
0.7750276
0.7956814
0.7778179
0.8734992
0.8039953
0.8225638
0.771831
0.7733151
0.8756486
0.790461
0.7825666
0.8122362
0.7708555
0.790074
0.8110935
0.7767308
0.7721647
0.8702582
0.8573569
0.7932413
0.8064977
0.836152
0.8046835
0.8157216
0.760592
0.7656075
0.8176228
0.8732834
0.8263482
0.7976442
0.807882
0.7997184
0.7915114
0.8082785
0.7931286
0.8166186
0.74589
0.7877348
0.7852549
0.7852677
0.7918814
0.7851777
0.8200442
0.8007368
0.8035107
0.7860009
0.9216265
0.7711092
0.8337164
0.7343724
0.7868867
0.8081783
0.8017423
0.786525
0.8213922
0.7902726
0.8148089
0.8036662
0.7410513
0.7885264
0.7894685
0.7885868
0.7492804
0.7753162
0.8127157
0.8085747
0.8096177
0.8143575
0.7960452
0.7969826
0.7982133
0.8039903
0.7776961
0.8189964
0.7155543
0.8103396
0.8220814
0.8235798
0.8102682
0.8199019
0.7858517
0.8263681
0.8237428
0.8363764
0.8192655
0.8195034
0.8023579
0.8139529
0.8276443
0.7883865
0.8144891
0.766103
0.808972
0.8196143
0.7660014
0.8379351
0.7809012
0.7912675
0.8114877
0.8293915
0.8013977
0.8321884
0.7852325
0.8336908
0.8081347
0.8627034
0.7757687
0.7763239
0.8321491
0.8265981
0.8196605
0.8306112
0.8049799
0.8300731
0.8310483
0.7991518
0.7667251
0.8754398
0.8488398
0.7713263
0.8376071
0.8661806
0.7810717
0.8005107
0.7784372
0.7595424
0.7928417
0.8551893
0.8444646
0.7974499
0.8205331
0.8059344
0.7902055
0.8388121
0.8191167
0.8445094
0.758596
0.7621349
0.7827504
0.7814628
0.8011971
0.7816941
0.8442314
0.8379567
0.8260484
0.8173766
0.9059005
0.7984423
0.8415408
0.7578392
0.774151
0.7661255
0.8407835
0.8239573
0.8417934
0.7762598
0.8547839
0.8062194
0.7605797
0.8094126
0.8278987
0.7711865
0.7457756
0.8113364
0.838761
0.8284781
0.8417956
0.8463099
0.8331749
0.8282429
0.821446
0.8128274
0.7923124
0.8121129
0.7687269
0.8418529
0.799155
0.8446386
0.8248529
0.8439911
0.7907036
0.8556808
0.8398168
0.8002762
0.8406457
0.8521111
0.8195569
0.8403953
0.8475644
0.7617229
0.7694237
0.733635
0.7825129
0.7847679
0.7491934
0.8002048
0.7524307
0.7472369
0.7729141
0.7938303
0.7595627
0.797002
0.7491836
0.8459471
0.7845854
0.8292859
0.7431282
0.7446227
0.8457574
0.7872781
0.7760744
0.8073739
0.7574429
0.7861949
0.8085115
0.7594842
0.7481494
0.8696346
0.8412492
0.7562544
0.798288
0.8341461
0.7685039
0.7895345
0.7431197
0.7177821
0.7835936
0.855129
0.8232484
0.7813782
0.7930057
0.7938183
0.7599308
0.8046349
0.7839423
0.816991
0.7200702
0.7368826
0.7548707
0.7545105
0.775358
0.7545177
0.8287872
0.7983575
0.7923843
0.773407
0.9127162
0.7555894
0.8246349
0.7169956
0.7497717
0.7599375
0.8002903
0.7809464
0.8095442
0.7481908
0.8184128
0.7760909
0.7236553
0.7828527
0.7854788
0.7437867
0.7141673
0.7605233
0.808094
0.8081141
0.8100573
0.8087336
0.7924305
0.7894624
0.7780213
0.78175
0.7553727
0.7905803
0.7185988
0.8065068
0.7888154
0.8170727
0.8017899
0.8179846
0.7613897
0.826378
0.8207625
0.8002728
0.8209942
0.8195775
0.7936394
0.8086735
0.8298917
0.7489283
0.9893636
0.992583
0.9917916
0.9905525
0.9932811
0.9922377
0.991984
0.9898887
0.9916645
0.9906842
0.9915181
0.9915202
0.9918904
0.9940795
0.9921031
0.9903302
0.992816
0.9928163
0.9942743
0.9909301
0.9905215
0.9924143
0.9907577
0.9914115
0.990978
0.9912094
0.9926037
0.992991
0.9940527
0.9936342
0.9920886
0.991903
0.9938154
0.9940609
0.9918061
0.9917642
0.9939707
0.9940076
0.990813
0.9910825
0.9924604
0.9901871
0.9921096
0.9927313
0.9913436
0.9904889
0.992191
0.9930956
0.9923377
0.9925015
0.9920928
0.9924792
0.992204
0.9920215
0.9920731
0.9906925
0.9945402
0.9908922
0.9917603
0.9927498
0.9927327
0.9933555
0.991573
0.9916442
0.99038
0.992646
0.9917428
0.99307
0.9926155
0.992633
0.9915022
0.9926441
0.9929295
0.9910074
0.9925979
0.9912129
0.9912617
0.991112
0.9906894
0.9916195
0.9919767
0.992434
0.9926751
0.9932161
0.9916887
0.9910361
0.9931454
0.9919712
0.9925061
0.9911662
0.9920884
0.9895553
0.9926967
0.9942025
0.991702
0.9917437
0.9923682
0.9921398
0.9915735
0.9930577
0.9883428
0.9907013
0.9904258
0.9870199
0.9913903
0.9893674
0.9905169
0.987144
0.9879253
0.9883697
0.9881984
0.989734
0.9899705
0.9929402
0.9902766
0.988002
0.9889897
0.9892255
0.9931678
0.9884464
0.9880641
0.9902015
0.9876793
0.9877774
0.9896331
0.9899407
0.9911071
0.9900023
0.9930459
0.9914812
0.9904608
0.9909596
0.9912455
0.9916731
0.9898704
0.990228
0.9928075
0.9923497
0.9887564
0.990332
0.9907224
0.9886645
0.9902754
0.9890863
0.9900056
0.989739
0.9908096
0.9909777
0.9904215
0.9903361
0.9894837
0.9904714
0.9901701
0.9893288
0.9903023
0.9885834
0.9938068
0.9881217
0.9910577
0.9903783
0.9919262
0.9922346
0.9877075
0.9887282
0.9898668
0.9906639
0.9873963
0.9907439
0.9899005
0.9897107
0.9889362
0.9906988
0.9908483
0.9889863
0.9903725
0.9885307
0.9908051
0.9880891
0.9873312
0.9885803
0.9894349
0.9909535
0.9903297
0.9914475
0.9893446
0.98842
0.9921303
0.9902721
0.9903706
0.9894848
0.9904322
0.9882781
0.9903452
0.9927537
0.9882676
0.9902719
0.9905991
0.9903346
0.9894716
0.9917959
0.7852703
0.7719025
0.7651435
0.8032648
0.7680048
0.7587846
0.762086
0.770372
0.7846776
0.7987052
0.7769637
0.7758799
0.7061656
0.8727686
0.7318399
0.837357
0.7553459
0.756664
0.8727078
0.7682345
0.7522043
0.7225285
0.7848186
0.8008418
0.8282807
0.7358781
0.7867974
0.8748318
0.8579197
0.799095
0.8166541
0.8487604
0.8077972
0.8196869
0.7708765
0.7404806
0.82321
0.8743857
0.833667
0.8040905
0.8111281
0.7981884
0.7166868
0.7330635
0.7206507
0.7038273
0.7662004
0.7629041
0.7615559
0.7613042
0.7639202
0.7608932
0.8405433
0.7423392
0.7568066
0.7894343
0.9183664
0.781113
0.8411773
0.7590305
0.7974595
0.7959804
0.8077875
0.7675976
0.8239107
0.7272179
0.754673
0.774551
0.7650536
0.789111
0.7703423
0.7299193
0.7641806
0.7893381
0.7641529
0.824672
0.777055
0.8242169
0.8055043
0.8063963
0.8027255
0.766002
0.7099756
0.8209814
0.7576178
0.7276967
0.821423
0.767961
0.8296743
0.8366868
0.7875245
0.8318185
0.8421883
0.8283051
0.8369132
0.7535063
0.7856203
0.7638756
0.8451034
0.7974258
0.7781834
0.8414514
0.8330201
0.798707
0.8647897
0.8167156
0.8427946
0.7974783
0.7952741
0.7949368
0.7938557
0.8130763
0.8348653
0.922941
0.8473375
0.7423234
0.8318694
0.8296208
0.922693
0.8088667
0.8085727
0.8402702
0.725572
0.716526
0.8400862
0.8248283
0.856998
0.8884764
0.891094
0.8727963
0.8286095
0.8564855
0.8770375
0.875002
0.8248268
0.8404241
0.8906481
0.9142286
0.8205519
0.827494
0.8128523
0.8075499
0.8424639
0.8240768
0.8157153
0.8314336
0.8340993
0.8611332
0.8437338
0.8439336
0.8360594
0.8431218
0.866827
0.8268134
0.8415611
0.78835
0.9453743
0.7920968
0.8623004
0.8312265
0.8546322
0.8836656
0.7260127
0.8119438
0.8132893
0.8541217
0.8314433
0.851643
0.8289574
0.8255972
0.8111015
0.8557092
0.8435971
0.7180041
0.8415723
0.838232
0.8336406
0.7313162
0.7205513
0.7254134
0.7492122
0.8527676
0.826097
0.8675006
0.808467
0.8153978
0.8838085
0.8471944
0.855506
0.8464619
0.8479346
0.7670127
0.8625599
0.8960602
0.8479818
0.837902
0.8461814
0.8402017
0.8482532
0.8659336
0.7866653
0.7746722
0.796344
0.800332
0.7984717
0.8084323
0.7906751
0.7720755
0.7850268
0.7994604
0.777622
0.8039305
0.7855085
0.8729641
0.8120747
0.8178834
0.7781022
0.7768873
0.8742008
0.798823
0.7902011
0.8233434
0.772734
0.7892569
0.817373
0.7844617
0.7867962
0.8731519
0.8555552
0.8005717
0.8069723
0.8356154
0.8081409
0.8183117
0.7717158
0.7668306
0.8230823
0.8751097
0.8285617
0.8038173
0.8131823
0.8058534
0.7963071
0.8174595
0.8026968
0.8296108
0.7632975
0.7885191
0.7872093
0.7878646
0.7964055
0.7870109
0.840202
0.8097422
0.8120694
0.7909983
0.9221841
0.7706635
0.8344988
0.7573545
0.7883241
0.8106501
0.8028736
0.7924538
0.8241728
0.7925568
0.8219207
0.8083501
0.7588423
0.795347
0.7954658
0.7909374
0.7634714
0.7745259
0.8204692
0.817356
0.817756
0.808979
0.7939413
0.7923112
0.7942095
0.8095491
0.7843008
0.8164852
0.7482681
0.8170984
0.8196489
0.8347405
0.8193984
0.8251588
0.7921896
0.827915
0.8320004
0.8396873
0.8261065
0.8285404
0.8090573
0.8195737
0.8360374
0.7906943
0.7744671
0.7547271
0.7817573
0.7766435
0.7809718
0.7963808
0.7697194
0.7518532
0.7649219
0.7816243
0.7567316
0.7900974
0.7690168
0.8588639
0.7977154
0.8065185
0.7607028
0.7570654
0.8591707
0.788
0.7798224
0.8068066
0.7547282
0.7757915
0.8017971
0.770028
0.7719198
0.8583427
0.8492036
0.7855951
0.7843563
0.8288991
0.7957716
0.8067267
0.748788
0.7517693
0.8176894
0.8648645
0.8064779
0.765939
0.782038
0.7667318
0.7811549
0.8042069
0.7885945
0.8147423
0.7522098
0.7735946
0.7690553
0.7688137
0.778605
0.7682416
0.8281205
0.7997466
0.8007277
0.7767081
0.9225744
0.751838
0.8250772
0.7414283
0.771224
0.7945183
0.7910355
0.7849719
0.8046986
0.7757132
0.814755
0.7930278
0.7449349
0.7833487
0.7877027
0.774086
0.7450692
0.7584861
0.8080824
0.7974249
0.8028362
0.8005794
0.7806202
0.7760138
0.7749876
0.7985998
0.7707014
0.8065287
0.7347908
0.8063296
0.8060655
0.8199779
0.8049812
0.8132189
0.7743134
0.8026251
0.8195011
0.8277588
0.811044
0.8168646
0.7991422
0.8086554
0.8204221
0.7692025
0.8809143
0.8697049
0.8786367
0.8774697
0.8796729
0.8897132
0.8757559
0.8700444
0.875746
0.8788762
0.8722546
0.8829201
0.8748036
0.914427
0.8862906
0.8930746
0.8736848
0.8724862
0.9152185
0.8830112
0.8814994
0.8898374
0.8767022
0.8811175
0.8840372
0.8777858
0.8752911
0.0011023
0.9018942
0.8848044
0.8793228
0.9028075
0.8829855
0.8805711
0.866199
0.8733329
0.8924677
0.9100314
0.8868738
0.8728752
0.8781578
0.867694
0.8804274
0.8870467
0.8832452
0.8903589
0.8677732
0.8799071
0.8789682
0.8780774
0.8798959
0.8794383
0.8737316
0.8910966
0.8879352
0.8816055
0.9398368
0.8763162
0.8959136
0.8713165
0.8770436
0.884486
0.8880982
0.882912
0.8902668
0.8789831
0.8937067
0.8886256
0.8649339
0.8831234
0.8830237
0.8784561
0.8648776
0.8773863
0.89103
0.8812373
0.8925411
0.8880087
0.8829935
0.8826072
0.8841016
0.8871502
0.8765103
0.8897942
0.8642789
0.8867233
0.8871666
0.8919388
0.8876435
0.8938024
0.8774443
0.8877213
0.8939108
0.9018562
0.8911138
0.8945388
0.886812
0.8907067
0.8891678
0.8754641
0.802213
0.8329173
0.8002317
0.8238758
0.8420835
0.7713084
0.8199804
0.8070895
0.804591
0.8092808
0.8063767
0.7884275
0.7806604
0.9151441
0.7840563
0.8357025
0.8120015
0.8118002
0.9151662
0.7827216
0.777942
0.7619868
0.8138783
0.8165207
0.8530846
0.7833177
0.8494138
0.8907695
0.8908597
0.859555
0.837076
0.8591384
0.866672
0.8686138
0.8221739
0.8118891
0.878529
0.9069002
0.8449451
0.8407524
0.8277523
0.8202099
0.7927525
0.5582406
0.57848
0.7306104
0.8281944
0.8361733
0.8228874
0.8241437
0.8098604
0.822566
0.8633861
0.748136
0.7869346
0.8081274
0.9388242
0.8090387
0.8654079
0.82254
0.8520568
0.8642947
0.8197139
0.7853536
0.8293038
0.8122057
0.7669333
0.8222569
0.8215958
0.8195903
0.7855059
0.8162705
0.833208
0.814694
0.7777305
0.8478658
0.7898695
0.8358101
0.8234675
0.8251792
0.8311314
0.8133501
0.7756114
0.8696496
0.8098173
0.5414986
0.8764279
0.8025741
0.8583317
0.8630028
0.8360529
0.8347256
0.8654542
0.8820117
0.8577535
0.7487116
0.8177519
0.775422
0.8644522
0.8569964
0.8860929
0.8698283
0.8766446
0.8846018
0.8813196
0.8811733
0.8759075
0.8798764
0.8803901
0.8842795
0.8808077
0.8782053
0.875309
0.9026325
0.8844919
0.8973707
0.8751252
0.8750071
0.9040689
0.8785706
0.8814579
0.8887013
0.8793185
0.881157
0.8975772
0.8736042
0.8771706
0.913637
0.9082703
0.8809429
0.8661791
0.8888921
0.886391
0.8870157
0.8731947
0.8682597
0.8897129
0.9024753
0.9017946
0.8897083
0.8918375
0.8902681
0.8804975
0.888497
0.883314
0.8940101
0.8689994
0.8787481
0.8766835
0.8767572
0.8803415
0.8764764
0.8967394
0.8799707
0.8833196
0.8820612
0.9387997
0.8758767
0.8987455
0.8665929
0.8803557
0.8853442
0.8879129
0.8731075
0.9001896
0.8806122
0.8900396
0.8819745
0.8650331
0.8870392
0.8733229
0.8798418
0.8682505
0.8791107
0.8847024
0.900306
0.8854596
0.8885748
0.8822903
0.8817627
0.8840537
0.880438
0.8757897
0.888723
0.8622073
0.8934496
0.8773017
0.8917771
0.8960694
0.9026662
0.8800901
0.9055571
0.9023168
0.8980532
0.9048106
0.8867714
0.8873154
0.8835485
0.9060159
0.8812369
0.8682157
0.8157977
0.84743
0.8656893
0.813245
0.8733993
0.8243377
0.8461457
0.8606867
0.8741201
0.8511955
0.8656949
0.8302068
0.8433323
0.8485962
0.8974742
0.8306983
0.8310395
0.84437
0.8646694
0.8606883
0.8678693
0.8558656
0.8688626
0.8790566
0.8436288
0.8105392
0.9002245
0.8698567
0.8131575
0.8567804
0.8804024
0.8224553
0.8330112
0.831062
0.8069109
0.8214887
0.8579336
0.8877484
0.8523834
0.8678876
0.8615754
0.8342257
0.8743695
0.8612086
0.8825504
0.8093016
0.8056555
0.827449
0.82682
0.8458308
0.8282381
0.8777677
0.8688362
0.8560099
0.864026
0.9105376
0.8451294
0.8737523
0.810791
0.8209645
0.8047022
0.878235
0.858605
0.8848603
0.8209966
0.882756
0.8381124
0.8092553
0.8605052
0.8608217
0.8173398
0.7969191
0.8541879
0.8660813
0.8788057
0.8728849
0.8781522
0.8700524
0.8646913
0.8553178
0.8418416
0.8379382
0.8381509
0.8196194
0.8792488
0.8218943
0.8747792
0.8673332
0.8842264
0.8348706
0.8964533
0.8791124
0.8245816
0.8847486
0.8782049
0.8554231
0.8686891
0.8886849
0.8126776
0.7984777
0.8737087
0.8578333
0.8199073
0.894067
0.8369615
0.8724982
0.8233251
0.8161102
0.81146
0.8195798
0.8305473
0.8648834
0.9425976
0.8745313
0.738487
0.8604708
0.8608198
0.942736
0.8321943
0.8276266
0.8623091
0.7430007
0.7107663
0.867469
0.84936
0.8868208
0.901396
0.9067764
0.8999556
0.8421179
0.8699926
0.9016934
0.8992816
0.8538877
0.8718443
0.9147113
0.9336921
0.8390677
0.8603283
0.842436
0.8358389
0.8741967
0.8422738
0.8390713
0.848247
0.8659902
0.8913488
0.8747502
0.8745107
0.8650399
0.8740139
0.8836342
0.8439613
0.8627915
0.8035163
0.9558013
0.8231633
0.8807829
0.8679777
0.8857364
0.9108304
0.7292552
0.833931
0.8297848
0.8834725
0.8464021
0.879842
0.8602449
0.852053
0.8330981
0.8851091
0.8739962
0.7320579
0.8639283
0.8651438
0.8513257
0.7114606
0.7058327
0.7188296
0.7572289
0.8754647
0.857122
0.892557
0.8456026
0.8338912
0.9083667
0.8699723
0.8795139
0.8681718
0.8749775
0.7622302
0.8820339
0.9209832
0.8668013
0.8522024
0.8691437
0.8618711
0.8733548
0.8952117
0.8978387
0.8855124
0.887762
0.889836
0.8994068
0.8872754
0.8927579
0.8900583
0.8909791
0.8945199
0.8932655
0.8864177
0.8920868
0.9167616
0.9001537
0.9001507
0.8898595
0.8884082
0.9188519
0.8850205
0.8885837
0.8999843
0.8873992
0.8903589
0.9102598
0.8868364
0.8939569
0.9187518
0.9181035
0.8995676
0.8772832
0.8942632
0.9004906
0.8987952
0.8860848
0.8873061
0.9066033
0.9167015
0.9044467
0.900656
0.8995682
0.8985114
0.8975475
0.8979233
0.8951113
0.90078
0.8840557
0.897016
0.8917738
0.8915706
0.8930445
0.8913387
0.9066202
0.8888381
0.8958318
0.8910502
0.9474012
0.8873615
0.9077343
0.8818024
0.8947727
0.9029694
0.8957605
0.8841254
0.9085299
0.8969966
0.8953181
0.8993586
0.8796291
0.8981542
0.8839786
0.8966713
0.8840618
0.8887438
0.8947168
0.911267
0.8920971
0.8969819
0.8892159
0.8923588
0.8935409
0.8935304
0.8909153
0.9045184
0.8762688
0.8998728
0.8910783
0.9041389
0.90683
0.9118092
0.8943145
0.9097062
0.9117505
0.9131214
0.9118018
0.8923795
0.8975164
0.8926161
0.9159198
0.8971084
0.7754333
0.8297602
0.8273101
0.798707
0.8491845
0.8218072
0.8336355
0.78651
0.7912415
0.7963996
0.7863458
0.817639
0.8242063
0.9096073
0.8424482
0.7683766
0.8218538
0.8230155
0.9113163
0.8132584
0.8086153
0.841869
0.7397186
0.7436794
0.8403312
0.8149933
0.8424206
0.8856698
0.8827763
0.858039
0.8230546
0.8530137
0.8615131
0.8645151
0.8158178
0.8230086
0.8760639
0.9069582
0.8213661
0.8191064
0.8107695
0.8107755
0.8327838
0.8271406
0.8164873
0.8331112
0.8188173
0.8452326
0.8333487
0.8337236
0.8311891
0.8333886
0.8642077
0.8245018
0.8368918
0.7854097
0.9384478
0.7866461
0.8573876
0.8178396
0.8409641
0.8667294
0.7454458
0.815235
0.8152194
0.8395969
0.8321836
0.842904
0.8161462
0.8222228
0.816514
0.8402248
0.8259075
0.7385446
0.8379837
0.8367149
0.8339279
0.7609386
0.7501158
0.7529587
0.7637134
0.846297
0.8219494
0.8571049
0.7985048
0.8190997
0.8710421
0.8500661
0.8492371
0.8488956
0.8369793
0.7746011
0.8582942
0.8813327
0.8463472
0.8392666
0.8420283
0.8372164
0.8519879
0.8493833
0.9076314
0.92763
0.920366
0.913423
0.939026
0.9134112
0.9273218
0.9117996
0.9088011
0.9088363
0.9097117
0.9134797
0.9258007
0.9617971
0.9293106
0.9069179
0.9242669
0.9228453
0.9619818
0.9131792
0.9142112
0.9237907
0.9046369
0.904066
0.9113905
0.9175546
0.9343577
0.9470342
0.9478721
0.9415429
0.9203408
0.9315864
0.9405559
0.9409996
0.9203938
0.9292789
0.9488304
0.9577899
0.9152863
0.9246143
0.9184137
0.9192204
0.9291481
0.9162393
0.9156328
0.9202323
0.9266596
0.9370666
0.9280085
0.9282248
0.9236727
0.9278931
0.9281346
0.9126884
0.9233817
0.9087839
0.9724869
0.9115978
0.93501
0.9226849
0.9337203
0.9457916
0.9091813
0.9130514
0.9235762
0.9337461
0.9158267
0.9327247
0.9233681
0.913342
0.9124939
0.9345331
0.9302596
0.9065256
0.9250985
0.9147153
0.9197502
0.912645
0.9108635
0.9105814
0.9134908
0.9316877
0.9209422
0.9410607
0.9119734
0.9157251
0.9428394
0.9239192
0.9245636
0.9175385
0.9243517
0.9148957
0.9249149
0.9513447
0.916277
0.9235913
0.9225833
0.9251769
0.9190288
0.9346347
0.9717772
0.978876
0.978837
0.9757076
0.9811271
0.9768466
0.9794491
0.9759614
0.9752461
0.9756491
0.9749915
0.9766255
0.9780465
0.9863212
0.97999
0.9762893
0.9779855
0.9790257
0.9864455
0.9755156
0.9771039
0.9789765
0.9751456
0.9753541
0.9773703
0.9771958
0.9805462
0.9837338
0.98297
0.9826698
0.9773526
0.979152
0.9819244
0.9825741
0.9770813
0.9790319
0.9837602
0.9863234
0.9784715
0.9814212
0.9784899
0.9794352
0.9798628
0.9760933
0.9759046
0.9778996
0.9784254
0.9804992
0.9803479
0.9802236
0.9795764
0.9801175
0.9784118
0.9770259
0.9782376
0.9734933
0.9902247
0.9761922
0.980847
0.9776454
0.9799527
0.9833357
0.9756854
0.9755147
0.9757601
0.980131
0.9762225
0.981409
0.9777773
0.976869
0.975955
0.980093
0.9784923
0.9754315
0.9800152
0.9775622
0.9789783
0.977322
0.975691
0.9765464
0.9779072
0.9799345
0.9786716
0.9833536
0.9752791
0.9765478
0.9823399
0.9799984
0.9793873
0.9775337
0.9772078
0.9762722
0.9789898
0.9847261
0.9774116
0.9784651
0.9787489
0.9798043
0.9776576
0.9816079
0.9596677
0.9701889
0.9679296
0.9623097
0.9711579
0.9661244
0.9684144
0.9621901
0.9602683
0.9604957
0.9600132
0.9641589
0.9674442
0.9811295
0.9686354
0.9601476
0.965005
0.9658626
0.9814133
0.9645626
0.9636364
0.9671511
0.9599016
0.9624163
0.967398
0.9644749
0.9715084
0.9765119
0.9761814
0.9739883
0.9645983
0.9713752
0.9739487
0.9744059
0.9651936
0.9669516
0.9766058
0.979336
0.9653799
0.9691503
0.966063
0.9647777
0.9687617
0.9667099
0.9654023
0.9666249
0.9682637
0.9711356
0.9691636
0.968942
0.9669878
0.9692652
0.9730765
0.9622933
0.9693351
0.9606846
0.9825558
0.9642455
0.9717477
0.968167
0.9709698
0.9745203
0.9621234
0.96214
0.9671512
0.970371
0.9649226
0.9688903
0.9670531
0.9632889
0.9619206
0.9705902
0.9697029
0.9622267
0.9685025
0.9672843
0.9661252
0.9624572
0.9631617
0.9645506
0.9654288
0.9692482
0.9665089
0.9746632
0.9638682
0.9652325
0.9753279
0.9670367
0.969692
0.9683693
0.9679922
0.9633273
0.9695884
0.9761855
0.9669671
0.9659116
0.9667719
0.9691082
0.9724701
0.9730452
0.9863359
0.9885963
0.9883754
0.9886829
0.9885776
0.9876531
0.9879105
0.9863978
0.9864808
0.9876153
0.9869178
0.9880931
0.9871444
0.9910011
0.9880427
0.9876061
0.9883251
0.9886508
0.991079
0.9867412
0.9876978
0.9885146
0.987368
0.9876973
0.9867282
0.98835
0.989198
0.99092
0.9901761
0.9898819
0.9890394
0.986818
0.9883665
0.9900211
0.9886573
0.9879213
0.9901575
0.9905728
0.9876626
0.9883277
0.9900436
0.9901756
0.9882109
0.9882627
0.9878983
0.9876068
0.986956
0.988452
0.9883497
0.9883878
0.9877501
0.9885494
0.9891245
0.9868996
0.9876715
0.986907
0.991717
0.988018
0.9879536
0.986979
0.9879998
0.9894546
0.9880928
0.9864418
0.9889941
0.988265
0.9888268
0.9886714
0.9877664
0.9888925
0.9866177
0.9882265
0.9872938
0.9881414
0.9879588
0.9870982
0.9885404
0.9891255
0.9880889
0.9884913
0.9892354
0.9892325
0.9878511
0.9887293
0.9865376
0.9879877
0.9887583
0.9895917
0.9886197
0.9881416
0.9884175
0.9870716
0.9885535
0.9906733
0.9881819
0.9886006
0.9891826
0.9878015
0.9884219
0.989667
0.9852597
0.9889302
0.9884334
0.9881464
0.9887998
0.9860925
0.9886251
0.9866051
0.987291
0.986798
0.986719
0.9882697
0.9871906
0.9911671
0.9885511
0.9878032
0.9885649
0.9885714
0.9911447
0.98818
0.9883601
0.9892814
0.9867472
0.9876899
0.9876116
0.9873997
0.9891778
0.9893338
0.9896883
0.9904099
0.9887351
0.9874471
0.9891215
0.9894044
0.9881987
0.9876568
0.99026
0.9911178
0.9873437
0.9888106
0.9895017
0.9895235
0.9878422
0.9894727
0.9879318
0.9872252
0.9875086
0.9884922
0.988739
0.9886876
0.9885491
0.9885667
0.9886055
0.9881007
0.9874263
0.9866762
0.9921723
0.987487
0.9900976
0.9873056
0.9887778
0.989713
0.9883941
0.9877906
0.9897343
0.9880642
0.9888683
0.9887356
0.9878957
0.9889205
0.9879213
0.9879705
0.9884221
0.9877751
0.988421
0.9873619
0.9892102
0.988246
0.9877897
0.9887079
0.9883674
0.9885321
0.9874912
0.9899425
0.9865357
0.9881733
0.9891387
0.989011
0.9878186
0.9869024
0.9883619
0.9879742
0.9876443
0.9902255
0.9881266
0.9885904
0.9884639
0.9884407
0.9885102
0.9890047
0.7919881
0.814536
0.8159224
0.7689973
0.8353828
0.820717
0.8202857
0.7843436
0.7913745
0.8027973
0.7896553
0.8123603
0.8118022
0.9000292
0.8294715
0.8169658
0.8084683
0.8079453
0.9003111
0.8082425
0.8057919
0.8311701
0.7882121
0.7988832
0.8267449
0.8126632
0.8296226
0.8772108
0.8795596
0.8426365
0.8236865
0.8618267
0.8468195
0.8484727
0.8077328
0.8115584
0.8649677
0.8988779
0.787668
0.79625
0.7709729
0.7843497
0.8218497
0.8210772
0.8124255
0.8312087
0.8108819
0.8309668
0.817715
0.8176573
0.8168826
0.8175661
0.8566714
0.8263397
0.8309236
0.7952959
0.9361996
0.79234
0.8535546
0.8067296
0.8294443
0.8523281
0.8069559
0.8081289
0.8233978
0.8274766
0.8296671
0.8398964
0.8024022
0.8136875
0.8098149
0.8272517
0.8148016
0.7919757
0.8330982
0.82074
0.8282483
0.8208902
0.8067068
0.8051108
0.8119671
0.8371136
0.8135281
0.8547261
0.7932461
0.8191486
0.8603307
0.8362993
0.8364038
0.8333998
0.8220182
0.8193856
0.844988
0.8734515
0.8358019
0.8361883
0.8273981
0.8347465
0.8393559
0.8305946
0.779111
0.7921954
0.762328
0.7977759
0.8006653
0.7655958
0.7711046
0.7736319
0.7794522
0.7945748
0.7738918
0.7106684
0.7644685
0.8945599
0.7900777
0.8223494
0.7594774
0.7594472
0.8954028
0.6854984
0.6933717
0.7910907
0.7770458
0.7918242
0.8306555
0.754151
0.8074125
0.8829729
0.8709247
0.8232325
0.8080095
0.8448987
0.8290712
0.8372417
0.7786481
0.7684818
0.8447346
0.8881978
0.830913
0.8134447
0.8082858
0.798663
0.7824223
0.7770162
0.7677596
0.7849489
0.7853888
0.7947368
0.7693136
0.7695138
0.7640188
0.7685253
0.8430884
0.7707756
0.7874933
0.7848022
0.9273841
0.7791804
0.8461823
0.776073
0.8130828
0.8215617
0.8055923
0.7011757
0.8203377
0.7874896
0.7845646
0.7949923
0.7792855
0.7852133
0.6938905
0.7893131
0.787763
0.7811802
0.7900656
0.8223499
0.7617532
0.8136857
0.7976017
0.7953751
0.8028388
0.7876192
0.7647954
0.8361851
0.7631966
0.7788434
0.8441642
0.8090062
0.8300355
0.8358349
0.798047
0.8232002
0.8414537
0.8474172
0.8358786
0.7904023
0.7776024
0.7899666
0.8454499
0.8196181
0.7887429
0.8562284
0.8428795
0.8032821
0.8805541
0.8240312
0.8579256
0.8107236
0.80381
0.8029985
0.8063385
0.8207908
0.8494239
0.9343276
0.8636869
0.12199
0.8451574
0.8451528
0.93415
0.8196996
0.8168776
0.8530888
0.7664538
0.7438255
0.84882
0.8381011
0.873065
0.8942487
0.9020327
0.8852261
0.8311183
0.8560506
0.888573
0.8887864
0.8363799
0.8557977
0.9043176
0.9256395
0.8221765
0.8403286
0.820798
0.8154657
0.8621753
0.836039
0.8305819
0.8455725
0.8512448
0.8771468
0.856937
0.8568876
0.8450186
0.8562188
0.8752267
0.8348704
0.8521547
0.7958507
0.9506607
0.8032109
0.8684119
0.8492781
0.8688816
0.8980185
0.7485015
0.8209457
0.8181034
0.8695321
0.8335587
0.8683153
0.8456793
0.8380436
0.8204928
0.8717164
0.8605485
0.76219
0.8529502
0.8466466
0.8420854
0.7644867
0.7571764
0.7577608
0.7868191
0.8647588
0.8452234
0.880614
0.8229067
0.8302804
0.8973025
0.8608439
0.8653627
0.8527723
0.8602936
0.7565541
0.8692709
0.9100572
0.850188
0.8475004
0.8551008
0.850836
0.8542152
0.8786325
0.8053336
0.4729815
0.7874233
0.8131018
0.7261393
0.8216058
0.7510493
0.775787
0.8015177
0.8235021
0.7917234
0.8178045
0.7502636
0.8111285
0.7787093
0.8573215
0.7515324
0.7517691
0.809071
0.8095673
0.7994749
0.8115382
0.7935019
0.8174923
0.8290837
0.7727141
0.6848665
0.8695715
0.8388305
0.718359
0.8171334
0.8488662
0.7458875
0.7698069
0.7434889
0.718586
0.7485397
0.8329914
0.8457109
0.7908749
0.8163603
0.8098791
0.7527985
0.8216038
0.8024675
0.8317606
0.7077571
0.7166552
0.7540242
0.7536552
0.7834859
0.7531009
0.8319077
0.8204104
0.805036
0.8078741
0.8955253
0.7839665
0.8380253
0.6958908
0.7513939
0.7207586
0.8303192
0.8044963
0.835844
0.7361241
0.8389174
0.7731642
0.7077443
0.7986805
0.8091799
0.7295639
0.6902569
0.7941945
0.8211779
0.8266143
0.8288844
0.8371982
0.8224174
0.8193771
0.8042777
0.7799506
0.7602281
0.7883217
0.7110859
0.8279908
0.7676124
0.8251679
0.8129841
0.8360413
0.766504
0.8540677
0.8318508
0.7642849
0.8363576
0.8378338
0.8000601
0.8229685
0.8455597
0.725987
0.799484
0.8446035
0.8395382
0.8148352
0.8696955
0.8216558
0.8494937
0.8040582
0.8027486
0.8070662
0.8031475
0.8261402
0.8384321
0.9253583
0.8551272
0.8130849
0.8339713
0.8343026
0.9254433
0.8206
0.815773
0.8507396
0.7960268
0.7982056
0.8396509
0.8260658
0.8597363
0.8944511
0.8957121
0.8733285
0.8391485
0.8647059
0.8767177
0.8742103
0.8297766
0.8400939
0.8909761
0.9182419
0.8317021
0.8469409
0.8227656
0.8303274
0.849767
0.8318334
0.8261526
0.8407526
0.8381353
0.8621484
0.8495721
0.8496954
0.843688
0.8497
0.8726321
0.8288851
0.8472341
0.7923508
0.9481964
0.8012798
0.8707325
0.8337698
0.8538342
0.8851847
0.8050058
0.8200138
0.831355
0.8577528
0.8335915
0.8568539
0.8334866
0.828628
0.8213429
0.8591547
0.8457916
0.8036043
0.8481721
0.8366259
0.8415241
0.8201401
0.8058666
0.8070926
0.8191684
0.8545749
0.8337085
0.8741179
0.8149456
0.8312345
0.8834577
0.8537029
0.8518172
0.8489727
0.8451484
0.8321868
0.8578297
0.8982049
0.842806
0.8441919
0.8482822
0.8456786
0.8525994
0.8646774
0.825405
0.8391189
0.847801
0.829652
0.8543765
0.8519229
0.8480967
0.8222465
0.8297178
0.8376007
0.8254594
0.8496153
0.8422427
0.9055612
0.8543344
0.8405552
0.8404146
0.8368508
0.9027703
0.84561
0.8438455
0.8596036
0.795073
0.8155179
0.8309243
0.8414468
0.8458906
0.8942605
0.8905823
0.8595209
0.8612982
0.881094
0.8605153
0.8657555
0.832609
0.8356719
0.8732199
0.9051976
0.8344578
0.8225479
0.8248578
0.8307513
0.8476856
0.8526928
0.8466564
0.8605862
0.8336551
0.8493922
0.8466536
0.8471546
0.8480078
0.8469645
0.8756231
0.8557424
0.8577333
0.8301588
0.9327443
0.8186454
0.8667043
0.8332334
0.8406204
0.8655784
0.8165032
0.844193
0.8489037
0.8474905
0.8603766
0.8520905
0.8292911
0.8373253
0.8460685
0.848071
0.8361446
0.8094904
0.863312
0.8282674
0.8633195
0.8306475
0.8194401
0.8165782
0.8204556
0.8614046
0.8414396
0.860984
0.824486
0.853922
0.8725276
0.8649245
0.8431541
0.8416969
0.842273
0.8427742
0.8510179
0.8769481
0.8424414
0.8667852
0.8555963
0.8641365
0.8399434
0.8426408
0.7928301
0.8490924
0.8423099
0.8184524
0.8696984
0.8334218
0.8524624
0.8110564
0.8092194
0.8096478
0.803796
0.8268482
0.8435051
0.9222283
0.8532361
0.7634814
0.8451231
0.8455996
0.9222553
0.8262695
0.8212417
0.8503154
0.7447719
0.6158903
0.8583241
0.8354218
0.8615988
0.8939544
0.8929864
0.8759846
0.8400194
0.8648885
0.8792556
0.8797673
0.833908
0.8464514
0.8929099
0.9152278
0.8353562
0.8407896
0.8329392
0.8286422
0.8521655
0.838444
0.829747
0.8416484
0.8419718
0.8665434
0.8518798
0.8521398
0.8451761
0.8519436
0.8767223
0.8378213
0.8518625
0.8028201
0.9434911
0.8062682
0.8688987
0.84271
0.863737
0.8844326
0.7066162
0.8292019
0.8289784
0.8584462
0.8415433
0.8587603
0.8357774
0.8400892
0.8300106
0.8591726
0.8509955
0.7246666
0.8498842
0.8563023
0.8438132
0.6613493
0.6483255
0.6741866
0.7181773
0.8601458
0.8402928
0.8718108
0.8246143
0.8314271
0.88498
0.8579517
0.8673893
0.8640937
0.8545286
0.7730969
0.8727962
0.8959281
0.8588676
0.8493218
0.856012
0.8498686
0.8670088
0.8716086
0.8054185
0.7750737
0.8082202
0.8198332
0.7909371
0.8222504
0.7905066
0.7921711
0.8057151
0.8214237
0.7981532
0.8210536
0.787771
0.8626877
0.8129976
0.8473758
0.7832581
0.7851247
0.8598682
0.8132863
0.8048075
0.8303427
0.791371
0.8115696
0.8226443
0.7958671
0.7847196
0.8801324
0.8580443
0.7936938
0.8241735
0.8531291
0.8013704
0.8158989
0.7840288
0.7719982
0.8101749
0.8679495
0.8457193
0.8124449
0.8192812
0.8205421
0.7991606
0.8282698
0.8129428
0.8386698
0.7644353
0.7835167
0.7916429
0.7910725
0.8040061
0.7911317
0.8442765
0.8253622
0.8214012
0.8079688
0.9143128
0.7891037
0.755735
0.7590415
0.7718373
0.7998461
0.8233359
0.8095673
0.8358804
0.7906888
0.8394179
0.8082557
0.7679521
0.8032443
0.813163
0.7876996
0.7654042
0.7936862
0.8281993
0.8232583
0.8298533
0.8315808
0.818712
0.8138972
0.8107499
0.8134873
0.7931323
0.7506088
0.7625706
0.8307046
0.8170803
0.8424397
0.8253191
0.832958
0.7960765
0.8469872
0.8393276
0.8238306
0.8342753
0.8417361
0.8147068
0.8285638
0.8406085
0.7865047
0.753931
0.7591839
0.7776155
0.7682143
0.7889311
0.7854294
0.770498
0.7425197
0.7562416
0.7717298
0.7490103
0.7795166
0.7631549
0.8791442
0.7919121
0.8038736
0.7550167
0.751882
0.8768556
0.7762554
0.7648669
0.8053569
0.7467485
0.7688327
0.7896095
0.765114
0.7764413
0.8703441
0.8520327
0.7923453
0.7989415
0.8325557
0.8040612
0.8154533
0.7518081
0.754397
0.8240454
0.8765411
0.8021724
0.7764215
0.7780722
0.7662565
0.7773832
0.7956647
0.7775215
0.8065985
0.7503917
0.780134
0.7713851
0.7709758
0.7764324
0.7705651
0.8291423
0.7879707
0.7925341
0.7618922
0.9250605
0.7500182
0.8226711
0.742784
0.7797955
0.8095484
0.7803297
0.7733741
0.7975683
0.7775038
0.805587
0.7939475
0.7471858
0.7684688
0.7767395
0.7767702
0.7529759
0.7495678
0.8056772
0.7835934
0.7982596
0.796097
0.7752166
0.7729342
0.7757386
0.7954011
0.7627306
0.8111293
0.727048
0.7956253
0.8204796
0.8165644
0.7976087
0.8007316
0.774929
0.8039005
0.8107885
0.8371501
0.7999376
0.8091214
0.7892993
0.8051535
0.8087793
0.7820314
0.8009259
0.7624399
0.8016867
0.8191717
0.7687392
0.8254296
0.7781007
0.7823636
0.8021679
0.8204389
0.7939583
0.82147
0.7765339
0.8458164
0.8013337
0.8499262
0.7702238
0.7700419
0.844176
0.8156817
0.804081
0.8239313
0.7912807
0.8113184
0.8169645
0.7876579
0.7652719
0.8800054
0.8509342
0.7722952
0.8218974
0.8494323
0.7830939
0.8032509
0.7700951
0.7499276
0.7928912
0.8564346
0.8438105
0.7983643
0.8191159
0.8148727
0.7828236
0.8276374
0.8070823
0.836889
0.7522378
0.7597858
0.7782446
0.7773288
0.7953523
0.7776988
0.8404863
0.8227761
0.8131664
0.805858
0.908369
0.7873725
0.8247833
0.745754
0.7679633
0.7722842
0.8254907
0.8074106
0.8336475
0.7719957
0.8418109
0.7963989
0.7531239
0.7988761
0.811436
0.7678553
0.7443183
0.7928989
0.8282723
0.8155649
0.8307997
0.8305592
0.8151532
0.8114911
0.8068274
0.8027627
0.7817015
0.79606
0.7562034
0.8298598
0.7997747
0.834768
0.8146163
0.8271484
0.7793809
0.8499716
0.8299645
0.8035358
0.8299538
0.8399626
0.8119066
0.8291516
0.8351526
0.765213
0.8140103
0.8449769
0.8360939
0.788414
0.8654522
0.8376237
0.8474122
0.8086973
0.8101958
0.8161984
0.8090683
0.8262174
0.8379442
0.9148478
0.8522938
0.8253321
0.8348062
0.8364433
0.9162106
0.8287601
0.8267314
0.8492379
0.8099882
0.8168862
0.8440529
0.8354833
0.8587042
0.8852473
0.8956915
0.8681593
0.8404426
0.8710967
0.8730362
0.872738
0.8312151
0.8423819
0.8882515
0.911842
0.7990776
0.8181881
0.7920399
0.8021256
0.8492315
0.8379509
0.8349023
0.8432602
0.8401932
0.8603638
0.844932
0.8442221
0.839461
0.8444705
0.8738802
0.841367
0.8496823
0.8155388
0.944011
0.8171376
0.8681694
0.8356089
0.8563791
0.8790077
0.8212466
0.8254744
0.8342228
0.856958
0.8422803
0.8630187
0.8327123
0.8360985
0.8265771
0.8571278
0.8446499
0.8137533
0.8514193
0.8390616
0.8425658
0.8320427
0.820949
0.8200595
0.828051
0.8589099
0.8390759
0.876986
0.8206749
0.8328912
0.8815965
0.8549782
0.8537553
0.8495746
0.8473356
0.8272645
0.8601427
0.8950579
0.8488609
0.8520931
0.8472076
0.8531158
0.8523127
0.8575204
0.8143875
0.8493745
0.8372134
0.7874592
0.8680645
0.8373704
0.8499478
0.8118847
0.813378
0.815406
0.8130527
0.8263242
0.841813
0.9172896
0.8537661
0.8262376
0.8389923
0.8372551
0.9197894
0.828049
0.829369
0.8482986
0.812766
0.815088
0.8426346
0.8373228
0.8624534
0.8830019
0.8976506
0.873129
0.8403704
0.8739819
0.8773235
0.8764418
0.83275
0.8456708
0.8928532
0.9154746
0.7962185
0.8224661
0.7888818
0.8020101
0.8497422
0.8363358
0.8328978
0.8427661
0.844631
0.863767
0.8467216
0.846901
0.8399788
0.8463232
0.873994
0.8412733
0.8510858
0.8142176
0.9460973
0.8168978
0.8700938
0.8414422
0.8604643
0.8820064
0.8204416
0.8258442
0.8365858
0.8608732
0.8406854
0.8637222
0.835534
0.8388955
0.8269396
0.8610767
0.8498588
0.8152168
0.8512015
0.8403213
0.8416693
0.8327947
0.8212178
0.8230186
0.8318596
0.8598348
0.8412225
0.8800395
0.8230335
0.8336378
0.8831809
0.8530397
0.857058
0.8493259
0.8500501
0.8273272
0.8633029
0.8993393
0.845322
0.852007
0.8488369
0.8517742
0.8511527
0.8617849
0.7692331
0.8035452
0.7688018
0.7921072
0.8193365
0.7587114
0.7903994
0.7726656
0.7762866
0.7883798
0.775693
0.717538
0.7784944
0.9069159
0.7973134
0.8074283
0.7682588
0.7715961
0.9074276
0.7117067
0.7086848
0.7901968
0.7747268
0.78371
0.8280647
0.7623515
0.8240191
0.8815283
0.8770851
0.8388185
0.8073175
0.8436422
0.8428852
0.8468586
0.7874734
0.7875508
0.8606678
0.898868
0.8243372
0.8214231
0.8030702
0.7978017
0.7905089
0.7696171
0.7635956
0.7855725
0.7970892
0.8127771
0.7841834
0.7843606
0.7763678
0.7839828
0.8514999
0.7698086
0.7879099
0.7744471
0.9359595
0.7802309
0.8469807
0.792559
0.8243655
0.8425419
0.7936488
0.7189595
0.8098335
0.803572
0.7807877
0.8067168
0.7925537
0.7872567
0.7174881
0.8059636
0.8038559
0.7806669
0.788474
0.8251411
0.7603199
0.8091532
0.7946917
0.7921007
0.8013162
0.7980946
0.7780106
0.846562
0.7689187
0.7705716
0.8542986
0.8027446
0.8391372
0.8376791
0.8122094
0.8177236
0.8481604
0.8627055
0.8381161
0.7928324
0.7841179
0.7860581
0.8428416
0.8348161
0.7928969
0.8117559
0.7784515
0.813032
0.8215344
0.7824607
0.7919857
0.7915604
0.7969657
0.8024127
0.792652
0.6830659
0.7891379
0.9004789
0.8067365
0.8289916
0.7802778
0.781854
0.9001245
0.621739
0.6404256
0.8028941
0.7992426
0.8082939
0.8443706
0.7788271
0.8252065
0.885477
0.8810691
0.8408265
0.8261418
0.8536734
0.8459466
0.8516106
0.8038357
0.7964507
0.858822
0.8964943
0.8422678
0.8282405
0.8240837
0.8150895
0.8056191
0.7864179
0.7789832
0.788158
0.8043082
0.8177227
0.7920138
0.7928813
0.782842
0.7922438
0.855756
0.7876746
0.7983585
0.8003905
0.9339681
0.7981755
0.8556157
0.8007883
0.8300733
0.8400373
0.8162483
0.6748709
0.823748
0.8112973
0.7958392
0.8132487
0.800126
0.7981494
0.6687193
0.8129273
0.8088661
0.8018853
0.7971007
0.8393657
0.776644
0.8272418
0.8156069
0.8113338
0.8158365
0.8076397
0.7853151
0.84557
0.7853801
0.7801765
0.8562678
0.8224536
0.8462461
0.8480527
0.8176165
0.8377889
0.8555635
0.8602749
0.8490314
0.7986548
0.7957477
0.7975699
0.8567862
0.8369832
0.7859045
0.8027712
0.7710152
0.8085715
0.811605
0.7773272
0.78323
0.7842615
0.7921329
0.8004291
0.7865197
0.6809279
0.7767988
0.8960746
0.7999114
0.8257096
0.7737856
0.775183
0.8956833
0.620775
0.62019
0.7972292
0.794499
0.8025926
0.8384579
0.7725132
0.8169391
0.8848915
0.8747679
0.8303958
0.8218301
0.8511239
0.8376863
0.8453154
0.7948091
0.783977
0.8512383
0.8923172
0.8389835
0.8223999
0.8193891
0.8092809
0.7954952
0.7822767
0.7749144
0.7862059
0.7936791
0.8078992
0.7833558
0.7837871
0.7767162
0.7833149
0.8521313
0.7851059
0.7926698
0.7927467
0.9312907
0.7922251
0.8499595
0.790328
0.8204763
0.8312826
0.8129634
0.6748443
0.8216379
0.8017411
0.7930279
0.8074811
0.7908494
0.7930809
0.6713774
0.8032961
0.7989359
0.7970017
0.7947395
0.834257
0.7760876
0.8233237
0.8090403
0.8085781
0.8110007
0.7998672
0.779797
0.8399118
0.7763605
0.7752346
0.8505976
0.8166806
0.8425728
0.8456272
0.8057807
0.8356214
0.8526349
0.8519358
0.8449121
0.7957438
0.7914155
0.7940438
0.854635
0.8283538
0.8494167
0.8728266
0.8713981
0.8585524
0.8854987
0.8701011
0.8730997
0.8493381
0.8502203
0.8567763
0.8498041
0.8633041
0.869598
0.928759
0.8807242
0.8635674
0.8666408
0.8663768
0.9292631
0.8626416
0.8613601
0.8783692
0.8459354
0.8595069
0.8726748
0.8662474
0.8832603
0.9035723
0.908831
0.8935701
0.8734666
0.8916325
0.8927015
0.8987133
0.8603015
0.8677735
0.9069994
0.9279766
0.8652381
0.8606789
0.8586788
0.8472627
0.8768151
0.8692845
0.8620269
0.8751506
0.8672527
0.8832346
0.8732063
0.8733252
0.8741776
0.8729794
0.8912321
0.8723592
0.8803791
0.8530175
0.9507556
0.8513604
0.8900882
0.8646021
0.8795365
0.8959943
0.8582812
0.8641065
0.8669787
0.8800425
0.8763713
0.8843066
0.8640379
0.8673927
0.8651043
0.8804385
0.8716524
0.8517414
0.8821432
0.8672953
0.87802
0.8658804
0.8583541
0.859197
0.8626009
0.8851689
0.8683225
0.8949935
0.8570655
0.8670364
0.901476
0.8834895
0.8791679
0.8817951
0.8740584
0.8522962
0.884071
0.9120691
0.8748059
0.8808806
0.8793492
0.8803573
0.8787415
0.8841411
0.7732102
0.7476866
0.7573224
0.7820292
0.7620515
0.774465
0.7506124
0.7509038
0.7713709
0.7888741
0.7612091
0.7544458
0.7474151
0.8557877
0.7737226
0.8178753
0.7390515
0.7386738
0.8558256
0.7447257
0.7353546
0.7840366
0.7579405
0.7793691
0.8120368
0.7471536
0.7586393
0.8696878
0.8486368
0.7811703
0.7892309
0.8283947
0.7894268
0.8032362
0.749601
0.7298608
0.8081256
0.8577901
0.8163865
0.7800869
0.7988701
0.7871899
0.7592319
0.784515
0.7664088
0.7949994
0.7462416
0.7519345
0.7493231
0.7491245
0.7572519
0.7489998
0.8330048
0.7760257
0.7793083
0.7816401
0.9158674
0.7609136
0.826834
0.7317077
0.7729654
0.7772383
0.7945402
0.7386907
0.817548
0.7533585
0.7921706
0.7716885
0.7425971
0.7703131
0.7412743
0.7525032
0.7418355
0.762442
0.7897473
0.8102555
0.7755155
0.8038943
0.787234
0.782701
0.7801827
0.7747834
0.7485921
0.8022405
0.7292629
0.7836644
0.7986628
0.8049675
0.811201
0.820165
0.7699458
0.8174601
0.8263898
0.8129938
0.8242609
0.7984263
0.7749237
0.7906801
0.8314807
0.7715232
0.8104085
0.8327556
0.804281
0.8284503
0.8409485
0.7749391
0.820496
0.8089896
0.8147177
0.8151949
0.8088459
0.7913995
0.7695091
0.9109224
0.7774939
0.8444175
0.8126011
0.8155766
0.9117288
0.7857692
0.784085
0.7098372
0.8179674
0.8242116
0.8565734
0.7848905
0.8474013
0.8897878
0.8892906
0.8620647
0.841845
0.8613173
0.8651209
0.8692692
0.8236517
0.8138983
0.8774794
0.9091151
0.8490374
0.840333
0.8367102
0.8277833
0.7878747
0.7373918
0.7386885
0.5410339
0.8313057
0.8347068
0.8189872
0.8192881
0.8075012
0.8182937
0.8678429
0.7550784
0.7854603
0.8218445
0.9381719
0.8152492
0.8678043
0.8262547
0.8520742
0.8615907
0.8289222
0.7961148
0.8370127
0.8050607
0.7596212
0.8228543
0.8234406
0.8245127
0.7965606
0.8094341
0.8349026
0.8190229
0.7820527
0.8571066
0.7990196
0.8399051
0.8283433
0.8312868
0.8348783
0.8171305
0.7650224
0.8693886
0.816506
0.7152997
0.8745441
0.7992523
0.8618315
0.8646984
0.8416457
0.8402768
0.8689491
0.8776228
0.8614618
0.7545888
0.8218284
0.7820284
0.8665174
0.8571371
0.8030798
0.8198729
0.7865848
0.8233813
0.8270124
0.7545508
0.8007329
0.800697
0.8011054
0.80851
0.8002023
0.7751265
0.7759929
0.9045005
0.7866858
0.832082
0.8008828
0.8018242
0.9051136
0.7733694
0.7683305
0.7723826
0.8068783
0.8106732
0.8453605
0.7662538
0.8331172
0.8905736
0.8855792
0.8507136
0.8281735
0.8543094
0.8528105
0.8576443
0.8100433
0.7958419
0.865897
0.9004667
0.8461377
0.8356968
0.8308602
0.8245052
0.7901084
0.7587696
0.7550487
0.7612964
0.8153591
0.8209145
0.8054285
0.8055823
0.7930775
0.805195
0.8618204
0.7555285
0.7449862
0.8084139
0.9349326
0.8070702
0.8612592
0.8071793
0.8414143
0.8513847
0.823091
0.7753749
0.8324251
0.8046927
0.7716067
0.8074131
0.8112863
0.8126758
0.7748131
0.8075758
0.8193056
0.8094038
0.7319474
0.8460239
0.7797006
0.8335488
0.8201798
0.8209027
0.8255059
0.8003444
0.7756849
0.8564899
0.796206
0.7547853
0.8613214
0.8049478
0.8511012
0.8524525
0.8244619
0.8439769
0.8603458
0.8718822
0.8536296
0.7598847
0.8113208
0.731121
0.8599799
0.8435632
0.7862954
0.8109937
0.7686888
0.8087476
0.8211807
0.7741438
0.7889564
0.7883866
0.7917294
0.7975609
0.7890664
0.6519228
0.7879549
0.9037564
0.8032554
0.824721
0.7794704
0.7782021
0.9051335
0.5389732
0.6319596
0.796863
0.7935403
0.8019361
0.8408335
0.7701746
0.8257101
0.8861737
0.8811173
0.8434931
0.8157331
0.8454091
0.8470332
0.8518947
0.7998463
0.7945054
0.8624485
0.8991168
0.8367365
0.8247152
0.8142214
0.8116083
0.8010251
0.777907
0.7712388
0.7821467
0.8060743
0.817181
0.7901916
0.7898952
0.7758188
0.7894708
0.8506395
0.7790989
0.7907091
0.7914271
0.93311
0.7919801
0.8525697
0.7997576
0.8324013
0.8425215
0.8125834
0.6504095
0.8201406
0.8104739
0.7883658
0.8111416
0.8014157
0.7920218
0.6467398
0.8125333
0.8105082
0.7975065
0.7919648
0.8352475
0.765028
0.8215833
0.809777
0.8070668
0.8147144
0.8066052
0.7790306
0.8498913
0.7862983
0.7713237
0.8603139
0.8190216
0.8438833
0.8450193
0.8181495
0.8270089
0.8529953
0.8637269
0.8472044
0.7921916
0.7856021
0.7905902
0.8516267
0.8384334
0.824664
0.7698977
0.8116666
0.8279398
0.772617
0.8396032
0.7861984
0.8021534
0.8198043
0.8393133
0.8145826
0.8330063
0.7883873
0.8463573
0.8122416
0.8669439
0.7854592
0.7844505
0.8445368
0.8297634
0.8250582
0.8348619
0.8138231
0.8361737
0.8389835
0.804688
0.7729384
0.8569343
0.8493988
0.7781069
0.8324559
0.8632361
0.7792772
0.799707
0.7810401
0.7640537
0.7956051
0.8581044
0.8550505
0.8066515
0.8306867
0.8142675
0.7928192
0.8429947
0.8253605
0.8490242
0.7605975
0.7687044
0.7862553
0.7854758
0.8032102
0.786174
0.7946533
0.8387623
0.8265226
0.8280521
0.9059822
0.8119927
0.8459516
0.7595915
0.7794116
0.7734188
0.8453046
0.8262447
0.851754
0.7785272
0.855251
0.8128912
0.7623801
0.814775
0.830115
0.7729546
0.7499155
0.8170444
0.8405177
0.8367129
0.8452379
0.8511613
0.8378029
0.8348866
0.8280724
0.8164098
0.792637
0.813743
0.7708986
0.8436714
0.803609
0.8444748
0.8273533
0.8467466
0.7931934
0.8598616
0.8437461
0.8107931
0.8474314
0.8536683
0.820747
0.841553
0.8522538
0.7671469
0.8120046
0.7327342
0.7784719
0.8244957
0.6992013
0.8107873
0.7364953
0.77874
0.8097072
0.8313898
0.7928367
0.8151774
0.6760666
0.8069605
0.6728009
0.8698527
0.7356794
0.7410465
0.806698
0.8067674
0.7932784
0.7211789
0.8056222
0.8292469
0.8385779
0.7570534
0.725069
0.8788961
0.8340707
0.7258947
0.8342315
0.8594856
0.7457473
0.7739736
0.7610441
0.6927401
0.7464191
0.8351165
0.8551084
0.793084
0.823294
0.8105514
0.6265185
0.7948533
0.7719177
0.801959
0.7261662
0.6929684
0.737337
0.737098
0.7705754
0.7376335
0.8420225
0.7995249
0.7779587
0.8178686
0.8891534
0.7923793
0.839965
0.7208922
0.7552115
0.6913044
0.8406099
0.8017099
0.8436791
0.0289313
0.8189555
0.7493369
0.7368686
0.8034775
0.8065214
0.0848455
0.7047035
0.8074511
0.7986374
0.8376618
0.8201866
0.8465016
0.832959
0.8256192
0.8128765
0.7531511
0.7293971
0.7929304
0.7515054
0.8031808
0.7732143
0.7421816
0.8195076
0.849479
0.762864
0.8621352
0.8374745
0.745796
0.8482587
0.8140978
0.7964251
0.8023749
0.855917
0.7305331
0.8084437
0.8796869
0.8625636
0.8305079
0.9005651
0.8452207
0.8799086
0.8344195
0.8209604
0.8137762
0.8288093
0.8349927
0.8700096
0.9473214
0.8805144
0.7414095
0.8693809
0.8686071
0.9470713
0.8366531
0.8385569
0.8684862
0.7686822
0.7342238
0.8676372
0.8573558
0.8934204
0.9022279
0.913298
0.9062312
0.849268
0.8731248
0.9079642
0.9063681
0.8632088
0.8809499
0.9201452
0.9380716
0.8428462
0.8685503
0.8427043
0.8448115
0.8818896
0.8516061
0.848873
0.8538387
0.8735841
0.8985523
0.8806616
0.88088
0.8701345
0.8799548
0.8877535
0.8495875
0.869885
0.8147688
0.9563891
0.8336502
0.8827271
0.8746841
0.8918378
0.9167336
0.7394769
0.8410228
0.8360094
0.8895835
0.8502595
0.8868473
0.8668789
0.8572754
0.8405527
0.8915156
0.8826893
0.7642867
0.8659614
0.8680543
0.8537448
0.7483108
0.7478283
0.7585324
0.7863961
0.8849162
0.8648172
0.9003572
0.8518083
0.8430661
0.9144444
0.8735529
0.8839845
0.8727132
0.880089
0.75883
0.8862356
0.9258188
0.8702921
0.8560902
0.8747708
0.8643348
0.8743085
0.9013022
0.8033313
0.7726001
0.7771871
0.8195421
0.771679
0.8091934
0.7618541
0.7920071
0.806849
0.8243861
0.7988469
0.8001992
0.7684166
0.8571569
0.7915428
0.8545957
0.7566722
0.7549101
0.8566535
0.789486
0.782221
0.806408
0.7962355
0.819192
0.8220314
0.7783883
0.7785254
0.8801368
0.8547677
0.7851639
0.8257412
0.8576987
0.796777
0.8075683
0.7814333
0.7533913
0.8084888
0.8655759
0.8436812
0.8017886
0.8215642
0.8056627
0.7760774
0.8137226
0.799445
0.8223523
0.764297
0.7657797
0.7630461
0.762083
0.7725436
0.7624538
0.8434589
0.8099895
0.8051061
0.8157215
0.9120534
0.7986125
0.8405485
0.7577233
0.7873189
0.7749355
0.8328456
0.7883235
0.8417939
0.7694425
0.8225567
0.7931673
0.7673399
0.724603
0.7906368
0.7666339
0.7579066
0.7993725
0.8129229
0.8208723
0.8030397
0.8366826
0.821078
0.8206934
0.8136369
0.7903811
0.7699411
0.8217271
0.7631005
0.8175395
0.8164707
0.8272731
0.8201455
0.8349527
0.7615506
0.8494347
0.8353073
0.8097277
0.8294536
0.8266997
0.7890535
0.8138603
0.8386405
0.7723373
0.8163669
0.7646648
0.8047027
0.8231833
0.7629842
0.8380268
0.7750927
0.7922805
0.8149945
0.835961
0.8055019
0.832936
0.7797767
0.8368836
0.8046319
0.8645677
0.7762139
0.7751596
0.8350073
0.8273409
0.8188012
0.8303245
0.8053038
0.8308062
0.8280689
0.7972735
0.7604588
0.8698558
0.8453131
0.7676647
0.8300188
0.8595883
0.7713125
0.7893304
0.7782852
0.7539099
0.7888335
0.8515551
0.847422
0.7919206
0.8234904
0.8097116
0.7843151
0.8369305
0.8209296
0.8468762
0.7603597
0.7575913
0.7768343
0.7765521
0.7977466
0.7759548
0.8252073
0.8334358
0.8217568
0.8266555
0.9025922
0.8029392
0.8486126
0.7506631
0.7711252
0.7580351
0.842666
0.8205334
0.8486138
0.7690396
0.850999
0.8016947
0.7578185
0.8058481
0.8234905
0.7642622
0.7468618
0.8090816
0.8353352
0.8250736
0.8391608
0.8479655
0.8328474
0.8288554
0.8188334
0.8076135
0.7858122
0.8143528
0.7667446
0.840532
0.7966953
0.8406537
0.8150269
0.8346051
0.7786271
0.8555768
0.8313078
0.8005239
0.8337258
0.8475759
0.8105662
0.8363742
0.8455519
0.752608
0.795863
0.7093095
0.7857992
0.8111977
0.7505135
0.8127941
0.7584363
0.7713131
0.7946621
0.8145398
0.7840407
0.8094819
0.7583039
0.8347838
0.7905397
0.8499119
0.754125
0.7559119
0.8348858
0.8028565
0.7930099
0.8150773
0.787108
0.8057483
0.8265494
0.7718036
0.7193629
0.8737755
0.8426791
0.7430278
0.8117725
0.8438287
0.7676863
0.7876912
0.7449473
0.730859
0.7680854
0.8437183
0.8414842
0.7961222
0.8162216
0.8103879
0.7678682
0.8191151
0.8007468
0.8262724
0.7037752
0.7395181
0.7617785
0.7613979
0.7827845
0.7623708
0.829241
0.8149622
0.8018218
0.8025699
0.9059773
0.7812696
0.8332021
0.691659
0.7634686
0.7525681
0.8235057
0.7956107
0.8360536
0.7508875
0.8289551
0.7837141
0.7042436
0.7937956
0.7993166
0.746927
0.7008014
0.7890506
0.8160445
0.8260754
0.818345
0.8305946
0.8139604
0.8103766
0.8027842
0.7873278
0.7642075
0.796788
0.6897429
0.823666
0.782221
0.8274772
0.8141912
0.8334687
0.7741041
0.8488358
0.8310149
0.7880977
0.8367143
0.8306993
0.7995287
0.8187939
0.8452748
0.7520216
0.7844689
0.8246329
0.8255632
0.7863804
0.8427075
0.8251512
0.8293127
0.7959042
0.8006491
0.8083175
0.8014832
0.8234292
0.8193734
0.9054977
0.8388054
0.8271036
0.8147796
0.8162716
0.9053119
0.8199652
0.813239
0.8402745
0.799604
0.8033346
0.8394173
0.8178955
0.8372447
0.890606
0.8830093
0.8520608
0.8391444
0.8680988
0.8577544
0.8589814
0.8121047
0.8189075
0.8697816
0.9005924
0.8269092
0.8179781
0.8053624
0.7977956
0.8303337
0.8292874
0.8163793
0.8395023
0.8183976
0.8387788
0.8311534
0.8310318
0.8295411
0.8314792
0.8648879
0.8307327
0.8375213
0.7979812
0.9362955
0.7979365
0.8603508
0.8123616
0.8394522
0.8588668
0.8090299
0.8160685
0.8252636
0.8331677
0.8378813
0.845492
0.8160646
0.8249057
0.8165957
0.8330926
0.8227077
0.8013128
0.8409688
0.8344389
0.838673
0.8262168
0.8090984
0.809149
0.8150481
0.8433489
0.8154884
0.861204
0.8056823
0.8230803
0.8651908
0.847742
0.8488799
0.8500759
0.8319717
0.8284585
0.856909
0.8770671
0.8461042
0.8422932
0.8384594
0.8407875
0.8479453
0.8451117
0.8307552
0.7992998
0.8015407
0.8372638
0.8000709
0.8363621
0.7890445
0.8162788
0.8309397
0.8440732
0.8235436
0.8230766
0.7975552
0.8672881
0.8193781
0.8703397
0.7852822
0.7835361
0.8655111
0.8187793
0.8149996
0.8318176
0.8232018
0.8426421
0.8255338
0.8072329
0.8045911
0.8873222
0.8673301
0.807469
0.8493758
0.880713
0.8136309
0.8267932
0.8093537
0.7875571
0.8295063
0.8786269
0.8571209
0.8199537
0.8367026
0.8175952
0.8062826
0.8370921
0.8263463
0.8414892
0.7998014
0.7951952
0.7876478
0.7864634
0.7955222
0.7877658
0.8575176
0.837261
0.827057
0.8372497
0.9170768
0.8241049
0.8585597
0.7903435
0.8111162
0.8002381
0.8499713
0.8179215
0.8520754
0.801476
0.8508014
0.8187705
0.7980453
0.7906851
0.8196739
0.7985816
0.7881375
0.8289399
0.8349141
0.8255252
0.8235761
0.8568869
0.8459826
0.8443977
0.8385866
0.8214315
0.8012205
0.8415875
0.7988386
0.8415777
0.836404
0.85182
0.8267147
0.840006
0.8011894
0.8612481
0.8385243
0.8297122
0.8338787
0.8494337
0.8086264
0.8364018
0.8402209
0.7927822
0.8702371
0.9015629
0.8915446
0.880581
0.9179593
0.8814874
0.9028091
0.875552
0.872538
0.8727709
0.8772965
0.8781079
0.8965852
0.9549261
0.9041701
0.8654995
0.8933218
0.8911315
0.9545358
0.8806267
0.8750045
0.8988165
0.8684639
0.8673861
0.8830359
0.8888264
0.912417
0.9296363
0.9332768
0.9224339
0.8921558
0.9047582
0.9226962
0.9245606
0.8925565
0.901522
0.9339029
0.9483723
0.8850723
0.8962291
0.8882846
0.882646
0.9045178
0.8848209
0.8814497
0.8904863
0.899594
0.9161086
0.9022722
0.9023618
0.8944109
0.9017346
0.9107284
0.8812106
0.89911
0.8730376
0.96657
0.8763909
0.9153093
0.8951904
0.9089994
0.9305537
0.8752521
0.8772572
0.8936039
0.9090119
0.8812948
0.9110503
0.8942729
0.8844026
0.8771517
0.9100682
0.904859
0.8737539
0.894558
0.882865
0.8894316
0.8801408
0.8733173
0.8751044
0.8873317
0.9077595
0.8929283
0.9202617
0.8802279
0.8853427
0.9263804
0.9013212
0.8954095
0.8864308
0.8996501
0.8799738
0.8974333
0.9388932
0.8832831
0.8947471
0.8966531
0.8930734
0.8911762
0.9121127
0.8173645
0.771616
0.8061323
0.8243152
0.7721656
0.8378935
0.7810968
0.7946017
0.8158204
0.8358588
0.80709
0.8323877
0.7847503
0.8443061
0.8078881
0.863295
0.7797001
0.7792539
0.8428017
0.8267036
0.8188086
0.8309799
0.8067342
0.8306729
0.8275555
0.799767
0.7674439
0.8700821
0.849456
0.7761194
0.8311156
0.8600514
0.780214
0.7969978
0.7829147
0.761187
0.7989645
0.8552711
0.8471014
0.7956417
0.8249148
0.8106317
0.7894636
0.8374874
0.8209053
0.8476135
0.7671582
0.7664113
0.7819327
0.7816585
0.8010745
0.7810695
0.8244067
0.8336659
0.8246067
0.8269362
0.905567
0.8052716
0.8502859
0.7576429
0.7783522
0.7702269
0.8424678
0.8201741
0.8494156
0.7766826
0.8513549
0.8059453
0.7637908
0.8063014
0.8230237
0.7723621
0.7554193
0.8098593
0.8376988
0.8251385
0.8387733
0.8476751
0.833214
0.8298588
0.8210731
0.8111272
0.7892536
0.820611
0.7701521
0.8409621
0.8032638
0.8415338
0.8171814
0.8347348
0.7833708
0.8561461
0.8321958
0.8102736
0.8329634
0.8472037
0.8116248
0.8381274
0.8454144
0.7620275
0.790855
0.8127414
0.7844404
0.8120274
0.8189171
0.7656842
0.7988946
0.793853
0.7963136
0.8046552
0.7958264
0.7787068
0.7564637
0.9033213
0.7645827
0.8323086
0.7886827
0.7903054
0.9031952
0.7751723
0.7667528
0.7475146
0.8037194
0.80797
0.8432938
0.7654536
0.8296124
0.8848206
0.8816692
0.8400476
0.829602
0.8556738
0.847102
0.8534491
0.8052414
0.7887506
0.8615632
0.8968254
0.8405297
0.8292554
0.8217986
0.8112797
0.7702649
0.274342
0.5594869
0.7254423
0.8074834
0.8140549
0.7997048
0.801002
0.7914683
0.7991851
0.8538214
0.7402465
0.7746843
0.8012449
0.9322532
0.797613
0.8565739
0.800735
0.8348082
0.8429689
0.8153024
0.7776948
0.8227047
0.7880597
0.7572859
0.8054662
0.8032097
0.80481
0.7779809
0.7906237
0.8112532
0.806428
0.770191
0.8366754
0.7891676
0.8295691
0.8160863
0.8162499
0.8206823
0.7953288
0.7540499
0.8545301
0.7919452
0.564195
0.8598203
0.7888775
0.8491118
0.8510009
0.8193421
0.833856
0.8581208
0.8643718
0.8500729
0.7496128
0.803847
0.7684085
0.8556791
0.8386807
0.7892878
0.8167642
0.8180333
0.6602646
0.8359865
0.8222415
0.8214286
0.7841248
0.7937067
0.7967035
0.7893959
0.8130054
0.811944
0.9005207
0.8331606
0.810099
0.8060512
0.8072414
0.9006543
0.8125155
0.8083511
0.8368045
0.7840133
0.7976759
0.8344583
0.8105484
0.8312456
0.876744
0.8775787
0.8430167
0.8190338
0.8587941
0.8495801
0.8550725
0.8025546
0.8121318
0.8670768
0.8991318
0.8046792
0.7925008
0.7846291
0.75924
0.8271522
0.8205687
0.8118332
0.8327178
0.8108682
0.8307837
0.8231526
0.8225285
0.822517
0.8214832
0.8607601
0.8258319
0.8324668
0.7919136
0.9342561
0.7877628
0.853134
0.8052321
0.8276475
0.8512825
0.795994
0.8110653
0.8145499
0.8296172
0.8320777
0.8399651
0.8052002
0.8210529
0.8119
0.8293811
0.8134814
0.7897274
0.8372359
0.8301221
0.8317378
0.8162924
0.800584
0.8011482
0.8035191
0.8362181
0.8148572
0.8548151
0.7923775
0.8152918
0.8580606
0.8432917
0.8422886
0.8467096
0.8255077
0.807832
0.8509273
0.8739307
0.840299
0.8386041
0.8306792
0.8364729
0.8481063
0.8361615
0.7860389
0.7999511
0.7824861
0.806715
0.806454
0.7678582
0.787728
0.7870244
0.7946916
0.8049365
0.7877916
0.7794272
0.7494339
0.893943
0.7622532
0.8349808
0.7784671
0.7771045
0.8928525
0.7723945
0.7645751
0.7541901
0.7966314
0.8047835
0.8363786
0.7628913
0.8155724
0.8837059
0.8751884
0.8272841
0.8268299
0.8518204
0.8382078
0.8438973
0.7941663
0.7760881
0.8511017
0.8877886
0.8394706
0.8220622
0.8141136
0.8053649
0.7647665
0.3884693
0.5805329
0.7412024
0.7964302
0.8010378
0.7895282
0.7905994
0.7833824
0.789197
0.8512963
0.744597
0.7743227
0.7953715
0.9290537
0.7903971
0.8545318
0.7887158
0.8227388
0.8288375
0.811859
0.7741442
0.8221817
0.7771362
0.766109
0.7993211
0.7925872
0.8017071
0.7748525
0.7798042
0.7963867
0.7998846
0.7756766
0.830197
0.7896745
0.8262236
0.8129747
0.8135194
0.8148068
0.790103
0.7471373
0.8450032
0.7803993
0.6025827
0.8490031
0.7897742
0.8432673
0.8465326
0.8071805
0.8338259
0.8529691
0.8531776
0.8460632
0.7598024
0.7974208
0.7739314
0.851011
0.8247898
0.8364274
0.8217722
0.8470099
0.8526925
0.8306239
0.8519788
0.8394337
0.8280732
0.8388413
0.8491681
0.8322786
0.8522254
0.8320249
0.8784461
0.8494542
0.8706447
0.8348115
0.8365307
0.8776083
0.8401854
0.8401385
0.8605976
0.8355331
0.8497211
0.8716667
0.8367525
0.831104
0.8945092
0.8762304
0.8428398
0.8480645
0.8605686
0.8431974
0.8503398
0.8292094
0.8207325
0.8457156
0.883502
0.8765438
0.8537904
0.8576167
0.8663086
0.8396871
0.8557509
0.8480869
0.8645155
0.8177463
0.827853
0.8396127
0.8391722
0.8500791
0.838932
0.8751374
0.8518916
0.8456858
0.8397439
0.9191019
0.8297635
0.8663372
0.8184333
0.8349055
0.8394578
0.8548782
0.8434659
0.8608716
0.8326664
0.8640926
0.8451877
0.8141051
0.8531945
0.8451084
0.8313143
0.8124709
0.8377614
0.8554794
0.8736121
0.8626058
0.8616087
0.8541131
0.8490094
0.846036
0.8499109
0.8328192
0.8435279
0.8148343
0.8550609
0.8450206
0.8690053
0.8686785
0.8809217
0.8454069
0.8734837
0.878316
0.8536585
0.8814164
0.8634716
0.853583
0.8577168
0.8845779
0.8384485
0.8549578
0.7675565
0.8300378
0.8583372
0.761678
0.8669782
0.7914353
0.8262662
0.8497082
0.8670783
0.8368254
0.8629565
0.8010903
0.7939733
0.8244328
0.896704
0.7963486
0.7980387
0.794771
0.857843
0.8474902
0.851039
0.8446407
0.8598
0.8643622
0.8204478
0.7573843
0.8870841
0.8501742
0.7575049
0.8520677
0.8734254
0.7741102
0.796634
0.7983706
0.7679736
0.7723096
0.7471985
0.8815854
0.8296109
0.8609778
0.853844
0.8012552
0.8656806
0.8491582
0.8726256
0.7669038
0.7547162
0.7914234
0.7900429
0.8224266
0.7919239
0.8625992
0.8634903
0.841744
0.8574459
0.8916279
0.8317205
0.8559682
0.7647138
0.7821551
0.7444219
0.87238
0.8517221
0.8776453
0.7776108
0.8780308
0.8103427
0.7701279
0.8420683
0.85529
0.7710174
0.7442007
0.8451566
0.8582776
0.8646896
0.8666205
0.8739242
0.8652638
0.859834
0.8471816
0.8171124
0.8101902
0.8092802
0.7879946
0.8714877
0.1719789
0.8631015
0.84667
0.8692592
0.8050444
0.8928415
0.8621462
0.7750645
0.8703125
0.8735121
0.8389137
0.8590583
0.878284
0.7639595
0.7605358
0.7912599
0.8010612
0.7814863
0.8124805
0.802763
0.801624
0.7612033
0.7724399
0.7811852
0.7649196
0.79948
0.7924737
0.8879572
0.8134606
0.7606072
0.7857439
0.7836467
0.8878115
0.7966677
0.788972
0.8193054
0.5757947
0.6935712
0.8185621
0.790715
0.8037298
0.8769341
0.8637601
0.8215958
0.8065935
0.8420076
0.8314785
0.837162
0.7841547
0.7848395
0.8458932
0.8851775
0.8087797
0.7872243
0.789845
0.7777204
0.801068
0.8155444
0.7993573
0.8195539
0.7827495
0.8079083
0.7983033
0.7988149
0.7988629
0.7980097
0.8494202
0.8105456
0.8159675
0.7713782
0.9264726
0.7643903
0.8369066
0.7810647
0.8037676
0.8329907
0.7305355
0.793209
0.8046336
0.803391
0.8189877
0.8112464
0.7802781
0.7961842
0.7950097
0.8033589
0.7879414
0.579175
0.8230417
0.8167078
0.8129629
0.7305851
0.710341
0.7099798
0.7198434
0.8168408
0.7914254
0.8252573
0.7645792
0.8086746
0.8442844
0.8288644
0.8236366
0.8270555
0.8053742
0.7707375
0.8349143
0.8506808
0.8281661
0.8253773
0.8147574
0.8225526
0.8353776
0.8140624
0.9806002
0.9784205
0.9813534
0.981514
0.9810135
0.9796294
0.9805048
0.9764135
0.9781115
0.9796014
0.9777395
0.9803493
0.9788038
0.9830007
0.9802236
0.9806084
0.9794892
0.9790915
0.983052
0.979886
0.9794387
0.9799269
0.9784162
0.9769936
0.9799505
0.9804121
0.9796044
0.9843946
0.981081
0.9810883
0.9783671
0.9777056
0.9806648
0.9818547
0.9792581
0.9781397
0.9815664
0.982477
0.9814038
0.9817172
0.9829724
0.984
0.9800188
0.981651
0.9805312
0.9808585
0.9774369
0.9795621
0.9797149
0.9796611
0.9802806
0.9798323
0.9790238
0.979424
0.9802372
0.978486
0.9859875
0.9781864
0.9804306
0.9778668
0.9793109
0.9809671
0.979772
0.9780129
0.9807927
0.9791859
0.9809237
0.9804061
0.9760256
0.9792454
0.9788824
0.9793045
0.9782441
0.9780751
0.9800844
0.9799867
0.9812911
0.9795005
0.9786642
0.9787386
0.9782563
0.9804352
0.9798987
0.9802039
0.9770151
0.9794828
0.9793347
0.9812767
0.9791673
0.9770398
0.9789515
0.9805627
0.9792433
0.9826225
0.9800356
0.9794316
0.9806885
0.9811542
0.9809463
0.9797451
0.9803249
0.9786096
0.9810254
0.9820286
0.9806284
0.9796083
0.9802374
0.976608
0.9784227
0.9801014
0.9783616
0.9797595
0.9787224
0.9823095
0.9799474
0.9803232
0.9791672
0.9789361
0.9825897
0.9794518
0.9790627
0.9799806
0.9787926
0.9770745
0.9798462
0.9808213
0.9791631
0.9845712
0.9808844
0.9804144
0.978272
0.9774149
0.9805515
0.9813503
0.9789868
0.9777083
0.9810995
0.9815229
0.9819071
0.9818668
0.982549
0.9836129
0.9796061
0.9821361
0.9808541
0.9810986
0.9772687
0.9795841
0.9796189
0.9796085
0.9797094
0.9798005
0.9791582
0.9796671
0.9798907
0.9790697
0.9850585
0.9781736
0.9805173
0.9772525
0.9791144
0.9806791
0.9803307
0.9782805
0.9809014
0.978912
0.9810459
0.9795579
0.9756061
0.9788802
0.9791962
0.9789131
0.9779871
0.9790158
0.9801404
0.9803466
0.9807951
0.9794788
0.9784633
0.9788502
0.9782792
0.9802214
0.9802313
0.9801723
0.9764398
0.9799186
0.9788194
0.98168
0.9789203
0.9772518
0.9790401
0.9809242
0.9788523
0.9823049
0.979749
0.97873
0.9803598
0.9809402
0.9806901
0.979601
0.7775481
0.8489258
0.83382
0.7973663
0.870987
0.8190563
0.8474153
0.7909565
0.7890124
0.7867778
0.7893965
0.809357
0.8384576
0.929425
0.8511376
0.7347458
0.8353055
0.8339894
0.9299329
0.8147501
0.8075597
0.8452439
0.723376
0.7106428
0.8414531
0.8275243
0.8656528
0.8890185
0.8927995
0.8793706
0.8249035
0.860002
0.8828953
0.8829146
0.8262935
0.8456002
0.8980581
0.9207373
0.8147481
0.8294642
0.8087156
0.8006118
0.849971
0.8305553
0.8216032
0.8353886
0.8418826
0.867667
0.8489185
0.849136
0.8415801
0.8480397
0.871447
0.8284244
0.8430264
0.783938
0.9483266
0.7982266
0.8650691
0.8392824
0.8601167
0.889857
0.7146839
0.8122498
0.8101112
0.8592843
0.831526
0.8591298
0.8342516
0.8314338
0.8131524
0.860692
0.8492283
0.7177799
0.846555
0.8382652
0.8368322
0.7231005
0.7115989
0.7178963
0.7441758
0.8582474
0.8322155
0.875042
0.8197264
0.8197389
0.8902566
0.8515771
0.86014
0.8519664
0.852426
0.7425285
0.8645368
0.9043559
0.8445027
0.8378471
0.8456611
0.844847
0.8485434
0.8719985
0.7874875
0.8488608
0.8403982
0.8105109
0.8711656
0.8270464
0.8518208
0.8027995
0.8010304
0.8020591
0.8024392
0.8227179
0.8421815
0.9279535
0.8526984
0.769581
0.8403436
0.8400314
0.9280838
0.8244187
0.8173646
0.8467687
0.7645349
0.7554676
0.8353717
0.8319731
0.8634788
0.8894032
0.8976974
0.8772552
0.8360849
0.8663119
0.8817335
0.8792329
0.8315087
0.8473722
0.8957941
0.9184727
0.8135423
0.8331184
0.8102637
0.8142924
0.851134
0.8302926
0.8246708
0.838908
0.8434897
0.8682892
0.8512275
0.8509917
0.8432499
0.8509391
0.8765312
0.8314165
0.8494211
0.7953913
0.9495584
0.8041884
0.8648359
0.8386267
0.8548412
0.8892203
0.7568208
0.821091
0.8226072
0.8610562
0.8329843
0.8605511
0.8370522
0.8306614
0.8211585
0.8626722
0.851081
0.7548552
0.8489162
0.8304822
0.8380254
0.7702618
0.756446
0.7596034
0.7810635
0.8597815
0.8363728
0.8732075
0.8208892
0.8240586
0.8877459
0.8502457
0.8544314
0.8420686
0.8508764
0.7830718
0.8598639
0.9013058
0.8407045
0.842564
0.8529645
0.8465076
0.8456228
0.8685279
0.807484
0.8347694
0.8307846
0.8108054
0.8513235
0.8336168
0.8365228
0.8045522
0.8130031
0.8165911
0.8063257
0.8301741
0.8309127
0.9113412
0.8442886
0.8173919
0.8248236
0.8217229
0.9103356
0.831737
0.8259438
0.8445431
0.7732194
0.804678
0.8196082
0.82779
0.8442827
0.8837561
0.8881425
0.8576113
0.8416837
0.8757614
0.86168
0.8642264
0.8212573
0.8310218
0.8773806
0.9069531
0.8181146
0.8052037
0.8042606
0.7893789
0.8406994
0.8379078
0.831977
0.8470756
0.8315011
0.8486169
0.8357391
0.8356358
0.8321256
0.835822
0.8644085
0.8420409
0.848433
0.8109828
0.9394768
0.8017149
0.8644315
0.8259046
0.8381335
0.8652935
0.808345
0.8283054
0.8307318
0.8437271
0.845268
0.8474589
0.8256459
0.8194013
0.8297583
0.844161
0.8355883
0.7943658
0.8517722
0.8151222
0.8435913
0.8197046
0.8055747
0.8021876
0.8093809
0.8532299
0.8305088
0.8634171
0.8136243
0.8387125
0.8758548
0.8529435
0.8327331
0.8302506
0.8330735
0.8184961
0.8395292
0.8818677
0.827218
0.849025
0.8385346
0.8504141
0.8291678
0.8407668
0.7803082
0.8191075
0.7771387
0.8005253
0.8365953
0.7607376
0.8015109
0.7866159
0.7870693
0.7927869
0.7871127
0.7208817
0.7938671
0.9147319
0.805939
0.8089708
0.785272
0.7853468
0.9160393
0.716901
0.7154737
0.7957118
0.7867979
0.7916992
0.8361239
0.7770758
0.837211
0.8852076
0.8878142
0.8535536
0.8139406
0.8489558
0.8576253
0.860115
0.8027815
0.8076531
0.8732515
0.9071489
0.8301923
0.830764
0.8106389
0.8067655
0.8073717
0.7754136
0.7724164
0.784978
0.8149412
0.8303655
0.8002126
0.8006267
0.7836418
0.7998707
0.854684
0.7725362
0.7979439
0.7845082
0.9395028
0.789609
0.8542831
0.8104252
0.8395797
0.8577376
0.7986929
0.7213516
0.8160164
0.8224444
0.7808647
0.8185229
0.8076843
0.7961396
0.7192797
0.824567
0.821034
0.791681
0.795037
0.8309462
0.7663451
0.8162438
0.8031988
0.8034107
0.8132329
0.8136069
0.7918955
0.8570335
0.7860387
0.7699135
0.8683526
0.8146721
0.8471409
0.8449897
0.8251269
0.8216167
0.8543203
0.8754726
0.8441449
0.7930979
0.7936217
0.7925885
0.8493535
0.8489725
0.788292
0.8307306
0.7840862
0.8068083
0.8454334
0.7651474
0.8117126
0.7976139
0.7941556
0.7985777
0.7958663
0.7197603
0.805433
0.9198566
0.8136642
0.8103019
0.7953379
0.7960247
0.9203076
0.717219
0.7208681
0.8030662
0.7939183
0.8006007
0.8430041
0.7849711
0.8474708
0.8898897
0.8939995
0.8626514
0.8199045
0.8507969
0.8660614
0.8675242
0.8121428
0.818908
0.8811341
0.9108501
0.8348544
0.8383314
0.8180621
0.8139013
0.8171918
0.776816
0.777165
0.7868938
0.8270044
0.8406097
0.8091955
0.8093828
0.7920167
0.8090467
0.8619322
0.7762041
0.804602
0.7927144
0.9426503
0.7979159
0.8610804
0.8213032
0.8503995
0.8664914
0.8053991
0.7260005
0.8208236
0.832655
0.7823308
0.8266094
0.8196256
0.8038653
0.7232122
0.8349821
0.8325006
0.7983482
0.8002201
0.8384709
0.7680824
0.8221918
0.8088982
0.810608
0.8218265
0.8198245
0.8005554
0.8645069
0.7958887
0.7730295
0.8751148
0.8208449
0.8530577
0.8505299
0.8364411
0.8270424
0.8595775
0.8827747
0.8502354
0.7973899
0.797532
0.7972565
0.8552256
0.8585016
0.7816159
0.8169725
0.773214
0.7990458
0.8310058
0.7619543
0.7995386
0.7869915
0.7854749
0.7974872
0.787305
0.7189945
0.7934751
0.9115971
0.8084432
0.8076058
0.7800643
0.7788514
0.9125799
0.7184568
0.7185975
0.7986399
0.7861935
0.7904954
0.830548
0.7722652
0.8330493
0.8848983
0.8858185
0.8486693
0.8125934
0.8444964
0.8550837
0.8555351
0.8014025
0.8019246
0.8684058
0.9045168
0.8282187
0.8291727
0.8114683
0.8070646
0.8067518
0.7752983
0.7717445
0.7892359
0.8115329
0.8261616
0.7956061
0.7956813
0.7824026
0.7952589
0.8580898
0.7720346
0.7920116
0.7845687
0.9385412
0.7893357
0.8539715
0.8041714
0.8336881
0.8536602
0.800783
0.7214613
0.8157516
0.8192736
0.7810281
0.8154351
0.805522
0.790204
0.7204308
0.8212926
0.8174041
0.7903084
0.790267
0.8309054
0.7631126
0.8153575
0.802658
0.8003512
0.8115725
0.8101648
0.7883165
0.8538821
0.7840722
0.7748159
0.8608886
0.8185059
0.845493
0.8427454
0.8203313
0.8251508
0.8540553
0.8726689
0.8425785
0.7939136
0.7887605
0.7892269
0.8487707
0.8438307
0.7935657
0.8322621
0.7830211
0.8094782
0.8471643
0.7708854
0.8142536
0.8003168
0.7974749
0.8018486
0.7991625
0.7251576
0.8069168
0.9190871
0.8182081
0.8170032
0.7962217
0.7959934
0.9209244
0.7244811
0.7227058
0.8053147
0.7990573
0.8042936
0.8443427
0.7865465
0.8485761
0.8897265
0.8936074
0.8627496
0.8231709
0.8544296
0.8671752
0.8673908
0.8139103
0.8184927
0.8820481
0.9113244
0.8397442
0.8406236
0.8208738
0.8168259
0.8192372
0.7838124
0.7827526
0.7928098
0.8277828
0.8424182
0.8105973
0.8107088
0.7948712
0.8104736
0.8636476
0.7813254
0.8034464
0.7985235
0.9426142
0.8011199
0.8611067
0.8221777
0.8503651
0.8665108
0.812303
0.7302382
0.8254674
0.8328949
0.7879259
0.8286135
0.8207809
0.8032565
0.7280952
0.8350119
0.8331593
0.8034675
0.8004166
0.8391619
0.768705
0.8266157
0.813419
0.8127446
0.8254943
0.82205
0.8029419
0.8653196
0.7982625
0.7797525
0.8753183
0.8221204
0.8568266
0.852324
0.8349977
0.8314688
0.8638634
0.8829401
0.8525506
0.799119
0.8013951
0.7978522
0.8567495
0.8582785
0.7909662
0.8319334
0.783463
0.8102681
0.8479508
0.7655035
0.8141512
0.7990195
0.795068
0.7990439
0.7981052
0.7200511
0.8057301
0.9194794
0.8156496
0.813285
0.7953807
0.7943965
0.9205808
0.7164079
0.7199454
0.8005177
0.7949515
0.8019636
0.8439609
0.7857947
0.8488008
0.8922561
0.8940335
0.8639888
0.8218179
0.8549686
0.8691689
0.8698262
0.8154229
0.8203611
0.8822861
0.9116949
0.8365491
0.8406279
0.8187154
0.8140244
0.8190444
0.7773655
0.7789674
0.7878888
0.8273349
0.8424435
0.8112066
0.8117253
0.7922177
0.811106
0.8643476
0.7787345
0.8016162
0.7978948
0.9435677
0.801741
0.8602775
0.8227007
0.8496077
0.8678783
0.8057621
0.7218364
0.8243105
0.8339193
0.7817172
0.8294485
0.8202381
0.8045798
0.7176871
0.8366192
0.8350149
0.8007389
0.7946531
0.8401509
0.7669079
0.8186303
0.8079759
0.8075104
0.8214465
0.8225428
0.8022498
0.86681
0.7983343
0.7761138
0.8752365
0.8198437
0.8547828
0.8514307
0.837581
0.8297849
0.8617304
0.8836706
0.8510207
0.7966744
0.7971014
0.7922113
0.8565812
0.8596146
0.7062002
0.8179676
0.8112256
0.7831269
0.8411678
0.797376
0.8198415
0.7705836
0.7766674
0.7770467
0.7759437
0.7964812
0.8084619
0.911854
0.8245556
0.7896711
0.8086813
0.8091452
0.9113582
0.7886811
0.7815731
0.8243335
0.7682275
0.7710065
0.8349346
0.8010317
0.8374398
0.887895
0.8799371
0.8526535
0.8144592
0.8437863
0.8579854
0.862002
0.8028576
0.8130207
0.8731717
0.906339
0.8188129
0.8150069
0.8018162
0.8011848
0.820108
0.8033175
0.7948681
0.8103432
0.8102487
0.8375114
0.8223761
0.8228426
0.8188492
0.8218486
0.857139
0.7998544
0.8179395
0.7669744
0.9384073
0.7696322
0.8530358
0.8079929
0.8373369
0.8643203
0.7749587
0.7917784
0.7954961
0.8297568
0.807808
0.835041
0.8037128
0.8101355
0.7934249
0.8315217
0.8173346
0.7706196
0.8199337
0.8319858
0.8159941
0.7932485
0.7771304
0.7815797
0.7888228
0.8310407
0.8063273
0.8558142
0.7852199
0.7967223
0.8668164
0.8315008
0.8455014
0.8396939
0.8278375
0.7946205
0.8528285
0.880463
0.8432437
0.8186974
0.8300542
0.8203123
0.8487408
0.8479101
0.7584994
0.7860848
0.7970998
0.7742803
0.8149906
0.8035576
0.799968
0.7623871
0.7778695
0.7896177
0.7674866
0.8016431
0.7919921
0.8859528
0.8132338
0.7993534
0.7869348
0.7838672
0.883713
0.7983734
0.7883241
0.8211488
0.7475324
0.7676989
0.7847257
0.7864703
0.8011821
0.8736889
0.8632229
0.8207254
0.8071008
0.8399105
0.8231884
0.8334337
0.778373
0.7843489
0.8487008
0.8841351
0.7903624
0.7652166
0.7838643
0.7700171
0.8012761
0.8137787
0.8012612
0.8260773
0.7838412
0.807939
0.795358
0.7953232
0.7990197
0.7948552
0.8440016
0.8084487
0.8166228
0.7809777
0.9298054
0.7623439
0.8350317
0.7732099
0.8010319
0.8334123
0.7816761
0.7908769
0.802629
0.8051443
0.8178662
0.8162247
0.7776252
0.7817716
0.7932322
0.8049793
0.7857218
0.7582101
0.8239522
0.7800265
0.8177219
0.7952503
0.7803339
0.7734442
0.7752593
0.8185796
0.7909419
0.8308172
0.7587704
0.8117119
0.8390416
0.8308774
0.7968679
0.7985954
0.7957667
0.7957235
0.8079109
0.8562143
0.7942458
0.8290512
0.8107145
0.8235173
0.8019383
0.7981472
0.755904
0.7900109
0.796511
0.7511896
0.8081385
0.7986695
0.796768
0.754452
0.7680002
0.7822805
0.7619856
0.792989
0.7806492
0.8916493
0.8077199
0.8063047
0.779775
0.7807483
0.8907683
0.7867188
0.7809837
0.8152655
0.7647292
0.7727509
0.8217645
0.785751
0.8066899
0.8753753
0.862382
0.8213105
0.8081272
0.8462408
0.8282861
0.8334975
0.7753227
0.7791536
0.8464614
0.8859812
0.8043628
0.7879223
0.7795733
0.7726087
0.7963527
0.803142
0.7917951
0.8171906
0.7809692
0.8015896
0.7931732
0.7934661
0.7972945
0.7926127
0.8466869
0.8015598
0.8103016
0.7701534
0.9289654
0.7639964
0.8441808
0.7730218
0.8070777
0.8280104
0.7833864
0.7853757
0.8059992
0.7992938
0.8128428
0.816737
0.7756902
0.7999471
0.7876853
0.799654
0.7820526
0.7660459
0.8190198
0.8209911
0.8125602
0.798635
0.7800329
0.7777839
0.7834639
0.8132969
0.7842546
0.8338189
0.7634481
0.8052273
0.837352
0.82309
0.8264862
0.8306898
0.8019332
0.8061306
0.8380401
0.8548836
0.8274716
0.821534
0.8096224
0.818714
0.8365529
0.8152507
0.8351817
0.844369
0.8455582
0.8442512
0.8554377
0.8423927
0.8465021
0.8326624
0.8388053
0.8407069
0.8367178
0.8417503
0.8436737
0.9045717
0.8565541
0.8549543
0.8418969
0.8412897
0.9048925
0.8378267
0.8373288
0.8581934
0.8322601
0.8447316
0.8721454
0.837714
0.8537576
0.8938561
0.8939394
0.8656211
0.7935743
0.7472192
0.866686
0.8718485
0.8373267
0.837746
0.8748246
0.9015758
0.8660162
0.8526703
0.853264
0.8490125
0.852849
0.85139
0.8426032
0.8540814
0.8361595
0.8507383
0.846827
0.8469947
0.8470311
0.8468807
0.8711384
0.8462473
0.8518659
0.8385648
0.935035
0.834607
0.8709093
0.833237
0.8550308
0.8654609
0.8484667
0.84048
0.8588073
0.8532203
0.8527483
0.8581492
0.8300288
0.8519118
0.8413504
0.8530779
0.8366606
0.8339421
0.8567392
0.870035
0.8516149
0.8555907
0.8451974
0.8455076
0.8491324
0.8547986
0.8426073
0.8656126
0.8261199
0.8477714
0.869093
0.8675832
0.8720412
0.8797358
0.8550739
0.8485113
0.880011
0.8824005
0.8775741
0.8545356
0.8533109
0.8564981
0.8796013
0.8586578
0.7895641
0.8097154
0.8172769
0.7427154
0.8238214
0.8243034
0.8145565
0.7831109
0.7970135
0.8002506
0.7901526
0.816977
0.8055581
0.8891001
0.8255614
0.8211939
0.8046697
0.8046815
0.8884282
0.8122225
0.8068216
0.8325442
0.7855401
0.8016017
0.8348463
0.8097296
0.8202081
0.8808734
0.872517
0.8334469
0.8269685
0.858492
0.8379561
0.84368
0.7964226
0.8041283
0.8539563
0.8929136
0.8033215
0.7916115
0.789832
0.7600586
0.8162909
0.8249399
0.8126779
0.8316301
0.8023968
0.8202796
0.8138738
0.8139977
0.8170128
0.8127551
0.8578833
0.8272082
0.8299252
0.7979705
0.9284524
0.7870612
0.8503887
0.7963242
0.8204476
0.8393896
0.8079678
0.8131849
0.8186228
0.8164348
0.8354828
0.8294268
0.7976455
0.8150811
0.8140219
0.8158178
0.8021879
0.7887493
0.8378526
0.8297214
0.8315789
0.8169954
0.8029354
0.8017073
0.8010124
0.8338953
0.8101778
0.8471483
0.7888507
0.8191392
0.8512179
0.8401442
0.8382913
0.8419079
0.8181581
0.8181953
0.8477524
0.8622205
0.838971
0.839461
0.8290523
0.837686
0.8466047
0.8222672
0.7792606
0.7842306
0.7973086
0.7549587
0.8067275
0.8057693
0.7928105
0.7687435
0.7797687
0.7923757
0.7773326
0.7930548
0.7851075
0.8906661
0.8076442
0.8134041
0.7796554
0.7797998
0.8901289
0.7965732
0.7891625
0.8125473
0.7734914
0.7892202
0.8067014
0.7868156
0.8031553
0.8640482
0.8661185
0.8145134
0.8127532
0.8542016
0.8230027
0.8323819
0.7786342
0.7820113
0.8442402
0.8890055
0.7945824
0.7740337
0.780245
0.7382968
0.7965632
0.8082059
0.7921151
0.8163371
0.7837549
0.8036084
0.7934777
0.7926136
0.7919558
0.7923787
0.8336359
0.8104937
0.8146633
0.7832217
0.9299814
0.7773097
0.8413218
0.7783228
0.801665
0.8252957
0.7966656
0.7881615
0.8106942
0.8003521
0.8169416
0.8151524
0.7765352
0.7896264
0.7900293
0.7999773
0.7831955
0.7762455
0.8216003
0.7949633
0.8102933
0.8081062
0.7938577
0.7917227
0.7950743
0.8160512
0.7825966
0.8349094
0.766804
0.8086796
0.8401539
0.8247997
0.8155183
0.8212056
0.7973013
0.8082208
0.8274975
0.855236
0.8185373
0.8222448
0.8082916
0.821184
0.8202938
0.8027511
0.8166093
0.8189803
0.8277587
0.7740527
0.8304766
0.8452882
0.8209601
0.8018247
0.8161963
0.821405
0.8088553
0.8311545
0.8199142
0.8848812
0.8384499
0.8405031
0.8146458
0.8139941
0.8854329
0.8296744
0.8276944
0.8441809
0.8087984
0.8301716
0.83684
0.8248752
0.8306377
0.8775617
0.8761377
0.8365482
0.839318
0.8761154
0.842688
0.8479253
0.8106768
0.8171538
0.8589044
0.8933908
0.8044867
0.7905861
0.7875991
0.7731527
0.828334
0.8424935
0.8302761
0.8474732
0.8167683
0.8268919
0.8223902
0.8228973
0.825923
0.8214972
0.8658673
0.8471678
0.8441904
0.8203458
0.9281461
0.8100864
0.8583801
0.8125619
0.8233726
0.8406079
0.8310988
0.8299462
0.8329794
0.8278472
0.8515105
0.8447129
0.8098491
0.8262492
0.8316728
0.825858
0.8117708
0.8140466
0.8509204
0.8281258
0.844728
0.8433208
0.8304837
0.8291506
0.8247437
0.845307
0.8248016
0.8570434
0.8060737
0.8395118
0.8541937
0.8525228
0.8429363
0.8490707
0.8237095
0.8290838
0.8516424
0.8646875
0.8445343
0.8550056
0.8408823
0.8503948
0.8450453
0.8229142
0.7775874
0.6981186
0.77059
0.7919565
0.7116673
0.8020244
0.7296988
0.7467647
0.7779274
0.8022565
0.7631038
0.7974619
0.7309106
0.8196647
0.7715468
0.8405415
0.7257598
0.7267433
0.818909
0.7889451
0.7774093
0.8015958
0.7706765
0.7970815
0.8152471
0.7528404
0.7005515
0.8629874
0.8296966
0.7096438
0.8030205
0.8372791
0.7415489
0.7637397
0.7158293
0.6926878
0.7432866
0.8344777
0.8330378
0.7783536
0.8006282
0.7885483
0.742059
0.8050253
0.7796292
0.8179586
0.6263791
0.7019223
0.7290632
0.7278308
0.7601666
0.7295856
0.8211586
0.8022406
0.7865641
0.7810736
0.8983332
0.7604394
0.8238278
0.6667896
0.736238
0.7148671
0.8101697
0.7841135
0.8212962
0.7202749
0.8223863
0.7621101
0.6336855
0.7822992
0.7880483
0.7133001
0.6232691
0.7736688
0.8041111
0.8135704
0.8101546
0.819524
0.8036838
0.797784
0.7871254
0.7699654
0.7428043
0.7770057
0.6829276
0.8123099
0.761061
0.8144994
0.8033723
0.8278168
0.7484574
0.8366113
0.8223098
0.7637262
0.8253926
0.8213629
0.7824388
0.8066157
0.8336147
0.7240375
0.9714728
0.9448764
0.9597459
0.9657501
0.932414
0.9709977
0.9498532
0.963387
0.9689514
0.9725248
0.9662783
0.9683137
0.9507218
0.9179214
0.949565
0.9779192
0.9534795
0.9555025
0.918484
0.9693094
0.9671745
0.9591391
0.9697421
0.969514
0.9703244
0.9590316
0.936149
0.9548351
0.9449998
0.934562
0.9618513
0.9633425
0.9348809
0.9399914
0.9540159
0.9460735
0.9319179
0.9276567
0.9681973
0.9479169
0.965557
0.9615984
0.9467926
0.9664687
0.9650035
0.9666988
0.9489631
0.9362032
0.9490157
0.9489973
0.9566089
0.9494864
0.959702
0.9673532
0.9577049
0.9715378
0.9228193
0.9674083
0.9595265
0.9532749
0.9483855
0.9241802
0.9747609
0.9666695
0.9709079
0.9406717
0.9718722
0.9458582
0.9511502
0.9639679
0.9677189
0.9394976
0.9433255
0.9676845
0.96044
0.9687438
0.9679407
0.9671618
0.9687706
0.9679069
0.9628676
0.94905
0.9538203
0.9454945
0.9598022
0.9691411
0.9329706
0.9632045
0.9616928
0.9690889
0.9545433
0.9736421
0.9649376
0.9255122
0.9716276
0.9670622
0.9608697
0.9625597
0.9723401
0.9411532
0.8625369
0.8566746
0.8678066
0.8666881
0.8525647
0.8776601
0.8585143
0.8526632
0.8663043
0.8737003
0.8585849
0.8775649
0.8523387
0.8975152
0.8657932
0.8906728
0.8525663
0.854789
0.8956871
0.8767863
0.869215
0.8752574
0.8606736
0.8721379
0.8889781
0.8588981
0.8585324
0.8895894
0.8975971
0.8691785
0.8776141
0.897683
0.868433
0.8778341
0.8540049
0.8486999
0.8824719
0.9029862
0.8814209
0.8520764
0.8692005
0.8539661
0.8562954
0.8769296
0.866808
0.883208
0.8512723
0.8526009
0.8581807
0.857909
0.8648844
0.8578852
0.8828949
0.8760922
0.8767015
0.8694021
0.9292098
0.8618502
0.8905026
0.8523123
0.8662849
0.86123
0.8796865
0.8734811
0.8796812
0.8514526
0.8892775
0.8701257
0.8516171
0.8753471
0.8757138
0.8502051
0.8470626
0.8636975
0.8814038
0.8849957
0.8804855
0.8834758
0.8739459
0.8715003
0.8647063
0.8741191
0.8573034
0.8824978
0.8521623
0.8780613
0.8775387
0.8840794
0.8866133
0.8949303
0.8677588
0.8782423
0.8942489
0.8812873
0.894028
0.8863209
0.8719081
0.8823406
0.894156
0.8675799
0.8614631
0.8505347
0.8666091
0.8681813
0.8477057
0.8779366
0.855224
0.85092
0.8659356
0.8723322
0.8577416
0.8776428
0.8476416
0.8940812
0.8632166
0.8908636
0.8512984
0.8526178
0.8926156
0.875009
0.8653417
0.8756586
0.8586458
0.8712417
0.8899069
0.8584954
0.854112
0.8891222
0.8940866
0.863933
0.87562
0.8954476
0.8620927
0.8724708
0.8529297
0.8436325
0.8793634
0.8994823
0.8853754
0.8498935
0.8687103
0.8544239
0.8538986
0.8762753
0.8668383
0.8831924
0.8481835
0.8482133
0.8549365
0.8546812
0.8644313
0.8546951
0.879971
0.8734331
0.8733281
0.8692249
0.9268948
0.8586952
0.8902632
0.8472076
0.8636652
0.8559582
0.8789149
0.8690411
0.8795013
0.8466707
0.8859984
0.8646094
0.8486899
0.8730563
0.8720549
0.8450954
0.8428615
0.8607342
0.8772547
0.886242
0.8795846
0.8822164
0.8741159
0.8698455
0.8631621
0.8703442
0.8512678
0.8789881
0.8471508
0.8781893
0.8723686
0.8835621
0.8856379
0.8907924
0.8641819
0.8794435
0.8927803
0.8768075
0.8925332
0.8855563
0.8693343
0.8786559
0.8951466
0.8635589
0.8549603
0.7683101
0.8284232
0.8594498
0.7605835
0.8662805
0.790267
0.8270259
0.8486837
0.8668747
0.8376844
0.8623606
0.8005097
0.792918
0.8237156
0.8973089
0.7962226
0.7969579
0.793517
0.8577695
0.8477537
0.8502969
0.8453994
0.8609283
0.8649857
0.8204179
0.7565071
0.8873038
0.8497715
0.7565613
0.8520065
0.8738791
0.7743291
0.7971627
0.7983977
0.7672001
0.7714383
0.7478481
0.8816881
0.8295029
0.8620283
0.853463
0.8011262
0.8661821
0.8489487
0.8719993
0.7665139
0.7544796
0.7903118
0.7891583
0.8216284
0.7909757
0.8623686
0.863844
0.8413095
0.857496
0.8913436
0.8322913
0.855919
0.7637374
0.7822743
0.7435787
0.8727734
0.8512252
0.8775648
0.7768645
0.8769614
0.8102738
0.7697204
0.8423332
0.854994
0.7702298
0.7430928
0.8451275
0.8574483
0.8644802
0.8665459
0.8747378
0.8655639
0.8597733
0.8472505
0.8171367
0.8097492
0.8090722
0.7882077
0.8719291
0.0808356
0.8630532
0.8474441
0.869669
0.8051679
0.8931539
0.8624515
0.7747415
0.8707179
0.8736494
0.8374173
0.8589163
0.8790205
0.7644688
0.7818764
0.8276513
0.8205831
0.7693172
0.8540676
0.8133709
0.8329198
0.7864841
0.7893431
0.7883467
0.7882312
0.805297
0.8265411
0.914785
0.8387613
0.7972005
0.823454
0.8203602
0.9141965
0.8113848
0.8040632
0.8352169
0.7798562
0.7915681
0.8226732
0.818782
0.8447422
0.888137
0.8877262
0.8617245
0.826074
0.8598768
0.8650812
0.8691364
0.8112826
0.828648
0.8842629
0.9081358
0.7957242
0.7995308
0.791506
0.7742592
0.8345149
0.8192352
0.8130131
0.8281771
0.8272632
0.851095
0.8357214
0.836593
0.8257921
0.8347107
0.8638372
0.8226292
0.8369878
0.785958
0.9427075
0.7845717
0.8557736
0.8231502
0.8422134
0.8727371
0.7995796
0.8049455
0.807853
0.843976
0.8240808
0.8479829
0.8200642
0.8145259
0.8043249
0.844559
0.833595
0.7861976
0.8388495
0.8135938
0.8259119
0.8051396
0.7952192
0.7946103
0.8039846
0.8455772
0.8237639
0.865203
0.80139
0.8136988
0.8744781
0.8436402
0.84022
0.8304658
0.8314824
0.8027568
0.8453602
0.8907212
0.8250127
0.8326638
0.8379737
0.8380709
0.8338042
0.8494008
0.7951538
0.835497
0.8244197
0.7993974
0.8600929
0.8150685
0.8403366
0.7986216
0.7922024
0.7964394
0.7937889
0.8065725
0.8333576
0.9207141
0.8457188
0.8034735
0.8239261
0.8216883
0.9205557
0.80376
0.8043485
0.8385066
0.7863166
0.7924443
0.8329785
0.8171686
0.8538593
0.8833767
0.8903907
0.8663666
0.819476
0.8585279
0.8710958
0.8678607
0.8160829
0.8337248
0.8853733
0.9154861
0.8186505
0.8315799
0.8062099
0.80844
0.8417402
0.8223097
0.8153979
0.8308835
0.8295035
0.8563369
0.8401568
0.8409671
0.8290924
0.8398307
0.8701609
0.8221536
0.8406015
0.7827266
0.9493453
0.7844171
0.8653329
0.8245942
0.8492911
0.8784163
0.8062894
0.8029458
0.8059935
0.8525018
0.823644
0.850933
0.8211891
0.8222687
0.8016595
0.8531592
0.8372313
0.7933939
0.837285
0.8293962
0.8257881
0.8138978
0.7979358
0.799439
0.8130286
0.8473475
0.8277248
0.8698032
0.8053358
0.8216552
0.8774158
0.8434849
0.8489386
0.845015
0.8366891
0.8183271
0.8542461
0.8933322
0.8389424
0.8337449
0.8406986
0.8359396
0.8424741
0.8550079
0.8045068
0.8267911
0.8273026
0.7760272
0.8425143
0.8317668
0.8316594
0.799421
0.8046454
0.8108795
0.8021748
0.8227716
0.8272187
0.8977815
0.8382984
0.8313151
0.8212652
0.8217774
0.8997354
0.8234182
0.8220069
0.8428932
0.7989691
0.8067339
0.8551978
0.8262713
0.8366999
0.884025
0.8807164
0.8512207
0.829452
0.8685378
0.8577077
0.8592544
0.8140564
0.8221627
0.868387
0.8969855
0.8206584
0.8066437
0.7991676
0.7922724
0.8323461
0.8370438
0.8270192
0.8406824
0.822947
0.8368792
0.8295814
0.829591
0.8290722
0.8290151
0.8674962
0.8357674
0.8416843
0.8090383
0.9345079
0.8007577
0.8657443
0.8171396
0.8409645
0.8550065
0.8154134
0.8226106
0.8317805
0.8368454
0.8412532
0.8397478
0.8159055
0.8330269
0.8230807
0.8368051
0.8230418
0.7996599
0.8435792
0.8489322
0.8376609
0.8216616
0.8092992
0.8091405
0.8106518
0.8466028
0.8259499
0.8595296
0.8061451
0.8305416
0.8605995
0.849132
0.8587015
0.8604651
0.8400472
0.8269609
0.8658018
0.874401
0.8575055
0.8433041
0.8417597
0.8450552
0.862481
0.8450693
0.7532003
0.7893756
0.798653
0.7824402
0.8152429
0.800113
0.7980764
0.7662088
0.777271
0.7874909
0.7707312
0.7969792
0.7903346
0.8930877
0.8169087
0.7939794
0.7832746
0.7809428
0.8920015
0.7916723
0.7842591
0.8218833
0.7539206
0.7754121
0.7976683
0.788208
0.8052789
0.87353
0.8663308
0.818146
0.8086539
0.8451476
0.8228236
0.8321673
0.7793604
0.7855492
0.8449434
0.8912991
0.8105096
0.7893069
0.7911199
0.7839026
0.8065329
0.8101088
0.795954
0.8197514
0.7783836
0.8084512
0.7976804
0.7978252
0.7975236
0.7961672
0.839103
0.8029656
0.8104874
0.7736701
0.9294362
0.7624714
0.8391648
0.7745103
0.8018493
0.8332059
0.7857987
0.7879199
0.8022192
0.8048914
0.8152678
0.8163335
0.7776473
0.7892468
0.7888841
0.8054007
0.7836355
0.7616613
0.8203658
0.7977171
0.8156851
0.7990015
0.7838403
0.7808056
0.7851372
0.8193237
0.7871493
0.8338872
0.761829
0.8044495
0.8434652
0.8310426
0.812567
0.8118538
0.7980132
0.8054297
0.8224158
0.8574111
0.811646
0.8192754
0.8104637
0.8207964
0.8148668
0.8049389
0.7890972
0.8142695
0.7716497
0.8021216
0.8281354
0.7717014
0.7924984
0.7878144
0.7912954
0.7993491
0.7918993
0.2960634
0.789633
0.9077223
0.8090078
0.8222387
0.7811951
0.779252
0.9074492
0.6468424
0.6774858
0.8001299
0.7928536
0.7985841
0.8380115
0.7776101
0.8317254
0.8822572
0.8833766
0.8460643
0.8137453
0.8490028
0.8506413
0.855221
0.8014243
0.7982994
0.8658394
0.9023338
0.8321932
0.8246441
0.8145761
0.8041191
0.8042151
0.7833289
0.7749972
0.7885273
0.808887
0.8224209
0.7934222
0.7939727
0.7782966
0.7938385
0.8540799
0.7850451
0.7954013
0.7954326
0.93706
0.7967864
0.8528172
0.8044838
0.8339149
0.8469546
0.8105319
0.6830177
0.8170617
0.8143404
0.7860676
0.8158584
0.8027308
0.797403
0.6808451
0.8158064
0.8139479
0.7985848
0.793808
0.8270664
0.7635898
0.8210133
0.8066809
0.8057136
0.8116678
0.8072561
0.7817331
0.8508868
0.7864061
0.7804803
0.862478
0.8180142
0.8447676
0.847296
0.8190482
0.8244262
0.8545277
0.8686958
0.8464176
0.7917756
0.7875593
0.7912463
0.8497164
0.8396074
0.8692895
0.9033472
0.8969245
0.8796325
0.9248903
0.8776534
0.9088446
0.876199
0.8724519
0.869987
0.8740907
0.8817774
0.9000624
0.9589036
0.9063237
0.863433
0.8989349
0.9000793
0.9580603
0.8794699
0.8760272
0.9005458
0.8657879
0.8634371
0.8829725
0.8895499
0.9171908
0.9334408
0.9355174
0.9278319
0.892844
0.8997164
0.9288339
0.9283349
0.8940074
0.9049487
0.9372201
0.952088
0.8861252
0.9052375
0.8959819
0.8964022
0.9065919
0.8904619
0.8851525
0.893739
0.9036605
0.9217171
0.909259
0.9094418
0.9032027
0.9091571
0.9116721
0.8785363
0.8984651
0.8668956
0.9727152
0.8748171
0.9136422
0.9022288
0.9136762
0.9373311
0.869704
0.8761516
0.889998
0.9148112
0.8811318
0.9130284
0.8984633
0.8856126
0.8764015
0.9165648
0.9111246
0.8696247
0.8972056
0.8847083
0.8903486
0.8787088
0.8703205
0.8733871
0.8832001
0.9092304
0.8954945
0.9218838
0.8812153
0.8868621
0.9309716
0.9002782
0.8997792
0.8847063
0.9028269
0.8827072
0.9003383
0.943663
0.8879942
0.8938202
0.9021474
0.8974223
0.8874566
0.9208732
0.8493257
0.8902782
0.8836675
0.8574656
0.9148423
0.8629248
0.8971609
0.8574016
0.8540313
0.8510164
0.8569291
0.8656864
0.8886263
0.9540902
0.8964532
0.8416206
0.8861716
0.8850107
0.953195
0.8666994
0.8636696
0.8869537
0.8440078
0.8461962
0.8659376
0.8743195
0.9067614
0.9192941
0.929373
0.9175324
0.8780585
0.8937194
0.9185642
0.9181317
0.8779057
0.8944307
0.9312654
0.9465377
0.868686
0.8849696
0.871444
0.8733461
0.8962183
0.871554
0.8672476
0.8777501
0.8898087
0.9113116
0.897158
0.8967588
0.8885554
0.8963745
0.902224
0.8648488
0.8875581
0.8516304
0.9691313
0.8580721
0.9025265
0.8875099
0.8989142
0.9291327
0.8470604
0.8629505
0.8724083
0.9048464
0.8679429
0.9022654
0.8850543
0.8681872
0.8647996
0.9062353
0.897909
0.8495427
0.8859019
0.8643656
0.8789524
0.8595144
0.8546237
0.8532647
0.8675435
0.8980869
0.883669
0.911384
0.8647818
0.8699755
0.9225973
0.8870406
0.8871979
0.8675023
0.8885423
0.8574631
0.8896744
0.9368171
0.8679328
0.8759348
0.8903258
0.8855866
0.8725873
0.9077102
0.8668641
0.8986891
0.8932174
0.8761703
0.9196085
0.8728564
0.9053241
0.8718964
0.8674354
0.8659991
0.8719378
0.8795836
0.8953342
0.9556929
0.9032386
0.86589
0.8962042
0.8948182
0.9558991
0.8750141
0.874364
0.8963747
0.8599225
0.8602272
0.8757646
0.8830064
0.9119615
0.9281782
0.9312279
0.9227004
0.8859624
0.8959194
0.9214036
0.9213324
0.8868879
0.900113
0.9327362
0.9461622
0.8823404
0.8958005
0.8885748
0.8896864
0.9031804
0.8814106
0.8787094
0.8868599
0.896572
0.916469
0.9040298
0.9044006
0.8972581
0.9040336
0.9103808
0.8757476
0.896182
0.8677602
0.9684877
0.8698152
0.9130024
0.894644
0.904943
0.9315331
0.8680466
0.8763655
0.88807
0.9091752
0.8779984
0.9083507
0.8924255
0.8812698
0.8777907
0.9103894
0.9024064
0.8638308
0.896667
0.8783691
0.890591
0.8731676
0.8694245
0.8703208
0.8795049
0.9055925
0.8925601
0.917433
0.8770331
0.8781658
0.9234384
0.8956884
0.8922888
0.8779923
0.8987644
0.875469
0.8946565
0.9387799
0.8834042
0.8898627
0.8965058
0.8961381
0.884799
0.912534