0.8273729
0.7771895
0.7702346
0.7780324
0.7170949
0.806092
0.8004473
0.8086025
0.7999804
0.8144608
0.7925851
0.8429633
0.8235204
0.8248827
0.7825886
0.8025506
0.773929
0.8298979
0.7760796
0.7036194
0.692074
0.8518084
0.8389147
0.8289136
0.8270209
0.8338938
0.7717444
0.7833149
0.7676595
0.6992192
0.7126006
0.7150222
0.6944239
0.7130269
0.7150145
0.7105823
0.6933535
0.6956473
0.7220792
0.8068512
0.773022
0.7752777
0.8297512
0.8280245
0.7671949
0.8412953
0.7768306
0.8302191
0.7715094
0.7698394
0.7834068
0.7853678
0.8484726
0.8235471
0.7743627
0.8008488
0.781648
0.838236
0.7706359
0.7942297
0.8245588
0.7846403
0.7875716
0.7934308
0.8251112
0.7792994
0.7666533
0.8296199
0.8071523
0.7754459
0.8613506
0.8163255
0.7655161
0.8389781
0.8145322
0.7937322
0.7736171
0.7775524
0.7708369
0.7701476
0.7748842
0.7714123
0.7895551
0.8186474
0.8706817
0.8081776
0.7704633
0.7822041
0.8192722
0.7864516
0.8161004
0.7669353
0.7704151
0.8647142
0.7656796
0.7749729
0.8243982
0.8308891
0.8936881
0.8617558
0.821756
0.7829825
0.7737981
0.7842762
0.7633904
0.816217
0.798528
0.8041078
0.8048901
0.81959
0.800279
0.8463068
0.823392
0.8239842
0.7795192
0.8107182
0.7755299
0.8261157
0.7778722
0.7881756
0.7481806
0.8513937
0.8337038
0.8334331
0.8205628
0.8409617
0.7715775
0.7732759
0.7643942
0.753596
0.7559814
0.7579463
0.7462546
0.7568996
0.7574124
0.7609507
0.7496736
0.7435996
0.7585654
0.8099715
0.7696203
0.7740442
0.8270347
0.8327457
0.7646232
0.8401152
0.7779372
0.833449
0.7711077
0.7671073
0.7902866
0.7883864
0.8564437
0.822703
0.7742324
0.7948607
0.777514
0.8387567
0.7744492
0.7988896
0.8247438
0.7778096
0.7841286
0.7906097
0.8241155
0.7677596
0.7661671
0.8244005
0.8099536
0.7793186
0.8615909
0.818122
0.7645073
0.8385289
0.8170787
0.798653
0.7807462
0.7844479
0.7695634
0.7675213
0.7763105
0.7732155
0.7940111
0.8140089
0.8713942
0.8096512
0.7772361
0.7828329
0.8287767
0.7849362
0.8147084
0.7690801
0.772564
0.8628975
0.7628673
0.778889
0.8239037
0.8322039
0.8935923
0.8599406
0.8345548
0.7771754
0.7605824
0.7673601
0.6194337
0.8001293
0.7973701
0.8074144
0.7966624
0.8177133
0.7930293
0.843167
0.8239582
0.8275169
0.7708493
0.8036746
0.7692788
0.8271739
0.7707746
0.744971
0.6956596
0.8569739
0.8352792
0.8302761
0.8180003
0.8339784
0.7539365
0.7723857
0.7551271
0.6943166
0.7140946
0.7121069
0.6919882
0.7110314
0.7023449
0.7086884
0.7002367
0.6880156
0.723056
0.8108806
0.7653284
0.7699206
0.8302083
0.8248804
0.7605477
0.8403538
0.7699833
0.8283986
0.7691811
0.7572964
0.7749902
0.7818151
0.8500945
0.818589
0.7600625
0.7955735
0.7783343
0.839882
0.7669393
0.7903833
0.8210344
0.7702362
0.7728994
0.7868579
0.8224015
0.7627769
0.7589249
0.8262228
0.8093475
0.7712732
0.8597071
0.8085983
0.7567678
0.8375264
0.8102863
0.7856293
0.7731994
0.774814
0.7596244
0.7604801
0.7669299
0.7658429
0.7854678
0.8175863
0.8763474
0.7885797
0.771683
0.7667277
0.8179409
0.7703516
0.8135018
0.7583184
0.763947
0.8644558
0.7609
0.7627049
0.8289125
0.8273134
0.8935867
0.864581
0.8355398
0.7941681
0.7959574
0.7785918
0.807491
0.8207238
0.8022701
0.8076496
0.8172008
0.8270922
0.7997154
0.8289875
0.8229668
0.8216641
0.7702479
0.8182852
0.7853315
0.8474301
0.8057953
0.8374267
0.8032163
0.8442194
0.8414101
0.8316489
0.8229783
0.8200382
0.7899021
0.7835347
0.7735849
0.7981711
0.8136441
0.8156883
0.7979223
0.8132392
0.8154351
0.8137381
0.8052788
0.8049175
0.7952998
0.8184491
0.7846105
0.7840166
0.812803
0.8289171
0.7643996
0.8440415
0.7668467
0.8367535
0.7748141
0.7709953
0.7896526
0.7862355
0.8389051
0.8214246
0.779877
0.8037583
0.7848424
0.8226493
0.7756344
0.8105899
0.844201
0.778715
0.7963991
0.7926919
0.8124753
0.7704253
0.7716073
0.8295436
0.8136178
0.7878254
0.8628284
0.8133423
0.7688889
0.831468
0.8155053
0.7584327
0.7799539
0.786301
0.7768809
0.7772041
0.7824074
0.7777778
0.7503848
0.8225753
0.8948545
0.7673891
0.783875
0.7910243
0.8093638
0.7877105
0.814536
0.771144
0.7697368
0.8456964
0.7761156
0.7759964
0.8023977
0.8504351
0.9066525
0.8731854
0.805005
0.8254117
0.800274
0.813942
0.8153515
0.8134904
0.825396
0.8336674
0.829445
0.845205
0.8211697
0.8577299
0.8054407
0.8027319
0.8086406
0.8244118
0.815802
0.8407834
0.815334
0.8191014
0.8048077
0.8376127
0.8431337
0.8309832
0.8259443
0.8287916
0.8098997
0.8182634
0.8048104
0.8013959
0.8106889
0.8087013
0.8046207
0.8087754
0.8086534
0.8095663
0.8067907
0.804425
0.8005892
0.7315549
0.8073315
0.8173195
0.8054009
0.7761232
0.8036047
0.8322318
0.8104314
0.8257568
0.8106073
0.812517
0.823298
0.8279001
0.8579033
0.8380878
0.8187406
0.8216887
0.8230992
0.8472685
0.8056622
0.8138379
0.8275218
0.8132682
0.8235356
0.8088173
0.813224
0.8113893
0.809837
0.8263031
0.8198712
0.8284187
0.8489068
0.8293786
0.8028883
0.8356354
0.8342992
0.8089075
0.8135557
0.8246764
0.8109553
0.8081562
0.8060744
0.8117297
0.8020586
0.8148276
0.8795998
0.8363494
0.8134439
0.8241799
0.8262025
0.8165308
0.8092306
0.8149068
0.8118769
0.8677256
0.8165029
0.8040042
0.8144459
0.8395173
0.8823091
0.8639613
0.8281266
0.7776845
0.7774877
0.7789149
0.752238
0.8047135
0.8045741
0.8042051
0.8042114
0.8186369
0.7937978
0.8401386
0.8251513
0.827075
0.7789672
0.8097931
0.7745203
0.8233291
0.7751687
0.7842772
0.7349338
0.8517325
0.8304218
0.8293865
0.8154216
0.8398478
0.764116
0.7737268
0.7655252
0.7385472
0.7522757
0.7455335
0.7397863
0.7448628
0.7369572
0.755781
0.7429305
0.738358
0.7572596
0.8101131
0.7740976
0.7716963
0.823277
0.8262646
0.7669116
0.834272
0.7757889
0.8309377
0.7699941
0.7661488
0.7875188
0.7866071
0.8544491
0.8279385
0.7760178
0.7997198
0.786642
0.8373808
0.7666647
0.799918
0.8221749
0.7773464
0.7820225
0.7881182
0.8253598
0.7658746
0.760014
0.8261453
0.8083187
0.7779488
0.8597919
0.8172897
0.761902
0.833629
0.8119299
0.7920816
0.7734366
0.7825889
0.7641305
0.7647876
0.7694302
0.770346
0.7894069
0.8140218
0.878136
0.8032904
0.772402
0.7787043
0.8259139
0.786735
0.8166684
0.7625313
0.7647469
0.8648174
0.7660193
0.7718993
0.8208133
0.8333252
0.8938104
0.8673037
0.810282
0.7058305
0.7678348
0.7116617
0.7718616
0.7989359
0.7863166
0.7979108
0.8030105
0.8072081
0.7787611
0.8320144
0.8022924
0.79871
0.7097416
0.799651
0.6849855
0.829537
0.7766974
0.8021046
0.7677015
0.8312674
0.8240169
0.8142138
0.8080307
0.8189038
0.7690802
0.6975616
0.6535481
0.7716535
0.7801347
0.7790528
0.7651243
0.7787812
0.7795377
0.7761775
0.772545
0.7741606
0.7684406
0.7909145
0.6770019
0.6933273
0.8020121
0.81262
0.6623324
0.8281114
0.6874427
0.8200148
0.6797636
0.6658596
0.7194114
0.7075187
0.8428813
0.8079961
0.6972994
0.729661
0.6997321
0.8242343
0.6849242
0.7806626
0.8189121
0.6934562
0.7087582
0.6374152
0.7985509
0.6958824
0.673748
0.8157476
0.7923328
0.699251
0.8489985
0.7980304
0.6628078
0.8260413
0.8100021
0.7614352
0.7054621
0.7173066
0.6911133
0.6794863
0.6983396
0.6776646
0.7496996
0.8025206
0.8791204
0.7817121
0.7019157
0.6950999
0.8032631
0.7667589
0.7951186
0.6765544
0.698682
0.8509935
0.6758786
0.6823093
0.7968804
0.8251577
0.8887525
0.8596799
0.8452175
0.8519405
0.8414201
0.854442
0.8574349
0.8461234
0.8492416
0.8615498
0.8547763
0.859544
0.8471544
0.8776615
0.8555776
0.8520759
0.8522972
0.8546012
0.8538406
0.8641026
0.847118
0.8547433
0.8464016
0.8520568
0.8420871
0.8484084
0.8385499
0.8467463
0.8561357
0.8539083
0.8486085
0.8507435
0.8475624
0.8500638
0.854158
0.8489339
0.8526952
0.8505669
0.8489781
0.8500299
0.8485641
0.8377961
0.850239
0.854416
0.8376823
0.855221
0.8488113
0.8165455
0.8493949
0.8325546
0.8508161
0.8496936
0.8556098
0.862712
0.8758788
0.8601332
0.857808
0.8529495
0.8560177
0.8659351
0.8523205
0.8545626
0.8577218
0.8515937
0.8510464
0.8501489
0.8261877
0.8456793
0.8482367
0.839674
0.8442046
0.8568035
0.8563151
0.8581142
0.851116
0.8460507
0.8572322
0.8470751
0.851251
0.8570526
0.8504104
0.8492553
0.85219
0.8497104
0.8468661
0.8054738
0.8864004
0.8621096
0.8484276
0.852184
0.8400149
0.8451231
0.832347
0.8497919
0.854939
0.8763589
0.8502337
0.8496226
0.8440472
0.8601896
0.8907214
0.8709532
0.8658059
0.8264906
0.8308127
0.8179921
0.83552
0.8528722
0.8364267
0.838198
0.8430218
0.8507802
0.8310093
0.84041
0.8577335
0.854878
0.8126436
0.8519246
0.8196298
0.8718914
0.8340518
0.8520485
0.829785
0.8639134
0.8625507
0.8549641
0.8472778
0.8500105
0.8259921
0.8186555
0.8153987
0.8336859
0.8435034
0.8396183
0.831955
0.8387921
0.8371167
0.8383844
0.8302812
0.8313032
0.8240726
0.8475619
0.8198254
0.8234499
0.8561196
0.8514792
0.8158441
0.866164
0.8128615
0.8571144
0.8182663
0.8193222
0.8216337
0.828886
0.851313
0.8450279
0.8218433
0.843086
0.8224707
0.8418621
0.8159097
0.8384188
0.860976
0.8229538
0.8249693
0.8327914
0.8475364
0.8199909
0.8182444
0.8553953
0.8430032
0.8167358
0.8835408
0.8455416
0.8154305
0.8553631
0.8396341
0.8147815
0.827027
0.8238726
0.8233909
0.8199977
0.8237828
0.8196553
0.8083108
0.8490014
0.9091389
0.8074119
0.8212623
0.8236154
0.8370955
0.8242039
0.8417262
0.8157277
0.8156293
0.8725495
0.8166581
0.8206584
0.8469981
0.8620436
0.9159803
0.8916838
0.8273906
0.7868844
0.7666195
0.7766132
0.7106235
0.8016505
0.7955813
0.8143866
0.8028496
0.8192391
0.8001356
0.8463885
0.8185136
0.8201701
0.7807593
0.8037756
0.773201
0.8218234
0.7789137
0.7390662
0.6093898
0.8520559
0.8346921
0.8234084
0.8167928
0.8296517
0.7726913
0.7792201
0.7697631
0.5985538
0.6100029
0.6001063
0.6020936
0.5956922
0.6073948
0.6271547
0.6205326
0.610295
0.6978133
0.8150337
0.7722281
0.7821629
0.828554
0.8207082
0.7644919
0.8364907
0.7805515
0.8296956
0.775118
0.7713672
0.7854269
0.7859817
0.8522609
0.8196941
0.767507
0.7985396
0.7895195
0.8435036
0.7691565
0.7932941
0.8250602
0.7821059
0.7842484
0.79224
0.8179106
0.7701059
0.7675957
0.8294993
0.8079417
0.7818755
0.8568453
0.8049048
0.7675834
0.8358603
0.8149864
0.7946788
0.7789904
0.7849635
0.7645216
0.7724119
0.7812136
0.774143
0.788162
0.8151509
0.8767609
0.8028609
0.7762781
0.7790287
0.8199818
0.7840601
0.8181443
0.7709375
0.7726174
0.8574494
0.7684448
0.7783453
0.82555
0.8285687
0.8891268
0.8578216
0.8251048
0.7866048
0.7628239
0.7817127
0.7165656
0.8056025
0.7997535
0.8164347
0.8062019
0.8228717
0.8030854
0.8472574
0.824625
0.8268516
0.7875234
0.8061076
0.780325
0.8230003
0.7770839
0.7405452
0.5656541
0.8547991
0.8372178
0.8286535
0.8218912
0.8332663
0.7659451
0.7774797
0.7673568
0.5195375
0.5215517
0.4620368
0.5373209
0.4527206
0.5213681
0.592024
0.5784479
0.5624732
0.7019905
0.8096414
0.7768664
0.7800066
0.8317757
0.8259561
0.7718329
0.8453105
0.7835833
0.836016
0.7801763
0.7731116
0.7863341
0.7874979
0.8540056
0.8234102
0.7768283
0.8041436
0.7878524
0.8433887
0.7785903
0.7988112
0.8238467
0.7863196
0.7913463
0.7993254
0.8257075
0.7764482
0.7692134
0.8304815
0.8150217
0.7834785
0.8607671
0.8116559
0.7684353
0.8436251
0.8145122
0.7963695
0.7862417
0.7830006
0.7723628
0.7758409
0.7840363
0.7729842
0.7897727
0.8175878
0.8775757
0.804536
0.7874149
0.7835821
0.8241841
0.7848874
0.8232189
0.7731333
0.7738662
0.861557
0.7750196
0.7753945
0.8292204
0.8335082
0.8958893
0.8641803
0.8432606
0.8363069
0.82448
0.8315697
0.8440156
0.8193291
0.822967
0.834256
0.8322709
0.8452799
0.8312023
0.8749704
0.8455192
0.8422654
0.8371839
0.8487489
0.8372441
0.8537397
0.8316457
0.8472396
0.8311997
0.8569387
0.8600978
0.8553947
0.8548131
0.8493913
0.8416313
0.8376345
0.8306192
0.8348039
0.8379817
0.8389731
0.8368149
0.837902
0.8310332
0.8317013
0.8326944
0.8350765
0.8311713
0.8406855
0.832228
0.8370947
0.8351441
0.8537362
0.8262146
0.8535385
0.8296572
0.8491126
0.8333506
0.8364259
0.8402044
0.8346707
0.8724459
0.849745
0.8368501
0.8340809
0.8321058
0.8571429
0.8323393
0.8412214
0.8656969
0.8306873
0.8353729
0.8322947
0.8411246
0.8372802
0.8317905
0.8517273
0.8236244
0.8394447
0.863833
0.8256114
0.8312417
0.854459
0.8334884
0.8331655
0.8342003
0.8340682
0.8344184
0.8305257
0.8377053
0.8304851
0.8340332
0.8463202
0.8842392
0.845974
0.8294659
0.8372233
0.8498063
0.8213898
0.8437183
0.8321442
0.8362591
0.8652684
0.8340814
0.8354269
0.8482195
0.8607731
0.894972
0.8558719
0.8194369
0.7043417
0.7695699
0.7172871
0.768549
0.8042169
0.7919482
0.8035694
0.8059466
0.8129099
0.7974044
0.8388658
0.8139652
0.8134145
0.7139811
0.8043836
0.6859095
0.8380149
0.7741001
0.8084894
0.7721135
0.846436
0.8347621
0.8214688
0.8154339
0.8268921
0.7677026
0.7040738
0.6689961
0.7704443
0.7862449
0.787799
0.7656487
0.7856865
0.7824864
0.783713
0.7801222
0.7691069
0.7655993
0.807125
0.6851047
0.6884205
0.8111959
0.8221713
0.6673663
0.8424051
0.6897825
0.8286213
0.6922819
0.6718001
0.7256331
0.7149193
0.8439408
0.8121889
0.6978976
0.7327854
0.708067
0.830271
0.6827859
0.7941322
0.8221296
0.6851608
0.7185143
0.7161898
0.8096909
0.7039051
0.6645698
0.8192328
0.8023777
0.6986774
0.8635246
0.800405
0.6638565
0.8335347
0.8073897
0.769961
0.6933809
0.7158248
0.6813054
0.6662194
0.6888303
0.6589787
0.761676
0.814069
0.8879443
0.7856211
0.698101
0.7033471
0.8163129
0.7670859
0.8057257
0.6859999
0.6991249
0.8573538
0.6681944
0.6877081
0.8061615
0.8322368
0.8949435
0.8685219
0.8200458
0.7013818
0.7696862
0.7121012
0.7692444
0.8010104
0.789663
0.8004676
0.8044132
0.8112334
0.7938711
0.8393654
0.8145721
0.8129557
0.7107682
0.8055023
0.681377
0.8383949
0.7703081
0.8074105
0.7696248
0.8457637
0.832552
0.8215689
0.813795
0.8256399
0.7701798
0.697479
0.663369
0.7686297
0.7876531
0.790156
0.7651741
0.7871417
0.7817534
0.7812885
0.7817285
0.7702157
0.7665745
0.8063286
0.6810373
0.6839676
0.8116666
0.8212009
0.6634163
0.8419816
0.6861808
0.8253757
0.6900486
0.6655309
0.7221941
0.7050407
0.844702
0.8134942
0.6930113
0.7324529
0.7006842
0.8295811
0.677546
0.7962565
0.8209818
0.6831014
0.7153247
0.7116853
0.8082411
0.6978451
0.6616065
0.8186925
0.8016107
0.6933789
0.8606636
0.8002967
0.6608973
0.8339219
0.8060735
0.7716987
0.6893566
0.711556
0.676592
0.6599431
0.6853977
0.6526783
0.7601154
0.8126628
0.8868928
0.7866963
0.694374
0.6967721
0.8169927
0.7659473
0.805977
0.6811733
0.6935174
0.8562877
0.6630885
0.690028
0.8062788
0.8294285
0.8944819
0.8661781
0.8462289
0.8052477
0.7950499
0.7980403
0.8093654
0.815349
0.7905243
0.8048641
0.8066202
0.824223
0.7916314
0.8462168
0.8352261
0.8310385
0.7953011
0.8278622
0.7946273
0.8511853
0.8046041
0.8260435
0.8042022
0.8528712
0.8482866
0.8356151
0.8339217
0.8432052
0.8083617
0.7912735
0.8016538
0.8036001
0.8181087
0.81907
0.8062916
0.8185744
0.8086957
0.8127092
0.804569
0.804978
0.7989233
0.8281013
0.8022098
0.796988
0.8326892
0.8417322
0.7854453
0.8471489
0.7984351
0.840108
0.7978556
0.7991325
0.8061603
0.8060563
0.8521835
0.836802
0.7935466
0.8136866
0.7987739
0.839063
0.7922857
0.8206065
0.8439943
0.7942035
0.8012557
0.8098829
0.8371773
0.7894619
0.7915133
0.8422393
0.8147422
0.7969462
0.8657681
0.8022199
0.795379
0.8413422
0.807253
0.8035581
0.7994022
0.8078183
0.7967643
0.7889389
0.8050476
0.7959602
0.7951311
0.8346906
0.886483
0.8123482
0.8013026
0.8016452
0.8331487
0.7866225
0.8278381
0.7893718
0.7991368
0.8590626
0.7945312
0.7972875
0.8310481
0.8479776
0.8997738
0.8610536
0.8083957
0.7110957
0.768406
0.7097918
0.774381
0.8039556
0.7892651
0.7980067
0.8034264
0.8111261
0.7801472
0.8295724
0.8013245
0.7979963
0.7128076
0.7998728
0.6920103
0.8311553
0.7757658
0.8067772
0.7689059
0.8312614
0.8263557
0.8186002
0.8085948
0.818663
0.7668864
0.6960897
0.6539839
0.7728058
0.78367
0.7837369
0.7654121
0.7830805
0.7806752
0.778866
0.7747188
0.7758621
0.76838
0.793429
0.6817466
0.6980742
0.804627
0.814526
0.6646876
0.8304348
0.6877873
0.8216027
0.6824906
0.6648886
0.7259889
0.7094061
0.84145
0.8096771
0.7020519
0.7317088
0.7014315
0.8235104
0.6837749
0.7838002
0.8180621
0.6904047
0.7104612
0.6456552
0.7988442
0.6959087
0.6716628
0.815949
0.7970822
0.6996244
0.8506113
0.7969416
0.6639839
0.8249078
0.8128124
0.7615049
0.7045899
0.7210863
0.691385
0.6776264
0.6987121
0.6759647
0.7539879
0.8083131
0.8821533
0.7832727
0.7041182
0.6978185
0.8043783
0.7640656
0.7978327
0.6834225
0.7004184
0.8537292
0.6712365
0.6829058
0.7980942
0.827525
0.8907321
0.8626095
0.8235883
0.7973736
0.7898159
0.7915533
0.802347
0.8016005
0.7996564
0.8141185
0.8118668
0.8241398
0.7963767
0.838987
0.8182984
0.8131024
0.7904281
0.8195503
0.7931338
0.8422407
0.805855
0.8223611
0.8008977
0.8378124
0.838193
0.828367
0.8238268
0.8244
0.8018342
0.7901506
0.7793735
0.8041216
0.8109402
0.8118817
0.7994666
0.8107904
0.8094778
0.8052211
0.8039246
0.8006208
0.7909009
0.8081299
0.794724
0.793441
0.8121061
0.8211675
0.7773157
0.8357217
0.7840539
0.827784
0.7852042
0.7861429
0.8004894
0.8009032
0.8476975
0.8280369
0.7887253
0.806823
0.7966621
0.8319161
0.7867514
0.8137186
0.8381857
0.7908762
0.7991703
0.7921311
0.815487
0.7886398
0.7898229
0.8286204
0.7784553
0.8010362
0.8542879
0.8099327
0.7803762
0.8358571
0.8160347
0.781969
0.7916526
0.7971601
0.78967
0.7865546
0.7940473
0.788166
0.7863238
0.8209037
0.8891145
0.8098045
0.7961804
0.801788
0.8135209
0.7840474
0.8134598
0.7867203
0.7888052
0.859464
0.7871622
0.7847529
0.8156487
0.8377299
0.8947114
0.8543841
0.854712
0.8382401
0.8417366
0.8301215
0.8386132
0.8430905
0.8413797
0.8462016
0.8468147
0.8567676
0.8386656
0.8021537
0.8518519
0.849597
0.8290701
0.8550788
0.8346521
0.8724136
0.8431781
0.8541327
0.8378961
0.8523965
0.8689467
0.8578552
0.8573177
0.8395976
0.844768
0.8348944
0.8287071
0.8454907
0.8450203
0.8496115
0.8423316
0.846924
0.8467803
0.8396146
0.8407712
0.8348993
0.832431
0.8397616
0.8333241
0.8387468
0.838811
0.8488614
0.8277665
0.8513254
0.8302663
0.8521366
0.8297535
0.8280441
0.8353791
0.8373269
0.8029575
0.8530459
0.8362463
0.8441757
0.838757
0.8456725
0.8310358
0.8502637
0.859799
0.8326147
0.8342602
0.832935
0.8424567
0.8260845
0.8293953
0.8585898
0.8435267
0.8379968
0.8781867
0.8495315
0.8288012
0.855814
0.8475901
0.8246518
0.8376201
0.8362974
0.8308228
0.8339982
0.8274038
0.8315614
0.8185684
0.8442013
0.9011032
0.8288032
0.8326124
0.8370399
0.8438322
0.834086
0.8414352
0.8272566
0.8348175
0.8792383
0.8365214
0.8265587
0.8436253
0.865799
0.9046003
0.8856343
0.8356123
0.7951879
0.8015744
0.7765708
0.8108762
0.8284528
0.8120734
0.8167065
0.8278336
0.8347009
0.806621
0.8283377
0.8274325
0.8269755
0.7624354
0.8268461
0.779779
0.855074
0.801392
0.8392309
0.8046924
0.8469266
0.8495604
0.8368627
0.8272363
0.8273947
0.7911392
0.7855982
0.7693876
0.8009265
0.8165284
0.8165514
0.8052918
0.8151871
0.8174365
0.8114769
0.808537
0.8066854
0.7960691
0.8227629
0.7833724
0.7844804
0.8166013
0.829072
0.7645386
0.8504216
0.7641722
0.8428305
0.7702219
0.771653
0.789222
0.7843151
0.8400595
0.8214611
0.7736059
0.8047142
0.7868564
0.8232868
0.7759389
0.8137569
0.8432245
0.7830794
0.7963311
0.7928586
0.8155358
0.7718041
0.7715393
0.8320198
0.8164863
0.788716
0.8725468
0.8266332
0.7694362
0.8409435
0.8255238
0.7509962
0.775775
0.7854678
0.7709707
0.7810376
0.7759532
0.7761403
0.7453689
0.8253077
0.9022633
0.7513207
0.7833288
0.7855873
0.8100144
0.7850473
0.8122279
0.7618216
0.7656703
0.8497315
0.7622323
0.7721885
0.8083219
0.8548267
0.9095287
0.8830981
0.8390985
0.6146661
0.7693254
0.7034501
0.7764505
0.8150422
0.7868707
0.7974001
0.8033234
0.8155227
0.7872473
0.8371876
0.8234023
0.8267428
0.7178973
0.8080223
0.6927832
0.8334308
0.7805765
0.8116179
0.7722197
0.8513046
0.8339791
0.8259236
0.8157881
0.8375705
0.7800157
0.6961191
0.6833042
0.7779215
0.7948844
0.7858043
0.7759359
0.78626
0.7856125
0.7844022
0.769779
0.7682502
0.7676318
0.822761
0.692499
0.6974034
0.8277044
0.8263374
0.6828696
0.8442603
0.6922781
0.833788
0.6960261
0.663114
0.7085764
0.7082704
0.8462733
0.8213756
0.6946764
0.7369075
0.700783
0.8330972
0.6782808
0.8013118
0.8302196
0.6908033
0.6610093
0.7083488
0.8222869
0.6892101
0.6717767
0.8300253
0.8087185
0.6870077
0.8628981
0.8000428
0.6689786
0.8376955
0.8073113
0.777177
0.7016253
0.7096224
0.6748357
0.6703798
0.6977752
0.6708018
0.7625745
0.8191886
0.8849291
0.7825893
0.7051202
0.6957513
0.8236279
0.7727875
0.8154732
0.6912734
0.6897064
0.8528619
0.6724894
0.6965286
0.820123
0.8391218
0.8985848
0.8677724
0.8286724
0.7856861
0.7861433
0.7681039
0.790357
0.8138282
0.8036705
0.8105769
0.8152907
0.8216531
0.7989453
0.8353557
0.8168612
0.8157157
0.7713616
0.8132518
0.7779178
0.8429507
0.7936558
0.8196121
0.7817232
0.8388129
0.8329745
0.8245284
0.8153151
0.8217067
0.7759045
0.7808758
0.7641092
0.7857104
0.7967475
0.7968956
0.7842753
0.7956472
0.7988085
0.7961557
0.7867749
0.7796656
0.7812672
0.808033
0.7713388
0.775588
0.8167458
0.8196272
0.762578
0.839225
0.7691722
0.8260277
0.776084
0.7700626
0.7877348
0.7815688
0.8411063
0.8025875
0.7739348
0.800688
0.7817259
0.8248419
0.7614247
0.8053688
0.8314249
0.7824256
0.7902961
0.7890255
0.8118375
0.7678813
0.7647372
0.8180896
0.814861
0.7776749
0.8566417
0.8141065
0.7703139
0.8323084
0.8144541
0.7789339
0.7756763
0.7818918
0.7703638
0.7739622
0.7729711
0.7660451
0.7726367
0.8116389
0.8848188
0.7941302
0.7738129
0.7832072
0.8099793
0.7841104
0.8080485
0.7652132
0.7720256
0.8598086
0.7720813
0.7765003
0.8100559
0.8469007
0.8994208
0.8675254
0.8364091
0.8122166
0.7995281
0.8209676
0.7716018
0.8237081
0.8267339
0.834561
0.8266734
0.8357943
0.8256272
0.8657973
0.8365648
0.8386725
0.8203863
0.8289564
0.8155509
0.8418392
0.8128177
0.6972514
0.7563599
0.8585395
0.8517787
0.8489415
0.8430993
0.8444263
0.8102582
0.8129036
0.8105549
0.7547472
0.7606111
0.7629883
0.7476888
0.7621519
0.7651671
0.7623545
0.75474
0.7508597
0.7736756
0.8252921
0.8116341
0.8159794
0.8355692
0.8472843
0.8110609
0.8534256
0.8156091
0.8407661
0.8177407
0.8118723
0.8189081
0.8200628
0.8698504
0.8380481
0.8109569
0.8223655
0.8171922
0.8566258
0.8170322
0.8245382
0.8386444
0.8148206
0.8119772
0.8220725
0.8354436
0.8137045
0.8094088
0.8425956
0.82098
0.8159921
0.8638888
0.8291166
0.8136866
0.8452458
0.8339418
0.8296197
0.8223053
0.8238233
0.8097347
0.8057271
0.8143339
0.811302
0.8220432
0.8357958
0.8703914
0.8330896
0.8133929
0.8185134
0.8391108
0.8185034
0.8361137
0.8165045
0.8161531
0.867259
0.8132518
0.8159092
0.8411869
0.8408706
0.889663
0.8615541
0.8312902
0.7698852
0.7569704
0.7677561
0.633249
0.8028382
0.7968038
0.802966
0.7995679
0.8191685
0.8020703
0.8481374
0.8205263
0.8219956
0.7614118
0.8058272
0.7590375
0.8245564
0.7701205
0.7522216
0.6904018
0.8573642
0.8380154
0.8256499
0.8198594
0.8370866
0.7523002
0.7636963
0.7511762
0.691574
0.7165688
0.7070432
0.6917311
0.7067213
0.7059324
0.712374
0.6993647
0.6949104
0.7164076
0.8102332
0.7635906
0.7643253
0.8258799
0.826528
0.7566955
0.8400504
0.7675318
0.8292609
0.762527
0.7529193
0.7749971
0.7740234
0.8517656
0.8214654
0.7588803
0.7967475
0.7765056
0.8418494
0.75908
0.7930116
0.8246834
0.7696655
0.7731551
0.7846476
0.8204692
0.7575937
0.7526702
0.8316971
0.8093499
0.7700052
0.8616996
0.8034631
0.7498063
0.837983
0.8139606
0.7827958
0.7738967
0.7748895
0.7544017
0.7506828
0.7655059
0.7611121
0.7819776
0.8142528
0.8810023
0.7919976
0.7674472
0.7625044
0.8211806
0.773106
0.8090113
0.7515388
0.7570216
0.8619792
0.7605308
0.7603802
0.8231919
0.8322248
0.895808
0.8679552
0.8309637
0.7714968
0.7619541
0.7682768
0.6397672
0.8043217
0.7974447
0.8056996
0.8023802
0.8186277
0.7995883
0.8460564
0.8164867
0.8213105
0.7653147
0.8029738
0.7623699
0.8244894
0.769459
0.7509005
0.6951444
0.856587
0.8375861
0.8228934
0.8230057
0.8355857
0.7533896
0.7655657
0.7528616
0.6981012
0.717149
0.7123866
0.6934026
0.7106483
0.7074261
0.7188976
0.7005247
0.6905892
0.7170757
0.8114762
0.7627445
0.7702765
0.8247477
0.8274561
0.7547361
0.8415712
0.7701277
0.830235
0.7636592
0.7534917
0.7761016
0.7754301
0.8525132
0.8178772
0.759714
0.7961536
0.7729173
0.8408574
0.7614744
0.7933333
0.8219665
0.7669462
0.7756011
0.7876878
0.8163286
0.7611491
0.7569379
0.8282722
0.811604
0.7712911
0.86236
0.8076368
0.7546779
0.8397226
0.8114242
0.7883273
0.7724533
0.7743096
0.7546719
0.7531762
0.7653765
0.7604829
0.7835178
0.8175931
0.8809164
0.7916413
0.7709292
0.7677569
0.8197531
0.7753534
0.8125
0.7513674
0.7597046
0.8615496
0.7614381
0.7579085
0.8264147
0.832888
0.896431
0.8683061
0.8299083
0.7700143
0.7588423
0.7655288
0.6341659
0.8021091
0.79698
0.803606
0.8007645
0.8168312
0.798998
0.843946
0.8144948
0.8187966
0.7618297
0.8021989
0.7615975
0.8221112
0.7673055
0.7498163
0.6917237
0.8578152
0.834912
0.8207735
0.8198906
0.8339809
0.7472786
0.7630252
0.7505972
0.6921454
0.7143991
0.7074764
0.6911514
0.7057664
0.7022308
0.7121612
0.6969488
0.6851203
0.7126924
0.8106731
0.7597082
0.766966
0.8270454
0.8258009
0.7516509
0.839218
0.7649759
0.8281896
0.7623483
0.7508418
0.7736628
0.7752307
0.8491783
0.8191225
0.7574506
0.7969273
0.7741175
0.8402195
0.7562864
0.7950674
0.8180855
0.7674214
0.7722328
0.7869391
0.8165889
0.7545156
0.7541816
0.8284593
0.8094217
0.7695629
0.859735
0.8071166
0.752281
0.8368915
0.8108651
0.785987
0.7695573
0.7698701
0.753604
0.7506993
0.7635946
0.7575506
0.7804092
0.8148205
0.8794399
0.7895932
0.768928
0.7634867
0.8195977
0.7705526
0.8101814
0.748653
0.7575703
0.8622023
0.757619
0.7569407
0.8267337
0.829836
0.8964242
0.8663797
0.8754235
0.8071662
0.8091608
0.7919193
0.8172846
0.8524744
0.8280864
0.8305577
0.8388457
0.8516
0.8184007
0.8347977
0.8528527
0.8527676
0.7888104
0.8410603
0.8005611
0.8694606
0.8226229
0.8526183
0.8128888
0.870444
0.8566324
0.8435331
0.8405508
0.8523322
0.8058085
0.7978078
0.7961749
0.8195983
0.8300077
0.8279062
0.8188636
0.8270198
0.8268844
0.8246685
0.8202878
0.8156877
0.8155238
0.8515612
0.799286
0.8049164
0.8562757
0.851147
0.78726
0.8687294
0.799814
0.8579057
0.7891096
0.7893702
0.799987
0.8054388
0.8567518
0.8448906
0.7923159
0.8307806
0.8030825
0.8383915
0.7920765
0.8351839
0.8565457
0.7983844
0.8114389
0.8177233
0.8435848
0.7891546
0.7851676
0.847543
0.8413097
0.794346
0.884463
0.8442797
0.7886026
0.8481084
0.8395836
0.7791096
0.7980988
0.8006096
0.7863609
0.793619
0.8051648
0.791267
0.7785069
0.8437805
0.9141357
0.7850224
0.8069696
0.8018503
0.8355795
0.8057898
0.8288665
0.7840783
0.7926075
0.8784452
0.7824495
0.8028621
0.8335198
0.867023
0.920797
0.8968254
0.8356514
0.8124628
0.8045452
0.8055052
0.8121672
0.829299
0.8204413
0.8242311
0.8290013
0.8355838
0.8153668
0.8435562
0.8200776
0.8220098
0.7948792
0.822799
0.8021815
0.8490757
0.8115629
0.8313102
0.8068229
0.8440125
0.8367424
0.8326551
0.8250495
0.8248936
0.8084472
0.8072817
0.7919353
0.8079321
0.8153215
0.8210655
0.8078456
0.8174475
0.8140249
0.8134639
0.8076745
0.8061262
0.8054543
0.8185011
0.8000558
0.8020198
0.8019634
0.8334156
0.7917615
0.8411041
0.7975422
0.830716
0.7948674
0.7941461
0.8032014
0.811048
0.8528515
0.8337761
0.8075664
0.821549
0.8077787
0.8329905
0.7998299
0.8194605
0.8397318
0.803172
0.8097425
0.8064921
0.8158872
0.7925062
0.8023171
0.8272759
0.8166803
0.807038
0.8611438
0.8308428
0.7953084
0.8276424
0.8333912
0.795611
0.8033127
0.8109381
0.7961027
0.8002799
0.8030134
0.7956287
0.7939677
0.8202839
0.8907263
0.8172541
0.8019316
0.8069749
0.8213916
0.800741
0.8129767
0.7917125
0.795538
0.8701017
0.794309
0.7953425
0.816451
0.8472697
0.8985411
0.8730524
0.781992
0.81249
0.7984742
0.8032814
0.8063946
0.8142527
0.8177428
0.8221225
0.8262955
0.8388838
0.8110379
0.8560591
0.8165979
0.8120397
0.8015095
0.776996
0.7990358
0.8355649
0.7969276
0.8197811
0.7975274
0.843991
0.8398951
0.8345418
0.8279893
0.8307661
0.797553
0.8004536
0.7915696
0.7940274
0.805681
0.8125189
0.7938021
0.8107798
0.8065299
0.8113989
0.8009269
0.8000205
0.7939775
0.7907106
0.7976993
0.8091838
0.815448
0.8267037
0.7933493
0.8399381
0.7960117
0.8297408
0.7972095
0.7968203
0.8148759
0.8133506
0.8598344
0.835087
0.8030684
0.8147262
0.809815
0.8498811
0.7905674
0.8029416
0.8276411
0.8035782
0.8119882
0.808547
0.8175059
0.8024983
0.7890629
0.825101
0.8164522
0.8039226
0.8520677
0.8287675
0.7854077
0.8378261
0.8279691
0.8102477
0.8002208
0.8162691
0.7991334
0.7957913
0.7983632
0.799174
0.8083082
0.8198216
0.8767877
0.8308164
0.8018403
0.8107773
0.8250114
0.8013691
0.818826
0.7983644
0.7971023
0.8744295
0.7942318
0.7903397
0.8201172
0.8353346
0.8870444
0.8647049
0.8366348
0.8188459
0.8073555
0.8221614
0.8116577
0.835176
0.8264995
0.8395887
0.8340095
0.8448564
0.8301618
0.8711577
0.842669
0.8405575
0.8231804
0.8167839
0.8196454
0.8279825
0.8052788
0.8182062
0.8021225
0.8666488
0.8543314
0.8502284
0.8463149
0.857919
0.8035714
0.8219259
0.8074037
0.8077917
0.8041257
0.8052505
0.8030682
0.8052403
0.807285
0.806875
0.8040032
0.8024986
0.8057592
0.8269301
0.8194645
0.8237654
0.8471685
0.8447519
0.8128394
0.8541369
0.8183959
0.8518288
0.8209729
0.8148261
0.8227413
0.8219682
0.8726062
0.8405546
0.8155734
0.8301293
0.8216837
0.8592649
0.8207514
0.8252907
0.8372415
0.8236815
0.8222671
0.8216317
0.8409536
0.8203184
0.8168197
0.8491682
0.8351623
0.816983
0.8692555
0.8366319
0.8143462
0.8542376
0.8446213
0.8336082
0.8191195
0.8228492
0.8118066
0.8160602
0.8207114
0.8180677
0.8306028
0.842805
0.8520595
0.8368676
0.8210828
0.8216958
0.8470316
0.8190935
0.8405852
0.8187179
0.8165508
0.8699053
0.8184061
0.8209053
0.8464973
0.8402348
0.8951106
0.8704241
0.8474478
0.8300746
0.8235559
0.8227565
0.8419386
0.8441187
0.8325744
0.8386208
0.8430192
0.8480696
0.8295588
0.8556878
0.8450865
0.8428919
0.819895
0.845341
0.8281184
0.8628449
0.8299525
0.8486215
0.8342917
0.8493244
0.8565941
0.8466155
0.8461319
0.8371673
0.8305357
0.8251542
0.8246425
0.8382456
0.8413773
0.8379677
0.8365048
0.8359523
0.8358722
0.8341954
0.8333004
0.8289907
0.8256074
0.8432315
0.8268258
0.8309963
0.8392678
0.8505665
0.8188536
0.8584311
0.8225694
0.848469
0.8263594
0.8244845
0.8298931
0.8234792
0.859741
0.8463256
0.8253417
0.8300593
0.8249604
0.8430456
0.8191826
0.8416176
0.8563051
0.8269467
0.8321711
0.8315146
0.8471387
0.8170639
0.8253583
0.8507094
0.8381265
0.8296233
0.8669603
0.8441884
0.8232793
0.8489966
0.842873
0.8116714
0.829174
0.8271921
0.8217467
0.8263242
0.825289
0.8228618
0.8081859
0.8396928
0.8956067
0.8234959
0.8235169
0.8310789
0.835133
0.8297807
0.8446529
0.818664
0.824619
0.8617966
0.823301
0.827497
0.8370073
0.8639282
0.9019828
0.8758173
0.8289695
0.7892102
0.7853286
0.7636508
0.7969253
0.8101335
0.7972759
0.8030383
0.8129734
0.8220263
0.7938113
0.8276534
0.8191158
0.8179349
0.7629328
0.8183498
0.7756673
0.8452509
0.7964131
0.8216321
0.7966704
0.8333054
0.8388665
0.8249653
0.8224155
0.8146743
0.785094
0.7727703
0.7637155
0.7981511
0.8079748
0.8093199
0.7967662
0.8060936
0.8078353
0.8042157
0.7976852
0.7983095
0.7916021
0.8111653
0.7698672
0.7726055
0.8109649
0.8272862
0.7575459
0.839812
0.7606649
0.8289791
0.7626737
0.7622951
0.7850642
0.7813035
0.8371946
0.8171076
0.7766494
0.7963575
0.778721
0.8162734
0.7693364
0.8092183
0.8392
0.7749297
0.7865976
0.7842295
0.8069665
0.7626555
0.7659353
0.8241184
0.8072923
0.7768569
0.8589108
0.8137877
0.7641632
0.8271727
0.8096388
0.5634707
0.7751162
0.7803369
0.7627019
0.7718091
0.7746569
0.7681656
0.5401298
0.8196411
0.8950835
0.7716215
0.7766408
0.7780172
0.7993309
0.7819544
0.8029942
0.7562236
0.7657347
0.8508334
0.7659533
0.763868
0.7997088
0.841246
0.9002192
0.8677083
0.8898335
0.8365654
0.8403548
0.8270654
0.8406158
0.8675792
0.851944
0.8529828
0.8529679
0.8642905
0.8470705
0.8458219
0.8763777
0.8744559
0.8233209
0.8586874
0.8311093
0.8826201
0.8436276
0.8671465
0.8366017
0.8891624
0.8729596
0.8622211
0.8592115
0.8699946
0.8303867
0.8285946
0.8310167
0.8450074
0.8546035
0.8465442
0.8450189
0.8456209
0.8541556
0.847472
0.8472334
0.8422137
0.8501122
0.8673648
0.8328745
0.8315703
0.8779549
0.8659979
0.8270322
0.8804653
0.8287267
0.8712876
0.8292081
0.8314473
0.8346579
0.8332456
0.8637373
0.8619748
0.8251166
0.8558365
0.8347489
0.8548549
0.8305743
0.8548126
0.8673039
0.8335579
0.8379702
0.8478582
0.8633169
0.8306079
0.8228158
0.8641779
0.8601487
0.8325914
0.8924178
0.860024
0.8244425
0.8607413
0.8599418
0.8295194
0.8293552
0.8329514
0.8219096
0.8291128
0.8298361
0.8356092
0.8192833
0.8614977
0.9182814
0.8216257
0.8371206
0.8378316
0.8544413
0.8354672
0.8518314
0.8257613
0.8195309
0.8916551
0.8241188
0.8342424
0.8597845
0.8776649
0.9240991
0.9041102
0.8928331
0.8428823
0.85
0.8396819
0.8511099
0.8704917
0.8590177
0.858349
0.8590601
0.870698
0.8543135
0.8591535
0.8823326
0.8825422
0.8392887
0.8668725
0.841204
0.8885046
0.8551593
0.8711904
0.8467183
0.8867997
0.8769653
0.870619
0.8661136
0.8792543
0.8431775
0.8436042
0.8447202
0.8531358
0.8592427
0.8549207
0.8496959
0.8525077
0.8509307
0.8488869
0.8490272
0.8503009
0.8514679
0.8733156
0.8440621
0.8454555
0.8814552
0.8717479
0.8400773
0.8835064
0.8395447
0.8788719
0.8404457
0.8382402
0.8486173
0.8433872
0.8753272
0.865199
0.8431586
0.8576072
0.8490516
0.8651232
0.8398981
0.8636497
0.8772962
0.8434409
0.8465203
0.8522131
0.8747009
0.8383866
0.8427065
0.8730692
0.8687008
0.8430457
0.8974795
0.8699752
0.8430385
0.8719264
0.8631487
0.8375151
0.8462717
0.8444166
0.8419861
0.8425562
0.8427652
0.843492
0.8325311
0.8748611
0.9183612
0.8363286
0.8485449
0.8481292
0.8600788
0.8435669
0.865057
0.8369186
0.8351642
0.8927507
0.8443117
0.8476665
0.8662664
0.8844633
0.9262448
0.9058747
0.8954797
0.8584124
0.8556607
0.8485794
0.8602652
0.8764578
0.8602813
0.8609281
0.8657395
0.8750524
0.8611316
0.862431
0.8804902
0.8812259
0.8475048
0.8699443
0.8484023
0.8857503
0.8585873
0.8730453
0.8533185
0.8912469
0.8770777
0.8729212
0.8664252
0.8826714
0.8462864
0.8499001
0.8483771
0.8621527
0.8674251
0.8637878
0.85985
0.8605542
0.8604995
0.8564775
0.8585069
0.8563547
0.8616355
0.8751915
0.8530233
0.8515347
0.8832853
0.8771646
0.846166
0.8855282
0.8468722
0.883545
0.8451596
0.8513407
0.8529562
0.8517236
0.8779028
0.8678585
0.8477052
0.8659185
0.8542613
0.8659623
0.8501474
0.8637902
0.8809318
0.8517291
0.8552484
0.8584013
0.8719374
0.8485847
0.8474372
0.879285
0.8736147
0.8471725
0.8985738
0.871518
0.8499034
0.8721784
0.8672968
0.845032
0.8529841
0.8525508
0.8467138
0.8516364
0.8480604
0.8509275
0.8403258
0.8733293
0.917408
0.8424152
0.8520874
0.8559479
0.8676187
0.8550386
0.8665979
0.8424643
0.8476689
0.8893542
0.849021
0.8548606
0.8693475
0.8835974
0.9238792
0.9027585
0.9237307
0.8845058
0.8858103
0.8824622
0.8873239
0.9060545
0.89511
0.8921833
0.8919896
0.8978605
0.8881737
0.8955556
0.9080224
0.9094053
0.8841534
0.8963196
0.8803206
0.911087
0.8890107
0.9036903
0.8871094
0.9191928
0.9041952
0.9005655
0.8972633
0.9122174
0.88196
0.8826307
0.8846478
0.8899768
0.8935308
0.8925763
0.8882687
0.8915532
0.8927029
0.8916321
0.8901887
0.8891703
0.8851367
0.9079343
0.8842939
0.8857227
0.9153572
0.9042003
0.8815895
0.9126334
0.886573
0.9111228
0.8819294
0.8858195
0.8835493
0.8809676
0.9035521
0.8941842
0.8812873
0.8991019
0.8855518
0.8955197
0.8866344
0.8924755
0.9058978
0.8841592
0.8894214
0.8941408
0.9044161
0.8810542
0.8822768
0.9070625
0.9013069
0.8801441
0.9238831
0.898574
0.8861535
0.900829
0.8964932
0.8870545
0.8850922
0.8815126
0.8814907
0.8832946
0.8839986
0.8829329
0.8844682
0.9044597
0.9290105
0.8803464
0.8811562
0.8850181
0.8982209
0.8908447
0.89972
0.8768659
0.8805554
0.9126037
0.884373
0.8844623
0.9016077
0.9084976
0.9354747
0.9249031
0.9095638
0.8779469
0.8773187
0.8717722
0.8778892
0.8948635
0.8843062
0.8838045
0.8843501
0.8884324
0.8804416
0.8867529
0.9005538
0.8991494
0.8690294
0.8908193
0.8695674
0.9015838
0.8817331
0.893124
0.8779666
0.9065934
0.8965622
0.8987047
0.8893398
0.8980635
0.875006
0.8723961
0.8741871
0.8826116
0.884525
0.8805697
0.8802972
0.8797224
0.8836904
0.882498
0.88105
0.8791825
0.8807883
0.8974873
0.8736076
0.8776335
0.9022001
0.8983566
0.8680095
0.9017794
0.8724372
0.9011123
0.8764587
0.8754569
0.875801
0.8739906
0.895997
0.8905401
0.8699939
0.8850201
0.8777444
0.8842543
0.8727367
0.8875363
0.8942594
0.8741479
0.8759849
0.8818882
0.8942058
0.8710606
0.8692355
0.9014803
0.8903733
0.871868
0.9085792
0.8865632
0.875243
0.8936479
0.8888838
0.8727156
0.8728935
0.8751592
0.869403
0.8721174
0.873667
0.8698577
0.8701101
0.8953701
0.9255739
0.8742217
0.8737267
0.8716141
0.8894368
0.8768222
0.8896173
0.8715298
0.8719293
0.9028793
0.8745126
0.8759117
0.8881016
0.9031061
0.9307992
0.9124906
0.8169745
0.7847592
0.7722777
0.7764887
0.7287479
0.8074929
0.7987083
0.8113547
0.807683
0.8164651
0.8012344
0.8460479
0.8157157
0.8161195
0.7779884
0.8000098
0.7728632
0.8258417
0.7778584
0.766675
0.694463
0.8484023
0.8340191
0.8247853
0.8135069
0.8293079
0.7681929
0.7777655
0.7689178
0.6849004
0.7064835
0.7073024
0.6834025
0.7055151
0.7080004
0.7057992
0.6928203
0.6950212
0.715911
0.8063826
0.772295
0.7800377
0.8179062
0.8231123
0.7686754
0.838437
0.7704946
0.82857
0.7732365
0.7719896
0.7868629
0.7861642
0.8506299
0.8251166
0.7709431
0.7995154
0.7836741
0.8441831
0.7738271
0.7986945
0.8256247
0.7766373
0.7864173
0.79479
0.812312
0.7678673
0.7692526
0.8275778
0.807638
0.7855483
0.8573683
0.8100692
0.7646992
0.8335906
0.8114209
0.7913461
0.7794935
0.7817615
0.7690643
0.7756428
0.7779764
0.7729754
0.7806674
0.8156411
0.8760356
0.7988566
0.7736466
0.7820201
0.8133878
0.7846844
0.8184217
0.7733372
0.7740699
0.8590457
0.7702405
0.7699115
0.8254869
0.83251
0.8918434
0.856
0.8559785
0.8448427
0.8362242
0.8473095
0.8460009
0.849631
0.8469445
0.8502977
0.8510573
0.8553596
0.8445257
0.880836
0.8472976
0.8478759
0.8410332
0.8486059
0.8406623
0.8570637
0.8303388
0.8472167
0.838146
0.8698177
0.8618289
0.8544987
0.8535197
0.8616893
0.836861
0.8418912
0.8414932
0.836973
0.8453785
0.8435537
0.836921
0.842462
0.8431436
0.8390138
0.841138
0.8359687
0.8370744
0.8386212
0.8371063
0.8402513
0.8539595
0.8562584
0.8419521
0.8657215
0.8380415
0.8561315
0.8470256
0.8381264
0.8461464
0.8399524
0.8805922
0.8544128
0.8404847
0.84247
0.8384241
0.8702146
0.8348772
0.8463324
0.8642564
0.8385541
0.841044
0.8422054
0.8496657
0.8409898
0.8374265
0.8603521
0.8473672
0.8441687
0.8793133
0.8483856
0.8355319
0.8627442
0.8533357
0.8431881
0.8434848
0.8480431
0.8347998
0.8390587
0.845464
0.8387484
0.8398563
0.8576831
0.8915555
0.8591783
0.834537
0.8421468
0.8586972
0.842007
0.856813
0.8419605
0.8444433
0.875408
0.8406486
0.84435
0.8560935
0.8629043
0.9018216
0.8806099
0.8302956
0.774331
0.7651511
0.766631
0.7589566
0.8130357
0.7955825
0.8019334
0.8084778
0.8211332
0.7919328
0.8441703
0.8274024
0.8254816
0.7700204
0.8093565
0.7634744
0.8282775
0.7698953
0.7927464
0.7477472
0.8559792
0.8345337
0.8237087
0.8178048
0.8406076
0.7619495
0.7660273
0.7628726
0.7541175
0.7629376
0.7626016
0.7497904
0.7621041
0.7586338
0.7621224
0.7473302
0.7450708
0.7603122
0.8151441
0.7699686
0.7705317
0.8312201
0.8321461
0.7595674
0.8441452
0.7685878
0.8362366
0.7641363
0.7578916
0.7732831
0.7782328
0.8595419
0.8177266
0.7633704
0.7999018
0.7727507
0.8422064
0.7620209
0.8001556
0.8310216
0.7752679
0.7790008
0.7882969
0.8244381
0.7597871
0.7502836
0.8343399
0.8084685
0.7711914
0.8603739
0.8099897
0.7568367
0.8388586
0.8146102
0.7923973
0.774652
0.7807317
0.7526051
0.7577526
0.7709523
0.7654626
0.7823058
0.8206956
0.881908
0.7959022
0.7692707
0.7696493
0.8253495
0.7783276
0.8132939
0.7542656
0.7591453
0.8636014
0.7596353
0.7658557
0.8208017
0.8393772
0.8998073
0.8676232
0.8591989
0.8601175
0.8442172
0.8534934
0.8557598
0.8573616
0.8534451
0.8600751
0.8613621
0.8618371
0.8571696
0.885058
0.8578751
0.8575982
0.8626766
0.8627322
0.8593246
0.8658881
0.853112
0.8540117
0.852695
0.873121
0.8762718
0.8666014
0.8686971
0.8631024
0.8588061
0.8569639
0.8551629
0.8503167
0.8520368
0.8537865
0.8481296
0.8515851
0.8545372
0.8499932
0.8517143
0.849177
0.8494725
0.8515097
0.8580749
0.8624142
0.8572361
0.8625245
0.8538709
0.8669747
0.8540737
0.8650122
0.8625402
0.8568466
0.8587687
0.8571846
0.8830233
0.8638802
0.8599582
0.854476
0.8574253
0.8740671
0.8613822
0.8594619
0.8625386
0.8587565
0.8590132
0.8553435
0.8601022
0.8611913
0.8568968
0.8676438
0.8548071
0.8632619
0.8836096
0.8597397
0.8579902
0.866846
0.8643478
0.8558296
0.8608252
0.8639697
0.8557007
0.8560658
0.864131
0.8573739
0.8558825
0.8630455
0.8865565
0.8689288
0.8570462
0.8559841
0.8611687
0.8547428
0.8623767
0.8565915
0.8592309
0.8771603
0.8570726
0.8562552
0.8671971
0.8695063
0.895235
0.8743836
0.8367171
0.8155892
0.8067055
0.8087654
0.8160277
0.8253086
0.822278
0.8259957
0.823235
0.8371661
0.8215746
0.8370957
0.8230218
0.8218941
0.8030515
0.8272853
0.8082352
0.8538908
0.8177067
0.8350105
0.8141671
0.836804
0.8353221
0.8239315
0.820305
0.8209727
0.8054226
0.8060896
0.7974423
0.8151744
0.8214821
0.8217888
0.8143431
0.8204121
0.8202855
0.8215361
0.8120868
0.8129911
0.8118575
0.8210991
0.8028654
0.8104469
0.8157755
0.8316985
0.7975767
0.8384288
0.800613
0.8314174
0.8017909
0.8000459
0.81291
0.8126956
0.8516628
0.8306094
0.8076382
0.8223052
0.8182219
0.8289138
0.8022041
0.8254113
0.8434296
0.8084939
0.8137222
0.8080641
0.8113422
0.8045121
0.8003314
0.8301029
0.819727
0.8127726
0.8587938
0.8309625
0.7978887
0.8345338
0.8299008
0.7925545
0.8085492
0.8156481
0.8038699
0.8012704
0.8088186
0.8042763
0.7860818
0.8218851
0.8951892
0.8122422
0.8041997
0.8157836
0.8097329
0.8052694
0.811778
0.7967142
0.8020964
0.8608587
0.799703
0.8007551
0.7959521
0.8464055
0.8943184
0.8719179
0.8314165
0.7683106
0.7528958
0.7630865
0.6943231
0.8042021
0.791886
0.8007972
0.7946954
0.8122393
0.7893798
0.8377454
0.8215899
0.8237093
0.7690482
0.790058
0.7567801
0.8224706
0.7669129
0.7451948
0.614468
0.8554193
0.8333333
0.823426
0.8128925
0.8299595
0.7474435
0.7591299
0.7457807
0.6172915
0.641799
0.6330531
0.6087197
0.6325944
0.6369005
0.644425
0.6206917
0.6268029
0.6870367
0.8026658
0.7615523
0.7617867
0.8233138
0.8223078
0.7499852
0.8416216
0.7579659
0.8285373
0.7528451
0.7533955
0.7718356
0.7711796
0.850931
0.8199745
0.7546434
0.7983157
0.7756106
0.8343821
0.7547014
0.7856105
0.8208652
0.7633632
0.7796992
0.7856983
0.818205
0.7554526
0.7485087
0.8224938
0.808222
0.7649196
0.8606565
0.8049205
0.7418916
0.8329797
0.8063892
0.7835125
0.7650827
0.7685564
0.7505037
0.7527926
0.7604971
0.7545082
0.7727133
0.8106172
0.8791893
0.7970736
0.7679233
0.7704047
0.8198461
0.7747092
0.8115309
0.750842
0.7483483
0.8663312
0.751266
0.759369
0.8209123
0.8291208
0.8980589
0.865942
0.8621117
0.8650712
0.8551467
0.8709817
0.8631584
0.8679735
0.8687886
0.867956
0.8687775
0.877849
0.8618895
0.8899004
0.8682807
0.867812
0.8667348
0.8613317
0.8643407
0.8718666
0.8552702
0.8652955
0.8639204
0.8759897
0.8818966
0.8727423
0.8744356
0.8741811
0.8614787
0.8634828
0.8588004
0.8624707
0.8623821
0.8634328
0.8634188
0.862977
0.8627468
0.8624152
0.863792
0.8593371
0.8571624
0.8618032
0.8622032
0.8658738
0.8721994
0.8732072
0.8609708
0.8735894
0.8582771
0.8761188
0.8674995
0.863907
0.869551
0.8645143
0.8862665
0.8664285
0.8663509
0.8656089
0.8668071
0.8800436
0.865696
0.8644839
0.8755341
0.8637313
0.8650448
0.8624754
0.8712297
0.8619501
0.8637147
0.8705471
0.866967
0.868313
0.8857561
0.8707456
0.8631805
0.8748604
0.8707504
0.8642808
0.8655077
0.8686926
0.8639008
0.8642245
0.8669196
0.8639355
0.8637211
0.8726333
0.8995311
0.8769001
0.8666761
0.8704816
0.8723081
0.865308
0.8680998
0.8648136
0.8655306
0.8892204
0.8633906
0.8660958
0.8716477
0.8767631
0.9019387
0.8913216
0.8150346
0.8176827
0.8049536
0.8134514
0.8114471
0.8197694
0.8221273
0.8324662
0.8283068
0.8369716
0.8209821
0.8581252
0.8242358
0.8227578
0.8097767
0.8161737
0.8067475
0.8366998
0.8098232
0.8262249
0.8124193
0.8447517
0.8422571
0.8279405
0.8279473
0.8358718
0.8019546
0.8137783
0.800248
0.8071335
0.8178909
0.8193539
0.8072301
0.8179476
0.8168149
0.8190175
0.8100902
0.8057586
0.8057744
0.8064453
0.8073116
0.8114823
0.8220148
0.8222926
0.7994792
0.8348514
0.8063636
0.8292753
0.802163
0.797051
0.81652
0.8197885
0.8633787
0.8306225
0.8147599
0.822806
0.811395
0.846624
0.8010545
0.807946
0.8285485
0.8127948
0.8172329
0.8138057
0.8152888
0.8078099
0.7972028
0.8264021
0.8222418
0.8138095
0.8533754
0.8329741
0.7981423
0.8377104
0.8309003
0.8097281
0.8118044
0.8223299
0.8065179
0.8021783
0.8045374
0.8066867
0.8018367
0.8174199
0.8858953
0.8298605
0.8102232
0.8175228
0.820874
0.8069752
0.8174668
0.8057491
0.8068847
0.8737609
0.8019316
0.8045437
0.8176262
0.8378847
0.8867656
0.8668243
0.8163055
0.8020537
0.8056877
0.79197
0.8022164
0.8191052
0.811243
0.8172249
0.8249368
0.8306432
0.8123408
0.8513007
0.8242557
0.8263419
0.7942453
0.8089748
0.8015725
0.8305285
0.8013407
0.8207299
0.7936412
0.8524363
0.8497642
0.8341477
0.8337688
0.8344841
0.8008035
0.8006687
0.7853309
0.7923648
0.8057981
0.8064436
0.7924509
0.8030026
0.8037779
0.800228
0.7969638
0.7931052
0.7887441
0.8092073
0.7909381
0.7981976
0.8234495
0.8335957
0.786194
0.8474631
0.7976757
0.8390216
0.7966298
0.7956595
0.8057167
0.8040757
0.8536059
0.827702
0.7967857
0.8159669
0.8032439
0.8432786
0.7866961
0.8118739
0.8388826
0.8005266
0.8067311
0.805045
0.821252
0.79872
0.7874301
0.83479
0.8206941
0.8061879
0.8633823
0.8185445
0.7900049
0.8442218
0.8249602
0.7992215
0.7928532
0.8001401
0.7887378
0.7940044
0.7948468
0.795441
0.796538
0.8283499
0.883247
0.8191693
0.7951105
0.7991007
0.8267998
0.7987026
0.8273755
0.7910606
0.7886962
0.8617841
0.7909404
0.7990969
0.8295669
0.8399081
0.8941849
0.8670605
0.9347846
0.9006123
0.9060206
0.8966028
0.9052076
0.9169189
0.9123322
0.9071149
0.9073601
0.9110283
0.9064461
0.891818
0.9265519
0.9261495
0.8980603
0.9126244
0.8955231
0.9248818
0.9088519
0.9164516
0.8989421
0.9319071
0.9232831
0.9208766
0.9159326
0.9231842
0.898021
0.8974283
0.9002313
0.9073744
0.9097453
0.9067804
0.9029502
0.9049689
0.905092
0.9039123
0.9040772
0.900684
0.9031324
0.9208378
0.8983348
0.9004926
0.9320442
0.9151469
0.8982621
0.9264642
0.9016172
0.922724
0.9007194
0.9011178
0.8924198
0.9044213
0.8998951
0.9152713
0.8954422
0.915161
0.9039417
0.9100871
0.8998528
0.9100236
0.9174251
0.8995301
0.9044599
0.9102327
0.9170652
0.8975977
0.8960612
0.9169312
0.9177388
0.8946629
0.9403337
0.9123276
0.8984741
0.9158812
0.9094661
0.90996
0.8985463
0.8987919
0.8944365
0.8994884
0.8952002
0.8987221
0.9030851
0.9125673
0.9454877
0.8934439
0.9034646
0.8994927
0.9128224
0.9046797
0.9126103
0.8963827
0.8927992
0.9375976
0.8959271
0.9000051
0.9173641
0.9236836
0.9469411
0.9386546
0.8350251
0.7117564
0.7651909
0.6770675
0.7633679
0.8067128
0.7844141
0.7938132
0.8030303
0.8122035
0.7869191
0.825762
0.820365
0.8188763
0.7013655
0.798677
0.6893724
0.8281457
0.7692129
0.8040906
0.7621507
0.8503126
0.8342933
0.8265594
0.8129117
0.8298701
0.7563552
0.6999018
0.6628827
0.7602238
0.7825712
0.7809688
0.7578507
0.7787309
0.7731679
0.7749429
0.764963
0.7649891
0.7577505
0.8136486
0.6798491
0.6831849
0.8200103
0.819975
0.6658837
0.8433754
0.691864
0.8314172
0.6216645
0.6701365
0.6884101
0.6859344
0.8398247
0.8139729
0.6795763
0.7469503
0.6995739
0.8258214
0.668397
0.783479
0.8248836
0.6979852
0.7135356
0.716895
0.8090508
0.6594834
0.663216
0.8216526
0.8046274
0.6940502
0.8640584
0.8067125
0.6659804
0.8310221
0.8103942
0.7597806
0.6668271
0.693969
0.6565551
0.6680096
0.6659378
0.6699938
0.7494327
0.8131904
0.8894858
0.767833
0.6909945
0.6966248
0.815985
0.7586522
0.8078333
0.5752518
0.6317534
0.8576754
0.6612112
0.6903956
0.8064745
0.8402067
0.9026207
0.8712168
0.8432488
0.7973161
0.7900217
0.793848
0.7732707
0.830011
0.8229691
0.8278095
0.827033
0.8345638
0.8121698
0.8556487
0.8402895
0.8399323
0.7968572
0.8330114
0.7942176
0.8450409
0.8000356
0.8058791
0.7616258
0.8683448
0.8533438
0.8456319
0.8388231
0.8571594
0.7874786
0.7902708
0.7842439
0.7659256
0.7799807
0.7794782
0.7665421
0.7782349
0.7779387
0.7798127
0.7667726
0.7647603
0.7811725
0.8319642
0.7940566
0.7941176
0.8461493
0.8480111
0.7808274
0.8610859
0.7878351
0.8497837
0.789259
0.7829039
0.8017121
0.7993548
0.8631811
0.84034
0.7938004
0.8213744
0.7974837
0.8524896
0.7909537
0.8182497
0.8373862
0.7966047
0.796883
0.8019733
0.8415655
0.7883438
0.7863705
0.8409927
0.8328441
0.7942931
0.8744772
0.8380106
0.7838854
0.853872
0.8352935
0.8111992
0.8003916
0.8039773
0.7837442
0.787414
0.7934967
0.7907297
0.8028434
0.8311946
0.8952833
0.8198877
0.7946067
0.7954487
0.8370704
0.7990591
0.8378088
0.7843496
0.7879786
0.8763475
0.7835584
0.7857947
0.8409516
0.8515052
0.9079889
0.8765026
0.8329225
0.7049901
0.7719161
0.7042799
0.7732923
0.8077002
0.7894094
0.7983128
0.8058208
0.8083909
0.7861987
0.8398356
0.8240756
0.8245008
0.7308505
0.8110114
0.6598125
0.8294721
0.7729163
0.8064085
0.7717221
0.8478835
0.8385111
0.8268168
0.8227612
0.8318302
0.7758077
0.6661314
0.668739
0.7712703
0.7845908
0.7833196
0.7686288
0.7821502
0.7797105
0.7808719
0.7761657
0.7753154
0.7663466
0.8158075
0.6252514
0.6401375
0.8260183
0.8292885
0.6806317
0.843258
0.6928594
0.8281533
0.7005906
0.6798902
0.7143916
0.7095618
0.8420289
0.8179693
0.6867184
0.7389096
0.704023
0.8306172
0.686893
0.7980862
0.8328227
0.7043759
0.711554
0.723205
0.8182591
0.6871729
0.6779241
0.8325275
0.8040093
0.6937775
0.8645405
0.8058289
0.6753906
0.8345121
0.8106909
0.7753856
0.6953587
0.7058563
0.6861404
0.6860398
0.7074081
0.6790788
0.7721047
0.8185446
0.8852549
0.7844992
0.702189
0.6588986
0.8197139
0.7725571
0.8111037
0.6898008
0.6902935
0.8518593
0.6736161
0.6998715
0.8192394
0.8315134
0.9002761
0.8635856
0.8374139
0.7797132
0.7761561
0.7701433
0.7911649
0.7984202
0.7687296
0.7888793
0.7908317
0.8050856
0.7754398
0.8416102
0.8336508
0.833153
0.7728647
0.8122084
0.7729545
0.8423974
0.7914871
0.8148621
0.7836587
0.8535351
0.8370842
0.8293685
0.8234062
0.8361351
0.7764916
0.7776397
0.7742401
0.7840237
0.7966998
0.7919266
0.7854146
0.7920494
0.7918721
0.7933648
0.7812384
0.7879158
0.7790767
0.8198275
0.7692618
0.7798327
0.824907
0.8328283
0.7617146
0.8403091
0.7688169
0.8315042
0.7708149
0.7686868
0.7893473
0.7776635
0.8494381
0.8252363
0.7745824
0.7936258
0.7804107
0.8356841
0.7701445
0.8046171
0.8358355
0.7778795
0.7871326
0.7884583
0.8240769
0.7684706
0.7725347
0.8334983
0.800624
0.7788313
0.8673104
0.7674259
0.7708707
0.8395262
0.7916085
0.7871934
0.776731
0.7860439
0.7668913
0.7694398
0.7793949
0.7693734
0.7838826
0.8236952
0.8843004
0.7932365
0.7760559
0.784145
0.8227743
0.7580744
0.8171192
0.7651894
0.7720631
0.8584698
0.7726877
0.7786776
0.8242405
0.8424641
0.9011491
0.8546606
0.8339413
0.8102613
0.8082555
0.8063315
0.8243547
0.8249116
0.8150397
0.8249561
0.8306531
0.8357844
0.8168961
0.843111
0.8303158
0.8298668
0.7939917
0.8304722
0.8091594
0.8513093
0.8134595
0.8327255
0.8195307
0.8423605
0.8435679
0.8322476
0.8286119
0.829311
0.8115158
0.8061138
0.8026846
0.8134732
0.8198429
0.8202212
0.8128818
0.8189009
0.8239792
0.8214415
0.8153054
0.8117135
0.8093204
0.8251598
0.8078215
0.8072884
0.8166855
0.8300107
0.7955221
0.8468902
0.797104
0.8333923
0.7988728
0.8007554
0.8129573
0.8093021
0.8496626
0.8288163
0.8058457
0.8090189
0.8050761
0.832527
0.8032206
0.8230129
0.848913
0.8030996
0.8083108
0.8075803
0.8230199
0.7978686
0.8036034
0.8313551
0.8207773
0.807412
0.8558209
0.8254669
0.8011996
0.8374624
0.8200463
0.7859758
0.8076481
0.8131075
0.8037953
0.8026754
0.8098985
0.8021421
0.7831693
0.8230043
0.8959404
0.7922935
0.8041313
0.8122601
0.8249696
0.8049544
0.8243498
0.8018651
0.8029656
0.8447076
0.8008212
0.8039669
0.809216
0.8551528
0.9019086
0.8689486
0.8303622
0.8037326
0.7890486
0.8085095
0.7584185
0.8144148
0.8233437
0.826229
0.821694
0.8331925
0.8165833
0.8566166
0.8299487
0.8323602
0.8090573
0.8224882
0.8079023
0.8332448
0.7992074
0.5821407
0.7348536
0.859179
0.8437803
0.8390328
0.8391612
0.847875
0.7996622
0.8085522
0.7979718
0.7347409
0.7454071
0.7434718
0.7363708
0.7422853
0.7387646
0.7383049
0.727419
0.7328824
0.7649753
0.8174709
0.8002303
0.8043173
0.8316195
0.8371261
0.8000106
0.8448299
0.8020363
0.8365889
0.8047416
0.7982782
0.8088914
0.8120955
0.8601189
0.8349946
0.7987091
0.8189454
0.8095091
0.8545083
0.7998298
0.8142116
0.8356139
0.8039687
0.8002693
0.812975
0.8334279
0.7997149
0.7926687
0.8385978
0.8163628
0.8080283
0.8653514
0.8291982
0.7948854
0.8400959
0.8339102
0.8222115
0.8061192
0.8115641
0.7973592
0.7974083
0.8069452
0.8048589
0.8155939
0.8298582
0.8726152
0.8286801
0.8040992
0.8038767
0.8356112
0.8133407
0.8264406
0.8074843
0.799683
0.8691759
0.8020888
0.7996398
0.8370817
0.8407821
0.8906784
0.8580236
0.8267704
0.7622317
0.7553665
0.751848
0.7194544
0.8030226
0.7900338
0.7916003
0.7976996
0.8114801
0.7832386
0.8316241
0.8118796
0.8140868
0.7599337
0.7928155
0.7505926
0.8225721
0.7679031
0.770485
0.7056337
0.8489634
0.8247066
0.8123117
0.8109348
0.8278876
0.7489106
0.7573672
0.7411371
0.7075753
0.7259629
0.7221119
0.7026566
0.7203485
0.7226853
0.7250393
0.7095495
0.7064625
0.71933
0.8013509
0.7507036
0.7541071
0.8233842
0.8213242
0.7426983
0.8365229
0.7577751
0.8258607
0.7492175
0.7414754
0.7585459
0.7598124
0.8444702
0.8119613
0.7490545
0.7888188
0.7690289
0.8320674
0.7443512
0.7873221
0.8151569
0.7577906
0.7644408
0.7726037
0.8106885
0.7456774
0.7379525
0.8214578
0.8045691
0.7602186
0.8594136
0.8042874
0.7397285
0.8289567
0.8062934
0.7718058
0.7534552
0.754118
0.7364923
0.7461371
0.7488867
0.7471431
0.7640407
0.8073351
0.8818894
0.7795295
0.7552481
0.7583817
0.8076902
0.7676389
0.8028619
0.7374173
0.7490315
0.858785
0.735521
0.7533583
0.8139535
0.8271393
0.8948424
0.8648389
0.8256135
0.8063675
0.7987035
0.8046514
0.7889175
0.8274946
0.8149343
0.8254108
0.8251291
0.8280021
0.8203699
0.8594957
0.8248763
0.8265103
0.8055451
0.8214962
0.8008696
0.8346655
0.8053489
0.7933853
0.7724921
0.849718
0.8431874
0.8317722
0.8288641
0.8341083
0.7968066
0.8037012
0.7919936
0.7735897
0.7821448
0.7819073
0.7719138
0.7814017
0.7790732
0.7817441
0.7758156
0.7746167
0.7806314
0.8124584
0.8031196
0.8057502
0.8304011
0.8408103
0.7947872
0.8465573
0.7970625
0.8375863
0.8036646
0.800265
0.8076095
0.8101233
0.8637397
0.8304988
0.7992246
0.8107878
0.8035502
0.845301
0.8058684
0.8112092
0.8431498
0.804349
0.8063304
0.8045664
0.8288113
0.800485
0.7954401
0.8335035
0.8176626
0.811733
0.8555153
0.8251451
0.7967471
0.8415605
0.8291813
0.813709
0.8070627
0.8134108
0.8011981
0.7934857
0.8078186
0.8027304
0.8147394
0.8279135
0.8756684
0.8306884
0.8057721
0.8099985
0.8286018
0.8122094
0.8264231
0.8003013
0.8073717
0.8636587
0.8006436
0.804522
0.8331352
0.8457158
0.885112
0.8599177
0.8259847
0.7753972
0.7599445
0.7685941
0.7323103
0.807118
0.7997184
0.8045298
0.7971684
0.8177135
0.7926537
0.8484381
0.8162015
0.8199507
0.7759804
0.799436
0.7662316
0.8196537
0.7684877
0.7660509
0.7153774
0.8573657
0.8392268
0.8266185
0.8189898
0.8368989
0.7591501
0.7687738
0.7597283
0.7226863
0.7367052
0.7293728
0.7227888
0.7293326
0.7248622
0.733942
0.7198967
0.7130464
0.7423005
0.8062861
0.7623446
0.7693568
0.8276075
0.8265452
0.7608608
0.8403011
0.7720714
0.8302451
0.7666783
0.7610281
0.7817065
0.7736328
0.8568701
0.8217265
0.7635586
0.7909071
0.7750991
0.8435512
0.7684587
0.7904815
0.8220405
0.7737012
0.7745032
0.7786758
0.8190332
0.7629204
0.7600439
0.8255037
0.8146215
0.774026
0.8606944
0.8070697
0.7584121
0.8387973
0.8115543
0.7962704
0.7677405
0.7790376
0.7590131
0.7604358
0.7694102
0.7681366
0.7870204
0.8166434
0.8722713
0.8017663
0.7734454
0.7697472
0.8209101
0.7782118
0.8097972
0.7627467
0.765425
0.8667792
0.7550382
0.7679669
0.8254027
0.8272188
0.8924679
0.857989
0.8261295
0.8932944
0.8754785
0.8987227
0.8851518
0.8710765
0.8846743
0.890092
0.8875355
0.8919249
0.8815368
0.9122435
0.8645671
0.8623085
0.8897607
0.8710559
0.8927552
0.8796651
0.8842714
0.8743338
0.8828377
0.864364
0.8864631
0.8809848
0.8841254
0.8742271
0.8935532
0.8944571
0.8839962
0.8805388
0.8815413
0.8844583
0.8822516
0.8836738
0.8825963
0.8835928
0.8843756
0.8813323
0.8782807
0.8539174
0.8850378
0.891455
0.8562027
0.8811201
0.8848024
0.8709067
0.8871897
0.8755105
0.8897912
0.892223
0.8987858
0.8956059
0.9038479
0.8906257
0.8946872
0.8829993
0.8895346
0.8945059
0.8902503
0.8871434
0.8858956
0.8895575
0.8871725
0.8789848
0.8670024
0.8914514
0.889452
0.8791084
0.8681403
0.8915509
0.8801972
0.8865609
0.8857211
0.8852196
0.8902641
0.8838009
0.8935593
0.8987193
0.8952649
0.8874232
0.8935163
0.8907923
0.8896892
0.8739436
0.8924792
0.9094364
0.8904483
0.8929109
0.8820019
0.8850855
0.8779847
0.8962981
0.897397
0.8974904
0.8893826
0.8816608
0.8750701
0.8859101
0.8906566
0.8787916
0.827846
0.8953069
0.8753434
0.9004728
0.8870439
0.8722145
0.8842878
0.8900568
0.8887759
0.8936291
0.8826274
0.9136759
0.8659392
0.8631642
0.8923675
0.8706807
0.8931844
0.8809385
0.8870596
0.8748819
0.8820524
0.8627416
0.8884222
0.8832098
0.8846739
0.874399
0.8942609
0.894987
0.8857744
0.8820253
0.8811076
0.884325
0.8835325
0.8841313
0.8830591
0.8846899
0.8859786
0.8822526
0.8807536
0.8546582
0.8861661
0.8926705
0.8566497
0.8811847
0.8861058
0.8716515
0.8880533
0.8769076
0.8917889
0.8944604
0.8989529
0.8954128
0.905721
0.8909819
0.8955878
0.8822961
0.8910052
0.8940345
0.8924479
0.8875476
0.886295
0.890099
0.8879193
0.8805303
0.8688002
0.8922059
0.8908995
0.8796628
0.8696844
0.8924559
0.8820811
0.8862341
0.8881836
0.8843147
0.8912447
0.8859828
0.8946267
0.9015778
0.8957547
0.8890262
0.8950477
0.891915
0.8908231
0.8759991
0.8913281
0.9095574
0.8902554
0.8939657
0.8830277
0.886227
0.8805812
0.8983918
0.8972025
0.8988148
0.8905116
0.8839917
0.8755607
0.8865007
0.8906244
0.8780718
0.8284546
0.8961627
0.876501
0.8997755
0.8875909
0.8740572
0.8862359
0.8884423
0.8887194
0.8912028
0.8833341
0.9109125
0.8684259
0.866184
0.891817
0.8734632
0.8936379
0.8783192
0.8870009
0.8783923
0.8853901
0.8684601
0.890673
0.8848647
0.8898737
0.8757829
0.8949416
0.8956433
0.8881042
0.8823716
0.8797997
0.8840194
0.8851385
0.8842703
0.8846376
0.8859078
0.8823424
0.8859457
0.8759789
0.8578405
0.8896356
0.893544
0.8576088
0.8849322
0.88802
0.8740188
0.8877784
0.876803
0.8904394
0.8951863
0.9007722
0.8963864
0.9072183
0.8951037
0.8964072
0.8840327
0.8943048
0.8949445
0.8957706
0.8891897
0.8865264
0.8931791
0.8925836
0.8818365
0.868695
0.8929845
0.89316
0.8794602
0.8727705
0.8972323
0.8790049
0.8884175
0.891083
0.8870605
0.8918131
0.8862496
0.8955068
0.8986162
0.8966899
0.8908081
0.8959739
0.8928504
0.8922598
0.8741045
0.8939559
0.910775
0.8950147
0.8956126
0.885686
0.8873407
0.8777363
0.8968335
0.9003687
0.899877
0.893141
0.8861793
0.8772854
0.8844262
0.8936766
0.8782495
0.8259235
0.8974831
0.8767197
0.9020614
0.890385
0.8736462
0.8877651
0.8892187
0.890571
0.8946821
0.8855104
0.9140359
0.8682651
0.8645262
0.8960042
0.8723708
0.8954461
0.8810728
0.8842199
0.8767732
0.8862201
0.8665262
0.8926596
0.8852917
0.8911368
0.877082
0.8975989
0.8982
0.8912961
0.8858363
0.8818978
0.8877029
0.8863299
0.8879664
0.8853669
0.8870155
0.8845215
0.8846875
0.8800364
0.8560311
0.8880861
0.8954163
0.8558341
0.8831259
0.8873051
0.8740434
0.8888626
0.8795606
0.8911538
0.8939805
0.9025759
0.8999393
0.9067917
0.8933666
0.9003787
0.8850953
0.895697
0.8984144
0.8954037
0.8900339
0.8872755
0.8959418
0.8932143
0.8839761
0.8715146
0.892786
0.8933808
0.8811231
0.8752117
0.8984145
0.8831672
0.8876674
0.8924665
0.8880504
0.8926436
0.8857355
0.896762
0.9022623
0.8981016
0.8928167
0.8950911
0.8953181
0.8919974
0.8742288
0.8923151
0.9118411
0.8939373
0.8980847
0.8848711
0.8900583
0.8807823
0.8982105
0.9002496
0.8990267
0.8947767
0.8885017
0.876256
0.8852318
0.8939568
0.8794945
0.8243048
0.7699564
0.7595017
0.7655657
0.7006073
0.7983942
0.7955749
0.8067558
0.7991522
0.8133719
0.7924239
0.8418323
0.8167143
0.820612
0.7716139
0.7962771
0.7647519
0.818555
0.7711448
0.737425
0.2425382
0.8551554
0.8345764
0.8180918
0.8137646
0.8310982
0.7589741
0.7723392
0.758118
0.5804213
0.586929
0.5564748
0.5814496
0.5537788
0.566009
0.5119353
0.5207585
0.5413774
0.6938915
0.8024438
0.7642309
0.7745213
0.8241234
0.8241979
0.7635677
0.843095
0.7692177
0.8278317
0.767778
0.7655741
0.7729308
0.7801659
0.850173
0.8162233
0.7694646
0.7988056
0.7833498
0.838202
0.770869
0.7919915
0.8204205
0.7691225
0.7796096
0.7903068
0.8222189
0.7665719
0.7572871
0.8259788
0.8089729
0.775372
0.8585042
0.8052534
0.7530992
0.8359714
0.8113217
0.7928497
0.770143
0.7764383
0.7578953
0.7603094
0.7747444
0.7692743
0.7822648
0.8142006
0.87556
0.7967294
0.7728107
0.7720925
0.824613
0.7790748
0.8126694
0.7625262
0.7649772
0.860885
0.7570962
0.7704424
0.8296389
0.8285246
0.8951394
0.8651666
0.8309213
0.8061782
0.7908148
0.811267
0.7595447
0.8140127
0.8253569
0.8281827
0.8227408
0.8310567
0.8176116
0.856514
0.8302943
0.8325308
0.8116506
0.8224006
0.8075895
0.834069
0.7989255
0.5815493
0.736766
0.8582324
0.8426902
0.8400465
0.837864
0.8466877
0.8002081
0.8096434
0.7991892
0.7338984
0.7436068
0.7432798
0.7358569
0.7421606
0.7423802
0.7386998
0.727122
0.7340873
0.7641073
0.8200142
0.8033035
0.8059299
0.8318502
0.8378191
0.8009727
0.8448601
0.8074136
0.8370134
0.804869
0.7988658
0.8105263
0.8153854
0.8587654
0.8349913
0.8012331
0.8186238
0.8114502
0.8538294
0.8021297
0.8144751
0.8365725
0.8057752
0.8012082
0.8165119
0.8350224
0.7996628
0.7931437
0.8381586
0.8146332
0.8097508
0.8643873
0.8295364
0.7963061
0.8393351
0.8304696
0.82211
0.8086164
0.8125972
0.8010699
0.7968553
0.810968
0.8056718
0.8166749
0.8312892
0.8725461
0.8287541
0.8053965
0.8043749
0.8357184
0.81427
0.827493
0.808497
0.8003898
0.868304
0.802725
0.8014252
0.8376473
0.8392293
0.890577
0.8559888
0.8306352
0.8040129
0.7883244
0.8089799
0.7590368
0.8134989
0.8241481
0.8276583
0.8200257
0.8311572
0.8160135
0.8555787
0.8302278
0.8315089
0.8108656
0.8214071
0.8070726
0.8335984
0.7984845
0.5790842
0.7366272
0.8586092
0.8428924
0.8403123
0.8397879
0.8460248
0.800238
0.8094969
0.7989672
0.7336894
0.7441813
0.7427623
0.7349215
0.7417101
0.7438514
0.7374097
0.7275036
0.7319711
0.7638617
0.818994
0.8012744
0.8059647
0.8313294
0.8374907
0.8007513
0.8448075
0.8063287
0.8370079
0.8043316
0.7971107
0.8102593
0.8138971
0.8596408
0.8348745
0.80045
0.8194851
0.8109397
0.8544721
0.79949
0.8155257
0.8341012
0.8025684
0.8011161
0.8166125
0.8328135
0.7996309
0.7932353
0.8377779
0.8164922
0.8081815
0.8645487
0.8281493
0.7946806
0.8384211
0.8307887
0.8215861
0.8071537
0.8106002
0.7998302
0.7972013
0.8072873
0.8052064
0.8148311
0.8293061
0.8726077
0.8277883
0.8037016
0.8052763
0.8358238
0.8114623
0.8269042
0.8068139
0.8001055
0.867964
0.8030734
0.8014578
0.8367236
0.8398096
0.8907881
0.8581316
0.829525
0.8069279
0.7916502
0.8128593
0.760532
0.8148062
0.8242568
0.8266842
0.8212631
0.8342238
0.8174085
0.8567001
0.8307908
0.8334216
0.8128798
0.8217817
0.8077319
0.8333407
0.7999316
0.582289
0.7366979
0.8566662
0.8440711
0.8403701
0.8393632
0.8486269
0.8017045
0.8079531
0.8021666
0.7347537
0.7428396
0.7445028
0.7362499
0.7433096
0.7430907
0.7400447
0.7292832
0.7350667
0.7641369
0.8201021
0.8048145
0.806629
0.8329767
0.835927
0.8013652
0.8454876
0.8064988
0.835877
0.806347
0.7978543
0.8104278
0.8149257
0.8608473
0.8350404
0.801057
0.8210568
0.8111088
0.8561298
0.8014437
0.8155718
0.8339941
0.8045474
0.8007861
0.81576
0.8349615
0.8004956
0.7948745
0.8395512
0.8169941
0.8094645
0.8652193
0.8297992
0.7953572
0.8412574
0.8309516
0.8229094
0.8095737
0.8132393
0.8034297
0.7974317
0.8098782
0.8060022
0.816968
0.8319359
0.8727692
0.828866
0.8039307
0.8052588
0.8356573
0.8142379
0.8275353
0.8073075
0.8004009
0.8689904
0.8025498
0.8033349
0.8382752
0.8381105
0.8915176
0.8578531
0.8429022
0.7959914
0.7992593
0.7947947
0.7979731
0.8265559
0.806165
0.8209633
0.8154807
0.8303623
0.8097365
0.851407
0.8400234
0.8372822
0.8009129
0.8278316
0.796798
0.8441918
0.8025839
0.8106604
0.7937387
0.8513879
0.8500223
0.8408639
0.8319296
0.8357833
0.7972719
0.7968568
0.7920637
0.7995645
0.8057058
0.8030934
0.7978885
0.8013375
0.8006658
0.7985686
0.7990221
0.7936932
0.7953767
0.8345303
0.7937846
0.8008299
0.8332342
0.8449725
0.7889307
0.845053
0.7967204
0.8394666
0.793945
0.7911555
0.7990723
0.7988147
0.8559825
0.8247027
0.7933129
0.8103765
0.7947153
0.842543
0.7952391
0.819095
0.83813
0.7967319
0.7937679
0.7975244
0.8322164
0.7918903
0.7884992
0.8382782
0.8208081
0.7924255
0.8662308
0.8163799
0.7865804
0.8402947
0.8274673
0.8071826
0.7995363
0.7991105
0.791123
0.7838866
0.7957209
0.7905113
0.8038047
0.8290909
0.8810461
0.8147379
0.790252
0.79693
0.8314391
0.7997629
0.8293917
0.7907157
0.7935554
0.8550838
0.792374
0.7936241
0.8286222
0.8479177
0.8930115
0.8640489
0.8469607
0.8330091
0.8236593
0.8362661
0.8291612
0.847098
0.8473949
0.8508024
0.8434931
0.8495314
0.8379414
0.8768223
0.8493385
0.8491058
0.8370772
0.837059
0.8356247
0.8258996
0.8294725
0.8359654
0.8195235
0.8770615
0.8631916
0.855782
0.8531112
0.8686655
0.8287247
0.8357873
0.8304294
0.8197592
0.8247191
0.8221861
0.81992
0.8222433
0.8260145
0.8228969
0.8189506
0.8186832
0.8243111
0.8390959
0.8335279
0.8352281
0.8570274
0.8552146
0.8349245
0.8653135
0.8344705
0.85774
0.8391291
0.8326041
0.8456888
0.8383237
0.8833178
0.8506554
0.8338497
0.8399864
0.8385839
0.8624799
0.8378531
0.8403326
0.8579799
0.8395979
0.8367214
0.840759
0.8505229
0.8350963
0.8287185
0.8596404
0.8471171
0.8358821
0.875827
0.8452205
0.8321907
0.8659622
0.852605
0.8462388
0.8368233
0.8430165
0.8290603
0.8302166
0.8388993
0.8346513
0.8419838
0.8502922
0.8798005
0.8483574
0.8322246
0.8357125
0.855883
0.8364463
0.8525906
0.8375481
0.8302962
0.8772828
0.8287478
0.8398346
0.8536443
0.8545381
0.9012788
0.8779695
0.8483906
0.8510063
0.8336021
0.8518209
0.8517198
0.8300385
0.8406467
0.8504402
0.8414554
0.8538335
0.8472959
0.8837835
0.8536028
0.852435
0.8530258
0.8576011
0.8523368
0.8667887
0.8476743
0.8531789
0.8502705
0.8540582
0.8727303
0.8669946
0.8623299
0.8544176
0.8524222
0.8533365
0.8481259
0.8480482
0.850774
0.8510581
0.8486969
0.8490549
0.85175
0.8473701
0.8505071
0.8488319
0.8429621
0.8440466
0.8468473
0.853505
0.8385061
0.8613235
0.8482117
0.8569278
0.8516957
0.8570296
0.8518373
0.8500441
0.8589822
0.8560519
0.8744959
0.8612771
0.8512325
0.8467587
0.8530801
0.8671192
0.8542726
0.8495224
0.869569
0.8486976
0.8508818
0.8493901
0.8546123
0.8472507
0.8458939
0.8615735
0.8207857
0.8566418
0.8748459
0.8461297
0.8449396
0.869888
0.8523015
0.8504347
0.8547635
0.8546815
0.8523283
0.8475376
0.8479992
0.8503378
0.8496917
0.8506239
0.8822322
0.8648826
0.8496114
0.8523393
0.8573447
0.8442534
0.8573214
0.8521989
0.855237
0.8792728
0.8516409
0.8480591
0.8538281
0.8686825
0.8958249
0.8587654
0.8509648
0.8458108
0.8291055
0.8424607
0.8449954
0.8517046
0.8488292
0.85442
0.8555494
0.8576037
0.8460147
0.884371
0.8576287
0.8559557
0.8472525
0.8442902
0.8433487
0.8322165
0.8301498
0.8426469
0.8331496
0.8763691
0.870138
0.8672524
0.8563362
0.8725406
0.8355087
0.8405505
0.8448184
0.8342142
0.8380397
0.8377322
0.8354037
0.8362858
0.8314299
0.8343431
0.8328224
0.8317972
0.8376581
0.8461196
0.8489603
0.8433566
0.8593486
0.8590148
0.8411476
0.8689906
0.8411733
0.8593367
0.8459909
0.8488542
0.8471971
0.850737
0.8854757
0.8596444
0.8461093
0.8516835
0.847966
0.8675289
0.8457053
0.8479779
0.8636501
0.8465251
0.8439937
0.8492722
0.8570283
0.8458508
0.8429716
0.8623034
0.8471409
0.8448351
0.8760093
0.8526881
0.841122
0.8720293
0.8582941
0.8512285
0.8411791
0.8501181
0.839941
0.848763
0.8476075
0.8446248
0.8492688
0.8592622
0.8781734
0.8581262
0.8472906
0.8475788
0.8609667
0.8461574
0.8566424
0.8447103
0.8433065
0.8740611
0.849335
0.8458648
0.8589708
0.8637011
0.8976264
0.8788842
0.9076503
0.8811475
0.8796372
0.878944
0.8883502
0.8946419
0.8836517
0.8877814
0.8831034
0.8889333
0.8845476
0.8833161
0.9016467
0.8996022
0.8769308
0.8939485
0.877789
0.903458
0.8866793
0.8957593
0.8810771
0.9059867
0.9056423
0.9001273
0.8983657
0.8969039
0.8830178
0.8771119
0.8767594
0.8868322
0.8891992
0.8885144
0.8834974
0.8882803
0.8884394
0.8861687
0.8830057
0.8862118
0.8804655
0.8967291
0.8805514
0.8789435
0.9031877
0.8960242
0.8756108
0.906476
0.879961
0.9009979
0.8757841
0.8834928
0.8781436
0.8809616
0.882203
0.8947204
0.8784442
0.8883723
0.8789861
0.8887644
0.8767869
0.8901396
0.9023664
0.8791091
0.8818762
0.8899422
0.8955755
0.8786334
0.8763652
0.9013527
0.8942243
0.8788453
0.9197062
0.8907857
0.8780428
0.8929821
0.8912323
0.8821409
0.8777925
0.8808991
0.8761123
0.8771381
0.8777333
0.8764337
0.8783924
0.8951243
0.9287498
0.8715043
0.876335
0.8806901
0.8954032
0.8833707
0.8908131
0.8729201
0.8746617
0.9100107
0.8801019
0.8801257
0.8940434
0.9070187
0.9319824
0.9225521
0.8097978
0.8130816
0.7970785
0.8006884
0.7912929
0.8121603
0.8178687
0.8267031
0.8238782
0.8349779
0.8163906
0.8446898
0.8029984
0.8015012
0.79767
0.8134318
0.8022818
0.8335927
0.8033384
0.8164533
0.7930433
0.8393886
0.8406249
0.8300638
0.8264847
0.8265782
0.7919564
0.8051551
0.7884679
0.7934343
0.8024629
0.8057235
0.7925822
0.8042164
0.7998076
0.8009933
0.7935876
0.7938017
0.7957068
0.7056799
0.7929769
0.8036159
0.8130269
0.8000397
0.7901647
0.8336544
0.8001859
0.8251578
0.7991084
0.7975097
0.8107303
0.8107511
0.8500324
0.8301023
0.8061839
0.8173783
0.809534
0.8355782
0.7969253
0.8075777
0.8188687
0.8025343
0.8104313
0.804645
0.817454
0.7941712
0.7968
0.8179734
0.81723
0.8083162
0.8492851
0.8272456
0.7913812
0.8344698
0.8321515
0.806292
0.8020748
0.8116718
0.7937417
0.8014091
0.7985777
0.8023415
0.7979368
0.8152238
0.8791758
0.8274552
0.7981503
0.810683
0.8167005
0.7986644
0.8102455
0.7999327
0.8027304
0.8690515
0.7950643
0.7870195
0.8191301
0.835169
0.8915384
0.8639664
0.8334426
0.7730728
0.7690736
0.7713967
0.7611511
0.8102757
0.798432
0.8015962
0.8062809
0.8193284
0.7903112
0.8453279
0.8291473
0.8283424
0.7788983
0.816163
0.7670967
0.8280925
0.7730061
0.7820202
0.7421342
0.8505844
0.8304787
0.8292097
0.8218371
0.8404102
0.7667775
0.7647563
0.7642707
0.7511325
0.758082
0.7560857
0.7443851
0.7561184
0.7554151
0.762024
0.7429822
0.7467861
0.7486905
0.8166237
0.7697842
0.7728053
0.8285461
0.8308121
0.7629773
0.8402688
0.7711894
0.8300104
0.7701183
0.7627129
0.7839399
0.7787353
0.8585319
0.8190734
0.7720005
0.7984752
0.7760163
0.835642
0.7694514
0.8012011
0.8283796
0.7746099
0.7783176
0.7871972
0.8299261
0.7588308
0.7580011
0.8305631
0.8065401
0.7674526
0.862555
0.8097765
0.764024
0.8398841
0.8080726
0.7942694
0.7736385
0.7861374
0.7607467
0.7605822
0.7773186
0.7648188
0.7845751
0.8199717
0.8773422
0.8003475
0.7763591
0.7696098
0.8263302
0.7809581
0.8186449
0.7684448
0.7624029
0.8603929
0.7620189
0.7682301
0.8238819
0.8403902
0.8959169
0.864079
0.8279599
0.6890503
0.7666456
0.6912936
0.7618374
0.7999152
0.7815987
0.7899468
0.7997151
0.8092341
0.7778555
0.8281711
0.8137654
0.813877
0.7100501
0.8060365
0.6793439
0.8275879
0.7677747
0.8036006
0.7670053
0.8464684
0.8333417
0.817913
0.8083736
0.8287664
0.7610573
0.6872164
0.6575259
0.7602103
0.787632
0.7821637
0.7630274
0.7806373
0.7823764
0.780481
0.7674033
0.7656718
0.7602683
0.8038246
0.6741625
0.6755597
0.8161463
0.8171847
0.6537752
0.8406129
0.676226
0.8258126
0.6824292
0.5291436
0.7045759
0.7014276
0.8432774
0.810694
0.674502
0.7293852
0.6875568
0.825196
0.672415
0.7897636
0.825959
0.6859868
0.6862503
0.6968804
0.8141096
0.6731001
0.6443957
0.8204828
0.8062775
0.685795
0.8606265
0.7972588
0.6528533
0.8258136
0.8040878
0.7628536
0.6893513
0.7038121
0.6730795
0.661082
0.6806227
0.6549644
0.751663
0.8100882
0.8892804
0.7751118
0.6938366
0.6860731
0.8106158
0.7554
0.8027184
0.6741604
0.675833
0.8569683
0.6498976
0.673726
0.8045043
0.8323422
0.8958205
0.8662813
0.8277896
0.7032726
0.7687969
0.7161403
0.7706856
0.809351
0.7930765
0.7896666
0.806096
0.8090802
0.7810424
0.8354704
0.8171159
0.8171607
0.7153977
0.8038077
0.6908117
0.8315872
0.7709979
0.8019128
0.7721334
0.8438582
0.8365646
0.8218209
0.8153798
0.8320257
0.7704637
0.6904519
0.6645679
0.7721728
0.7849695
0.7855683
0.7700046
0.7838371
0.7828856
0.7827543
0.771741
0.7738243
0.7677152
0.8080248
0.6792612
0.6986398
0.8186342
0.8218919
0.6735559
0.8356019
0.6896753
0.8237696
0.6951428
0.6727044
0.7196523
0.7175654
0.842188
0.814036
0.6934622
0.7391978
0.7012133
0.8324685
0.683231
0.7962953
0.8220986
0.7001217
0.7057602
0.7158215
0.8137571
0.6936311
0.6725711
0.8223967
0.8003708
0.6930648
0.8582145
0.8006466
0.6676364
0.8257382
0.8119012
0.7653696
0.7014858
0.7120229
0.6842071
0.6762896
0.7099694
0.6771612
0.7589626
0.8142242
0.8831025
0.7822037
0.6966171
0.7007067
0.8153331
0.763218
0.8067657
0.6875334
0.6981034
0.8483745
0.6713596
0.6982859
0.8022217
0.831515
0.8992244
0.8678681
0.8448585
0.8452682
0.8293486
0.8421637
0.8382206
0.8431678
0.8408535
0.8525404
0.8468297
0.85202
0.8481133
0.8720128
0.8454942
0.8436913
0.8399386
0.8399284
0.8386366
0.8536293
0.8362993
0.8437749
0.8343576
0.860109
0.8617712
0.8563439
0.8508764
0.8543285
0.8340758
0.8375904
0.835066
0.8380435
0.8362017
0.8420322
0.8378276
0.8404187
0.8380161
0.8343731
0.8386857
0.8389378
0.831093
0.8375309
0.833999
0.8418867
0.8402774
0.852329
0.8331394
0.8566368
0.8359187
0.8515868
0.8388079
0.8421238
0.8432475
0.8399821
0.8755932
0.8487225
0.834083
0.8385007
0.8382809
0.8604641
0.8364952
0.8477806
0.8575872
0.8358023
0.8390222
0.8368408
0.8484862
0.8365389
0.8403109
0.8492546
0.8432477
0.847736
0.8671715
0.8483663
0.8319823
0.8570472
0.8507747
0.8396712
0.8366588
0.8472806
0.8344723
0.8357768
0.8411308
0.8388936
0.8397653
0.8506279
0.8889521
0.8541743
0.8367508
0.8417778
0.8500537
0.8424808
0.8470135
0.8382014
0.8392642
0.8743298
0.8393421
0.837461
0.8487149
0.8616894
0.8980391
0.8717758
0.8269027
0.7294712
0.7761493
0.66221
0.7788719
0.8132929
0.7911966
0.7985756
0.8152856
0.8201613
0.7882885
0.8378378
0.8224198
0.8206743
0.7288332
0.816484
0.7217961
0.8347966
0.7890694
0.8111989
0.7737716
0.8471695
0.8366686
0.8316502
0.8255054
0.8305232
0.7833623
0.7213955
0.6997243
0.7845567
0.7945857
0.7957961
0.7800563
0.7952989
0.7931769
0.7853993
0.7792855
0.7809784
0.7731418
0.8193948
0.7100581
0.7215158
0.823391
0.8226454
0.7112077
0.8462952
0.7178857
0.831377
0.7139175
0.7059693
0.6892762
0.7177672
0.8450046
0.8217832
0.7156067
0.7513783
0.73542
0.830328
0.6969186
0.8012937
0.8341601
0.720228
0.7272895
0.7343921
0.819816
0.7106302
0.7082801
0.8316474
0.8071783
0.7216978
0.8683669
0.8058444
0.7005317
0.8356178
0.8151119
0.7764669
0.5792024
0.7085102
0.6663351
0.7140691
0.706786
0.7054773
0.769872
0.8147248
0.883206
0.7909172
0.7077357
0.7219561
0.8215603
0.7769979
0.811863
0.7034248
0.708243
0.8542281
0.7002184
0.7176441
0.8145061
0.8326689
0.8965884
0.8671127
0.8422746
0.6401188
0.7670906
0.7056974
0.774857
0.8110076
0.7884832
0.7987393
0.8006374
0.8057205
0.7838102
0.8387043
0.8238129
0.8243088
0.7236894
0.8098949
0.6893054
0.8371944
0.7803242
0.8082718
0.7654827
0.8532057
0.8347153
0.825857
0.8179564
0.8358266
0.7752899
0.6986197
0.6747586
0.7725841
0.7856347
0.7817706
0.7689211
0.7816738
0.7823883
0.7784176
0.7644858
0.7629532
0.76875
0.8199628
0.6879548
0.6995251
0.8306279
0.8235542
0.6865888
0.8464666
0.6950341
0.8303506
0.6963825
0.677636
0.7153239
0.7084637
0.844987
0.8153888
0.6891532
0.7356688
0.7023492
0.8293932
0.6906679
0.8011569
0.827597
0.701602
0.6615385
0.7135524
0.8227373
0.7040611
0.6770454
0.830504
0.8060662
0.6988922
0.8631438
0.7992843
0.6713964
0.8316146
0.809414
0.7758169
0.7065105
0.706521
0.682168
0.6787357
0.7070993
0.6758666
0.7687922
0.8217244
0.8825379
0.7814642
0.7037838
0.6955907
0.8188019
0.7709004
0.8100344
0.6823022
0.6953487
0.8520488
0.6734586
0.6965477
0.818156
0.8345628
0.9041115
0.8669484
0.8205034
0.7905163
0.7753
0.7753166
0.7943482
0.7921444
0.7871152
0.8032448
0.8019802
0.8144137
0.7840415
0.8388055
0.8142627
0.8120769
0.7754767
0.8152537
0.7743888
0.8371013
0.7987162
0.8150792
0.7899187
0.8343492
0.8340104
0.8236567
0.818275
0.8239799
0.7895285
0.7774108
0.7732613
0.7853683
0.7961681
0.7941271
0.784584
0.7925009
0.7934252
0.7974254
0.7862554
0.7902542
0.7842441
0.8049966
0.7719288
0.7809402
0.8119946
0.822147
0.7665526
0.8343943
0.7743175
0.8244017
0.7731356
0.7680629
0.7893501
0.786184
0.8453907
0.8189475
0.777582
0.7942043
0.7837729
0.8225537
0.7780761
0.808285
0.8324858
0.7825146
0.7874971
0.7811907
0.810274
0.7734807
0.7739901
0.8246823
0.7822232
0.7861719
0.8522533
0.8061203
0.7683326
0.8315523
0.8124545
0.7758802
0.783975
0.7939964
0.770656
0.7733562
0.7822874
0.7799528
0.7770713
0.8156448
0.8833964
0.7943925
0.7814619
0.7821736
0.8144872
0.7654272
0.8092419
0.7718231
0.7753249
0.8551074
0.7740728
0.7662369
0.8087778
0.8402975
0.8910098
0.8532543
0.841248
0.789244
0.7911749
0.7749983
0.8038228
0.8222792
0.8058863
0.8086671
0.818688
0.8281986
0.7983422
0.8252857
0.8233856
0.8244161
0.7628192
0.8281189
0.779332
0.8534478
0.7958376
0.8332416
0.8002286
0.8418154
0.8447387
0.8297191
0.8279167
0.8288073
0.7899748
0.7834904
0.775472
0.7949063
0.8096652
0.8117508
0.7981786
0.8085343
0.8086694
0.8096772
0.8023297
0.8001931
0.7932164
0.8247748
0.7843731
0.7798274
0.8162621
0.8280164
0.7651577
0.8458404
0.7653823
0.8355181
0.768403
0.7689594
0.7872148
0.7811057
0.8401142
0.8238994
0.7749634
0.8031506
0.7852502
0.8216724
0.7743159
0.8161539
0.8425122
0.7780502
0.7898279
0.7895482
0.8176071
0.7665451
0.7748202
0.8325794
0.8151873
0.7829355
0.8680883
0.8206358
0.7688425
0.8339063
0.8160939
0.7534384
0.7795023
0.7846947
0.7714731
0.7847264
0.7832793
0.775839
0.7365456
0.8216755
0.9007697
0.7511504
0.7791459
0.788783
0.8130903
0.7836353
0.8118435
0.7694168
0.7691478
0.8470102
0.772605
0.7767617
0.8084641
0.8492659
0.9079184
0.8767996
0.8056283
0.7815642
0.7719527
0.7653226
0.7862608
0.7850515
0.7854775
0.7972028
0.8001714
0.8061113
0.7803081
0.8306491
0.8075012
0.8086901
0.7685751
0.8082012
0.7684198
0.8357109
0.7830756
0.810048
0.7790843
0.8317944
0.829031
0.8206992
0.8141575
0.8133298
0.7767592
0.7672588
0.7574243
0.7745006
0.7873252
0.7860808
0.7780097
0.7861376
0.7887437
0.7919523
0.7803879
0.7744697
0.773632
0.7967454
0.7637934
0.7715051
0.8047712
0.8151635
0.7613989
0.8316662
0.7692714
0.8200824
0.7662205
0.7605356
0.785759
0.7836808
0.8385044
0.817082
0.7688071
0.7895465
0.7777395
0.8235902
0.7731775
0.7974611
0.8297734
0.7776163
0.783138
0.7778476
0.8082736
0.7630798
0.7638674
0.8138656
0.7737376
0.785071
0.8499442
0.7955784
0.7580588
0.8281226
0.8039846
0.7694533
0.7734927
0.7860532
0.763568
0.7661366
0.7672409
0.7677339
0.76418
0.812413
0.8854125
0.7889135
0.7752005
0.7759569
0.8102042
0.7539628
0.8060652
0.7574022
0.7684354
0.853995
0.7635921
0.7595367
0.8076012
0.8387672
0.8911731
0.8557424
0.8059147
0.8188327
0.7994971
0.8083279
0.8045436
0.8193146
0.8251651
0.8284148
0.823433
0.8345489
0.8203196
0.8522931
0.8108679
0.8077893
0.805081
0.819801
0.8089058
0.840338
0.8077172
0.8212692
0.7972966
0.8394045
0.8424048
0.830147
0.828852
0.8283519
0.8061415
0.8153056
0.798625
0.7982166
0.804721
0.8085697
0.799103
0.8073557
0.8056785
0.8071998
0.8013613
0.800474
0.8026773
0.6887503
0.8037568
0.8140273
0.8162925
0.7962817
0.7960063
0.8311948
0.8086803
0.8238399
0.8061575
0.8005114
0.8163159
0.8185946
0.853398
0.8363996
0.8125931
0.8174033
0.8229411
0.839738
0.800992
0.8116331
0.8205079
0.8085231
0.8138022
0.806109
0.8147438
0.805325
0.8028565
0.8202047
0.8173143
0.8175472
0.8555423
0.8347876
0.7995673
0.8388422
0.8334371
0.8078903
0.8159654
0.8213927
0.8068588
0.8054617
0.8014631
0.804006
0.799851
0.8102404
0.8781486
0.8283116
0.8069758
0.8167589
0.8221015
0.8073002
0.8091505
0.8023391
0.8124029
0.8690026
0.8067784
0.7950368
0.8217365
0.8325472
0.8861345
0.866431
0.7972741
0.8274064
0.8031756
0.8168698
0.8193628
0.8140672
0.8222345
0.8323109
0.8319067
0.8389671
0.8196856
0.8576021
0.7986729
0.7954299
0.8171318
0.8227001
0.8200773
0.8376754
0.8177102
0.8197384
0.8153715
0.8313945
0.8435148
0.8304023
0.831232
0.8209168
0.8141971
0.8240682
0.806557
0.8113429
0.8171097
0.8235148
0.8125956
0.8228681
0.8191992
0.8186125
0.8169232
0.8114257
0.8052116
0.720813
0.8128429
0.8206753
0.8018648
0.799613
0.8060822
0.8271535
0.8101115
0.8221941
0.8121802
0.8170407
0.8272122
0.8270701
0.8583983
0.8355903
0.819141
0.8194087
0.8251119
0.8437075
0.8049304
0.8147236
0.8234359
0.8155705
0.822698
0.8102689
0.8057951
0.8164711
0.8110682
0.8213783
0.8164251
0.8275899
0.845332
0.8299893
0.8037225
0.8337331
0.8361519
0.806675
0.8163906
0.8252121
0.8140068
0.8171939
0.8107129
0.8174368
0.8062616
0.8147802
0.8754696
0.8384348
0.818616
0.8274458
0.8255293
0.8200845
0.80923
0.8149848
0.8172136
0.8663741
0.8138223
0.8114205
0.8173618
0.8368744
0.8783087
0.8621233
0.7910952
0.8254553
0.8071145
0.8141054
0.8132598
0.8136353
0.8232647
0.8340816
0.8282056
0.8418984
0.8190103
0.8581475
0.7979953
0.7979746
0.8158343
0.8241769
0.8120667
0.8361369
0.8171222
0.8186636
0.8092584
0.8321065
0.8427884
0.829306
0.8272784
0.8193447
0.8117564
0.8185257
0.8048212
0.8073325
0.815406
0.8160737
0.8066405
0.81596
0.8132638
0.8153521
0.8075691
0.8108665
0.8040645
0.7211853
0.8103319
0.8173378
0.8070005
0.7945531
0.8033601
0.8258298
0.8069542
0.8229046
0.808114
0.8126862
0.8286115
0.8266969
0.8582573
0.8370615
0.8164223
0.8196981
0.8238312
0.8446073
0.8085327
0.8127637
0.823794
0.8152041
0.8177083
0.8046482
0.8060467
0.8104081
0.8079549
0.818217
0.8193532
0.8281407
0.8475212
0.834988
0.8048529
0.8346911
0.8344154
0.8095693
0.8222864
0.8226012
0.8093866
0.8098183
0.8071725
0.8127957
0.8061371
0.8125889
0.8782869
0.8364741
0.8170494
0.8228656
0.825772
0.8140541
0.8114876
0.809642
0.8146693
0.8678069
0.8137192
0.8049298
0.8164429
0.8328435
0.8815979
0.8602422
0.7989046
0.8250456
0.7994522
0.8135038
0.8135437
0.8088334
0.8217389
0.8326653
0.8287259
0.8426313
0.8142242
0.8577506
0.8013709
0.8002458
0.8101147
0.8165884
0.8136168
0.8367115
0.813099
0.8178753
0.8059189
0.8378825
0.8394724
0.8261482
0.8254917
0.8253015
0.8061537
0.8148364
0.8058105
0.7979128
0.8089769
0.8094953
0.8020102
0.8085001
0.8087926
0.8102927
0.806873
0.8015345
0.7986969
0.7235682
0.8075474
0.8170784
0.8040711
0.7815261
0.8008774
0.827283
0.8104508
0.8225721
0.8108227
0.8093629
0.821511
0.823545
0.8579235
0.8342196
0.8157782
0.8156255
0.8229172
0.8441778
0.8039183
0.8144345
0.8237496
0.8096467
0.8232915
0.8072602
0.8096329
0.8088291
0.8090168
0.8211882
0.8190599
0.8243752
0.8484553
0.8330025
0.8020697
0.8311607
0.832375
0.8042727
0.8113218
0.827112
0.8111686
0.8096574
0.806809
0.8110415
0.7996644
0.8113403
0.8782478
0.8324819
0.8128919
0.8211296
0.8256729
0.8129943
0.8073399
0.8123033
0.8106073
0.8654901
0.8142124
0.8020685
0.8140274
0.8339904
0.8808815
0.8606489
0.8322519
0.729163
0.7862238
0.7403649
0.7967401
0.8131846
0.7982764
0.8038818
0.8118298
0.8154082
0.7975039
0.8464004
0.8267471
0.8250794
0.7495147
0.8142623
0.7277567
0.8403208
0.7892818
0.8155598
0.7868975
0.8436574
0.8405099
0.8288905
0.8227277
0.8370609
0.788568
0.7343163
0.7010823
0.79166
0.8005347
0.8038562
0.7907102
0.8015094
0.7960865
0.7934647
0.7933126
0.7859242
0.784367
0.8214538
0.7196655
0.7257102
0.8190421
0.8319609
0.7143032
0.8432409
0.7191901
0.8333665
0.737481
0.7062778
0.7473751
0.7369887
0.8512269
0.8223291
0.7309414
0.7542082
0.7201379
0.831447
0.7215468
0.8089801
0.8319992
0.7297539
0.734767
0.7312225
0.8206769
0.736161
0.7034848
0.8357054
0.8114847
0.7300006
0.864328
0.8082684
0.7002584
0.8371484
0.8163804
0.7866994
0.7363593
0.7420865
0.7256416
0.7077795
0.7353485
0.7232321
0.7806
0.8187722
0.8816652
0.7984445
0.7338719
0.7302096
0.8202782
0.7853452
0.8169983
0.7321089
0.7360945
0.848667
0.7099045
0.7350782
0.8183732
0.8363065
0.8916188
0.8615149
0.8719165
0.8728429
0.8572247
0.8737787
0.8679405
0.8694762
0.870751
0.8783796
0.8746117
0.87422
0.8695885
0.9003684
0.8749562
0.8760775
0.8729345
0.8689762
0.8728146
0.8459435
0.8620328
0.8641423
0.8630317
0.8886054
0.8804449
0.8850279
0.8828689
0.8885213
0.8648553
0.868089
0.8695977
0.860432
0.8614213
0.8637968
0.8652492
0.8622643
0.860838
0.8561602
0.8606669
0.8588209
0.8606107
0.8617498
0.8685735
0.8724835
0.8744585
0.8775916
0.8687271
0.8813197
0.8690111
0.8846574
0.8736287
0.8746323
0.8722967
0.872999
0.9004752
0.8760423
0.8694705
0.8667594
0.8693119
0.8907602
0.8738
0.8685734
0.8798711
0.8719419
0.8696649
0.8705013
0.8743706
0.8698553
0.8713125
0.8820291
0.8632225
0.8692913
0.8921164
0.8730064
0.8670809
0.8863532
0.8776499
0.8767914
0.8718881
0.8771736
0.8696714
0.870821
0.8719173
0.8719725
0.8747431
0.8780063
0.8814648
0.8828689
0.8670536
0.8726595
0.8803836
0.8726476
0.8789719
0.8735245
0.8740059
0.8890956
0.8707826
0.8719458
0.8805102
0.8840453
0.9071038
0.8844943
0.8433091
0.7971045
0.7760226
0.7938139
0.7932822
0.8168011
0.8093531
0.8118721
0.8140901
0.8188561
0.8079902
0.8559102
0.8361749
0.8366187
0.8016534
0.8184068
0.7976693
0.8326751
0.7611987
0.8084802
0.7862287
0.8551464
0.8460948
0.8421354
0.8292286
0.8423631
0.7761528
0.7932198
0.7812689
0.780689
0.7924614
0.7915194
0.7841756
0.7916417
0.789021
0.7895186
0.7830299
0.7839224
0.7914704
0.8228455
0.7932698
0.7944304
0.8360198
0.8411099
0.7829264
0.8504381
0.7915759
0.8381849
0.7924173
0.7840456
0.7999575
0.7986096
0.8610853
0.8274902
0.7881891
0.8104673
0.7962785
0.8431146
0.7877296
0.8103905
0.8348081
0.7940284
0.7939696
0.8010704
0.8356523
0.7868366
0.7810219
0.8414472
0.8183074
0.7926175
0.8671541
0.810763
0.7885827
0.8424806
0.8231474
0.8079883
0.7979622
0.7943428
0.7886367
0.7832026
0.7952239
0.7923375
0.8001955
0.8334375
0.871678
0.813064
0.7929589
0.7990336
0.8359781
0.8003846
0.8260252
0.7889343
0.7859971
0.8575255
0.7920385
0.7975852
0.8296501
0.8367289
0.8978268
0.8593315
0.821232
0.8064095
0.7883245
0.798068
0.7867115
0.8138755
0.8114746
0.8179587
0.8171498
0.8309927
0.807796
0.8500099
0.8208555
0.8217158
0.7980578
0.8191002
0.7985695
0.8352222
0.7854837
0.8088597
0.7834282
0.8462676
0.8446271
0.8330311
0.8327182
0.8308379
0.7563625
0.8021723
0.784737
0.7895544
0.7973399
0.7986156
0.789576
0.796472
0.7974273
0.7940899
0.7837059
0.7856453
0.7843492
0.8085158
0.7947397
0.794401
0.8223213
0.8259603
0.7883144
0.8432244
0.7886241
0.8298864
0.796703
0.7904107
0.8062402
0.8018762
0.8553477
0.8213346
0.7968566
0.8064136
0.8064889
0.8387329
0.7939748
0.7497314
0.832078
0.7929643
0.8013937
0.801807
0.8252027
0.795532
0.7851014
0.8315241
0.8156088
0.798545
0.8576624
0.8271902
0.7837779
0.8351731
0.8288819
0.7991472
0.794712
0.8031429
0.7889205
0.7902423
0.7944741
0.7916712
0.7981269
0.8252786
0.8762387
0.8151393
0.7938419
0.798519
0.8243919
0.7972708
0.819997
0.7894883
0.7829843
0.8643489
0.7836404
0.7888016
0.8245158
0.8384669
0.889309
0.8624197
0.8337446
0.7662991
0.7529649
0.7646955
0.7520183
0.7950631
0.7944049
0.8046324
0.7977713
0.8126272
0.7887415
0.8383328
0.8264356
0.8260532
0.7708086
0.795426
0.7679731
0.820206
0.7551892
0.7933533
0.7418539
0.8549513
0.8379244
0.827992
0.817968
0.8305393
0.6845162
0.7630302
0.7528472
0.7535929
0.7685636
0.7643909
0.7495853
0.7644065
0.7593439
0.7586943
0.7526573
0.7501368
0.7524275
0.8075612
0.7586127
0.7609348
0.8289275
0.8242203
0.7533058
0.8425434
0.760642
0.8307776
0.7579554
0.7616644
0.7727478
0.7734402
0.849854
0.818437
0.7650049
0.7889179
0.7698471
0.8297603
0.7546299
0.7565671
0.8245102
0.765368
0.777853
0.783474
0.823039
0.7524549
0.7491732
0.8265042
0.8077539
0.7597752
0.8587544
0.8050652
0.754864
0.8392577
0.8028119
0.7843278
0.7637933
0.7699844
0.7510964
0.7540332
0.764665
0.7567678
0.7766289
0.8166557
0.8820497
0.7850694
0.7641941
0.7598477
0.8202434
0.7716039
0.8126964
0.7480552
0.7474604
0.8617813
0.7508251
0.7603916
0.8265366
0.8323112
0.8998225
0.8677568
0.8559678
0.8463074
0.8410355
0.8501635
0.8477044
0.8491395
0.8501894
0.8567752
0.8595823
0.8605702
0.8490772
0.8833155
0.8528533
0.8528395
0.8465776
0.8504137
0.8483735
0.8574482
0.8370063
0.8491133
0.8443563
0.8733168
0.8626183
0.8596491
0.8613344
0.863448
0.8445596
0.843248
0.8426426
0.8399186
0.8442029
0.8464916
0.8406929
0.8458507
0.8430863
0.8440645
0.8374451
0.8391641
0.8397067
0.8492659
0.84607
0.8451686
0.8516701
0.8606091
0.8449098
0.8724646
0.8373772
0.8554526
0.8488413
0.84598
0.8463795
0.849499
0.8835972
0.8569602
0.8439286
0.8436841
0.8464329
0.8669293
0.8476076
0.8486533
0.8677854
0.8452759
0.8463725
0.8463791
0.8549995
0.8460155
0.8435807
0.8655327
0.851196
0.8434226
0.8739372
0.8582481
0.8435922
0.8625546
0.8542506
0.8455867
0.8505678
0.8533478
0.8458947
0.8464293
0.8486757
0.8506084
0.8446181
0.860202
0.8937284
0.8575745
0.8388246
0.8463095
0.858484
0.847096
0.8543128
0.8467298
0.8461769
0.8768862
0.8416826
0.8422588
0.849805
0.8617587
0.9003298
0.8784196
0.8441182
0.8239791
0.8147234
0.8240726
0.8254971
0.8339475
0.8262909
0.8303671
0.8368666
0.8443155
0.8297737
0.8705747
0.8352625
0.8339024
0.8233432
0.8338282
0.8253735
0.8387551
0.8144131
0.836185
0.8170124
0.8603589
0.8500131
0.8453785
0.8391186
0.8485283
0.8166536
0.8225815
0.8162333
0.8140925
0.8259581
0.8276797
0.8112187
0.8269113
0.8220894
0.8198793
0.8164475
0.8151277
0.8103576
0.8250305
0.8195087
0.8191789
0.8392676
0.8414369
0.8165789
0.8587
0.8154706
0.8466446
0.8253147
0.818433
0.8221098
0.8266571
0.8699007
0.8410242
0.8197016
0.829508
0.8184363
0.8570305
0.8157109
0.8222243
0.8490206
0.8227692
0.8219776
0.8265419
0.8436564
0.8203283
0.8164126
0.8500731
0.8334989
0.8230714
0.8657113
0.8374773
0.8112038
0.853765
0.8406961
0.8248539
0.820255
0.8311052
0.8128572
0.8184447
0.8237621
0.8183136
0.8230992
0.8432245
0.8851136
0.8369741
0.819734
0.8235504
0.8420248
0.8250173
0.8424219
0.819302
0.8229883
0.8665063
0.8187244
0.8250207
0.8432594
0.8531579
0.902369
0.8709353
0.78715
0.8156149
0.7965675
0.7994856
0.8088381
0.8070329
0.8189914
0.8268526
0.8250679
0.829503
0.8141524
0.8457683
0.7978012
0.794341
0.8004407
0.8128124
0.808616
0.8371336
0.8049375
0.8167675
0.7906328
0.8311078
0.8330398
0.8270684
0.8229034
0.8176918
0.7966207
0.8057651
0.7858938
0.7937741
0.8067939
0.8069039
0.7950576
0.8054998
0.8009057
0.8030517
0.7936752
0.7945142
0.7934058
0.7032241
0.8031586
0.8012876
0.8034504
0.7963121
0.7896299
0.8232126
0.8030187
0.8214373
0.7978897
0.7969586
0.8099014
0.8093299
0.8537536
0.8293975
0.8055692
0.8149518
0.8085015
0.8339909
0.7952245
0.8057709
0.8149306
0.801894
0.8070979
0.7986074
0.8044588
0.7978076
0.7929614
0.8096038
0.8113065
0.813079
0.8493234
0.8265853
0.7872162
0.8338647
0.8307256
0.7951577
0.8074217
0.8161219
0.8067157
0.7965241
0.7946552
0.7944598
0.7911874
0.8024852
0.8772676
0.8248113
0.8022449
0.8181574
0.8123687
0.7989743
0.8061289
0.7985079
0.8075486
0.8688791
0.7952349
0.7910731
0.8111962
0.8292377
0.884405
0.8645751
0.8163766
0.8297305
0.8092587
0.8265509
0.814263
0.8282763
0.8339042
0.8383882
0.837356
0.841771
0.8250283
0.8576352
0.8116541
0.811811
0.8206068
0.829266
0.8218605
0.8401076
0.8220865
0.8227668
0.8094819
0.8451716
0.8502815
0.8398806
0.8384975
0.8304085
0.8137269
0.8277243
0.8147317
0.8111988
0.8159818
0.8182256
0.8118245
0.8164572
0.814813
0.8130819
0.8077785
0.8070201
0.8126735
0.7083787
0.8188956
0.8225086
0.8181908
0.8152117
0.812454
0.8389681
0.8228574
0.8329835
0.8237334
0.8172477
0.8274222
0.8314785
0.8636666
0.8425286
0.8252842
0.8306456
0.8324576
0.8492728
0.8178046
0.8216183
0.831217
0.8232053
0.8245016
0.821269
0.8206517
0.8205742
0.8186182
0.8274378
0.8299981
0.830726
0.8552154
0.8374947
0.8109127
0.8427531
0.8398079
0.8188955
0.8277628
0.8332481
0.8164391
0.817025
0.8211016
0.8178129
0.8159695
0.8233401
0.8763452
0.8418757
0.8202149
0.8313486
0.8353594
0.8192969
0.823136
0.8201126
0.8229399
0.8769892
0.8192715
0.8105136
0.8278824
0.8364959
0.8878489
0.8688386
0.8332857
0.8096904
0.7911556
0.8050911
0.8008789
0.8213639
0.8155431
0.8214709
0.8226328
0.8287505
0.8146037
0.8622417
0.8338919
0.8333657
0.8112099
0.8159472
0.8001987
0.8151736
0.7938088
0.8141267
0.7883442
0.8583563
0.8490683
0.8400488
0.8334425
0.8503687
0.7935789
0.8008762
0.7963091
0.785421
0.7977067
0.7909316
0.7866085
0.7907605
0.7932723
0.7960253
0.7912443
0.7910746
0.7877908
0.8183554
0.7984775
0.8088719
0.8393519
0.8354579
0.7946184
0.8488157
0.8008053
0.8434189
0.8046107
0.7960915
0.8091694
0.8069844
0.864999
0.835997
0.7980199
0.8114948
0.807197
0.848951
0.802099
0.8121154
0.8401461
0.8022569
0.8112163
0.8119403
0.83492
0.804191
0.7943745
0.8381427
0.8230673
0.7997466
0.8669938
0.8222859
0.7938976
0.8487503
0.8289947
0.8170259
0.8005326
0.8065501
0.7941857
0.8003391
0.8064584
0.800669
0.811528
0.8293249
0.8711628
0.8220446
0.7988888
0.8031145
0.8423032
0.813766
0.8264348
0.8036295
0.803653
0.8715572
0.7956575
0.8062271
0.8436726
0.8406165
0.8961758
0.8687961
0.8345766
0.7995456
0.7804054
0.7989459
0.8025471
0.8072422
0.8083968
0.8124747
0.8108813
0.8227467
0.8000722
0.8542435
0.8340665
0.832145
0.8011414
0.8199117
0.7938326
0.8295687
0.7975682
0.8187692
0.8011887
0.8505379
0.8481765
0.8407649
0.8365914
0.8396792
0.7961666
0.7969833
0.7918281
0.8036086
0.8048695
0.8104381
0.8024239
0.8095004
0.8060066
0.8029215
0.7960109
0.7974575
0.7971611
0.8277058
0.7933683
0.7993132
0.8317916
0.8374262
0.7915935
0.8445069
0.7979547
0.8315981
0.7941875
0.797913
0.8006787
0.8039741
0.8577228
0.8300905
0.7993965
0.8063618
0.8018066
0.8429004
0.7933044
0.8162499
0.8457362
0.7973782
0.8007337
0.8090283
0.8275576
0.7942219
0.7909549
0.8347363
0.8124505
0.7992143
0.8616541
0.8126285
0.794361
0.8395348
0.8205626
0.8060548
0.7972024
0.801261
0.7895462
0.7931671
0.8018105
0.7965688
0.7981483
0.8321161
0.8778134
0.8206124
0.795384
0.7966056
0.8278998
0.7984722
0.8270719
0.7959762
0.801247
0.8600874
0.7944466
0.7951142
0.8266257
0.8487814
0.8906203
0.8567819
0.8276046
0.7688281
0.7326474
0.7502518
0.7528991
0.7905003
0.782621
0.7913941
0.7858159
0.7953695
0.7803535
0.8374854
0.8131983
0.8165002
0.7505893
0.7949462
0.7490086
0.8265664
0.7533716
0.7959312
0.7530065
0.8446683
0.8306279
0.8208181
0.810858
0.8241432
0.7384706
0.7550142
0.74512
0.7462704
0.7646096
0.7615367
0.7458863
0.7599217
0.759299
0.7648469
0.7498429
0.7503309
0.7508479
0.8012786
0.7477155
0.7522379
0.8168561
0.8201496
0.7393936
0.8342597
0.7485279
0.8243831
0.7399605
0.7465178
0.7616957
0.756674
0.84315
0.8129345
0.7516485
0.7897119
0.7654135
0.8312371
0.7456091
0.7833643
0.81717
0.7580121
0.7639516
0.7700834
0.8095753
0.742097
0.7304893
0.8147543
0.794613
0.7618699
0.8515684
0.7998381
0.7389561
0.8311014
0.8015374
0.7667051
0.752005
0.7604218
0.7400063
0.7489003
0.7537152
0.7490839
0.7623607
0.8055005
0.8850628
0.7783658
0.7509153
0.7550547
0.8027543
0.7538543
0.8053941
0.7343559
0.7476775
0.8654565
0.7429394
0.7546959
0.8108493
0.8301955
0.8989443
0.8620625
0.8278502
0.7795077
0.7736767
0.7743461
0.7900083
0.797868
0.7765723
0.7924559
0.7947451
0.8108798
0.776106
0.8381434
0.8225524
0.825401
0.7625046
0.8097074
0.7785549
0.8362959
0.7861337
0.8167217
0.787037
0.8481457
0.8357325
0.8334352
0.8205377
0.8287446
0.778923
0.7731355
0.7672014
0.7865169
0.8015974
0.7990532
0.7909151
0.7988521
0.7991914
0.7926209
0.7908988
0.7885491
0.7890853
0.8151955
0.7727886
0.7777066
0.8209148
0.8297083
0.7642018
0.8353485
0.768284
0.8297225
0.7713547
0.7593184
0.7797458
0.7780502
0.847817
0.8177453
0.7745437
0.7966589
0.7790926
0.8313209
0.7671266
0.8054903
0.8311812
0.7702902
0.7826237
0.7850531
0.8166719
0.7770171
0.7702598
0.8265441
0.7889068
0.7748814
0.8591195
0.7909129
0.7641594
0.8307739
0.7973661
0.7787208
0.7702727
0.7839225
0.7697734
0.7719712
0.7812482
0.7726359
0.7729675
0.8149509
0.881128
0.7940796
0.780155
0.7834723
0.8207091
0.7593809
0.808136
0.7705515
0.7699982
0.8613249
0.766903
0.7724868
0.8156649
0.8412391
0.8923428
0.8553462
0.8404549
0.7987564
0.7932319
0.799663
0.8168853
0.8162772
0.7742004
0.8029623
0.7998339
0.8155873
0.794804
0.8514259
0.8333754
0.8344779
0.8006243
0.826736
0.7974449
0.8489697
0.8015755
0.8268247
0.8069852
0.851069
0.8469885
0.8435678
0.8324745
0.8386427
0.8109265
0.7971765
0.7957378
0.8122003
0.8227097
0.8222367
0.809908
0.8213007
0.8148167
0.8136026
0.8096449
0.8059909
0.8040763
0.8302905
0.7952147
0.7963238
0.8367513
0.8431894
0.7939017
0.8462513
0.8013581
0.8403833
0.7974505
0.7950342
0.8078706
0.8040655
0.855103
0.8308342
0.798919
0.8081356
0.7991721
0.8402542
0.7970047
0.8237883
0.8460473
0.7985774
0.8030936
0.8039618
0.8310418
0.7930091
0.7951309
0.8386566
0.807169
0.7944168
0.8647032
0.7973267
0.796776
0.8410066
0.8098546
0.8008898
0.7979404
0.8074708
0.7954112
0.795418
0.8034357
0.798558
0.8003647
0.8376795
0.8788933
0.8224692
0.8005345
0.8012698
0.8255737
0.7810176
0.8294734
0.7945767
0.7987435
0.8527674
0.7984755
0.8021019
0.8256746
0.8482224
0.8922448
0.8503417
0.8449186
0.8770963
0.8583852
0.8793137
0.8759258
0.8599152
0.863511
0.8716018
0.871628
0.8788575
0.8623986
0.8956777
0.8543338
0.8549576
0.872274
0.8679475
0.8736782
0.8745497
0.8706943
0.8675554
0.8692021
0.8600236
0.8802114
0.8774285
0.8765502
0.8609539
0.8737673
0.8704878
0.8691911
0.8678422
0.8647974
0.8707587
0.8681829
0.8697787
0.867416
0.869878
0.8705309
0.8689144
0.8636617
0.8493287
0.8716158
0.8769481
0.8517215
0.8700345
0.8673944
0.8655702
0.8733884
0.8666873
0.8749939
0.873398
0.8823169
0.8794743
0.896858
0.8755697
0.8754206
0.8713668
0.8771114
0.8824444
0.8743961
0.8735311
0.8709211
0.8722902
0.8764061
0.8667493
0.8561236
0.8728049
0.8720218
0.8698606
0.856219
0.8782975
0.8755171
0.8687472
0.8737535
0.8740237
0.8719677
0.869708
0.8786108
0.8771449
0.8751583
0.8731952
0.8747109
0.8735243
0.8691118
0.8666578
0.8930736
0.8899452
0.8717985
0.8760512
0.8682245
0.8661583
0.8657336
0.874895
0.8744973
0.8898036
0.8754057
0.8736141
0.86727
0.873866
0.8953742
0.8747327
0.8330926
0.7650983
0.6658524
0.7570838
0.7530344
0.7876462
0.7827781
0.7942948
0.7899857
0.8058537
0.7797576
0.839707
0.8189476
0.8161509
0.7568
0.7975677
0.7563377
0.8152587
0.7572091
0.7899457
0.7545941
0.8461617
0.8281568
0.8209186
0.8099902
0.8248491
0.7405045
0.7545813
0.7532655
0.7499152
0.7676867
0.7635476
0.7524434
0.76243
0.766528
0.7686143
0.7531768
0.7501821
0.7469749
0.8037085
0.7537616
0.7569894
0.8174513
0.8196006
0.7447717
0.8364316
0.7577714
0.8237307
0.7574502
0.7495136
0.771359
0.7549306
0.848679
0.8159782
0.7529461
0.7915647
0.764988
0.8319731
0.7466553
0.7861468
0.820066
0.7634574
0.767606
0.7783852
0.8130969
0.7550406
0.7490457
0.8170769
0.79901
0.7518383
0.8542092
0.7923061
0.7460654
0.8319434
0.8000734
0.7747558
0.7607796
0.7657909
0.751398
0.7555236
0.7608864
0.7463869
0.7678673
0.80538
0.8747509
0.7892811
0.7542147
0.7629188
0.8164574
0.7622853
0.8046798
0.7461882
0.7521275
0.8611924
0.7450504
0.7608513
0.8124171
0.8291738
0.8935297
0.8594741
0.8794109
0.8579645
0.8521909
0.8602973
0.8544464
0.8680947
0.8628277
0.8691614
0.8642134
0.871587
0.8671329
0.8957149
0.8774214
0.8773099
0.8666438
0.8631838
0.8601982
0.8695255
0.8499412
0.8615589
0.8474677
0.8968347
0.8873234
0.8800816
0.879199
0.8902238
0.8544914
0.8589573
0.8578879
0.8540313
0.8529252
0.8525306
0.8542582
0.8506235
0.8499594
0.8524956
0.8507395
0.8495922
0.85423
0.870745
0.8514374
0.8598233
0.8843428
0.8807027
0.8605124
0.8839473
0.8579682
0.8751678
0.8657072
0.8614327
0.86223
0.8635453
0.8985379
0.8714008
0.8607213
0.8662467
0.8607085
0.8904472
0.8603634
0.8693174
0.8756016
0.8658978
0.862263
0.8628429
0.8809597
0.8644557
0.8549444
0.8796847
0.872945
0.8553991
0.8956805
0.8672119
0.8604393
0.8863238
0.8732056
0.8711005
0.8642641
0.8616211
0.8605949
0.8586549
0.8605778
0.8606017
0.8720737
0.8727344
0.8802048
0.8798444
0.8588817
0.8603498
0.8803606
0.8667802
0.8747779
0.862927
0.8552593
0.8936179
0.8589936
0.868182
0.8827432
0.877078
0.9073457
0.887111
0.8428469
0.7946646
0.805082
0.7908254
0.8154212
0.8237613
0.8095901
0.8116887
0.8247034
0.8297393
0.8073674
0.8394902
0.8296683
0.8275479
0.7880493
0.8268193
0.7942838
0.8435096
0.8094559
0.8352292
0.80564
0.8480008
0.8439994
0.8325181
0.8272137
0.8374914
0.8014929
0.7876567
0.7882751
0.8095264
0.8113218
0.8170246
0.8064847
0.8143741
0.815922
0.8136652
0.8057619
0.8030636
0.7973424
0.824822
0.7936545
0.7941261
0.8319864
0.8356587
0.7816302
0.8483965
0.779816
0.8411032
0.7898229
0.7913196
0.7910567
0.7971273
0.8445146
0.8204301
0.7850038
0.7981662
0.7892056
0.829907
0.7896844
0.8227308
0.8498764
0.7859881
0.7977503
0.7950142
0.8230406
0.782458
0.7880368
0.836447
0.8198099
0.7896777
0.8582079
0.8232539
0.7843378
0.8374429
0.8147555
0.7799754
0.7903009
0.7927041
0.7855078
0.7908489
0.7932951
0.7870241
0.7740273
0.8251974
0.8896376
0.7737162
0.7922844
0.7982727
0.8190527
0.7992705
0.8295485
0.7815449
0.7846289
0.8397102
0.7899474
0.7919275
0.8128965
0.8505843
0.9058744
0.8666484