0.8394723
0.8040775
0.8909839
0.7725269
0.8380618
0.825914
0.8079168
0.8144376
0.8042019
0.8179642
0.7887758
0.7817636
0.7763136
0.7803286
0.7703984
0.7717033
0.7799778
0.8210566
0.7956031
0.7838166
0.7869682
0.7806019
0.8234761
0.7898865
0.7837344
0.7793371
0.8497102
0.7780542
0.7856796
0.7897856
0.7918982
0.7930317
0.8279976
0.8253492
0.7835724
0.7896463
0.7889493
0.781039
0.8147105
0.7767457
0.8003142
0.8222848
0.8397728
0.8657125
0.8143584
0.8647764
0.7778449
0.7795139
0.8100124
0.8562287
0.7811604
0.8090493
0.7857261
0.8530913
0.8256207
0.7725738
0.7752377
0.7840816
0.7819357
0.8154047
0.86958
0.8802858
0.7737645
0.8229246
0.849397
0.7897179
0.8083545
0.8301625
0.775688
0.7103003
0.7341126
0.777617
0.7899482
0.7796601
0.7925938
0.777843
0.8127748
0.7668416
0.781115
0.788977
0.7788551
0.7813414
0.8221013
0.8274601
0.8349241
0.8385495
0.8087527
0.8071977
0.8481568
0.8412153
0.8254106
0.8447422
0.7862538
0.7805461
0.8320855
0.8273245
0.8188409
0.807503
0.7758659
0.8164642
0.8275013
0.7860235
0.887724
0.7555716
0.7911697
0.8164233
0.7594632
0.799566
0.7857271
0.7817843
0.7645601
0.7823693
0.7567128
0.758456
0.7525821
0.7588338
0.7557689
0.7816379
0.8068156
0.786635
0.7646676
0.7631016
0.7910955
0.773062
0.7973246
0.7628793
0.8350622
0.7564354
0.76752
0.7732937
0.7710745
0.7764595
0.8004748
0.800916
0.7711132
0.773404
0.7751072
0.7747256
0.7904099
0.750885
0.77694
0.8091573
0.832821
0.858257
0.8009401
0.8546414
0.7592605
0.7624273
0.8203302
0.8451865
0.7783774
0.8231237
0.767214
0.8173761
0.7971123
0.7748471
0.7831495
0.7707596
0.7705793
0.797161
0.8681535
0.8725774
0.7554476
0.7662545
0.86667
0.7750172
0.8174857
0.7963396
0.7587559
0.7830989
0.7928688
0.7967152
0.773671
0.7746939
0.7885084
0.7838186
0.7680697
0.7730073
0.7825043
0.7907842
0.7817322
0.784921
0.8389122
0.8288648
0.8423304
0.8307224
0.8034956
0.8157179
0.8255229
0.8515896
0.8435917
0.8256652
0.7611122
0.7863734
0.8148148
0.8277441
0.8275807
0.8096611
0.7614931
0.7721429
0.8417122
0.8042671
0.8855448
0.7834931
0.8440944
0.8311337
0.8162231
0.8133929
0.8100986
0.8285112
0.7912678
0.7933402
0.7831924
0.7860948
0.782452
0.7815675
0.7895963
0.8222893
0.7420968
0.7843085
0.7958487
0.789743
0.8264743
0.7924435
0.7275678
0.7863552
0.8542051
0.7861649
0.7965864
0.7973782
0.7984039
0.7930735
0.8361952
0.8363026
0.7959118
0.8003221
0.7992575
0.7950749
0.8280324
0.7866696
0.8026088
0.8256823
0.8396293
0.8604694
0.8174003
0.8661061
0.7844292
0.7837093
0.7784738
0.8581334
0.7982701
0.7746359
0.784366
0.8509819
0.8271599
0.7645908
0.7711123
0.7892739
0.7892504
0.8163843
0.8743947
0.8775638
0.7847693
0.8241283
0.8438254
0.8001811
0.7727657
0.8283394
0.7861855
0.7846721
0.7907464
0.6852329
0.7945697
0.7900638
0.7919936
0.7728254
0.816057
0.7635837
0.7927491
0.7960729
0.7234863
0.7240502
0.8314107
0.8308942
0.8389007
0.8399429
0.8120422
0.8115494
0.843468
0.8517875
0.8323795
0.8455032
0.7976197
0.7901021
0.8395366
0.8326453
0.8233169
0.8188361
0.7834914
0.821885
0.8460908
0.8300096
0.8880574
0.8093945
0.840677
0.843717
0.8274999
0.8205982
0.8182362
0.8376219
0.8169029
0.8198667
0.8095867
0.8140384
0.809749
0.8116268
0.8143532
0.8432105
0.8339239
0.8212935
0.8211579
0.8220002
0.8335711
0.8201242
0.8208553
0.819217
0.8617393
0.812969
0.8206001
0.821281
0.8207077
0.8203262
0.8350582
0.8334851
0.8184116
0.8177918
0.8180266
0.8167438
0.8412914
0.8110952
0.8231289
0.8331517
0.8487854
0.8661785
0.827287
0.8655594
0.8149623
0.8111749
0.8358573
0.8663118
0.8236745
0.8436766
0.8164159
0.8576541
0.837116
0.8093873
0.8152633
0.8168408
0.816037
0.8345832
0.8717071
0.8884111
0.813262
0.8324649
0.8683108
0.8189783
0.8412414
0.8478646
0.8097564
0.8223687
0.8225555
0.8249743
0.8206625
0.8175094
0.8204635
0.8153447
0.8296194
0.8075833
0.8261243
0.8259398
0.828467
0.829562
0.8437758
0.8427656
0.8591719
0.8504151
0.8330908
0.8355681
0.8499209
0.8616771
0.8496486
0.8492366
0.8158549
0.8155052
0.8399769
0.8428732
0.8386395
0.8238766
0.8155983
0.8328168
0.8094847
0.8247949
0.8793884
0.8073405
0.8143021
0.8297332
0.8159577
0.8094999
0.8173958
0.8246353
0.810698
0.8199946
0.8043585
0.8044317
0.806227
0.8036656
0.8026228
0.8242937
0.832237
0.8153026
0.8035754
0.8095966
0.8190222
0.8185925
0.81553
0.8120544
0.8520286
0.800761
0.8071686
0.8057912
0.8046422
0.8074379
0.7943095
0.794216
0.8062278
0.8101069
0.8090625
0.8072237
0.8218933
0.8032877
0.8012033
0.8103886
0.8373669
0.8525848
0.8092128
0.8331122
0.8028854
0.8086372
0.8254719
0.8474741
0.8122724
0.8289309
0.8105309
0.8495808
0.7221291
0.8000532
0.8064721
0.8121054
0.8108734
0.8236993
0.8661553
0.8823847
0.8014929
0.8188367
0.8752231
0.8098258
0.8293417
0.8349629
0.8042413
0.8094652
0.8225199
0.8206115
0.8087945
0.8165356
0.8178917
0.8058556
0.8104839
0.8030521
0.8180576
0.8214102
0.8166641
0.8153963
0.8441858
0.8341783
0.8477124
0.8299178
0.8214617
0.8312181
0.8290719
0.8491829
0.8518754
0.8136525
0.8110837
0.803434
0.8238227
0.8418027
0.8392782
0.8273577
0.8048524
0.8206156
0.8668712
0.8515404
0.8895572
0.8469617
0.8632396
0.8552409
0.8592309
0.8398194
0.8580128
0.8751573
0.845319
0.841399
0.8419542
0.8416181
0.8458389
0.8404955
0.8420743
0.8655987
0.8414209
0.8455121
0.8446844
0.8463405
0.8657062
0.8460338
0.8352352
0.8422807
0.8772498
0.8409835
0.849671
0.8476013
0.8405804
0.8478912
0.8598653
0.8612048
0.8457864
0.8423882
0.841237
0.8415665
0.8617882
0.8417045
0.8495744
0.8494753
0.8639444
0.8794839
0.8428239
0.8758245
0.8432199
0.8475595
0.8409468
0.870386
0.8427435
0.8397481
0.8502598
0.8865014
0.8597085
0.8380031
0.8411034
0.8449548
0.8438928
0.8611614
0.8814384
0.9067655
0.8380278
0.8718002
0.8593494
0.8472413
0.8417043
0.8746529
0.8398353
0.8396461
0.8392825
0.8427924
0.845276
0.8433641
0.8478608
0.8403727
0.8606992
0.8354497
0.8471548
0.8446326
0.8343476
0.8345056
0.8368091
0.8355333
0.8502974
0.8560189
0.8361423
0.8273949
0.8695048
0.8681342
0.8538655
0.8665462
0.8438145
0.8331433
0.8629177
0.8376618
0.8266929
0.8231488
0.8470036
0.8661332
0.8403087
0.8328316
0.8711448
0.8181342
0.8328245
0.8352168
0.8324574
0.8095215
0.8278483
0.8526418
0.8220901
0.8296239
0.816404
0.8205623
0.818374
0.8186598
0.8165556
0.8459818
0.8369474
0.8193694
0.8172971
0.820244
0.8348517
0.8271304
0.8186634
0.8244678
0.8623172
0.8170954
0.8179724
0.8249732
0.825161
0.8226937
0.8198555
0.8202697
0.8254242
0.8218297
0.8223062
0.8221526
0.8394637
0.8144432
0.8166414
0.8136168
0.8440044
0.8544612
0.8159515
0.8540349
0.818784
0.8203261
0.8299913
0.8469009
0.8231369
0.833656
0.8239268
0.8711173
0.837336
0.8141486
0.8175458
0.8246085
0.8254828
0.8383061
0.8716854
0.9015584
0.8119249
0.8346252
0.8676286
0.8267669
0.8321
0.8530113
0.8183385
0.8177678
0.8196031
0.8261038
0.8199127
0.8238639
0.8259111
0.8131446
0.8357762
0.8145685
0.824572
0.831688
0.8175699
0.8164646
0.8356283
0.8249294
0.841704
0.8324118
0.8217677
0.8218939
0.8419919
0.8576605
0.8465664
0.8401705
0.8210725
0.8217166
0.8455795
0.8358578
0.8331676
0.8247432
0.8256068
0.8441436
0.8299926
0.8296417
0.8663978
0.8147891
0.8259909
0.8339702
0.8338484
0.7800181
0.827804
0.844573
0.8170699
0.8269241
0.8098397
0.8129263
0.8153846
0.8158129
0.8175338
0.8389119
0.8322157
0.8203997
0.8141937
0.8246038
0.8391495
0.825961
0.8216825
0.8267532
0.8624129
0.8125465
0.8166121
0.8202422
0.8180218
0.8230396
0.8174412
0.8178023
0.8213935
0.8242531
0.8239466
0.8186377
0.8384697
0.8116096
0.8114371
0.7826584
0.836846
0.8541904
0.7900435
0.8474197
0.8181054
0.815277
0.8342598
0.846426
0.8211327
0.8322734
0.8193996
0.8632749
0.8187052
0.8195918
0.8177131
0.821051
0.8254018
0.8341984
0.8716497
0.89124
0.8155557
0.8277418
0.8694242
0.8223056
0.8377978
0.8493254
0.809122
0.8195746
0.8299528
0.8223898
0.813086
0.8276331
0.8228574
0.8173131
0.8286021
0.820041
0.8260339
0.835179
0.8225648
0.8210914
0.841649
0.8277783
0.8496278
0.8143438
0.8277317
0.826375
0.8286682
0.854565
0.8517222
0.8356413
0.8187204
0.8187716
0.8398508
0.8357618
0.8396248
0.8327772
0.8197854
0.8359247
0.8289189
0.8299454
0.8616138
0.8071873
0.8245089
0.8334027
0.83474
0.6926562
0.8249308
0.8511446
0.8199926
0.8273196
0.8074613
0.8155289
0.8167882
0.813853
0.8164073
0.8467249
0.828666
0.8197777
0.8125297
0.8184527
0.8297674
0.8256967
0.8177698
0.8225448
0.8606411
0.812714
0.8210526
0.819302
0.8154621
0.8182261
0.8106794
0.8126411
0.8186909
0.8197151
0.8192821
0.8215521
0.8435034
0.8078305
0.8067214
0.7216847
0.8289412
0.8417875
0.7165514
0.8399197
0.816618
0.8158624
0.826465
0.8497151
0.8178217
0.8285103
0.824313
0.8659901
0.8212579
0.8090914
0.8122395
0.8219364
0.8218169
0.8380026
0.8740187
0.8963546
0.8110582
0.8283736
0.8647316
0.8208788
0.8268455
0.8479773
0.808692
0.8240047
0.8253692
0.8225176
0.8092712
0.82437
0.8194206
0.8089263
0.8319109
0.8055127
0.8239394
0.8311105
0.8148221
0.8143536
0.8294047
0.8128668
0.8397653
0.8023278
0.8273138
0.8193229
0.8279994
0.8431963
0.8420843
0.8305699
0.8173052
0.8112252
0.8368094
0.8365081
0.830412
0.8252522
0.819326
0.8385367
0.8430916
0.8001761
0.9065378
0.7713139
0.8083898
0.8319077
0.7540258
0.8211715
0.8026364
0.7761888
0.7772458
0.7904854
0.7755358
0.7800146
0.7724846
0.7780532
0.7795124
0.7851502
0.8229173
0.7937702
0.7791183
0.7795405
0.8107896
0.7897742
0.8060562
0.7839891
0.8437187
0.7759157
0.7795789
0.788956
0.7940915
0.7988807
0.8222395
0.8215058
0.7856043
0.8010156
0.7996818
0.7872519
0.777479
0.7770212
0.8033668
0.8326076
0.8520494
0.8804571
0.8243914
0.874361
0.7823218
0.7800161
0.8352009
0.8608383
0.7925311
0.8376816
0.7849519
0.819302
0.8209776
0.7921313
0.7992163
0.7790644
0.7857143
0.8187093
0.8783705
0.8774609
0.7754125
0.7721661
0.8736977
0.7918779
0.8408979
0.7942841
0.7753503
0.7984342
0.8107042
0.808198
0.7919229
0.7837767
0.8003352
0.8029541
0.7517016
0.7856419
0.8006613
0.8014432
0.8111809
0.8120314
0.8514017
0.8448954
0.8598072
0.8478847
0.8116709
0.8348387
0.8402158
0.8624094
0.8546494
0.8486996
0.7815224
0.7974482
0.822695
0.8368867
0.8400644
0.8251625
0.7764596
0.7733304
0.8228522
0.7850484
0.8867772
0.7512475
0.8191964
0.814961
0.790024
0.7863337
0.779936
0.8039528
0.761039
0.7658877
0.7602576
0.7550868
0.7533195
0.7633528
0.7534562
0.8045886
0.7972224
0.7657029
0.7618342
0.7615805
0.8049871
0.7722966
0.7753461
0.7694631
0.8459401
0.7588652
0.7747092
0.7706158
0.772335
0.7762073
0.8072896
0.8048668
0.7695114
0.7735173
0.7722701
0.7604787
0.8085473
0.7508526
0.7736884
0.7999785
0.8226825
0.8518147
0.7917074
0.8540401
0.7571078
0.7585062
0.805236
0.845431
0.7664987
0.7998524
0.7657757
0.8367261
0.7959943
0.7558713
0.7646677
0.7701205
0.7700313
0.7944066
0.8655057
0.879007
0.7467658
0.7880924
0.8443715
0.7734486
0.8047149
0.8076491
0.7556836
0.7639787
0.7778897
0.7673149
0.7701996
0.7701156
0.7792329
0.7675596
0.7985792
0.7532203
0.7754958
0.7759982
0.7754388
0.777628
0.8213716
0.8141655
0.8323221
0.8258564
0.7962795
0.8005565
0.8269919
0.8459596
0.8299753
0.8331881
0.7689446
0.7644317
0.8214654
0.8232153
0.81778
0.798923
0.7602727
0.7962272
0.8384984
0.79729
0.8911704
0.7733189
0.834878
0.8277976
0.8057391
0.8118103
0.7937322
0.8221148
0.7842483
0.7841049
0.7762853
0.7744964
0.7810746
0.7817066
0.7810745
0.8154632
0.7955592
0.78514
0.7905971
0.7828677
0.8203976
0.7909912
0.7802933
0.7852853
0.8484483
0.7775136
0.7851308
0.786054
0.7838507
0.7820721
0.8243676
0.8246041
0.7921758
0.7889262
0.7878103
0.7847778
0.8222599
0.779077
0.7903479
0.828088
0.8314504
0.8645236
0.8120432
0.8638875
0.7842732
0.7801914
0.8230532
0.8494478
0.7898149
0.8135436
0.7844818
0.848309
0.8204935
0.7703037
0.7743822
0.7848492
0.7888367
0.8097425
0.8713867
0.8759775
0.7820723
0.8161533
0.8517229
0.7926305
0.8138039
0.8255436
0.7761313
0.7846567
0.7969347
0.7792311
0.7904299
0.7884411
0.792803
0.783954
0.8118661
0.7770886
0.8002471
0.8044634
0.7777895
0.7755177
0.836761
0.8324046
0.8387278
0.8404512
0.8184326
0.818609
0.8485951
0.8547656
0.8405143
0.8432159
0.7892621
0.785596
0.8306452
0.8283071
0.8279962
0.8180851
0.7779865
0.8131914
0.8059503
0.8145925
0.8781167
0.7984369
0.811104
0.8197817
0.8100696
0.8002985
0.8048755
0.8124256
0.8016482
0.8080394
0.7879989
0.7903061
0.7949174
0.7948489
0.793825
0.8231208
0.8251734
0.8045792
0.7932561
0.7969954
0.8096619
0.7982154
0.8052637
0.8007339
0.8423013
0.7896111
0.802512
0.8000221
0.7996039
0.8008649
0.7843635
0.7798742
0.7989739
0.8000552
0.8021414
0.8024062
0.8165291
0.7915629
0.7933889
0.8095504
0.8364856
0.8539636
0.8001227
0.8345774
0.799933
0.7972176
0.8302335
0.8446179
0.8046811
0.8306326
0.8004847
0.842283
0.7852542
0.789151
0.7978504
0.8023731
0.8015394
0.8100757
0.8693107
0.8788059
0.7908155
0.8042857
0.8633466
0.7987939
0.8275677
0.8350066
0.7903262
0.8078975
0.8086251
0.8158004
0.7887371
0.8041681
0.8023984
0.7954385
0.8082451
0.7974863
0.800674
0.8162781
0.8025524
0.8044565
0.840102
0.8302526
0.844542
0.826516
0.8209616
0.8220914
0.8347959
0.8533389
0.8465567
0.8092351
0.7994029
0.8036819
0.8200813
0.8313184
0.8336352
0.8165793
0.7997396
0.8076267
0.8098813
0.823967
0.870401
0.8076902
0.8183687
0.8276332
0.8186643
0.8068733
0.8144108
0.8294338
0.812364
0.8200306
0.8057858
0.8047317
0.8065613
0.806457
0.8085261
0.8381985
0.8346503
0.8248129
0.8108681
0.8155699
0.8159506
0.8186701
0.8182818
0.8150137
0.8506528
0.8042177
0.8159296
0.817989
0.8112367
0.8166291
0.8025589
0.8020277
0.8101287
0.8175305
0.8164264
0.8121435
0.833519
0.8087629
0.8023699
0.8159549
0.8354615
0.8531548
0.8110622
0.8236093
0.8129203
0.8084059
0.8377665
0.8511547
0.8126939
0.8374322
0.8163412
0.8538402
0.7883493
0.8072393
0.8108195
0.8150889
0.8209628
0.8296968
0.8758017
0.8890752
0.8030899
0.8174802
0.870978
0.818397
0.8305372
0.8400456
0.8038677
0.8123603
0.8206699
0.8256683
0.8062429
0.8182719
0.8197122
0.8143338
0.8228326
0.8101607
0.826027
0.8246082
0.8137083
0.8167566
0.8463999
0.8401117
0.8548161
0.8353608
0.8315965
0.829401
0.8361547
0.8651109
0.8536832
0.8119434
0.8146575
0.813823
0.8248198
0.841228
0.8462552
0.8357843
0.8122381
0.8271494
0.8112235
0.8226612
0.8749018
0.8047934
0.8192148
0.8367077
0.8258842
0.8101422
0.8235697
0.8313496
0.8116409
0.8228827
0.806119
0.8046467
0.8062256
0.8079951
0.8081531
0.835536
0.8311278
0.8174105
0.8096531
0.8149642
0.8149425
0.8156459
0.8186202
0.8120966
0.8558788
0.8073706
0.8187857
0.8168385
0.8064427
0.8158961
0.7860724
0.7850064
0.8129338
0.8085743
0.808618
0.8095106
0.8341118
0.8026532
0.806173
0.8146846
0.836311
0.8482057
0.813065
0.8247317
0.813142
0.808574
0.8342751
0.8543156
0.813564
0.8300557
0.8093165
0.8514902
0.7982741
0.811204
0.8097823
0.8185115
0.8170523
0.829678
0.8734033
0.8849004
0.8059735
0.8169102
0.8762123
0.8104536
0.8278269
0.8435053
0.7999544
0.8180961
0.8223059
0.8215679
0.8044018
0.8170446
0.8208338
0.8077279
0.8198854
0.8125477
0.825582
0.8243386
0.8176366
0.8163934
0.8465736
0.8416279
0.8559977
0.8306119
0.8284546
0.8302576
0.8337544
0.8625632
0.8610739
0.8076556
0.8098455
0.8159332
0.8277749
0.8443674
0.8470281
0.8387159
0.8128572
0.8260237
0.8188712
0.8359069
0.8621453
0.8274003
0.8252407
0.8339219
0.8451581
0.8171527
0.8337196
0.850493
0.832859
0.840847
0.8245518
0.8240476
0.8358892
0.8185932
0.8318715
0.8516182
0.8455038
0.8338293
0.8239247
0.8312473
0.8303834
0.836617
0.8335913
0.8310133
0.8591766
0.8283917
0.8282709
0.8306932
0.8175442
0.8326009
0.7967302
0.7968306
0.823026
0.8265685
0.8253045
0.8275694
0.85
0.8226604
0.8148205
0.8228246
0.8427897
0.8496173
0.8239053
0.8167917
0.8330359
0.8283462
0.8357901
0.8394717
0.8318811
0.8447796
0.8317486
0.8723602
0.7998351
0.8248704
0.8304149
0.8404186
0.8341199
0.8378269
0.866751
0.8993857
0.826811
0.8352899
0.8790937
0.8320773
0.8376155
0.8609312
0.8220937
0.8364089
0.8359245
0.8404261
0.8206778
0.8369489
0.8324069
0.823327
0.8356813
0.8282261
0.8397906
0.840212
0.8361262
0.8345295
0.8500356
0.8373847
0.8559393
0.8328935
0.8457436
0.8387381
0.8425356
0.8604188
0.8639567
0.8099644
0.8273563
0.8309244
0.8307856
0.8417986
0.8487064
0.8451287
0.8283356
0.8375392
0.8178211
0.8232981
0.8767079
0.8127105
0.8289197
0.8358296
0.8300242
0.8135083
0.8223956
0.8286707
0.8171045
0.8285387
0.807043
0.8127486
0.8163369
0.8106748
0.8115445
0.8423253
0.8332836
0.8194016
0.8110201
0.8177834
0.8253289
0.8193911
0.8213798
0.8162299
0.8586656
0.8102888
0.8153939
0.8212065
0.8172031
0.8242558
0.798232
0.7957902
0.8143677
0.8137013
0.8141409
0.8177126
0.8435302
0.810501
0.813673
0.8175529
0.8448468
0.8566535
0.8170325
0.8377402
0.8133452
0.8088846
0.8367948
0.8537469
0.8198934
0.8360536
0.8183033
0.8635104
0.7899555
0.8135256
0.8158756
0.8193945
0.8227109
0.8311989
0.87611
0.891077
0.8127242
0.8201611
0.8700919
0.8156382
0.836888
0.8425598
0.806604
0.815666
0.8249015
0.8230984
0.8100741
0.8247122
0.8223572
0.8148805
0.8276447
0.8107551
0.8200837
0.8255643
0.8240082
0.8233722
0.8462609
0.8448605
0.8590055
0.838866
0.82621
0.8350158
0.8448075
0.8670716
0.8565966
0.816556
0.8116388
0.82111
0.8345569
0.8422148
0.8461175
0.8349125
0.8181767
0.8313462
0.8458781
0.8600563
0.8834566
0.8529338
0.853932
0.8565231
0.861176
0.8468351
0.858867
0.8635043
0.8555717
0.8627654
0.8536135
0.8494152
0.8535867
0.8534748
0.8516389
0.8652346
0.8624972
0.8526874
0.8496597
0.853344
0.8585553
0.8582213
0.8577054
0.8528989
0.8722347
0.8512903
0.8517989
0.854601
0.8498131
0.847103
0.8362599
0.8348055
0.8528862
0.8537258
0.85387
0.8509055
0.8593689
0.8514971
0.8459069
0.8500781
0.8534479
0.8693487
0.846466
0.851173
0.8563415
0.8546488
0.862188
0.8639524
0.8516475
0.8621182
0.8533708
0.8802692
0.8275715
0.8493683
0.8489925
0.8585989
0.8527492
0.8593377
0.8813027
0.8970401
0.8494173
0.858788
0.8822706
0.8518102
0.8566711
0.8685708
0.8480508
0.8512666
0.856286
0.8548463
0.8479862
0.8546488
0.853893
0.84842
0.8538422
0.8528939
0.8577991
0.8577412
0.8510548
0.8540654
0.864927
0.8578158
0.8660135
0.8575422
0.8601903
0.8582899
0.8551384
0.8779921
0.8743616
0.8453776
0.8511132
0.8476612
0.8548312
0.8645041
0.8633505
0.8602312
0.8579888
0.8606933
0.8066998
0.8173087
0.8744929
0.8006731
0.821375
0.825235
0.8168094
0.8142243
0.8121754
0.8284308
0.8067463
0.8129857
0.8051187
0.796437
0.8030784
0.7994735
0.8051105
0.8300647
0.8243083
0.8133751
0.8063369
0.806712
0.8189441
0.8124802
0.8165736
0.8060631
0.8485199
0.8005743
0.8032198
0.8098998
0.8107397
0.8096804
0.7995953
0.8005698
0.8036197
0.8085504
0.8077243
0.8110388
0.8230902
0.7965026
0.8012524
0.8250701
0.8382197
0.8646529
0.8184602
0.8363911
0.8023096
0.8052855
0.8325975
0.8546169
0.8121222
0.8313695
0.8063405
0.8510066
0.7924575
0.8051164
0.8067068
0.8075768
0.8136085
0.826225
0.8664047
0.8876088
0.8052928
0.8157484
0.862961
0.8049058
0.8277492
0.8377489
0.7956782
0.8065173
0.8136364
0.8146236
0.8062452
0.8081297
0.8136564
0.8085475
0.8184254
0.8038398
0.813315
0.8190752
0.8113607
0.8105491
0.8401538
0.835727
0.8450034
0.8371682
0.8157695
0.8219366
0.8452941
0.8512253
0.8443127
0.8135833
0.8073285
0.8089504
0.8270136
0.8319518
0.8353725
0.8233278
0.8041369
0.8272461
0.8232771
0.8397287
0.8811289
0.826947
0.8337843
0.8407628
0.8405624
0.8260076
0.8340755
0.8464143
0.8299844
0.8311213
0.8246565
0.8299806
0.831993
0.8286518
0.8272993
0.84925
0.8470323
0.8323916
0.8258827
0.8294798
0.8347567
0.8383671
0.8318184
0.8313732
0.866604
0.823688
0.8319407
0.8294525
0.8301699
0.8325635
0.8107605
0.8105196
0.833211
0.8364665
0.83654
0.8331308
0.845338
0.8201276
0.8239674
0.8306994
0.8503837
0.8599842
0.8286706
0.83953
0.8300048
0.8289574
0.8470357
0.8531172
0.8313633
0.8488487
0.8320996
0.8656467
0.7891939
0.8220891
0.8271413
0.8352403
0.8346059
0.8428429
0.8762728
0.897777
0.8284559
0.839779
0.8775202
0.8304616
0.8470533
0.8580528
0.8220527
0.8349097
0.8337546
0.8393363
0.8300319
0.8377575
0.837702
0.8298412
0.8350741
0.8258782
0.8307238
0.8381049
0.8260957
0.8268808
0.8535335
0.839936
0.8634626
0.8403249
0.8446152
0.83905
0.8495265
0.8611529
0.8641633
0.8236936
0.8269139
0.8304532
0.8382039
0.8457851
0.8502257
0.8443549
0.8259622
0.842764
0.8075301
0.8134068
0.8782405
0.7920826
0.8099732
0.822536
0.8091212
0.8030922
0.8106242
0.8205923
0.7970079
0.8074347
0.7920409
0.7820616
0.7950867
0.7882613
0.7929472
0.8199406
0.8179796
0.8039003
0.7980172
0.8048327
0.8030554
0.80965
0.8084222
0.8036882
0.8466794
0.7889766
0.7983292
0.804024
0.7930458
0.8019397
0.7850422
0.7853754
0.7962231
0.800456
0.7998886
0.8008837
0.8210709
0.7901171
0.7985726
0.8150594
0.8378643
0.8562282
0.8056595
0.8293562
0.8002026
0.7916184
0.8265995
0.8478127
0.8019972
0.8261642
0.8057786
0.8422128
0.780906
0.7906708
0.8023535
0.8079708
0.8086629
0.8168035
0.8677319
0.8833157
0.7873368
0.7966337
0.869064
0.806039
0.8288416
0.8282341
0.7897662
0.8055629
0.806386
0.8085196
0.7948988
0.7984501
0.8043679
0.8002731
0.810163
0.7929491
0.811418
0.8075894
0.8074078
0.8066778
0.8424946
0.834913
0.8449373
0.8293686
0.8187973
0.8266026
0.830893
0.8577663
0.845396
0.8112604
0.8012015
0.802464
0.8150018
0.8340901
0.8354734
0.8197729
0.7940957
0.8104663
0.8503281
0.8729924
0.8762979
0.8624895
0.8556701
0.8561461
0.873436
0.8550526
0.8659163
0.8828045
0.8643288
0.8734925
0.8619553
0.8643323
0.8689813
0.8615956
0.8661791
0.8749315
0.8725853
0.8641618
0.8645725
0.8695525
0.8656584
0.8733353
0.8644687
0.8691031
0.8834332
0.8669452
0.8657387
0.8637643
0.8538686
0.8573144
0.8374436
0.8386606
0.8626597
0.8622278
0.8630409
0.8657268
0.8745126
0.8626078
0.8522542
0.8519328
0.8665135
0.8737792
0.8581207
0.8402952
0.8627634
0.8650996
0.8648246
0.8638832
0.8628903
0.8681764
0.8712541
0.8989236
0.8436311
0.8621315
0.8660778
0.8697161
0.8707667
0.8621538
0.8863664
0.9125722
0.862714
0.8733892
0.8907387
0.8680935
0.8706161
0.8905558
0.8602981
0.8672517
0.8690074
0.8670688
0.8573847
0.8721724
0.8613692
0.8639718
0.8721297
0.8626258
0.8677135
0.8697807
0.8618506
0.8619291
0.875718
0.8608197
0.875177
0.8651366
0.8660873
0.8699666
0.8666913
0.8849407
0.8854463
0.8379625
0.8629971
0.8657871
0.8629531
0.866635
0.8721426
0.8688474
0.8694966
0.8723337
0.8272627
0.8501785
0.8700473
0.8370446
0.8333762
0.839278
0.8491438
0.8305513
0.8453416
0.8531393
0.8429792
0.843558
0.8322397
0.8357717
0.845783
0.8338665
0.8362633
0.8509621
0.8495392
0.8412152
0.839104
0.8372392
0.8400365
0.8462443
0.845352
0.8367727
0.859302
0.839648
0.8350864
0.8367379
0.83077
0.8335001
0.8092129
0.8094396
0.8364173
0.8330508
0.8338633
0.8332623
0.8466445
0.8377638
0.8228247
0.8302267
0.8461429
0.8602457
0.8339304
0.8272545
0.8385944
0.8324567
0.8480709
0.8484651
0.8368402
0.8501209
0.8415007
0.8720069
0.8051558
0.8420781
0.8384476
0.8470244
0.8415774
0.8454732
0.8695934
0.8995198
0.8359531
0.8399193
0.8790492
0.8424536
0.8490174
0.8640723
0.8345572
0.8413606
0.8426716
0.8454065
0.8315524
0.846391
0.8406253
0.8357729
0.8399626
0.841255
0.844186
0.8454665
0.840134
0.8404605
0.8566476
0.8460022
0.8652534
0.8479862
0.8531519
0.8432587
0.8455897
0.867449
0.8649063
0.8275495
0.8360474
0.8346722
0.839992
0.8500509
0.8605667
0.8490664
0.8369577
0.8458858
0.8142577
0.8125032
0.885368
0.7960544
0.8250886
0.8276552
0.8079792
0.8065302
0.8071472
0.8212692
0.804045
0.8076762
0.7942464
0.7956753
0.7997403
0.7967634
0.7993781
0.8248479
0.8238177
0.8059237
0.7991544
0.8010416
0.8148795
0.8070427
0.8121209
0.8018222
0.8490627
0.7944927
0.8081023
0.8064011
0.8037962
0.8080201
0.7911583
0.7909253
0.808864
0.8049238
0.8043989
0.8030263
0.8217216
0.7985704
0.804134
0.8156631
0.8352428
0.8595209
0.8105329
0.8390889
0.8036007
0.7998269
0.8261897
0.8497484
0.8082199
0.8293285
0.8049157
0.8455332
0.7848776
0.7968193
0.8018388
0.8040784
0.8127958
0.8240545
0.8688148
0.8812361
0.7957047
0.8137483
0.867164
0.8014637
0.8232333
0.8284172
0.7916734
0.7994391
0.8131615
0.8125093
0.8036186
0.8074141
0.806003
0.8082822
0.8133902
0.7962309
0.8118483
0.815346
0.8066914
0.8083605
0.8416858
0.8285367
0.8474942
0.8354171
0.8201981
0.8224481
0.840614
0.8516498
0.846307
0.8156977
0.8015599
0.8050191
0.82124
0.8311305
0.834719
0.8208754
0.7988407
0.8163673
0.8128831
0.8352484
0.8750391
0.8229768
0.8270961
0.8401792
0.8363074
0.8196503
0.8290486
0.8372014
0.8291112
0.8315545
0.8208427
0.8171927
0.8283776
0.8205579
0.8264966
0.8442658
0.8383649
0.8278907
0.8185408
0.8218289
0.8308003
0.8265536
0.8289147
0.8271043
0.8569405
0.822141
0.8237526
0.8250132
0.823974
0.8294316
0.8025831
0.7984198
0.8233158
0.8187063
0.8186973
0.8304781
0.84516
0.8206218
0.8137161
0.8248792
0.8387647
0.846179
0.8247312
0.8219582
0.8252768
0.8223264
0.8470287
0.8564961
0.8227421
0.8398563
0.827085
0.8625047
0.8053644
0.8263903
0.8264932
0.8316947
0.8275844
0.8340232
0.8729084
0.8876894
0.8228476
0.8335979
0.875709
0.825826
0.8404836
0.8507701
0.8195509
0.8260608
0.8327652
0.8325454
0.8184159
0.8323598
0.8254968
0.8239101
0.8332788
0.8277293
0.8349365
0.8372551
0.8269384
0.8278917
0.8548305
0.8414873
0.8571233
0.8403445
0.839098
0.8400211
0.8434877
0.8659314
0.8593113
0.8164062
0.8216645
0.8274587
0.834201
0.847212
0.8464478
0.843008
0.8290782
0.8393782
0.8043606
0.8170401
0.8785666
0.7915123
0.8180823
0.826821
0.8176947
0.8079834
0.8066806
0.8190188
0.8010908
0.8077952
0.7926185
0.7930186
0.7915769
0.7915286
0.7976204
0.8269647
0.8228791
0.8035648
0.795174
0.7965716
0.813728
0.808257
0.809181
0.7998025
0.844453
0.7884745
0.7985615
0.8027655
0.8001951
0.803007
0.7955541
0.7951011
0.7957136
0.8057106
0.8047774
0.802372
0.8289474
0.7901324
0.8014569
0.8158248
0.8344072
0.8499552
0.814305
0.8322058
0.7982795
0.7956279
0.8308082
0.8529753
0.8013687
0.8316565
0.7964666
0.8458987
0.7787013
0.7921064
0.7981376
0.8072739
0.8089942
0.8241132
0.8753327
0.8816277
0.7919655
0.8077157
0.8655819
0.8045618
0.8305426
0.8261315
0.7941817
0.7993036
0.8080849
0.8145005
0.7998919
0.8029877
0.8052293
0.796342
0.8118778
0.7910076
0.8048285
0.8148245
0.8064599
0.8055014
0.8437826
0.8341667
0.848672
0.8361028
0.8215617
0.8222146
0.8433675
0.8504656
0.8506864
0.805777
0.7995422
0.7984361
0.8276158
0.8360794
0.8357452
0.8224627
0.802016
0.8177873
0.8465382
0.8428376
0.8680131
0.8353425
0.8283457
0.8397665
0.8415979
0.8260257
0.8392252
0.85073
0.8307312
0.8398601
0.8300971
0.8331599
0.8379438
0.8264364
0.8331412
0.8426188
0.8465979
0.8363798
0.8286123
0.8360593
0.8381809
0.8352819
0.8379701
0.8295418
0.8567494
0.8317655
0.8322072
0.8328766
0.826696
0.8276634
0.8226506
0.8229714
0.8341263
0.8313919
0.8327786
0.8344285
0.8447143
0.8284932
0.823463
0.8269001
0.8453683
0.8583523
0.8296728
0.8404057
0.8316321
0.832418
0.8509405
0.8480595
0.8347412
0.8488439
0.834545
0.8677473
0.8349461
0.8325167
0.8353719
0.8392983
0.8345517
0.8387162
0.8751736
0.8953541
0.8322545
0.8357074
0.8766516
0.8326242
0.848172
0.8583132
0.8285259
0.8399553
0.8410666
0.8416077
0.8270053
0.8366339
0.8303049
0.8341222
0.8325495
0.8318054
0.846459
0.8417148
0.8383649
0.8401069
0.8548119
0.8447196
0.8618241
0.8429744
0.8435735
0.8483565
0.8398499
0.8718397
0.8614752
0.8415005
0.8296029
0.8306748
0.8353955
0.8497732
0.8548131
0.8523751
0.839517
0.840428
0.8561091
0.8508801
0.8769679
0.845004
0.8620271
0.8520624
0.8613886
0.8352325
0.8530454
0.8722379
0.846314
0.8501244
0.8408956
0.8478272
0.8454063
0.842549
0.8466994
0.8691741
0.851634
0.8490924
0.8453266
0.8485325
0.8605491
0.8508992
0.8423062
0.8497028
0.875575
0.845694
0.8475258
0.8468158
0.8423325
0.8504313
0.8486981
0.8492052
0.8451428
0.843943
0.8435689
0.8506004
0.8641467
0.8408111
0.8389381
0.8389283
0.8396998
0.849681
0.8368455
0.8600782
0.8461048
0.849743
0.8449971
0.8608085
0.8484951
0.8482768
0.8470018
0.8911721
0.8531897
0.8409843
0.8418961
0.8484893
0.8505702
0.8517662
0.881757
0.9047009
0.8442834
0.8608421
0.8792246
0.8461798
0.8478616
0.8807532
0.8413313
0.8473963
0.8513396
0.8526893
0.8315435
0.8523033
0.848247
0.8438726
0.8618028
0.8427815
0.8537258
0.8539999
0.8445855
0.8426826
0.8577046
0.8412418
0.8624609
0.8514499
0.8549262
0.8424117
0.8598598
0.8737749
0.8618883
0.8584852
0.8399746
0.8461714
0.8626093
0.8572104
0.8566314
0.8535561
0.8441261
0.8652948
0.8517139
0.8403007
0.8854997
0.8244708
0.8506702
0.8399875
0.8371561
0.8277124
0.8340458
0.852543
0.8247736
0.8269087
0.8170424
0.8251339
0.8263776
0.8230623
0.8345385
0.8481715
0.826848
0.8203057
0.8263854
0.8318509
0.8466667
0.8318193
0.8089407
0.8293095
0.8687243
0.8277613
0.830895
0.8350145
0.830387
0.8295114
0.8403087
0.8431998
0.8301339
0.823649
0.8230036
0.82742
0.8471098
0.8192168
0.832387
0.8353597
0.8450127
0.8704497
0.8353921
0.86139
0.8236119
0.8256764
0.827068
0.8652376
0.8281034
0.819253
0.8271953
0.8683485
0.8436754
0.8103882
0.8213641
0.8286601
0.8347136
0.8357052
0.8726346
0.8937087
0.8271356
0.8472765
0.8523867
0.8247382
0.8265412
0.8612203
0.8230446
0.8112502
0.8198916
0.8195928
0.8270411
0.8305178
0.8301302
0.8138552
0.8451802
0.8167612
0.825654
0.8324415
0.8088059
0.8102955
0.8395945
0.8359619
0.8439642
0.8487406
0.8299276
0.8312566
0.8608779
0.8561254
0.8351386
0.847353
0.8264119
0.8141855
0.8496192
0.8385319
0.8320756
0.8244148
0.8225291
0.8476949
0.8286839
0.7944323
0.8877283
0.7751765
0.8053093
0.8223619
0.7823372
0.8049544
0.7955645
0.7906028
0.7790929
0.7850532
0.7780685
0.7852154
0.7786336
0.7775212
0.77966
0.7962908
0.8192021
0.7933282
0.7785258
0.7844897
0.806587
0.7851326
0.7939814
0.7828486
0.8393705
0.7813301
0.7834017
0.7869151
0.785605
0.7898031
0.8037125
0.8045313
0.7825616
0.7905566
0.7909906
0.7811368
0.7958191
0.7766746
0.7929054
0.8100392
0.8368093
0.8564951
0.8049943
0.8548201
0.7834064
0.7819074
0.8207585
0.8491569
0.7873524
0.8192022
0.7818404
0.8311703
0.8101226
0.7867434
0.7914213
0.7867375
0.7857714
0.8097667
0.8661151
0.8731557
0.7802667
0.7957724
0.8641211
0.7850932
0.825826
0.8073905
0.7814852
0.7914643
0.8044557
0.7997864
0.7848545
0.7883384
0.7923021
0.7910896
0.7843791
0.7866607
0.7955758
0.7972177
0.7985903
0.7985094
0.83963
0.8326974
0.8405372
0.8336409
0.8132919
0.8218817
0.8346228
0.8486628
0.8393746
0.8295167
0.7790631
0.7881284
0.8237106
0.8222677
0.8282307
0.81516
0.7764644
0.7927236
0.8464297
0.8253927
0.8958053
0.8060927
0.8283093
0.8362004
0.8009369
0.8342728
0.8195599
0.8209073
0.805272
0.8113268
0.8100117
0.8089682
0.8123135
0.8099301
0.8060613
0.8113032
0.8404063
0.8225412
0.8112721
0.8139015
0.8304916
0.817202
0.8293317
0.8122488
0.8506049
0.808594
0.8126574
0.8136466
0.8205048
0.8150407
0.8336824
0.8358087
0.8121101
0.8174927
0.8173585
0.811866
0.809099
0.8134408
0.8216781
0.8430647
0.8573665
0.8780532
0.8377488
0.8710795
0.8086919
0.8129134
0.8430901
0.857317
0.814264
0.8420562
0.815272
0.8454585
0.8330426
0.8188398
0.8309395
0.8138805
0.8119068
0.8347112
0.8714382
0.8810828
0.8011373
0.8224184
0.8739035
0.8160573
0.8427717
0.8300397
0.8130521
0.8228364
0.83067
0.8302073
0.8160466
0.8144977
0.8257283
0.8282936
0.8114355
0.8137824
0.8176995
0.8199798
0.8270284
0.82595
0.8469736
0.8432209
0.8577282
0.8475265
0.830759
0.8415378
0.847749
0.8633779
0.8557795
0.8515231
0.8119842
0.8184538
0.836249
0.8438608
0.8478735
0.8306967
0.81016
0.8169519
0.836963
0.785167
0.9039219
0.7597126
0.8045921
0.8273523
0.7525056
0.8134012
0.7981955
0.7678787
0.7552205
0.7704482
0.7533585
0.7578416
0.7517774
0.7610694
0.7516909
0.7782088
0.8136917
0.7826464
0.7647253
0.7676735
0.80273
0.7735676
0.7911262
0.7680436
0.8387026
0.7592482
0.7676183
0.7718216
0.7777002
0.7829374
0.8126676
0.812592
0.7704771
0.7764082
0.7769609
0.7665932
0.7898519
0.7561962
0.7889717
0.8181304
0.8446392
0.8674242
0.8048976
0.8716611
0.7628893
0.7520644
0.8281199
0.8594027
0.7706504
0.8234582
0.7656838
0.8183072
0.8078835
0.7785692
0.781954
0.7678513
0.772622
0.8151295
0.8767044
0.8638417
0.7526214
0.7718872
0.8675061
0.7756885
0.8288922
0.7738523
0.7629909
0.7865458
0.7988968
0.7920509
0.7701903
0.7721049
0.7841678
0.787238
0.7683478
0.7744987
0.7803779
0.795161
0.7945904
0.7949415
0.8420005
0.836707
0.8490308
0.8421311
0.8126474
0.823707
0.8392898
0.8545986
0.8479765
0.8473562
0.7723979
0.7795397
0.81533
0.8321734
0.8340788
0.817186
0.7596884
0.7624108
0.8418572
0.7179727
0.8970448
0.6651435
0.8242933
0.8220246
0.7856521
0.8135199
0.78663
0.7940624
0.6891322
0.6999162
0.6722711
0.6789624
0.6602822
0.6870779
0.6833941
0.8015375
0.7930809
0.7748519
0.7421964
0.6813483
0.8159598
0.7075686
0.7746642
0.6256543
0.844993
0.6735968
0.7009495
0.7247977
0.716212
0.7765855
0.8241214
0.8226203
0.7070854
0.7187854
0.71863
0.7016543
0.811912
0.6808553
0.7922042
0.8272573
0.8386997
0.8676954
0.8128658
0.8691908
0.6917977
0.6867317
0.8198054
0.8611139
0.7109735
0.8143292
0.6841619
0.8336267
0.8117487
0.758132
0.7653485
0.6892899
0.6926744
0.8078399
0.8732951
0.8707959
0.6851044
0.7893811
0.8564946
0.7052526
0.8114402
0.8072615
0.6742717
0.7699501
0.7827356
0.7858513
0.7045025
0.6865584
0.7772818
0.7724077
0.7978999
0.7551082
0.7800683
0.7828822
0.7720458
0.7750383
0.8353296
0.8394197
0.8466218
0.8420917
0.8034033
0.8150554
0.8479357
0.8459123
0.8393412
0.8442661
0.7229052
0.7814034
0.8352319
0.8261068
0.8259434
0.8083251
0.6861512
0.8008686
0.8366741
0.7274561
0.8928993
0.671203
0.8209907
0.8188522
0.7809436
0.8087652
0.7866961
0.7949636
0.6828949
0.6964069
0.6641231
0.6691749
0.6615788
0.6829033
0.676124
0.8046875
0.7969546
0.7789522
0.7342376
0.6870185
0.8139882
0.7027965
0.7726257
0.513904
0.8401483
0.6661169
0.6827525
0.7066809
0.7024861
0.7732057
0.8206471
0.8177843
0.6976876
0.7031496
0.7041952
0.7004564
0.8072586
0.6753714
0.7880389
0.8155165
0.8389197
0.8628925
0.8041932
0.8672454
0.6715776
0.6904151
0.812764
0.8556074
0.7055653
0.810265
0.6846771
0.8306602
0.8160532
0.7574486
0.7621905
0.686768
0.6999367
0.7960815
0.8644215
0.8715929
0.674801
0.7872369
0.8551887
0.6971386
0.811727
0.8075132
0.664306
0.7716049
0.781696
0.7807582
0.6962192
0.6826087
0.7838836
0.7697034
0.7892636
0.7548249
0.7789363
0.7834787
0.7691613
0.7718667
0.8328682
0.834902
0.8391917
0.8330418
0.8047362
0.8141826
0.8420436
0.8441097
0.8368215
0.840554
0.7079546
0.7784289
0.8300724
0.8249912
0.8219813
0.8050663
0.6769585
0.7972392
0.8511509
0.8448594
0.8714505
0.8461769
0.8526699
0.8369692
0.8583104
0.8422044
0.838676
0.8707378
0.8431108
0.8551185
0.8391016
0.8404825
0.8437973
0.8345663
0.8419919
0.8660118
0.8548409
0.845061
0.8509055
0.8467482
0.8575697
0.8535681
0.8460302
0.8463013
0.870481
0.843188
0.8512003
0.8465075
0.8400156
0.8425771
0.8438833
0.844897
0.8439789
0.8457068
0.8456159
0.8452317
0.8585655
0.838721
0.8266673
0.8386477
0.8620766
0.8684943
0.8404353
0.8567299
0.8455614
0.8407711
0.8531496
0.8458739
0.8432427
0.848466
0.8488083
0.8852508
0.8441702
0.8467668
0.8434569
0.8462491
0.848993
0.8450026
0.864962
0.9049697
0.8437219
0.8571506
0.8752581
0.8502173
0.8533386
0.8800303
0.8427751
0.8402292
0.8419
0.8492871
0.838442
0.8512914
0.8418571
0.8437184
0.8552134
0.8481958
0.8465685
0.852016
0.8459462
0.8474623
0.8616388
0.8487637
0.8597666
0.853041
0.8526382
0.8531355
0.8621102
0.8739872
0.8633915
0.8505068
0.8457478
0.8471501
0.8570179
0.8568466
0.8631171
0.8551794
0.8472555
0.8627409
0.827059
0.8572621
0.8647713
0.8497732
0.8419561
0.8463533
0.8644518
0.8361654
0.8536071
0.8729235
0.8524524
0.8610406
0.849502
0.852241
0.8554093
0.8486386
0.8540735
0.8622635
0.8548818
0.8575165
0.8446875
0.8536917
0.8459905
0.8543945
0.8544547
0.8528381
0.868458
0.8503398
0.8518426
0.8500949
0.8460581
0.8489559
0.8206815
0.8183018
0.8468176
0.8520195
0.8511338
0.8456818
0.8632658
0.8478062
0.8349678
0.8349988
0.8549556
0.8604693
0.8423705
0.7979674
0.8514792
0.8525457
0.8535653
0.854036
0.848657
0.8551911
0.8574818
0.8877385
0.824763
0.8498407
0.851879
0.8562377
0.8550299
0.8474099
0.8723448
0.9062659
0.8479735
0.8554203
0.8813509
0.8556387
0.8532942
0.8827839
0.8500508
0.8457014
0.8497312
0.8530164
0.8449612
0.8629048
0.8527245
0.8534382
0.8579821
0.8511978
0.8570034
0.8581097
0.8509811
0.8513654
0.8587634
0.8474591
0.8633223
0.8520464
0.8565041
0.8502326
0.8526021
0.8713325
0.8670438
0.7896398
0.8478217
0.8462045
0.848052
0.8573823
0.8581538
0.8535292
0.8523364
0.8591526
0.8047752
0.8242337
0.8615661
0.8066711
0.8086074
0.8247813
0.8221501
0.8004597
0.8224018
0.8354445
0.8127773
0.8181422
0.8036575
0.802056
0.8059407
0.8070974
0.8059726
0.835107
0.8278146
0.8202484
0.8053946
0.8158299
0.8127349
0.8195621
0.8150585
0.8106098
0.8537443
0.8053456
0.8125914
0.8114192
0.8033723
0.8128679
0.7794284
0.7798819
0.808156
0.8119408
0.8125678
0.8149418
0.8315723
0.8006354
0.7958129
0.7991271
0.8307871
0.8432989
0.8013792
0.7971579
0.8101961
0.803062
0.8313479
0.8469436
0.8149549
0.8309034
0.8133916
0.8586675
0.7911258
0.8042149
0.8117315
0.8191769
0.8154923
0.8246521
0.8719813
0.8910851
0.805763
0.8134962
0.8714854
0.8114507
0.8275212
0.8448091
0.7987126
0.809114
0.8181818
0.8211711
0.8046786
0.8208393
0.8125399
0.812004
0.8245702
0.8098712
0.8207412
0.8263284
0.8151191
0.8149931
0.8452064
0.8307893
0.8479398
0.8294577
0.8275591
0.8282351
0.8290598
0.8588932
0.8516652
0.7879168
0.8138275
0.8134707
0.8184608
0.836415
0.8408428
0.8308764
0.806421
0.8222527
0.8213294
0.841316
0.8680382
0.8278142
0.8247561
0.8286084
0.8421654
0.8248786
0.8368536
0.8536695
0.8298459
0.8335371
0.824499
0.8307261
0.8300104
0.8250668
0.8307018
0.8451799
0.843178
0.834371
0.8327498
0.8277661
0.8380606
0.8321938
0.8325866
0.8335367
0.8580388
0.8254972
0.8288479
0.8293769
0.8253381
0.8248307
0.8026027
0.8023381
0.832658
0.832982
0.8328056
0.8217631
0.8439456
0.8242893
0.8235205
0.8244207
0.8569684
0.8562897
0.8265828
0.8155349
0.8257885
0.8279805
0.841805
0.8467326
0.8298142
0.8418952
0.8366045
0.8760915
0.8171935
0.8245083
0.8319785
0.8341886
0.8351027
0.8391696
0.8664167
0.9010343
0.8271063
0.8345089
0.8762988
0.8314313
0.8413104
0.8626558
0.8239918
0.8343296
0.8390674
0.8343595
0.8236659
0.8362851
0.8346579
0.8291606
0.8380775
0.8269583
0.8419209
0.8404201
0.8298439
0.8305568
0.8562165
0.8418159
0.8495841
0.8389001
0.8486757
0.8383384
0.8446631
0.8652305
0.8586187
0.8010332
0.8309822
0.829226
0.8339246
0.8396542
0.8503835
0.84183
0.8314589
0.8438042
0.8217548
0.820583
0.8850091
0.8119763
0.821376
0.8366696
0.8150099
0.8150647
0.8214193
0.8306937
0.8115926
0.8179229
0.8048115
0.8121482
0.81177
0.8073359
0.8058738
0.8319915
0.8332344
0.8181095
0.8043539
0.8146776
0.8198038
0.8198064
0.8186767
0.8115209
0.8568394
0.8062444
0.8140851
0.8147906
0.8061999
0.8161663
0.8112909
0.8102225
0.8113834
0.8128508
0.8133522
0.8084416
0.8243785
0.8085877
0.8132954
0.8239057
0.8393747
0.8619894
0.8183737
0.8409482
0.811503
0.8139993
0.8392403
0.8547829
0.8142026
0.8370065
0.8168256
0.8498438
0.8065294
0.8082236
0.8114794
0.8124896
0.8133785
0.8299616
0.8731428
0.886885
0.8070008
0.8149672
0.8705438
0.813378
0.8374391
0.8371602
0.8054311
0.8171792
0.8248944
0.8300674
0.8115016
0.8168634
0.8158372
0.8153074
0.8201968
0.809606
0.8220506
0.821986
0.8148952
0.8150741
0.8473614
0.8412145
0.8520026
0.843747
0.8298951
0.8356461
0.8404255
0.8590744
0.8570708
0.8140776
0.8104061
0.8143899
0.8281999
0.8386275
0.8447041
0.8322727
0.8138535
0.8229579
0.8037674
0.8357172
0.8756436
0.8208406
0.8292331
0.8314018
0.8340641
0.8168565
0.828632
0.8450789
0.8295852
0.8301508
0.819762
0.8183779
0.8242893
0.8201648
0.8263078
0.8405492
0.8397036
0.8229653
0.8241361
0.8248946
0.8333252
0.8299068
0.8235615
0.8264186
0.857833
0.8190446
0.824244
0.8279377
0.8243374
0.8195954
0.8086261
0.8049512
0.8224318
0.8225508
0.8230912
0.8231226
0.8379953
0.8187392
0.8191578
0.8239078
0.8359889
0.8546401
0.8223581
0.8349768
0.8239656
0.8188055
0.8336937
0.8530755
0.8295605
0.8358782
0.8273704
0.8657844
0.8055515
0.8154807
0.8188901
0.8280958
0.827611
0.834677
0.869821
0.89106
0.8252224
0.8297763
0.8696446
0.8233887
0.8360286
0.8539458
0.8233201
0.8229003
0.8271808
0.8319911
0.8218221
0.8314723
0.8249284
0.8190929
0.833457
0.8165128
0.8255338
0.8289663
0.8226815
0.8248882
0.8492565
0.8395869
0.8462851
0.8445102
0.8289072
0.8357109
0.8403763
0.8560239
0.8617425
0.8125177
0.8193013
0.8237563
0.8346213
0.8430439
0.8434783
0.8321134
0.8273479
0.8392558
0.8381548
0.8406285
0.8605065
0.8338426
0.8117685
0.8334314
0.8330884
0.8212316
0.8375677
0.8505185
0.832546
0.8422368
0.8254144
0.8299411
0.832022
0.8308779
0.8338797
0.8411378
0.8496152
0.8384068
0.827144
0.8370802
0.8382636
0.8357846
0.8413119
0.8353339
0.8520408
0.8308673
0.8299978
0.828821
0.8238946
0.8314705
0.8157265
0.8151586
0.8331528
0.8309507
0.8321009
0.8320494
0.8368954
0.8233032
0.8115889
0.8165259
0.8490557
0.8528324
0.8215843
0.8321481
0.83369
0.8310556
0.8457234
0.8445559
0.8323844
0.8517658
0.8378035
0.8658713
0.8283951
0.8328447
0.8394304
0.8447815
0.8369984
0.8295301
0.869366
0.8979211
0.8288865
0.8203968
0.8819754
0.8309434
0.8461278
0.860151
0.8240451
0.8439197
0.8417686
0.8451537
0.8281605
0.8431201
0.8299835
0.8381159
0.8332956
0.8340649
0.8408259
0.8461099
0.836302
0.8377204
0.8560548
0.8447007
0.8596343
0.8341169
0.8424009
0.8471284
0.840605
0.8730505
0.867279
0.8318074
0.824784
0.837121
0.8347277
0.8518169
0.856523
0.8512282
0.8316065
0.830957
0.816012
0.8323057
0.8717066
0.8214229
0.8195006
0.8354755
0.8266981
0.8135494
0.8245071
0.8425849
0.8243601
0.8321928
0.8214474
0.8226241
0.8242146
0.8190666
0.8246375
0.8363617
0.8409145
0.8220476
0.8131499
0.8221053
0.8232563
0.8246373
0.8280588
0.8259377
0.8525026
0.8207323
0.822771
0.8230929
0.8230531
0.8196609
0.8030766
0.8047661
0.8223429
0.8252623
0.8230079
0.8270708
0.834502
0.8207348
0.8152961
0.8192428
0.8391618
0.8566418
0.8152579
0.8226417
0.8219171
0.8212736
0.8375855
0.8485617
0.825912
0.8382367
0.82751
0.86256
0.8097885
0.8212501
0.8276858
0.8304439
0.8258051
0.8340113
0.8691428
0.8871398
0.8197347
0.8304938
0.8711146
0.8231275
0.8369222
0.8482621
0.8186204
0.8234014
0.8279376
0.828549
0.8182616
0.829755
0.8226536
0.826526
0.8243505
0.8208007
0.8339653
0.8306311
0.8251463
0.8252856
0.8455808
0.8362499
0.8513343
0.8345012
0.8375276
0.8341387
0.8340344
0.8665778
0.8574455
0.8087828
0.8206553
0.8243696
0.8273868
0.8416066
0.8490012
0.8357311
0.8224497
0.8335979
0.8220637
0.814919
0.8819689
0.799284
0.8042957
0.8269173
0.8021675
0.8045443
0.8154373
0.8159777
0.8039317
0.8104605
0.7984199
0.7985242
0.8010368
0.7955464
0.8002193
0.8148944
0.8320113
0.8105102
0.7969977
0.8036418
0.8017097
0.8081143
0.8178705
0.8051302
0.8505895
0.7998047
0.8054917
0.8039161
0.8007173
0.8105191
0.7881765
0.7837303
0.803173
0.8046112
0.8033736
0.805673
0.8125172
0.7940854
0.7948608
0.8128282
0.8372162
0.8541979
0.8077421
0.8357244
0.796892
0.798541
0.8322343
0.8485677
0.810416
0.8331763
0.8037732
0.8412516
0.8024607
0.8076817
0.8120523
0.8011659
0.804922
0.8235696
0.8699743
0.8795057
0.7967531
0.7996302
0.8673237
0.7988821
0.8292478
0.8220485
0.7913673
0.8113809
0.8118302
0.8176935
0.794002
0.8070165
0.8087857
0.8087477
0.7974997
0.8017543
0.8134868
0.8138871
0.8140173
0.8155738
0.8439422
0.8340328
0.8505709
0.8320668
0.8255345
0.8333082
0.8274924
0.8587204
0.8532527
0.8196499
0.8042233
0.8062995
0.8173314
0.836956
0.8418264
0.8312909
0.8017187
0.8047182
0.8323871
0.854401
0.8698065
0.8501838
0.8411462
0.8465044
0.8570471
0.8299976
0.853614
0.8687739
0.8482928
0.8583858
0.8447022
0.8482033
0.8501701
0.8425181
0.8489264
0.8630482
0.8520863
0.851176
0.8468616
0.8480524
0.8479876
0.8555066
0.8476462
0.8494391
0.8700816
0.8471182
0.8529324
0.8474423
0.841483
0.8463874
0.820448
0.8173948
0.8420656
0.8464466
0.8469904
0.8454403
0.8583219
0.8438011
0.8365639
0.8320611
0.8550166
0.8650194
0.8346746
0.8207713
0.8495102
0.8477509
0.8535201
0.8610964
0.8499177
0.85411
0.8499338
0.888098
0.8297669
0.8418216
0.8456085
0.858034
0.8538961
0.8509776
0.8757856
0.9003373
0.8484988
0.8537089
0.8786641
0.8463221
0.8536111
0.8742967
0.8461145
0.8440319
0.8480432
0.851169
0.8391132
0.8492727
0.8473777
0.843085
0.852607
0.8452811
0.8577993
0.8558142
0.8459961
0.845301
0.8611833
0.8505424
0.862995
0.8489951
0.8554173
0.8508695
0.8492707
0.8738326
0.8685904
0.8160214
0.8446943
0.8419436
0.851815
0.854713
0.863957
0.8574953
0.8525167
0.8572993
0.8114853
0.8243882
0.8750899
0.8068119
0.8174188
0.8331506
0.8216909
0.8168383
0.819557
0.8317891
0.8158153
0.8188896
0.8035109
0.8096725
0.8131528
0.8092923
0.8053994
0.8340356
0.8307115
0.8150989
0.8042378
0.8108196
0.8211727
0.817475
0.8143506
0.8140874
0.8499212
0.802813
0.8129043
0.8119401
0.8126032
0.8148971
0.7966048
0.7951464
0.806931
0.8093961
0.8099506
0.8146517
0.837992
0.8056514
0.8075765
0.8213846
0.8429913
0.8553925
0.8181459
0.8238295
0.8152966
0.8094235
0.8322899
0.8502264
0.8180706
0.8289467
0.8100005
0.8573058
0.786992
0.8059623
0.8113634
0.8195951
0.8186141
0.8314076
0.8657686
0.8861574
0.8022281
0.8236698
0.8687629
0.8136662
0.8277905
0.8390053
0.8038493
0.8116475
0.8195923
0.8187339
0.8147226
0.8143972
0.8194097
0.8087507
0.8211477
0.8105948
0.8154242
0.8208348
0.815564
0.8156778
0.8419961
0.8358449
0.852465
0.8382832
0.8252125
0.825701
0.837788
0.8608184
0.8550659
0.8112712
0.809861
0.8088576
0.8264446
0.8357063
0.8427769
0.8288254
0.8090579
0.8309711
0.8352947
0.7122342
0.8895286
0.6838093
0.8133274
0.8125897
0.7811929
0.8023777
0.7818182
0.796322
0.7027681
0.7020582
0.6715328
0.6812193
0.6685816
0.6710906
0.6983833
0.7945379
0.798136
0.7743155
0.7374606
0.7010942
0.8108374
0.7138272
0.777596
0.6954935
0.8400631
0.6639916
0.6959181
0.7179424
0.6970186
0.7824153
0.8099687
0.8102952
0.6811823
0.7070076
0.7072385
0.6985391
0.8071703
0.68752
0.7888462
0.8139145
0.8337459
0.864564
0.8063546
0.8588459
0.6888621
0.7121599
0.81111
0.8467371
0.7010373
0.806773
0.6976552
0.832554
0.809057
0.7636121
0.7693108
0.705749
0.7047578
0.8007977
0.8632773
0.8754287
0.6944978
0.787178
0.8545663
0.7069727
0.8135411
0.814605
0.6631565
0.7744835
0.7888246
0.7837465
0.700574
0.7012634
0.7802562
0.7746819
0.7886692
0.7602086
0.7836056
0.7865491
0.7783934
0.7805954
0.8275115
0.8259382
0.8350582
0.8323237
0.805245
0.8143326
0.8364194
0.8410972
0.8376196
0.8326178
0.7031629
0.7797489
0.8204156
0.8199283
0.8186228
0.8057447
0.6859264
0.7931701
0.8373166
0.8132426
0.8747834
0.7943371
0.8354328
0.8324375
0.8197893
0.8010064
0.8148675
0.8386229
0.8032225
0.8073218
0.7919119
0.7930278
0.7948945
0.7974254
0.7945018
0.8368523
0.8210404
0.8008134
0.8044966
0.8080444
0.8317139
0.805054
0.7994841
0.8021247
0.8585608
0.7983344
0.8068742
0.8058971
0.807479
0.8073353
0.8262164
0.8261297
0.8081583
0.8091405
0.8087409
0.8079445
0.8323729
0.788143
0.8110133
0.8150755
0.8401071
0.8649192
0.8066233
0.8638288
0.8003237
0.8030028
0.8238655
0.8591045
0.804461
0.8210094
0.8000109
0.855763
0.819593
0.7924518
0.7962788
0.806615
0.7984658
0.8278248
0.8747255
0.8885802
0.792195
0.8254667
0.8559592
0.8062358
0.8241342
0.8371336
0.791854
0.7946461
0.8045815
0.798556
0.8046438
0.8071167
0.8113853
0.7970458
0.8263141
0.7887399
0.8115202
0.8097388
0.8011355
0.8016571
0.8273666
0.8200028
0.8427785
0.8311979
0.8193573
0.8102539
0.8430911
0.8466737
0.8392251
0.845133
0.8052956
0.7976812
0.8362162
0.8348755
0.8227937
0.8129822
0.7957325
0.8312062
0.8469045
0.8017236
0.9041759
0.7710075
0.8207395
0.8411252
0.785132
0.8171078
0.8012817
0.7855322
0.7764217
0.7883236
0.7757514
0.7707507
0.7699035
0.7739037
0.7680044
0.8080397
0.8265454
0.7930859
0.7778458
0.7827257
0.807138
0.7898453
0.8041167
0.7756947
0.8505143
0.7652495
0.7883782
0.7920278
0.7858921
0.7930507
0.8196339
0.820219
0.7881211
0.7889173
0.7904518
0.777711
0.8124403
0.7716171
0.7940199
0.8261855
0.8428988
0.8681349
0.8172011
0.8703754
0.778039
0.7776552
0.83994
0.865654
0.7911649
0.8378773
0.7757295
0.8171241
0.8199704
0.7760088
0.7848077
0.7781301
0.7884108
0.8205562
0.8847824
0.874568
0.7695048
0.7519737
0.8729427
0.7912124
0.8339413
0.7978814
0.7716353
0.8037773
0.813656
0.8062767
0.7898433
0.7832102
0.8001906
0.7909663
0.7890155
0.7759252
0.7956003
0.8049161
0.798689
0.800646
0.8471122
0.8520449
0.8598322
0.8411352
0.8190647
0.8335725
0.8408916
0.871863
0.8597065
0.8483565
0.7816343
0.7980444
0.8306941
0.8394718
0.8430912
0.8377762
0.7796171
0.7918861
0.8500567
0.80433
0.9002794
0.7793863
0.8180602
0.840563
0.7913272
0.8199549
0.8114178
0.785154
0.7842109
0.7967022
0.7825257
0.7847774
0.771446
0.7835388
0.7794235
0.8090649
0.82935
0.7979471
0.7826751
0.7841949
0.8111198
0.7901292
0.8081134
0.7934403
0.8518272
0.7711519
0.7938085
0.7933496
0.7900531
0.8034534
0.8162031
0.817486
0.7923126
0.7899916
0.7907171
0.7869619
0.8205271
0.7774902
0.7990618
0.8257295
0.8463735
0.8701056
0.8190755
0.871274
0.7850363
0.7817361
0.8444541
0.8645965
0.7943548
0.8388432
0.7884945
0.8267633
0.8189284
0.7802058
0.7920462
0.7926957
0.7905955
0.8253443
0.885584
0.8704228
0.778
0.7524253
0.8760857
0.7974291
0.8405988
0.8037152
0.7807728
0.809013
0.8141796
0.8106449
0.7913509
0.7909471
0.8007102
0.7962151
0.79145
0.7768664
0.7970468
0.8072341
0.8016678
0.8046395
0.8505859
0.8497694
0.8625382
0.8440357
0.8219465
0.8350974
0.8431293
0.8672195
0.8635423
0.8473592
0.7927934
0.8034692
0.8312401
0.8410649
0.8450531
0.831583
0.7857048
0.7872278
0.8369834
0.7968487
0.8944083
0.7658705
0.8294718
0.8083882
0.7974691
0.8134106
0.7769008
0.8134627
0.774376
0.7868734
0.7715324
0.7775313
0.7660391
0.7731878
0.7723317
0.8124472
0.8097456
0.787164
0.7851286
0.7820303
0.8210074
0.7862867
0.7884615
0.7762744
0.8503326
0.7703721
0.7828328
0.7888655
0.7845094
0.7568464
0.8218155
0.8260455
0.7845066
0.7893257
0.7889447
0.7831419
0.8152127
0.7658503
0.7882569
0.8223403
0.8377117
0.8657155
0.8081413
0.8648636
0.7728532
0.7838736
0.8169465
0.8401882
0.7826448
0.8190918
0.7752662
0.8476671
0.8159624
0.7775954
0.7875027
0.7722834
0.7819549
0.796151
0.8600925
0.8783237
0.7725194
0.8101405
0.8575474
0.7887393
0.8203011
0.8238731
0.77205
0.7809786
0.7927044
0.7938704
0.7849846
0.7765145
0.7877131
0.7909794
0.8147919
0.776659
0.7887959
0.7936778
0.7896032
0.791317
0.8352322
0.8349735
0.8396882
0.8392555
0.8093794
0.8156116
0.8457111
0.8490715
0.8336584
0.841485
0.7865162
0.7857772
0.8280016
0.8291519
0.8239356
0.8072749
0.7684083
0.813032
0.8361923
0.7998929
0.8924342
0.7615652
0.836033
0.8314098
0.8054127
0.8042397
0.7950541
0.8105735
0.7700277
0.7739116
0.7657764
0.7636932
0.7592614
0.7694624
0.7716161
0.8235359
0.7876419
0.7774492
0.7833212
0.7730103
0.8187545
0.7841309
0.7545464
0.7749833
0.8533872
0.7701674
0.7814864
0.7852643
0.7945228
0.7928113
0.8257583
0.8270106
0.7848723
0.7887738
0.7880657
0.774283
0.8209912
0.7607264
0.800554
0.8177784
0.8353519
0.8618168
0.814813
0.8691212
0.7725521
0.7788756
0.7992205
0.8649141
0.7815016
0.7963081
0.7680733
0.8449136
0.8184221
0.7512561
0.7600767
0.7703325
0.7888834
0.816847
0.8723177
0.8760532
0.7753999
0.8078966
0.8346624
0.7861632
0.7998241
0.8210156
0.7675156
0.771406
0.7792417
0.7640681
0.7861983
0.7758274
0.7843274
0.7578786
0.812406
0.7458336
0.778614
0.7860054
0.7559704
0.7560846
0.8221775
0.8185841
0.8325855
0.8409796
0.8010004
0.7963749
0.8418048
0.8411293
0.8178643
0.8437677
0.7870563
0.7749974
0.833159
0.8249836
0.816639
0.802137
0.7708782
0.8187062
0.8473069
0.8377224
0.8671403
0.8344904
0.830682
0.8429472
0.8444138
0.8241625
0.8370125
0.8569944
0.8320341
0.8428505
0.830316
0.8311668
0.836302
0.829973
0.8321299
0.8471024
0.8423168
0.8352923
0.8295113
0.8391223
0.8425379
0.8388192
0.8399426
0.8355314
0.8690389
0.8319169
0.8363515
0.8317154
0.8318026
0.8363848
0.8250977
0.8228663
0.833282
0.8323979
0.8320441
0.8368158
0.8479005
0.8289017
0.8176812
0.8278394
0.8492321
0.8610732
0.8278661
0.8516692
0.8353069
0.833413
0.844248
0.8491311
0.83495
0.8477235
0.8376909
0.8757251
0.8341784
0.8298498
0.8389481
0.8428712
0.8380061
0.8437972
0.8725997
0.8948651
0.8343487
0.8392436
0.8717499
0.8351172
0.8444691
0.8584014
0.8291193
0.8395013
0.8359056
0.8386641
0.8275844
0.8432113
0.8318678
0.8362921
0.8375982
0.8298068
0.8382227
0.8417038
0.8341077
0.8344464
0.8525491
0.8426362
0.8571685
0.8410742
0.8427351
0.8416906
0.8442511
0.8689275
0.8631903
0.8446156
0.8298389
0.8281887
0.8442508
0.8434254
0.8503506
0.8485099
0.8401425
0.8410618
0.8542152
0.8259416
0.9012511
0.8197439
0.8301982
0.8424721
0.8059562
0.8428524
0.826596
0.8283339
0.8184924
0.8181674
0.8162767
0.8184435
0.8245614
0.8118325
0.8178222
0.8200271
0.8429822
0.8245213
0.819141
0.8208181
0.8350208
0.8265975
0.8323694
0.8180718
0.8502719
0.8200595
0.8176311
0.8239767
0.8211247
0.8189719
0.8364079
0.8359853
0.8197907
0.823832
0.8233396
0.8187402
0.8113453
0.8203129
0.8254666
0.8490112
0.8640959
0.8787335
0.8436491
0.8734404
0.8177064
0.820975
0.8445254
0.8652416
0.8213691
0.844151
0.8255069
0.8502731
0.8421811
0.8266143
0.8346059
0.822722
0.8216694
0.840413
0.8751155
0.881847
0.8165304
0.8257196
0.878895
0.8217551
0.8489026
0.8363966
0.8188788
0.8329311
0.8320406
0.8308993
0.8202846
0.8178397
0.8238772
0.8334009
0.8109292
0.8266749
0.8327912
0.8292793
0.8351853
0.8340417
0.8559861
0.8486933
0.8630867
0.8612879
0.8399076
0.8469825
0.855076
0.86214
0.8594109
0.8529439
0.8175259
0.8237103
0.8381765
0.8460562
0.8485454
0.83564
0.8221595
0.8193507
0.8272444
0.8319277
0.8583385
0.8221816
0.8334317
0.833479
0.8384736
0.6628348
0.8265011
0.8556313
0.8266563
0.8330613
0.8125522
0.8194916
0.8230773
0.8217333
0.8240567
0.8488873
0.8322308
0.8298284
0.8197432
0.8295144
0.8389555
0.8292292
0.824054
0.8282895
0.8629638
0.8192897
0.828148
0.8224256
0.8207125
0.8203912
0.8209413
0.820366
0.8254001
0.8242066
0.8245042
0.8195237
0.8479917
0.8176323
0.8136655
0.7322614
0.8341711
0.8447118
0.7114516
0.8347775
0.8195543
0.822972
0.8278176
0.8500669
0.8258042
0.8299122
0.8286498
0.8739854
0.8211199
0.8154428
0.8220874
0.8309866
0.8288086
0.8311952
0.8696933
0.897586
0.8246307
0.836111
0.8629225
0.8270976
0.8208055
0.8599253
0.8133585
0.8240795
0.828426
0.8293708
0.8173077
0.8308499
0.8318931
0.8134223
0.8409851
0.8161683
0.8305364
0.8368045
0.8213418
0.8216622
0.8367226
0.8230092
0.8434954
0.8065527
0.8321219
0.8172945
0.8265172
0.8489894
0.8441038
0.8346993
0.8229741
0.8181205
0.8387621
0.837037
0.83672
0.8272059
0.8241735
0.8449437
0.8281139
0.7977649
0.8875356
0.770143
0.8261474
0.8179051
0.8028738
0.8093377
0.7877463
0.8134263
0.7760849
0.7883948
0.7747087
0.7739587
0.7726701
0.7778086
0.7713589
0.8137462
0.7961978
0.7814161
0.7877756
0.7772241
0.8139164
0.7891835
0.7804554
0.7733727
0.8364014
0.7761982
0.784991
0.7861059
0.7894708
0.7819635
0.8124968
0.8086975
0.7827849
0.7835764
0.7834559
0.7864452
0.8133411
0.780897
0.7839358
0.8207742
0.8346792
0.8518467
0.8057816
0.8514137
0.7790639
0.7770309
0.8095584
0.840997
0.7822727
0.8070064
0.7809364
0.8427628
0.8147202
0.7719584
0.7855915
0.7845743
0.7845359
0.8021842
0.8645375
0.8739716
0.7748744
0.809567
0.8484766
0.7847558
0.8082811
0.8231227
0.775995
0.7780114
0.7862714
0.7779931
0.7847241
0.7804307
0.7876239
0.7844804
0.8049548
0.7765494
0.7793735
0.7907271
0.7857848
0.7851771
0.8258687
0.8230019
0.8354655
0.8322736
0.8094464
0.8082294
0.8404838
0.8401636
0.8304342
0.8314349
0.7871014
0.7832125
0.8223386
0.8252395
0.822365
0.8089757
0.7765224
0.8055688
0.8325349
0.7894495
0.8870258
0.7576993
0.8140546
0.8151458
0.776063
0.8004904
0.7757825
0.7895968
0.765861
0.7608826
0.7553609
0.7628349
0.751653
0.7608306
0.7593167
0.7964676
0.8044279
0.7769156
0.763721
0.766057
0.8026736
0.7753454
0.7782905
0.7629572
0.8340402
0.7584871
0.7711048
0.7758034
0.773303
0.7765108
0.8097224
0.8101088
0.7684445
0.777044
0.7766916
0.7618481
0.7928828
0.7532783
0.7824888
0.8144799
0.8298841
0.8585359
0.8049269
0.8569404
0.7571386
0.7673723
0.8132974
0.8487715
0.7691087
0.8104095
0.7623595
0.8257279
0.809263
0.7632861
0.7731532
0.7619191
0.770692
0.7972869
0.8624881
0.8699642
0.7519687
0.7844481
0.853304
0.7738206
0.816447
0.803338
0.7576291
0.7696268
0.7793028
0.7860168
0.7720657
0.772906
0.7769063
0.778904
0.7911431
0.7565396
0.7761787
0.776867
0.7770457
0.7775694
0.8359313
0.8301492
0.8431698
0.8328931
0.8091178
0.8136607
0.8313266
0.8404365
0.8359594
0.8280435
0.7762496
0.7686809
0.8163091
0.8263405
0.8239066
0.8085063
0.7563117
0.7866701
0.8395672
0.8115899
0.8883511
0.7859377
0.8341366
0.8208038
0.8094843
0.8183215
0.7987026
0.8196818
0.7891209
0.7935705
0.7910125
0.7901203
0.7902102
0.7872199
0.7876737
0.8195539
0.8082345
0.7960891
0.8055385
0.7880134
0.8243179
0.7953479
0.7974083
0.7879549
0.8473854
0.7888607
0.7948484
0.7984524
0.800853
0.7889961
0.8285987
0.8274295
0.792384
0.8007858
0.7994245
0.7908283
0.8140741
0.7882018
0.7927266
0.8309627
0.8441847
0.8643877
0.8201349
0.8642376
0.7855965
0.7920046
0.8164794
0.8422111
0.7943036
0.8124344
0.7932014
0.8467611
0.8207437
0.792093
0.8029749
0.7925004
0.802504
0.8056476
0.8568801
0.8785458
0.7853572
0.8267136
0.8558286
0.7947442
0.821567
0.833863
0.7876901
0.7919561
0.8059992
0.801585
0.7974417
0.791746
0.8099048
0.8028684
0.8168191
0.7930136
0.7939149
0.8041167
0.7982
0.7993959
0.8381629
0.8329074
0.8392623
0.8447105
0.8169809
0.8205611
0.8433685
0.8509921
0.8388736
0.8361572
0.7950263
0.8002658
0.8378341
0.8317687
0.8300498
0.8092192
0.7902287
0.8266948
0.8539042
0.8391502
0.8897788
0.8275862
0.8467308
0.8290099
0.8351108
0.8391436
0.8220739
0.8464868
0.8283108
0.8280538
0.8267223
0.8236745
0.8249857
0.8193059
0.8270179
0.8417607
0.8388228
0.8330808
0.8292159
0.8259871
0.8467
0.8318548
0.8318498
0.8258691
0.8632129
0.8254529
0.8315584
0.8281894
0.8267134
0.820492
0.8444115
0.8453356
0.8309606
0.834705
0.8355289
0.8243599
0.8442112
0.8186867
0.8218816
0.8421538
0.8567467
0.8749071
0.8369873
0.8642279
0.8244748
0.8271343
0.8420982
0.8402707
0.8297808
0.8406125
0.828716
0.8694811
0.8415601
0.8260848
0.8344118
0.82936
0.8279873
0.8347963
0.8659853
0.8940383
0.823236
0.8475802
0.8719952
0.8296878
0.8408445
0.8613764
0.8222748
0.8273561
0.8313202
0.8351554
0.8288701
0.8288082
0.8346063
0.8335297
0.8431686
0.8264906
0.8354057
0.8328808
0.8314275
0.8302102
0.8522565
0.8489902
0.8554085
0.8551286
0.8458631
0.8464491
0.8585689
0.8654222
0.856952
0.8503976
0.8277767
0.8305468
0.848509
0.8498265
0.8498656
0.8356424
0.8166174
0.8491262
0.8310402
0.7901875
0.8917491
0.7599622
0.830504
0.8252101
0.7950815
0.8058705
0.7871045
0.8088937
0.7686712
0.7797524
0.7576007
0.7581522
0.7585939
0.7715833
0.7662666
0.8129214
0.7845367
0.7747828
0.7799129
0.7712027
0.8234178
0.7765048
0.7719704
0.7762222
0.8404662
0.7599859
0.7724989
0.7817242
0.7760889
0.7922037
0.8220693
0.8239123
0.7716666
0.7840774
0.7818141
0.7749355
0.81727
0.7599765
0.7863765
0.8156943
0.8306842
0.8620624
0.8030725
0.8654101
0.7593177
0.7682681
0.8034132
0.8555808
0.7753871
0.7986424
0.7698918
0.8432076
0.8208948
0.7521246
0.7668055
0.7609956
0.7718221
0.8042948
0.8691626
0.875569
0.7605027
0.8062673
0.8485716
0.7832435
0.8025436
0.8199141
0.7599599
0.7533308
0.7646039
0.7663796
0.772449
0.768922
0.786497
0.770186
0.8084564
0.7528508
0.7732179
0.7883965
0.7585905
0.7611363
0.8186634
0.8198764
0.8319842
0.8296212
0.8034258
0.8044001
0.8367568
0.8505164
0.8301215
0.8400587
0.7718355
0.7704461
0.8303687
0.8264144
0.8154704
0.8047855
0.761187
0.8060033
0.8283109
0.7878366
0.8906321
0.7399557
0.8207527
0.8156025
0.7811672
0.7955752
0.7791173
0.8045921
0.7602002
0.7707362
0.7466509
0.7548996
0.7463145
0.7568839
0.7532737
0.800592
0.781457
0.7646927
0.7617594
0.7664883
0.8049301
0.7687103
0.7623795
0.7611163
0.840273
0.7507974
0.761002
0.7699171
0.7687671
0.7735302
0.8077005
0.81011
0.7671804
0.771567
0.7708643
0.7646855
0.8024209
0.7412891
0.7768564
0.8075093
0.8277495
0.8557766
0.7982248
0.8584731
0.7563908
0.7597024
0.799309
0.8487251
0.7635905
0.8006857
0.7603641
0.8327133
0.8064483
0.7371843
0.7507675
0.7559489
0.7661763
0.7952815
0.8631179
0.8723701
0.7504743
0.7930795
0.8431714
0.7662883
0.7991455
0.8058241
0.7486812
0.7489077
0.7654268
0.7627664
0.769039
0.7639867
0.7776172
0.7527267
0.7932889
0.7389396
0.7740382
0.7723815
0.760866
0.7621789
0.8164285
0.8116249
0.8343961
0.8183865
0.7966673
0.7967555
0.82984
0.838782
0.8268546
0.8322368
0.7690286
0.7255369
0.8238487
0.8202448
0.8086108
0.7950894
0.7555779
0.7989352
0.8166763
0.8253243
0.8736662
0.808513
0.8213344
0.8281347
0.82248
0.8125843
0.8195022
0.8307357
0.8100335
0.8205431
0.8077448
0.8083635
0.8103898
0.8078714
0.8038761
0.8262763
0.8323761
0.8175707
0.8052177
0.8112714
0.8216626
0.820304
0.8209262
0.8124258
0.8515957
0.8103929
0.8128411
0.8175892
0.8107011
0.8111764
0.7927298
0.7930514
0.8153854
0.8199085
0.8188313
0.8111387
0.8287732
0.8059726
0.8081205
0.8156176
0.8405935
0.8556379
0.815633
0.8324729
0.8133117
0.8158592
0.8304174
0.8534876
0.8100316
0.8351071
0.8137656
0.8502188
0.7443984
0.8097975
0.8145428
0.8115753
0.8188088
0.8276506
0.871153
0.8862101
0.8020206
0.8180346
0.8752061
0.8196791
0.8300959
0.8333521
0.8063382
0.8141327
0.8239123
0.8223176
0.8103072
0.8220042
0.8170693
0.81063
0.820436
0.813296
0.8187208
0.8234478
0.8204144
0.8175942
0.8456114
0.8349515
0.8578038
0.8262617
0.8241363
0.834754
0.8368213
0.8593436
0.8552001
0.8170318
0.806976
0.8123242
0.8232066
0.8431572
0.8376714
0.830229
0.811735
0.8216324
0.8343331
0.73121
0.8866638
0.6971037
0.8125968
0.8136767
0.7834186
0.7957902
0.7934855
0.8033003
0.7098472
0.7184978
0.6908801
0.700937
0.6853933
0.6995223
0.7040224
0.7997835
0.8019142
0.7804613
0.7438348
0.7140527
0.8141404
0.7151496
0.7840481
0.7088378
0.8449309
0.6985481
0.7071477
0.7271559
0.7218288
0.7863567
0.8076562
0.8070424
0.7189991
0.7221575
0.7191018
0.714525
0.8055934
0.6798735
0.7836374
0.8172589
0.8296857
0.8583301
0.8015182
0.8597486
0.706706
0.7106157
0.8088461
0.8488702
0.7175596
0.8131365
0.6923915
0.83624
0.8159291
0.7634352
0.7750317
0.7135511
0.7192301
0.8030593
0.8666939
0.8779814
0.7029678
0.7920558
0.8571429
0.7216075
0.8130473
0.8192815
0.6857364
0.7797271
0.7899623
0.7885082
0.7125176
0.7052811
0.7867199
0.7744578
0.793961
0.7560071
0.7805285
0.786217
0.7876067
0.7872913
0.8276454
0.8286454
0.8385827
0.8264234
0.8077807
0.8118465
0.8329878
0.8500487
0.833811
0.830749
0.7096754
0.784068
0.8245708
0.8218108
0.8182091
0.8080467
0.6981096
0.7966134
0.8490558
0.8415765
0.8758231
0.8317025
0.8386591
0.8129382
0.8423178
0.8297362
0.8252052
0.8554724
0.8365461
0.8342967
0.8259739
0.8315805
0.8303933
0.8264906
0.8368723
0.8534962
0.8406302
0.8316913
0.8298299
0.8346504
0.8473379
0.835503
0.8357566
0.8310667
0.8591918
0.8329924
0.8337171
0.8288701
0.8255162
0.8212792
0.8379925
0.8378549
0.8288297
0.8329165
0.8333252
0.833514
0.8508856
0.8241322
0.8110349
0.837005
0.8480592
0.8612151
0.8370387
0.8534201
0.8306019
0.8256489
0.8453781
0.8185387
0.8291065
0.8415828
0.8283994
0.8773992
0.8405232
0.8318362
0.8364169
0.8362347
0.8343166
0.8285189
0.866326
0.8951754
0.8309852
0.8446781
0.8736683
0.8287333
0.8439076
0.8665079
0.8258661
0.832535
0.8337514
0.8371952
0.8255159
0.841331
0.8340309
0.8362272
0.84684
0.8301584
0.836219
0.8421053
0.8339251
0.8327815
0.8556688
0.845788
0.8557514
0.8450541
0.8418239
0.8449912
0.8535721
0.864821
0.8580869
0.841782
0.8334641
0.8310895
0.846129
0.8507598
0.8495057
0.8400902
0.8323212
0.8421081
0.8342057
0.8171792
0.8876793
0.7904013
0.8194961
0.8167212
0.8110046
0.8152524
0.7985415
0.8240532
0.799385
0.8031346
0.7941477
0.7917382
0.7912973
0.7960778
0.796309
0.8270604
0.8196771
0.8079413
0.7951835
0.7998078
0.8243682
0.8110936
0.8074422
0.8000448
0.8497942
0.790691
0.7981743
0.805591
0.7984479
0.7943378
0.8142903
0.8102497
0.8000111
0.8061394
0.8067748
0.7932392
0.8301482
0.7902397
0.7786132
0.8186282
0.8407097
0.8652771
0.8135973
0.847547
0.7985583
0.7958559
0.8238032
0.8428204
0.8019736
0.8214215
0.7949946
0.850889
0.8233973
0.797998
0.8014818
0.8000678
0.8044603
0.8099317
0.8675759
0.8848871
0.7866958
0.8074282
0.8707149
0.8021355
0.8244286
0.8292102
0.7853695
0.8072365
0.8161746
0.8074925
0.7968802
0.8019501
0.806352
0.8035811
0.817823
0.7935982
0.8116461
0.8157965
0.8046243
0.8050901
0.8422807
0.8374477
0.8514866
0.8303726
0.8228948
0.8302508
0.8375596
0.8584083
0.8530039
0.837694
0.8004449
0.8075212
0.8312041
0.8368281
0.8405396
0.8287177
0.7935244
0.8155103
0.8736365
0.8679503
0.8977747
0.8622253
0.8712488
0.8600959
0.872598
0.8646851
0.8590052
0.8843764
0.8629837
0.8608985
0.8576143
0.8592188
0.8599093
0.8600356
0.8625932
0.8753917
0.8659657
0.8625035
0.8630596
0.8604595
0.8747665
0.8644191
0.8610379
0.8583815
0.8807475
0.8617677
0.8608791
0.8617459
0.862894
0.8527171
0.8671634
0.8676083
0.8613692
0.8573413
0.8584702
0.8615495
0.8731155
0.8591358
0.8529048
0.8667876
0.8780782
0.8902991
0.8668969
0.8817159
0.8611259
0.8603162
0.8649477
0.8637278
0.8596935
0.8658378
0.8620103
0.8983158
0.8699416
0.8599032
0.8624713
0.8600223
0.8606278
0.8620154
0.8594691
0.9117743
0.8589487
0.8723696
0.8888751
0.8643772
0.8654163
0.8868879
0.8626184
0.8586802
0.8624243
0.86459
0.8600845
0.8622057
0.8589942
0.8639599
0.8721982
0.858008
0.8645046
0.8679567
0.8634753
0.8637022
0.8726312
0.868399
0.8719481
0.8728578
0.8691695
0.8699126
0.8793537
0.881859
0.8744897
0.875221
0.8645174
0.8629977
0.8791322
0.868027
0.8706212
0.8651996
0.860833
0.8798514
0.8663598
0.8637772
0.8829324
0.8549974
0.8643775
0.8446034
0.8664803
0.8565135
0.8555793
0.8790974
0.8532251
0.8586469
0.8510913
0.8568628
0.8531394
0.8518466
0.8603907
0.8706482
0.8667561
0.8638791
0.855289
0.8573874
0.8709649
0.8608903
0.8578367
0.8545007
0.8753371
0.8570339
0.854788
0.8557923
0.8547693
0.8454582
0.8594884
0.8598014
0.8519981
0.8564593
0.8564921
0.8560106
0.8717302
0.8529623
0.8496125
0.8619398
0.8765218
0.8815806
0.8591094
0.873253
0.8561066
0.8594021
0.8648282
0.8579747
0.8582858
0.8631314
0.8574293
0.8925726
0.8630065
0.8563513
0.8534499
0.859183
0.858928
0.8548278
0.8746154
0.9063686
0.8556652
0.8718768
0.882662
0.8556317
0.8644673
0.8831801
0.8542564
0.8513117
0.8527468
0.8535555
0.8528628
0.8582415
0.8567809
0.8601399
0.8710904
0.8589215
0.8622928
0.8591178
0.8605906
0.8609233
0.8713665
0.8645292
0.8730113
0.8702714
0.864582
0.8632349
0.876818
0.882164
0.8744737
0.862153
0.8562374
0.8571302
0.8708054
0.8657743
0.871196
0.8674241
0.8554286
0.8739168
0.8700393
0.8694206
0.8782765
0.8655922
0.8648099
0.8429132
0.8744882
0.859816
0.862221
0.8953529
0.8682013
0.8695859
0.8644467
0.8662322
0.8669886
0.8544535
0.8667795
0.8875006
0.8708306
0.8726787
0.8665766
0.8680702
0.8784438
0.8700962
0.8663734
0.8609183
0.8817065
0.8639193
0.8645088
0.8685979
0.8604739
0.8587256
0.8588903
0.857251
0.8663832
0.8623605
0.8619131
0.8659494
0.8772712
0.856165
0.8504258
0.8583737
0.8782706
0.876952
0.8607045
0.8637165
0.8638673
0.8712953
0.8611219
0.8492009
0.8682149
0.8650945
0.8652602
0.9034834
0.8677564
0.8636449
0.8638038
0.8675265
0.8684211
0.8612464
0.8693938
0.9210824
0.8595792
0.8784603
0.8876488
0.8622348
0.8610858
0.8983913
0.8619638
0.865327
0.8646802
0.8705162
0.8582114
0.8657641
0.8680156
0.8644906
0.8750855
0.8652522
0.8705762
0.8686178
0.8674753
0.8667207
0.868775
0.8564434
0.8706813
0.86644
0.8722007
0.8710777
0.8741633
0.8815184
0.8794792
0.8640545
0.8646777
0.8664497
0.8736564
0.8682053
0.8746469
0.8698129
0.8701336
0.8827148
0.8349135
0.7287848
0.8957124
0.6887147
0.8200331
0.8226243
0.783911
0.807836
0.7886256
0.7931714
0.691791
0.6838499
0.6929965
0.6904408
0.6811508
0.7007318
0.6827649
0.7981607
0.7975594
0.7800023
0.7384625
0.6906641
0.8129398
0.7023072
0.7757317
0.7009587
0.839584
0.6931723
0.7060327
0.6945968
0.7109201
0.7777285
0.8248526
0.8215471
0.7124814
0.7212913
0.7224037
0.6995776
0.8037549
0.6936498
0.7928603
0.8210863
0.8388386
0.8693037
0.8100656
0.8666862
0.6900275
0.6886169
0.8147087
0.8593948
0.7031328
0.8147594
0.6948586
0.8349982
0.8195581
0.765125
0.7689848
0.7028898
0.6835669
0.8055403
0.8676818
0.8719969
0.6860661
0.7875008
0.8516036
0.716589
0.8121624
0.8103385
0.6960318
0.7774976
0.7847662
0.7843344
0.7142155
0.6998473
0.7864995
0.7768719
0.7873472
0.7612063
0.7792185
0.7846224
0.7728011
0.7745082
0.8303413
0.83291
0.8384802
0.8348999
0.802328
0.8184476
0.8424313
0.8459878
0.8356218
0.839586
0.6945109
0.7707285
0.8272251
0.8248106
0.822347
0.810869
0.6937088
0.7996773
0.8232958
0.8161491
0.866541
0.7924705
0.8223903
0.8270409
0.8175287
0.6387613
0.8133456
0.8302646
0.8038959
0.8071616
0.7945347
0.7940789
0.7989594
0.8003449
0.7989253
0.8305269
0.8198997
0.8076223
0.7975127
0.8076923
0.8183989
0.8091599
0.80788
0.8018193
0.8533365
0.7989305
0.8065237
0.804457
0.8001386
0.8037544
0.8050703
0.8073312
0.8060384
0.8036496
0.8050264
0.8072766
0.8288479
0.7932961
0.8002849
0.7406886
0.8247733
0.8415962
0.6026961
0.84314
0.8064065
0.7983831
0.816202
0.8479009
0.8071527
0.8169994
0.8036803
0.8484996
0.8123198
0.7914172
0.7927152
0.8061291
0.8056684
0.8200774
0.8682451
0.8824288
0.7982692
0.8124107
0.8574888
0.8023422
0.816787
0.8360956
0.7900446
0.8059185
0.8091032
0.806775
0.7960021
0.8081778
0.8053407
0.794315
0.8185364
0.7927128
0.8083892
0.8110609
0.8029742
0.8042764
0.8260581
0.8253217
0.8406024
0.8
0.8146007
0.809883
0.8204241
0.8432507
0.8368498
0.8292405
0.8020638
0.8025063
0.8275417
0.8321691
0.8237962
0.8204593
0.796393
0.8178159
0.8457316
0.832735
0.8927054
0.8222381
0.8269601
0.8441441
0.8246456
0.8343832
0.8318952
0.8294114
0.8228926
0.8232011
0.8167726
0.8197921
0.8236404
0.8222114
0.8215603
0.8314719
0.8454315
0.8308839
0.8205114
0.8255023
0.8254812
0.8259514
0.8370294
0.8193902
0.8483486
0.8239668
0.8294545
0.8272922
0.8239662
0.8251316
0.8290845
0.8309896
0.8211487
0.8261312
0.8256275
0.8235802
0.8328586
0.8204875
0.8197811
0.841165
0.8552513
0.8713934
0.8330291
0.8656932
0.8197266
0.8221568
0.8519008
0.8672558
0.8246666
0.8516881
0.8268779
0.8488965
0.8338153
0.8295651
0.8315635
0.8281496
0.8232821
0.8408311
0.8759914
0.8818405
0.8159275
0.8189053
0.8782503
0.8280927
0.8498127
0.8352085
0.8150968
0.8312824
0.8334338
0.8342768
0.8242215
0.8287047
0.8247135
0.8317806
0.8228536
0.8289016
0.8348778
0.8361617
0.8352674
0.8331486
0.8590749
0.8525709
0.8683728
0.8536317
0.842541
0.8478556
0.8502746
0.8700467
0.8613457
0.8462494
0.8234504
0.8269221
0.8323063
0.8554579
0.8531231
0.8477911
0.8230439
0.8281157
0.8208461
0.8133117
0.8668577
0.7916139
0.8164771
0.8222867
0.811493
0.6765887
0.8023854
0.8275276
0.8055012
0.808984
0.7921051
0.7940822
0.796159
0.7973592
0.797338
0.8304433
0.8186992
0.8067899
0.7928897
0.8032131
0.8171487
0.8082251
0.8010927
0.8027043
0.8506745
0.7891011
0.8094683
0.8025206
0.7977624
0.7985943
0.8033876
0.802325
0.8007351
0.8002456
0.8010468
0.8070578
0.8290744
0.7838656
0.7932901
0.7176882
0.8206109
0.837218
0.6991992
0.8404611
0.800777
0.7979776
0.8189667
0.8498492
0.8071887
0.8151381
0.8030756
0.8511051
0.809152
0.7888018
0.7938666
0.8019047
0.8069811
0.8220899
0.8715145
0.8839424
0.7931848
0.8108831
0.8547526
0.8061762
0.8140836
0.8278301
0.7861906
0.7982129
0.8090135
0.806207
0.7919535
0.809173
0.8046325
0.7884422
0.8175735
0.7856304
0.8066136
0.808398
0.798699
0.799838
0.8205895
0.8138372
0.8360172
0.7932002
0.81064
0.804653
0.8158674
0.8435253
0.8348636
0.8216858
0.8036437
0.7978008
0.8272975
0.8267322
0.8208774
0.8177763
0.7959945
0.8176898
0.860669
0.8400783
0.893382
0.8312586
0.8650809
0.8533452
0.8474257
0.834038
0.8434159
0.8582681
0.8301311
0.8331915
0.8317889
0.8360349
0.8338194
0.8315073
0.8367894
0.853211
0.8345681
0.8314935
0.8346313
0.8355951
0.8527555
0.8408463
0.8258769
0.8351703
0.8724707
0.8333922
0.8374598
0.8383168
0.833251
0.8350869
0.8576603
0.85695
0.8370359
0.8340027
0.8359185
0.8321682
0.8572805
0.8317927
0.840282
0.851207
0.8507843
0.8784715
0.8453165
0.8685998
0.8362345
0.8368118
0.8402862
0.8729517
0.8350158
0.8382671
0.8373652
0.8737972
0.8476015
0.8127235
0.8291012
0.8345649
0.833914
0.8488666
0.8864386
0.8942599
0.834556
0.855752
0.85943
0.833973
0.8396032
0.8623584
0.8313576
0.8250956
0.830562
0.8322205
0.8384913
0.8347822
0.8371438
0.8263153
0.8530248
0.8236923
0.8322562
0.8434143
0.8252654
0.8239487
0.8464178
0.843407
0.8509252
0.855922
0.8379511
0.83558
0.8658806
0.8678782
0.8450381
0.853829
0.836864
0.8235156
0.8608371
0.8488768
0.8399099
0.8366725
0.8304585
0.8603745
0.8288434
0.8235384
0.8593168
0.8037023
0.8303803
0.8241784
0.8234005
0.6858878
0.8219151
0.8397031
0.8145597
0.8197199
0.8033744
0.8064344
0.8063908
0.8070479
0.8111141
0.8382306
0.8278089
0.8172761
0.8060545
0.8152843
0.8294007
0.819541
0.8119508
0.8109099
0.8563513
0.8051167
0.8128048
0.8142761
0.8081374
0.8100187
0.8153623
0.8140874
0.8157623
0.813168
0.8137688
0.8173972
0.8337123
0.7975293
0.8029986
0.7367665
0.8295211
0.844245
0.7081124
0.8430567
0.8118895
0.8063473
0.8196454
0.8513076
0.8138403
0.8222764
0.8078988
0.8597238
0.8161082
0.8040405
0.8025091
0.8191723
0.8181017
0.8258118
0.8749688
0.8894915
0.8006534
0.814382
0.8599253
0.8139116
0.8262165
0.8424887
0.7986394
0.8060156
0.8182174
0.8162058
0.8030547
0.8128784
0.8161276
0.8033832
0.8282192
0.7987131
0.8160392
0.8197468
0.8064548
0.8039294
0.8260101
0.816631
0.8423977
0.7999711
0.8177495
0.8091023
0.8214654
0.8481541
0.8386938
0.8276039
0.810718
0.8089343
0.831675
0.8344521
0.8292192
0.8241825
0.8118585
0.8317356
0.8164083
0.8133986
0.8644358
0.789497
0.8195601
0.8234816
0.8192811
0.6253304
0.8097929
0.8305094
0.8029265
0.8051913
0.7880806
0.7949212
0.7973522
0.7971588
0.7980616
0.8291032
0.8186354
0.8048423
0.7978343
0.8059069
0.8198432
0.8112613
0.7960543
0.8029894
0.8531207
0.7941726
0.8038639
0.8060093
0.7969864
0.8038878
0.8018663
0.8030488
0.8020337
0.7994842
0.8004193
0.803125
0.8329452
0.7932721
0.7936345
0.7362597
0.8258623
0.8402553
0.6382509
0.8401346
0.8020929
0.7981769
0.8162524
0.8457601
0.8068594
0.8188723
0.7999562
0.8516671
0.8077809
0.7896502
0.7922416
0.8070565
0.8118727
0.8185948
0.8665469
0.8833148
0.7934879
0.8068953
0.859401
0.7960765
0.8165556
0.8359671
0.7924112
0.8061818
0.8086532
0.8041242
0.7915928
0.8093023
0.803351
0.7907051
0.8199042
0.7920427
0.8104181
0.8168335
0.7994995
0.7973373
0.8225599
0.8123689
0.8369636
0.7990548
0.8106483
0.809856
0.8185299
0.8438061
0.834727
0.8241769
0.8010418
0.8014295
0.827806
0.8271507
0.8262355
0.8182729
0.7967121
0.8180221
0.8283947
0.8198495
0.8633452
0.8012419
0.8239532
0.8260134
0.8315244
0.7009251
0.8213821
0.8366111
0.8110784
0.8161022
0.8001607
0.8040744
0.805821
0.8065608
0.8119882
0.8461457
0.8263304
0.8179042
0.8095799
0.8117097
0.8272926
0.8213964
0.8088094
0.8161348
0.8541162
0.8047369
0.8144109
0.8174371
0.8053533
0.8075719
0.8153753
0.8125551
0.8151619
0.8117382
0.8121564
0.8133866
0.8367502
0.8007091
0.8001005
0.7374748
0.8305562
0.8439027
0.7133533
0.8404696
0.8121299
0.8074608
0.8245967
0.8516409
0.8124184
0.8296814
0.8150907
0.85618
0.8125215
0.8005606
0.8008813
0.8200221
0.8173931
0.8284968
0.8743716
0.8858519
0.8068048
0.8176453
0.8596965
0.8160004
0.822711
0.8395465
0.8000862
0.8063253
0.8166773
0.8094905
0.8062917
0.8188245
0.813963
0.8001453
0.8231388
0.7994883
0.8148396
0.8219853
0.8066467
0.805834
0.8281177
0.8174084
0.8417845
0.8018576
0.8191901
0.8135552
0.8212854
0.8452861
0.8379592
0.8326313
0.810512
0.8074363
0.8341865
0.8355902
0.8302849
0.8224885
0.8098712
0.8288807
0.8254353
0.7957966
0.8844013
0.7654588
0.8200227
0.8147682
0.7983231
0.803249
0.7943901
0.8097817
0.7710243
0.7791704
0.7697494
0.7665873
0.7621379
0.7719503
0.7647862
0.8144874
0.7657454
0.7739778
0.7781524
0.7793346
0.8142358
0.7787005
0.7120219
0.773099
0.846577
0.7652455
0.7798397
0.7758326
0.7757656
0.785478
0.8148396
0.8137639
0.7734487
0.7842955
0.7839763
0.7792516
0.8174867
0.7582774
0.7897789
0.8130138
0.8385501
0.8554537
0.8058645
0.8519208
0.7709266
0.7732565
0.7745834
0.846617
0.7802577
0.7733842
0.7705298
0.8420416
0.8176917
0.7530612
0.7579849
0.7767468
0.7772006
0.8016576
0.8638635
0.8797394
0.7644952
0.7968912
0.850025
0.7791103
0.7752445
0.8198536
0.7643887
0.7758847
0.787132
0.7461084
0.7791414
0.7754406
0.7819355
0.7666339
0.8025635
0.7541129
0.7740568
0.7757903
0.7027687
0.7058499
0.8267093
0.8156383
0.8364865
0.8262236
0.8113949
0.8057098
0.8339166
0.844279
0.8325819
0.8351601
0.777533
0.7826377
0.8271215
0.8200368
0.8210894
0.8095698
0.7688071
0.80801
0.8283993
0.7065891
0.8973995
0.6357177
0.8131009
0.817549
0.7753854
0.7957424
0.7752228
0.7818075
0.6615539
0.6749641
0.6403911
0.650145
0.6423909
0.6622787
0.3635768
0.7947835
0.7952335
0.7613569
0.7116276
0.6415222
0.7955149
0.6772532
0.7601143
0.6639274
0.842549
0.6406176
0.6476373
0.6877529
0.689407
0.7650763
0.8027042
0.8036686
0.6852018
0.6851531
0.6853673
0.6719301
0.7965451
0.6524946
0.7811197
0.8065157
0.8313756
0.8608813
0.7961086
0.8635441
0.6370495
0.6664417
0.8047177
0.8499677
0.678118
0.8031094
0.6544893
0.8203077
0.8028469
0.739645
0.7511802
0.6431217
0.6814068
0.795438
0.8651375
0.8687046
0.6203614
0.7734859
0.856171
0.6941162
0.8008619
0.7906091
0.6414429
0.7637136
0.7688962
0.771891
0.6777024
0.6671075
0.7706816
0.7551714
0.7814796
0.7415737
0.7611878
0.7658534
0.7636644
0.7656587
0.8209017
0.8224416
0.8412706
0.828812
0.7936534
0.8064155
0.8292485
0.8344026
0.8360002
0.8392538
0.6659497
0.7642423
0.8224431
0.8173838
0.8200112
0.7975029
0.6555256
0.7805576
0.8342364
0.7330995
0.8915085
0.6974336
0.8177196
0.8186712
0.7859713
0.8089552
0.7913214
0.7973529
0.7093179
0.7137674
0.6875722
0.6923275
0.6926288
0.6991983
0.6773793
0.7970462
0.8030223
0.7798486
0.7412071
0.6939611
0.8062876
0.7195891
0.7859959
0.7066909
0.8407347
0.6929498
0.6801576
0.7197948
0.7209003
0.7836496
0.8135537
0.8109504
0.7137735
0.7249171
0.7255577
0.7012399
0.8016798
0.6904043
0.7891743
0.8167201
0.8375095
0.8635917
0.8091583
0.859296
0.5898405
0.7183324
0.8128008
0.8541137
0.7109554
0.8087146
0.7058599
0.8319032
0.8178966
0.766414
0.7745314
0.6639859
0.7106067
0.7971566
0.8655256
0.8763217
0.6844802
0.7923656
0.8570195
0.7202908
0.813723
0.8159892
0.6888229
0.7793312
0.790941
0.7890228
0.7159683
0.7165285
0.7839775
0.7830487
0.7902852
0.7555595
0.7826564
0.7865981
0.7841539
0.7849213
0.831962
0.8316798
0.8442107
0.8285846
0.810945
0.8169993
0.8354895
0.8521968
0.8393732
0.8404862
0.7063408
0.7786201
0.8251217
0.8211394
0.8231436
0.8099903
0.6922182
0.8025097
0.8299679
0.6371067
0.8887793
0.6619226
0.8134543
0.8180516
0.778247
0.7948677
0.7819921
0.7998992
0.6961376
0.700775
0.6436888
0.644289
0.6378177
0.6291382
0.6738293
0.7971635
0.7954654
0.7666782
0.7353965
0.6949066
0.8084053
0.7025857
0.7688451
0.6799974
0.8388878
0.5899703
0.6822294
0.707566
0.6909933
0.7725153
0.8060056
0.8028939
0.6767933
0.7028593
0.7023587
0.6888227
0.7993834
0.6633741
0.7807733
0.8098476
0.8284566
0.8566358
0.7962637
0.8594653
0.6785714
0.6868957
0.8065212
0.8509359
0.6929973
0.8012274
0.6794348
0.8256377
0.8081489
0.7548864
0.7635792
0.695403
0.6984496
0.7964032
0.8677757
0.8731093
0.6754574
0.7841045
0.8520263
0.6945549
0.8027404
0.806656
0.6425716
0.7717477
0.7766293
0.7740135
0.6906232
0.6832637
0.7742419
0.7678685
0.7931369
0.7509324
0.7724978
0.776951
0.7700828
0.7715272
0.8230847
0.8245278
0.8363771
0.8251156
0.7983561
0.8078559
0.8353072
0.8438358
0.8362692
0.8342016
0.7019777
0.7680447
0.8184696
0.8162795
0.8115416
0.801103
0.6753493
0.7961303
0.8354234
0.7258348
0.8918792
0.6957582
0.8147985
0.8225946
0.7824842
0.803661
0.7893354
0.7975274
0.7020231
0.7009946
0.6976006
0.6917544
0.6900886
0.702372
0.6865951
0.7989523
0.8046026
0.7772751
0.7362869
0.707237
0.8141138
0.7104364
0.7851003
0.7060885
0.8416815
0.6912876
0.7054586
0.6299348
0.7136623
0.7745527
0.8113
0.8074851
0.7120474
0.7131654
0.712049
0.6930262
0.8026398
0.6954386
0.7866166
0.8143172
0.8374628
0.8587165
0.8040276
0.8621918
0.7000884
0.6982658
0.8111327
0.8513329
0.7069906
0.8125
0.7114692
0.8333235
0.8022981
0.7638873
0.7708767
0.7119347
0.6942487
0.7996163
0.8715518
0.874337
0.6904471
0.7901015
0.856972
0.7233965
0.8140547
0.8124656
0.6903661
0.777027
0.7874076
0.7851893
0.7080027
0.7088631
0.7873019
0.7786404
0.7904068
0.7651909
0.7804147
0.7862454
0.7832098
0.7853173
0.8285729
0.826908
0.8422732
0.8320322
0.8022462
0.8131857
0.8391431
0.8435051
0.8422906
0.8353363
0.6527337
0.7761563
0.8243611
0.8247156
0.8177715
0.8110027
0.699603
0.7998972
0.8349059
0.7258533
0.8918186
0.6954878
0.8145717
0.8221973
0.7824976
0.8037732
0.7896088
0.7978214
0.7021602
0.7008047
0.6960909
0.691992
0.6897359
0.7023437
0.6867579
0.7987974
0.8049642
0.7776444
0.7355075
0.7065498
0.8137603
0.7100708
0.7851091
0.7063785
0.8417383
0.6912743
0.7043818
0.6297393
0.7136983
0.7741686
0.8109475
0.8071259
0.7119271
0.7126465
0.7116098
0.6931754
0.8028969
0.6946711
0.7864227
0.8138535
0.837466
0.8585253
0.8037586
0.8623867
0.698093
0.6983265
0.8115336
0.851823
0.7059953
0.8127185
0.7106958
0.8333333
0.8020917
0.7637823
0.7707635
0.710599
0.6929996
0.7994087
0.8715671
0.8743498
0.6895089
0.7893073
0.8571156
0.7234185
0.8136633
0.8127977
0.6909417
0.7765008
0.7876783
0.785533
0.7072526
0.7086634
0.7868936
0.7787987
0.7896748
0.7646509
0.7803601
0.7849541
0.7831538
0.7852589
0.8280557
0.8272678
0.8418162
0.8317447
0.802735
0.8143341
0.8379779
0.8435574
0.8423436
0.8354009
0.6528621
0.7760425
0.8245072
0.8250843
0.8173848
0.8104935
0.6989123
0.7999615
0.8603022
0.8099061
0.9250153
0.7863811
0.8333747
0.8677617
0.7873085
0.8449676
0.8173394
0.7487617
0.7883312
0.7928883
0.7930313
0.7854207
0.787073
0.7970251
0.7882506
0.8109538
0.8433651
0.8154012
0.7940116
0.7994483
0.8212782
0.8013241
0.827961
0.7966102
0.8663017
0.7879924
0.7981512
0.8041128
0.8105893
0.8112413
0.8433669
0.8449554
0.8039486
0.8141172
0.8151047
0.8097121
0.8239279
0.795413
0.818043
0.8534314
0.8663072
0.8916078
0.8431748
0.89839
0.8007752
0.7898746
0.8599159
0.8911485
0.8135704
0.8571269
0.7945252
0.7999718
0.8346373
0.8045925
0.8113943
0.7888527
0.7985535
0.8471624
0.9019897
0.8615828
0.7864483
0.7949544
0.8893593
0.8043988
0.8573258
0.7549369
0.7932137
0.8159011
0.8347473
0.8245806
0.8097245
0.8027206
0.8156858
0.816411
0.7924238
0.7986992
0.8158752
0.8191755
0.8234365
0.8251089
0.8698352
0.8747297
0.8825287
0.8650785
0.8398114
0.8547467
0.8587477
0.8758244
0.8734898
0.8734484
0.8108073
0.8147679
0.8371214
0.865976
0.8589184
0.8515529
0.7944168
0.7879383
0.8509654
0.835781
0.8640937
0.8233143
0.8445269
0.83931
0.8455894
0.8229963
0.8362613
0.8610554
0.8286871
0.8327368
0.8234423
0.8262831
0.8325166
0.8220778
0.8282973
0.8564593
0.8409782
0.8370201
0.8286928
0.8335023
0.8518624
0.8348423
0.8308475
0.8337942
0.8654295
0.8272091
0.8296434
0.8343586
0.8265526
0.8270183
0.8371891
0.8374883
0.8293976
0.827233
0.8255223
0.8263352
0.8494776
0.8228179
0.8194558
0.8328608
0.8517836
0.8651021
0.8267234
0.8607411
0.832744
0.8256291
0.8336802
0.8543655
0.8327759
0.8373097
0.8311224
0.8766576
0.8370186
0.8216731
0.8237011
0.8342953
0.8303594
0.8436405
0.8744017
0.8977556
0.8289137
0.8446043
0.8636207
0.8339361
0.8401806
0.8659911
0.8259109
0.8281025
0.8330495
0.8270299
0.8188893
0.8330969
0.83468
0.8259946
0.8450929
0.8259811
0.8385626
0.8369576
0.8329446
0.8330565
0.845581
0.835655
0.8502356
0.8429489
0.8315658
0.8270044
0.850653
0.8595994
0.8545015
0.8481383
0.8271444
0.8222401
0.856411
0.8458894
0.8428964
0.8351321
0.8300359
0.8495225
0.8252451
0.7974375
0.8868606
0.7551178
0.8257777
0.8233431
0.8047156
0.7999688
0.7930773
0.8126204
0.7699789
0.7785682
0.7562996
0.7621122
0.7524176
0.7641914
0.7707589
0.820664
0.7784243
0.7668945
0.7766527
0.7719247
0.8196808
0.7790671
0.7414563
0.768387
0.8492989
0.7610177
0.7750242
0.7846982
0.7786579
0.7853791
0.8158609
0.8147136
0.7787104
0.7787626
0.7787701
0.7666686
0.8255858
0.7520695
0.8015978
0.8082838
0.8286534
0.8560472
0.7986758
0.861838
0.7703884
0.7735136
0.793086
0.8543749
0.7744875
0.7864743
0.7670182
0.8439188
0.8135786
0.6690385
0.6240894
0.7712229
0.7832092
0.8090914
0.8771669
0.8761255
0.7624853
0.7923917
0.8459622
0.7771383
0.7933863
0.8141211
0.7557933
0.7704677
0.7843702
0.7593577
0.776755
0.7789443
0.7813767
0.6010863
0.8079017
0.6723181
0.7746716
0.7758421
0.7425495
0.7428508
0.8209346
0.8154453
0.8331007
0.8286823
0.8008581
0.7906664
0.8356687
0.849087
0.8328283
0.830729
0.7815975
0.7685419
0.8324672
0.8219736
0.8150032
0.8027514
0.7631719
0.8108474
0.8611631
0.8227065
0.9283101
0.7971245
0.8431621
0.8677867
0.7986408
0.8443845
0.8262987
0.7854931
0.7992131
0.8049493
0.798314
0.7953737
0.7967956
0.8044315
0.7935546
0.8111247
0.8431319
0.8110462
0.8077262
0.8142369
0.8248463
0.8085908
0.8316374
0.8131123
0.864237
0.8032353
0.8111845
0.8124808
0.8240328
0.820114
0.8455689
0.8493488
0.8182039
0.8226344
0.8246985
0.8093681
0.8307821
0.8007687
0.8270732
0.8555988
0.8655824
0.8914437
0.8431415
0.8986266
0.80444
0.8060397
0.8610981
0.8897314
0.8150856
0.8559501
0.8026125
0.8165911
0.8368597
0.800811
0.8171248
0.7995221
0.8116895
0.8471495
0.9026343
0.8645198
0.7992266
0.8085929
0.8842508
0.811856
0.8612929
0.7733252
0.8032167
0.8173316
0.8330519
0.8250686
0.8191464
0.8098355
0.8249423
0.8166567
0.8018905
0.8013874
0.8209597
0.8227004
0.8258042
0.8270967
0.8699191
0.8715615
0.8792014
0.8668742
0.8406629
0.8546696
0.8629189
0.877907
0.8699329
0.8733281
0.8122896
0.8153672
0.8420846
0.8642467
0.8566711
0.8513556
0.7966749
0.7983854
0.8334855
0.7954769
0.8823743
0.7732012
0.8299348
0.8204877
0.8068007
0.8066228
0.8022228
0.8153491
0.7787266
0.7838127
0.7699617
0.7771985
0.770509
0.7758806
0.7754198
0.8241147
0.7687015
0.7774126
0.7824251
0.7820091
0.8218466
0.7913767
0.7269142
0.7788369
0.8509937
0.7791089
0.7855274
0.7849685
0.7805801
0.7936798
0.8176058
0.8191284
0.7883442
0.7844962
0.7857979
0.7787416
0.8208643
0.7788736
0.7963419
0.8155223
0.8357094
0.858303
0.8094877
0.8526062
0.7811634
0.7754616
0.7816884
0.8512683
0.7803161
0.7768166
0.7771608
0.8435732
0.8199331
0.7608283
0.7640549
0.7814592
0.7794696
0.8159134
0.8730524
0.8790441
0.7780579
0.800211
0.8499746
0.7875613
0.7804102
0.8259042
0.768916
0.7828979
0.7842457
0.7429354
0.7832346
0.7837287
0.7904322
0.7676728
0.8050329
0.7624117
0.7695727
0.7858645
0.7440411
0.7463823
0.8263127
0.8247763
0.8422417
0.8297862
0.8153348
0.8105638
0.8393599
0.851691
0.8340416
0.8340609
0.7849696
0.7837513
0.8287431
0.8290155
0.8211679
0.8095729
0.7788936
0.8126624
0.8464339
0.8330798
0.8751923
0.8339133
0.8317608
0.8411762
0.8342179
0.8278831
0.8418103
0.8451979
0.8356111
0.8409915
0.8299202
0.8310879
0.8356451
0.8283892
0.8336234
0.8487414
0.8522806
0.8446129
0.8252257
0.8342055
0.8377016
0.8350291
0.8433931
0.8337473
0.8566285
0.8297276
0.8339995
0.8300006
0.8343782
0.8333247
0.8317356
0.8279042
0.8313609
0.8304768
0.8313822
0.8340313
0.8377487
0.8284753
0.82037
0.8313724
0.8525719
0.8635861
0.8297407
0.8534408
0.8350498
0.8321599
0.8523717
0.8602529
0.8357549
0.8556204
0.8357725
0.8587548
0.8348267
0.8377205
0.840359
0.8406174
0.8360782
0.8433037
0.8744637
0.8900703
0.8327817
0.8251827
0.8796134
0.8333333
0.8583994
0.8544574
0.8267943
0.8352267
0.8414928
0.8406119
0.8274675
0.8385417
0.8317742
0.841453
0.8325597
0.8364627
0.8442461
0.846174
0.8401777
0.8424218
0.8618152
0.8537982
0.8675993
0.846055
0.8408706
0.8530198
0.8508466
0.8742924
0.8646791
0.8437976
0.8312823
0.8388183
0.836911
0.8547613
0.8594418
0.8494957
0.8370868
0.8336381
0.8465672
0.8279735
0.8886967
0.8115597
0.8437245
0.8404102
0.8296806
0.8158727
0.8313074
0.8470763
0.815612
0.8222211
0.8133094
0.8130668
0.811303
0.8109719
0.8105465
0.8446681
0.8252657
0.8157609
0.8198217
0.8191462
0.8500567
0.8254356
0.8189643
0.8162085
0.8644757
0.8148319
0.8168688
0.8226908
0.824356
0.8221905
0.8364255
0.8380168
0.8224379
0.8206634
0.8214268
0.8157175
0.8364903
0.8165387
0.8267117
0.8319304
0.8465646
0.8736613
0.8214853
0.8714695
0.8195157
0.8144775
0.8344499
0.8621019
0.8254206
0.830295
0.8189642
0.8639138
0.8335591
0.8052305
0.8127079
0.8194232
0.8163482
0.8405626
0.8722068
0.8916269
0.8127998
0.8410056
0.8560538
0.8194417
0.8300955
0.8526217
0.8114141
0.8116201
0.8179133
0.8194098
0.8170732
0.8119649
0.825797
0.8103628
0.833187
0.8048253
0.8181863
0.8253529
0.8192437
0.8199036
0.8322126
0.8189556
0.8353369
0.8450762
0.8186706
0.8031875
0.8513419
0.8480929
0.8360692
0.8513839
0.8155134
0.8200076
0.8504073
0.8238921
0.7827055
0.7995835
0.8129909
0.8417169
0.8317819
0.7199875
0.8926373
0.647872
0.8183251
0.8195559
0.7745603
0.7992888
0.7767965
0.7865579
0.6846286
0.6953878
0.6600281
0.6684506
0.6568909
0.6752966
0.662377
0.7995193
0.7955471
0.7640862
0.7275053
0.6813541
0.8013563
0.6999935
0.7622279
0.6736234
0.8431281
0.6553722
0.6886744
0.7127835
0.7060014
0.7700914
0.8107454
0.8073086
0.6990248
0.7048763
0.7036258
0.6847099
0.7992765
0.6599826
0.7795101
0.8100258
0.8367778
0.863625
0.7985866
0.8670073
0.6687839
0.6913753
0.8080021
0.8537555
0.6949901
0.8069898
0.6719771
0.8211612
0.8050996
0.7460135
0.7597852
0.6743848
0.6957948
0.7991372
0.8688313
0.8717385
0.6755677
0.7820967
0.8548734
0.693413
0.8085542
0.7988462
0.6622574
0.7680768
0.7801035
0.7774747
0.6986883
0.6828547
0.7776799
0.7656603
0.7870059
0.7394835
0.7646778
0.7718613
0.7651815
0.763295
0.8235142
0.8279575
0.8369882
0.8303078
0.7927198
0.8071624
0.8361331
0.8384361
0.8344479
0.834365
0.6962593
0.7708802
0.8201215
0.8200641
0.8192734
0.7972474
0.6676293
0.7963257
0.8421135
0.7988578
0.9024733
0.7795151
0.8084957
0.8332805
0.7627916
0.814521
0.789146
0.7769784
0.7786289
0.7884485
0.7731368
0.7750808
0.7749872
0.7811161
0.7767625
0.7926806
0.8248477
0.785381
0.7840916
0.781107
0.8028545
0.7918306
0.808821
0.7879499
0.8403379
0.7817371
0.7841091
0.7850594
0.7931788
0.7899541
0.816041
0.8148016
0.7912121
0.8000121
0.7993197
0.7867103
0.782741
0.7743953
0.7926583
0.8288494
0.8488433
0.8697603
0.8167125
0.8700771
0.7835937
0.7800307
0.8341031
0.8655263
0.7916108
0.8355541
0.7883134
0.8154365
0.8125768
0.7905932
0.797167
0.7811874
0.784119
0.8151451
0.879637
0.8687635
0.7772713
0.7777072
0.8742241
0.7882795
0.8371959
0.7808746
0.776126
0.7984215
0.8113101
0.8050451
0.789863
0.7895915
0.798884
0.7937276
0.7581897
0.7808286
0.7963882
0.8026277
0.8040402
0.8050236
0.8465061
0.8443437
0.8586109
0.8443798
0.8146737
0.8329115
0.8374861
0.8573671
0.8473359
0.8473095
0.7905583
0.7946145
0.8156737
0.8373002
0.8399918
0.8285473
0.7764863
0.7764135
0.8254706
0.825267
0.8618868
0.8111496
0.8303875
0.8294357
0.8315935
0.6975477
0.8222477
0.843573
0.8147656
0.8201232
0.8044993
0.8052747
0.8086989
0.8081074
0.8147872
0.843905
0.8273611
0.8209499
0.8086548
0.8149282
0.8310256
0.8193872
0.8139301
0.8142775
0.8599723
0.8103082
0.8138652
0.8211732
0.8096823
0.8124846
0.8181134
0.814958
0.8144919
0.813427
0.8127313
0.8167441
0.8354424
0.8025648
0.8053658
0.7285485
0.8353599
0.842911
0.7151537
0.8411905
0.8124605
0.806917
0.8234745
0.8527188
0.8163763
0.8241954
0.8161644
0.8606108
0.819239
0.8003104
0.8033505
0.8193284
0.8184987
0.8291462
0.8752347
0.8861246
0.809008
0.8190853
0.8647201
0.8155155
0.8259915
0.8456637
0.8079569
0.8111205
0.8148749
0.8135282
0.8106582
0.8188173
0.8108177
0.8040419
0.827089
0.8040943
0.8226882
0.8275484
0.8120662
0.8130093
0.8269338
0.8181611
0.8427536
0.8005213
0.8206434
0.8169791
0.8213863
0.8472254
0.8428138
0.834265
0.8094168
0.8128944
0.837065
0.8359002
0.8338204
0.8276663
0.8122466
0.8337947
0.8311291
0.7296922
0.8919488
0.6731007
0.819146
0.8205912
0.7889925
0.8078517
0.7875874
0.7912867
0.6920606
0.696941
0.6723113
0.6758424
0.665496
0.6865246
0.6605438
0.8012605
0.8025141
0.7770212
0.7361309
0.6659947
0.8113053
0.7064639
0.7818356
0.6816532
0.8419928
0.6807921
0.2925632
0.7100533
0.6936409
0.7760707
0.8104377
0.8084215
0.6931541
0.7152534
0.7157298
0.6912637
0.7977175
0.6659934
0.7858285
0.8147372
0.8375422
0.8621247
0.8062351
0.8649543
0.6558852
0.6907826
0.8137864
0.856359
0.7034945
0.8130976
0.6835827
0.8280785
0.8100821
0.7622015
0.7651326
0.6734298
0.7031026
0.8055677
0.8628182
0.8721664
0.6591447
0.7879607
0.8553312
0.7070968
0.8134336
0.8114338
0.667863
0.77753
0.7862265
0.7827867
0.7024559
0.6893669
0.7786251
0.7778225
0.7893171
0.7582682
0.7780468
0.7764859
0.7769449
0.7799006
0.8273025
0.8308816
0.8409247
0.8334267
0.8063741
0.812118
0.835039
0.8485897
0.8366428
0.8421924
0.6979388
0.7739651
0.8281449
0.820712
0.8152016
0.8055057
0.6833959
0.7947941
0.8727234
0.8556923
0.8747976
0.8573765
0.8672703
0.8574995
0.8711902
0.8534357
0.8708371
0.8818968
0.8586247
0.8599716
0.8546011
0.8568272
0.8594749
0.8502551
0.8565307
0.873289
0.8256856
0.8499025
0.8570056
0.856207
0.8721082
0.8652151
0.8220969
0.856411
0.8763475
0.8569991
0.8543653
0.8552115
0.8531073
0.8545878
0.8560267
0.8540105
0.852483
0.852855
0.8536977
0.8538531
0.8716057
0.8560958
0.851989
0.8587343
0.8695652
0.8848794
0.8563762
0.8675617
0.858243
0.8542163
0.7927899
0.8610841
0.8524327
0.7985308
0.8618729
0.896667
0.8682
0.8482485
0.843299
0.8597561
0.8632475
0.8608625
0.8805482
0.9112949
0.8572184
0.8699824
0.8748198
0.8568222
0.7955719
0.889078
0.8532711
0.8510976
0.8520779
0.8304492
0.8483763
0.8592462
0.8507372
0.8450698
0.8719386
0.8507749
0.8520368
0.8564823
0.819806
0.8171065
0.8603388
0.8443245
0.8582837
0.866793
0.8646311
0.8513442
0.875277
0.8797332
0.8669806
0.861703
0.851922
0.85241
0.8724817
0.8575525
0.863001
0.855447
0.8589626
0.8769934
0.8244725
0.8214597
0.8649593
0.8062497
0.8232637
0.825967
0.8250053
0.6990617
0.8182318
0.8448664
0.8133737
0.8136766
0.8049493
0.8045768
0.8088925
0.8081716
0.8135206
0.8447804
0.8282357
0.8168728
0.8048337
0.8159212
0.8243827
0.8190024
0.8118363
0.8134031
0.8530995
0.8095491
0.8144763
0.8141012
0.8071417
0.8071937
0.8114358
0.8083873
0.8154691
0.8101444
0.8104978
0.8125883
0.8355915
0.802125
0.8041191
0.7348536
0.8301075
0.8469565
0.7188772
0.8418498
0.8132688
0.8031731
0.8223083
0.8511798
0.8120613
0.8281959
0.8103036
0.8573086
0.8202613
0.8028568
0.8046497
0.8137131
0.8131231
0.829126
0.8725449
0.8843029
0.8065912
0.8112072
0.8589631
0.812145
0.8252078
0.8386064
0.8024083
0.8090442
0.8148694
0.8095758
0.8068919
0.815511
0.8154183
0.8021355
0.821073
0.7979393
0.8135663
0.8224257
0.8088191
0.808361
0.8299127
0.81783
0.8368275
0.8026088
0.8197907
0.8102485
0.8220122
0.8462544
0.8428858
0.8299939
0.8091061
0.8080565
0.8325152
0.8342878
0.8293107
0.8228963
0.8124334
0.8282782
0.840466
0.8330373
0.8703141
0.8260755
0.8284757
0.8369419
0.8268028
0.7711881
0.8268295
0.8450472
0.8222375
0.8317313
0.8161718
0.8187586
0.822259
0.8222049
0.8217665
0.8396951
0.8389379
0.8272567
0.8123571
0.8224098
0.836564
0.8299142
0.8184686
0.8263461
0.8544266
0.8229019
0.8222176
0.8220497
0.8200134
0.8201851
0.8202652
0.8185134
0.8235506
0.8193488
0.8201357
0.8200926
0.8391587
0.8129931
0.8135551
0.7836379
0.8428651
0.8525203
0.7781098
0.8519393
0.8170949
0.8180553
0.830312
0.851176
0.8247465
0.8317312
0.8273638
0.8613361
0.8260554
0.817343
0.8197388
0.822568
0.8253025
0.8376023
0.8693866
0.8910078
0.8186147
0.8280971
0.8669616
0.8214908
0.8332018
0.850207
0.8126062
0.8255351
0.8295642
0.8247878
0.8180275
0.8309412
0.8278122
0.8169352
0.8311799
0.8200777
0.8250406
0.8348856
0.8240373
0.8249267
0.8361679
0.8265726
0.8477212
0.8265364
0.8299037
0.8258347
0.829082
0.8635213
0.8525916
0.8409186
0.8216317
0.8215621
0.8363469
0.8352797
0.8440724
0.8293147
0.8226932
0.8328906
0.8375975
0.8372441
0.8607872
0.8220511
0.8289091
0.8368551
0.8356837
0.7751585
0.8282586
0.851209
0.8245641
0.8359201
0.8202439
0.8248731
0.8233751
0.8200339
0.821962
0.846887
0.8342673
0.8329141
0.8209087
0.8267133
0.8421484
0.8290179
0.8243296
0.8305274
0.8602048
0.8239917
0.824792
0.8244543
0.8262472
0.8248137
0.8198323
0.8183935
0.823416
0.8252664
0.8260406
0.8262044
0.8421392
0.8209458
0.8131042
0.7867407
0.841747
0.8499009
0.7838221
0.8464863
0.8241606
0.8265327
0.8333561
0.8483444
0.8282782
0.8351462
0.8235843
0.8711565
0.8290769
0.8241522
0.8258942
0.8267441
0.8289587
0.8385612
0.8690052
0.8927119
0.8139778
0.8318454
0.8654662
0.8250076
0.8365745
0.8561352
0.8146795
0.8273123
0.8313109
0.8332213
0.8150313
0.8311143
0.8267442
0.820749
0.8332546
0.8249072
0.8291625
0.8437984
0.8237314
0.8239294
0.842005
0.8280888
0.8499512
0.8190592
0.8317609
0.8271096
0.8274612
0.8590415
0.8467236
0.8342826
0.8186367
0.8227588
0.839979
0.8356864
0.8417215
0.8334929
0.8263554
0.8374398
0.8521166
0.8366934
0.8856128
0.8285837
0.8315634
0.8459151
0.8213066
0.8385871
0.8391591
0.8368726
0.8316688
0.840143
0.8289832
0.8280813
0.8299468
0.8250306
0.829943
0.8322859
0.848263
0.8396943
0.8227061
0.8374808
0.8372596
0.8405635
0.8419016
0.8335181
0.8588235
0.8249529
0.8294696
0.8327026
0.8273347
0.831969
0.8333164
0.8319546
0.8263158
0.826692
0.8274353
0.8277981
0.8278291
0.8309814
0.82438
0.8394471
0.8547549
0.8703848
0.840551
0.856198
0.8293085
0.8310448
0.8510777
0.8560686
0.8336735
0.8550521
0.8379948
0.8556008
0.8386197
0.8345768
0.8372987
0.8358375
0.831823
0.8470437
0.8801984
0.8873547
0.826806
0.8244384
0.8844629
0.8295342
0.8538938
0.8443064
0.8261759
0.841891
0.8436365
0.8437253
0.8259777
0.8369923
0.8376178
0.8354834
0.8111736
0.8323229
0.8403737
0.8438113
0.8416498
0.8405962
0.8561478
0.856107
0.8634009
0.8541264
0.8433131
0.8497022
0.8500492
0.8728386
0.8692557
0.8465778
0.8312842
0.8318811
0.8369118
0.8501421
0.8568619
0.8469116
0.8342097
0.8253477
0.876072
0.870473
0.9015523
0.8601526
0.8757453
0.866846
0.8668539
0.8570165
0.8642763
0.886529
0.8635712
0.8624309
0.8603046
0.8623805
0.8628152
0.8612594
0.8634058
0.8737593
0.8748652
0.8642739
0.8667841
0.8623347
0.8773366
0.8690759
0.8692335
0.8615755
0.8828102
0.8611257
0.8616517
0.8643185
0.861982
0.8646967
0.8713255
0.8737278
0.8641525
0.8638981
0.8645243
0.8601653
0.8712757
0.8603341
0.8650386
0.8664721
0.8838514
0.8952258
0.8628609
0.8869692
0.860336
0.8674235
0.8685661
0.8797639
0.8645351
0.8709086
0.8610367
0.900119
0.8774157
0.8678483
0.8672725
0.865412
0.8641361
0.8688817
0.8872837
0.914088
0.8635321
0.8778201
0.8854077
0.8606385
0.868411
0.8857017
0.8625597
0.8621743
0.8640906
0.8746623
0.8616094
0.8635587
0.8660149
0.8669607
0.8724103
0.8622097
0.8645742
0.864056
0.8652327
0.865299
0.8750475
0.865734
0.8713814
0.8718762
0.8657419
0.8646923
0.8823452
0.8642836
0.8724611
0.8794518
0.8622971
0.8626359
0.8827066
0.8690769
0.8720551
0.8597293
0.8621698
0.8831582
0.8324101
0.842685
0.8542875
0.8291954
0.8360072
0.8359407
0.8505033
0.7209254
0.8396336
0.8631791
0.8330426
0.8393694
0.8236864
0.8273874
0.8347993
0.8272797
0.831757
0.8578509
0.8384255
0.8383374
0.8284803
0.8347414
0.8460543
0.8370408
0.8264309
0.8378977
0.8635624
0.8295746
0.8364692
0.8246085
0.8282199
0.8326195
0.8212743
0.8188691
0.8301346
0.8306756
0.8302685
0.8309816
0.8512368
0.8236051
0.8175519
0.7589117
0.8361541
0.8488607
0.7458444
0.8389398
0.8343303
0.8317946
0.8324538
0.8435159
0.8318859
0.8356189
0.8346879
0.8748599
0.8305333
0.828965
0.8288868
0.8347065
0.835161
0.8415308
0.8723352
0.9016962
0.8247715
0.8380617
0.870911
0.8323613
0.8335918
0.8606412
0.8209465
0.8313942
0.8360827
0.8323279
0.8214861
0.8384693
0.8399295
0.8265919
0.8493094
0.8284519
0.8324833
0.8416904
0.8255221
0.8263329
0.8372969
0.8240852
0.8471397
0.8100569
0.8327936
0.8237828
0.8263531
0.8584028
0.8496929
0.8364625
0.8272241
0.8262645
0.8476662
0.8374955
0.8428272
0.8334393
0.8336757
0.8501009
0.8323789
0.8294405
0.8641097
0.8206593
0.8193848
0.82823
0.8236169
0.7799603
0.8310204
0.84417
0.8215314
0.83018
0.8160764
0.8162205
0.8205481
0.8144191
0.8175321
0.8382253
0.8306801
0.8260154
0.8124835
0.8205422
0.8304819
0.8220587
0.8192371
0.8225931
0.8510216
0.8163351
0.8251952
0.8165001
0.8147407
0.8165571
0.8088537
0.8133851
0.8202006
0.81552
0.8160564
0.8183789
0.8344959
0.8121161
0.8042736
0.7933655
0.8337342
0.8480352
0.7899961
0.8420264
0.8204238
0.8167489
0.8311891
0.8464887
0.8233161
0.8337337
0.8232534
0.8644984
0.8226101
0.8111128
0.8195557
0.823209
0.8213221
0.8301593
0.8637675
0.8925129
0.8137699
0.8176846
0.8643728
0.8237412
0.8339466
0.8504046
0.8133544
0.8213412
0.8235323
0.8257679
0.8151385
0.8255086
0.8151834
0.8223105
0.8229122
0.8174942
0.8217872
0.8310754
0.8165133
0.8175435
0.8351225
0.8257766
0.8396073
0.8098742
0.8246439
0.8238934
0.8227688
0.8496878
0.8486475
0.8305925
0.8175509
0.8134328
0.8365925
0.8344684
0.8283063
0.8289092
0.8200042
0.8249972