0.8566472
0.8558269
0.8474337
0.8535052
0.8509416
0.8267794
0.8593802
0.8401658
0.8511396
0.8433661
0.838039
0.8442731
0.8484019
0.8375677
0.8438624
0.8924598
0.8334179
0.8235739
0.8338872
0.8453523
0.8661763
0.849798
0.8486635
0.8536098
0.8615857
0.8711455
0.9254902
0.8493764
0.8405885
0.8585441
0.8478142
0.8390096
0.8471949
0.8498076
0.8529222
0.8556315
0.8513979
0.851422
0.8496084
0.8495719
0.8511626
0.8509478
0.85415
0.8461851
0.8507674
0.8540889
0.8550652
0.8399133
0.8486015
0.852965
0.8499898
0.854445
0.8525425
0.8580818
0.8518935
0.8518388
0.8465869
0.8513241
0.8518279
0.8522289
0.8528751
0.8507279
0.8546455
0.8386346
0.8490052
0.8482453
0.8521705
0.8534869
0.8536943
0.8496855
0.8809334
0.8449477
0.8481226
0.8419132
0.8534433
0.8571787
0.919281
0.8676794
0.8463993
0.8431939
0.850763
0.8449309
0.8506253
0.8490529
0.85177
0.8415386
0.847294
0.8439798
0.8484403
0.8470547
0.8481215
0.8458698
0.8486765
0.8462516
0.8519828
0.8473286
0.8466486
0.8395832
0.8428956
0.8484234
0.754387
0.7539618
0.7684222
0.7937166
0.7730641
0.8172358
0.8016582
0.7559154
0.7748966
0.762061
0.8268224
0.7537576
0.7661299
0.8129362
0.7382325
0.8609777
0.8031985
0.8039537
0.8265535
0.7861116
0.8345149
0.7645723
0.7678633
0.7760673
0.813031
0.8341146
0.9043655
0.7718318
0.7624085
0.8437693
0.761549
0.7811074
0.7633858
0.7635301
0.7735828
0.7774409
0.7666433
0.7746053
0.7607532
0.765801
0.7699977
0.7769846
0.7644841
0.7610759
0.7690254
0.769186
0.7782909
0.7720403
0.7615704
0.7756191
0.7679846
0.7794921
0.7742141
0.7877429
0.7618737
0.7768984
0.7624861
0.7654916
0.7749132
0.7758522
0.7666667
0.7689857
0.7644001
0.7311462
0.7762794
0.7649962
0.78551
0.7825941
0.767778
0.7704088
0.8517926
0.7884696
0.7646824
0.8111746
0.8208047
0.7687891
0.8980604
0.8391256
0.8422694
0.8244267
0.7695785
0.7729605
0.7749242
0.771427
0.7709655
0.774891
0.7710352
0.7595269
0.8669205
0.784037
0.7854548
0.7542194
0.6953904
0.765791
0.7614394
0.7596529
0.8301371
0.7708846
0.7476846
0.7876812
0.7747378
0.7739217
0.7839087
0.8037274
0.7881725
0.8310025
0.7930157
0.7034805
0.7488517
0.7982099
0.83867
0.7054837
0.8028207
0.818781
0.788765
0.8633679
0.81578
0.8180307
0.8386458
0.7374029
0.8374435
0.6988454
0.7090156
0.7167191
0.8161152
0.8432512
0.9039753
0.7039145
0.7121259
0.8451012
0.7118985
0.7823682
0.7117937
0.6942275
0.6947566
0.6976686
0.6896067
0.7008016
0.6843019
0.6849648
0.6850695
0.6969773
0.6978937
0.6928558
0.6982443
0.6883407
0.6762389
0.6911829
0.6810284
0.6912872
0.6921996
0.6622882
0.7155317
0.7173821
0.6899065
0.6894241
0.6738584
0.6785828
0.7015694
0.6958873
0.6605777
0.7444713
0.7141049
0.7769986
0.7038433
0.7124488
0.6728831
0.6720261
0.7120918
0.6977792
0.8510109
0.7867027
0.7081724
0.8149468
0.826457
0.7001953
0.900982
0.8326924
0.8470002
0.8229188
0.715142
0.7115033
0.7081084
0.7137131
0.7138334
0.7206924
0.7812623
0.7874024
0.872287
0.7816383
0.7831822
0.7002139
0.7784656
0.6877834
0.7086995
0.6858706
0.837234
0.7151463
0.7716154
0.8066287
0.8401804
0.8404076
0.8301176
0.8390016
0.8364526
0.7602861
0.8463657
0.8316704
0.8386116
0.8355146
0.6283567
0.8316321
0.8397842
0.8268064
0.8322981
0.8820595
0.7652304
0.7504949
0.7963641
0.8334389
0.8510166
0.8357848
0.834513
0.8439424
0.8499246
0.8594376
0.9224671
0.8395562
0.8382346
0.8515574
0.8362086
0.8351808
0.8364139
0.8358164
0.8427872
0.8435543
0.8382798
0.8441437
0.8407897
0.8376879
0.8382752
0.8447319
0.8457711
0.8281107
0.8432806
0.8424169
0.8427841
0.8314146
0.837718
0.8384491
0.8378885
0.8439922
0.8434356
0.8457284
0.8393057
0.8417377
0.8339396
0.8381674
0.8430152
0.8412651
0.8382248
0.8315449
0.8417873
0.8258894
0.8422844
0.8356958
0.8428396
0.8444162
0.8408977
0.8435678
0.8748735
0.832098
0.834998
0.8322018
0.8363179
0.8465337
0.9207414
0.8525748
0.8442161
0.8323978
0.8363035
0.8400255
0.8381342
0.8416932
0.8401559
0.8366847
0.8302415
0.827899
0.8396291
0.8374461
0.8361255
0.8381172
0.8342724
0.840797
0.8370815
0.8364828
0.8439729
0.8292292
0.8279623
0.832411
0.8178076
0.8183201
0.8119202
0.8250102
0.8203874
0.8298852
0.8327696
0.8169479
0.8249678
0.7679797
0.8318859
0.8052407
0.7890071
0.8430174
0.7666616
0.8817516
0.8301497
0.8241465
0.8401186
0.8218724
0.8466541
0.8169551
0.8206638
0.8297851
0.83991
0.8537173
0.9140234
0.8208391
0.8178088
0.8578106
0.8176826
0.8195993
0.8190491
0.8194373
0.8205882
0.8280126
0.8198328
0.8206298
0.821113
0.8164341
0.8243783
0.819835
0.8244711
0.8174681
0.819962
0.8259756
0.8270768
0.8141258
0.8243742
0.8193319
0.8210891
0.8296034
0.8264602
0.8236845
0.8193091
0.8159852
0.8174554
0.8195855
0.8235294
0.8201564
0.8199667
0.8180203
0.8266563
0.7708439
0.8275616
0.8167602
0.8212667
0.8280954
0.8230516
0.8210217
0.8694801
0.8323813
0.8101311
0.8402091
0.840766
0.8299226
0.9119634
0.8585892
0.8508223
0.840867
0.821145
0.8214483
0.824532
0.8176884
0.8197636
0.8224656
0.8192476
0.8152786
0.8651902
0.8276336
0.830384
0.814975
0.8045896
0.8200979
0.8293069
0.8200809
0.8474924
0.8184775
0.806988
0.8209067
0.7464597
0.7484901
0.7666326
0.7946344
0.7713344
0.8145713
0.7846808
0.6540206
0.7260494
0.7841233
0.8241438
0.4683932
0.7792788
0.8027424
0.7584057
0.8577406
0.7976687
0.7974663
0.8217771
0.7047251
0.8258872
0.6661993
0.6676536
0.6916434
0.8051376
0.8348615
0.9034981
0.6716053
0.6583946
0.8366742
0.6674909
0.7632356
0.6564281
0.6652148
0.677693
0.6858318
0.6615281
0.6862237
0.66045
0.6622548
0.6724023
0.6791045
0.6880884
0.661646
0.6755323
0.6744913
0.6978979
0.6619224
0.6806356
0.6748233
0.6750418
0.7081727
0.6873028
0.7150942
0.6711255
0.6845862
0.6611182
0.6685289
0.6852644
0.6828133
0.6743951
0.7137895
0.6845377
0.7470686
0.6895806
0.6520406
0.7059755
0.7048455
0.6816586
0.6662194
0.8468538
0.7600546
0.6677102
0.7973319
0.8162746
0.6957599
0.8954393
0.8208989
0.8367347
0.8150239
0.6626432
0.6877837
0.6853625
0.6926603
0.6878473
0.6880501
0.7537834
0.7651196
0.865461
0.7668553
0.7583295
0.6597269
0.7593198
0.6676707
0.6628648
0.6636026
0.8265923
0.6662058
0.7383721
0.7878374
0.8239991
0.8237655
0.8199172
0.8346526
0.8334019
0.8512519
0.8322049
0.8095156
0.8162328
0.8399797
0.8555386
0.8113825
0.8286423
0.8375013
0.8368312
0.8755339
0.8488963
0.8462954
0.8512182
0.8155403
0.8468426
0.8129509
0.8062115
0.8186269
0.841758
0.8594103
0.9104643
0.8139848
0.8190045
0.8609023
0.8128613
0.8200772
0.8177798
0.8120475
0.8135697
0.8158585
0.8162263
0.8159836
0.8132592
0.8128357
0.8103117
0.8174638
0.8206858
0.8154419
0.8182431
0.8095049
0.8190598
0.8119491
0.8120194
0.8171454
0.8125603
0.8190947
0.8136338
0.8213356
0.8131755
0.8131726
0.8160991
0.8147815
0.8079755
0.8141657
0.8113186
0.8113305
0.8124464
0.8307749
0.8129399
0.8147896
0.8141715
0.8259451
0.8146286
0.812036
0.8588829
0.8073329
0.8175022
0.8479286
0.8408815
0.8145107
0.9096249
0.8387454
0.8498392
0.8431402
0.8138647
0.8135603
0.8136019
0.8188473
0.8154535
0.8171779
0.8225764
0.8266854
0.8767855
0.8250014
0.8095694
0.8106509
0.8313991
0.8164543
0.8147104
0.8148653
0.8495131
0.8192631
0.8219358
0.835502
0.8172337
0.8177973
0.8188357
0.8308824
0.8270211
0.8474044
0.8249867
0.8058659
0.8135913
0.8303383
0.8519283
0.8072845
0.8295761
0.8282866
0.8280822
0.8705416
0.8400931
0.8393415
0.8506531
0.8104825
0.8476853
0.8066301
0.8037156
0.8149938
0.8338903
0.8593975
0.9086566
0.809335
0.8117394
0.8553782
0.8094735
0.820041
0.8086581
0.8079451
0.8103574
0.8117176
0.8115652
0.8085979
0.8044229
0.809899
0.811488
0.8098754
0.8096911
0.811113
0.8120809
0.8073494
0.8096338
0.8072303
0.8100262
0.8131737
0.8064609
0.8108379
0.8075278
0.8191164
0.8071089
0.8043107
0.8108416
0.8076245
0.8031465
0.8091841
0.8075009
0.8104027
0.8098152
0.8247154
0.802597
0.8096743
0.808602
0.8170079
0.8095401
0.80963
0.849313
0.8004075
0.8091416
0.8394262
0.8370577
0.8100517
0.910636
0.8346847
0.8524101
0.8385156
0.806172
0.8088023
0.8063422
0.8095027
0.8102843
0.8090256
0.8178792
0.8188207
0.8749212
0.8128996
0.7971262
0.8083134
0.8276066
0.8082004
0.8099692
0.8021056
0.8429645
0.8125385
0.8172091
0.8370303
0.8147494
0.8155735
0.8130662
0.8197435
0.8152688
0.8089464
0.8115934
0.7931835
0.8037618
0.8206405
0.8187195
0.7925926
0.8197349
0.8056271
0.8110507
0.8625676
0.8002938
0.8040825
0.8218157
0.8103681
0.842561
0.802104
0.8045477
0.8023895
0.82921
0.8527415
0.9128426
0.8072289
0.7962627
0.8393138
0.8015368
0.7993924
0.8005535
0.8044832
0.8139882
0.8169217
0.8080054
0.8110773
0.8085118
0.8056121
0.8104223
0.8153053
0.8112459
0.7999659
0.8119423
0.8083451
0.8138826
0.7976418
0.8085034
0.8033839
0.8061201
0.8190897
0.8123948
0.8177492
0.8065531
0.8138615
0.8051412
0.8067364
0.8119195
0.8148478
0.8048222
0.8029659
0.8094315
0.8001503
0.8129025
0.7993478
0.8159466
0.8204794
0.8126477
0.8064206
0.8562579
0.7972845
0.8017838
0.8064702
0.8262571
0.8157895
0.9058792
0.828361
0.8294176
0.8106863
0.7990472
0.807006
0.8077395
0.8096594
0.8111658
0.8027734
0.803651
0.805513
0.8441424
0.798858
0.798115
0.7978928
0.8107992
0.8052757
0.8031831
0.8018852
0.8291335
0.799642
0.8027826
0.8191871
0.8159003
0.8155463
0.820877
0.8312245
0.826929
0.8509872
0.8252796
0.8086846
0.8153462
0.8332059
0.855009
0.809427
0.8282573
0.8352706
0.8318912
0.8709986
0.8449711
0.8430992
0.8511813
0.811995
0.8487169
0.8103944
0.8067401
0.8130027
0.8364256
0.8589483
0.9079736
0.8100427
0.8147546
0.8573178
0.8085905
0.8222685
0.8119836
0.8115672
0.8150715
0.81406
0.8121922
0.810698
0.8113604
0.8112802
0.8137834
0.8116379
0.8143273
0.8172963
0.813837
0.809699
0.8135829
0.8134603
0.815622
0.8145239
0.8122127
0.8134846
0.8074464
0.8215098
0.8086034
0.8054679
0.8127468
0.8106312
0.8045714
0.813822
0.8091279
0.8142449
0.8118246
0.827301
0.8101844
0.8090323
0.8120653
0.8209257
0.8134109
0.8127652
0.8519928
0.801164
0.8134472
0.8423196
0.8396135
0.8098166
0.9108594
0.8397554
0.8513132
0.8367101
0.8092406
0.8108093
0.810208
0.8113052
0.8120512
0.8123321
0.8195509
0.8214454
0.8755953
0.8146404
0.7995903
0.8110436
0.8278199
0.8093295
0.8150986
0.8043304
0.8438519
0.81308
0.8197189
0.8382059
0.823882
0.8241604
0.8168763
0.822338
0.8226036
0.8035263
0.8244322
0.8073965
0.8130331
0.8212604
0.8150479
0.8080847
0.8210349
0.7965523
0.8149091
0.867137
0.8014188
0.7987287
0.812622
0.8160883
0.8421003
0.8051941
0.8104872
0.8215704
0.8326127
0.8558817
0.9110182
0.8143877
0.8120868
0.8381778
0.8142395
0.8100239
0.8158329
0.8095238
0.8193157
0.8178392
0.8127775
0.8201918
0.815658
0.8128049
0.8149231
0.8224817
0.8224345
0.8072423
0.8192764
0.8144769
0.8213471
0.8042174
0.8148947
0.8139457
0.8149753
0.8262102
0.8177665
0.8205183
0.8161896
0.8154142
0.811281
0.8099292
0.8117435
0.8167078
0.8139808
0.8068323
0.8132878
0.8079007
0.8133657
0.807884
0.8244156
0.8266688
0.8219336
0.8095742
0.8539762
0.8047138
0.8114874
0.8088939
0.8215411
0.8166006
0.9119085
0.8363702
0.8210552
0.806862
0.8112225
0.8135803
0.8189195
0.8202205
0.8150467
0.8116038
0.8161329
0.8169574
0.8313099
0.8109897
0.8041419
0.8092156
0.8209223
0.8099711
0.8131333
0.8074207
0.8195291
0.8098102
0.8105995
0.8218122
0.8206783
0.820957
0.8168818
0.8198343
0.82477
0.7996031
0.8308538
0.8118915
0.815
0.819359
0.8100681
0.8102936
0.8215979
0.8046239
0.8180805
0.8666926
0.8001077
0.7980477
0.8114652
0.8185018
0.8358972
0.8108985
0.8126067
0.8219069
0.831858
0.8586492
0.9146647
0.8170529
0.8189406
0.8354998
0.8176706
0.8111077
0.8189073
0.8147188
0.8238771
0.8212823
0.8159602
0.8186204
0.8165267
0.8136125
0.8205651
0.8242928
0.8195424
0.8128351
0.8189729
0.816584
0.8201859
0.8125634
0.8175009
0.8144698
0.8181671
0.8326575
0.820162
0.8276985
0.8164702
0.8191239
0.814561
0.8135566
0.8182252
0.8241425
0.8219796
0.8132917
0.8165503
0.810858
0.8207628
0.8120641
0.8287921
0.8307804
0.8164786
0.8120762
0.8573565
0.8071118
0.8166289
0.8181773
0.8264674
0.8227523
0.9112738
0.8394249
0.8206903
0.817811
0.8138913
0.814846
0.8193181
0.8164979
0.8182645
0.8142773
0.81024
0.8152267
0.8313525
0.8112608
0.8050809
0.810557
0.8213844
0.8151551
0.819546
0.8163942
0.8199942
0.810932
0.8073321
0.8270247
0.821042
0.8215103
0.8201572
0.8215017
0.8271395
0.8059961
0.829015
0.8057089
0.8164304
0.8249751
0.8185931
0.8032787
0.8247831
0.8050449
0.8175641
0.8687955
0.8102133
0.8034466
0.822847
0.8227098
0.84478
0.8057912
0.816789
0.816959
0.8302622
0.8588963
0.9148007
0.8166262
0.8088891
0.8429775
0.8148069
0.8122587
0.8125305
0.8112878
0.8165855
0.8189929
0.8127357
0.8169459
0.8153131
0.8158009
0.8183787
0.8220439
0.8219318
0.805319
0.8192647
0.8144094
0.823947
0.8054713
0.8161745
0.8123291
0.8178743
0.8240511
0.820718
0.8206123
0.8156388
0.8166118
0.8164928
0.8121298
0.8159148
0.8256051
0.8141163
0.8052881
0.8185812
0.8138959
0.8164029
0.8077856
0.8222128
0.8285789
0.8195787
0.8135482
0.857015
0.8030892
0.8088589
0.8163574
0.82923
0.8197643
0.909507
0.837006
0.8274916
0.8120709
0.8112698
0.8150993
0.8166282
0.8201329
0.8171463
0.8143389
0.8128561
0.8158953
0.830852
0.8143894
0.8043063
0.8075391
0.816585
0.8138672
0.8166993
0.8143312
0.8261715
0.8064063
0.8098271
0.8196826
0.8093929
0.8092495
0.8158676
0.8204198
0.8204573
0.8072697
0.8213205
0.8015237
0.8070592
0.8211484
0.8141093
0.8063191
0.8202712
0.8031319
0.8142696
0.8687264
0.8003753
0.8061571
0.8183737
0.8144265
0.8405717
0.803131
0.8082014
0.8154062
0.8279739
0.8570787
0.9146519
0.8084249
0.8070376
0.8430418
0.8139634
0.8094341
0.8066648
0.8100219
0.8160562
0.8196095
0.8124487
0.8201497
0.810011
0.8138379
0.8175258
0.8192461
0.8147044
0.8033067
0.8126806
0.8156762
0.8187577
0.8064708
0.8133086
0.8103467
0.8177248
0.821735
0.810917
0.8247293
0.8135219
0.8156941
0.8136961
0.8095757
0.8143041
0.819392
0.8084327
0.7980149
0.811833
0.8054197
0.8130307
0.8063018
0.8165558
0.8279576
0.8197532
0.8067994
0.8554769
0.8066027
0.8073581
0.8166953
0.8300048
0.8117711
0.9101983
0.8379623
0.8342279
0.8169957
0.811962
0.8069117
0.8120037
0.8151742
0.8077154
0.8043609
0.806455
0.8141814
0.8377335
0.8125611
0.8030171
0.8035842
0.8165023
0.8109188
0.8083754
0.810778
0.8258774
0.8066295
0.8038994
0.8157635
0.8228664
0.8232113
0.8143829
0.8218257
0.8088007
0.8064451
0.8216816
0.7987095
0.8105505
0.8230496
0.8127279
0.8027917
0.8185546
0.8048029
0.8146451
0.8648069
0.7986048
0.7968965
0.8194154
0.8152544
0.843118
0.8020793
0.8091528
0.8140646
0.8290268
0.8565243
0.91479
0.8152814
0.8078479
0.8352975
0.8130649
0.8077763
0.8095845
0.8118746
0.8179592
0.8198961
0.8132822
0.8176176
0.8108093
0.8072134
0.8156906
0.8150644
0.820628
0.8037975
0.8147615
0.8119549
0.8171585
0.8022555
0.8110543
0.804015
0.8135036
0.8237601
0.8167108
0.8215827
0.8084278
0.8169586
0.8107252
0.8068567
0.8175341
0.8176032
0.8149582
0.7991796
0.8084471
0.803767
0.8120292
0.8051648
0.8241681
0.8216414
0.8144776
0.8031978
0.8577168
0.7999182
0.8046435
0.8125996
0.8222265
0.8192579
0.9106079
0.8344019
0.8269955
0.8132168
0.8027253
0.8071204
0.8158082
0.8083238
0.8109049
0.8099388
0.8089222
0.8066368
0.839732
0.811159
0.8011945
0.8053408
0.8133971
0.8091441
0.8082818
0.803079
0.8219226
0.7967191
0.8053688
0.8235118
0.815805
0.8161603
0.81446
0.8217982
0.8157109
0.8213074
0.8244904
0.807688
0.8108913
0.8303057
0.8264992
0.8086876
0.8232097
0.8147033
0.812892
0.8714551
0.8160667
0.8138739
0.8254499
0.81227
0.8463842
0.8053787
0.8089936
0.8128687
0.8318521
0.8587781
0.9125613
0.8051898
0.8085524
0.8424985
0.8127866
0.8083923
0.8111038
0.8140742
0.8188099
0.8205928
0.8101252
0.8220715
0.8150565
0.8133443
0.8181325
0.8158391
0.8141516
0.8104744
0.8163865
0.814734
0.8185972
0.8099746
0.8139814
0.8118041
0.8160057
0.8255654
0.815083
0.8212467
0.8136783
0.8141161
0.8132678
0.8081653
0.8185808
0.8166135
0.8112915
0.8053339
0.8141539
0.8072984
0.8118898
0.8051293
0.8200414
0.8263914
0.8179192
0.8072773
0.8597392
0.8058019
0.8119686
0.8238514
0.8369056
0.8208002
0.9048054
0.8435159
0.8362783
0.8261726
0.8105403
0.8103641
0.8149746
0.8126795
0.8141377
0.8130553
0.8106927
0.8121417
0.8512081
0.8167678
0.8080171
0.8070022
0.8199812
0.8054408
0.8109396
0.8143321
0.8330185
0.8085175
0.8069373
0.8214356
0.7454393
0.7450875
0.7701628
0.7979438
0.7768581
0.8092735
0.7963676
0.7515077
0.7703433
0.7038681
0.8253275
0.744966
0.7356993
0.8081223
0.6440584
0.8611514
0.7973863
0.7929867
0.8265662
0.7830957
0.8293517
0.7606807
0.7718774
0.7753113
0.801041
0.8320537
0.9054787
0.7679725
0.7584619
0.8388164
0.7607068
0.7736651
0.7627968
0.7580247
0.7695963
0.7689172
0.7648047
0.7707234
0.7514901
0.7582821
0.768411
0.769258
0.7726897
0.7561564
0.7618734
0.7694097
0.7707647
0.7642089
0.7567486
0.7601518
0.7595457
0.7823533
0.7717985
0.7843405
0.7532738
0.7718252
0.7558287
0.7468102
0.7674378
0.7683425
0.7655578
0.758231
0.7593134
0.6269941
0.7761026
0.7532404
0.7797482
0.7864828
0.7660479
0.7608211
0.8507774
0.7752677
0.7601502
0.8041966
0.8209824
0.7680495
0.8971886
0.8334323
0.83905
0.8191401
0.7552712
0.770073
0.7734187
0.7688518
0.7698502
0.7666252
0.7653726
0.7589476
0.863074
0.770953
0.7748494
0.7557784
0.7318636
0.7656325
0.756988
0.7639744
0.8301733
0.7643383
0.7425813
0.7907333
0.8125871
0.8132925
0.8126989
0.8206669
0.8150416
0.8020339
0.8164658
0.797246
0.8044452
0.8221626
0.8143281
0.796714
0.8170126
0.8036314
0.8119881
0.8617173
0.7960887
0.7966207
0.8187311
0.8075579
0.8386727
0.7973553
0.8011831
0.803525
0.8195243
0.8574208
0.9113615
0.8021105
0.7994876
0.8379378
0.8051775
0.8037368
0.7992932
0.8026406
0.8043454
0.8115771
0.804083
0.8078043
0.7985943
0.7993923
0.8067575
0.8081376
0.8080118
0.79572
0.8076879
0.8057992
0.8136948
0.7974526
0.804597
0.7976649
0.8019529
0.8153625
0.8040087
0.815272
0.7992343
0.8104652
0.8013256
0.7992699
0.8052567
0.8091883
0.8049654
0.7925289
0.802729
0.8020625
0.8073171
0.7975042
0.8136165
0.8184063
0.8113679
0.7995177
0.8537717
0.7921696
0.8009611
0.8054809
0.8179698
0.8058616
0.9060403
0.8361891
0.8290148
0.8060559
0.7970552
0.8051768
0.8115755
0.8081238
0.8067854
0.8020161
0.8044877
0.80787
0.8394182
0.7966198
0.7918442
0.7966731
0.8087803
0.8006989
0.8059021
0.8051008
0.8267819
0.802037
0.8027044
0.8167686
0.7480282
0.7496371
0.7739483
0.7943233
0.7696658
0.8148791
0.7836845
0.6701333
0.7301657
0.7800121
0.824762
0.6527438
0.7775675
0.8033428
0.7528918
0.8543771
0.7973051
0.7966492
0.8237532
0.7108757
0.8276341
0.6794547
0.6746608
0.6882793
0.8015113
0.8430947
0.9017849
0.6901544
0.6705944
0.8412651
0.6837186
0.7657219
0.6671458
0.6725785
0.6813039
0.6829629
0.6743272
0.6960177
0.6621604
0.6775161
0.6827863
0.6876637
0.6920812
0.6689433
0.6826693
0.6779782
0.6942133
0.6717661
0.6734
0.6755448
0.6772355
0.7044096
0.7035125
0.7171884
0.6705156
0.6972611
0.6692872
0.6666667
0.6889481
0.6822749
0.6756578
0.7173383
0.682141
0.7416827
0.6990608
0.6663136
0.7110877
0.716079
0.6885596
0.6817738
0.8445943
0.7642648
0.4735335
0.8033072
0.8053134
0.6870042
0.8930982
0.8273524
0.8334778
0.8106085
0.6786396
0.689151
0.6911512
0.7027681
0.6883184
0.6995049
0.7592571
0.7550437
0.8648445
0.7625803
0.7544475
0.6616112
0.761174
0.6763534
0.6712499
0.6642786
0.8318393
0.6868513
0.7463317
0.7887301
0.8089031
0.8086313
0.8099655
0.822046
0.807443
0.7218483
0.8202224
0.7938716
0.8039651
0.8083663
0.7332548
0.795156
0.8173345
0.7947226
0.8084853
0.8641002
0.7131783
0.7142011
0.7708354
0.8073181
0.8399128
0.7960439
0.7996399
0.8151915
0.8251795
0.8452511
0.9130304
0.8027636
0.7965232
0.8310335
0.8131141
0.7975932
0.7983893
0.8028838
0.8129077
0.8177497
0.8067843
0.8148686
0.802974
0.8019358
0.808759
0.8089082
0.8151306
0.7932457
0.8131694
0.8096075
0.8153007
0.7978654
0.8029927
0.8066332
0.8085036
0.8226679
0.8125068
0.8163524
0.7995965
0.8125816
0.7980279
0.8012115
0.8095392
0.8148972
0.8085888
0.7982121
0.8043745
0.793098
0.8084489
0.8004679
0.8203778
0.820264
0.8090969
0.8047743
0.8596557
0.7943985
0.8002813
0.8082352
0.8201221
0.8158798
0.9075047
0.8375827
0.827891
0.8097573
0.8038549
0.808844
0.8126151
0.8131324
0.8088428
0.8031953
0.8003258
0.8028213
0.8232499
0.7965989
0.7937606
0.7985099
0.8055453
0.806624
0.8065617
0.8020039
0.8178647
0.7911792
0.7919053
0.8146883
0.8227781
0.8224927
0.8142378
0.8228274
0.820758
0.6895409
0.8322215
0.8044432
0.8170187
0.8162675
0.7604498
0.8058913
0.8235206
0.8029269
0.8127362
0.8690743
0.7324616
0.7347357
0.7809885
0.814838
0.8372093
0.809741
0.8148999
0.8215086
0.8334119
0.851253
0.9164715
0.8177134
0.8104791
0.8351434
0.8206828
0.8112982
0.8098565
0.8173654
0.8205523
0.8251477
0.8130201
0.8222222
0.8196312
0.8140128
0.8188234
0.8205812
0.8200826
0.8019085
0.8191959
0.8166721
0.828154
0.801331
0.8194429
0.8135842
0.8166549
0.8297427
0.8196262
0.8280618
0.8120706
0.8173815
0.8097439
0.8143389
0.822573
0.8217398
0.8186092
0.8146092
0.8170925
0.8061915
0.817687
0.8113579
0.8298974
0.8252198
0.8218003
0.8147303
0.8607021
0.8093324
0.8153993
0.8100333
0.8277414
0.8209621
0.9091613
0.8446838
0.8246912
0.8129796
0.8100626
0.8130481
0.819162
0.8221023
0.8193081
0.8111632
0.8106726
0.8113265
0.8288188
0.817913
0.8060955
0.807331
0.812155
0.817867
0.8185599
0.8131183
0.8213453
0.8033741
0.8100565
0.8184623
0.7977846
0.7993097
0.8093992
0.8244217
0.8138838
0.8428978
0.8119499
0.7860112
0.8008013
0.8288963
0.8499316
0.7875428
0.8191166
0.8272643
0.8138387
0.8615841
0.8312801
0.8337275
0.8405136
0.8092373
0.8445684
0.7890611
0.7929955
0.7939807
0.8330419
0.8552712
0.9038427
0.7943838
0.7988352
0.8550123
0.7974286
0.80772
0.7980046
0.7954372
0.7987777
0.7975375
0.795571
0.8004837
0.7930749
0.7971806
0.7951454
0.7965541
0.8014638
0.7982271
0.7997662
0.7924128
0.7943551
0.7960603
0.7946366
0.7869689
0.7951914
0.7967577
0.7972245
0.8037757
0.7889288
0.7994188
0.7986766
0.7941779
0.7943115
0.8015081
0.7956791
0.7985958
0.7954424
0.8068325
0.792342
0.7925838
0.8026016
0.8086406
0.794677
0.7906908
0.8498125
0.7872747
0.7976061
0.8289557
0.8291485
0.7947125
0.902046
0.8339668
0.851013
0.8291723
0.7924652
0.7955233
0.8008323
0.7961209
0.7945918
0.7928238
0.8044403
0.8025707
0.8763592
0.8000349
0.7926138
0.7905775
0.8192585
0.7947012
0.7920203
0.7960102
0.8418468
0.7965328
0.8031626
0.8221164
0.7579428
0.7583066
0.7748312
0.7983993
0.7740779
0.8207768
0.803386
0.7538826
0.7793339
0.7640248
0.8299017
0.7581668
0.7676757
0.8156124
0.738655
0.8606175
0.805574
0.8012884
0.8298228
0.7899361
0.837159
0.7660753
0.7725878
0.775483
0.813262
0.8410462
0.9067918
0.7718305
0.7606747
0.8471505
0.7666858
0.7845402
0.7631253
0.7677233
0.7752323
0.7789998
0.7675203
0.776054
0.7625201
0.7649879
0.7700441
0.7770513
0.7659075
0.7645979
0.7731004
0.7694392
0.7828039
0.771828
0.7655299
0.7722772
0.771935
0.7820221
0.7798181
0.7921439
0.7592036
0.7831869
0.7663755
0.7660588
0.7772086
0.781854
0.7656353
0.7711505
0.7685008
0.7301751
0.7769087
0.7660043
0.7846504
0.7830082
0.7733741
0.7689354
0.8525732
0.7911087
0.7694919
0.808763
0.8237508
0.7706976
0.9001534
0.8423338
0.8460177
0.8285103
0.7688873
0.7752124
0.7786445
0.7791662
0.7710245
0.7739328
0.7701323
0.762184
0.8700686
0.781163
0.7872079
0.7588451
0.6923907
0.7648313
0.7632779
0.7625955
0.8303926
0.7724353
0.7465516
0.7897077
0.7246547
0.7241136
0.7633645
0.7923901
0.7693622
0.8176309
0.7922925
0.7533816
0.7783024
0.7804635
0.8202041
0.7573683
0.7716846
0.8120738
0.7504946
0.8580833
0.7989051
0.797692
0.821156
0.7903928
0.8319928
0.7595318
0.7682255
0.7689543
0.8099543
0.8334807
0.8997132
0.7713878
0.7643913
0.8435486
0.7701679
0.7676367
0.7625115
0.7593421
0.7655192
0.7736139
0.760642
0.7727556
0.7519526
0.7593023
0.7682927
0.7743491
0.7695478
0.7580486
0.7657611
0.7627708
0.7753044
0.7631729
0.7664318
0.7603864
0.7667808
0.7811716
0.7733265
0.781767
0.7516862
0.7773864
0.7626903
0.7616766
0.7699366
0.7682271
0.7606767
0.7544223
0.7670425
0.7401127
0.7782403
0.7659686
0.7894737
0.7860504
0.7681469
0.7557515
0.8447199
0.7834055
0.7635345
0.8120622
0.8183415
0.7660273
0.8956
0.8341945
0.8371619
0.8190237
0.7695753
0.7642258
0.7737616
0.7777654
0.7609635
0.7593968
0.7649512
0.7433034
0.8670045
0.7781634
0.7760517
0.7545724
0.7558036
0.7597954
0.7553756
0.7620577
0.8305911
0.7666761
0.6968955
0.7568307
0.7015374
0.7021812
0.75597
0.7864466
0.7532848
0.8213606
0.7924599
0.7456561
0.7727589
0.7793023
0.8232362
0.7508049
0.7751921
0.8149442
0.7505928
0.8547514
0.8019802
0.7950916
0.8212805
0.7825824
0.8315924
0.7503662
0.7623904
0.7609635
0.8088707
0.827727
0.8993669
0.7658337
0.759388
0.8421525
0.7642796
0.7669065
0.7595708
0.7521267
0.7598669
0.7594966
0.7529218
0.7590562
0.7427265
0.753985
0.754946
0.7689977
0.7628949
0.7576714
0.7479446
0.7589504
0.7689846
0.7652313
0.755992
0.7516321
0.7541765
0.77789
0.7631228
0.7715705
0.7441902
0.7685238
0.7494716
0.7548214
0.7641348
0.7582653
0.754651
0.7521713
0.7510987
0.7443236
0.7704182
0.7493343
0.7780896
0.7809205
0.7591079
0.7508972
0.8457021
0.7844269
0.7588192
0.8130841
0.8199013
0.7483141
0.8936085
0.8326603
0.8432532
0.8192649
0.7530769
0.7619964
0.7710046
0.7687461
0.7575828
0.7564422
0.7530157
0.745731
0.8719198
0.7786403
0.7779595
0.7467308
0.7510259
0.7511163
0.7492065
0.7477472
0.8370687
0.7635885
0.7055708
0.7533238
0.7933407
0.7931613
0.7991153
0.8122305
0.8020495
0.8327078
0.8196113
0.8019887
0.8118958
0.8014587
0.8357972
0.8003383
0.8027982
0.8396365
0.7848178
0.8716972
0.8278349
0.823992
0.8378255
0.8095696
0.8472672
0.8071098
0.8067166
0.810317
0.8302519
0.8468677
0.9113335
0.8029101
0.7988391
0.8524583
0.8011687
0.8040882
0.8079786
0.8061844
0.8085062
0.8084507
0.8118458
0.8062571
0.8047642
0.8068583
0.8101531
0.8061251
0.8069367
0.8072276
0.8071966
0.8060756
0.8125907
0.80355
0.8086741
0.8092601
0.8080931
0.8114118
0.8109993
0.8175009
0.8032839
0.812998
0.8060402
0.8031915
0.8095879
0.8097724
0.8082987
0.8116019
0.8070035
0.7779997
0.8092316
0.8028214
0.8162367
0.8187926
0.8074062
0.799628
0.8612848
0.8154933
0.8048667
0.8337965
0.8330054
0.8043089
0.9078177
0.8516267
0.8497674
0.8399831
0.8058676
0.8051841
0.8088274
0.8077357
0.8072371
0.8080096
0.8033405
0.797048
0.8659129
0.8125163
0.8141149
0.8045868
0.7886325
0.8065453
0.8080569
0.805114
0.8506249
0.8108948
0.7854589
0.8163964
0.7431645
0.745374
0.7768057
0.8016075
0.7720024
0.8182383
0.7916228
0.7467162
0.7625076
0.7775173
0.8249229
0.7518601
0.7739926
0.804663
0.7566695
0.8556674
0.802919
0.801043
0.8279221
0.7800717
0.8319406
0.7642759
0.7593967
0.7599738
0.8097511
0.8406628
0.9015372
0.7611021
0.7646357
0.8417364
0.7621894
0.7689016
0.7693864
0.764985
0.7669674
0.7705005
0.7635082
0.7721534
0.7636364
0.7618216
0.7675072
0.7712009
0.7688146
0.7502737
0.7662796
0.7615408
0.7735727
0.7602092
0.7578941
0.7600314
0.7663754
0.7781384
0.7674558
0.7821414
0.7519046
0.7660398
0.761309
0.7572769
0.772042
0.7707308
0.7547054
0.7592434
0.7575202
0.7484356
0.7712228
0.7636628
0.7811723
0.7804948
0.7599131
0.7592044
0.8459038
0.7750388
0.7573274
0.8078549
0.8162121
0.7637475
0.8956909
0.8289595
0.8393224
0.8152424
0.7574889
0.7583719
0.7706612
0.7651003
0.7630762
0.7580433
0.7686335
0.7597392
0.866604
0.7671315
0.7763878
0.7552704
0.753708
0.7615116
0.7580587
0.757773
0.8274418
0.7656195
0.7470525
0.7878836
0.867224
0.8665684
0.8569495
0.8561629
0.8640071
0.8430208
0.8584649
0.8570552
0.857483
0.8582593
0.8472876
0.8549645
0.8615291
0.8331046
0.8596267
0.8896991
0.8456615
0.8489545
0.8507838
0.8562139
0.8679689
0.8595999
0.8564969
0.8685003
0.8697537
0.882587
0.9264934
0.8611873
0.861909
0.8480512
0.8529267
0.8500922
0.8605558
0.8591762
0.8622734
0.8649948
0.8619598
0.8594988
0.8615493
0.8598652
0.8602565
0.8582661
0.8565061
0.8575173
0.862383
0.8633883
0.8632335
0.8561259
0.8628483
0.8625904
0.8622079
0.8622567
0.861962
0.8647313
0.8603505
0.8599721
0.860583
0.8620517
0.859722
0.8622269
0.861551
0.8568292
0.8594226
0.853974
0.8573222
0.8615571
0.8601839
0.866449
0.8637526
0.8639944
0.878178
0.8532438
0.8521085
0.8349329
0.850506
0.8614738
0.9245934
0.8670495
0.8492808
0.8310238
0.8589262
0.8553104
0.8604986
0.8609767
0.8595116
0.8610669
0.8579434
0.8604213
0.8596092
0.8547472
0.8487305
0.8597808
0.8585161
0.860568
0.8618286
0.8627372
0.8381985
0.8511477
0.86193
0.8582216
0.8112749
0.8116332
0.8181459
0.8222784
0.8117929
0.7257206
0.8264861
0.8018676
0.814358
0.8184458
0.746031
0.8034791
0.820311
0.8103369
0.8044803
0.869189
0.6714332
0.7176718
0.7843242
0.8184663
0.8420192
0.8086373
0.8087238
0.8173555
0.829145
0.8495685
0.9139132
0.8120541
0.8046452
0.8337239
0.8154833
0.8088772
0.8092003
0.8077627
0.8169244
0.8182299
0.8116838
0.8176514
0.8059992
0.8087064
0.8125
0.8148109
0.8154819
0.7998482
0.8124866
0.8139684
0.8239706
0.8037209
0.8097233
0.8114111
0.8128532
0.8264471
0.8160828
0.8250513
0.8051509
0.8178929
0.8049149
0.8021321
0.814458
0.8202621
0.8068225
0.8029689
0.8106846
0.7975009
0.8179449
0.8063554
0.8256248
0.8256174
0.8172198
0.8100544
0.8631691
0.8123711
0.8095839
0.8157999
0.8288402
0.8215517
0.9091992
0.8479884
0.8394465
0.8169763
0.8099111
0.8132367
0.8166552
0.8171568
0.8138298
0.8099244
0.8102797
0.8063099
0.8339917
0.8065156
0.8055839
0.8077912
0.8130846
0.8076177
0.8103726
0.8049324
0.8250898
0.7975509
0.7961051
0.8142698
0.7486315
0.7503372
0.7786679
0.8030926
0.778047
0.8338749
0.7814938
0.6809581
0.7440243
0.7885927
0.8418275
0.6798263
0.7921079
0.8160565
0.7671817
0.8550686
0.8174337
0.8141498
0.8347499
0.7342547
0.8356786
0.6786585
0.6845307
0.6960866
0.8149357
0.8436479
0.8994867
0.6850825
0.693406
0.8456072
0.7024621
0.7702125
0.6978566
0.6566783
0.676082
0.6652579
0.6627806
0.6807627
0.6569249
0.656313
0.6701585
0.6721956
0.6721603
0.6619115
0.6767017
0.664709
0.663237
0.670424
0.6559161
0.6617923
0.6684284
0.6788819
0.6953211
0.7043054
0.6675889
0.6764687
0.6486468
0.6578279
0.6819417
0.6704898
0.657578
0.7287862
0.6899456
0.7585804
0.6912695
0.6872686
0.6841294
0.6897606
0.6899672
0.6774258
0.8441865
0.770598
0.684018
0.8146429
0.8233781
0.6861538
0.8930506
0.8300624
0.8462717
0.8229533
0.6912805
0.6936783
0.6903731
0.7034032
0.6976729
0.7009454
0.7626623
0.768111
0.8739165
0.7737079
0.771696
0.6710753
0.7728098
0.6654198
0.6862153
0.6599824
0.839915
0.7022784
0.7539257
0.8021954
0.7568749
0.7580069
0.7747738
0.802269
0.7836994
0.8242462
0.7967686
0.6862055
0.7400592
0.7875931
0.8297228
0.6836994
0.7869819
0.8074527
0.7691516
0.8548679
0.8078277
0.8044771
0.8274949
0.7273333
0.8276293
0.6890505
0.6974019
0.7025494
0.8117896
0.8454312
0.9023927
0.6895505
0.6935723
0.8400854
0.7041909
0.7706892
0.6962319
0.6632572
0.6798633
0.6837474
0.6690957
0.6800774
0.6587881
0.657547
0.6703984
0.6713811
0.6755079
0.6441718
0.6755071
0.6732543
0.6873432
0.6654467
0.6768301
0.6750676
0.6693013
0.6984617
0.6991749
0.7018974
0.6828573
0.6771818
0.6464979
0.6577079
0.6797217
0.6728117
0.6767643
0.7274944
0.6937529
0.7553743
0.6859187
0.6957855
0.6974806
0.7096211
0.6933073
0.6763969
0.8419276
0.7697066
0.6871739
0.8095809
0.81549
0.6942667
0.8965018
0.8277355
0.8401225
0.8116887
0.6886228
0.6983489
0.6921547
0.7116328
0.6954648
0.7065148
0.7696931
0.7645815
0.8648621
0.7724711
0.762552
0.674443
0.7667369
0.6695773
0.6995802
0.6696631
0.8291301
0.6960178
0.7505306
0.7964526
0.7879077
0.7877344
0.7998618
0.813762
0.8068255
0.8198847
0.8298103
0.8039819
0.81659
0.8043286
0.8234563
0.7992978
0.8144153
0.8140154
0.8005824
0.874894
0.8089039
0.810842
0.828823
0.8192741
0.8440617
0.8074423
0.8085995
0.8128982
0.8334942
0.8514544
0.9107456
0.8115038
0.80452
0.8495508
0.8093247
0.8117041
0.8068685
0.8033397
0.8110724
0.8146293
0.8091805
0.8130909
0.8059153
0.806051
0.8133775
0.8149633
0.8135771
0.8000534
0.8079708
0.8089923
0.8142441
0.8071791
0.8096447
0.8087837
0.8142955
0.8213701
0.8122268
0.8205714
0.8012175
0.8140399
0.8056719
0.8036943
0.8098658
0.8162647
0.8129001
0.8074321
0.8111615
0.7986438
0.8155686
0.8063931
0.8200657
0.8226053
0.8159655
0.8059218
0.8600465
0.8189796
0.8068547
0.8266557
0.8309918
0.8163469
0.9088124
0.8495029
0.8419693
0.8239228
0.8037007
0.8085786
0.8136953
0.8167255
0.8130665
0.8109028
0.806175
0.7982777
0.8528041
0.8139937
0.8120664
0.8032613
0.8086771
0.8037025
0.8100322
0.8051844
0.839
0.8022024
0.7707408
0.7449709
0.7556032
0.7567485
0.7589332
0.7957418
0.7771129
0.8111997
0.7868253
0.6568614
0.7259473
0.7887699
0.827825
0.6600468
0.7831244
0.8023507
0.7686941
0.8547513
0.8062927
0.7979502
0.8236293
0.7079668
0.8286849
0.6749802
0.6849572
0.6849814
0.8079532
0.8406265
0.9045383
0.6812942
0.6422446
0.8381896
0.6821596
0.7694428
0.6574866
0.6672229
0.6854943
0.6882189
0.6806328
0.6911281
0.6717904
0.6715693
0.6855849
0.6841866
0.6948878
0.6740647
0.6794855
0.6779358
0.7005392
0.6775225
0.6872331
0.6819475
0.6801673
0.7176566
0.7049541
0.7272616
0.6783728
0.6958296
0.6786045
0.6746351
0.6905942
0.684537
0.6836237
0.7177398
0.700652
0.7551655
0.6889674
0.6634771
0.7091872
0.7085402
0.698774
0.6775927
0.8479553
0.7647515
0.6767044
0.8049815
0.8110851
0.6976805
0.9009085
0.8214687
0.8346331
0.8111207
0.6299889
0.6912803
0.6955316
0.6991659
0.694394
0.6855616
0.7591168
0.7679904
0.8578519
0.7649192
0.765214
0.660862
0.7587087
0.6749668
0.6753298
0.6670701
0.8301156
0.667301
0.7521055
0.7862329
0.8221256
0.8215288
0.8120671
0.8227464
0.8201403
0.6914103
0.832019
0.8059362
0.8161508
0.8158854
0.7602907
0.8071588
0.8222578
0.8007097
0.8126468
0.8718559
0.7322884
0.7352926
0.7824548
0.8178889
0.8370258
0.8090632
0.8157558
0.82192
0.8281924
0.852161
0.9179812
0.8164132
0.8103196
0.8331706
0.8190391
0.8106506
0.8054257
0.8143206
0.8219629
0.8260569
0.8149234
0.8203167
0.8173568
0.8130806
0.8198116
0.8218091
0.8202434
0.8036477
0.8209461
0.8168344
0.8250159
0.8024004
0.8144213
0.8138119
0.8176534
0.8299608
0.8233999
0.8282174
0.814386
0.8151893
0.8122321
0.8154601
0.8222952
0.8198811
0.8157303
0.8125551
0.8189368
0.806655
0.8170837
0.8089808
0.8295032
0.8249463
0.8180096
0.8165645
0.8610553
0.8079496
0.8144281
0.8085612
0.8266047
0.8232738
0.9086332
0.8420839
0.8226855
0.8105963
0.8094427
0.8109453
0.8212097
0.8239234
0.8182013
0.8117089
0.8137689
0.8077787
0.8309995
0.8164199
0.8030329
0.8064569
0.8126822
0.8181572
0.8166766
0.8151604
0.8182173
0.8045668
0.810913
0.8157675
0.8180301
0.8172121
0.8164382
0.8177905
0.8222998
0.7986824
0.8237294
0.7943487
0.8023182
0.8206218
0.8117682
0.7969135
0.8219857
0.7875034
0.8108094
0.8671684
0.8017972
0.7990538
0.8101475
0.8081615
0.8407461
0.8001717
0.8040894
0.8128757
0.8258593
0.8551897
0.9145985
0.8044268
0.8011966
0.8298429
0.8080427
0.7990903
0.8048226
0.8039485
0.8130376
0.8136726
0.8073735
0.8092916
0.8013596
0.8024875
0.8092804
0.811236
0.8151421
0.7978589
0.8069586
0.8152155
0.8157159
0.7968324
0.8132236
0.805441
0.8150552
0.8232709
0.8104672
0.8203423
0.8002091
0.809548
0.7996788
0.8079237
0.8036558
0.8150335
0.8084935
0.8043516
0.8069527
0.8061368
0.8117247
0.8073742
0.8243985
0.8268989
0.8090214
0.8028921
0.8553899
0.7875529
0.8001569
0.7969789
0.8219293
0.81652
0.9119365
0.8304215
0.8245035
0.8021543
0.7992809
0.8109348
0.8081883
0.8157504
0.8070712
0.8060867
0.8081141
0.8123741
0.8317424
0.7975755
0.7884239
0.8018825
0.8108741
0.804818
0.8048237
0.797497
0.8142944
0.7976339
0.8047185
0.8156536
0.9045519
0.9044049
0.8825809
0.8820391
0.8921503
0.8486617
0.8954156
0.8956963
0.8925492
0.8822074
0.8593517
0.8890602
0.8910366
0.8618623
0.8876215
0.9181762
0.8628821
0.8638311
0.8606503
0.8861368
0.8858376
0.8976664
0.8926977
0.8982351
0.887144
0.8934416
0.9477476
0.8973382
0.8923475
0.8794378
0.8927077
0.8889609
0.8894603
0.8941369
0.8962973
0.8993741
0.898253
0.8951903
0.8992356
0.8961145
0.8959969
0.8949144
0.8979903
0.8875278
0.9029709
0.8967535
0.8975027
0.8887616
0.8926439
0.8973669
0.9006816
0.8971809
0.8966392
0.8974216
0.8970952
0.8944153
0.8952925
0.8971824
0.8924288
0.8958155
0.9007106
0.8958506
0.8966002
0.8861819
0.8945855
0.8933379
0.8942439
0.9013888
0.8993533
0.8956409
0.9031009
0.8877008
0.8909391
0.8709103
0.8725101
0.9031905
0.9452164
0.9000596
0.8509587
0.868766
0.8940372
0.8918107
0.8946143
0.893627
0.8982244
0.8930088
0.8855772
0.8916644
0.8125381
0.8890971
0.8881723
0.8930112
0.8839681
0.8968795
0.8935546
0.8955765
0.8705615
0.8865665
0.8947542
0.8935518
0.7536047
0.7565586
0.774408
0.7961903
0.7769933
0.819495
0.7932047
0.6732779
0.7372641
0.7908971
0.8272548
0.6284958
0.788705
0.8039944
0.7717987
0.8504703
0.8052837
0.7997528
0.8239228
0.7139361
0.8306849
0.6912708
0.6897369
0.6938173
0.807134
0.8396575
0.9019762
0.6908294
0.6806586
0.8436
0.6846755
0.7621027
0.6807818
0.6832123
0.6959318
0.7078281
0.6946158
0.7025024
0.6882241
0.6887094
0.6894829
0.6998597
0.699641
0.69036
0.7013447
0.6939979
0.7086181
0.6962987
0.6943418
0.6864335
0.6883057
0.7114605
0.7050221
0.7235708
0.6847014
0.7090724
0.6902241
0.6855473
0.7024616
0.6981797
0.6863108
0.7245436
0.700503
0.7587549
0.7052908
0.6735641
0.7189944
0.7151451
0.7032549
0.6919222
0.8456598
0.7732791
0.683922
0.8068145
0.8152706
0.7161733
0.898756
0.8304822
0.8456734
0.8143748
0.6880305
0.7005575
0.7002485
0.7101125
0.6958087
0.706765
0.7608658
0.764138
0.8649808
0.7681926
0.7666991
0.6759356
0.7640403
0.6859326
0.6779972
0.6829204
0.8325473
0.6827715
0.7503637
0.7972617
0.8333499
0.8327778
0.8391191
0.839145
0.8419921
0.8388191
0.8431093
0.831303
0.8363009
0.838164
0.8462456
0.826173
0.8414549
0.8250947
0.8269148
0.8768778
0.8419603
0.8398145
0.8424102
0.837224
0.8576557
0.831363
0.8314192
0.8424896
0.8509743
0.8676558
0.9113552
0.8397743
0.8372326
0.8293063
0.8348782
0.8297376
0.8322421
0.8328021
0.838812
0.8417545
0.8314903
0.8373548
0.8324695
0.8340916
0.8362758
0.8396578
0.8398701
0.8270336
0.8353984
0.8372702
0.8417345
0.8310571
0.8362995
0.830888
0.8343393
0.842841
0.8430715
0.8480553
0.8340741
0.8424722
0.8303883
0.832418
0.8379517
0.8406722
0.830472
0.8312381
0.8347369
0.8229313
0.8351029
0.8334944
0.8446383
0.8471586
0.8373758
0.835541
0.8678644
0.8314152
0.831872
0.8178827
0.8453186
0.8415495
0.9055601
0.8567492
0.8601625
0.8274995
0.8363516
0.8375632
0.8345238
0.8415648
0.8377039
0.8349267
0.8325465
0.8330721
0.8742473
0.8334004
0.8334572
0.8329556
0.8304606
0.8339233
0.8353683
0.834875
0.8345386
0.8337153
0.8235676
0.8393569
0.7595234
0.7625697
0.7748293
0.7990705
0.7837673
0.8216734
0.7922282
0.7013816
0.7437434
0.7944414
0.8245083
0.6922038
0.7913063
0.8089669
0.7723845
0.8565691
0.8088082
0.8066419
0.82612
0.7292393
0.8297134
0.7017824
0.7035008
0.7180482
0.8056172
0.8427606
0.9042587
0.7031111
0.7128344
0.8399487
0.7040956
0.7745968
0.7133114
0.6925013
0.7004036
0.7054994
0.701111
0.7004478
0.6939965
0.6924269
0.7018586
0.7030717
0.7100872
0.6899185
0.6964251
0.696393
0.7151974
0.6951692
0.7152364
0.7055321
0.7004703
0.7122761
0.7125475
0.7265341
0.7024574
0.7061617
0.6965181
0.693655
0.7048151
0.6991916
0.7019137
0.7432654
0.7112971
0.7642833
0.7049347
0.7033052
0.72086
0.7283875
0.7129688
0.683892
0.8467615
0.7726813
0.7051122
0.8091032
0.8186367
0.7014049
0.9008742
0.8305635
0.8385081
0.8173026
0.7064664
0.7029026
0.7010759
0.711491
0.7131871
0.7119391
0.7689346
0.7793235
0.865208
0.7741703
0.7707211
0.693926
0.7804612
0.6892601
0.7126437
0.6900684
0.8313471
0.711068
0.7659904
0.802265
0.7759482
0.7759197
0.7764368
0.8006244
0.7838326
0.8169213
0.8067071
0.7699063
0.7885721
0.748603
0.8279211
0.764962
0.7526436
0.816201
0.7281018
0.8606388
0.8049565
0.8001025
0.8295383
0.7856318
0.8365093
0.7763393
0.7838952
0.7846817
0.8196569
0.8343389
0.9043832
0.7825567
0.771639
0.8394188
0.7749071
0.7879548
0.774303
0.7772588
0.782535
0.7861756
0.7810917
0.7832665
0.7728303
0.7825637
0.7817172
0.7830253
0.7806076
0.7760772
0.7865502
0.7854158
0.7911531
0.7826284
0.7790758
0.7788806
0.7858663
0.7953978
0.784113
0.8011035
0.7741577
0.790745
0.7738899
0.7732742
0.7848615
0.7835931
0.7767075
0.7793603
0.7806793
0.7243378
0.7864759
0.7707969
0.7960734
0.7941111
0.7862298
0.776474
0.8537045
0.7930442
0.7821088
0.8024762
0.8240637
0.7802488
0.9028863
0.8382099
0.8362587
0.8186791
0.7837791
0.7783378
0.7882824
0.7864769
0.7815744
0.7770733
0.7781723
0.7721841
0.8622621
0.7890674
0.7899741
0.7760354
0.7553933
0.7775727
0.780492
0.7815194
0.8289911
0.7805762
0.7634715
0.7997546
0.7466667
0.7482601
0.7664263
0.7896289
0.767644
0.8188261
0.7771318
0.6276034
0.7203685
0.7865391
0.8323786
0.624326
0.7817963
0.8073976
0.7565836
0.8545107
0.8037923
0.8005949
0.8246183
0.7000191
0.8272774
0.6539622
0.6589868
0.67556
0.8041232
0.8379066
0.9014605
0.6679487
0.6115924
0.8424498
0.6573086
0.7622941
0.6010941
0.6504895
0.6639844
0.667609
0.6573215
0.6701822
0.6448
0.6513199
0.6610308
0.6712889
0.6692754
0.6571703
0.6666214
0.653238
0.6879503
0.6727674
0.6604199
0.6638391
0.6548153
0.7008663
0.6860987
0.7076522
0.6503492
0.6788438
0.6604031
0.655759
0.6704439
0.6668467
0.6574267
0.7085064
0.6734134
0.7450106
0.6838546
0.6496492
0.6941988
0.699316
0.6705634
0.6629483
0.8438023
0.7619897
0.6588542
0.8032934
0.8114346
0.6781246
0.8965765
0.8277474
0.84659
0.8137577
0.6344162
0.6786252
0.6810717
0.6892971
0.6711794
0.6702743
0.7546989
0.7564314
0.8679401
0.7677153
0.7565949
0.6455121
0.7534014
0.6519192
0.6552931
0.6485114
0.8324741
0.6748287
0.7346205
0.7845974
0.7442293
0.7462742
0.776976
0.7971929
0.7714644
0.8196791
0.7912258
0.6639103
0.7381667
0.7856943
0.8281729
0.6598617
0.7846475
0.8038713
0.767082
0.8559514
0.8072142
0.8031001
0.8246338
0.717241
0.8269017
0.666533
0.6753162
0.6866227
0.8033545
0.8408879
0.9034518
0.6815492
0.6739951
0.845005
0.6911012
0.7701995
0.6803246
0.6354217
0.6477311
0.6482888
0.6297114
0.6622587
0.6279118
0.6181439
0.6347773
0.6551172
0.651817
0.6423203
0.6524267
0.6388509
0.6725489
0.6500769
0.6529452
0.6540497
0.6420388
0.6845668
0.6811508
0.6919272
0.6609615
0.5109511
0.6240846
0.6186329
0.6548014
0.666711
0.6479135
0.7195608
0.6724557
0.7513891
0.6777057
0.6698768
0.6859169
0.6960566
0.6820111
0.6664651
0.8420617
0.7683605
0.6776243
0.807913
0.8144792
0.6734233
0.8979313
0.8227598
0.8424467
0.8182599
0.6825694
0.6922341
0.6838255
0.6891702
0.6837231
0.695813
0.7583766
0.7645292
0.8666803
0.7663811
0.7640132
0.6638144
0.7562534
0.6369435
0.6689189
0.6360558
0.8319526
0.6982881
0.7502301
0.7930696
0.8876174
0.8877638
0.9075541
0.910014
0.8986934
0.9220304
0.898068
0.8915378
0.9046326
0.9081305
0.920455
0.8924108
0.9066426
0.9170624
0.8995796
0.8974857
0.9079552
0.9057691
0.9197579
0.9033003
0.9164414
0.8931378
0.8917626
0.8937191
0.9067408
0.919737
0.9112297
0.8994915
0.8953302
0.9171475
0.8971678
0.899246
0.8949877
0.8928698
0.8957083
0.8951416
0.8934588
0.8947107
0.8906631
0.8922665
0.8921549
0.8952457
0.8953273
0.897361
0.8934187
0.8937834
0.8982866
0.8994796
0.8905143
0.8931356
0.8931615
0.8965857
0.893947
0.8993099
0.8895155
0.8992971
0.8946997
0.8958009
0.8971338
0.8962467
0.8940972
0.8990475
0.895673
0.898339
0.8955141
0.8912877
0.8978558
0.8985798
0.8954644
0.8910299
0.9155861
0.8999321
0.8958282
0.9081246
0.9178746
0.8900894
0.8921829
0.9110234
0.9313593
0.9094994
0.8955695
0.8973066
0.9000843
0.8991888
0.898002
0.8971674
0.8916166
0.892825
0.9445774
0.8947184
0.8990001
0.8911335
0.8982985
0.8943594
0.8927056
0.892068
0.9216774
0.8979642
0.8937095
0.9047209
0.8979797
0.897174
0.9098412
0.9121985
0.9062717
0.9168892
0.9060685
0.8931663
0.898917
0.9119174
0.9164661
0.8952247
0.9122423
0.9087013
0.9062684
0.9061967
0.910488
0.9102852
0.9193574
0.9034232
0.9205274
0.8956522
0.8985307
0.8986614
0.911795
0.9261673
0.9333949
0.8996327
0.9001585
0.9249816
0.8995603
0.9040173
0.8978436
0.8982205
0.9011264
0.8997601
0.8969238
0.8999436
0.8921753
0.893918
0.8939821
0.8988403
0.9016134
0.8962131
0.8951613
0.8972537
0.9001824
0.8952417
0.8938275
0.8940995
0.8976241
0.9006758
0.9032647
0.9035666
0.8960692
0.9004302
0.8943825
0.8963473
0.8987849
0.8985177
0.8988509
0.895764
0.9019798
0.8992304
0.9009662
0.8961215
0.9021382
0.903365
0.8988217
0.8954139
0.9209475
0.8989512
0.9
0.9069123
0.9201742
0.8987068
0.9223766
0.9105165
0.9295288
0.9122116
0.8954885
0.8986403
0.9051378
0.9022288
0.9009494
0.9005807
0.9028483
0.9027151
0.9414566
0.8970803
0.8964454
0.8936034
0.9078006
0.8961489
0.8926252
0.8947539
0.916123
0.897972
0.9002238
0.9068971
0.8511261
0.8503263
0.8691206
0.8691919
0.8623128
0.88376
0.8565217
0.8521153
0.8638309
0.8719512
0.8872008
0.8562395
0.8670846
0.8724732
0.856561
0.8661607
0.8691121
0.8690205
0.8841186
0.8656694
0.8807368
0.8565857
0.8511351
0.8576877
0.8736039
0.8909839
0.9053984
0.8609573
0.8564525
0.8879996
0.8602024
0.858511
0.8569401
0.8559492
0.8583152
0.8553769
0.8536702
0.8617886
0.8539427
0.8535228
0.8567966
0.8642942
0.8622617
0.85789
0.8557256
0.8582881
0.8603829
0.8603503
0.8549966
0.8553706
0.8587095
0.8610868
0.8598539
0.8596983
0.8538429
0.8630723
0.8587609
0.8557515
0.8612534
0.858175
0.8521044
0.8587625
0.8582484
0.8590242
0.8615772
0.8548525
0.8616682
0.862992
0.8608315
0.8500453
0.8831637
0.8554369
0.8601946
0.8668414
0.8807197
0.8543459
0.8830875
0.8739797
0.8916335
0.8739926
0.8564494
0.8570988
0.8620725
0.8628954
0.8551836
0.8579124
0.8532622
0.8557721
0.916083
0.8535981
0.8533058
0.8537679
0.8600707
0.8543267
0.8508707
0.8557964
0.8808925
0.863159
0.8560269
0.8694418
0.7404167
0.7414778
0.7763908
0.8012488
0.7696785
0.8179808
0.7814886
0.6750771
0.7383214
0.7900596
0.8312918
0.6768828
0.7887028
0.8071515
0.7640496
0.8551056
0.8004102
0.7986699
0.8280609
0.7307882
0.8296183
0.6736396
0.6857124
0.6980428
0.8121672
0.8434021
0.9038661
0.6744233
0.6900682
0.8420574
0.7011435
0.7668675
0.6953022
0.6569887
0.6758224
0.6736287
0.6643752
0.6875943
0.6574252
0.6658293
0.676131
0.6844122
0.6847942
0.6620351
0.6722582
0.6745048
0.695655
0.6795712
0.667773
0.6829383
0.6642092
0.6998711
0.6832754
0.7170618
0.6617485
0.6861251
0.6638616
0.6555079
0.6785644
0.6780192
0.6667583
0.7173798
0.6790476
0.7522689
0.6910936
0.676339
0.7075454
0.711749
0.6904667
0.6660321
0.8495148
0.7611714
0.6841521
0.8038722
0.8133228
0.6816755
0.8965649
0.8260276
0.8441963
0.8119476
0.6899569
0.6935473
0.6895803
0.7085536
0.6993172
0.6854609
0.7559897
0.7555725
0.8686199
0.7618273
0.7601042
0.668127
0.762491
0.6690379
0.6857754
0.6714782
0.8335802
0.6943266
0.7416109
0.7918113
0.7867474
0.7864725
0.797879
0.8111989
0.7965333
0.8138805
0.799614
0.7591064
0.7758808
0.8121944
0.831213
0.7620145
0.8050185
0.7841221
0.7885326
0.852786
0.8043681
0.8018747
0.8326754
0.7892999
0.8395423
0.7739522
0.7718617
0.7865763
0.8261699
0.8572636
0.9019401
0.7773725
0.7779177
0.8255517
0.7850668
0.7816479
0.777056
0.7740253
0.7887167
0.7909198
0.7730374
0.7823767
0.7702911
0.7724261
0.781809
0.7863444
0.7869098
0.7723246
0.7796931
0.7818124
0.7908214
0.7766456
0.7688477
0.7732347
0.7739647
0.795265
0.7858937
0.7935025
0.7656027
0.7871266
0.7749857
0.7807073
0.7802061
0.7828046
0.7743203
0.7755918
0.7794947
0.7792192
0.7804663
0.7712011
0.8006792
0.796339
0.7756659
0.7713483
0.8492659
0.7580145
0.7737077
0.7899591
0.8220781
0.7832621
0.8987574
0.8198917
0.8398048
0.79484
0.765353
0.782811
0.789092
0.7946683
0.7840155
0.7775477
0.7859095
0.7810373
0.864016
0.7748311
0.7559373
0.7695727
0.7920201
0.7768606
0.7703538
0.7713405
0.8214208
0.7760654
0.7670848
0.8009574
0.7487377
0.7500944
0.7744183
0.7943765
0.7743934
0.8162654
0.790073
0.6730916
0.7280679
0.7841103
0.823056
0.6836185
0.7883943
0.7986585
0.7671532
0.8520456
0.7961547
0.7965904
0.8195104
0.7198994
0.8268449
0.6802919
0.6909704
0.7030869
0.8094198
0.8444865
0.9028069
0.6842211
0.6959904
0.8388383
0.7041014
0.7657408
0.7038115
0.6797071
0.6988972
0.7023198
0.6831301
0.7009046
0.6797029
0.6790852
0.6840226
0.7036331
0.704799
0.6778555
0.6885874
0.6841999
0.7031589
0.6889302
0.6873947
0.6808121
0.6851638
0.7227191
0.7021135
0.7216038
0.6806671
0.7047148
0.6727916
0.6662578
0.6900581
0.6913753
0.6848659
0.7170379
0.6949854
0.7546001
0.6988553
0.68
0.7107081
0.7131858
0.7112009
0.6734471
0.8395967
0.7533944
0.6931328
0.8016739
0.8116659
0.7006979
0.8961176
0.8192834
0.8366368
0.8096262
0.6854883
0.7009316
0.6920936
0.7149984
0.7014688
0.6951794
0.761999
0.7701284
0.8645232
0.7601215
0.7515119
0.6835911
0.7680381
0.677518
0.6874158
0.6690083
0.8259048
0.6929014
0.7472058
0.7937521
0.809629
0.811139
0.810598
0.8255369
0.8124727
0.8300593
0.8300107
0.8112739
0.8196389
0.7659532
0.8401274
0.8077003
0.7888543
0.8368963
0.751908
0.8757726
0.8313458
0.825405
0.8376497
0.8213824
0.8468254
0.8119969
0.8136853
0.817244
0.8337949
0.8518759
0.9110891
0.8186305
0.8138597
0.8592696
0.8121157
0.8172251
0.8136996
0.8117188
0.8161607
0.8171828
0.8149516
0.8148091
0.8117776
0.8121973
0.8163994
0.8103119
0.8224103
0.8111378
0.8127012
0.8142627
0.8181911
0.8141325
0.8114455
0.8146895
0.8139875
0.8215747
0.8134274
0.8252543
0.8144996
0.8164264
0.8120027
0.8108557
0.8167296
0.8134902
0.8138569
0.8143098
0.8097648
0.7596432
0.823889
0.8115076
0.8202287
0.8243895
0.8196832
0.8149227
0.8658875
0.8273581
0.8061627
0.8332541
0.8358784
0.8184587
0.9084121
0.8556389
0.850857
0.8400558
0.8136998
0.8125222
0.8156531
0.8156179
0.8153497
0.8110732
0.8139592
0.8094305
0.8637923
0.8225815
0.8267329
0.8071518
0.7951019
0.8104033
0.8115791
0.8170954
0.8491987
0.8142667
0.7995259
0.8221012
0.7615994
0.7626403
0.7785885
0.8021454
0.7869418
0.8238819
0.7983916
0.6868653
0.7444724
0.7884584
0.8309113
0.6832322
0.7907467
0.8085918
0.7726546
0.8559796
0.8095188
0.8051183
0.8288142
0.7286977
0.8300918
0.6932591
0.7003495
0.7095117
0.8159534
0.8454981
0.9018573
0.6933977
0.6984066
0.8413037
0.7047291
0.7733922
0.7003854
0.6673732
0.6825438
0.6834542
0.6744984
0.6811445
0.662414
0.6637433
0.6757643
0.6762585
0.6782314
0.6460368
0.6791094
0.6760045
0.6901734
0.668102
0.6835393
0.6799921
0.6726972
0.7019497
0.701236
0.707577
0.6852587
0.6783481
0.6500737
0.6605948
0.6842612
0.6764054
0.6805021
0.7320287
0.6950043
0.759626
0.6921782
0.6988932
0.702366
0.712322
0.6966613
0.6827812
0.8428856
0.7685972
0.6942018
0.8101673
0.8168956
0.6998648
0.8979144
0.8291087
0.8413751
0.813657
0.6937451
0.704338
0.6953015
0.7162313
0.6977775
0.7062381
0.7689015
0.7672483
0.8655089
0.7749138
0.7613311
0.6791639
0.7681693
0.6732216
0.7048189
0.6704167
0.8289549
0.695569
0.7545196
0.799292
0.7527
0.754313
0.778214
0.7985668
0.7770377
0.8180755
0.7904816
0.6676391
0.7405903
0.7849193
0.8299538
0.6405317
0.7914713
0.8094351
0.7720871
0.8515869
0.8040641
0.8031309
0.8300517
0.7192412
0.8332416
0.673772
0.6859103
0.6920637
0.8107334
0.8373657
0.904051
0.686901
0.6687847
0.8430943
0.6840351
0.7710956
0.6718017
0.6760787
0.6883109
0.6884905
0.6804765
0.6914805
0.6708344
0.6682231
0.6868078
0.6978376
0.6933766
0.6735562
0.6847084
0.6843941
0.7046254
0.6873907
0.6902608
0.680744
0.6934551
0.717745
0.6981475
0.7201112
0.6808667
0.6965187
0.6736291
0.6725517
0.6978173
0.6959617
0.6789685
0.7246452
0.6956838
0.7636533
0.6952108
0.6703974
0.7104981
0.7122721
0.7007356
0.6776119
0.8469901
0.7684041
0.6741537
0.8076627
0.8152642
0.6990461
0.8973179
0.8296768
0.8385736
0.8185464
0.6804777
0.6934552
0.7038176
0.7141251
0.690501
0.6966996
0.7602065
0.7686221
0.8662977
0.770205
0.7701981
0.6661351
0.7639135
0.6853718
0.6762271
0.6792566
0.8328463
0.6766986
0.7546883
0.7941878
0.7928282
0.7926397
0.7943862
0.8147142
0.7942741
0.8328077
0.811904
0.7908283
0.8015869
0.7951371
0.8381983
0.7842683
0.7897659
0.83441
0.7793827
0.8654726
0.8195592
0.8198302
0.8390591
0.8013106
0.8430493
0.789693
0.7983764
0.8039757
0.8279155
0.8486791
0.8998769
0.8003333
0.7978261
0.8459811
0.7981416
0.8061393
0.7922413
0.7930044
0.8012221
0.801915
0.799899
0.7995479
0.7903839
0.792775
0.8017506
0.7955795
0.8010113
0.7907843
0.796425
0.7901033
0.8020644
0.7918914
0.7955618
0.7959574
0.7954161
0.7998031
0.8000447
0.812915
0.7948791
0.7999222
0.7902126
0.7928231
0.7982911
0.796647
0.7919685
0.797508
0.8000227
0.7730324
0.803638
0.7904573
0.8088746
0.8042049
0.8046112
0.7923442
0.8558662
0.8072512
0.7870846
0.8208864
0.8406316
0.7958338
0.902584
0.8439047
0.8494325
0.8385044
0.7987553
0.8004464
0.8036512
0.7990522
0.7928855
0.7983781
0.79102
0.7904094
0.8675175
0.7990417
0.8060841
0.7939166
0.7836604
0.7919558
0.7982736
0.7907955
0.8431277
0.797625
0.7861931
0.8146573
0.7893721
0.7878967
0.7892695
0.8084101
0.7940806
0.835972
0.8110025
0.7935406
0.8042972
0.7783526
0.8343864
0.7852122
0.7797121
0.8321412
0.7701562
0.8685396
0.821785
0.8213975
0.8396675
0.8037267
0.8391081
0.791617
0.800266
0.7962477
0.8274702
0.8357941
0.9081335
0.8007499
0.7938623
0.8453131
0.7859541
0.798252
0.7913218
0.7926445
0.7942418
0.7991974
0.7907243
0.7960207
0.7942683
0.791372
0.7922514
0.7963597
0.8001823
0.7926723
0.7920937
0.7914244
0.798772
0.7983458
0.7921669
0.7962772
0.7902935
0.8013702
0.7985332
0.79954
0.7853866
0.7962266
0.7865205
0.7942971
0.7969865
0.794219
0.7960112
0.7983014
0.7980317
0.7594903
0.799494
0.7903182
0.8061042
0.8059787
0.7995135
0.7960712
0.8553514
0.8110722
0.7977154
0.821462
0.8347338
0.7984914
0.8994695
0.8429526
0.8469829
0.8350959
0.7962842
0.7920326
0.7998612
0.7972304
0.7975282
0.7964801
0.7952298
0.7874374
0.871942
0.806493
0.8180598
0.7863782
0.7635132
0.7916984
0.7919813
0.7938815
0.8416545
0.7957626
0.7809933
0.804909
0.7679872
0.7678318
0.7851696
0.7977923
0.7878276
0.8191937
0.7932216
0.7685392
0.7767372
0.7875471
0.823879
0.7612641
0.7858125
0.8133404
0.7665869
0.8575101
0.8060351
0.8011024
0.824564
0.7893559
0.8298812
0.767988
0.7660789
0.7819468
0.8159055
0.8362494
0.9037318
0.7820287
0.7716382
0.838534
0.777498
0.7767906
0.7669489
0.7732903
0.7774011
0.7771461
0.7731733
0.7720334
0.7730377
0.7761486
0.7730668
0.782842
0.7727533
0.765334
0.7778032
0.768724
0.7870641
0.7732439
0.77638
0.775402
0.7737999
0.7836828
0.7791948
0.7920504
0.7757868
0.7827813
0.7702025
0.7691732
0.7767111
0.7725557
0.7756183
0.7755554
0.7792983
0.7548359
0.7704258
0.7645547
0.7894912
0.7854525
0.779626
0.7747608
0.8466495
0.7862229
0.7759811
0.8115186
0.8187106
0.7764416
0.8965195
0.8299113
0.835754
0.8214268
0.7724046
0.7753733
0.7779101
0.7729615
0.7745714
0.776494
0.7811313
0.7709232
0.8584947
0.7865964
0.7863325
0.7718714
0.7610718
0.771549
0.7682567
0.7724951
0.8276903
0.7709091
0.764205
0.8099616
0.7711997
0.7711106
0.78417
0.813381
0.7766567
0.8291761
0.7973877
0.7754538
0.7853139
0.7721632
0.8313093
0.7723485
0.765324
0.8241781
0.7517657
0.8611814
0.8165605
0.8053142
0.8351884
0.7957992
0.8338168
0.780382
0.7824565
0.7863381
0.8222832
0.8393193
0.9039659
0.7837173
0.7742609
0.8463076
0.7817812
0.7894906
0.7771454
0.778394
0.7873176
0.7884765
0.7791185
0.7804837
0.7830125
0.7828417
0.7836517
0.796032
0.7848038
0.7791046
0.7870957
0.7863925
0.7958026
0.7831721
0.7852523
0.7874712
0.7858111
0.793604
0.7765278
0.7943193
0.7778923
0.7865588
0.7845938
0.7797221
0.7820612
0.7929562
0.7814963
0.779491
0.7832877
0.7480116
0.7895296
0.7729795
0.794466
0.7988188
0.7900494
0.7797033
0.8599205
0.8032295
0.7817841
0.8157935
0.8242334
0.784536
0.8978606
0.8414328
0.8457353
0.8260202
0.7799452
0.7878209
0.7881864
0.7878043
0.7872364
0.788593
0.7817822
0.7684963
0.8693085
0.7933315
0.8006088
0.7778091
0.764664
0.784962
0.7769409
0.7845805
0.8375994
0.7888981
0.7624923
0.8054985
0.8495432
0.8497524
0.8463108
0.8570426
0.8478433
0.8305938
0.8543698
0.8433477
0.8465755
0.8487116
0.8413628
0.8411959
0.8500465
0.8434916
0.8456056
0.8813327
0.8312742
0.8376041
0.8420278
0.8544924
0.8691817
0.8437812
0.8481343
0.8478465
0.8630407
0.8705515
0.9152425
0.849745
0.8439851
0.865436
0.8481451
0.8457003
0.8433446
0.849828
0.8511505
0.8570798
0.8458686
0.852712
0.8513574
0.8460268
0.8516183
0.8507242
0.8522913
0.8469541
0.8526551
0.8519347
0.8546686
0.8445598
0.8493294
0.8486924
0.8500075
0.8554515
0.8539994
0.8541867
0.8493344
0.8509197
0.844291
0.844389
0.8459948
0.8482311
0.8511731
0.8462513
0.852749
0.8408126
0.8502384
0.8435278
0.8570528
0.8566663
0.8482714
0.8431205
0.8802364
0.8446869
0.8474361
0.8448525
0.8576523
0.854144
0.9086055
0.8625124
0.8641795
0.846485
0.8482224
0.8465998
0.8479656
0.845719
0.8494277
0.8508369
0.8463626
0.845496
0.8695246
0.8444754
0.8457497
0.8449728
0.8490439
0.8438393
0.8450761
0.8450066
0.8551644
0.8442854
0.8387415
0.8484614
0.7550311
0.7563245
0.7743219
0.8005618
0.7828009
0.8213645
0.7903043
0.6755287
0.7373456
0.7875906
0.8303644
0.6731035
0.7844003
0.8075083
0.7682458
0.856518
0.8007419
0.7994931
0.8275985
0.7195942
0.8302509
0.6740248
0.6491123
0.6886792
0.8073423
0.8381864
0.9061185
0.6690354
0.6896932
0.8434429
0.6985169
0.7680482
0.6927114
0.6527666
0.6720234
0.6818536
0.6535565
0.6703368
0.6438468
0.6501313
0.6573944
0.6712436
0.675557
0.606326
0.6645641
0.6596569
0.685646
0.6223861
0.6618
0.6629934
0.6555369
0.6943669
0.6864717
0.702669
0.6591324
0.6700191
0.6405034
0.6371071
0.6705056
0.6704112
0.6570867
0.7289269
0.6744684
0.7567268
0.6755442
0.6825334
0.6942857
0.6990359
0.6773768
0.6615868
0.8431383
0.7695655
0.6798434
0.8135316
0.8151955
0.6872229
0.8967132
0.828045
0.8371055
0.8166978
0.6894049
0.6874722
0.6940179
0.702979
0.6956578
0.694745
0.7671352
0.7652179
0.8699839
0.7697276
0.7689711
0.6638616
0.7584353
0.655963
0.6637822
0.6514085
0.8351922
0.692702
0.7485836
0.7935487
0.7784686
0.7788462
0.7755145
0.8020088
0.7795645
0.8119834
0.7959162
0.7679519
0.7886156
0.759074
0.8180108
0.766701
0.7655942
0.82021
0.7471756
0.8656531
0.7987299
0.7964791
0.8249879
0.7945508
0.8329568
0.7726184
0.7764111
0.7831332
0.816395
0.8312828
0.9069087
0.7795778
0.7699932
0.8366626
0.7749708
0.7856448
0.7733295
0.774083
0.7858336
0.7789984
0.7698139
0.7794883
0.7772053
0.775869
0.7817719
0.7884959
0.7801931
0.7744498
0.7817368
0.7688514
0.7889428
0.7732657
0.7782584
0.7792474
0.769439
0.7903892
0.7832457
0.7941656
0.7740201
0.7821827
0.7752252
0.777116
0.7852173
0.7821191
0.7820218
0.7833036
0.7834041
0.740901
0.7831836
0.7729627
0.7913915
0.7929014
0.7822333
0.7753317
0.8507863
0.79838
0.7788403
0.8072984
0.8273735
0.7826652
0.9026031
0.8374767
0.835818
0.8226539
0.7787799
0.7731999
0.7860936
0.7833324
0.7834825
0.7831582
0.7809637
0.7669997
0.8593331
0.7915454
0.7967254
0.7722535
0.7582996
0.780041
0.7761117
0.7768211
0.831144
0.7868871
0.7596833
0.793142
0.7735795
0.7728588
0.7807705
0.8034374
0.7793515
0.8272677
0.8011945
0.7704166
0.7842945
0.7701566
0.8362887
0.7749856
0.7706712
0.8310677
0.752289
0.8635198
0.8163326
0.8121768
0.8352958
0.7959284
0.8361673
0.7745741
0.7816137
0.7794837
0.8157791
0.8375344
0.9063794
0.7832367
0.7755114
0.845101
0.77456
0.7897171
0.7765488
0.7745008
0.7839635
0.7842326
0.7798883
0.7794683
0.780195
0.7716303
0.7753306
0.7863113
0.7789961
0.7795928
0.7838286
0.7764469
0.7821631
0.776736
0.7797691
0.7809803
0.7780603
0.7839893
0.7859709
0.7945581
0.7748
0.7817054
0.7732518
0.7788208
0.7798362
0.7844084
0.7767737
0.7757119
0.7842706
0.7460379
0.7933983
0.7769984
0.7916273
0.7953504
0.7848225
0.7769635
0.8467703
0.8062968
0.7797733
0.8228958
0.8293192
0.7842063
0.8978701
0.8365531
0.8485625
0.8322748
0.7774032
0.7771681
0.7885363
0.7824706
0.7776635
0.7830381
0.7834094
0.771654
0.8709369
0.7876036
0.8012622
0.775961
0.7590355
0.779816
0.7773237
0.7758491
0.8344188
0.7838661
0.7610842
0.8004594
0.7925036
0.7921188
0.7853888
0.8153809
0.8020015
0.8355817
0.8119747
0.7940711
0.7976197
0.7933901
0.8440659
0.7885666
0.7973502
0.8347403
0.7812632
0.8652671
0.8228833
0.8236658
0.8345833
0.8037155
0.8448738
0.7942353
0.7972751
0.7959723
0.8275565
0.8425423
0.9072687
0.8011211
0.7985112
0.8488437
0.7911609
0.7970168
0.800507
0.7987683
0.8025148
0.8011074
0.7995001
0.8022325
0.7983053
0.8012739
0.8008063
0.802405
0.8004072
0.8005987
0.7962614
0.7935739
0.8003392
0.7990478
0.7998781
0.8008103
0.8009566
0.7981786
0.7916272
0.8049314
0.7907791
0.7945531
0.794886
0.794903
0.7992912
0.795951
0.7971446
0.7986838
0.7993495
0.7787323
0.8000331
0.7942165
0.8051885
0.8097329
0.8052902
0.7955863
0.8565141
0.8096981
0.7938167
0.8305475
0.834545
0.7968101
0.9055307
0.8405879
0.8510709
0.8334233
0.8005814
0.7954435
0.7992219
0.7998383
0.7980817
0.7954145
0.8040994
0.7907548
0.8714561
0.8028146
0.8065041
0.7981104
0.7786965
0.7992786
0.7969566
0.793266
0.8434117
0.804057
0.7893873
0.8188553
0.7444137
0.7457492
0.7772493
0.7971181
0.7797799
0.8231228
0.7876096
0.7428243
0.7679886
0.7832704
0.8314527
0.7499223
0.7809764
0.8175064
0.7538953
0.8470854
0.8053677
0.8065139
0.8286371
0.7870429
0.8238016
0.7548771
0.7569398
0.762149
0.8074722
0.8396894
0.9024334
0.7607309
0.7593435
0.8409996
0.7570731
0.7749724
0.7590792
0.7523341
0.758039
0.7584707
0.7499063
0.7623816
0.7495299
0.7487042
0.7549378
0.7675873
0.7574303
0.7579835
0.7577275
0.7512295
0.7639759
0.7633611
0.7553528
0.7528994
0.755985
0.7728846
0.7650528
0.7723111
0.7403118
0.7691792
0.7536322
0.7527241
0.7599465
0.7599043
0.7506943
0.7599824
0.758759
0.7480588
0.7626514
0.7565576
0.7755066
0.7780937
0.7567349
0.7536756
0.8441199
0.7796976
0.7664146
0.8088018
0.8224506
0.7532532
0.8954356
0.8229534
0.8408847
0.8210543
0.7458612
0.7625524
0.7619948
0.7758886
0.7581161
0.7639626
0.7665329
0.7649048
0.871574
0.7743347
0.7781504
0.7505736
0.759279
0.7555293
0.7528139
0.749733
0.8323098
0.764171
0.7564227
0.7991927
0.75065
0.7516671
0.7749533
0.7957052
0.7708738
0.8169889
0.7911792
0.6722741
0.7305536
0.7896323
0.8296588
0.6700528
0.7869148
0.808484
0.7679712
0.8557013
0.8035151
0.8002832
0.8299362
0.7188795
0.8239086
0.6692092
0.6802828
0.6892519
0.8076782
0.8385617
0.9027875
0.689454
0.6837179
0.8437014
0.6919228
0.7689309
0.6862732
0.6397311
0.6603373
0.6641791
0.6441537
0.6611812
0.6426164
0.6354124
0.652168
0.6635844
0.6573022
0.6545121
0.6511975
0.6516274
0.6745781
0.6588471
0.6646025
0.6667116
0.6496785
0.6806069
0.6746868
0.6939048
0.6588356
0.5417426
0.6281431
0.6306424
0.6678098
0.6543351
0.656488
0.7313462
0.6717521
0.7536678
0.6730654
0.6782766
0.6848642
0.7021872
0.6907625
0.6696915
0.8476971
0.7705502
0.6866202
0.8086365
0.8176422
0.6860519
0.8990137
0.8231304
0.8387531
0.8175206
0.6885104
0.6858282
0.6931183
0.6984915
0.6857613
0.6977576
0.7597779
0.7649102
0.8754943
0.7644255
0.7650976
0.6637168
0.763067
0.638637
0.6777074
0.6400193
0.8291179
0.7004703
0.7490607
0.7973002
0.8375842
0.8368751
0.8313892
0.8338148
0.8352402
0.8315511
0.8411704
0.8185706
0.8277095
0.8426693
0.8415909
0.8230926
0.8305529
0.8142332
0.8266929
0.8802201
0.8385823
0.8375802
0.8427495
0.8266928
0.8516885
0.824046
0.8298124
0.8296675
0.8459188
0.8668053
0.9092662
0.8331354
0.8243321
0.8313988
0.829354
0.8202264
0.8276669
0.824725
0.8306303
0.838316
0.8289419
0.8340243
0.8326366
0.8338793
0.8316544
0.832982
0.8306322
0.8213741
0.8293419
0.8271863
0.8338297
0.8235599
0.8312419
0.8279508
0.8300435
0.8391322
0.832243
0.835151
0.8311558
0.8335999
0.8340167
0.8270532
0.829381
0.8321454
0.8321226
0.8190933
0.829933
0.8240612
0.8280673
0.8266954
0.8323747
0.8371224
0.8268536
0.8262146
0.8633651
0.8191658
0.8295756
0.8107243
0.8340857
0.8329013
0.9080537
0.8500319
0.8458666
0.8212194
0.8253842
0.8281719
0.8310846
0.8291519
0.8324891
0.8253087
0.8280691
0.8286763
0.8625706
0.827043
0.8226563
0.8269401
0.8322014
0.8241032
0.8258095
0.8265242
0.8245905
0.8251315
0.8297329
0.8387552
0.7532222
0.7537301
0.7577703
0.7840988
0.7650329
0.8176914
0.777514
0.7515252
0.7763211
0.7807638
0.8216763
0.7537417
0.7740377
0.8056071
0.7618918
0.8576871
0.7993792
0.7970143
0.825646
0.7863946
0.8238536
0.7592165
0.7642512
0.771414
0.8089844
0.8311628
0.9022216
0.7664075
0.7620771
0.836386
0.7636036
0.7644628
0.7596935
0.763398
0.764983
0.7660582
0.7567898
0.772204
0.7553713
0.7558849
0.7604179
0.7670251
0.7646958
0.7642643
0.7609398
0.7591499
0.7661717
0.7663674
0.7600995
0.7612892
0.7660166
0.7766622
0.7667739
0.7773731
0.7581998
0.7625136
0.7587844
0.7621404
0.7679995
0.7648607
0.7553229
0.7666297
0.768855
0.7505654
0.7777399
0.752243
0.7758351
0.7816429
0.7623207
0.7513728
0.8407307
0.7749732
0.7564808
0.8052686
0.8111111
0.7704984
0.8971714
0.8278045
0.8355321
0.8145592
0.7600234
0.7625176
0.7716763
0.7740805
0.7646924
0.764968
0.7626069
0.7510629
0.8609567
0.7811916
0.7742714
0.7532595
0.7615751
0.762205
0.7656853
0.7656141
0.8275047
0.7655771
0.7431393
0.7846951
0.8199352
0.8206684
0.8160535
0.8268408
0.8216843
0.8304992
0.8339107
0.8195821
0.8244894
0.8198388
0.8383616
0.8195166
0.8237287
0.8426036
0.8149604
0.8799256
0.8215456
0.8233993
0.8458526
0.8298942
0.8528222
0.82222
0.8220883
0.8298728
0.8372021
0.84845
0.9120892
0.8207921
0.8200744
0.8564233
0.8243835
0.8228864
0.8176637
0.8231673
0.8295842
0.826555
0.8250429
0.8268993
0.8199827
0.8223232
0.8232631
0.8224574
0.8173712
0.8207113
0.8227236
0.822758
0.8294812
0.823295
0.8175323
0.8218208
0.823306
0.8281979
0.8273147
0.8324925
0.8244613
0.8217241
0.8228327
0.8165791
0.8247781
0.82666
0.8216219
0.8163223
0.8260273
0.8090182
0.8262788
0.8161213
0.8303554
0.8358005
0.8192088
0.8141264
0.8672512
0.8344216
0.8162404
0.8458383
0.8447599
0.82531
0.9112419
0.8595817
0.8549848
0.8446099
0.824507
0.8210433
0.825942
0.8225227
0.8213945
0.8230969
0.8154598
0.8214014
0.8653115
0.8299242
0.8297884
0.8145524
0.8218221
0.8233394
0.8245101
0.8233413
0.8509963
0.8207683
0.8109985
0.8235727
0.752176
0.7534079
0.7767497
0.8033299
0.7825721
0.8269666
0.7865707
0.6805742
0.7454706
0.7917334
0.8366554
0.6750924
0.7923026
0.8170315
0.7701638
0.8535578
0.8121875
0.8103836
0.8329427
0.7278816
0.8346645
0.6849522
0.6966415
0.6983147
0.8091818
0.8418123
0.9037309
0.6900045
0.6865545
0.8476375
0.6999621
0.7814113
0.6955394
0.6855247
0.6897773
0.6973913
0.6855582
0.6987852
0.6785691
0.6734112
0.6864118
0.7021903
0.7002257
0.6913257
0.6900718
0.6928501
0.7047966
0.7015288
0.6845219
0.6924538
0.6933071
0.7188514
0.7075575
0.7232445
0.6844243
0.6998969
0.6748247
0.683473
0.6983326
0.698
0.6818364
0.7387382
0.693462
0.7611244
0.6957397
0.6889681
0.7199126
0.7252632
0.6955756
0.69869
0.8470558
0.7772675
0.689871
0.815336
0.823599
0.6976262
0.8969498
0.8325734
0.8470054
0.8250571
0.6962417
0.6847243
0.6934631
0.6819838
0.6722434
0.6739715
0.7663481
0.7679748
0.8784489
0.7790648
0.7718592
0.6755154
0.7725968
0.6920309
0.6863556
0.6899327
0.8378995
0.6962512
0.7568125
0.7969425
0.7573671
0.7585264
0.7728033
0.7883175
0.7717061
0.8124584
0.7952003
0.751333
0.7774057
0.7455166
0.8203363
0.7564065
0.7513248
0.803308
0.7220442
0.8580054
0.8042925
0.7932941
0.8227598
0.7821478
0.8294447
0.7656911
0.7666396
0.7705261
0.8092
0.8274452
0.9036021
0.7801664
0.762053
0.8354845
0.7681467
0.7695455
0.7631857
0.7652989
0.7724993
0.7723502
0.7688004
0.7748748
0.7620688
0.7588926
0.7733855
0.7731744
0.7707775
0.7626818
0.7608901
0.7717869
0.7856571
0.7702953
0.769425
0.7684738
0.7688493
0.7838159
0.7724775
0.7856863
0.7594269
0.7699971
0.7552232
0.7617535
0.7766617
0.772508
0.7605128
0.7672975
0.7630258
0.7134737
0.7696225
0.7550556
0.7778538
0.7843791
0.7772714
0.7679613
0.8438979
0.7819239
0.7661337
0.7986428
0.8092881
0.7686449
0.9003554
0.8258565
0.8342413
0.8159881
0.7692216
0.7720928
0.77449
0.7795891
0.7658828
0.7626236
0.7692779
0.7553793
0.8541001
0.7815879
0.7809313
0.7652546
0.7517249
0.7650322
0.7582079
0.7639822
0.8270246
0.7640534
0.7482031
0.7883581
0.7635158
0.7655332
0.7751934
0.8009411
0.7765334
0.821645
0.8001057
0.7598592
0.79019
0.7488335
0.8268172
0.7646553
0.753702
0.8161715
0.7285118
0.857443
0.8062978
0.798365
0.8234357
0.7908914
0.8355084
0.7693935
0.7779211
0.7799831
0.8144179
0.8313147
0.9026452
0.7849239
0.7764753
0.836802
0.77183
0.7837355
0.7753504
0.7726831
0.7795804
0.7770697
0.7760708
0.7840459
0.7683974
0.7699759
0.7778976
0.7812868
0.7783995
0.7722772
0.7738204
0.7807356
0.7931054
0.776991
0.7792304
0.7769468
0.7778858
0.7947593
0.7875613
0.7996973
0.7680427
0.7876394
0.7669363
0.7693712
0.7848756
0.7789563
0.7698017
0.7767635
0.779624
0.7222128
0.784965
0.7649375
0.7897201
0.7920342
0.7809854
0.7750529
0.8493762
0.789415
0.7734554
0.8058102
0.8212764
0.7708547
0.8992152
0.8309126
0.8387704
0.8205731
0.7758273
0.7795776
0.780229
0.7817189
0.7759031
0.773445
0.7775377
0.7703716
0.8576019
0.7904554
0.7898521
0.7776833
0.7511143
0.7799704
0.770367
0.7813661
0.8334637
0.7737165
0.7576564
0.7988765
0.7434007
0.7448492
0.7773779
0.7966652
0.7737773
0.8218676
0.7806576
0.6621049
0.7326952
0.7890162
0.8345172
0.6672992
0.784596
0.8097208
0.7664178
0.857711
0.8080357
0.7988756
0.833558
0.7272558
0.8292322
0.6737297
0.6821008
0.6820237
0.8051375
0.8435283
0.9038298
0.6909368
0.6840947
0.8467445
0.6947539
0.7670676
0.6975284
0.6569333
0.6829139
0.6839378
0.6692522
0.6872078
0.6542204
0.6572976
0.672564
0.6898304
0.693448
0.6689102
0.6674807
0.6715447
0.6770542
0.6716538
0.6571683
0.657188
0.6699175
0.6917523
0.641054
0.7114251
0.4445606
0.6791419
0.6598142
0.6657408
0.6934555
0.6892528
0.6611061
0.7225311
0.6272521
0.7565954
0.6503842
0.6819075
0.6947259
0.7074124
0.6865692
0.6742373
0.8453382
0.7658553
0.6920625
0.8085094
0.817804
0.6422063
0.8968235
0.823368
0.8441504
0.8182659
0.6762438
0.7010031
0.6970274
0.707342
0.6837966
0.6864592
0.7565301
0.7647713
0.8674786
0.7567142
0.7627935
0.6603183
0.7640193
0.6642107
0.6689524
0.6552106
0.8367725
0.6997587
0.7487221
0.797712
0.7414396
0.7435083
0.7612985
0.7958461
0.7715446
0.8167865
0.7802516
0.641031
0.7297751
0.7795378
0.8245497
0.6410292
0.780643
0.802245
0.7543818
0.8557604
0.7999463
0.7938563
0.8220515
0.714996
0.8252832
0.6551491
0.664454
0.6724355
0.8040633
0.8355377
0.9023989
0.6591184
0.6535135
0.8365501
0.6804358
0.7536996
0.652062
0.6189812
0.6450007
0.6387264
0.6254262
0.647683
0.6247469
0.6144148
0.6294353
0.6470747
0.6498273
0.6188714
0.6405372
0.6330756
0.6580162
0.6340203
0.6321244
0.63198
0.6328683
0.6759893
0.6686569
0.6900402
0.6264849
0.6453102
0.6181146
0.6229837
0.650241
0.6482058
0.6406707
0.7132202
0.6530008
0.7469162
0.6600121
0.6561603
0.6669294
0.6792869
0.6675202
0.6416094
0.843797
0.7603819
0.6547154
0.7955309
0.8128012
0.6649866
0.8937494
0.8232629
0.8383582
0.8094772
0.6625026
0.6660127
0.6657795
0.685729
0.6744433
0.6741595
0.7454643
0.755553
0.8668373
0.7662909
0.7512694
0.6444051
0.7548484
0.6284763
0.6539089
0.6292394
0.8304245
0.6689149
0.7335041
0.7820421
0.7671882
0.7662597
0.7868499
0.8026485
0.7927658
0.81905
0.7969394
0.7709044
0.7861621
0.7711215
0.8303232
0.7686662
0.769268
0.8131734
0.7531687
0.8625755
0.8080717
0.802565
0.8282608
0.7895831
0.8334916
0.7698839
0.7727893
0.7773095
0.8177895
0.840643
0.9062514
0.7763993
0.7708453
0.8424538
0.7737144
0.7773931
0.7730851
0.7666531
0.7788527
0.7736496
0.7700296
0.7788277
0.772099
0.7721094
0.7761563
0.777386
0.7741473
0.768597
0.7761872
0.7669142
0.7814536
0.7765087
0.7778545
0.7762444
0.7762023
0.7824724
0.779898
0.7879557
0.766935
0.772464
0.7694711
0.7695058
0.7795413
0.7730346
0.7680657
0.7808953
0.7743141
0.7384227
0.7802575
0.7681261
0.7849877
0.7860799
0.7810328
0.7737606
0.8474157
0.7893425
0.7768028
0.8123351
0.8223774
0.7760868
0.9018999
0.8367091
0.8392266
0.8224172
0.7746069
0.7739238
0.7781188
0.7804129
0.7797364
0.7753027
0.7866197
0.7849623
0.8627423
0.7890262
0.7836434
0.7664605
0.7670205
0.7715328
0.7771639
0.7717664
0.8320894
0.7760508
0.7749069
0.800745
0.7503213
0.7501833
0.7773431
0.7990627
0.7731296
0.8252657
0.7887948
0.6725414
0.7389627
0.7932647
0.8318343
0.6683198
0.788468
0.813116
0.76542
0.8566859
0.8101346
0.81046
0.8341961
0.7237515
0.8333915
0.6782455
0.6907772
0.690069
0.8047306
0.8382906
0.9020327
0.6898472
0.6789357
0.8458377
0.684187
0.766255
0.6827645
0.6861538
0.6927263
0.6926795
0.6760293
0.7019964
0.68228
0.6750545
0.687891
0.6984249
0.6985323
0.6856731
0.6863206
0.6919169
0.7062452
0.7067827
0.6793607
0.6945893
0.6930525
0.7134108
0.699916
0.7306332
0.6725604
0.7048698
0.6724354
0.6766829
0.7039315
0.6981545
0.6844132
0.7273137
0.6826125
0.7566669
0.6979254
0.6592682
0.7187169
0.7177274
0.6869434
0.6831032
0.8471435
0.7746703
0.6856997
0.8177131
0.8179992
0.6933057
0.8962255
0.8308999
0.8500761
0.8215329
0.6871036
0.7042051
0.7039587
0.6995034
0.7033855
0.6956186
0.7549991
0.7669925
0.8730901
0.772951
0.7711343
0.6662038
0.7679095
0.684573
0.6775553
0.6856238
0.8385562
0.6917308
0.7470732
0.7900211
0.8673363
0.8674161
0.8580533
0.8538907
0.8669638
0.8650095
0.8581981
0.8573337
0.8618008
0.8615535
0.8699812
0.85744
0.8636488
0.8576659
0.8565784
0.898084
0.8678931
0.8683695
0.8687692
0.8638476
0.8672709
0.8560629
0.8596091
0.8663314
0.873837
0.8841951
0.9348162
0.8585775
0.8609799
0.8833707
0.8594898
0.8510311
0.8589022
0.8621407
0.8635437
0.8647017
0.863131
0.8622017
0.8622419
0.8634934
0.8598968
0.8630321
0.8648124
0.8604596
0.8628182
0.8598192
0.8644811
0.8587103
0.8622225
0.8665046
0.8611194
0.8662633
0.8627915
0.8650468
0.8589016
0.8605035
0.8668793
0.8643038
0.863123
0.8640343
0.8605352
0.8569957
0.8612365
0.8602962
0.8575756
0.8603439
0.8642981
0.8668121
0.8618065
0.8590356
0.8855688
0.8565901
0.8602724
0.8637527
0.8609316
0.8667727
0.9326864
0.8782919
0.8648437
0.8681705
0.8550725
0.8578446
0.8625234
0.8579267
0.8599599
0.862464
0.8544286
0.8643136
0.8818943
0.8611587
0.8555675
0.859064
0.8662381
0.8614845
0.8627032
0.8572287
0.8747781
0.8556755
0.8584385
0.866208
0.8145965
0.8148206
0.8114923
0.8245598
0.8098229
0.8093304
0.8295173
0.8080917
0.8174519
0.8238606
0.8180043
0.7998182
0.8209541
0.8195247
0.8138885
0.8746505
0.8015186
0.7987581
0.8230884
0.8126404
0.8457394
0.8099634
0.8150023
0.8225672
0.8189942
0.8474486
0.9179761
0.8143939
0.8110606
0.8424193
0.8155992
0.81449
0.8107679
0.8082783
0.818196
0.8193697
0.8125366
0.8208149
0.8092795
0.8050123
0.8183398
0.8206785
0.82579
0.805833
0.8187039
0.8192943
0.8188504
0.8120447
0.8164463
0.8164228
0.8150827
0.8267555
0.8218545
0.8308969
0.8082103
0.8248879
0.8105984
0.8099979
0.814276
0.8161819
0.8171123
0.8067776
0.8224339
0.8037596
0.820832
0.8086793
0.827747
0.8307183
0.8191326
0.8148384
0.8621273
0.8123311
0.8148762
0.8204877
0.8281736
0.8194393
0.9126671
0.8497784
0.835603
0.82321
0.8120647
0.8164916
0.8194763
0.8199877
0.8199916
0.8175152
0.8120646
0.8115603
0.8199609
0.8151464
0.814402
0.8074188
0.8149108
0.8114301
0.817519
0.8118685
0.8309886
0.809696
0.8061651
0.8192188
0.7764091
0.7771365
0.7962847
0.808364
0.8056171
0.8210285
0.7929678
0.760465
0.7833587
0.8068624
0.8281373
0.7674212
0.8036243
0.8029984
0.7888148
0.8538747
0.8079856
0.8035814
0.8221386
0.7990132
0.8383243
0.7718053
0.7770169
0.7769366
0.8221774
0.8516801
0.9024437
0.779386
0.7760931
0.8387911
0.7796267
0.7857356
0.7789996
0.7736652
0.7905031
0.7873859
0.7714268
0.7864461
0.7716641
0.7713649
0.7742711
0.7823464
0.778001
0.7693828
0.7789407
0.7731658
0.7837586
0.7803209
0.775518
0.7727186
0.7806038
0.7914331
0.7805477
0.7908
0.7637295
0.7872791
0.7692455
0.7732499
0.7829366
0.7803016
0.7766299
0.7756179
0.7710991
0.7779297
0.7752447
0.7733581
0.7855129
0.7942068
0.775303
0.7690294
0.8478226
0.7545657
0.7833691
0.801675
0.8176878
0.7793655
0.8969835
0.8189379
0.8326674
0.8050399
0.7704823
0.7828955
0.7835218
0.7868793
0.7768424
0.7695556
0.7828103
0.7868757
0.8658466
0.769664
0.7517473
0.7703122
0.7938095
0.7741649
0.7722653
0.7706663
0.8229585
0.7748691
0.7687379
0.811433
0.7918638
0.7928602
0.7884527
0.8113523
0.7985718
0.8210567
0.8138281
0.7889851
0.7952542
0.6190698
0.8249528
0.7874164
0.7598778
0.8287985
0.729647
0.8745035
0.8114722
0.8119692
0.8263507
0.8013594
0.8345819
0.795693
0.7955495
0.7958249
0.8232076
0.8418979
0.9119357
0.7915844
0.7910759
0.8386007
0.7876609
0.7975608
0.7910111
0.7932215
0.7995892
0.7962711
0.7929433
0.7997622
0.7882314
0.7896544
0.7969933
0.7914663
0.7958201
0.7796336
0.7959778
0.7921153
0.8027476
0.7823028
0.7947319
0.792718
0.7928472
0.8017454
0.8020879
0.8064738
0.792165
0.7996077
0.7853179
0.788382
0.7993087
0.7940903
0.7894354
0.7954203
0.7927973
0.7239684
0.7989928
0.7942172
0.7982805
0.8004276
0.7934386
0.7895613
0.8530962
0.8114967
0.790299
0.82105
0.8307969
0.794869
0.9064844
0.8468487
0.8398634
0.8276132
0.7972575
0.7854711
0.7966277
0.7946381
0.7938969
0.7889913
0.7961307
0.78922
0.8566437
0.8044258
0.8069984
0.7929879
0.7787772
0.7924612
0.79746
0.7916643
0.8303352
0.7934351
0.7824405
0.8038273
0.7303909
0.7310903
0.7671637
0.7968157
0.7640823
0.8203726
0.7824864
0.6457304
0.7280777
0.787298
0.8326611
0.647408
0.7792619
0.8075879
0.7607845
0.8551082
0.805515
0.8041946
0.829183
0.7193676
0.8292283
0.6574582
0.6704835
0.6753386
0.804675
0.8377257
0.9007514
0.669145
0.6608323
0.8453305
0.6720444
0.7584185
0.6689258
0.5259701
0.5680213
0.5715216
0.59153
0.5729982
0.539976
0.5721706
0.5988842
0.6264926
0.6315387
0.6171947
0.6065632
0.5354171
0.6673622
0.6394591
0.6376316
0.6364527
0.5487268
0.6717031
0.666939
0.6729094
0.6384121
0.6420987
0.5681019
0.5967396
0.5772009
0.6174737
0.6341152
0.7069858
0.6657441
0.7407969
0.6697204
0.655433
0.6805244
0.6789093
0.6702338
0.6435085
0.8452025
0.7625794
0.6660896
0.809972
0.8102926
0.6604702
0.8933
0.8234788
0.8436487
0.81771
0.6549756
0.6822228
0.6777815
0.6900566
0.667795
0.667072
0.7547704
0.7519292
0.8740028
0.7589517
0.7560086
0.6465071
0.7558945
0.6217152
0.6441807
0.6052973
0.8393179
0.679891
0.7332025
0.7855431
0.8198424
0.8189944
0.8192681
0.8224459
0.8288149
0.8079152
0.826368
0.8101069
0.8160468
0.8289715
0.8153831
0.810342
0.8273503
0.8058217
0.8251114
0.8695143
0.806619
0.8053247
0.8156154
0.815387
0.8432915
0.8141099
0.8120305
0.825473
0.8304587
0.8582036
0.9180866
0.8149067
0.8148928
0.8443686
0.8169461
0.8101668
0.8179858
0.8137612
0.8212481
0.8201296
0.8218074
0.8246684
0.8211086
0.8159353
0.8228298
0.8200192
0.8251378
0.8128983
0.8221887
0.8167968
0.8226168
0.8126242
0.8182951
0.8147362
0.8189679
0.8252749
0.8228707
0.8303942
0.817788
0.8183969
0.8180342
0.8145222
0.8185063
0.8180108
0.8215164
0.8166217
0.8196793
0.8173748
0.8208071
0.8113415
0.8258604
0.8306961
0.8266301
0.8157537
0.8579545
0.8101883
0.8145118
0.8154675
0.8250274
0.8210322
0.913967
0.8412787
0.8287099
0.8184781
0.8118747
0.8147933
0.8165684
0.8226679
0.8172124
0.8150501
0.8169645
0.8177023
0.8292955
0.8145907
0.8039272
0.8106069
0.8229544
0.819467
0.8176646
0.820281
0.8232434
0.8100253
0.8135214
0.826354
0.7542744
0.7559955
0.771506
0.7971223
0.7753463
0.8220409
0.7889293
0.6845312
0.735362
0.7863565
0.8316901
0.6660371
0.7920494
0.810242
0.7712901
0.8574126
0.8091413
0.8050418
0.8269182
0.7145444
0.833857
0.6846772
0.6912934
0.7015536
0.807253
0.8371084
0.9004581
0.6932944
0.6862494
0.8393777
0.0670968
0.76988
0.6933164
0.694153
0.6952614
0.7048151
0.6967061
0.700288
0.687722
0.6943307
0.7011924
0.7076769
0.7019571
0.7004332
0.6987791
0.6899051
0.7038221
0.7019996
0.701818
0.6932897
0.7071697
0.7052638
0.7159348
0.7220443
0.6885203
0.7052274
0.6940523
0.6973584
0.7093709
0.7001894
0.6977976
0.7262425
0.707503
0.7554751
0.711744
0.693091
0.7176579
0.7167655
0.7010762
0.6925496
0.8433401
0.7717691
0.6921298
0.8078436
0.8181172
0.7043572
0.8961411
0.8303093
0.8408564
0.8209221
0.70027
0.7000804
0.7058713
0.7082489
0.7152674
0.7102465
0.7643184
0.7690017
0.867582
0.7674028
0.7719209
0.6754261
0.7662585
0.6942133
0.6849527
0.6949578
0.8327191
0.6840203
0.7546495
0.7955921
0.7625023
0.7635329
0.7790994
0.7972071
0.784979
0.8114741
0.7964186
0.6816197
0.7414655
0.798044
0.8255152
0.6906035
0.791506
0.8010876
0.7738446
0.8543895
0.802811
0.7994334
0.8234368
0.7248719
0.8233534
0.6981229
0.7008833
0.7066397
0.8118741
0.8425372
0.9072207
0.6949077
0.6977145
0.8404639
0.7111551
0.7755137
0.7043937
0.6721064
0.6845599
0.6877483
0.667567
0.6825011
0.6650338
0.6749755
0.673043
0.6872241
0.6905556
0.6349784
0.6799896
0.6776886
0.6979266
0.6441293
0.6880461
0.6722054
0.6732882
0.7051346
0.6941766
0.7193902
0.6854102
0.6827208
0.6679359
0.6738309
0.6791933
0.6916971
0.6857143
0.7366656
0.6931262
0.7641412
0.6921939
0.6970089
0.7044987
0.7144267
0.7063071
0.6838063
0.8476369
0.7684017
0.6929709
0.8104568
0.8160978
0.7085794
0.9002638
0.8286943
0.8380948
0.8169275
0.7043781
0.7042717
0.707294
0.7186081
0.7152118
0.7040274
0.7711237
0.7703566
0.8606913
0.7702515
0.7657327
0.6814091
0.7736209
0.6715439
0.6893386
0.6622772
0.8323711
0.6996781
0.7598661
0.7950254
0.7425934
0.7431701
0.772864
0.7941939
0.775975
0.8206307
0.7853352
0.6609132
0.7358006
0.7882906
0.8295868
0.6612338
0.7912916
0.8096673
0.7642257
0.8552205
0.807557
0.8038267
0.8304666
0.7182584
0.827228
0.6678289
0.6820681
0.6878601
0.808771
0.8424445
0.9014508
0.669531
0.6776717
0.843877
0.6985942
0.7661491
0.6832122
0.6278748
0.6489711
0.6435925
0.6238864
0.652267
0.6101946
0.609941
0.641788
0.6577258
0.6538954
0.6432929
0.6397698
0.6374759
0.6700662
0.6485142
0.6616694
0.6490772
0.6338945
0.6938894
0.679234
0.6946385
0.6497998
0.5820143
0.6161842
0.6211649
0.6512032
0.6510058
0.6493785
0.7202256
0.6717127
0.7511275
0.6754146
0.663519
0.6884081
0.6972911
0.678507
0.6610904
0.8481189
0.7671865
0.6808856
0.8074792
0.8186032
0.6791337
0.8955698
0.8240416
0.8445591
0.8209292
0.6799273
0.6836879
0.6822927
0.7006361
0.6812236
0.68638
0.7596853
0.7586368
0.867481
0.7657875
0.7630413
0.6507184
0.7606878
0.6242702
0.6687937
0.6189239
0.8304004
0.6908382
0.7440723
0.7979088
0.7522454
0.7524088
0.778925
0.7977587
0.776866
0.8243471
0.7841091
0.6726527
0.7378616
0.790214
0.8344341
0.6794309
0.7876017
0.8109291
0.7602265
0.8562057
0.811706
0.807476
0.8315955
0.7194794
0.8307193
0.6547715
0.6631717
0.4377838
0.8062955
0.8423691
0.9024447
0.6751997
0.6822302
0.8452163
0.6951929
0.7663409
0.6865565
0.6795184
0.688632
0.693457
0.68154
0.6901905
0.6630748
0.6793496
0.6842243
0.6889591
0.6924072
0.6826721
0.6929973
0.6897182
0.700894
0.6829647
0.6909186
0.6735113
0.6855921
0.7030551
0.6947075
0.7137029
0.6742693
0.6903915
0.6756935
0.6740074
0.6914213
0.690681
0.6834728
0.7273312
0.6802662
0.7563908
0.6951622
0.6737409
0.713285
0.7116656
0.6687467
0.6819976
0.8450286
0.7695113
0.6815095
0.8141193
0.816118
0.6973812
0.8969019
0.8296099
0.845574
0.8258454
0.6798857
0.6958057
0.6951611
0.7052197
0.6899657
0.6999038
0.7665137
0.7636134
0.869517
0.7759394
0.7702729
0.6546619
0.7685006
0.6863169
0.566769
0.6786709
0.8361573
0.7011582
0.755285
0.7931705
0.7590083
0.7587818
0.7794142
0.8020152
0.78283
0.8252223
0.7956613
0.6769458
0.7393146
0.7987731
0.8383077
0.6815266
0.7892334
0.8140667
0.7721577
0.8566402
0.8133354
0.8155417
0.835513
0.723552
0.8324772
0.6663796
0.6748295
0.6137248
0.8146924
0.8440643
0.9019399
0.6809204
0.698796
0.8453384
0.6942212
0.7741016
0.697089
0.693039
0.6965209
0.7010883
0.6857124
0.6999682
0.6804069
0.6801526
0.6868193
0.6903305
0.7019132
0.6856282
0.6874755
0.6983993
0.7142135
0.6963897
0.6959543
0.6938629
0.6921516
0.7052757
0.7016322
0.7352173
0.6780045
0.7054873
0.6819672
0.6866332
0.7046261
0.698277
0.6939905
0.7334614
0.6884053
0.7628309
0.7039943
0.6799974
0.7130614
0.7130484
0.6751007
0.6938776
0.8500356
0.7768027
0.6950732
0.8101791
0.8198416
0.6975692
0.8958216
0.8293591
0.8497996
0.8228647
0.692672
0.7017202
0.7072101
0.7089548
0.7037559
0.702419
0.7699571
0.7715132
0.8743474
0.7743932
0.7762369
0.653158
0.7691632
0.6832327
0.5964495
0.6771131
0.8390531
0.698693
0.7670986
0.79844
0.7511225
0.7518353
0.7769428
0.8022402
0.7823684
0.8194101
0.7847351
0.6589932
0.7255119
0.7911989
0.8258151
0.6759874
0.7872437
0.8021769
0.7686777
0.8513587
0.8009704
0.7995719
0.8294795
0.7227778
0.8309458
0.6684434
0.6845739
0.6880643
0.8102575
0.8453527
0.8985418
0.6817276
0.6873592
0.8456268
0.6980246
0.771045
0.6851372
0.6739233
0.6931863
0.6973348
0.6746524
0.697228
0.6730821
0.6698005
0.6806363
0.6973796
0.694223
0.6693739
0.6882357
0.6773478
0.6908387
0.6839989
0.6847732
0.6746557
0.6859903
0.7091537
0.6834379
0.7154093
0.6588885
0.6909631
0.6716106
0.6673854
0.6884978
0.6976973
0.6674899
0.7116267
0.6812784
0.7596821
0.688641
0.6754338
0.7053577
0.7131059
0.6842246
0.667933
0.8428601
0.7552854
0.6841385
0.8108288
0.8122301
0.685874
0.8964335
0.8259857
0.8393267
0.8110747
0.6814243
0.6803513
0.6753704
0.7014142
0.6751303
0.6665772
0.7563712
0.7659537
0.866224
0.760283
0.7578736
0.6660596
0.7652377
0.6742414
0.6716599
0.6704793
0.8345217
0.6888307
0.7424186
0.7963024
0.7455654
0.7471457
0.7736352
0.8001684
0.7691118
0.8236016
0.7883497
0.672938
0.7313943
0.790869
0.8326522
0.6766331
0.7817037
0.8045813
0.765453
0.8569115
0.8013717
0.8061751
0.8300613
0.7236274
0.8292609
0.6679855
0.6879765
0.6922123
0.8060236
0.8470588
0.901376
0.679103
0.6882647
0.847193
0.6938226
0.7646884
0.6896053
0.6726322
0.6830273
0.683868
0.6688889
0.6915384
0.6604133
0.6663747
0.6722582
0.6856656
0.6918235
0.669088
0.6827893
0.6721388
0.7060454
0.6800867
0.6789572
0.6787696
0.669726
0.7053577
0.7033627
0.7269798
0.6651649
0.6902951
0.6550929
0.6630844
0.6849413
0.6964833
0.6797218
0.7255683
0.6808281
0.7473358
0.6901436
0.6816811
0.7212671
0.713799
0.6925466
0.6717742
0.8408996
0.7600994
0.6898865
0.8077562
0.8173237
0.6913759
0.8962251
0.8262489
0.8426682
0.8220849
0.686981
0.6854511
0.6908723
0.7026872
0.6890028
0.688602
0.7631998
0.7621012
0.8673313
0.762573
0.7592703
0.6052134
0.7544418
0.6793246
0.6713606
0.6720713
0.83392
0.6895452
0.7439153
0.7902757
0.7591572
0.7593079
0.7777778
0.8001781
0.7839649
0.8127913
0.7881409
0.716319
0.546991
0.8004519
0.8280492
0.7232519
0.7949978
0.8049778
0.7726801
0.8559832
0.8050726
0.8020162
0.8263867
0.7517709
0.831616
0.7212758
0.7334293
0.7423807
0.8124805
0.8465332
0.9005662
0.729201
0.7233121
0.8414598
0.7379748
0.7733537
0.7227432
0.7301608
0.737754
0.7419355
0.7280758
0.7339335
0.7267995
0.7266095
0.7312579
0.7370827
0.7340446
0.731684
0.7368821
0.7340324
0.7436185
0.7301188
0.7401316
0.7302135
0.7276872
0.7541934
0.7395176
0.7558301
0.7280316
0.7460337
0.722443
0.7272091
0.7345691
0.7309953
0.7214597
0.6253592
0.7373186
0.7665383
0.7316578
0.718997
0.7528722
0.7517972
0.7318286
0.7306242
0.8505358
0.7704855
0.7311206
0.8074675
0.8151038
0.7387325
0.8995299
0.8251434
0.8389061
0.8152133
0.7278771
0.7409317
0.7457711
0.7460133
0.7299607
0.7342816
0.7757569
0.7725214
0.8649669
0.7684126
0.7635108
0.720307
0.7760301
0.7316202
0.724659
0.7255547
0.8295538
0.7297026
0.765219
0.8008005
0.74283
0.7419049
0.7701673
0.7956966
0.7736766
0.8091382
0.7842287
0.6975132
0.5502507
0.7887068
0.8262295
0.6997675
0.7820962
0.7995927
0.7582169
0.8516746
0.7971007
0.7913905
0.8207463
0.7485732
0.8284527
0.6967093
0.7209827
0.7223409
0.8058698
0.8438714
0.9008662
0.716225
0.7058242
0.8379152
0.7222824
0.7598525
0.7123449
0.7124563
0.7224582
0.7226864
0.7170346
0.7225047
0.7052231
0.710004
0.7158606
0.7264643
0.7237483
0.704553
0.7192167
0.7139939
0.7294276
0.7160182
0.7181424
0.7091404
0.7079728
0.7409457
0.7204815
0.7447455
0.705827
0.7276078
0.7110525
0.7103013
0.7262065
0.7214318
0.7042197
0.6060804
0.7142762
0.7501205
0.7167944
0.7040011
0.7405892
0.7433058
0.7176602
0.7146064
0.8505873
0.7578177
0.7124292
0.7968706
0.8072373
0.723848
0.8980217
0.8249627
0.8388063
0.809896
0.7113395
0.732001
0.728156
0.7302499
0.716338
0.7213753
0.7611198
0.7585697
0.8685682
0.7580972
0.7544999
0.6991972
0.7616251
0.7160079
0.7084905
0.7067076
0.823997
0.7181061
0.7435398
0.7928472
0.7310606
0.7322888
0.7705139
0.7901442
0.7629247
0.8114593
0.781491
0.7325589
0.7647205
0.711299
0.8239959
0.7379133
0.7337949
0.810133
0.6915905
0.8591632
0.7925152
0.7930119
0.8212821
0.7772595
0.8227193
0.7407477
0.7509637
0.7527476
0.8026913
0.8305243
0.9025035
0.7518185
0.7460623
0.8396855
0.7501816
0.7665185
0.7475662
0.7442631
0.7556489
0.7580448
0.7492513
0.7572845
0.740358
0.7417737
0.7505736
0.7581955
0.7574622
0.7406338
0.7443557
0.7518942
0.7599293
0.7527086
0.741986
0.7418221
0.7499531
0.7761673
0.7589055
0.7831473
0.72614
0.7642321
0.7426071
0.7368421
0.7552945
0.752755
0.7450484
0.7475316
0.7391498
0.6828319
0.7622176
0.7376281
0.7669961
0.7738816
0.7447141
0.7381012
0.8478405
0.7737784
0.7481306
0.802461
0.8149582
0.7487275
0.8980984
0.8309015
0.8397708
0.8116369
0.7390781
0.7575958
0.7611131
0.760716
0.7585276
0.7556428
0.7494113
0.7469229
0.8672053
0.7589044
0.7708644
0.7351964
0.7339113
0.7393052
0.7425532
0.7348648
0.8282586
0.7572715
0.7379082
0.7888034
0.8691638
0.8692267
0.856824
0.8642669
0.8617453
0.8459453
0.8670515
0.8643246
0.8626093
0.8635727
0.8519116
0.8635169
0.8672354
0.8560918
0.8612765
0.9014699
0.8546494
0.8465194
0.8534717
0.8639504
0.8699601
0.8618992
0.8675074
0.8695443
0.8625592
0.8765653
0.927023
0.8661219
0.8668247
0.8695393
0.8630686
0.8601651
0.8634288
0.8700568
0.8689223
0.8677746
0.8665237
0.869613
0.8715453
0.8721961
0.8660159
0.8688509
0.8671082
0.8666602
0.8708085
0.8676742
0.8695965
0.8628538
0.8677586
0.8697238
0.8693702
0.8735687
0.8683764
0.8687382
0.8652908
0.8684515
0.866229
0.8655413
0.8686816
0.8673425
0.8663944
0.8644871
0.8668502
0.8624768
0.8669318
0.8671527
0.8696127
0.8770172
0.8688572
0.867829
0.8851871
0.8643973
0.8643154
0.8577433
0.8648965
0.8698176
0.9272786
0.878246
0.8599304
0.8549601
0.8638488
0.8650613
0.861322
0.8606358
0.8639007
0.8639683
0.8613013
0.8645442
0.8322022
0.8666441
0.8630867
0.8635635
0.866676
0.8681548
0.8665532
0.8659642
0.8626478
0.8623363
0.8654764
0.8622379
0.8955711
0.8955922
0.8746029
0.876076
0.8864877
0.8459042
0.8860597
0.8848634
0.8863825
0.8763791
0.8518894
0.8779075
0.8805029
0.860121
0.8846541
0.9108628
0.8534255
0.8533121
0.857918
0.879587
0.8800408
0.8876502
0.8904168
0.8923869
0.8829957
0.8882228
0.9392162
0.8894964
0.8850159
0.8773597
0.8836107
0.8806026
0.8852649
0.887916
0.8924063
0.8938513
0.8928175
0.8880152
0.8933681
0.8898068
0.8907227
0.8866967
0.8891396
0.8824245
0.8920894
0.8887976
0.8893822
0.8786303
0.8873246
0.8914923
0.8891476
0.8910798
0.8941357
0.8900842
0.8903528
0.8903742
0.8909126
0.8892096
0.8861816
0.8874748
0.8920183
0.8888617
0.8896373
0.879469
0.8890869
0.8872876
0.892613
0.8964371
0.8894958
0.8888889
0.8940018
0.8748032
0.8845004
0.8667492
0.8697837
0.8951377
0.9424305
0.8936003
0.8610159
0.863731
0.8867289
0.8836692
0.8855924
0.8838826
0.8888462
0.8872043
0.8801873
0.8860535
0.809611
0.8840937
0.8808221
0.8892149
0.8859776
0.8911144
0.8930067
0.8888997
0.8746009
0.8786291
0.8825826
0.8773061
0.8968106
0.8975142
0.876403
0.8706079
0.8856478
0.8406517
0.8842125
0.8841476
0.8862975
0.8719078
0.8504127
0.8792111
0.8816923
0.8579845
0.8806185
0.9089345
0.8523578
0.84979
0.8527226
0.8775083
0.878454
0.8870377
0.8848517
0.8908221
0.8808326
0.8907351
0.9414581
0.8868567
0.8812041
0.8715273
0.8833349
0.8766391
0.8792029
0.8850665
0.8917023
0.889088
0.8909153
0.8900385
0.8890744
0.8867703
0.8885799
0.8895225
0.8890346
0.8795894
0.8949233
0.8884162
0.8879915
0.8781808
0.884521
0.8872258
0.8847708
0.8898868
0.8874994
0.888257
0.8921211
0.8859632
0.8882807
0.8887266
0.882051
0.8865383
0.8916186
0.8887512
0.8897012
0.8783126
0.8873542
0.8883091
0.8918106
0.8927485
0.8920502
0.8898135
0.8980652
0.8784913
0.8789575
0.862913
0.8624444
0.8943539
0.9425287
0.8942214
0.8455926
0.8593276
0.8879672
0.8815209
0.886903
0.8845713
0.8886297
0.8830093
0.8793524
0.8840199
0.7937936
0.8739156
0.8785725
0.8871605
0.8806754
0.8885353
0.8904618
0.8872566
0.8642634
0.8770879
0.8878661
0.8826528
0.8816108
0.8830349
0.8569121
0.8654684
0.8665152
0.8234052
0.8727456
0.8643005
0.8657711
0.8587857
0.8363227
0.8644964
0.8692119
0.8440467
0.8623262
0.9012323
0.8399234
0.8364502
0.8390789
0.857291
0.8646023
0.8702344
0.8660943
0.870668
0.8688665
0.8769783
0.938514
0.8648033
0.8655386
0.8667645
0.8633284
0.861296
0.8667612
0.8679994
0.8701825
0.8736969
0.871438
0.870226
0.8720285
0.8713343
0.8710036
0.8728283
0.8716063
0.8630368
0.8782941
0.8698741
0.8706637
0.8565923
0.8701918
0.8697776
0.8716526
0.8742956
0.8712305
0.8730703
0.8720012
0.8688458
0.8739704
0.8714726
0.8674976
0.8725244
0.8741237
0.8678078
0.8689241
0.8586698
0.8693803
0.8693452
0.874524
0.8776172
0.8713394
0.872335
0.8860202
0.8616603
0.8620207
0.8514135
0.8490428
0.8755665
0.9360955
0.8763415
0.836556
0.8426251
0.866605
0.862983
0.8660355
0.8687868
0.8708995
0.8663941
0.8596474
0.8617567
0.5805596
0.8578209
0.8599989
0.8661561
0.8632043
0.8694017
0.8730577
0.8693228
0.8568049
0.8568104
0.8662411
0.8647097
0.8840319
0.8847573
0.8674611
0.8650512
0.8716437
0.8347149
0.8787058
0.8677534
0.8735464
0.8649567
0.8445785
0.8641758
0.8722787
0.8514599
0.8718208
0.9036247
0.8450016
0.8443959
0.8457148
0.867526
0.8736252
0.8715534
0.8717555
0.8775823
0.8677876
0.8815117
0.9368697
0.8769238
0.8667217
0.8658196
0.8703616
0.8644768
0.8699806
0.8722214
0.8789062
0.8772367
0.8739725
0.8763787
0.8783154
0.8729395
0.876323
0.8753238
0.880917
0.8683825
0.8803546
0.8718148
0.8777804
0.8644387
0.8720093
0.8755102
0.8753348
0.8769661
0.8749092
0.8739175
0.8764083
0.8738669
0.8763855
0.8723548
0.8715689
0.8744459
0.8765614
0.8676296
0.8756309
0.8665831
0.8731412
0.8757803
0.8756408
0.881348
0.879106
0.8750486
0.8855544
0.8673862
0.8712367
0.8559813
0.8573308
0.8779064
0.9360099
0.8850766
0.8531139
0.8535701
0.8718716
0.8687839
0.8756114
0.8737166
0.8793335
0.8726686
0.8669025
0.870361
0.8124622
0.8681911
0.8704035
0.873452
0.8715047
0.8790092
0.8750788
0.8777886
0.8608142
0.8653967
0.8711601
0.864713
0.9156237
0.9161635
0.8944848
0.8912139
0.9024013
0.8590049
0.9031634
0.9047093
0.9031766
0.8943899
0.8655688
0.9004645
0.9010765
0.8773781
0.8995915
0.9259194
0.8728286
0.8752498
0.8672759
0.8959636
0.8953673
0.9067421
0.9078126
0.9115098
0.8955484
0.9034353
0.9495164
0.907509
0.9046139
0.8899882
0.9047487
0.8985216
0.9035286
0.9087992
0.907229
0.911862
0.9119864
0.907678
0.9089574
0.9098967
0.9095355
0.908934
0.9124381
0.9017344
0.9133615
0.9105546
0.9090485
0.9001174
0.9071415
0.909486
0.9116549
0.9097741
0.9069778
0.9103401
0.9105757
0.9044999
0.9096944
0.9113277
0.9027317
0.9080174
0.9117073
0.9023699
0.904771
0.900352
0.9066667
0.903947
0.9075863
0.9132826
0.9107362
0.9077534
0.9088433
0.90479
0.9067068
0.8826175
0.8784611
0.9150886
0.9516967
0.907996
0.8634295
0.8811877
0.9076315
0.90228
0.9033196
0.8997822
0.906636
0.9051708
0.9010542
0.9016145
0.8175785
0.8999007
0.903648
0.9064633
0.8966592
0.9082235
0.906216
0.9080067
0.8817756
0.8983711
0.9081449
0.9023083
0.9007225
0.9011473
0.8759711
0.8751456
0.8855896
0.8522243
0.8907889
0.889068
0.8859543
0.8784404
0.856236
0.8844875
0.8849151
0.8600631
0.8847153
0.9180088
0.8615883
0.8649183
0.8547498
0.8811336
0.8810149
0.8915928
0.8908789
0.8960405
0.8829151
0.8928601
0.9453453
0.8927687
0.8918377
0.8779209
0.8865178
0.886475
0.8900215
0.8931946
0.8924924
0.895453
0.8939132
0.8915914
0.8953136
0.8938435
0.8920381
0.8917225
0.8942633
0.8870283
0.8938735
0.8919386
0.8923252
0.8839119
0.8923963
0.8935537
0.8942178
0.8934065
0.8912481
0.891624
0.8928173
0.8879215
0.8915911
0.8944482
0.8862924
0.8935624
0.893129
0.8886938
0.8938242
0.8827935
0.891527
0.889819
0.8902485
0.8925813
0.8944391
0.8907559
0.8951731
0.887405
0.8871432
0.8674979
0.8655477
0.8982107
0.9449428
0.8925087
0.8552702
0.8662707
0.8894336
0.8857842
0.8882008
0.8847367
0.8882029
0.8902817
0.8832066
0.8876216
0.8119043
0.882925
0.8861241
0.8920753
0.880898
0.8923786
0.895316
0.8917939
0.8703539
0.8808602
0.8879815
0.8890545
0.9114245
0.9113709
0.8856648
0.8856549
0.8952866
0.85974
0.8972652
0.8977218
0.8977132
0.8875116
0.8652121
0.8946197
0.8946342
0.8718435
0.8941562
0.9188857
0.8729716
0.8693394
0.8668601
0.8916724
0.8909637
0.9030423
0.8985812
0.9070784
0.8891344
0.8996085
0.9462927
0.900638
0.897716
0.8863025
0.8985856
0.8938545
0.8989547
0.9015767
0.9012794
0.9059021
0.9050335
0.9002468
0.9014979
0.9015395
0.9016664
0.9032258
0.9055431
0.8972876
0.9079286
0.9042778
0.9023219
0.8947418
0.9040019
0.9020989
0.9030762
0.9051411
0.90033
0.9026508
0.9062574
0.8993708
0.9026424
0.9049761
0.896096
0.9030553
0.9047392
0.9016111
0.9029584
0.8939387
0.9013176
0.9005275
0.9022352
0.9076712
0.9045039
0.9055875
0.9065654
0.8971044
0.8987078
0.8766803
0.875242
0.9066554
0.9457309
0.9027545
0.8643748
0.8745401
0.9022742
0.8958613
0.8972256
0.8951434
0.9009947
0.8997422
0.8966218
0.8996446
0.8158162
0.8942767
0.8959713
0.899774
0.8910107
0.9029625
0.9005903
0.9020893
0.8802583
0.8935702
0.8990264
0.8984988
0.9088437
0.9083841
0.8883194
0.8847428
0.8958679
0.8534997
0.8980848
0.9005891
0.896348
0.8863371
0.8590448
0.8966113
0.8925211
0.8663177
0.8924129
0.9232304
0.867434
0.8667088
0.8647056
0.890158
0.8855736
0.9006268
0.8992424
0.9065703
0.8904711
0.8963245
0.9509261
0.9007048
0.9003148
0.8847909
0.8962907
0.8916678
0.8983116
0.9024472
0.903168
0.9069262
0.905377
0.9035724
0.9037944
0.9057649
0.9046802
0.9044715
0.9053201
0.8969852
0.9066502
0.9028276
0.9048496
0.8922401
0.9040677
0.903399
0.9039182
0.9029163
0.9016017
0.9031017
0.904985
0.8989461
0.9059833
0.9081207
0.8980789
0.9048748
0.9037578
0.8974122
0.9033272
0.8935508
0.8998182
0.9032926
0.9037633
0.9073325
0.9071909
0.90421
0.9033594
0.8929162
0.8973454
0.8754736
0.8744109
0.9083183
0.948037
0.8973342
0.8588935
0.8666878
0.9023141
0.893623
0.8960853
0.8988491
0.9052387
0.9009459
0.8922624
0.8971591
0.8156723
0.8937161
0.8928861
0.9036529
0.894632
0.9035377
0.9061113
0.9031839
0.8772015
0.891843
0.8973042
0.8952448
0.8939535
0.8941313
0.8700943
0.8721483
0.874545
0.8415125
0.8868377
0.8812208
0.8786577
0.8724232
0.8497495
0.876822
0.8771922
0.8601695
0.8809136
0.9105727
0.857357
0.8522727
0.8526044
0.8741931
0.8799094
0.8826056
0.8779667
0.8872429
0.8737064
0.8846407
0.9389226
0.882023
0.8793112
0.870876
0.8811117
0.872681
0.8806753
0.8806077
0.8833035
0.8873313
0.8848986
0.8829241
0.8872411
0.8833995
0.8848626
0.8831292
0.8848453
0.8763179
0.8868014
0.8860235
0.8856348
0.8789818
0.8849384
0.8829843
0.8841671
0.8904587
0.8839626
0.884651
0.8824724
0.8857048
0.8792715
0.8818763
0.8790456
0.8842579
0.8838108
0.8805883
0.8825179
0.8758514
0.8801434
0.8762522
0.8860718
0.8914976
0.8888836
0.8838144
0.8954695
0.8785419
0.8770939
0.8645442
0.867694
0.8867772
0.9382462
0.8907873
0.8539569
0.861898
0.8849728
0.879291
0.8823529
0.8785086
0.8830182
0.8789494
0.8751606
0.8789915
0.8149087
0.8786591
0.8793555
0.8829468
0.8728259
0.880796
0.8833986
0.8849277
0.8611492
0.879722
0.8833396
0.8768631
0.8979592
0.8983863
0.8726146
0.8745506
0.8811389
0.851945
0.8874637
0.8828623
0.8829315
0.8715522
0.8519955
0.880479
0.8785525
0.8593845
0.8805151
0.9140003
0.8612872
0.859252
0.8565568
0.8753371
0.8807613
0.8852835
0.882848
0.8892613
0.8781878
0.890062
0.9385387
0.8836822
0.8823614
0.8766456
0.8802272
0.8789081
0.8828188
0.8839393
0.8880425
0.890451
0.8882198
0.8864086
0.888543
0.8877322
0.8861556
0.8888312
0.8848093
0.880152
0.8911578
0.884017
0.8882811
0.8806869
0.8854356
0.8851925
0.8845581
0.8847216
0.8875393
0.8877117
0.889162
0.8851416
0.8854863
0.887415
0.8841222
0.8891833
0.8879186
0.8812488
0.8894722
0.8789291
0.8851161
0.8838834
0.8874451
0.890551
0.8918186
0.8877253
0.8933762
0.8832273
0.883517
0.8674966
0.8681138
0.8914971
0.9402531
0.8918796
0.8596089
0.8638984
0.8880493
0.883482
0.8842693
0.8833279
0.8864251
0.8810873
0.8804064
0.8835367
0.8231408
0.8857021
0.8841476
0.884344
0.8788607
0.8866364
0.8856542
0.8866609
0.8696819
0.8790896
0.8869073
0.8790284
0.8973811
0.8983184
0.8787151
0.877971
0.8840747
0.8506654
0.8878408
0.8898999
0.8854391
0.8742534
0.8528978
0.8825602
0.8869256
0.8624849
0.8843972
0.9103906
0.8648448
0.8595874
0.8595715
0.8810599
0.8825398
0.8925823
0.8889097
0.8932871
0.8806835
0.8925697
0.9431302
0.8910281
0.8892141
0.8750475
0.8874594
0.8823045
0.8866209
0.8874834
0.8896787
0.8921316
0.8939817
0.8918452
0.8925804
0.8920788
0.8898249
0.8901037
0.8924018
0.8869793
0.8956616
0.8916667
0.8923106
0.8837998
0.88891
0.8917367
0.8923377
0.8910684
0.8942802
0.8903958
0.8945936
0.8895382
0.8898526
0.894509
0.8852613
0.892231
0.8908751
0.8929359
0.8920949
0.8803636
0.8910517
0.8860099
0.8920109
0.8939939
0.8953362
0.8920778
0.8954549
0.8876781
0.8819925
0.8725812
0.870836
0.8957324
0.9402656
0.8949014
0.8609869
0.8661837
0.8906795
0.8847691
0.8901712
0.889002
0.8902347
0.8879412
0.8856417
0.888363
0.8221785
0.8872646
0.8853057
0.8908087
0.884418
0.8921531
0.8923332
0.8925781
0.8695747
0.8830533
0.887299
0.8828421