0.7871213
0.7912613
0.7910919
0.7490454
0.7686764
0.7622358
0.7747763
0.7660148
0.7631456
0.7610823
0.7628431
0.7691474
0.7678173
0.7513545
0.7568109
0.7558099
0.7521481
0.7553865
0.815488
0.8107951
0.798753
0.7597238
0.7557962
0.7691665
0.7792853
0.7496799
0.7916113
0.8062357
0.7606364
0.7429029
0.7557188
0.7588417
0.751235
0.8480428
0.8154709
0.7536907
0.8808651
0.7682839
0.7564946
0.7586939
0.7674925
0.772826
0.7870978
0.7597646
0.8936387
0.7427623
0.7800964
0.7690814
0.7999236
0.7557763
0.7858741
0.7699271
0.7765804
0.7899333
0.7802581
0.7573885
0.8238225
0.8234252
0.918204
0.8201991
0.7561452
0.8328834
0.8270681
0.8742188
0.7555406
0.7515959
0.7519951
0.7525476
0.8434876
0.7547753
0.7568625
0.7949399
0.799426
0.7635907
0.8258947
0.7967372
0.7759231
0.7583293
0.8529679
0.7919019
0.8161093
0.7995531
0.8094859
0.7748807
0.8216701
0.8307034
0.8007641
0.8359933
0.7654272
0.7629393
0.7848
0.7753051
0.7547865
0.7572553
0.7452019
0.779443
0.7639488
0.7764865
0.7499846
0.7725553
0.7862638
0.7905375
0.7903038
0.7515951
0.771186
0.7622297
0.7749588
0.7690331
0.7637123
0.761363
0.7637768
0.770321
0.7690683
0.7524671
0.7568872
0.7566159
0.7530204
0.7568273
0.8167877
0.8091405
0.7994458
0.7591874
0.7576201
0.7701066
0.7795921
0.7508362
0.7916252
0.8070033
0.7646459
0.7440118
0.7570683
0.7592667
0.75178
0.8482828
0.813895
0.7552977
0.8802781
0.7703942
0.7567848
0.7587649
0.7669973
0.7719152
0.7884203
0.7600403
0.8927779
0.7458522
0.7812341
0.7689965
0.7994001
0.7534495
0.7849274
0.7685517
0.7756008
0.788605
0.7798923
0.7578966
0.8234841
0.8237878
0.9182399
0.8195567
0.7564524
0.8324845
0.8270867
0.8735559
0.7558494
0.7542036
0.7544493
0.7552281
0.8426341
0.7568139
0.7595908
0.7936562
0.8000108
0.7630183
0.8263858
0.7955282
0.7759636
0.7600606
0.8522901
0.792887
0.8153838
0.7991074
0.8096048
0.7759912
0.8221292
0.8311224
0.8010761
0.8353634
0.7666742
0.7649375
0.7852011
0.775277
0.7574153
0.7594156
0.7456162
0.7815737
0.7674268
0.7786032
0.74946
0.7733278
0.7952208
0.7951807
0.7935735
0.7690698
0.7754689
0.7815562
0.7836477
0.7743811
0.7725554
0.776636
0.7722125
0.7800445
0.7752611
0.7725229
0.7767043
0.7737728
0.77363
0.7768037
0.8074771
0.8172463
0.797801
0.7754257
0.7702929
0.779625
0.7795572
0.7777592
0.7992258
0.8117731
0.7788621
0.7719692
0.7817421
0.7777132
0.7719357
0.8694542
0.8179049
0.7689441
0.8994903
0.7779623
0.7700701
0.7786595
0.7773912
0.7842944
0.797585
0.7786465
0.8811554
0.7813922
0.7925034
0.7813965
0.8021776
0.7733928
0.7928717
0.7847453
0.7901896
0.8007791
0.789252
0.7753818
0.8195522
0.8207502
0.8963582
0.814764
0.7715619
0.8285552
0.8246535
0.887736
0.7804892
0.7772105
0.7782638
0.7800683
0.8384146
0.7733028
0.7663477
0.8106444
0.8087027
0.7789696
0.8219321
0.7942059
0.7897286
0.7782555
0.8414734
0.7968113
0.8179071
0.7941974
0.8190822
0.7868693
0.810565
0.8230243
0.7947082
0.8253109
0.7743384
0.7782193
0.7938449
0.7846278
0.7755589
0.7724425
0.7728461
0.7902418
0.7701983
0.7808998
0.7690867
0.7856909
0.795623
0.7957037
0.7986742
0.7938843
0.7969637
0.801229
0.8030145
0.7965131
0.7985828
0.7992347
0.8012422
0.7969589
0.7949741
0.8012769
0.803882
0.794418
0.7927211
0.7966649
0.817796
0.8148113
0.8084809
0.8038464
0.792284
0.8005815
0.801135
0.7977458
0.8181159
0.8174909
0.8080834
0.8043456
0.8062369
0.8017237
0.7977639
0.876589
0.8232415
0.7971432
0.9023864
0.805066
0.7777722
0.7685674
0.778184
0.7834919
0.7889599
0.7778107
0.8746734
0.7834078
0.7907489
0.7788759
0.8068815
0.7752456
0.7999151
0.7872434
0.7897061
0.7913567
0.7900483
0.8016405
0.8239249
0.8273843
0.8954947
0.8207902
0.8017685
0.8403534
0.8263445
0.8882112
0.7924904
0.7908029
0.7898119
0.790923
0.837703
0.7982579
0.7914475
0.8206452
0.8119314
0.7993575
0.8334231
0.8177483
0.7861332
0.7996461
0.8522664
0.8117547
0.8126625
0.8089861
0.829382
0.8105327
0.8170089
0.8332961
0.8096502
0.8379292
0.8017097
0.8060945
0.8077107
0.8108487
0.7994219
0.8004731
0.8005476
0.8116454
0.8005291
0.8033422
0.7978556
0.8091386
0.7960557
0.7962664
0.7990875
0.7745897
0.7838528
0.7859
0.7861281
0.7825184
0.7795475
0.7749196
0.7743909
0.7836776
0.7809234
0.7654307
0.7742182
0.7714068
0.7683443
0.7821251
0.8163275
0.8231599
0.8044046
0.7844925
0.7715411
0.780834
0.7856283
0.7776845
0.8029888
0.8145942
0.783
0.7793738
0.7878621
0.7780961
0.7739688
0.8664059
0.821578
0.7727916
0.892286
0.7868037
0.772993
0.7747493
0.7824664
0.789986
0.8021366
0.7753952
0.8866421
0.77299
0.7954989
0.7827954
0.8084117
0.7749802
0.7936016
0.7884507
0.7889281
0.8009413
0.7982487
0.777478
0.8198549
0.8255116
0.9044387
0.8215386
0.7809625
0.8355189
0.8267571
0.8839578
0.7836385
0.777477
0.7818999
0.7826796
0.8461716
0.7806577
0.7774832
0.8075507
0.8057601
0.7806534
0.8233052
0.8071127
0.7864154
0.7771535
0.8474299
0.7982332
0.8176158
0.7989952
0.8246983
0.7903182
0.8164472
0.8286631
0.8059959
0.8351633
0.7814958
0.7817008
0.8047274
0.7956267
0.7839499
0.7777901
0.7799932
0.8007006
0.7913072
0.7906127
0.7782372
0.7924271
0.830646
0.8404021
0.8404437
0.8173834
0.8166254
0.8212203
0.8229821
0.8157043
0.8179175
0.8175256
0.8119415
0.8158107
0.8156591
0.8140621
0.8138287
0.8106954
0.8158226
0.8150641
0.82882
0.8405845
0.8170255
0.8151794
0.8108189
0.815226
0.8164027
0.8292759
0.824069
0.8293485
0.8276294
0.8197345
0.8335831
0.8229484
0.8257699
0.8849627
0.850469
0.8180804
0.9101314
0.8277549
0.821809
0.8135397
0.8159388
0.8271181
0.8236624
0.8143435
0.8878249
0.8210701
0.8248193
0.8213744
0.8308122
0.8214604
0.8301601
0.8293084
0.8155811
0.8248328
0.8263326
0.8251632
0.8157078
0.7924072
0.8699769
0.7088634
0.8200963
0.8426673
0.7101996
0.9021927
0.816618
0.8142324
0.8161005
0.814876
0.85676
0.8144646
0.8168325
0.8181818
0.7063027
0.8185557
0.8248919
0.8087636
0.8245745
0.8278125
0.8609464
0.8143698
0.6797638
0.8321642
0.8457267
0.8300291
0.6441479
0.8351527
0.817935
0.843814
0.8202993
0.8174312
0.8221823
0.8331133
0.8326423
0.8266064
0.8291815
0.8361389
0.8289069
0.8313643
0.8262276
0.8337021
0.7973109
0.7955416
0.7984238
0.7865889
0.7996038
0.8045597
0.8013061
0.7974459
0.8002058
0.8028094
0.8020374
0.798695
0.8002997
0.795935
0.7964403
0.8015404
0.791613
0.7879614
0.8285493
0.8135386
0.8199921
0.7900282
0.7926881
0.805153
0.8055424
0.7916314
0.808189
0.8173814
0.7923583
0.7904984
0.7894353
0.8003718
0.7880798
0.8571353
0.8169276
0.7830297
0.8870815
0.7902019
0.7729038
0.7757609
0.7841727
0.7790146
0.7930999
0.7766562
0.8865793
0.7748406
0.7899995
0.7860335
0.8038908
0.7718316
0.7887202
0.7789601
0.7915107
0.796088
0.7893369
0.8040704
0.8370479
0.8320191
0.9069007
0.8279399
0.7876303
0.8465528
0.8325752
0.8808437
0.7814683
0.7797253
0.7811531
0.7830676
0.8401113
0.7869354
0.7860125
0.8071145
0.8127445
0.7994143
0.832491
0.8208596
0.7874332
0.7936849
0.8575293
0.8133889
0.8241905
0.8205218
0.820997
0.7956865
0.8256632
0.8414026
0.8204696
0.8386605
0.8051715
0.7982128
0.7881172
0.7992786
0.7929525
0.7837899
0.7895252
0.8022602
0.7944555
0.794967
0.7835301
0.7909781
0.7787061
0.7901057
0.7882002
0.6669836
0.7650963
0.760252
0.7660382
0.7626968
0.7578026
0.7594236
0.7602357
0.7624467
0.765375
0.7470991
0.748773
0.7492226
0.7493583
0.673157
0.8088003
0.8070599
0.7949718
0.7125538
0.7615046
0.7657736
0.7709095
0.6720499
0.7856732
0.8053963
0.6889798
0.6739934
0.7083576
0.7596858
0.6715226
0.848532
0.8086437
0.6520159
0.8825349
0.686334
0.7466643
0.7504326
0.7641046
0.7667148
0.7895436
0.7525449
0.8920686
0.7494913
0.7639623
0.7669018
0.7943825
0.7463832
0.7833242
0.7697522
0.7702726
0.7838772
0.7711634
0.761556
0.8081133
0.8079803
0.907908
0.8102324
0.6815201
0.8342422
0.8116739
0.8734325
0.6720604
0.6732379
0.6743825
0.6722121
0.8402823
0.6702398
0.6423191
0.7846634
0.7886784
0.7668372
0.8219982
0.784342
0.7644681
0.6773004
0.8592451
0.7793532
0.8023021
0.8004277
0.8061249
0.6995977
0.8023083
0.8285127
0.7957525
0.8341601
0.7737991
0.757521
0.7633013
0.7119394
0.6898501
0.6792602
0.6726268
0.731405
0.702384
0.703749
0.6697978
0.728689
0.7996611
0.7981231
0.8029844
0.7337803
0.7832071
0.7841722
0.7843466
0.7825307
0.7757747
0.7761229
0.7750639
0.7797778
0.7782488
0.7738652
0.7729791
0.7710879
0.7774503
0.7435494
0.8174315
0.8166245
0.8097688
0.5525908
0.7742485
0.7880843
0.7901647
0.7378641
0.795674
0.8049351
0.7381715
0.7377288
0.7512527
0.7788528
0.7367623
0.8562695
0.82744
0.7292386
0.8920036
0.7426608
0.7684389
0.7728776
0.7832967
0.7811156
0.7982021
0.7809438
0.8905484
0.7765149
0.7817044
0.7795457
0.803951
0.7720293
0.7937933
0.7840928
0.7806397
0.7993455
0.7872635
0.7834034
0.8205115
0.8092304
0.9066179
0.8155082
0.7331212
0.8396772
0.8177515
0.8805179
0.7371327
0.7345443
0.7376924
0.7360138
0.8475368
0.7373426
0.7284607
0.7986635
0.7965707
0.7849845
0.8287938
0.8002707
0.7857917
0.7414631
0.8582517
0.7983492
0.8119828
0.8044396
0.808554
0.7577167
0.8086985
0.8336037
0.8090788
0.8404416
0.7876732
0.7792116
0.7790454
0.7548071
0.7502018
0.7385874
0.7431732
0.7719775
0.7535198
0.7531537
0.741956
0.7661555
0.8087429
0.8107099
0.8125509
0.7817106
0.7664667
0.766861
0.7708745
0.7647658
0.7605856
0.7606824
0.76617
0.7664511
0.7648667
0.7638927
0.7693523
0.7662973
0.682452
0.7842312
0.7651281
0.8271575
0.7468718
0.7950532
0.6558864
0.668546
0.5545179
0.7912251
0.8183246
0.8195731
0.7925282
0.7870422
0.8041087
0.7324736
0.7940208
0.8759874
0.8333011
0.7829259
0.9006775
0.7939268
0.7898882
0.7887987
0.7952213
0.8035987
0.8040971
0.788635
0.8860888
0.7944033
0.7954795
0.7901373
0.811016
0.7862805
0.8032795
0.8017224
0.7995205
0.804239
0.8036822
0.7650273
0.827722
0.8211942
0.9013961
0.8203121
0.7948718
0.8373638
0.8221336
0.8930047
0.7884222
0.7871655
0.7873286
0.7862107
0.8497809
0.7865911
0.785758
0.8209217
0.8063915
0.6686785
0.8326057
0.8015085
0.8028068
0.7926896
0.8390104
0.8065704
0.8160133
0.7865423
0.8376617
0.7999255
0.8135912
0.7862206
0.7566687
0.8016493
0.6580496
0.7125275
0.8084534
0.8044042
0.7907968
0.791022
0.791199
0.8055512
0.7961165
0.7949326
0.7921991
0.7987486
0.8421477
0.8397342
0.8412023
0.8254811
0.829128
0.8274895
0.8311676
0.8253614
0.8216288
0.822474
0.823352
0.8256135
0.8279299
0.823289
0.8231713
0.8207836
0.8173778
0.8210666
0.8372968
0.8517944
0.8245332
0.831524
0.8254804
0.829061
0.8291939
0.8381491
0.8316567
0.8331912
0.8329989
0.8310657
0.8393106
0.8245927
0.8316527
0.8910755
0.8549898
0.8230156
0.9112161
0.8338669
0.8252145
0.8258687
0.8275307
0.8316953
0.829585
0.8213709
0.8892464
0.8293718
0.8281704
0.830616
0.835253
0.82902
0.8337908
0.830368
0.8223048
0.8338352
0.834239
0.8292136
0.8226311
0.8156891
0.8721656
0.730017
0.8298789
0.8398076
0.7425405
0.9051757
0.8290208
0.8266096
0.8270083
0.8266898
0.8614515
0.824351
0.8238088
0.8295593
0.7445477
0.8296001
0.8338256
0.8225454
0.8330393
0.8346774
0.8581503
0.8219101
0.7492409
0.8389632
0.8514832
0.8396853
0.7573544
0.8424612
0.8256763
0.8481302
0.8283003
0.8312062
0.8282343
0.838139
0.8385972
0.834845
0.8365434
0.8462502
0.8314873
0.832821
0.8361846
0.8378499
0.7807456
0.7839538
0.7847673
0.6586983
0.7625815
0.7637347
0.7678862
0.7595654
0.7569905
0.7497498
0.7572989
0.7632191
0.7627119
0.7546136
0.7462327
0.745412
0.7551294
0.6753153
0.801783
0.8031636
0.7889727
0.7130903
0.7600228
0.7624043
0.7674339
0.6705674
0.7940732
0.7976349
0.6862694
0.6816842
0.7001594
0.7649435
0.659275
0.8482249
0.8125765
0.5216622
0.8855302
0.6874112
0.756333
0.7524689
0.7694955
0.769061
0.7828868
0.7638606
0.889845
0.7528689
0.7719938
0.7652728
0.7926429
0.7515148
0.7812246
0.7737153
0.7764772
0.7801307
0.7781828
0.7597288
0.8118203
0.8098142
0.9034831
0.812282
0.677169
0.8332743
0.80815
0.8787713
0.6646516
0.6634013
0.6595346
0.6545589
0.8384279
0.6666008
0.6368457
0.789398
0.787313
0.7650254
0.820987
0.7916892
0.7702077
0.6695951
0.850794
0.7799043
0.8037424
0.7955897
0.8028601
0.69646
0.8029445
0.8200722
0.7954763
0.830494
0.7725167
0.7653349
0.7699065
0.7071002
0.6911045
0.6848247
0.6712842
0.7238988
0.7002517
0.6980499
0.6740893
0.7315578
0.8073641
0.8025537
0.8043388
0.7865755
0.7688827
0.7718535
0.7793465
0.7662436
0.7686689
0.7650143
0.7685633
0.7678687
0.7668106
0.7651831
0.7666905
0.7658467
0.7335245
0.7836555
0.7868278
0.825189
0.7691332
0.7903553
0.7313077
0.734104
0.7367762
0.7942557
0.8137114
0.8146431
0.788221
0.7862208
0.8024174
0.7437087
0.7880371
0.8675343
0.8272313
0.7833605
0.8944613
0.791584
0.781195
0.7873329
0.7877925
0.7991671
0.8104754
0.7860691
0.8900118
0.7865996
0.7963002
0.7872209
0.8218312
0.7865831
0.8091829
0.7994508
0.8031779
0.8031765
0.7998078
0.7663852
0.8253406
0.8211461
0.9049592
0.8170744
0.7889484
0.837988
0.8255496
0.8857327
0.7919982
0.7880398
0.7877295
0.7895208
0.8437254
0.7872517
0.7888616
0.8159448
0.8070772
0.7463582
0.8306016
0.8069189
0.8001246
0.7935319
0.8461258
0.8076075
0.8205335
0.7886838
0.8284002
0.798733
0.8215347
0.8066362
0.7716747
0.8051529
0.7392492
0.7507179
0.8080208
0.8046633
0.790086
0.7861122
0.7937391
0.8064482
0.7920013
0.7976681
0.7870688
0.8046867
0.8205209
0.8266806
0.8237805
0.8025329
0.8161402
0.818663
0.8249354
0.8151712
0.8176209
0.8156413
0.817882
0.8155983
0.8168842
0.8150984
0.8121535
0.8158547
0.8145464
0.8000565
0.8371069
0.8304291
0.8280586
0.8022816
0.8098639
0.8177449
0.8183859
0.8183282
0.8167575
0.8173202
0.8156083
0.8074303
0.8249027
0.8194481
0.8175191
0.871714
0.8365935
0.8059482
0.9109762
0.8100378
0.8041591
0.8026189
0.8129706
0.8140539
0.8173379
0.8119099
0.8864089
0.8128618
0.8160132
0.8140171
0.8205009
0.8064075
0.8189245
0.8194572
0.8071167
0.8308765
0.8113556
0.8205361
0.8183407
0.7773388
0.8812474
0.8089501
0.8076728
0.8448202
0.8125284
0.8997906
0.8027053
0.8053308
0.8017716
0.8026906
0.8494426
0.8014962
0.8030398
0.802794
0.8057363
0.8212164
0.8279178
0.8155099
0.8167891
0.8130705
0.8697
0.8181356
0.7956455
0.8344404
0.8309753
0.8213881
0.8050059
0.8446116
0.8291731
0.8478674
0.8202536
0.8158403
0.7989347
0.8217117
0.815342
0.8125415
0.8187006
0.8254239
0.8185381
0.8155068
0.8147082
0.8168031
0.7932167
0.7966191
0.7971373
0.7629505
0.7377902
0.75356
0.7609963
0.7371633
0.7411798
0.7463317
0.7445686
0.7364861
0.7367861
0.7386273
0.7366196
0.7354564
0.6929329
0.7629549
0.7616694
0.8208153
0.7341257
0.7709423
0.6870594
0.7003426
0.7045146
0.7649083
0.8094742
0.8135199
0.7739372
0.7702098
0.7862216
0.6076834
0.7694068
0.8583741
0.8299178
0.7629021
0.893344
0.7778719
0.7653268
0.7668915
0.7773607
0.7839405
0.7918738
0.770276
0.8842517
0.7676927
0.7741111
0.7735889
0.8130287
0.7611723
0.7907236
0.7893261
0.7831135
0.7923089
0.7841581
0.7447776
0.8132778
0.8164997
0.9040711
0.8084339
0.7695797
0.8266686
0.816002
0.8785875
0.7701539
0.767301
0.7683883
0.7698289
0.8472727
0.7698318
0.7685126
0.8014143
0.7981252
0.6978132
0.8272282
0.7863769
0.7881234
0.765731
0.845186
0.7924267
0.8110979
0.7717527
0.8290566
0.7765345
0.8095479
0.7833118
0.741805
0.7946222
0.6998973
0.7136686
0.7970016
0.785267
0.769646
0.763014
0.7669326
0.7943101
0.7828375
0.7767093
0.7673893
0.7863586
0.8643214
0.8630712
0.8621308
0.8540738
0.8625977
0.8634304
0.8657333
0.8630517
0.8615723
0.8655327
0.8599041
0.8620794
0.8621316
0.8567975
0.8616232
0.8601323
0.8597736
0.8557421
0.8807373
0.8723639
0.8718263
0.8573281
0.8608588
0.8661765
0.8651758
0.8642503
0.8631181
0.8594278
0.859053
0.8559001
0.8610207
0.8582847
0.8591063
0.8574361
0.8693467
0.8577003
0.8880777
0.8591089
0.8471796
0.8541224
0.8565775
0.855071
0.8694109
0.8528042
0.9164787
0.8551026
0.862163
0.8550432
0.8697233
0.8523114
0.8630418
0.8557612
0.856909
0.8657042
0.8588826
0.8608434
0.879689
0.8725147
0.9294066
0.8727126
0.8573258
0.8857901
0.8741226
0.8922364
0.8544365
0.8531086
0.8540224
0.8537673
0.8859487
0.8546382
0.8523295
0.8569749
0.8644308
0.8657396
0.8863668
0.8688462
0.859964
0.8556641
0.8974156
0.8587115
0.869819
0.8713937
0.8596182
0.8595712
0.8719401
0.8811958
0.8738239
0.887719
0.8677838
0.8610431
0.8521057
0.861529
0.8603929
0.8576391
0.8608345
0.8658623
0.8586725
0.8629959
0.8553269
0.859118
0.8218309
0.8235785
0.8270057
0.7991471
0.8050634
0.8082054
0.8116262
0.8037101
0.8052008
0.8065068
0.8079264
0.8051648
0.805234
0.8033013
0.8052208
0.8076179
0.797742
0.8001482
0.8266175
0.8403385
0.8127125
0.801781
0.7971553
0.8022259
0.8022683
0.8200374
0.8153846
0.8223306
0.8128094
0.8038376
0.8168235
0.803953
0.8102454
0.8731611
0.8404355
0.8059804
0.9032163
0.8060771
0.8016446
0.8056098
0.8073413
0.8138363
0.81535
0.8021156
0.8920552
0.8031583
0.8131846
0.8133418
0.8231173
0.802798
0.8231059
0.8133779
0.8024209
0.8214672
0.8130183
0.8089285
0.8133623
0.8030033
0.8786717
0.7097758
0.809604
0.840147
0.7198973
0.8922832
0.8010399
0.801976
0.798305
0.8036312
0.8561399
0.803639
0.7996913
0.8108749
0.7100767
0.8097447
0.8219172
0.8018509
0.8106568
0.8105296
0.8527135
0.8071719
0.7313894
0.824598
0.839966
0.8226215
0.7368798
0.8358243
0.8178568
0.8430719
0.8082757
0.80412
0.8099702
0.8212551
0.8142916
0.8125907
0.8078298
0.8287924
0.8151295
0.8222075
0.8081988
0.8186539
0.8196606
0.822913
0.8222532
0.7928198
0.799774
0.8062969
0.8042309
0.7991879
0.7983569
0.7960635
0.8013584
0.8004406
0.7985297
0.7952538
0.795988
0.7969411
0.7962583
0.796816
0.8173598
0.8340611
0.8081882
0.8003386
0.7934377
0.7985655
0.8015468
0.8171474
0.8161846
0.8244452
0.8088227
0.8056018
0.8143858
0.8041667
0.8052879
0.8714379
0.83863
0.7999784
0.8993778
0.8077291
0.7998563
0.8016436
0.80325
0.8044567
0.8141683
0.7921012
0.8914151
0.7966615
0.8043712
0.8039508
0.8223925
0.8058194
0.8169771
0.8130257
0.797905
0.8157113
0.8114983
0.8031313
0.81427
0.7994326
0.8804079
0.702905
0.8025522
0.836942
0.7248988
0.8900512
0.800313
0.8002271
0.8002597
0.8026899
0.8565799
0.8027709
0.7973105
0.8074074
0.7107043
0.8030766
0.8244567
0.8040145
0.8068882
0.8116862
0.8559423
0.803553
0.7309758
0.8248773
0.8354695
0.8190633
0.730428
0.8331952
0.8119662
0.839199
0.8020817
0.8029174
0.8082676
0.8182802
0.8131142
0.8026679
0.8037765
0.8181307
0.8118187
0.8138526
0.8070792
0.8125328
0.8389903
0.8399389
0.8411944
0.8253096
0.827734
0.8353874
0.8288775
0.8268584
0.8310426
0.8284254
0.8317194
0.8253373
0.8277826
0.8269459
0.8203464
0.8290771
0.8196457
0.8234602
0.8351157
0.8391605
0.8290744
0.8239353
0.8196297
0.8249619
0.8261852
0.8382968
0.8301878
0.8351329
0.8343503
0.829323
0.8365568
0.827099
0.8314641
0.8886126
0.8550619
0.8249423
0.9108567
0.8359214
0.8273949
0.8255379
0.8272727
0.825657
0.8290714
0.825282
0.8932888
0.8271287
0.8275106
0.8238174
0.8329368
0.822853
0.8371111
0.832879
0.8226332
0.8333027
0.8306935
0.8261939
0.8301462
0.8162419
0.8714985
0.7859918
0.8305128
0.8498912
0.7857452
0.9031103
0.825274
0.822037
0.8242549
0.8262253
0.8606166
0.8285294
0.8231422
0.8251033
0.7786671
0.8276497
0.8303011
0.8244599
0.8354951
0.8316041
0.8599991
0.8295045
0.7761283
0.8386739
0.8450504
0.8402378
0.7831097
0.8449767
0.8304322
0.8475499
0.8273083
0.8246254
0.8297995
0.8390251
0.8345993
0.8304556
0.8319518
0.8398635
0.831185
0.8361276
0.8289034
0.8343917
0.8044984
0.8017533
0.8014903
0.7132453
0.7882566
0.7889657
0.7922605
0.7870187
0.7883386
0.7841116
0.7906184
0.7872702
0.7867121
0.7796429
0.7835115
0.7837278
0.7827853
0.7186126
0.8183308
0.8151546
0.8085517
0.7459171
0.7851689
0.7913953
0.7943156
0.7260672
0.8014804
0.810018
0.7330531
0.7223882
0.7402721
0.7869541
0.7163368
0.8661716
0.8274971
0.700056
0.8978899
0.7126248
0.787421
0.7854912
0.7881515
0.7875987
0.7948825
0.7856531
0.8895577
0.7841909
0.7911618
0.7894961
0.8057928
0.7757906
0.7959847
0.7963393
0.7926033
0.8061636
0.7921647
0.7867414
0.8211088
0.8243612
0.9003201
0.8186752
0.7256896
0.8372365
0.8246891
0.8844523
0.7211591
0.7231466
0.721429
0.7244817
0.8467032
0.7095786
0.7030638
0.8025948
0.8066432
0.7948398
0.8338214
0.8080226
0.79189
0.7175376
0.855138
0.8026028
0.8144975
0.8127762
0.8102513
0.7270744
0.8137113
0.8304449
0.8110328
0.8375919
0.7953071
0.7875035
0.7912271
0.7478563
0.7333373
0.7198793
0.7287375
0.7512321
0.7363155
0.7375258
0.7240998
0.7584679
0.8160617
0.8209297
0.8258318
0.8255456
0.8341023
0.8365344
0.8329997
0.8318635
0.8338062
0.8332778
0.832396
0.8338162
0.8329842
0.8337592
0.829101
0.8326818
0.8285048
0.8254986
0.8458123
0.8415684
0.8353782
0.8329882
0.8291645
0.8291886
0.8371549
0.8274433
0.8383772
0.8438239
0.8321019
0.8336822
0.8369223
0.8383315
0.8305338
0.8884455
0.8347981
0.8293111
0.9093389
0.8276873
0.8135733
0.8104373
0.8212842
0.8189973
0.8164117
0.8130139
0.8840464
0.8171577
0.8195047
0.8171568
0.834275
0.8134172
0.8227854
0.8185601
0.826656
0.8232884
0.8273601
0.8354018
0.8491531
0.8377712
0.8965776
0.8423869
0.8333333
0.8570312
0.8454766
0.8985137
0.8285127
0.827073
0.8284092
0.8263256
0.852306
0.8254269
0.8298545
0.8389576
0.8345224
0.8316104
0.8450377
0.8377471
0.7984184
0.8335243
0.873253
0.8395186
0.8402134
0.842079
0.8474756
0.8337215
0.8395534
0.85212
0.8392561
0.851291
0.8307096
0.8284929
0.8348708
0.8404568
0.8306168
0.83261
0.8335351
0.8370989
0.8303916
0.838936
0.8290715
0.8392962
0.7819369
0.7920491
0.7932291
0.6723475
0.7625153
0.7733726
0.7702522
0.761018
0.7576565
0.7605535
0.7610767
0.7623618
0.7620686
0.7549866
0.7537466
0.7588888
0.7606247
0.6779694
0.8115365
0.813504
0.7974179
0.7121517
0.7655133
0.7682796
0.7795757
0.6859966
0.793349
0.8056169
0.68419
0.689462
0.6977249
0.7648791
0.674808
0.8504762
0.8158174
0.6777001
0.8869005
0.6965557
0.7537099
0.7582053
0.7667893
0.7737222
0.7886657
0.7597251
0.8892947
0.7491334
0.7797711
0.7693734
0.7954785
0.7530273
0.789434
0.7734523
0.7795125
0.7816582
0.7775874
0.7719759
0.8157674
0.8154008
0.9094111
0.8130614
0.6796506
0.8310009
0.8171028
0.874296
0.689347
0.6899954
0.6884409
0.6864507
0.835167
0.6827824
0.6742078
0.7919178
0.7917495
0.7743157
0.8205338
0.7941192
0.7714825
0.6662029
0.8562063
0.7855969
0.8081628
0.8022799
0.8050994
0.707311
0.8123227
0.8306281
0.7978
0.8354005
0.7763075
0.7730592
0.7807859
0.7118865
0.6895551
0.6852998
0.6890606
0.7269857
0.7059303
0.7073585
0.6808046
0.7316272
0.7853667
0.7918127
0.7951141
0.676904
0.7774177
0.7774054
0.78269
0.7739562
0.7680084
0.7718937
0.7695452
0.7739714
0.7734999
0.757334
0.7667623
0.7685196
0.7662234
0.6839121
0.8152207
0.8140334
0.8010364
0.732564
0.7751404
0.7769286
0.7817381
0.6900742
0.7932983
0.8064586
0.6974385
0.6928205
0.7002392
0.773854
0.6867416
0.8525264
0.8166239
0.673974
0.8860368
0.7073446
0.7597695
0.7552419
0.7692694
0.7768453
0.7901042
0.762246
0.885961
0.7545633
0.7817584
0.7731599
0.7949393
0.7551171
0.7864642
0.7762753
0.7760347
0.7843419
0.7781963
0.7799358
0.8152771
0.8175178
0.9097364
0.810112
0.6976729
0.8348569
0.8155436
0.8764073
0.6979793
0.6882102
0.6876898
0.6877626
0.8420177
0.683883
0.6752755
0.7951617
0.7915871
0.7772062
0.8267055
0.7975868
0.773022
0.6754318
0.8596274
0.7922406
0.8104483
0.8044124
0.8059199
0.7081951
0.8114216
0.8287668
0.8006601
0.8368531
0.7818212
0.7765125
0.7743118
0.7176442
0.7008768
0.7010562
0.6930674
0.7352433
0.7170726
0.7154226
0.6976669
0.7339601
0.7936038
0.800854
0.7991257
0.6967859
0.7823539
0.7853053
0.7880265
0.7808547
0.7726824
0.7749599
0.7736787
0.7784233
0.7810934
0.7646645
0.7705437
0.7762684
0.7658867
0.6929853
0.8175548
0.8209515
0.8092727
0.7352179
0.7736904
0.7777407
0.7844803
0.6976551
0.7983822
0.809516
0.7100133
0.6995835
0.7114999
0.776965
0.6939365
0.8552265
0.8200808
0.6854079
0.8893214
0.7012485
0.7669679
0.7643612
0.7856274
0.7783416
0.7941271
0.7657845
0.8940022
0.7660553
0.7814992
0.7801238
0.7987909
0.759547
0.7892235
0.7772138
0.7886849
0.7903191
0.7792023
0.7783285
0.8229032
0.830676
0.9161918
0.8165325
0.7044162
0.8367807
0.823658
0.8785176
0.7028999
0.7043066
0.7013045
0.7049622
0.848439
0.6844954
0.6788889
0.7963352
0.8056549
0.7794218
0.8285613
0.8034851
0.7841585
0.5966683
0.859454
0.7934125
0.8163784
0.8071322
0.8100731
0.7142769
0.8174125
0.8319588
0.8064719
0.8396325
0.7859429
0.7739563
0.783261
0.7274715
0.7011407
0.70132
0.69279
0.7474071
0.718902
0.7265577
0.7015369
0.746508
0.8225329
0.8269277
0.8319658
0.8070634
0.8143674
0.8166577
0.8216248
0.814051
0.8198958
0.8147217
0.8147646
0.8141
0.8155847
0.8076498
0.8170701
0.8166218
0.8090896
0.8104609
0.8350576
0.8412603
0.8252239
0.8091306
0.8074049
0.8139658
0.8138924
0.8122259
0.8261688
0.832068
0.8111128
0.8093755
0.8134561
0.8117699
0.8125678
0.8763496
0.8406553
0.8090104
0.898259
0.8140763
0.8051348
0.8058344
0.8078861
0.8121734
0.8241145
0.8057453
0.8925386
0.8093262
0.8198959
0.8149995
0.8324834
0.8079606
0.8248538
0.8206628
0.8139647
0.8238347
0.8182637
0.8160326
0.8360273
0.8432963
0.9007389
0.8331179
0.814282
0.848161
0.8386028
0.8929957
0.8087585
0.8052681
0.8082299
0.8074554
0.8512009
0.803715
0.8033405
0.8274523
0.8265932
0.812371
0.8339791
0.8138581
0.8163176
0.8109453
0.8555474
0.7740764
0.8324769
0.8303338
0.8373935
0.8200931
0.8331389
0.8445205
0.8290752
0.8480687
0.821026
0.8133034
0.8238525
0.8160747
0.8085479
0.8075441
0.8087277
0.8262329
0.809461
0.8181082
0.8112034
0.8178125
0.8479438
0.8547254
0.8555005
0.8456513
0.8349637
0.8461325
0.837642
0.833638
0.8363885
0.8412647
0.8399962
0.8351166
0.8363177
0.8341954
0.838843
0.83463
0.8303317
0.8477283
0.8514126
0.8634322
0.8407919
0.8443635
0.8302503
0.8374258
0.8344652
0.8418167
0.8509745
0.8555405
0.8441922
0.8411793
0.849945
0.8308288
0.8344089
0.8942675
0.8537565
0.8403111
0.9117164
0.8430474
0.8364324
0.8419736
0.842737
0.8390253
0.8478164
0.8398326
0.9019486
0.844358
0.8523849
0.8433059
0.8554783
0.8361109
0.8475196
0.8412469
0.8453247
0.8469181
0.8482546
0.8398045
0.8540512
0.8656151
0.9062945
0.8518242
0.8435553
0.852873
0.8557389
0.9047579
0.8414479
0.8426346
0.8418866
0.841817
0.8721914
0.8418298
0.8360591
0.8546458
0.8444726
0.8360938
0.8518709
0.842288
0.8453414
0.844738
0.8475782
0.840158
0.846961
0.8467936
0.8593669
0.8452989
0.8470735
0.8563581
0.8471662
0.8607434
0.8353045
0.8361963
0.8568037
0.8499506
0.8453539
0.8458437
0.8410671
0.8471156
0.8429122
0.8463738
0.843998
0.847851
0.9049373
0.9076997
0.9064409
0.9031762
0.9049262
0.9046756
0.9092072
0.9043066
0.9066488
0.9034458
0.9043181
0.9041792
0.9048251
0.9053612
0.9056875
0.906043
0.9008042
0.9016507
0.913856
0.9077342
0.9100642
0.9007529
0.9031223
0.9051363
0.9087945
0.9041817
0.9085799
0.9062514
0.9043542
0.9023066
0.901741
0.9057946
0.9004498
0.901923
0.910578
0.9017928
0.9088928
0.9033563
0.8994403
0.8969662
0.901453
0.9003351
0.9075847
0.899206
0.9320819
0.900412
0.9058397
0.9017923
0.9102342
0.8975809
0.9025295
0.9011453
0.9037969
0.9089579
0.9022605
0.9072096
0.9172742
0.9227116
0.9520545
0.9131126
0.9012415
0.9202307
0.9162317
0.8908944
0.9057766
0.9034973
0.9022311
0.9030591
0.9175544
0.9020414
0.9013796
0.9054469
0.9089699
0.906847
0.9162252
0.9076059
0.904641
0.9026528
0.9229067
0.9075184
0.9167024
0.9103961
0.9038235
0.9058967
0.9156266
0.9162274
0.910564
0.9176151
0.9070429
0.9049766
0.90066
0.9045323
0.9016529
0.9032598
0.8995339
0.9054918
0.9031219
0.9033242
0.9023341
0.8997845
0.7886334
0.791377
0.7904623
0.6778347
0.7786045
0.7837376
0.781893
0.7760372
0.7755896
0.7707865
0.7771084
0.7761878
0.7761399
0.7665806
0.7699417
0.7764774
0.7705886
0.6774151
0.8199018
0.8100481
0.8078637
0.7314497
0.7780634
0.7804607
0.7851138
0.7014572
0.7975754
0.8091536
0.6910527
0.6946954
0.7016354
0.7758483
0.6833874
0.8563539
0.8213797
0.6744477
0.8901786
0.7018112
0.7641509
0.7642483
0.7762195
0.7814104
0.7942398
0.7698301
0.8868689
0.7594364
0.7827626
0.7781665
0.799978
0.7609055
0.7900343
0.7811914
0.7818253
0.7894512
0.7854136
0.7793183
0.8203397
0.8227417
0.9101103
0.815835
0.6962189
0.8358299
0.8224348
0.8796168
0.6908667
0.6896417
0.6901418
0.6923427
0.8393007
0.6891709
0.6886025
0.7926822
0.7982945
0.7812979
0.8270399
0.8011318
0.7701202
0.6683338
0.8629294
0.7932622
0.8125646
0.8001823
0.8127572
0.7080934
0.8155783
0.8261045
0.8064906
0.8355658
0.7848729
0.7776362
0.7813843
0.7239631
0.6913912
0.6976744
0.6918891
0.7329966
0.7149758
0.7124961
0.690921
0.7388746
0.7904232
0.7909249
0.7905519
0.6738585
0.7693729
0.7688712
0.7764429
0.7676154
0.7633651
0.7681545
0.7675873
0.7686408
0.7692885
0.7652665
0.7609548
0.762559
0.7604143
0.6818448
0.8127833
0.8146588
0.7950024
0.7213694
0.7650119
0.7728827
0.7804067
0.6859659
0.7924286
0.8079561
0.7005491
0.6920487
0.7111895
0.7687633
0.6733451
0.8493874
0.8148854
0.6442185
0.8866865
0.7003886
0.7637101
0.7626668
0.7723089
0.7778027
0.7892968
0.7678903
0.888734
0.7625087
0.7757788
0.7731941
0.8018608
0.761739
0.7914793
0.778571
0.7789038
0.785967
0.7788784
0.7697913
0.8146619
0.8121647
0.9065697
0.8093804
0.6831767
0.8353723
0.816173
0.8771799
0.6903247
0.6910569
0.6886571
0.6873613
0.8440593
0.6700916
0.6160407
0.7993634
0.7907809
0.7734996
0.8234038
0.7947877
0.7772297
0.6848236
0.8567998
0.7839226
0.8034901
0.7977625
0.8111067
0.6962833
0.8082111
0.8240287
0.7989524
0.8348771
0.7768816
0.7635191
0.7862425
0.727245
0.6944587
0.693746
0.6849505
0.7409047
0.714897
0.7124134
0.6925137
0.7374339
0.845602
0.8485741
0.8524385
0.840274
0.8420928
0.8393349
0.8433186
0.8403745
0.8414968
0.8390734
0.8441778
0.8417961
0.8399392
0.838789
0.8402129
0.8382771
0.8342444
0.8421
0.8522647
0.8529518
0.8445837
0.8397216
0.8393057
0.8463278
0.8432811
0.8464687
0.8437515
0.845449
0.8424404
0.8392288
0.8485041
0.8450367
0.8432858
0.8873838
0.8613742
0.8392045
0.9114528
0.8447471
0.8410989
0.8350677
0.8414363
0.838833
0.8463318
0.8368514
0.8962889
0.8367958
0.8432581
0.8397724
0.8471668
0.8344925
0.8446934
0.8397105
0.8355383
0.8444484
0.8392013
0.8428954
0.8517991
0.8113255
0.8899634
0.8380914
0.8410256
0.8616066
0.8394233
0.903418
0.8336842
0.8380447
0.8361658
0.8338693
0.8694857
0.8368513
0.839108
0.8296371
0.8316702
0.844502
0.8567259
0.8428973
0.8426165
0.8414355
0.8734193
0.8503016
0.8323252
0.8539715
0.860066
0.8513222
0.8338391
0.8595581
0.8458441
0.8583921
0.844165
0.8411291
0.8436542
0.8503023
0.8490132
0.844196
0.8482089
0.8553886
0.8513839
0.8507918
0.8444733
0.8500146
0.7890177
0.7953573
0.7941209
0.6911596
0.7720081
0.7756641
0.7841138
0.7714059
0.7705566
0.7682408
0.7709571
0.7750211
0.7741426
0.7641286
0.7625552
0.7613978
0.760581
0.7012072
0.8095552
0.8119134
0.7991071
0.7340101
0.7718321
0.7780516
0.772798
0.6921571
0.7960188
0.8053083
0.696964
0.6990726
0.7064254
0.765714
0.6819398
0.8571975
0.8158551
0.6761353
0.8861623
0.7062881
0.765287
0.7558113
0.7748777
0.774876
0.7939352
0.7655283
0.8847468
0.7645992
0.7831933
0.7766004
0.7999567
0.7582646
0.7830803
0.7805129
0.7823968
0.7932838
0.7788939
0.764905
0.8200388
0.8215622
0.9068203
0.8146294
0.6991665
0.8334406
0.8218544
0.8785464
0.6972477
0.6964025
0.6942396
0.6996896
0.8379771
0.6885432
0.6731477
0.8003898
0.8039551
0.7739638
0.8266952
0.7991381
0.7737996
0.6918199
0.8485266
0.786708
0.8154879
0.7987657
0.808422
0.7066018
0.815909
0.8280995
0.7986699
0.8301402
0.77482
0.7686537
0.7826989
0.7218352
0.6972787
0.7020007
0.7020544
0.7312012
0.7148502
0.7171237
0.7
0.740585
0.771543
0.7752692
0.7770222
0.7688289
0.7843288
0.779634
0.7887948
0.7835555
0.7817293
0.7817872
0.7757583
0.7852107
0.7862458
0.7726252
0.7791566
0.7721988
0.7720815
0.7710892
0.812714
0.803097
0.8048138
0.7728239
0.7770001
0.7838791
0.7815526
0.7779895
0.7970339
0.8040959
0.7748341
0.7690421
0.7835063
0.7817934
0.7795357
0.8604068
0.8090313
0.7657324
0.8885052
0.7809295
0.7479556
0.7485403
0.7637085
0.7630029
0.7731719
0.7605634
0.8765589
0.749058
0.7643223
0.7581653
0.7898535
0.7448855
0.7803432
0.759113
0.7706482
0.7738219
0.7689228
0.7874759
0.8170223
0.8124441
0.9041748
0.8090128
0.7712735
0.8347248
0.8142944
0.8806297
0.7650822
0.7622163
0.7631843
0.7661864
0.8307884
0.766944
0.7633129
0.7922477
0.7976723
0.7826277
0.8251981
0.801286
0.7575439
0.7703838
0.8464055
0.7994705
0.8014376
0.8073941
0.8151376
0.7835491
0.804186
0.8287502
0.8066916
0.83126
0.7824268
0.7809672
0.7869583
0.7818997
0.7738013
0.7739545
0.7749897
0.7956918
0.7784252
0.7770132
0.7754133
0.7873762
0.7909004
0.7902464
0.7880404
0.6728366
0.767427
0.7726068
0.7809185
0.7665913
0.7643533
0.7636945
0.7668342
0.7683335
0.7653404
0.7631998
0.7636418
0.7606267
0.7608847
0.6816255
0.8134178
0.8115771
0.7955197
0.7239941
0.7636559
0.7721071
0.7772249
0.6864346
0.7943215
0.811175
0.7015202
0.6936225
0.7079987
0.7711389
0.6786577
0.85068
0.8164788
0.6516696
0.8866686
0.7057292
0.7625327
0.7621362
0.7743564
0.7726966
0.7902159
0.7676591
0.8888189
0.7588092
0.7752
0.7692566
0.8025997
0.7664296
0.7925811
0.7715496
0.7787556
0.7864192
0.7809492
0.7688354
0.811392
0.8172306
0.9072901
0.813853
0.6898076
0.8325335
0.8155759
0.8753664
0.6913933
0.6951837
0.693648
0.6932986
0.8439965
0.6724657
0.6215104
0.7973212
0.793443
0.7770544
0.8245132
0.7932353
0.7668575
0.6904963
0.8546593
0.7883578
0.8073701
0.7989996
0.8144631
0.7021078
0.8098245
0.8283281
0.8035243
0.8354456
0.7724004
0.7673262
0.7823753
0.7302748
0.6995086
0.6972921
0.6915642
0.741754
0.7153674
0.7150518
0.6992843
0.7434029
0.7838253
0.7894975
0.7919199
0.6343983
0.7673051
0.7723007
0.777206
0.7637988
0.7615776
0.7643453
0.7614043
0.7681454
0.7669326
0.7541826
0.7619446
0.758101
0.7577614
0.6471222
0.8135971
0.813795
0.7999681
0.7244984
0.772884
0.7769157
0.7768111
0.6864816
0.7971185
0.8028505
0.6761412
0.6931145
0.6772135
0.7710385
0.6818628
0.8519815
0.8220034
0.6711418
0.8881092
0.703232
0.7626723
0.7584457
0.7719209
0.7760714
0.7911423
0.762289
0.8915505
0.7533909
0.7839903
0.7681764
0.7975423
0.7589918
0.7886214
0.7770033
0.7762846
0.7913557
0.7831917
0.7706696
0.8159332
0.8168314
0.9119733
0.8174813
0.6840239
0.8389296
0.8204547
0.8757736
0.691212
0.6901501
0.6853984
0.68901
0.8455679
0.6760905
0.6637689
0.7961911
0.7876986
0.7771271
0.8282149
0.7907015
0.767585
0.6857648
0.8583281
0.7880864
0.8093642
0.7991134
0.810082
0.7058088
0.8074912
0.8314732
0.8042925
0.8351964
0.7773587
0.7656766
0.7781138
0.7022542
0.6600767
0.6602306
0.6465317
0.7117767
0.682182
0.6913793
0.6536846
0.7342471
0.7949429
0.7938974
0.7977076
0.6511921
0.7811066
0.7815045
0.7849067
0.776071
0.7766141
0.7745059
0.774006
0.7806492
0.7788811
0.7663388
0.7743211
0.7727536
0.7706688
0.6652086
0.8155711
0.8162738
0.8039758
0.7389042
0.7757051
0.7797836
0.7892434
0.697503
0.8004731
0.8059986
0.6857143
0.7054421
0.6891215
0.7752612
0.6933044
0.8561632
0.8236948
0.6879515
0.8881103
0.7153276
0.7691604
0.7655822
0.778079
0.7795756
0.7976635
0.7703934
0.8875943
0.7664209
0.7892485
0.7746728
0.802757
0.7635143
0.7899543
0.78371
0.7853045
0.7910408
0.7828615
0.7792543
0.8243299
0.8274074
0.9085465
0.8201006
0.7004271
0.8407906
0.8256373
0.8769027
0.7043677
0.7050245
0.7004667
0.7035288
0.8448108
0.6918764
0.6847383
0.802873
0.802237
0.7808751
0.8293319
0.8040676
0.7808073
0.6976848
0.8525013
0.793285
0.8144757
0.8004041
0.8146284
0.7114431
0.8181627
0.8280439
0.8085803
0.8385517
0.7857821
0.7747022
0.7824237
0.6999198
0.6735521
0.6805972
0.6731035
0.7236803
0.6983209
0.6996319
0.6719417
0.7423049
0.7976177
0.8019736
0.8044101
0.654195
0.7820542
0.7801641
0.7844911
0.7809008
0.7761367
0.7803125
0.7758701
0.7831838
0.7798186
0.7694644
0.7733208
0.7705999
0.7683981
0.6602255
0.8208697
0.8168275
0.8095785
0.7375568
0.7732513
0.7848136
0.7874442
0.6962366
0.7979703
0.8131396
0.6832506
0.6991661
0.6928903
0.7804685
0.6891352
0.8518601
0.820825
0.6920339
0.8867463
0.7141332
0.7670775
0.7621927
0.7814287
0.7763371
0.7981228
0.7750988
0.8924582
0.7687848
0.7908489
0.7746792
0.8060672
0.765346
0.79166
0.7841695
0.7880633
0.7906247
0.7817834
0.7760444
0.8266674
0.8273311
0.9137747
0.8251363
0.6932207
0.835624
0.831574
0.8773878
0.7113218
0.710758
0.7055506
0.70828
0.8439908
0.6849942
0.685067
0.8043307
0.8043514
0.778982
0.8302191
0.799648
0.7795444
0.6958282
0.8561988
0.7961945
0.8188687
0.807316
0.8133903
0.7129407
0.8189122
0.8367947
0.8123143
0.8421757
0.7856501
0.7705804
0.7818769
0.6976556
0.6787719
0.6746001
0.6671775
0.7137202
0.6899484
0.6929825
0.669029
0.7415655
0.7879407
0.7898226
0.7921105
0.6466753
0.772046
0.7693963
0.774113
0.769065
0.7684502
0.7700367
0.7651023
0.7708067
0.7722467
0.7578181
0.7649797
0.7620889
0.7618132
0.6538049
0.8184588
0.8180747
0.8053111
0.7265746
0.7719338
0.7785963
0.7833551
0.6849709
0.8013541
0.8132709
0.663974
0.6916242
0.6715137
0.768715
0.6723067
0.8507699
0.8173348
0.669023
0.8842617
0.7074387
0.7630409
0.7608353
0.7734004
0.7772065
0.7919847
0.7627177
0.8932245
0.7548467
0.7845924
0.7675654
0.7963985
0.7530986
0.7900421
0.7745005
0.7809331
0.7827005
0.7783697
0.7701122
0.8217221
0.8193511
0.9127451
0.8206264
0.6788403
0.8374601
0.8212344
0.8759434
0.7005264
0.6997523
0.6967717
0.6966784
0.843688
0.6681431
0.6727442
0.7932028
0.7921149
0.7804542
0.8225525
0.7972221
0.7742379
0.6771212
0.8559256
0.7857339
0.8142097
0.8030009
0.8100307
0.712648
0.8147333
0.8296266
0.8085995
0.8402209
0.7809486
0.7618145
0.7870301
0.6964274
0.6602424
0.6686565
0.6544253
0.7157364
0.679329
0.6916731
0.6540262
0.7353818
0.7959218
0.7964788
0.8011869
0.6631336
0.7797687
0.7810661
0.7829558
0.7777146
0.772491
0.7807311
0.7748344
0.7804174
0.7802403
0.7696059
0.7722242
0.7703063
0.7688236
0.6715836
0.8150695
0.8199264
0.8068815
0.7329932
0.7770383
0.7831186
0.7935641
0.6940622
0.7950149
0.8059775
0.6851698
0.6983034
0.6875834
0.777997
0.7030349
0.8560841
0.8218364
0.6843467
0.8869036
0.7160125
0.7725019
0.7687183
0.7811569
0.78373
0.7964862
0.7773664
0.888874
0.7711015
0.7922165
0.7762026
0.8059888
0.7671749
0.7904459
0.779622
0.7873547
0.7963031
0.7873849
0.7817413
0.8258796
0.8261837
0.9084366
0.8226466
0.7075567
0.8368466
0.8259229
0.8790374
0.7062222
0.7011817
0.7046526
0.7029115
0.8479984
0.6913368
0.6868217
0.8039249
0.8018271
0.7798884
0.8304873
0.8018948
0.7783887
0.6938971
0.8595175
0.7992623
0.8181477
0.8014663
0.8124575
0.7124327
0.8159018
0.8348879
0.80589
0.8343263
0.7831757
0.7760851
0.7803657
0.7010849
0.6797976
0.680388
0.6825262
0.7184126
0.7017555
0.7070174
0.6791849
0.7425785
0.786675
0.7935762
0.7965205
0.626521
0.7629695
0.7710408
0.7775391
0.7640779
0.7626605
0.7654227
0.7627921
0.7637556
0.7638262
0.7583752
0.7606607
0.7588063
0.7604118
0.6415376
0.81391
0.8179425
0.7967671
0.7225505
0.7651294
0.7726655
0.7787409
0.6731278
0.7940612
0.8044724
0.6581966
0.6857763
0.6764186
0.7631165
0.6697881
0.8504657
0.8192187
0.6638689
0.8844684
0.6999097
0.757847
0.7567346
0.7685217
0.7745159
0.7915117
0.7629072
0.8943897
0.7548748
0.7819601
0.7709005
0.8024252
0.7526145
0.7866761
0.7774605
0.7788217
0.7820701
0.7795442
0.76684
0.8170706
0.8203175
0.9115274
0.8183792
0.6835192
0.8353761
0.8219236
0.8726377
0.6863469
0.6832594
0.6812363
0.6865376
0.8452978
0.6754583
0.653281
0.7951439
0.7946513
0.7712233
0.8250346
0.79494
0.7752325
0.6758584
0.8565122
0.7909071
0.8124966
0.8050889
0.8111742
0.701437
0.8160567
0.8329113
0.8019622
0.8399214
0.7741007
0.7642108
0.7745254
0.6889934
0.6471259
0.6604885
0.6514622
0.7066319
0.6821047
0.6823849
0.6545603
0.7268739
0.78759
0.7880986
0.7891678
0.6402481
0.7685595
0.7731905
0.7753317
0.76578
0.7655604
0.7650286
0.761882
0.7692531
0.7661051
0.751677
0.7636038
0.7583557
0.7605429
0.6492974
0.8138885
0.8168282
0.7978372
0.724109
0.7713218
0.7770905
0.7815617
0.6840008
0.7972299
0.8065372
0.6630938
0.6873936
0.6758378
0.7670964
0.6735246
0.8508112
0.8195521
0.6710553
0.8835127
0.7028308
0.7578441
0.7620184
0.7744501
0.7787296
0.7908536
0.764569
0.8933093
0.7551032
0.783891
0.7668192
0.7971845
0.7552258
0.7900982
0.7739626
0.773759
0.7825028
0.7745719
0.7645464
0.8177813
0.8181287
0.9109167
0.8146502
0.6763793
0.83368
0.8163816
0.8710454
0.6882206
0.6867153
0.6867026
0.6872945
0.8446491
0.6694586
0.6659988
0.7964429
0.791969
0.7766031
0.8277866
0.7948621
0.771789
0.683962
0.8588791
0.7865964
0.8091494
0.8064499
0.8081352
0.7065516
0.8120838
0.8289201
0.8019229
0.8371801
0.781437
0.7664388
0.7786947
0.6864697
0.6584768
0.6595211
0.6426218
0.7084492
0.6767638
0.68896
0.6571371
0.7329358
0.7874265
0.7973768
0.7979905
0.6480556
0.7724409
0.7758968
0.7744265
0.770545
0.7687973
0.7752653
0.7743418
0.7716331
0.7679411
0.7553413
0.767909
0.7669949
0.7697494
0.6489077
0.8207247
0.8134804
0.803562
0.731094
0.7783141
0.7835758
0.7875126
0.6883799
0.8001896
0.7997006
0.6746405
0.6855202
0.6832483
0.7733578
0.6806091
0.8565022
0.8205508
0.6737636
0.88955
0.7106882
0.764993
0.7629398
0.7817948
0.7844683
0.7942897
0.7672686
0.8922613
0.7622784
0.78304
0.7700472
0.8009177
0.7615803
0.7911698
0.7792208
0.7806575
0.7886999
0.7821466
0.7713835
0.8226504
0.8199209
0.9115745
0.8179092
0.6884337
0.837459
0.8209967
0.8797917
0.7008663
0.7000972
0.6984869
0.7010958
0.8411983
0.6821791
0.6723624
0.7981044
0.7952543
0.7864122
0.8247759
0.7990222
0.7801112
0.6818331
0.8559032
0.7912693
0.8168355
0.8067488
0.8083819
0.7110752
0.8167955
0.83231
0.8065928
0.8391633
0.7801148
0.7702394
0.777317
0.6935839
0.670699
0.6644621
0.6648056
0.7141718
0.6847369
0.6947937
0.6698019
0.7329496
0.7856702
0.7950245
0.8009602
0.6597733
0.7817314
0.7753867
0.7804934
0.7780059
0.7748264
0.7732165
0.7671402
0.78051
0.7781072
0.7676455
0.7714955
0.7687103
0.7739843
0.6654429
0.8134569
0.8129546
0.8002942
0.7395053
0.7726739
0.7862381
0.7863076
0.6959494
0.8038557
0.8090929
0.6829002
0.6987898
0.6965032
0.7741954
0.6964057
0.8565321
0.8179909
0.6910748
0.8927854
0.7142231
0.7676971
0.7701005
0.7809798
0.7805203
0.7933351
0.7756111
0.8906264
0.766148
0.7891464
0.7732193
0.7989023
0.7640729
0.797298
0.7781632
0.7896131
0.7922347
0.7841962
0.7753736
0.8304615
0.8234281
0.9104526
0.8250207
0.6976326
0.8372419
0.8270856
0.8784642
0.7016893
0.7016801
0.7027564
0.7028344
0.8459996
0.691712
0.6943817
0.7980878
0.8065946
0.7838326
0.82644
0.804221
0.7774395
0.6924363
0.8522569
0.7990983
0.8198407
0.8025257
0.8077253
0.7160274
0.8165574
0.8288617
0.7966254
0.8382419
0.7821832
0.7746764
0.7825818
0.6951872
0.6841903
0.6808892
0.6713509
0.7197217
0.6960711
0.6908082
0.6790869
0.7390641
0.7935903
0.7980581
0.7983992
0.6550963
0.774034
0.7747287
0.7809137
0.7738465
0.7715819
0.7801305
0.7751656
0.7749168
0.77388
0.7668546
0.7717379
0.7706674
0.7736011
0.6716751
0.8195035
0.819412
0.8073168
0.7329347
0.7785355
0.7904241
0.7889175
0.6963781
0.802118
0.8074074
0.6834346
0.6969697
0.6922684
0.7805653
0.6924665
0.8538496
0.8229544
0.6907176
0.889673
0.7133581
0.7662773
0.7670043
0.7742243
0.7768313
0.7965198
0.7735332
0.8941034
0.7630041
0.7898114
0.7735944
0.8046009
0.7630035
0.7913969
0.7828004
0.7845365
0.7937074
0.7836831
0.7728567
0.8283428
0.8269729
0.9123274
0.8208721
0.6984915
0.8410536
0.8251044
0.8769627
0.7050632
0.7043948
0.7023856
0.7031331
0.8436808
0.6944712
0.6999483
0.8028097
0.8023009
0.779769
0.8284934
0.8013995
0.7768014
0.6994082
0.8576362
0.7974396
0.8226468
0.804299
0.8143388
0.7120173
0.8179261
0.8340677
0.8069447
0.8403566
0.7826062
0.7717929
0.784866
0.7038624
0.6873513
0.6740693
0.6767791
0.7191531
0.6996801
0.6969066
0.6783923
0.7407657
0.7843327
0.7891815
0.7907226
0.5391827
0.7617626
0.7632117
0.7742459
0.7606938
0.762246
0.7631271
0.7601531
0.7627663
0.7608785
0.7532164
0.758168
0.7578847
0.7595055
0.5510823
0.8067122
0.8113461
0.7941632
0.7275187
0.7633139
0.7673641
0.7680669
0.6885705
0.7945806
0.8083085
0.6808386
0.6884527
0.6906359
0.7656458
0.6837937
0.8542512
0.8136904
0.6768874
0.8879768
0.6969365
0.7578904
0.7617051
0.7704064
0.7751202
0.787733
0.7649662
0.8883155
0.7550026
0.7754937
0.7668663
0.7968376
0.7552706
0.7894311
0.7829298
0.7809862
0.7825522
0.7802502
0.773491
0.8166588
0.8068933
0.9066175
0.8043896
0.6893979
0.8302962
0.8129183
0.8761296
0.6927046
0.6904465
0.6909508
0.6951347
0.8378015
0.6782016
0.6710815
0.7896924
0.7861716
0.7718539
0.8238273
0.7926942
0.7744391
0.6734572
0.8557399
0.7843784
0.8030186
0.8001838
0.8076433
0.7134237
0.8066919
0.8280878
0.7992331
0.8326011
0.7715468
0.7659788
0.7769784
0.7089334
0.6745647
0.668938
0.6582055
0.7239462
0.689519
0.6979908
0.6683205
0.7306902
0.7912249
0.7917277
0.7923681
0.6519132
0.7756562
0.7728874
0.7825513
0.773912
0.7723572
0.7786796
0.7752385
0.7750576
0.77529
0.7624349
0.7698319
0.7739646
0.771547
0.6646119
0.8136495
0.8170797
0.8034165
0.7382862
0.7754574
0.7825917
0.7846796
0.6925964
0.7982902
0.8082727
0.6828729
0.691562
0.6912549
0.7705663
0.686503
0.8498731
0.8196687
0.6838269
0.8849986
0.7064892
0.7613438
0.7615979
0.7751855
0.7714447
0.7940682
0.7662484
0.8895955
0.7557881
0.7823067
0.7715921
0.8000996
0.7571157
0.7887339
0.7715435
0.7813061
0.7961046
0.7794897
0.7735629
0.8192601
0.8235396
0.9162932
0.8190807
0.6947963
0.8372856
0.8256837
0.878818
0.7039499
0.7047835
0.7055326
0.6998961
0.839996
0.6939711
0.6896055
0.7926997
0.7998573
0.7816709
0.8285917
0.797578
0.7782013
0.6831806
0.8555298
0.7906482
0.8137223
0.8001725
0.8115183
0.7113844
0.8181091
0.8295982
0.8056304
0.8368954
0.781811
0.7648409
0.7799598
0.7024546
0.6641899
0.6795594
0.6645795
0.7205227
0.6934524
0.7030934
0.6674468
0.7403645
0.7879921
0.7985632
0.7997095
0.6575941
0.7709264
0.775886
0.7828713
0.7705927
0.7717321
0.7746153
0.767486
0.7743072
0.7736166
0.7631751
0.7699241
0.7642599
0.7639413
0.6635433
0.8165488
0.812916
0.8002443
0.7271265
0.7701455
0.7796278
0.7812128
0.6817023
0.7972102
0.8069042
0.6804958
0.6921173
0.6892728
0.7740454
0.6785222
0.8533919
0.8173174
0.6766321
0.8900241
0.70598
0.7657469
0.7592215
0.773486
0.7751426
0.7945823
0.7642323
0.8916689
0.7551272
0.7811547
0.7749874
0.8058606
0.7660682
0.7914536
0.7803035
0.7848257
0.7895642
0.7880369
0.7707857
0.8204015
0.8202214
0.9121844
0.819173
0.6871563
0.8407396
0.8269553
0.875131
0.6977001
0.690777
0.6887052
0.6920408
0.8393638
0.679244
0.6747084
0.7928259
0.7978085
0.7805241
0.8279198
0.8008065
0.7760018
0.6904219
0.852783
0.7925465
0.8153653
0.8030156
0.8087921
0.7107376
0.8120506
0.8320638
0.8051969
0.8428236
0.7800444
0.7694205
0.7771547
0.6928652
0.6654163
0.6679979
0.6699584
0.7142418
0.6835613
0.693239
0.6706543
0.7330645
0.7949032
0.7990688
0.7985413
0.6861243
0.78516
0.7830055
0.7861393
0.7850504
0.7776367
0.7821889
0.7802217
0.7828377
0.78377
0.7739988
0.7763472
0.7797932
0.7712429
0.6900521
0.822098
0.8201761
0.8047186
0.7407803
0.7853432
0.7899478
0.7878366
0.7158305
0.8044124
0.8083401
0.662925
0.7052082
0.6709694
0.7864323
0.6938593
0.8569052
0.8209182
0.6966755
0.8919298
0.7151348
0.7731794
0.7673434
0.7866711
0.7826642
0.7994335
0.7725274
0.8922823
0.7637252
0.7917817
0.778827
0.8009089
0.7630133
0.7949711
0.7862921
0.7909872
0.796927
0.7866848
0.7868281
0.8250528
0.8344134
0.9082821
0.8206968
0.7029943
0.839625
0.8236242
0.8807011
0.7096467
0.7139139
0.7128512
0.7110474
0.8473517
0.70353
0.6895258
0.802186
0.8063645
0.7916433
0.8288143
0.8036794
0.7842017
0.7018249
0.8536819
0.8019585
0.8246638
0.8132355
0.809996
0.7197363
0.8248347
0.8331921
0.8135391
0.8444982
0.7910623
0.7745177
0.7851893
0.714242
0.6904489
0.6924102
0.6925433
0.7255987
0.7119743
0.7073945
0.6947143
0.7440491
0.7894796
0.7942174
0.7960392
0.4912477
0.7680477
0.7698076
0.781969
0.7664406
0.7715924
0.7723373
0.7704267
0.7674632
0.7674686
0.7599554
0.7670654
0.7723974
0.7690509
0.4979006
0.8098974
0.8152479
0.7949096
0.7295466
0.7673428
0.7779748
0.775344
0.7020061
0.7938224
0.8069248
0.6796292
0.695797
0.6890543
0.7807215
0.6965847
0.8583287
0.8198094
0.6703369
0.8909957
0.7109801
0.7628427
0.7685941
0.7754433
0.7793889
0.7861038
0.7655053
0.8879199
0.7611511
0.7843504
0.7701156
0.7936709
0.7574466
0.7888344
0.7804664
0.7796667
0.7891579
0.7756835
0.7778672
0.8152394
0.8106965
0.9036223
0.8044245
0.6941305
0.8359574
0.8077773
0.8802689
0.6925056
0.6910417
0.6886603
0.6891577
0.8392357
0.6698928
0.6729498
0.7958352
0.7913091
0.7791723
0.8255632
0.7904349
0.7738075
0.6855354
0.8584088
0.7889645
0.8041821
0.7999573
0.8036062
0.7195315
0.8083444
0.8235767
0.7990227
0.8315711
0.7751172
0.7773172
0.7835784
0.7042905
0.6755782
0.6699555
0.6707051
0.7169834
0.6966538
0.6998374
0.6768777
0.7393131
0.7868443
0.7956784
0.7973124
0.6536102
0.7677273
0.7702969
0.7784642
0.7672469
0.7669005
0.7682913
0.7623591
0.7654141
0.7660628
0.7592934
0.7614953
0.7643505
0.7574679
0.6659368
0.8069016
0.8175741
0.8024285
0.7352772
0.7699541
0.7716575
0.7801961
0.7019893
0.7933108
0.8082441
0.6645536
0.6883618
0.6804284
0.7749082
0.6818122
0.8531003
0.8184086
0.6880902
0.8871075
0.7091187
0.7590446
0.7564836
0.7714253
0.7746765
0.7978666
0.766976
0.895633
0.7568184
0.7829961
0.7708708
0.7974543
0.7531785
0.7895191
0.7795762
0.7869531
0.7890633
0.7819005
0.7733918
0.8197468
0.8144439
0.9100188
0.818886
0.6954457
0.8334178
0.82365
0.877739
0.6918407
0.6923228
0.6911996
0.695462
0.8450161
0.6926712
0.6817013
0.7947879
0.7964382
0.7780263
0.8252526
0.7931706
0.7737802
0.6818301
0.8558036
0.7889984
0.816683
0.8038751
0.8069556
0.708575
0.8168992
0.8325011
0.8042062
0.8386109
0.7751774
0.7671942
0.7770215
0.7056804
0.6804426
0.6783835
0.6780419
0.7261542
0.7028031
0.7027523
0.6683407
0.7343334
0.7917563
0.7951916
0.7995294
0.6439028
0.7705109
0.7752041
0.7768504
0.771392
0.7643297
0.7688542
0.7675637
0.7715562
0.770426
0.7541317
0.762799
0.7667457
0.7569924
0.6515365
0.8098361
0.8156482
0.804214
0.7295504
0.7679882
0.769915
0.7819451
0.6910559
0.7916596
0.8053568
0.6771168
0.6875164
0.6830789
0.7692486
0.6858639
0.8475038
0.8202731
0.6706204
0.8842707
0.7086101
0.7611179
0.7609406
0.7730898
0.7773822
0.7922234
0.7691262
0.8918858
0.7531925
0.784703
0.7757681
0.7967774
0.7550761
0.7948345
0.7772067
0.7820015
0.7869445
0.7810458
0.7718093
0.8153198
0.8228468
0.9118934
0.8148619
0.6831083
0.8301646
0.8184754
0.8727373
0.6940869
0.6925195
0.6868248
0.6978826
0.8452883
0.6855297
0.6708
0.7914358
0.7968284
0.7742345
0.8273503
0.798239
0.7729385
0.6777367
0.8554818
0.7940662
0.8088365
0.8039491
0.8018296
0.718496
0.8136986
0.8291422
0.8011606
0.8388735
0.7741287
0.7662338
0.7850954
0.7095345
0.6612156
0.6761289
0.6654273
0.7185945
0.6897806
0.7
0.6729341
0.734071
0.7921606
0.7945105
0.7964308
0.645812
0.7795658
0.7768633
0.7826087
0.7761194
0.7694444
0.7771525
0.7663959
0.7766968
0.7764364
0.7641245
0.7682621
0.7675592
0.7650178
0.6562332
0.8143184
0.813201
0.803215
0.7254356
0.7740087
0.779493
0.7814313
0.6827971
0.796146
0.8033845
0.6760313
0.6946206
0.6826234
0.7737374
0.6868773
0.8494544
0.8184387
0.6847079
0.8898974
0.7025793
0.7602398
0.7547458
0.7756787
0.7761651
0.7881779
0.7651446
0.8922576
0.7635258
0.7860805
0.7717852
0.8021361
0.7565721
0.7919031
0.7749734
0.7868346
0.7928064
0.7852639
0.7761492
0.8185405
0.8199449
0.9145653
0.8142106
0.6895691
0.836238
0.8250066
0.8776266
0.696306
0.6922571
0.6926768
0.6927529
0.8467606
0.6746702
0.6767563
0.7974793
0.7982301
0.7787758
0.8245884
0.7958342
0.7780196
0.6850938
0.8549296
0.7883589
0.8107706
0.8035154
0.8111491
0.7175929
0.8127155
0.8277213
0.8028342
0.8412371
0.7827677
0.7728476
0.7768344
0.692644
0.6681191
0.6656118
0.6582641
0.7129429
0.6866628
0.6911727
0.6676094
0.7307596
0.7967368
0.8010397
0.8022116
0.6836354
0.7874909
0.7901716
0.7926442
0.7866376
0.7791387
0.7861301
0.7836508
0.7884497
0.7881564
0.7796813
0.7866035
0.7825195
0.7809705
0.6876313
0.8265224
0.8197046
0.811548
0.7481952
0.7865567
0.7930642
0.7970951
0.718872
0.8045477
0.8133555
0.6577107
0.7107868
0.6542883
0.7847531
0.7108599
0.8596347
0.82087
0.7040056
0.8905397
0.7210905
0.778103
0.7809407
0.7837587
0.7911992
0.7999366
0.7801422
0.8878546
0.7757514
0.7943499
0.7813812
0.8058671
0.7740646
0.7983567
0.7845271
0.7931147
0.8011452
0.7915618
0.7886101
0.8323969
0.8335488
0.9124225
0.828786
0.7166844
0.8430996
0.8343946
0.8802721
0.7221739
0.7239577
0.7258656
0.7232505
0.8469866
0.7073369
0.7027968
0.8097083
0.8133234
0.7949299
0.829386
0.8132154
0.7890642
0.7097381
0.8566769
0.8014192
0.8287932
0.8079182
0.8166695
0.7098206
0.8295431
0.8308871
0.8150924
0.8402471
0.7952721
0.7852736
0.7922125
0.7313228
0.7048853
0.7044056
0.7098742
0.7353601
0.7157984
0.7264683
0.7020491
0.7492978
0.7918968
0.7947738
0.7947928
0.6748759
0.7814832
0.776908
0.7886648
0.7800391
0.7708407
0.7772657
0.771253
0.7790598
0.7808408
0.7702941
0.7696087
0.7751802
0.7729546
0.6869095
0.8140652
0.8153575
0.8066234
0.7348267
0.7747621
0.7827883
0.7865181
0.7026836
0.8020271
0.8085879
0.7081581
0.7033838
0.709099
0.7784947
0.7075514
0.8556597
0.8197164
0.6941314
0.8884528
0.7169561
0.763648
0.7729913
0.7828418
0.7846317
0.7969933
0.770621
0.89132
0.762226
0.7881419
0.7789861
0.8027391
0.766193
0.7961149
0.7813435
0.785251
0.7951305
0.7779989
0.7850413
0.8237927
0.8182454
0.9090311
0.8191282
0.7067379
0.8359762
0.8250524
0.8787367
0.7122708
0.7091331
0.7059621
0.7063764
0.8444477
0.7049338
0.6988116
0.8035369
0.8085408
0.7831909
0.8277422
0.8001503
0.7799989
0.6967558
0.8583185
0.7920231
0.818869
0.8080608
0.8055267
0.7160181
0.8191014
0.8369772
0.8048613
0.839962
0.7835309
0.7696139
0.7819389
0.7155396
0.7003518
0.6997895
0.6952519
0.7275211
0.710528
0.7088099
0.6888567
0.7503664
0.8022412
0.8013539
0.8027061
0.6941273
0.792828
0.7850457
0.7933183
0.7905924
0.7834026
0.7902264
0.7791226
0.7932949
0.7933484
0.7795489
0.7833749
0.7859874
0.7810304
0.7113969
0.8238278
0.8205525
0.8127101
0.7545543
0.7895702
0.7993168
0.8016587
0.7282079
0.8029551
0.8105056
0.7124424
0.720996
0.7243155
0.7938043
0.7282867
0.8611336
0.821941
0.7194293
0.8936297
0.7355969
0.7768978
0.7805283
0.7863506
0.7829533
0.7972938
0.7813971
0.8917203
0.7823774
0.7977164
0.7890164
0.7993988
0.7782221
0.798746
0.7873456
0.787569
0.8005777
0.7881108
0.791829
0.8291015
0.8342412
0.9124659
0.829642
0.7241697
0.8385771
0.8351316
0.8811734
0.7275178
0.725372
0.7270214
0.7293699
0.8485559
0.7153733
0.7186669
0.8072574
0.8156237
0.7941241
0.834748
0.8112516
0.7887778
0.7169718
0.855542
0.8080935
0.8222339
0.8152258
0.8126147
0.7401422
0.8245695
0.8375523
0.8118691
0.8409554
0.7989148
0.7864458
0.7896856
0.7117566
0.7124732
0.6986166
0.7048208
0.7304985
0.7172762
0.7180633
0.7163491
0.7564675
0.7834571
0.7898924
0.7912395
0.6427981
0.7650496
0.7665764
0.7735196
0.7636106
0.7544156
0.7651851
0.7619307
0.7637243
0.7641604
0.7513789
0.7557108
0.7588866
0.7568398
0.6596434
0.8124705
0.813145
0.8021247
0.7239328
0.7611156
0.7679881
0.7750893
0.6859237
0.7882528
0.8027157
0.6726281
0.6886624
0.6828772
0.7656872
0.6805417
0.8480904
0.810821
0.6766086
0.8862916
0.7024767
0.749089
0.7496284
0.768596
0.7675141
0.789674
0.7567989
0.8916332
0.7468196
0.778362
0.7646621
0.7975474
0.7495013
0.7874003
0.7665396
0.7759685
0.783896
0.7783941
0.7694684
0.8178348
0.8189609
0.9142343
0.8123827
0.6825534
0.8331794
0.818381
0.8722155
0.6881093
0.6880691
0.6853468
0.685859
0.8393988
0.6811776
0.6692069
0.7914797
0.794568
0.7728227
0.828667
0.7953875
0.7650729
0.6749114
0.8569406
0.7790496
0.8077822
0.8037795
0.8131522
0.7077224
0.8161255
0.8318959
0.803218
0.8389061
0.7772638
0.7622608
0.7752047
0.7057708
0.6754897
0.6795108
0.6690285
0.7296267
0.6987073
0.6959547
0.6688369
0.7263078
0.7867837
0.7947457
0.7981116
0.6610575
0.7837484
0.7824823
0.7834846
0.7805087
0.7740172
0.7805463
0.7808091
0.7803
0.7830425
0.7715505
0.7766331
0.7754733
0.7707951
0.6721483
0.8114412
0.8179309
0.8060367
0.7434459
0.7819356
0.7870657
0.7926829
0.706676
0.7948175
0.8032453
0.6826084
0.6927699
0.6918657
0.7809772
0.6967634
0.8562026
0.8157617
0.693703
0.8901001
0.7202806
0.7727403
0.7695617
0.7775112
0.7784736
0.7923418
0.7766817
0.8891932
0.7704814
0.7854581
0.7780924
0.7997687
0.7714786
0.7921585
0.7795019
0.7865556
0.7893782
0.7867322
0.784017
0.8226484
0.8239465
0.9082444
0.8243321
0.6959804
0.8358126
0.8251212
0.8794806
0.7104373
0.705395
0.7030576
0.705803
0.838767
0.6928067
0.6899824
0.8025809
0.8040357
0.7919199
0.828388
0.8045665
0.7820448
0.6977417
0.855538
0.7969661
0.816092
0.8034426
0.8116564
0.7160524
0.8207013
0.830272
0.8027702
0.8333917
0.7858229
0.7799607
0.7799327
0.6911995
0.6758035
0.6666883
0.6739102
0.7032981
0.6784896
0.6883966
0.6755418
0.7411146
0.7844573
0.7890214
0.7942232
0.6360535
0.7617963
0.7668352
0.776166
0.7601498
0.756768
0.7651753
0.7590059
0.7615716
0.7567726
0.7497605
0.7608786
0.7602138
0.7598324
0.6391237
0.8127717
0.8157345
0.7979153
0.7258334
0.7674115
0.7714173
0.775719
0.6791675
0.7928535
0.8060757
0.6658538
0.6878062
0.6792808
0.7604433
0.6784051
0.850993
0.8177139
0.6656671
0.8862062
0.7004611
0.7617741
0.76037
0.7695178
0.7830231
0.7935715
0.7612746
0.8955237
0.7530792
0.7816237
0.7645896
0.7998005
0.7545995
0.7883641
0.7720995
0.7792653
0.7819508
0.7748987
0.7710589
0.819679
0.8181765
0.9117868
0.8161381
0.6866043
0.8339326
0.8200453
0.8760652
0.688546
0.6911659
0.6920965
0.6925994
0.8439618
0.6705256
0.6685961
0.7925883
0.7919938
0.7770069
0.8267977
0.7939698
0.7622866
0.6850713
0.8574253
0.7833636
0.8109723
0.8048466
0.8095073
0.6991967
0.813029
0.8317785
0.7982979
0.8385317
0.7712073
0.7644772
0.7822707
0.6924143
0.6631974
0.6617589
0.6445478
0.7136361
0.6838644
0.6937814
0.6491585
0.7303224
0.781546
0.7885808
0.7903886
0.6280517
0.7664521
0.7681629
0.7771639
0.7645384
0.7591969
0.7640051
0.758709
0.7651489
0.7654364
0.7583121
0.7589514
0.7561598
0.7604752
0.6392239
0.8116286
0.8166942
0.7990679
0.7250561
0.7632579
0.7688841
0.7712775
0.6813595
0.795777
0.8035527
0.6671697
0.6794813
0.6819649
0.7691203
0.6735965
0.8518539
0.822454
0.6616717
0.8883277
0.6893866
0.7543736
0.7509493
0.7699673
0.7709239
0.7922198
0.7632962
0.8912457
0.7526605
0.7769917
0.7619209
0.7936032
0.7578259
0.793847
0.7730133
0.7782392
0.7826649
0.7788313
0.7700123
0.8210921
0.819417
0.9122364
0.819193
0.6877321
0.8336532
0.8218388
0.8777342
0.6861581
0.6782471
0.679708
0.6777785
0.8433182
0.6757198
0.6726371
0.7899116
0.7926856
0.7689254
0.8250458
0.7900794
0.7682229
0.6843204
0.8507398
0.7887247
0.8117153
0.8008491
0.8096114
0.7024953
0.8139374
0.8289155
0.8002118
0.8384742
0.7747378
0.7630048
0.7795931
0.6880433
0.6611005
0.654816
0.651065
0.7085767
0.6834702
0.6910316
0.653955
0.7278253
0.7923837
0.8000662
0.8034844
0.6516116
0.7770209
0.7772171
0.7842816
0.7754464
0.7726644
0.7737417
0.7736539
0.7758748
0.7769388
0.7658486
0.7744671
0.7724038
0.7693488
0.663074
0.8218298
0.8195335
0.8056322
0.7255411
0.7797678
0.7865409
0.7885616
0.6951933
0.799461
0.8083039
0.6873286
0.7004198
0.6938569
0.7809727
0.6958956
0.8579151
0.8180583
0.6905022
0.8918454
0.7212891
0.7707834
0.7687539
0.7825201
0.7806537
0.7975163
0.7731251
0.8926431
0.7667142
0.7929701
0.7748786
0.8059823
0.7701839
0.7927604
0.7831733
0.7802557
0.7902612
0.7835829
0.7800206
0.8224141
0.820846
0.9063575
0.8167507
0.6977798
0.8383135
0.8232828
0.8747174
0.7037108
0.7041187
0.7052685
0.6992197
0.8468311
0.6853652
0.682292
0.8020418
0.8007242
0.7829261
0.829344
0.8002435
0.781077
0.6971957
0.8590279
0.7929461
0.8156509
0.8039403
0.811232
0.7148173
0.8161966
0.8339864
0.8087991
0.8379808
0.7828543
0.7743531
0.7822685
0.7043179
0.6773284
0.6827235
0.6681425
0.7206687
0.6945985
0.7015
0.6724149
0.7454567
0.7879469
0.7910992
0.7934225
0.6567274
0.7721417
0.7741769
0.7809856
0.7696875
0.7658454
0.7735448
0.7643237
0.7719731
0.7709269
0.7623757
0.7720411
0.7692443
0.7660688
0.6670393
0.8183121
0.8130129
0.8059725
0.7288892
0.7718215
0.7837733
0.7874874
0.6966724
0.8006985
0.8068531
0.6782056
0.6934797
0.693318
0.7745941
0.6935256
0.8540142
0.8212352
0.6901747
0.8898703
0.7164479
0.7652295
0.7725973
0.7809179
0.7801842
0.7975378
0.7710048
0.8911144
0.7601645
0.7889091
0.772854
0.8047697
0.7649264
0.7878885
0.7811225
0.7831124
0.793373
0.784081
0.7841615
0.8277445
0.8260369
0.912847
0.8210724
0.7085915
0.8388956
0.8285952
0.8755758
0.7042642
0.7036775
0.705255
0.7033342
0.8478048
0.6872784
0.6867752
0.8022413
0.8035792
0.7787319
0.8346235
0.799455
0.7851319
0.6923077
0.856348
0.7974861
0.8216444
0.7974004
0.8104287
0.723537
0.817507
0.8304405
0.8025803
0.8394822
0.7853483
0.7784847
0.78373
0.6971888
0.6733515
0.6682037
0.6776416
0.7150259
0.688712
0.6942321
0.6686363
0.7327629
0.7897028
0.7904222
0.7953333
0.6575398
0.7721965
0.7726926
0.7769388
0.7705602
0.7608109
0.7640629
0.7638436
0.768779
0.7717506
0.7612604
0.7619249
0.7634028
0.7542343
0.6650972
0.8151827
0.8153129
0.7987516
0.7187869
0.7682724
0.7716212
0.7744985
0.7015724
0.787813
0.7993247
0.6439101
0.6857503
0.6548465
0.7673195
0.6871243
0.8478086
0.8166218
0.6698781
0.8877756
0.7095505
0.7606843
0.760653
0.7694863
0.7761467
0.791118
0.7625589
0.8903591
0.7585064
0.7827454
0.7700547
0.8039841
0.7533485
0.7917347
0.7729357
0.7810277
0.7875157
0.7830068
0.7684899
0.8229953
0.8231829
0.9126287
0.8158542
0.6838255
0.8337606
0.8191188
0.87397
0.6904998
0.6846174
0.6858304
0.6868673
0.8404902
0.6838352
0.6789636
0.7898331
0.7977033
0.7762921
0.8233195
0.7966148
0.7785084
0.6857635
0.8575959
0.7907748
0.8163277
0.8044094
0.8108424
0.7119189
0.815657
0.8288901
0.8012035
0.8379463
0.7746871
0.7690798
0.7755676
0.708265
0.6731636
0.683624
0.6658015
0.7270878
0.7046381
0.7088091
0.6741877
0.7366508
0.790156
0.7881677
0.7915311
0.724082
0.7708247
0.7681382
0.7770219
0.7699063
0.7610864
0.7625823
0.7633043
0.7707268
0.769072
0.759819
0.7611542
0.7647978
0.766931
0.7242801
0.8166266
0.8148168
0.8012589
0.6239667
0.7649977
0.7788905
0.7853094
0.7402144
0.7885397
0.7995151
0.7346757
0.7262066
0.7447342
0.7691858
0.7239382
0.8496154
0.8249398
0.7170303
0.8887183
0.7316268
0.7564576
0.7599716
0.7728625
0.7773458
0.7929552
0.7668025
0.8919166
0.7509247
0.7672358
0.7651172
0.8012925
0.7661833
0.7915757
0.7793072
0.772085
0.7895282
0.7780399
0.7754147
0.8190936
0.8106544
0.9106888
0.8128222
0.7258356
0.8347706
0.8127286
0.876371
0.7337525
0.7294019
0.7343921
0.7314636
0.8446806
0.7249006
0.7110122
0.7929063
0.7876654
0.7808474
0.8254822
0.7993559
0.7816211
0.7363747
0.8609717
0.7856308
0.8043636
0.8027746
0.8075726
0.7499847
0.8028841
0.8318675
0.8056956
0.84013
0.7774623
0.7656166
0.7739264
0.75261
0.7416672
0.7355966
0.7291517
0.7714592
0.7439485
0.7483579
0.7296964
0.7563373
0.7919666
0.7945401
0.7976325
0.6734831
0.7769923
0.7728258
0.7815596
0.7749415
0.7657631
0.771385
0.7710981
0.7761699
0.7743295
0.7590173
0.7611706
0.7656924
0.7677264
0.677501
0.8211927
0.8181671
0.8022096
0.73597
0.7635096
0.7706988
0.7823449
0.6945319
0.7931054
0.8056846
0.6914963
0.7007735
0.6957906
0.7733326
0.6961112
0.8517143
0.8187527
0.6934118
0.8893196
0.7083226
0.7606059
0.7577207
0.7794685
0.7787147
0.7932267
0.7639024
0.8908138
0.7554844
0.7859796
0.7733288
0.8020839
0.7574151
0.7959106
0.7779718
0.7822604
0.7923648
0.7826524
0.7749601
0.8214097
0.8211358
0.9101888
0.8204896
0.7071499
0.8380738
0.824361
0.8773804
0.697255
0.7014336
0.6983447
0.6966173
0.8430675
0.6875082
0.6837578
0.7925616
0.797883
0.7717835
0.8251716
0.7981031
0.7782839
0.681516
0.8603882
0.7891503
0.8129536
0.8105343
0.8099801
0.7145281
0.8171009
0.835351
0.8102548
0.8415566
0.785021
0.7654004
0.7785218
0.7238973
0.6908996
0.6951156
0.6878818
0.7375206
0.7194208
0.7175785
0.6763734
0.7386328
0.7870241
0.7886087
0.7901327
0.7510899
0.7380631
0.7458489
0.7486024
0.7325752
0.7321848
0.7398909
0.7349217
0.7383829
0.7351281
0.7315953
0.7282621
0.7255784
0.6856693
0.7556865
0.7652232
0.816222
0.7375146
0.7648754
0.6827056
0.6897829
0.7120534
0.7634409
0.7991428
0.8079695
0.7611458
0.7637123
0.7728567
0.5378587
0.7624124
0.8539708
0.8215934
0.7474485
0.8885888
0.7609497
0.7539034
0.7575457
0.7687567
0.779624
0.7901993
0.7626727
0.888597
0.755318
0.7655552
0.7694892
0.7997165
0.7529122
0.7859523
0.7751758
0.7771551
0.7855901
0.771742
0.7333562
0.8108689
0.8111745
0.9040647
0.7970897
0.7580833
0.830623
0.8136028
0.8800547
0.7547424
0.7541821
0.7544179
0.7581542
0.8458179
0.7559672
0.7566649
0.7959692
0.7848748
0.6942063
0.8198014
0.7886635
0.7777179
0.7603118
0.8354608
0.7835712
0.7998952
0.7664633
0.8197634
0.7741827
0.801672
0.7782066
0.7452686
0.792379
0.6975312
0.7083212
0.7897824
0.7778643
0.7577701
0.7629617
0.7546354
0.7927594
0.7702322
0.7725373
0.7566247
0.7853776
0.7944728
0.7969967
0.7986843
0.671242
0.7813521
0.7802179
0.7870042
0.7807496
0.7745928
0.7795267
0.7743113
0.779561
0.7779758
0.7721913
0.7712295
0.776485
0.7750129
0.6829221
0.8209139
0.8188645
0.8050324
0.7323881
0.7775283
0.7863139
0.7945167
0.7055285
0.7936926
0.8033692
0.6998975
0.6966089
0.7014707
0.7838483
0.7025881
0.8568069
0.8132873
0.6914401
0.8908791
0.7088993
0.7659723
0.7758225
0.7788973
0.7818467
0.7902542
0.7696724
0.8909336
0.767696
0.7847457
0.7782485
0.8016013
0.7675531
0.7915213
0.7800687
0.7915324
0.7927422
0.7784157
0.7847655
0.8189696
0.818076
0.9091293
0.8200283
0.6986417
0.8402031
0.8260005
0.879542
0.7047343
0.7086498
0.7064818
0.7012827
0.841423
0.7006349
0.6890603
0.8039973
0.7991115
0.7877516
0.8274076
0.8035409
0.7821507
0.6968697
0.8590236
0.7901107
0.8183893
0.805231
0.8112069
0.7216343
0.8211404
0.8350645
0.8078037
0.8379975
0.7891621
0.7802019
0.7795049
0.7137204
0.6957943
0.7027903
0.6954551
0.7284407
0.7139122
0.7059823
0.6894128
0.7442844
0.7801252
0.7925589
0.7956534
0.6802024
0.7661134
0.7709367
0.772018
0.7637411
0.7601742
0.7628375
0.7682883
0.7671073
0.7642878
0.7608423
0.761054
0.7586744
0.7593407
0.692217
0.8142634
0.8122431
0.7983292
0.7189926
0.7664989
0.7727066
0.7829652
0.6679311
0.7907214
0.8033692
0.6989568
0.6895304
0.6957674
0.7654458
0.6595359
0.8463164
0.8164303
0.6555413
0.8865915
0.6908417
0.7604216
0.7515352
0.7750496
0.7714155
0.7969892
0.7622941
0.8930966
0.7653049
0.7805359
0.7662574
0.7980984
0.7561669
0.7932378
0.7724841
0.7782505
0.7870772
0.7782361
0.769567
0.8139289
0.8138354
0.9096591
0.8128898
0.6837268
0.8364044
0.8182881
0.873289
0.6885505
0.687037
0.6860681
0.6890945
0.8433777
0.6793149
0.6605251
0.7888592
0.7854142
0.7731146
0.8249165
0.7941657
0.7694041
0.6753488
0.8523287
0.7772586
0.8082033
0.7986833
0.807132
0.6920875
0.8060803
0.8231352
0.7993576
0.8386608
0.7678934
0.7572265
0.7748871
0.7223084
0.6941291
0.6947586
0.6918314
0.740051
0.7074589
0.7142045
0.6804358
0.7405889
0.7973404
0.7984194
0.7992786
0.6886055
0.7912112
0.7902425
0.7983459
0.7901614
0.7823961
0.7865382
0.7897465
0.7917548
0.7911322
0.7812785
0.782848
0.7823087
0.7791225
0.6975024
0.8200464
0.8183719
0.8115054
0.7519394
0.7815638
0.7939854
0.7957219
0.7170632
0.8061219
0.8149678
0.6582902
0.7124969
0.6665813
0.7875187
0.7086959
0.8604397
0.820651
0.7017166
0.8891671
0.7304188
0.7785099
0.7781331
0.7863458
0.783379
0.8032381
0.7789347
0.8926332
0.7751226
0.7980358
0.7826395
0.8090317
0.7819727
0.7977363
0.7897718
0.7939081
0.8015311
0.7909184
0.7879284
0.8294058
0.831812
0.9074331
0.8282177
0.7225297
0.8432531
0.8304946
0.8808806
0.7119378
0.7170319
0.7146981
0.7136484
0.8446254
0.7142591
0.7078786
0.8034302
0.8121441
0.7903906
0.8334822
0.8032029
0.7908028
0.7124171
0.8609265
0.8044087
0.8280201
0.8103069
0.8152326
0.7353099
0.8283628
0.8329384
0.8140169
0.8413648
0.7924227
0.7800216
0.7890573
0.7289983
0.7077162
0.7032057
0.7093963
0.7327729
0.7183929
0.7221546
0.7099449
0.7437068
0.8062605
0.8065392
0.8098014
0.6879351
0.7926078
0.7875397
0.7971103
0.7916319
0.7881146
0.7925387
0.7860192
0.790668
0.7919929
0.7804712
0.7843943
0.785435
0.7868752
0.6973038
0.8270095
0.8271279
0.80947
0.7536134
0.7868263
0.7985047
0.796153
0.7131331
0.8075425
0.815632
0.6622926
0.7149704
0.6731001
0.7877212
0.7157477
0.862534
0.8227287
0.7078623
0.8909091
0.7294892
0.7793664
0.7836078
0.7936328
0.791454
0.8000948
0.7901315
0.8890508
0.7801018
0.8011799
0.7886434
0.8096591
0.7778268
0.8006459
0.7909999
0.7985747
0.8039673
0.796117
0.7890862
0.8365109
0.830796
0.9119776
0.825207
0.7216885
0.8436979
0.8317805
0.8804748
0.7345448
0.7335919
0.7302372
0.7301656
0.8500553
0.7080819
0.7163546
0.8080027
0.8122481
0.7923841
0.8389034
0.8121624
0.7888626
0.7141701
0.8606465
0.808619
0.8323712
0.8108503
0.8241398
0.7266635
0.8299758
0.8360567
0.8173224
0.8407391
0.7965721
0.7887688
0.7899328
0.7221423
0.707884
0.7080373
0.7061178
0.7335848
0.7100804
0.7184555
0.7078254
0.757782
0.7935863
0.800247
0.8016534
0.6830637
0.7751534
0.782956
0.7875258
0.7732599
0.7731329
0.7761384
0.7766761
0.7765337
0.7756366
0.7672919
0.7777909
0.7768318
0.7687543
0.6916211
0.8154682
0.8123588
0.801774
0.7371819
0.7708003
0.7765083
0.7743756
0.6996448
0.7956524
0.8107289
0.6984147
0.6900608
0.7066318
0.7807389
0.6854939
0.8514583
0.8172775
0.6853119
0.8876021
0.7123323
0.765697
0.7587998
0.778209
0.7836366
0.7925402
0.7759969
0.892572
0.7595743
0.7877659
0.7748835
0.8032233
0.7587697
0.7899423
0.7778955
0.783849
0.7894199
0.7871532
0.7764864
0.8226472
0.8290663
0.9123162
0.8183881
0.6944191
0.8369774
0.8248935
0.8779163
0.6974489
0.6987881
0.6991202
0.7006382
0.8418334
0.692153
0.6885181
0.7973849
0.8012426
0.7841883
0.8262801
0.7984789
0.7727403
0.6674419
0.8568943
0.7937885
0.8170692
0.8024385
0.8090115
0.7228603
0.8182887
0.8340477
0.8062791
0.8381666
0.782725
0.771831
0.782879
0.724344
0.7060515
0.7008378
0.6913147
0.7386473
0.7151246
0.7177833
0.6961003
0.7369627
0.7857671
0.7926609
0.797025
0.6615157
0.7679977
0.7690696
0.7740736
0.7676603
0.7661524
0.7732815
0.7626987
0.77148
0.7682714
0.7557695
0.7641261
0.7627088
0.7618437
0.6725347
0.8169029
0.8099477
0.7963467
0.7278355
0.7641187
0.769562
0.7797227
0.6938762
0.792808
0.7975446
0.6882315
0.6857237
0.6931108
0.7649617
0.6813079
0.848005
0.8187523
0.6767241
0.8868445
0.7009892
0.7598804
0.7625262
0.772043
0.7761312
0.79759
0.762043
0.8897036
0.7556808
0.7816808
0.7664799
0.7983076
0.7614499
0.7912485
0.7752168
0.77676
0.7841801
0.7753422
0.7692036
0.8154931
0.812794
0.9120166
0.8156013
0.6805198
0.8374943
0.8239385
0.8760934
0.6951243
0.6975712
0.6927817
0.692343
0.8433777
0.680207
0.6702007
0.7923321
0.7987425
0.7728139
0.8267355
0.7917685
0.7737071
0.6815848
0.8555722
0.7832222
0.8119644
0.7989492
0.8027243
0.7076009
0.8102343
0.8304304
0.808317
0.8402551
0.7743343
0.7629446
0.7715936
0.7136372
0.693242
0.6815671
0.6742312
0.7291388
0.7071114
0.7047872
0.6772021
0.7357249
0.8530838
0.8485549
0.8502253
0.8458813
0.8538663
0.8478884
0.8538972
0.852525
0.8530017
0.8504854
0.8524623
0.8542109
0.8533598
0.8537363
0.8516798
0.8501747
0.8478408
0.8459497
0.8642455
0.8539697
0.8599927
0.851554
0.8487211
0.8538164
0.8568097
0.8463222
0.847755
0.8501288
0.846513
0.8414678
0.8477844
0.8552227
0.8420891
0.8852459
0.8615696
0.8420457
0.9087547
0.8465941
0.8382922
0.840312
0.8429717
0.8443457
0.8499534
0.8446136
0.9035223
0.8443979
0.8492611
0.8444455
0.8565541
0.8410032
0.8474435
0.841242
0.8465684
0.854835
0.8466451
0.8502375
0.8662625
0.8617117
0.9121224
0.8617634
0.8453899
0.8713217
0.8719844
0.8956376
0.83619
0.8417503
0.8404826
0.8377107
0.8737365
0.8410867
0.8408142
0.8433177
0.8551195
0.8517143
0.8685436
0.8607845
0.8516333
0.8445047
0.8789929
0.8562604
0.8585053
0.8587122
0.8535654
0.8483104
0.860677
0.8699943
0.8587229
0.8742318
0.8537661
0.8515472
0.8381947
0.8496535
0.8524863
0.8488132
0.8510847
0.8513122
0.8468068
0.846231
0.8447368
0.8461616
0.7966151
0.7993108
0.8021015
0.7708226
0.7932242
0.7924797
0.7989593
0.7934002
0.7981443
0.7921468
0.7955838
0.7934403
0.7952136
0.7841696
0.7896946
0.7880586
0.7816037
0.7658893
0.8255134
0.8114695
0.8120868
0.7662735
0.7930715
0.793193
0.8035415
0.7807233
0.7903566
0.7981699
0.7785061
0.7717516
0.7826168
0.7914996
0.7743678
0.8511929
0.8261251
0.7616986
0.890943
0.7782529
0.7709541
0.7773459
0.7837775
0.7855728
0.7965061
0.7785748
0.8898036
0.7729515
0.7884604
0.7869477
0.8056529
0.7764136
0.7899306
0.790379
0.7826011
0.7993131
0.7921435
0.7920067
0.8174936
0.7989349
0.9060265
0.8148901
0.7641722
0.8442683
0.8162974
0.8780261
0.7579424
0.7595051
0.7583187
0.758983
0.8494222
0.7644166
0.7652673
0.7831522
0.7985113
0.8035662
0.8334912
0.8058771
0.7912069
0.7716475
0.860003
0.8005186
0.8032975
0.8164203
0.7960054
0.7878806
0.8089724
0.8437451
0.8139091
0.8436447
0.7994161
0.7883955
0.6348926
0.7875648
0.7797526
0.7677917
0.7717934
0.7921883
0.7820402
0.7845926
0.7692606
0.7815749
0.789974
0.7953908
0.7942177
0.6675779
0.7689207
0.7706599
0.7749052
0.7678927
0.7651467
0.7698201
0.7667982
0.7704324
0.768488
0.7620124
0.7648872
0.764648
0.7523041
0.6795258
0.8113677
0.813851
0.7924252
0.7351547
0.7673141
0.7724541
0.7766667
0.6880239
0.7906183
0.8037464
0.693709
0.6898287
0.7080826
0.7681854
0.6720942
0.8521476
0.8212658
0.6681174
0.8880174
0.6962717
0.7545491
0.762397
0.7774236
0.7794466
0.7935799
0.7650839
0.8913447
0.7568618
0.780872
0.7684338
0.8027262
0.7588417
0.7863035
0.7763237
0.7839364
0.7838766
0.776838
0.7693983
0.8151498
0.820988
0.9070594
0.8154371
0.6858093
0.8363204
0.8206662
0.8784692
0.6875399
0.6886756
0.6834394
0.6883167
0.8374689
0.6229203
0.6669919
0.7938387
0.7959448
0.7709085
0.8277839
0.7914767
0.7821573
0.6871651
0.8523758
0.7889948
0.8137905
0.7986783
0.8100981
0.7008699
0.8158611
0.8224778
0.7933685
0.8341634
0.7697838
0.7723605
0.78263
0.722152
0.6949365
0.6877401
0.6918912
0.7279154
0.7155472
0.7042201
0.6913596
0.7453215
0.8185445
0.8226513
0.8263906
0.8053566
0.8084431
0.810446
0.8125682
0.8062396
0.8066762
0.8061453
0.8114615
0.8071782
0.8081849
0.8022398
0.8075329
0.8035629
0.8101174
0.8066087
0.8356812
0.8350616
0.8210056
0.8059353
0.8032804
0.8139464
0.8152606
0.8185943
0.8159011
0.8181956
0.8131934
0.8038774
0.8201435
0.8151822
0.820107
0.8607811
0.8359883
0.801292
0.8956606
0.8093071
0.8024782
0.8013552
0.8049526
0.8133908
0.8170213
0.8061681
0.891176
0.8069665
0.808065
0.8039604
0.8227165
0.8059901
0.8192082
0.81755
0.803142
0.8199308
0.8121939
0.8120253
0.8316078
0.7719338
0.8869005
0.8142267
0.8073887
0.8463119
0.8182755
0.8886444
0.8052519
0.8068169
0.8052098
0.8049815
0.8547333
0.811333
0.8023513
0.8001163
0.8072167
0.8132508
0.8383293
0.8161152
0.8195542
0.8107636
0.865931
0.8168007
0.8079629
0.828921
0.8331591
0.8239152
0.8051714
0.8483458
0.8239853
0.8536765
0.8136133
0.8163489
0.7973112
0.8182823
0.8145392
0.8142412
0.8151862
0.8253713
0.818981
0.8170439
0.8082124
0.8198837
0.8161234
0.812139
0.8127956
0.814032
0.8218292
0.8195861
0.8206676
0.8220393
0.8240063
0.8239667
0.8221214
0.8248866
0.822109
0.8188381
0.8167419
0.8201213
0.8191281
0.8135007
0.8373907
0.8294432
0.8256275
0.811598
0.8242047
0.8253052
0.8237592
0.8218561
0.8211898
0.8285126
0.8202534
0.8146962
0.8261552
0.8290937
0.8180276
0.8848962
0.8353034
0.8139812
0.9113013
0.8144694
0.8006977
0.7978999
0.80473
0.8103014
0.810807
0.806756
0.8756759
0.801422
0.8122251
0.8040165
0.8215574
0.8017943
0.8091251
0.8088539
0.8036454
0.8144672
0.8085747
0.8196356
0.8328972
0.8267581
0.8856984
0.8285992
0.8163318
0.8478222
0.831149
0.8983389
0.8136006
0.8120648
0.8112972
0.814909
0.835968
0.8133491
0.8087346
0.8264975
0.8285104
0.8259518
0.84338
0.8223761
0.8038193
0.816921
0.8647678
0.8215684
0.8227563
0.8407337
0.8400593
0.826814
0.8262604
0.8430509
0.8248256
0.8462494
0.8231672
0.8190382
0.8155613
0.8265798
0.8215013
0.8193427
0.8177075
0.8266061
0.8249937
0.8167595
0.8119779
0.8205946
0.7911785
0.7971648
0.7996546
0.6760061
0.7778097
0.7804598
0.7880761
0.7752278
0.7728336
0.777944
0.7764326
0.7763665
0.7770231
0.7789578
0.7730731
0.7758732
0.7729335
0.688938
0.8249246
0.8174497
0.802221
0.7383813
0.7710755
0.776551
0.7913774
0.7009826
0.792711
0.8040634
0.684753
0.6975616
0.6999235
0.7777017
0.6917746
0.8550513
0.8187206
0.6996047
0.8859794
0.7113801
0.7596687
0.7687961
0.773849
0.7841932
0.7972776
0.7665086
0.8915175
0.759837
0.7900405
0.7747274
0.8044736
0.7602406
0.7929778
0.7735733
0.7875899
0.792709
0.7841521
0.7785196
0.8233642
0.8282071
0.9170977
0.8300109
0.6960524
0.8344364
0.8276907
0.8739412
0.7099134
0.710171
0.7075089
0.704331
0.8403091
0.7022422
0.6936955
0.7987109
0.8073864
0.7794781
0.8284525
0.8068285
0.7788631
0.6885822
0.857136
0.7936284
0.8195787
0.8091575
0.8132209
0.7218975
0.8270907
0.8396401
0.8155706
0.8423783
0.7834316
0.7745452
0.7850234
0.7233781
0.6961538
0.6967684
0.6862473
0.7282371
0.714179
0.6982278
0.6915005
0.7364915
0.899916
0.9061868
0.9067466
0.8962175
0.9045991
0.8998574
0.9033148
0.9037333
0.9030823
0.8987054
0.8999047
0.902779
0.9045949
0.8991908
0.898641
0.8993355
0.8959066
0.8964646
0.9101337
0.908269
0.9074454
0.9037547
0.8967917
0.898945
0.9058618
0.8978612
0.9039568
0.9032089
0.8950238
0.8955707
0.8971153
0.897701
0.897522
0.8659308
0.9076525
0.8981382
0.8743318
0.8992496
0.8948523
0.8951311
0.8975669
0.8972495
0.9073279
0.8956404
0.932177
0.8924317
0.9031799
0.8965818
0.9059956
0.8932356
0.8988072
0.8949381
0.900118
0.9033727
0.8991901
0.8965859
0.9167429
0.9111264
0.953409
0.910135
0.8969169
0.915565
0.9135056
0.899814
0.8997569
0.8982598
0.8997657
0.8976045
0.9138406
0.8934779
0.8989075
0.8994607
0.9051758
0.8974883
0.9102606
0.9060525
0.8971421
0.8975258
0.9250218
0.9019675
0.9119326
0.9045327
0.9044308
0.9026392
0.9108835
0.9144662
0.9080397
0.9154213
0.9029699
0.9024335
0.9024495
0.8957061
0.8956833
0.896922
0.8972865
0.901418
0.8966465
0.8993073
0.8967958
0.895714
0.8388603
0.8372987
0.8375343
0.8269974
0.8404311
0.8436278
0.8460095
0.8404166
0.8405506
0.8379484
0.8429514
0.8411356
0.8410897
0.8365651
0.8357633
0.8373616
0.8359808
0.8265442
0.8570814
0.8452613
0.8528939
0.8231192
0.8372784
0.8445517
0.8394966
0.8352799
0.8303981
0.8346152
0.8359684
0.8257474
0.8321184
0.8324443
0.8322549
0.869367
0.8510407
0.8229091
0.8993561
0.8290264
0.8251933
0.8272684
0.8298924
0.8294257
0.8345986
0.8283421
0.9009331
0.825156
0.8347712
0.8326942
0.8414447
0.827276
0.8326608
0.8255367
0.8225698
0.8422012
0.8301686
0.8417915
0.8570388
0.8363766
0.9117819
0.8455389
0.8245585
0.863324
0.8487552
0.8884424
0.8186467
0.8208544
0.8213603
0.8225281
0.8614751
0.8272405
0.8262816
0.8195101
0.8411239
0.8431596
0.853197
0.8422597
0.8308735
0.8313079
0.8777024
0.8364891
0.8405916
0.8491221
0.8324684
0.8341665
0.841137
0.8605969
0.8496141
0.8656008
0.8446452
0.8384876
0.8081038
0.8333423
0.8284738
0.8212627
0.8256077
0.8356733
0.834207
0.8340299
0.8247916
0.828415
0.8294445
0.8325871
0.836492
0.838884
0.838448
0.8415543
0.8409568
0.8371831
0.8454398
0.8389114
0.8419747
0.8389975
0.8390642
0.8412573
0.8389826
0.8419935
0.8379233
0.8329048
0.8464252
0.833601
0.8410075
0.8386041
0.839597
0.8415319
0.8420117
0.8467427
0.8387486
0.8417549
0.8416616
0.8398361
0.8507373
0.8480385
0.8445303
0.8961202
0.8547592
0.8420135
0.9205586
0.846313
0.8239134
0.8255116
0.831773
0.8286928
0.8254277
0.8217894
0.8850905
0.831265
0.8292431
0.8278889
0.828885
0.8300891
0.8295625
0.839186
0.8191903
0.8355364
0.8297882
0.8436887
0.8411228
0.8241385
0.8681343
0.8386138
0.8404364
0.8585129
0.8351612
0.9098208
0.8354606
0.8359278
0.8350106
0.8353548
0.8468653
0.8359056
0.8406675
0.8396969
0.8319858
0.8407316
0.8487928
0.8401995
0.8288973
0.8357987
0.8708998
0.8391507
0.8221187
0.848991
0.8549645
0.8474593
0.8342057
0.8479721
0.8377604
0.8524597
0.8434171
0.8406225
0.8298303
0.844179
0.8484284
0.8407241
0.8494242
0.8500685
0.8442284
0.8479693
0.8441004
0.8462889
0.8317924
0.830988
0.8321038
0.8147412
0.8273675
0.8210276
0.8271916
0.8277616
0.82398
0.8210217
0.8263258
0.8278409
0.8275949
0.8229989
0.8217822
0.8219635
0.8166144
0.8127939
0.8357674
0.8324655
0.8260435
0.8128763
0.8156508
0.8242797
0.8291462
0.8254839
0.8198929
0.8260783
0.8233311
0.8156138
0.8341301
0.8241841
0.8259699
0.8695565
0.8445709
0.8143064
0.904315
0.821547
0.8077553
0.8120938
0.8194101
0.8201607
0.8229227
0.8149948
0.8870309
0.8185498
0.8222706
0.8150072
0.8298753
0.8178596
0.8236985
0.8218869
0.8139396
0.8281949
0.8223457
0.8310629
0.8244126
0.7850503
0.8832001
0.8137577
0.8174298
0.8519771
0.8095215
0.8989813
0.8121313
0.8100237
0.8122984
0.8129736
0.8531784
0.8149113
0.8148863
0.8144499
0.8051812
0.822802
0.8355193
0.8213337
0.8186835
0.8187916
0.8691839
0.8224404
0.8062638
0.8367357
0.836882
0.8349673
0.8155259
0.848178
0.8323872
0.8507646
0.8265209
0.8217442
0.8077477
0.8306031
0.8230624
0.8168546
0.8261429
0.8337386
0.8265185
0.8239363
0.8205169
0.8245147
0.7840335
0.7947114
0.7963675
0.6744467
0.7709029
0.7763403
0.7775703
0.7681824
0.7676978
0.7674993
0.7725073
0.770014
0.7700246
0.7617363
0.7668608
0.7684418
0.7601411
0.6804589
0.812794
0.8091562
0.8035714
0.7302452
0.7727117
0.777198
0.777236
0.6926756
0.7941694
0.8002692
0.6930661
0.6895574
0.7078731
0.7710598
0.6852939
0.8508417
0.8166452
0.6629972
0.8873738
0.6990209
0.7587369
0.7587872
0.7734184
0.7758591
0.793461
0.764992
0.890679
0.7532452
0.776682
0.7706901
0.7984074
0.7549962
0.7851565
0.7765957
0.7832861
0.7910278
0.7782188
0.7701782
0.8172726
0.8142756
0.908875
0.8173927
0.6927536
0.8361836
0.8156657
0.8802407
0.6910843
0.6862719
0.684424
0.6827448
0.845893
0.6742289
0.6640783
0.7841268
0.7947603
0.7782667
0.8218676
0.7934029
0.7723488
0.6820955
0.8622328
0.7897963
0.8037555
0.8023825
0.8070606
0.7140258
0.8064007
0.8335282
0.8022278
0.8354996
0.7764502
0.7701838
0.7669878
0.7286015
0.6971369
0.6958155
0.6949164
0.738916
0.7154379
0.7177964
0.687825
0.7413127
0.7851737
0.7927345
0.7932222
0.6853509
0.7769106
0.779364
0.7773282
0.7761102
0.7758817
0.7762167
0.7699044
0.7778338
0.7740755
0.761443
0.7717016
0.7722019
0.7702202
0.6973891
0.8145852
0.8156783
0.7986215
0.7367018
0.7685175
0.7821707
0.7807177
0.7054128
0.7939987
0.8016306
0.6983809
0.6567455
0.7097848
0.771195
0.7049784
0.8511245
0.8145421
0.6851745
0.8892992
0.7141097
0.764329
0.7697021
0.7754822
0.7798401
0.7953609
0.7692815
0.8864762
0.7616104
0.7836509
0.7732539
0.7959383
0.7730744
0.7906611
0.7842503
0.7814483
0.7937493
0.7820361
0.777803
0.8198869
0.8152928
0.9055709
0.8185645
0.6795626
0.8330944
0.8202455
0.880029
0.7063432
0.7094247
0.7074779
0.7025033
0.8418456
0.6929654
0.6861081
0.7988653
0.8033828
0.7785459
0.8250746
0.7970687
0.7848911
0.6985336
0.8516013
0.7922934
0.8089407
0.8030629
0.8017509
0.7102125
0.8122976
0.8257924
0.8032745
0.8325055
0.7809297
0.7667659
0.7728221
0.7189696
0.702412
0.6960394
0.698513
0.7385211
0.7164749
0.716328
0.7011793
0.7408184
0.7923455
0.7972005
0.7994033
0.6828839
0.7792711
0.7827197
0.7808781
0.7785315
0.7788927
0.7776637
0.7771568
0.7806858
0.779189
0.7694101
0.7751196
0.775322
0.7717168
0.6939312
0.8130602
0.8181914
0.8056587
0.7410596
0.7746974
0.7828515
0.7901873
0.7019775
0.7959976
0.8056087
0.6953807
0.6870801
0.707124
0.7803941
0.6979626
0.8616116
0.8179575
0.6827079
0.8931105
0.7052738
0.7716184
0.7725227
0.782433
0.7846103
0.7927846
0.7751042
0.8868618
0.7681683
0.7905493
0.7791526
0.797021
0.769894
0.7982215
0.7853546
0.7883107
0.7915627
0.7850259
0.7848761
0.8237933
0.8206146
0.9090443
0.8221783
0.6814521
0.8348196
0.8257124
0.8820037
0.7063811
0.7071255
0.7033953
0.7035566
0.8450622
0.6865605
0.6801408
0.8021197
0.804429
0.7872209
0.8303594
0.800117
0.7835792
0.6935038
0.8563919
0.7919996
0.8186618
0.803386
0.8105443
0.7143471
0.8216316
0.8344292
0.8070973
0.8343298
0.7802996
0.776624
0.7772456
0.7080948
0.6987639
0.6897627
0.7022075
0.7306747
0.7095276
0.7111898
0.6982742
0.7480468
0.7921607
0.7909915
0.7968844
0.6994249
0.7807307
0.7857381
0.7864511
0.7790483
0.7802391
0.7773039
0.7777778
0.7813006
0.780309
0.7748673
0.7794168
0.7749943
0.7709701
0.706202
0.8142605
0.8163297
0.8069444
0.7440241
0.7740554
0.787437
0.7881161
0.7133742
0.7974615
0.8064395
0.7045582
0.690642
0.7133727
0.7787729
0.6984187
0.8599565
0.8107546
0.6915508
0.8883244
0.7211368
0.7759066
0.7762253
0.7805477
0.7759416
0.7982613
0.7799989
0.8893739
0.769902
0.7909959
0.7769185
0.799946
0.7711611
0.7945005
0.7839733
0.7889161
0.7987431
0.7889198
0.7806904
0.8226175
0.8242161
0.9055136
0.8175655
0.6886505
0.8364541
0.82959
0.8816565
0.7137785
0.7103336
0.7053055
0.7074151
0.8444359
0.7044718
0.703995
0.7997778
0.8024658
0.7810467
0.8263289
0.8075682
0.7865478
0.709599
0.8530815
0.7987212
0.8171975
0.8014698
0.8103245
0.716754
0.8173972
0.8279639
0.8063337
0.8326452
0.7866946
0.7741899
0.7839217
0.7265513
0.7095718
0.7109894
0.7104664
0.7388961
0.7297945
0.7234853
0.7101951
0.7472744
0.7918209
0.7939431
0.7961138
0.6875041
0.7771917
0.7783691
0.7806972
0.7760937
0.7670471
0.7758512
0.7716318
0.7737863
0.7730986
0.7703162
0.7666549
0.7766063
0.7608369
0.6944749
0.811521
0.8174523
0.80019
0.7338248
0.7790068
0.7793626
0.7820318
0.7080046
0.7967706
0.8054289
0.7036471
0.6757288
0.7151823
0.7776451
0.6972695
0.8514491
0.819279
0.6838908
0.885926
0.7100341
0.7647025
0.7627295
0.7722939
0.7803106
0.7941065
0.7689847
0.8886092
0.7608507
0.7840721
0.7761825
0.8046545
0.764408
0.7991603
0.778079
0.7885096
0.7910599
0.7836757
0.7764774
0.8181392
0.8228908
0.911637
0.8161541
0.6722335
0.8340301
0.8255177
0.8762698
0.7070655
0.702654
0.7025651
0.7047313
0.8397787
0.6969949
0.6862195
0.7920571
0.8037241
0.7820484
0.8270536
0.8008121
0.7830034
0.6899857
0.8598028
0.7902428
0.8127007
0.8048624
0.8079242
0.720876
0.8175353
0.8294803
0.8052385
0.8330159
0.774289
0.7651741
0.7826628
0.7181974
0.7003183
0.6952866
0.6901853
0.7375142
0.7185762
0.7172414
0.6958786
0.7361239
0.7804203
0.7874347
0.7895119
0.6920483
0.775053
0.7756036
0.7819043
0.7734604
0.7740493
0.7749756
0.7695154
0.77502
0.7748295
0.7636524
0.7683845
0.7642191
0.7644015
0.7001729
0.8147047
0.8117841
0.8042622
0.7325338
0.7738415
0.7860697
0.783281
0.7071637
0.793741
0.8039517
0.7079853
0.6829348
0.7149029
0.7711922
0.701686
0.8525222
0.814852
0.6953236
0.8904367
0.7073202
0.768181
0.7669173
0.7774682
0.7747354
0.7929938
0.7718563
0.888121
0.7614976
0.7867121
0.7724007
0.7972452
0.756
0.7917089
0.7836813
0.7817007
0.7967583
0.7787533
0.7763713
0.816541
0.8176348
0.9098204
0.8136118
0.654572
0.8394197
0.824767
0.8785277
0.7128045
0.7077947
0.7063009
0.7041367
0.8469488
0.6916512
0.6870244
0.7976738
0.7988001
0.7778472
0.8244201
0.7973269
0.7810334
0.6859365
0.8583521
0.7889968
0.8107123
0.803171
0.8058297
0.7151638
0.8138942
0.8336082
0.8073337
0.8340328
0.7829615
0.7703355
0.776453
0.7246359
0.6976715
0.694884
0.6960209
0.7418643
0.7273952
0.7142502
0.68925
0.741514
0.7666302
0.7598152
0.7632111
0.758493
0.7732865
0.7820331
0.7810622
0.7715543
0.7730532
0.7748272
0.7760644
0.7730563
0.7710466
0.7678701
0.7708029
0.7737604
0.7760877
0.7628608
0.8133379
0.7965751
0.7997674
0.7739574
0.7661343
0.7683667
0.7827231
0.768902
0.7980764
0.8071417
0.7742416
0.7691237
0.7787822
0.7701307
0.7598462
0.8542344
0.795679
0.75509
0.8862947
0.7738095
0.7404903
0.7355046
0.7495768
0.7647918
0.7770737
0.7411106
0.8738293
0.7476651
0.7662079
0.7563666
0.7879255
0.735281
0.7789561
0.7654229
0.7609073
0.774626
0.7593929
0.7766352
0.8186257
0.8107071
0.9037855
0.8125567
0.7718373
0.8335587
0.8185516
0.874085
0.7607882
0.7590072
0.7569093
0.7592625
0.8305489
0.7664702
0.7551369
0.7920371
0.7951662
0.7776448
0.8203426
0.7940662
0.69354
0.7641581
0.8505162
0.784935
0.8140067
0.8016609
0.817609
0.781358
0.8086249
0.8319554
0.803882
0.8346604
0.787584
0.7718207
0.7861951
0.7874238
0.768917
0.7709858
0.7575182
0.7915663
0.7809049
0.7807556
0.7617562
0.7817124
0.7910613
0.798194
0.7995819
0.7651188
0.7711235
0.7720485
0.769051
0.7696108
0.7636123
0.7602953
0.7638102
0.7724276
0.7717768
0.7575741
0.7611458
0.7565237
0.7458308
0.7682085
0.8095865
0.8180407
0.7934145
0.7722812
0.7568176
0.7604605
0.7709112
0.7705411
0.7988175
0.8076744
0.7807288
0.772585
0.7807768
0.7575626
0.7690556
0.8606314
0.8138641
0.7627928
0.8889483
0.7715495
0.7656148
0.7693014
0.771569
0.7818249
0.7999088
0.768254
0.8870913
0.7596311
0.7798299
0.7772306
0.8049713
0.7619431
0.7887894
0.7845212
0.7784924
0.7960187
0.7798042
0.7649808
0.8168758
0.8123839
0.9088134
0.8105687
0.7684523
0.8335159
0.8156732
0.8838041
0.7648577
0.7658242
0.7667662
0.7678489
0.8443142
0.7654159
0.7683046
0.7934753
0.7933247
0.7701602
0.8250072
0.792335
0.7734446
0.7693405
0.847144
0.7902152
0.8083946
0.7956935
0.817681
0.7878556
0.8058728
0.8258673
0.7915934
0.8282833
0.7733069
0.7689776
0.7868672
0.7898835
0.7711027
0.7677936
0.7702929
0.7974881
0.7815604
0.7849843
0.7676832
0.7883531
0.8663132
0.8677698
0.8697096
0.8668427
0.8619389
0.8636715
0.8649471
0.8621541
0.8635631
0.8675975
0.8618175
0.8602863
0.8616017
0.8643172
0.8608794
0.862473
0.8653098
0.8641469
0.8604483
0.871718
0.8532456
0.8624981
0.8589318
0.8633599
0.8570813
0.8749125
0.8638034
0.8649123
0.8702313
0.8634451
0.8771113
0.8658974
0.872988
0.9212628
0.8843642
0.869244
0.9374949
0.8708244
0.8632413
0.86176
0.8664533
0.8650576
0.8614835
0.8619128
0.8996199
0.8688666
0.8607491
0.8659228
0.8555131
0.8687982
0.8635989
0.8670337
0.8574146
0.8689382
0.8611098
0.8679419
0.8496119
0.8284395
0.8239768
0.8408484
0.8678969
0.8706055
0.8354067
0.9285007
0.8587671
0.8622867
0.8608886
0.8622764
0.8741345
0.8612936
0.8634097
0.8605605
0.8379327
0.8639769
0.8486334
0.8417466
0.8687503
0.8747993
0.8819182
0.8555592
0.8211446
0.8691249
0.8752205
0.8725298
0.831105
0.8603237
0.8584715
0.8640517
0.860454
0.8607756
0.8556017
0.8773048
0.8758388
0.8694114
0.8772063
0.8713419
0.8714757
0.8700663
0.871166
0.8741096
0.8022829
0.8034364
0.8026279
0.7644997
0.7870971
0.7831992
0.7893928
0.7840786
0.7816897
0.7848094
0.7817534
0.7860759
0.7865322
0.7724852
0.7726845
0.7783343
0.7714286
0.770428
0.8191882
0.8168219
0.8111024
0.7665985
0.7818202
0.7941809
0.7954128
0.7768999
0.7914894
0.8012587
0.7716046
0.7717345
0.7815126
0.7791934
0.7789569
0.8518124
0.8239962
0.7737079
0.8872056
0.7782239
0.7730962
0.7767301
0.7888994
0.7881281
0.7958996
0.7784655
0.8896781
0.7715403
0.7839598
0.7803443
0.8050978
0.7720351
0.797154
0.7849628
0.7842164
0.8026657
0.7905988
0.785023
0.8221299
0.8038075
0.905185
0.8115934
0.7743543
0.8405376
0.8193606
0.8771686
0.7712283
0.7684301
0.7695085
0.7678725
0.8472686
0.7742169
0.7677554
0.7911251
0.7974795
0.7879285
0.8302068
0.8057746
0.7844696
0.7743932
0.858534
0.7972746
0.809451
0.8080986
0.8097589
0.7863512
0.8138791
0.8365173
0.8102354
0.8372907
0.7917135
0.7792712
0.776817
0.7875334
0.7723058
0.7647627
0.7726068
0.7985032
0.7822661
0.7816839
0.7634296
0.782619
0.7937801
0.7940932
0.7975326
0.7676728
0.7893499
0.7937575
0.7964219
0.7885045
0.7890845
0.7855371
0.7921176
0.7903788
0.7922508
0.7837305
0.7835543
0.7883436
0.77937
0.7620227
0.822329
0.8071571
0.814594
0.7635762
0.7849393
0.7885044
0.7971715
0.7822447
0.7878535
0.7983578
0.7755429
0.7659118
0.7838385
0.7882036
0.7740834
0.8483597
0.8248792
0.7610648
0.8895126
0.7760746
0.7728911
0.7725061
0.7866424
0.7796228
0.7965995
0.7780076
0.891523
0.7700391
0.7860341
0.7829353
0.806836
0.7736098
0.7934992
0.788145
0.7795575
0.7955223
0.7877806
0.7879934
0.8144381
0.7957449
0.9052297
0.8124303
0.7670377
0.843073
0.8111372
0.8755707
0.7528327
0.753185
0.7537791
0.7525616
0.8484958
0.7589257
0.762014
0.7796392
0.7927518
0.7915171
0.8327029
0.7978898
0.7836415
0.7739434
0.8623923
0.8018927
0.7994279
0.8163574
0.7985465
0.786665
0.8041401
0.8363166
0.816889
0.8415352
0.794989
0.7845287
0.6316655
0.7873208
0.7747091
0.7710397
0.7660305
0.7898692
0.777206
0.7767125
0.7638733
0.7773838
0.786513
0.7896159
0.7907394
0.6514082
0.7710969
0.7647468
0.7768248
0.7676305
0.7619889
0.7614278
0.7658516
0.7700785
0.76952
0.75545
0.7601476
0.7608824
0.7609917
0.662495
0.8107787
0.8087675
0.7919131
0.719487
0.7620778
0.7652808
0.7748427
0.6841216
0.7888202
0.8013154
0.6778602
0.678637
0.6864788
0.7665842
0.6667985
0.8478494
0.8167284
0.6485541
0.8862304
0.6913437
0.7503668
0.750745
0.7665066
0.774395
0.7960793
0.7554317
0.889604
0.7469604
0.7709959
0.7624231
0.7949529
0.751829
0.7818663
0.7735723
0.7726043
0.7828731
0.7756715
0.7633834
0.814995
0.8151623
0.9119353
0.810528
0.6720944
0.8353671
0.8148246
0.8759004
0.6869497
0.6852749
0.6818958
0.6840414
0.8388567
0.6663379
0.6570378
0.7871398
0.7920317
0.7675918
0.8247559
0.7898946
0.767037
0.6437408
0.8550096
0.7818291
0.8110116
0.7954877
0.8070165
0.6884419
0.8112834
0.827092
0.8024411
0.8380176
0.7692792
0.7587874
0.7754679
0.7125549
0.677811
0.6805502
0.6670912
0.7273719
0.7075914
0.7036571
0.6753961
0.7322455
0.7904458
0.7907329
0.7941477
0.7619753
0.6526585
0.6604356
0.664874
0.6533707
0.652198
0.6517922
0.6542589
0.6541778
0.6555036
0.6369435
0.6550441
0.6472414
0.7459109
0.7653271
0.7989631
0.8221495
0.7830203
0.7744321
0.7353023
0.7483184
0.7566296
0.7690333
0.8093846
0.8135102
0.7721497
0.7601794
0.7808989
0.7518763
0.7669261
0.8593172
0.823034
0.762805
0.8905056
0.7743427
0.7700172
0.7691328
0.773187
0.7839944
0.79365
0.7667933
0.8892226
0.766051
0.7797892
0.7769309
0.8069239
0.7653962
0.790652
0.7791473
0.7871314
0.795801
0.7874842
0.6993708
0.8256023
0.8150946
0.8989405
0.8131131
0.7745796
0.836928
0.8211884
0.8827701
0.7664491
0.7659888
0.7644072
0.7649386
0.8503124
0.7682308
0.7657743
0.8025332
0.7981947
0.7531944
0.8294733
0.7988319
0.7855631
0.7758299
0.8379361
0.7995524
0.8176305
0.7731992
0.8270026
0.7836592
0.8142343
0.8193716
0.7912082
0.8229055
0.7492023
0.7536578
0.7924853
0.7860304
0.7761495
0.7704975
0.7632427
0.7891616
0.7745589
0.7809995
0.770153
0.7887364
0.7808079
0.7838899
0.7855323
0.6506798
0.769195
0.770976
0.772978
0.7672806
0.7646746
0.7696871
0.765851
0.7684577
0.7678197
0.7583577
0.7556463
0.7626203
0.7523167
0.6604189
0.8129082
0.8119957
0.8026218
0.7279459
0.7683834
0.7754309
0.7749601
0.6867093
0.795743
0.806407
0.6755835
0.6882157
0.6922581
0.766088
0.6791461
0.8508256
0.8177371
0.6720723
0.8878766
0.6948563
0.7595782
0.7661735
0.7740279
0.7756175
0.7921682
0.7642784
0.8944264
0.7587316
0.7817847
0.7746337
0.7967819
0.7573661
0.7884615
0.772032
0.7782479
0.7868313
0.7785722
0.7718506
0.8140526
0.8178576
0.9108403
0.820275
0.6766008
0.8319101
0.8261463
0.8798826
0.6979966
0.6902951
0.6885634
0.6932748
0.8376358
0.6764011
0.6684449
0.7888658
0.7922344
0.7739186
0.8232344
0.795382
0.7722034
0.6839239
0.8595535
0.7897821
0.813849
0.7987013
0.8091713
0.7014879
0.812087
0.8317672
0.8037666
0.8364286
0.7769006
0.764171
0.7717219
0.6783025
0.6526281
0.6576148
0.645358
0.7044158
0.6797818
0.6744126
0.6520765
0.722838
0.7868564
0.7955543
0.7949624
0.6721628
0.7708865
0.7766945
0.7773476
0.7708382
0.7612197
0.7601569
0.764142
0.7695786
0.7691593
0.7589387
0.7621009
0.7630455
0.763326
0.6790172
0.8184114
0.8156203
0.7975937
0.7195753
0.7655619
0.7747129
0.7797244
0.6814674
0.7958943
0.8067403
0.683868
0.6826147
0.6987774
0.7677077
0.6724468
0.8501921
0.8117327
0.6572023
0.8855799
0.6881713
0.7555621
0.763934
0.773586
0.7710092
0.7957911
0.7600432
0.8899025
0.7565416
0.7771039
0.7692914
0.7975324
0.7594296
0.7815824
0.7730374
0.7775961
0.7877711
0.7748098
0.7699525
0.8164122
0.8201212
0.9106891
0.8139584
0.6811365
0.8374937
0.8173794
0.8759539
0.6797101
0.6810447
0.6813774
0.6797938
0.8473045
0.6724954
0.6710316
0.7964576
0.7944555
0.7711337
0.8241814
0.7937693
0.771404
0.587863
0.8586233
0.7897385
0.8118285
0.8065833
0.8093781
0.704635
0.8124028
0.8313308
0.8088856
0.8404229
0.7823663
0.7665548
0.774719
0.7210263
0.6903501
0.6840471
0.6828132
0.7367881
0.7054312
0.7072694
0.6875206
0.7306521
0.7845124
0.783776
0.7857753
0.6406422
0.7695594
0.7673206
0.7722888
0.7690776
0.7645764
0.7701264
0.7627943
0.7688891
0.7689696
0.7563525
0.7605083
0.7630997
0.7627297
0.6545724
0.8091851
0.8080578
0.8008982
0.724519
0.7659855
0.7760281
0.7761228
0.6831885
0.7918816
0.8029034
0.6764939
0.6879035
0.6922329
0.7665755
0.67465
0.8488425
0.8168192
0.6619699
0.8885975
0.6917924
0.7489744
0.757745
0.767905
0.7732893
0.7850529
0.7577237
0.8908265
0.7468648
0.7805246
0.7681999
0.795401
0.7531727
0.7909436
0.7693481
0.7743423
0.7856871
0.7751496
0.7697672
0.8133079
0.8158019
0.9118245
0.8128334
0.6787541
0.8318421
0.8194909
0.8754774
0.6898597
0.6882645
0.683288
0.6874586
0.8369026
0.6713528
0.6746626
0.7911011
0.7934528
0.7777072
0.822205
0.794622
0.7697422
0.6739434
0.86003
0.7858288
0.8107107
0.8026587
0.8048367
0.7020968
0.8094464
0.8306292
0.8012193
0.8363876
0.775049
0.7670737
0.7701744
0.6904671
0.6567403
0.6521536
0.6467751
0.7091418
0.677795
0.6750456
0.6528745
0.723171
0.8413743
0.8405324
0.8418677
0.8326718
0.8315069
0.8284905
0.8299448
0.8308517
0.827404
0.8264508
0.8277173
0.8302279
0.8309768
0.8226444
0.8221
0.8255508
0.8281699
0.8303948
0.842452
0.8479089
0.8400855
0.8306686
0.8302262
0.8321726
0.8325111
0.8411556
0.8318393
0.8336981
0.8368324
0.8322151
0.8362118
0.8378233
0.8422974
0.8845644
0.8504852
0.8278877
0.9090257
0.8315969
0.8259224
0.8236171
0.8282259
0.8341407
0.8358591
0.8240817
0.8922306
0.8287386
0.8337707
0.8270888
0.8287163
0.828672
0.8314982
0.8280332
0.8268246
0.830892
0.831365
0.830797
0.8372267
0.8034486
0.8876991
0.8308106
0.8291053
0.8602855
0.82993
0.8964967
0.8280368
0.8258566
0.8249724
0.8278465
0.8626055
0.8308473
0.8299252
0.8209512
0.8225281
0.8335877
0.8482224
0.8348754
0.8329169
0.8357435
0.8705847
0.8378622
0.8174892
0.8418997
0.8459454
0.8383478
0.8249784
0.8514936
0.8391869
0.8549125
0.8373821
0.8341244
0.8242849
0.8426376
0.8387494
0.8347692
0.8403493
0.8432891
0.8389933
0.8393772
0.8348681
0.8338789
0.7933122
0.7924654
0.7938948
0.677976
0.7751779
0.7757248
0.7788702
0.772055
0.7638436
0.7731447
0.7740435
0.7705339
0.7704047
0.7631333
0.7623355
0.7678665
0.7665678
0.6855544
0.8099186
0.8127513
0.8010151
0.7282444
0.7720588
0.7765781
0.7833519
0.6986728
0.79241
0.8071483
0.7063192
0.6957745
0.714659
0.7743978
0.6990464
0.8533082
0.8230084
0.6747051
0.8885359
0.7015819
0.7670103
0.7654751
0.7751332
0.7814368
0.7908662
0.7737
0.8882988
0.762847
0.781813
0.7631608
0.7960425
0.7624294
0.789415
0.7784116
0.7775186
0.7864578
0.779915
0.7753636
0.815863
0.8027587
0.901729
0.8065904
0.689409
0.8321405
0.8059223
0.8810864
0.7031449
0.697655
0.7005628
0.6997247
0.8427175
0.6785783
0.6660978
0.7940511
0.7877346
0.7833811
0.8262028
0.7925626
0.7753586
0.6955327
0.8559447
0.7887043
0.7965657
0.8046428
0.8088821
0.7064683
0.8042472
0.8228629
0.8029582
0.8341611
0.7818752
0.7722658
0.7776401
0.7216288
0.7129115
0.7070119
0.705538
0.7465188
0.7086959
0.7210387
0.6982809
0.7449189
0.786737
0.7911231
0.7903555
0.7400604
0.7518446
0.7614149
0.7657097
0.7508513
0.7552517
0.7513987
0.7517351
0.7519991
0.7513984
0.7382276
0.7455492
0.7429717
0.7451139
0.7488751
0.7991786
0.8203762
0.7857369
0.7589335
0.7456602
0.75753
0.7653004
0.7600072
0.7919374
0.8049824
0.7643019
0.7443609
0.7700633
0.7485659
0.7463949
0.8543043
0.81915
0.7370142
0.8840755
0.7575776
0.7523321
0.7488931
0.7695375
0.77354
0.7876357
0.752508
0.8889382
0.7517967
0.7644876
0.7643672
0.8001303
0.7516847
0.7838383
0.7780928
0.7725938
0.7839839
0.7724078
0.7545592
0.8121131
0.8149462
0.9100046
0.8040036
0.7512931
0.8305102
0.8134026
0.8726845
0.7503047
0.7472608
0.7488073
0.7452905
0.8435543
0.7534238
0.7542012
0.7967375
0.785115
0.7607261
0.8217618
0.7865061
0.7690622
0.7570314
0.8449175
0.7837649
0.8099205
0.7922189
0.8137939
0.780478
0.804927
0.8225646
0.7910174
0.8363887
0.761592
0.7592378
0.7794632
0.7727036
0.7656055
0.749399
0.7497532
0.7848497
0.7663562
0.7675129
0.7556697
0.770209
0.8142986
0.8101393
0.8121904
0.7948926
0.7953541
0.7982892
0.8060683
0.7946396
0.7980086
0.7925598
0.7971772
0.7951047
0.794042
0.7882791
0.7933043
0.788522
0.7874279
0.7983988
0.818442
0.8345451
0.8105248
0.8013382
0.7922608
0.7887146
0.7959184
0.7962844
0.8122465
0.8202681
0.8027906
0.7931463
0.8076659
0.7954476
0.7933172
0.869165
0.8388747
0.7951938
0.8950376
0.8018933
0.7919028
0.7953441
0.7980471
0.807857
0.8151826
0.7940822
0.8913995
0.790311
0.8071792
0.7986544
0.8221751
0.7898746
0.8063191
0.8055089
0.8005812
0.813703
0.8031205
0.7892954
0.826753
0.8239937
0.9090012
0.8195607
0.7936293
0.8345022
0.8242792
0.889093
0.7998816
0.7957682
0.7944285
0.7962863
0.8485857
0.794814
0.7879712
0.8127042
0.8038836
0.7993071
0.8322861
0.8047213
0.8
0.7955893
0.8554153
0.8099863
0.8167705
0.8158468
0.8314004
0.8017115
0.8172517
0.8348392
0.8100738
0.8407047
0.7978356
0.7941604
0.8159506
0.8104822
0.8010324
0.804265
0.8006635
0.816166
0.8034667
0.8059286
0.7967069
0.8090236