0.8342373
0.8303543
0.8329556
0.8276177
0.8328641
0.8248359
0.841459
0.8312297
0.8304341
0.8400167
0.8747977
0.8176062
0.8072736
0.8224304
0.8190598
0.8362881
0.8067506
0.8116155
0.8106086
0.8624095
0.8123374
0.8669944
0.8159873
0.8034232
0.8252712
0.862112
0.8432939
0.8472388
0.9292874
0.9239474
0.9259293
0.9239493
0.9260003
0.9223292
0.9214331
0.9238376
0.9220188
0.9301395
0.9276677
0.914143
0.9141352
0.9183869
0.9286892
0.9275663
0.9287442
0.916842
0.9213688
0.9187945
0.9205337
0.9268655
0.9314447
0.9181433
0.9107241
0.9182595
0.9088303
0.829659
0.8625921
0.854421
0.8847665
0.9182491
0.8406154
0.7981955
0.8014917
0.8039779
0.7956267
0.8025336
0.7762991
0.8208527
0.7981695
0.7972559
0.8016994
0.8519349
0.7722706
0.7915566
0.7945934
0.7846985
0.770208
0.7651163
0.7625085
0.7689392
0.7745815
0.762657
0.7841075
0.7724009
0.7678663
0.7153147
0.8360137
0.8090346
0.8130166
0.9043427
0.9013089
0.8977709
0.9021459
0.9028881
0.8940455
0.8997469
0.899162
0.8955919
0.9068649
0.9052636
0.8917671
0.8919078
0.8978188
0.9080986
0.9056259
0.9039332
0.8900036
0.8977211
0.8955749
0.8960975
0.899906
0.9090748
0.8918565
0.8909427
0.8938126
0.8830484
0.8176474
0.8527004
0.840384
0.8640875
0.9011551
0.8063025
0.7985329
0.7970072
0.7998195
0.7947622
0.8010389
0.7785261
0.8145927
0.7976714
0.7929146
0.7972529
0.8539663
0.776927
0.7821055
0.7871318
0.7834359
0.7678711
0.7570071
0.7681134
0.7676797
0.7738101
0.7636489
0.7818442
0.7665937
0.7619714
0.7037226
0.8318205
0.802573
0.8055598
0.9000734
0.8986987
0.8998583
0.9006644
0.9015696
0.8918618
0.897017
0.89788
0.8943082
0.906853
0.90149
0.8887049
0.8891545
0.8932034
0.9093175
0.9018302
0.9039335
0.889977
0.8949703
0.8938
0.8940406
0.8986073
0.9065838
0.8895157
0.8902188
0.8938347
0.881166
0.8032831
0.8481703
0.8404749
0.8649565
0.8975069
0.804518
0.7399904
0.7620673
0.7446568
0.7291373
0.7568324
0.7070886
0.7811297
0.7414458
0.7479109
0.7459556
0.8531586
0.7083119
0.7661979
0.7763933
0.7222468
0.7957112
0.685066
0.6800821
0.7049116
0.8319451
0.6921665
0.8372432
0.6965924
0.7345746
0.7681795
0.8433162
0.8118371
0.8211322
0.9157569
0.9127084
0.9109566
0.915251
0.9159757
0.908589
0.9118017
0.9110624
0.9089712
0.9175636
0.9166067
0.903293
0.903496
0.9095717
0.921391
0.9180078
0.9158369
0.9051053
0.9076968
0.9056795
0.9076849
0.9112174
0.9215854
0.9037338
0.9006082
0.9043652
0.8963829
0.8026285
0.8473485
0.8414602
0.8646609
0.9051645
0.8098998
0.7069072
0.7376778
0.7131042
0.6984137
0.7226396
0.652718
0.7623287
0.7102132
0.7286745
0.7125496
0.8424415
0.6804785
0.7569675
0.7706644
0.6913332
0.7929114
0.6553307
0.6711275
0.6695705
0.828175
0.6694121
0.8340578
0.6646444
0.711416
0.759053
0.833565
0.8049251
0.8109011
0.9143772
0.9078517
0.9094482
0.9136066
0.9141265
0.9072119
0.9090246
0.9099677
0.9059372
0.9162121
0.9119907
0.8962093
0.8962532
0.9071128
0.917423
0.9154134
0.9129294
0.899551
0.9065982
0.9031333
0.9019466
0.9083077
0.9174229
0.899304
0.89798
0.9042054
0.8883281
0.790845
0.8464854
0.8367143
0.8620311
0.9020969
0.8032945
0.8379902
0.8404145
0.8430576
0.8385206
0.8460767
0.8346946
0.8496507
0.8417403
0.8367947
0.8407828
0.855577
0.8313579
0.8201477
0.8285817
0.8371002
0.8295662
0.8259171
0.8300704
0.8406255
0.8421475
0.8334016
0.8456069
0.8253361
0.8260145
0.8277115
0.8540618
0.8321762
0.8213039
0.8775093
0.870613
0.8704998
0.8736758
0.8737376
0.8675246
0.8682742
0.8751508
0.8719062
0.8799632
0.8735265
0.8683813
0.8684701
0.8691373
0.8869771
0.8803295
0.879454
0.8675535
0.8709063
0.8706576
0.8698431
0.8740209
0.8870757
0.8667081
0.8629985
0.8662338
0.8605299
0.8408944
0.8565638
0.8613713
0.8683164
0.8832506
0.8308518
0.7977802
0.7925425
0.8023934
0.7994055
0.8071108
0.7783191
0.8027396
0.7989294
0.7764578
0.8038078
0.8481199
0.7701021
0.6246049
0.7629773
0.7810681
0.8144688
0.7486824
0.7660154
0.7793122
0.8371708
0.7705949
0.8453871
0.7653177
0.7569986
0.7933844
0.8523591
0.815376
0.8151505
0.9106838
0.9063246
0.9102228
0.9060799
0.908621
0.9014512
0.9074658
0.9065791
0.9056525
0.914184
0.9111294
0.8945235
0.8950293
0.9005314
0.9159854
0.9125586
0.9127422
0.900357
0.903427
0.9003564
0.9001282
0.9081721
0.9145933
0.897705
0.8915014
0.8986701
0.8877626
0.7984925
0.847689
0.8315489
0.8611967
0.8992543
0.7993964
0.8568232
0.8493144
0.8550652
0.85108
0.8590789
0.843185
0.8606497
0.8559526
0.8496256
0.8588392
0.8802206
0.8410075
0.8322088
0.8444197
0.849035
0.8536957
0.839828
0.8407197
0.8376451
0.8780859
0.84155
0.8813915
0.8446
0.8396155
0.8514935
0.8836364
0.8633558
0.869945
0.9259341
0.923373
0.9248659
0.9243735
0.9238406
0.9218555
0.9245574
0.9233604
0.9221788
0.9258177
0.9278179
0.9177357
0.9179193
0.9210445
0.932936
0.9297697
0.92523
0.9171339
0.9178897
0.9177792
0.9207895
0.9231542
0.9316951
0.9186266
0.9160114
0.9184072
0.9122214
0.86029
0.8771801
0.863585
0.8905451
0.9173471
0.8563245
0.8477323
0.8470259
0.8467558
0.8482113
0.8494004
0.8353764
0.8504844
0.8461612
0.8405564
0.8444118
0.8408415
0.8345684
0.8314589
0.8370318
0.841018
0.8438581
0.830855
0.8392866
0.8425445
0.8480996
0.8304153
0.8513696
0.8312522
0.8346289
0.836472
0.8599617
0.8487829
0.8481397
0.8835986
0.8800244
0.8869317
0.8854442
0.886946
0.8768231
0.882843
0.8807388
0.8784547
0.8909207
0.8885589
0.8732419
0.8734271
0.8791851
0.8921386
0.8889032
0.8888605
0.8742544
0.8780456
0.8812446
0.8831804
0.8854582
0.8919034
0.8752224
0.8815003
0.882312
0.8710144
0.8416325
0.8670767
0.8653735
0.8600814
0.8771118
0.8294139
0.7500738
0.7612822
0.7547214
0.7340057
0.761194
0.7184102
0.7802475
0.7530027
0.7521647
0.7497351
0.8483085
0.7220141
0.7708479
0.7810597
0.7249262
0.8007434
0.7036175
0.7093863
0.7096899
0.8381705
0.7090101
0.8385919
0.7069412
0.7339901
0.7738191
0.842458
0.8062016
0.8139101
0.9071415
0.9081959
0.9066184
0.9073823
0.9085413
0.902482
0.9047065
0.9036374
0.9021266
0.90986
0.9098428
0.8964261
0.8965233
0.9056205
0.9172809
0.9116594
0.9109075
0.9011276
0.9021975
0.9028756
0.9021723
0.9082784
0.9169711
0.897313
0.8925768
0.8986971
0.8841659
0.7947171
0.84709
0.84278
0.8597825
0.9023611
0.8081235
0.7371418
0.7605985
0.7451223
0.7406117
0.7571701
0.7166584
0.7793548
0.742399
0.7478256
0.7486822
0.8463958
0.7128146
0.7713092
0.7820986
0.7152651
0.7989699
0.6976899
0.7022935
0.7077585
0.8323662
0.702003
0.8392902
0.699398
0.731154
0.7747727
0.8432317
0.8157674
0.8179415
0.9093755
0.9090559
0.905172
0.9095586
0.9097112
0.9037592
0.9059039
0.9061803
0.9040431
0.9111111
0.9116215
0.8953882
0.895645
0.9028191
0.9139538
0.9134638
0.9097783
0.8997012
0.9015621
0.9020794
0.9035301
0.9077765
0.9161235
0.9008832
0.8966676
0.9009009
0.8886772
0.791618
0.8496134
0.8453852
0.8629595
0.9010599
0.8084245
0.8096218
0.8081725
0.8160884
0.8072277
0.8131154
0.7885092
0.8160024
0.8107408
0.804068
0.8124424
0.8342847
0.7925796
0.7847754
0.797977
0.7994286
0.8063738
0.7833012
0.7862229
0.7940757
0.8359906
0.7878905
0.8317956
0.7845549
0.7910995
0.7958543
0.8427255
0.8168755
0.8183726
0.8905797
0.887743
0.8884522
0.891981
0.8912336
0.8807251
0.887616
0.8879519
0.8849683
0.8967989
0.8916476
0.8771028
0.877551
0.8846397
0.9005666
0.8963336
0.8904476
0.8802977
0.8855299
0.884822
0.8836656
0.8885952
0.8976171
0.8812333
0.8794349
0.8822538
0.8729955
0.8056041
0.8518916
0.8389952
0.8380156
0.8702811
0.776413
0.7951629
0.7974663
0.8055803
0.7975618
0.8074557
0.7777042
0.8200473
0.7980555
0.7915196
0.8026047
0.845248
0.7825358
0.7913324
0.7999335
0.7853942
0.7919172
0.7669971
0.7682033
0.7635544
0.8199763
0.7717668
0.8242911
0.7720225
0.7651903
0.7727466
0.8361078
0.8076182
0.812674
0.9014948
0.9003368
0.899633
0.8985804
0.8989816
0.8953648
0.8961122
0.8984261
0.8954964
0.9022529
0.8999095
0.8852714
0.8855157
0.8968369
0.908826
0.9043459
0.9032862
0.8889244
0.8940349
0.8920687
0.8909674
0.8965082
0.9077198
0.8914454
0.8870015
0.8898565
0.8765444
0.8065711
0.8502532
0.8404436
0.8589726
0.8929403
0.8122084
0.7966768
0.795703
0.8031047
0.7946366
0.8072038
0.778376
0.8160191
0.8006191
0.7908121
0.8009279
0.8456251
0.7675081
0.7887472
0.7914514
0.7846274
0.7902774
0.7679986
0.7608245
0.7634483
0.8239772
0.7666533
0.8319951
0.7742193
0.764163
0.7653105
0.833681
0.811633
0.8156057
0.9086119
0.9061219
0.9056407
0.9038637
0.9040117
0.9004367
0.9048896
0.9034875
0.9030264
0.9100161
0.9071923
0.893097
0.8929861
0.901833
0.913678
0.9079391
0.9080311
0.897381
0.8995958
0.897535
0.8988942
0.9042089
0.911941
0.8960531
0.8924105
0.898806
0.8863762
0.8075282
0.8550292
0.8400195
0.8625134
0.9018706
0.8099411
0.8232911
0.826125
0.8335759
0.82394
0.8272505
0.8114211
0.8385028
0.8240127
0.8227631
0.8307006
0.8494186
0.8126638
0.799292
0.8094853
0.819788
0.8171081
0.7987302
0.8116495
0.8187069
0.8314622
0.808623
0.8370639
0.8015114
0.799341
0.8039266
0.8407586
0.8148345
0.7989428
0.8782545
0.8748456
0.8761939
0.8767329
0.8791449
0.8716082
0.8735275
0.8782051
0.876997
0.8838252
0.8782467
0.8638571
0.8639487
0.871302
0.8889282
0.8831979
0.8813377
0.8675684
0.8729611
0.8726034
0.8715028
0.8787688
0.8887005
0.869124
0.8664575
0.8716634
0.8579816
0.8307613
0.8500512
0.8505801
0.8600402
0.8884159
0.8192199
0.828042
0.8244681
0.8295063
0.824728
0.8361973
0.8149481
0.8426393
0.8306878
0.8223868
0.8382615
0.8785389
0.8132
0.8044718
0.819447
0.816499
0.8398747
0.7947179
0.8051813
0.8018222
0.8704979
0.810601
0.8761764
0.8146599
0.8009162
0.820579
0.8649018
0.843917
0.8527788
0.9427547
0.9392164
0.9383483
0.9402049
0.9399828
0.9358615
0.9382421
0.9388562
0.9357222
0.9420714
0.9414927
0.9289932
0.9289864
0.9371105
0.9446309
0.9447509
0.9409497
0.9307201
0.9339672
0.9346571
0.9328078
0.9388547
0.9450591
0.9330947
0.9296312
0.9330443
0.9245557
0.8371691
0.8725585
0.8536994
0.8949588
0.934296
0.8402811
0.8258892
0.8241312
0.8315757
0.8269573
0.8374766
0.8245483
0.8315256
0.8290261
0.8173908
0.8287506
0.8547052
0.8105587
0.7977502
0.8087951
0.8191742
0.8250099
0.8072105
0.8100309
0.8138307
0.8457236
0.8176438
0.8551227
0.8111498
0.8096407
0.8176114
0.8528127
0.83288
0.8325807
0.9021799
0.897948
0.898857
0.8996576
0.9014623
0.895576
0.8983391
0.8969262
0.8988486
0.9083412
0.9013337
0.8912438
0.8911832
0.8965001
0.9086958
0.9038488
0.9053855
0.8945761
0.899152
0.8974941
0.8972612
0.9040579
0.9073875
0.8943588
0.8904651
0.8903
0.8883524
0.8228973
0.8480331
0.8436879
0.8643556
0.8960904
0.8247035
0.7318426
0.74877
0.7412405
0.7284266
0.7549332
0.7016505
0.7758068
0.7330768
0.7427912
0.7408412
0.8469744
0.6818922
0.7595293
0.7688494
0.7007323
0.7869502
0.6852945
0.6742654
0.6944444
0.8233513
0.6842896
0.8297467
0.6851828
0.7113055
0.756106
0.8310621
0.8026295
0.80707
0.9028317
0.8998881
0.8989782
0.8996698
0.9018022
0.8939692
0.896607
0.8969789
0.8949792
0.9077517
0.9009218
0.8904496
0.8908702
0.8965784
0.9099337
0.9065827
0.9047144
0.8894732
0.8957245
0.8944337
0.8940458
0.9010921
0.9093374
0.8926428
0.8889265
0.8930176
0.8801852
0.7908676
0.8475882
0.8290987
0.8575423
0.8938637
0.7990451
0.8665899
0.8676657
0.8741188
0.8738689
0.8676906
0.8673228
0.8699547
0.8681293
0.8643107
0.8706916
0.8763687
0.8619257
0.8568266
0.8639337
0.8604149
0.8692457
0.8625651
0.8725419
0.8661798
0.8712779
0.8639291
0.8718046
0.868253
0.8680285
0.8697055
0.8785345
0.8695197
0.8657033
0.8904847
0.8895214
0.8895185
0.8935065
0.8944504
0.8866348
0.8876875
0.8905814
0.8891607
0.8923551
0.8906927
0.8831341
0.8833625
0.8864892
0.8971819
0.8933136
0.8904081
0.8869773
0.885623
0.8874671
0.886553
0.8910043
0.8946283
0.8831877
0.8835323
0.8877909
0.8831169
0.8679272
0.8788648
0.8794756
0.8839395
0.892317
0.8638313
0.8285501
0.8338784
0.8368745
0.8355856
0.8384488
0.8238552
0.8358282
0.8339064
0.8306599
0.8319187
0.8403724
0.8231765
0.8204822
0.8278582
0.8303489
0.8393814
0.8213441
0.8272908
0.8244723
0.8382859
0.8217302
0.8416561
0.8226451
0.8274133
0.8280552
0.8557831
0.8379513
0.8357406
0.8736628
0.8693504
0.8687822
0.8707797
0.8723212
0.8633577
0.8705091
0.8716005
0.8668549
0.8767581
0.87751
0.867147
0.8675431
0.8687803
0.8857855
0.8771805
0.8776485
0.8693149
0.8737577
0.8713338
0.8741218
0.8774323
0.8821264
0.8712437
0.870185
0.8760342
0.856517
0.8345575
0.8586387
0.8581128
0.8473312
0.8685223
0.8147374
0.8018134
0.8085328
0.808758
0.8068477
0.8136166
0.7874349
0.8244018
0.8022537
0.8046443
0.8091958
0.8541001
0.7935715
0.795777
0.8047792
0.7999786
0.7784743
0.7847332
0.778827
0.787794
0.7765371
0.7843956
0.7814621
0.7780116
0.782778
0.727548
0.837119
0.8172193
0.8172759
0.9007903
0.8986169
0.8980301
0.8997947
0.9000401
0.8907593
0.898063
0.8992053
0.8934463
0.9064161
0.9030386
0.888441
0.8887794
0.8913422
0.9068312
0.8990935
0.8982178
0.8881367
0.8936578
0.893799
0.8937885
0.8948675
0.906298
0.8871935
0.8896702
0.8913962
0.8799329
0.8132328
0.8562379
0.8481557
0.8619893
0.8961088
0.8123734
0.7902326
0.7936437
0.7971548
0.7890866
0.8002709
0.7706332
0.812028
0.7938986
0.7860637
0.797735
0.8476774
0.765169
0.7758557
0.7826801
0.7724806
0.7709246
0.7571121
0.7523747
0.7552049
0.8185182
0.7647094
0.8209822
0.7562778
0.7536742
0.7299387
0.8322482
0.806692
0.8129296
0.9113503
0.9042142
0.9067515
0.9084134
0.9083583
0.900717
0.9067991
0.9036076
0.8999573
0.9126097
0.9112941
0.893344
0.8935428
0.9021541
0.9142675
0.9116341
0.9096519
0.8974552
0.8997421
0.9008148
0.8988115
0.9030247
0.9162335
0.8959282
0.8938804
0.8982506
0.8836909
0.805649
0.8470455
0.8386706
0.8619405
0.8990043
0.8111077
0.837905
0.8318228
0.8419288
0.8379202
0.8407373
0.82692
0.8350702
0.8388796
0.8244484
0.8378295
0.8484579
0.8203801
0.8040093
0.8178892
0.8262028
0.8320936
0.8060662
0.825368
0.8318802
0.84007
0.8248911
0.8431484
0.8124791
0.818299
0.8279276
0.8547032
0.8307594
0.8211154
0.8689685
0.8694785
0.8684547
0.8666286
0.8682575
0.8608495
0.8646259
0.865033
0.863175
0.8775444
0.8744363
0.8577408
0.8582161
0.8620836
0.8842665
0.8746847
0.8759219
0.8602033
0.8633825
0.8639243
0.8650678
0.8721664
0.8773857
0.8637329
0.8622055
0.8615194
0.8525164
0.8287719
0.8451404
0.8517455
0.8535557
0.8723338
0.8193171
0.825961
0.8192856
0.8309564
0.8208803
0.8276651
0.8148757
0.8265648
0.8276667
0.8101806
0.8265408
0.8456933
0.8155021
0.7961096
0.8039482
0.8153327
0.8224012
0.798357
0.8159221
0.8238305
0.8307722
0.8134462
0.8393691
0.8033122
0.8040819
0.8168475
0.8465941
0.8195361
0.8174688
0.8766265
0.8729622
0.8745915
0.8751484
0.8741983
0.8666378
0.8721837
0.869559
0.8704626
0.8800992
0.877423
0.8609692
0.8611734
0.8661193
0.884704
0.8750176
0.8770989
0.8643575
0.8699441
0.868875
0.8738515
0.8748651
0.8847353
0.8696927
0.863324
0.8672689
0.8544289
0.820996
0.8387475
0.8435525
0.8534872
0.8814064
0.8115302
0.8218664
0.815835
0.8288686
0.8240364
0.8269941
0.8144211
0.8326739
0.8251116
0.8155615
0.8285684
0.8452033
0.8110633
0.7968897
0.8046243
0.8149397
0.8284756
0.8001047
0.8175109
0.8189689
0.8415644
0.8137123
0.8437767
0.8021573
0.8081021
0.8236919
0.8496984
0.8246479
0.8163307
0.8797121
0.8811225
0.8783101
0.8803593
0.8804214
0.8708223
0.881804
0.87705
0.8741826
0.8852619
0.8854654
0.8658966
0.8663689
0.8746114
0.8888021
0.8862209
0.8852618
0.8706529
0.8760658
0.8738913
0.8755909
0.8802261
0.8895944
0.8696392
0.8707095
0.8731397
0.8617832
0.8225308
0.8399375
0.8467976
0.8535918
0.8841344
0.8165225
0.8621957
0.8481358
0.8608956
0.852094
0.8652944
0.8459824
0.8657149
0.855201
0.8515117
0.8596079
0.8931643
0.8493873
0.8329214
0.8435661
0.8507852
0.8639253
0.842951
0.8460445
0.8420498
0.8870738
0.8443647
0.890174
0.8479243
0.842363
0.8609977
0.8882798
0.8724993
0.8764522
0.9382834
0.9374435
0.9379242
0.9382166
0.9378786
0.9331646
0.9355776
0.9355018
0.9325917
0.9404039
0.9421541
0.9281524
0.9283064
0.9308468
0.9416066
0.939918
0.9395532
0.9320432
0.933616
0.9333267
0.9321437
0.9356708
0.9407181
0.9311085
0.92813
0.9327029
0.92476
0.8601067
0.8849497
0.8721124
0.9038127
0.9293501
0.858828
0.8655219
0.8555517
0.8638825
0.8663647
0.867114
0.8555071
0.8680966
0.8654019
0.8577283
0.8654669
0.8938353
0.8528486
0.8442485
0.8522748
0.8574612
0.8728649
0.8447551
0.8497754
0.8503414
0.8921365
0.8505623
0.8943707
0.8519451
0.8485069
0.8710313
0.8928312
0.8778227
0.8814683
0.9424173
0.9406767
0.9407652
0.9419867
0.9417088
0.9386853
0.9388034
0.9394326
0.938331
0.9440123
0.9420051
0.9341312
0.9340729
0.9370822
0.9468352
0.9437959
0.9410413
0.9377366
0.9372423
0.9390698
0.9365064
0.9395223
0.9446682
0.9347014
0.9316981
0.9341957
0.9284697
0.8669228
0.8910061
0.8754385
0.9027068
0.9294047
0.8644848
0.8763072
0.8747325
0.8793743
0.8786199
0.8796111
0.8700333
0.8808278
0.8748384
0.8691831
0.8808069
0.9048273
0.8711607
0.8570494
0.867874
0.8769979
0.8836638
0.862504
0.8700944
0.8677249
0.8991458
0.8693411
0.9047692
0.8715876
0.86649
0.8806915
0.9024329
0.8860732
0.8889131
0.9479087
0.9437921
0.9431691
0.9431615
0.9442691
0.9421101
0.9425808
0.9427252
0.9408655
0.9470119
0.9439238
0.9369374
0.9370932
0.9404382
0.9477309
0.9482128
0.9458475
0.9377893
0.9399118
0.9416021
0.9406175
0.9424877
0.94764
0.9410159
0.9351932
0.9376248
0.9297253
0.8778197
0.8982854
0.8849611
0.9114688
0.9326253
0.8821847
0.8731594
0.8699407
0.8797763
0.8702517
0.8765278
0.8630562
0.8784027
0.8729885
0.8688823
0.8768414
0.8969721
0.8627302
0.8549044
0.8622928
0.868205
0.8809252
0.8596694
0.8644766
0.8579044
0.8983391
0.8604074
0.9015577
0.8634726
0.8625403
0.875
0.9015427
0.8850846
0.8882915
0.944907
0.9427725
0.9435118
0.9430965
0.9448123
0.9390441
0.9428516
0.9399433
0.9386908
0.9443913
0.9449387
0.9376449
0.9376902
0.9390802
0.9485356
0.9457898
0.9426912
0.9378384
0.9391908
0.940494
0.9374281
0.9413933
0.9469545
0.9375874
0.9368542
0.9393336
0.9335152
0.8781935
0.900928
0.882051
0.9082422
0.9344277
0.8755028
0.8971101
0.8979011
0.9005944
0.9046189
0.8981721
0.8979784
0.8983592
0.9006684
0.8997986
0.8980263
0.8861146
0.8997035
0.8891227
0.890144
0.9028304
0.8860384
0.8973929
0.9050306
0.9064157
0.8707919
0.9027731
0.8692281
0.896605
0.8996602
0.8956451
0.8815224
0.8712951
0.8489987
0.7282739
0.7445115
0.7381412
0.7421987
0.7404712
0.7337571
0.7364218
0.74979
0.7500617
0.751179
0.7382716
0.742881
0.7428557
0.7444912
0.7636546
0.7483185
0.7589273
0.7483978
0.743104
0.7315177
0.761486
0.7524738
0.7587522
0.7480968
0.764203
0.7639887
0.7761624
0.8954655
0.8891791
0.9035195
0.8781455
0.8593286
0.8831466
0.7111728
0.7406154
0.7272173
0.7078094
0.729525
0.6884161
0.7715071
0.711875
0.7350927
0.7238292
0.8480975
0.681223
0.7569158
0.7710851
0.702049
0.7877434
0.6547377
0.6658103
0.6775707
0.8275474
0.6804117
0.830257
0.6776837
0.7057535
0.7579263
0.8388395
0.8055959
0.8129563
0.9101779
0.9052357
0.9070768
0.9095094
0.9120605
0.9022963
0.9053577
0.9054729
0.9029145
0.9137166
0.9098612
0.8966518
0.8968586
0.9032888
0.9168252
0.914429
0.9140187
0.9019493
0.9053309
0.9009252
0.9019865
0.9079068
0.9174431
0.9009432
0.8986971
0.9029098
0.8862413
0.7956677
0.8489935
0.8364876
0.8634338
0.9028458
0.8013145
0.8323143
0.8306765
0.8384347
0.831001
0.8329369
0.8173509
0.8415092
0.8359194
0.8254403
0.8354588
0.849982
0.8102822
0.8043187
0.8152546
0.8284252
0.8227744
0.8049063
0.8200991
0.8244255
0.8347199
0.8169931
0.8360182
0.8102158
0.8103532
0.8131293
0.841396
0.8204772
0.7997144
0.870109
0.8686312
0.8692476
0.8666575
0.8692667
0.8601272
0.8651923
0.8653793
0.8648973
0.8768517
0.8719989
0.8604299
0.8605738
0.8636177
0.8828693
0.8774307
0.8737201
0.8631642
0.8669401
0.8649265
0.8646344
0.8714983
0.8865694
0.8611594
0.8586435
0.8643406
0.8571626
0.8316445
0.8465084
0.8494325
0.8564679
0.8833895
0.8142363
0.8943405
0.8930933
0.8959881
0.9011039
0.89576
0.8943003
0.8985475
0.8947703
0.8982435
0.8932139
0.8861409
0.8972384
0.8871253
0.8875559
0.89556
0.8837858
0.892755
0.899369
0.9049114
0.8727728
0.8993175
0.8751587
0.8898039
0.8930451
0.8916901
0.8813054
0.8703161
0.8495325
0.7461725
0.7561433
0.7468776
0.7562884
0.7529468
0.7437485
0.7507221
0.7552272
0.7547042
0.7610343
0.7594738
0.7572075
0.7568289
0.7590877
0.7746544
0.7572101
0.7712937
0.7569643
0.7594293
0.7542612
0.7565852
0.7627999
0.7649778
0.7577141
0.6100976
0.6189664
0.7991218
0.8943405
0.8912348
0.9015375
0.8851671
0.8773109
0.876833
0.7302404
0.7501672
0.7382801
0.7291705
0.750427
0.6980382
0.7683504
0.7284525
0.735172
0.7419586
0.8484035
0.6685153
0.7679701
0.7773047
0.6846169
0.7905383
0.6780625
0.6642405
0.6705582
0.8272278
0.6849469
0.8352554
0.6696723
0.709297
0.7616021
0.8357239
0.8090428
0.8116473
0.9139466
0.9097528
0.9104905
0.9107917
0.9117933
0.9072981
0.9077298
0.9088276
0.9073101
0.9150631
0.9133462
0.8970869
0.8971308
0.9051293
0.9178815
0.9145738
0.9136976
0.9005374
0.9051414
0.9035852
0.9058341
0.9104952
0.9176274
0.8996978
0.8987994
0.9006782
0.8883822
0.7936423
0.8537134
0.8355118
0.8598592
0.9023211
0.8049224
0.7999578
0.8024678
0.8093941
0.8002998
0.8131261
0.7821171
0.8188159
0.7986677
0.796647
0.8032838
0.8504289
0.7806002
0.7928142
0.7968341
0.7920923
0.7725821
0.7699404
0.7760204
0.7758054
0.764996
0.7693973
0.7794458
0.7739898
0.7714253
0.7285485
0.8318363
0.8064996
0.811511
0.8964554
0.8911602
0.8956014
0.892749
0.8957409
0.8876524
0.8935079
0.8916397
0.8885702
0.8994222
0.8991463
0.8835692
0.8837124
0.8886504
0.9053502
0.8993995
0.8985038
0.882017
0.8883857
0.8868028
0.8887577
0.8939332
0.9042486
0.8838819
0.883638
0.8860689
0.8778576
0.8090117
0.8477133
0.8480548
0.8623788
0.8947686
0.8107055
0.8020762
0.8065574
0.8110282
0.8005811
0.816959
0.7876228
0.8227835
0.7973937
0.7973069
0.8052119
0.8501437
0.7834714
0.7964381
0.7978497
0.7974131
0.7739234
0.7733208
0.7742322
0.7771575
0.7773923
0.7693189
0.7857319
0.7730241
0.7775092
0.7246393
0.8363839
0.8073244
0.8118261
0.9017084
0.8983176
0.899831
0.8990737
0.8994273
0.8939956
0.8986582
0.899124
0.897242
0.9060823
0.9033592
0.8888378
0.8887765
0.8963081
0.9083137
0.9019013
0.902869
0.8898029
0.8933278
0.892916
0.8933636
0.8983312
0.9081752
0.889444
0.8872511
0.8896695
0.8841574
0.811394
0.8509776
0.8461763
0.8686339
0.8985307
0.8185669
0.7368798
0.7478418
0.7423017
0.7242435
0.7466331
0.690076
0.775502
0.7325877
0.7493018
0.7383089
0.8429895
0.6784471
0.755967
0.7754178
0.6949196
0.7915286
0.6659821
0.6651324
0.6848333
0.8304273
0.6771934
0.8361905
0.6706846
0.7155844
0.767284
0.8415381
0.8054109
0.8112834
0.9103271
0.9074137
0.9082135
0.9086641
0.9097148
0.9042101
0.9065737
0.9063232
0.9054028
0.912888
0.9124196
0.8996949
0.8999516
0.9065789
0.918262
0.9157629
0.9144777
0.9012441
0.9044313
0.9071065
0.9016559
0.9121921
0.9193976
0.9023191
0.8975002
0.9032572
0.8892654
0.7902135
0.848252
0.837515
0.8599392
0.9015179
0.8039819
0.7376703
0.753193
0.7459318
0.72795
0.7553508
0.7052429
0.7741186
0.7336107
0.7414819
0.7372271
0.8440443
0.6946093
0.7697274
0.7698725
0.7062437
0.7952231
0.6846644
0.6760976
0.6899504
0.8263989
0.6925595
0.8288682
0.6947159
0.7178082
0.7665817
0.8420443
0.8152744
0.8175485
0.9095115
0.9035942
0.9068063
0.9110413
0.9116571
0.9034217
0.9060204
0.9048215
0.90344
0.9134782
0.9096725
0.89481
0.8950647
0.9051998
0.913641
0.9144774
0.9137738
0.8998233
0.9027117
0.9031185
0.9027351
0.9071018
0.9167524
0.8985846
0.896765
0.9009597
0.8903547
0.7989433
0.8491936
0.8383553
0.8595258
0.90245
0.8015615
0.8264332
0.8317636
0.834474
0.8289494
0.8349544
0.812254
0.8427534
0.8294737
0.8305094
0.8364022
0.8563772
0.8048674
0.8103205
0.8158651
0.8190746
0.8206522
0.8015628
0.81011
0.8087497
0.8372028
0.8080175
0.8436577
0.8029879
0.8066369
0.7966172
0.8477052
0.8168987
0.8145046
0.8923763
0.8882646
0.8897817
0.8888382
0.8918722
0.8853793
0.8871725
0.8900536
0.8856304
0.8947368
0.8936362
0.879001
0.879297
0.8838244
0.899341
0.8960509
0.8972932
0.8809307
0.8866419
0.8823824
0.8863708
0.8927048
0.9016174
0.8851122
0.8824435
0.888043
0.8725563
0.8256539
0.8565152
0.8503813
0.8664033
0.8989142
0.8205103
0.7144154
0.7555117
0.725156
0.7052742
0.7366565
0.6745219
0.7759193
0.7092225
0.7392735
0.7166677
0.8496244
0.6908773
0.771981
0.7810604
0.7063789
0.7948538
0.6888398
0.6787193
0.6862822
0.8315193
0.6849987
0.8368437
0.6871849
0.7227901
0.7694991
0.8389258
0.8115255
0.8166295
0.9121186
0.9081726
0.9097499
0.9134985
0.9125006
0.9053087
0.9092789
0.9074092
0.903353
0.9157705
0.9124719
0.8999035
0.9001061
0.9086913
0.9186449
0.9173409
0.9153908
0.9032972
0.9076105
0.9051344
0.9058824
0.9120384
0.9187084
0.9045679
0.8991455
0.9035054
0.8895736
0.7983829
0.8486875
0.8423966
0.861593
0.9032566
0.8101026
0.7326174
0.7497284
0.7401157
0.7265491
0.7466284
0.6964081
0.7737711
0.7330993
0.7386398
0.7446418
0.84813
0.6764183
0.7638826
0.7743281
0.6949185
0.7913857
0.6785302
0.6545687
0.665308
0.8290477
0.6780401
0.8353591
0.6663767
0.723583
0.7642474
0.8417026
0.8056088
0.8116167
0.9162892
0.9106156
0.9090821
0.912012
0.9128463
0.9081329
0.9073913
0.9104979
0.9084624
0.9170551
0.9145885
0.9014139
0.9015639
0.9098542
0.9222992
0.9156942
0.9176904
0.9035457
0.9098203
0.9052327
0.9047779
0.9127408
0.9194879
0.9048743
0.9028132
0.9041296
0.8903571
0.7980572
0.8527561
0.8390799
0.8660516
0.9047423
0.8051941
0.7515803
0.762643
0.7607803
0.7567112
0.7626556
0.723461
0.7785355
0.751189
0.7540906
0.7560906
0.8444552
0.7129347
0.7742931
0.7829765
0.7200613
0.7987895
0.7137635
0.7054161
0.7094467
0.828843
0.7137056
0.8349985
0.6975829
0.7422585
0.7800943
0.8429677
0.8116136
0.817163
0.9049426
0.9006051
0.9013784
0.9047664
0.9029978
0.8978897
0.8987017
0.9033874
0.899761
0.9071225
0.9056995
0.8926771
0.8926143
0.8989188
0.9110814
0.9085813
0.9087744
0.8960903
0.9008448
0.8979756
0.8985582
0.9044476
0.9126372
0.8948665
0.8916501
0.898619
0.8837971
0.793918
0.847392
0.8390816
0.8554722
0.8986656
0.8095459
0.7255789
0.7473703
0.7351287
0.719254
0.743891
0.6943382
0.7620378
0.7317871
0.7377783
0.734292
0.8477992
0.700821
0.7700166
0.775879
0.7075736
0.7925379
0.6761205
0.6791331
0.6840511
0.8271711
0.6918046
0.8377092
0.692116
0.7214313
0.7672156
0.8412613
0.8160295
0.8193514
0.9133942
0.9068942
0.9067473
0.9081479
0.9095704
0.9047549
0.9072729
0.9070812
0.9048247
0.9150274
0.9087141
0.8978294
0.8980335
0.9052206
0.9163491
0.913506
0.9139296
0.9024733
0.9057077
0.9051155
0.9026638
0.9093474
0.9158225
0.9033316
0.8988856
0.9037985
0.891059
0.8030638
0.8506074
0.8393369
0.8622882
0.9034807
0.8039539
0.7379576
0.7556638
0.7560569
0.7365266
0.7588556
0.716831
0.7763395
0.7420283
0.7490792
0.7501729
0.8418799
0.7020941
0.7735122
0.7837276
0.7172086
0.7999683
0.7028486
0.7024594
0.7172319
0.8251179
0.707334
0.8323223
0.6979532
0.7331622
0.7710661
0.8392393
0.8082519
0.8111507
0.9042873
0.8971761
0.8982913
0.9007072
0.9011792
0.8976139
0.89722
0.8970588
0.8953029
0.9048919
0.9030789
0.8910526
0.8911483
0.8958234
0.9101738
0.906466
0.9058042
0.8947544
0.8991784
0.8954463
0.8962077
0.9012124
0.9110175
0.8937893
0.8890743
0.8939554
0.8793823
0.7999886
0.8529134
0.8416094
0.8620289
0.8994516
0.806604
0.7320571
0.7489294
0.7435264
0.7192217
0.7407253
0.68598
0.7753209
0.7323071
0.7393221
0.740012
0.8444032
0.6709124
0.7596003
0.7675669
0.6721986
0.7883034
0.6656007
0.6493836
0.6682205
0.822172
0.6657199
0.8307237
0.6573145
0.6987179
0.7596808
0.8369847
0.8016962
0.8054345
0.9096841
0.9052735
0.9031434
0.9077837
0.9099721
0.9005865
0.9023778
0.9053486
0.9028424
0.91071
0.9091574
0.8950532
0.8950429
0.9022531
0.9178473
0.9123731
0.915673
0.8969575
0.9036027
0.9003137
0.9009
0.9095307
0.9151416
0.8982843
0.8913685
0.8978966
0.8854889
0.7957717
0.8465589
0.8365425
0.8582988
0.9003382
0.7997301
0.8233814
0.821524
0.8256213
0.8209103
0.8246575
0.8135593
0.8339827
0.8259365
0.8179944
0.8253984
0.8484543
0.8015447
0.7988814
0.8013767
0.8164744
0.8124907
0.7886545
0.8038677
0.8182213
0.8329049
0.8139497
0.8356407
0.7983626
0.801013
0.7979788
0.8404746
0.8130663
0.7925915
0.8754979
0.8674974
0.8684455
0.8710232
0.8732336
0.8640914
0.8688037
0.8693883
0.8657171
0.8780833
0.8758687
0.8614419
0.861376
0.8683931
0.88512
0.875641
0.8770518
0.8646892
0.8683031
0.8677823
0.8674693
0.8712594
0.8827727
0.864497
0.8643622
0.8680009
0.8555065
0.8201511
0.8455823
0.8478271
0.8590982
0.8858982
0.812555
0.7432822
0.7561089
0.7519327
0.7398145
0.7491914
0.7121794
0.7760469
0.7444929
0.752306
0.7469348
0.8439699
0.6951657
0.772912
0.7770867
0.7060642
0.7951579
0.7031834
0.6940105
0.7025141
0.8199228
0.7117291
0.8235526
0.6878782
0.7250702
0.7781653
0.8360012
0.8063933
0.8062125
0.9037496
0.8986818
0.9008694
0.8988364
0.9019645
0.8944743
0.8966795
0.8969378
0.8957237
0.9068097
0.9029144
0.8884976
0.8888572
0.8988325
0.9101615
0.9065839
0.9041975
0.8935514
0.8970679
0.8960695
0.8934469
0.8995686
0.9113525
0.8921234
0.8903275
0.8925912
0.8785322
0.7919111
0.848939
0.8400546
0.8574741
0.8925011
0.8074646
0.8383034
0.83495
0.8453312
0.8414402
0.8450691
0.8311455
0.8491679
0.8391581
0.8334904
0.8419084
0.8561972
0.8297775
0.8252473
0.825082
0.8311093
0.8288904
0.8221533
0.8264497
0.8311834
0.8403018
0.8277466
0.8455389
0.8196451
0.8258328
0.8225424
0.8491792
0.829392
0.8196198
0.8774934
0.8772247
0.8761934
0.8778532
0.8776652
0.8697961
0.8748566
0.8766959
0.8755264
0.8831423
0.8799475
0.870119
0.8702071
0.8742326
0.8915112
0.8872252
0.8822843
0.8710943
0.8742042
0.8746984
0.8757842
0.8798556
0.8897373
0.8688568
0.8679701
0.8701109
0.8615371
0.8367175
0.854838
0.8626929
0.8635308
0.8850037
0.8305529
0.819764
0.8212506
0.8243587
0.819998
0.8249988
0.8098869
0.8308943
0.8227632
0.8125837
0.8200439
0.8493218
0.8014874
0.801357
0.810722
0.8107741
0.814989
0.7973677
0.7990052
0.8059678
0.8246587
0.8054448
0.8303555
0.7989171
0.8036176
0.7967545
0.8454493
0.8161433
0.813741
0.8935727
0.8885325
0.8891745
0.8883502
0.8890962
0.8817098
0.8867245
0.8896829
0.8874587
0.8937289
0.8952301
0.8799466
0.8800855
0.8852365
0.9012324
0.8954486
0.8926702
0.8801336
0.8888644
0.8858104
0.8861428
0.8887717
0.8985394
0.8800586
0.8846748
0.8855411
0.8722552
0.8237759
0.8571233
0.8462256
0.8616696
0.8870669
0.8202863
0.7311854
0.7494834
0.7340329
0.7298992
0.7443689
0.6943428
0.7745474
0.7282456
0.7387037
0.747056
0.8484201
0.6673791
0.7624442
0.771441
0.6825501
0.7869069
0.676259
0.6584871
0.6787213
0.8282823
0.6852943
0.8364627
0.6763624
0.7086707
0.7636047
0.8355234
0.8116444
0.8106841
0.9109292
0.9050537
0.909647
0.9072311
0.9084528
0.9046681
0.9041591
0.9059888
0.9038225
0.9133941
0.9120321
0.8964572
0.896771
0.9029046
0.9163905
0.9143638
0.9113597
0.9002294
0.9017383
0.9024758
0.9012382
0.9089246
0.9153419
0.9000341
0.8936046
0.9012315
0.8876393
0.7910174
0.8506753
0.8366467
0.8607898
0.9034926
0.8023673
0.7958115
0.8039353
0.7965296
0.7947911
0.8075454
0.774748
0.8147354
0.7930979
0.790082
0.8014308
0.8579939
0.7725768
0.7876708
0.7959471
0.777878
0.7675704
0.756035
0.7647229
0.7681986
0.7975847
0.7675035
0.797027
0.7676808
0.770607
0.7255767
0.8314974
0.8044197
0.8142513
0.904227
0.9023068
0.9019393
0.9058113
0.903604
0.8979667
0.9025819
0.9014032
0.898757
0.9093533
0.9064077
0.8933376
0.8934803
0.9023148
0.9121745
0.9057295
0.9076536
0.8956709
0.9012216
0.8991052
0.8981112
0.9009712
0.9103107
0.8951462
0.8884811
0.8924557
0.8824899
0.8104037
0.8562244
0.844746
0.8674699
0.9030866
0.8109304
0.8056674
0.8083727
0.8097843
0.8038039
0.8164719
0.7893818
0.821577
0.806963
0.8026111
0.8068815
0.8517499
0.7857222
0.7979711
0.8031557
0.7941854
0.7797768
0.7832433
0.7809551
0.7838883
0.7727609
0.780885
0.7835897
0.7827383
0.7809892
0.7453875
0.8385589
0.8137948
0.8166345
0.8963615
0.8928653
0.8951602
0.8941364
0.8938364
0.8879557
0.8922656
0.8919739
0.8911655
0.9008483
0.8997379
0.8850107
0.8850002
0.8917657
0.9021609
0.8988981
0.8998794
0.8859701
0.8905504
0.8904439
0.8905545
0.8939011
0.9029457
0.8866378
0.8843111
0.8870427
0.8801714
0.8116391
0.8517539
0.8477916
0.866899
0.892831
0.8125827
0.8120677
0.8090657
0.8176137
0.8124595
0.8221329
0.7951626
0.8206219
0.8129894
0.7980233
0.8127087
0.8448308
0.7924443
0.7954184
0.8120723
0.7994183
0.8185807
0.7829366
0.7884109
0.790691
0.8339312
0.7881283
0.8421402
0.7927902
0.7840269
0.793788
0.8503937
0.8282953
0.8304593
0.907527
0.9027623
0.9022882
0.9073025
0.9073494
0.8994166
0.9011609
0.9048614
0.9018459
0.9116418
0.910043
0.8964243
0.8965167
0.8998896
0.9126004
0.9105828
0.9086382
0.8983614
0.9016137
0.900644
0.8975663
0.9042684
0.9133409
0.8953853
0.8942401
0.9009309
0.8911108
0.816742
0.8584241
0.8389843
0.8654254
0.8951546
0.8067375
0.8330083
0.8312688
0.8391108
0.8324201
0.8340829
0.8186647
0.8424583
0.8361991
0.8264744
0.8351572
0.8494817
0.81247
0.8062274
0.8159116
0.82995
0.8223304
0.8060055
0.8214305
0.8249312
0.8359919
0.8163842
0.8374445
0.810953
0.8108386
0.8138122
0.8427772
0.8213364
0.799764
0.8692667
0.8676848
0.8680993
0.8659208
0.8681153
0.8610262
0.866328
0.8645867
0.8648387
0.8765232
0.8719811
0.8598572
0.8600009
0.8627844
0.8816466
0.8748255
0.8732451
0.8616525
0.865382
0.8632112
0.8629808
0.8695947
0.8862806
0.8594936
0.8588557
0.8648041
0.8568532
0.8330171
0.8463183
0.8496686
0.8569745
0.8819264
0.816985
0.746355
0.7540984
0.7529944
0.7433894
0.7599123
0.7143303
0.7813712
0.7452301
0.7543067
0.7522683
0.8453349
0.695596
0.770193
0.7773585
0.7106246
0.7923222
0.6944222
0.6916064
0.7067345
0.823568
0.7100417
0.8307908
0.6915394
0.7189112
0.7657621
0.8382043
0.801371
0.809318
0.9081554
0.9003359
0.9029858
0.905119
0.9076522
0.8985848
0.9022323
0.9000684
0.8975338
0.908666
0.9064378
0.8915358
0.8916869
0.9008424
0.9086792
0.9078627
0.9100294
0.8940085
0.8986718
0.8971185
0.8975614
0.9052078
0.9129403
0.8954365
0.89381
0.8952427
0.881669
0.7939029
0.8446671
0.8405557
0.860914
0.89792
0.7999469
0.7423171
0.7579931
0.7516814
0.7454075
0.7627442
0.7192478
0.7835753
0.7428794
0.7530416
0.7500736
0.8472325
0.7016004
0.7777567
0.7868057
0.7228794
0.7949537
0.6955823
0.6850854
0.7050485
0.8367746
0.7015951
0.8408546
0.7040379
0.7425629
0.7744296
0.8409859
0.8142541
0.8179401
0.9112314
0.9093817
0.909748
0.9109394
0.9112495
0.9058243
0.9098017
0.9083561
0.9052519
0.9132072
0.9138352
0.9013008
0.90161
0.9075328
0.9184219
0.9173671
0.9158198
0.9029
0.9050212
0.9052733
0.9056044
0.9110072
0.9202744
0.9054944
0.8986793
0.9042254
0.8924847
0.7995565
0.8510735
0.8396501
0.8663076
0.9066752
0.8081786
0.8519264
0.853358
0.8547871
0.8500097
0.8505152
0.843508
0.8616061
0.8514885
0.8567031
0.8581948
0.8641616
0.8457471
0.8361787
0.8382233
0.8485392
0.8387097
0.8391062
0.8492812
0.8538044
0.8506981
0.8403028
0.8537445
0.8324272
0.8436092
0.8359671
0.862622
0.842098
0.8339234
0.8719034
0.870772
0.8728611
0.8746781
0.874939
0.8672328
0.8718063
0.8705661
0.8669
0.8748352
0.8755189
0.8669863
0.8667732
0.868146
0.8828206
0.8800753
0.8787628
0.8659046
0.8677077
0.8675597
0.8686575
0.8726857
0.8832709
0.8673754
0.8637753
0.8671104
0.8639167
0.8484998
0.866634
0.8672566
0.8679931
0.8802538
0.8417852
0.8533161
0.856608
0.8583015
0.8548207
0.8538516
0.8457494
0.8586611
0.8517246
0.8545383
0.8560945
0.8638914
0.849178
0.8367261
0.8426481
0.8484349
0.8409133
0.8398311
0.8516129
0.8503508
0.8489279
0.8457643
0.8538607
0.836719
0.8417728
0.841866
0.8613721
0.8429495
0.8297135
0.8771478
0.874176
0.8712444
0.8732645
0.8732263
0.8667537
0.873195
0.872067
0.8713416
0.8790655
0.8708661
0.8659074
0.8660468
0.8722276
0.8858548
0.8821266
0.8773362
0.8704599
0.8727948
0.8681933
0.8697357
0.8735647
0.8844377
0.8673555
0.8661651
0.8700714
0.8617026
0.8480557
0.8657023
0.8684638
0.8681184
0.8814175
0.8487965
0.8539623
0.8566058
0.856718
0.8551459
0.8541112
0.8448963
0.8591563
0.8522043
0.8539071
0.8572384
0.862973
0.8483302
0.8366352
0.843648
0.8483405
0.839987
0.8412715
0.8501343
0.8499138
0.8484875
0.8454222
0.8544063
0.835374
0.8417659
0.8395745
0.8616828
0.8412421
0.8283389
0.8769224
0.8736357
0.8712973
0.8727711
0.8733369
0.8664317
0.8723499
0.8720726
0.8709387
0.8782088
0.8719729
0.8684668
0.8686567
0.8720837
0.8834939
0.8805485
0.8754884
0.870057
0.8706479
0.8680834
0.8673786
0.8732276
0.8847819
0.8686024
0.8651905
0.869006
0.8629478
0.8484743
0.8646151
0.868712
0.8686376
0.8799547
0.8496052
0.7475802
0.7643712
0.748835
0.7397366
0.7534137
0.7125456
0.782692
0.740026
0.7530842
0.7464527
0.8538499
0.7257823
0.784
0.7889313
0.7325874
0.8111737
0.7147028
0.7106715
0.7162614
0.8348188
0.7094012
0.8406304
0.7230721
0.7466176
0.7833455
0.8476735
0.8255113
0.8243145
0.9191747
0.911393
0.9128251
0.9164219
0.9164141
0.9087985
0.9136558
0.911593
0.9089646
0.9173105
0.9178985
0.9043226
0.9048343
0.9102758
0.9217251
0.9209298
0.9180351
0.9038617
0.9102431
0.9073372
0.9072374
0.9138796
0.9204609
0.9064128
0.9028791
0.9100219
0.8960639
0.8018695
0.8584784
0.8425229
0.864182
0.9048262
0.8150799
0.7339766
0.752544
0.7357245
0.7235574
0.7474224
0.6919218
0.7764807
0.7255068
0.7447996
0.7348161
0.8473868
0.7081603
0.7657285
0.777129
0.7152218
0.796727
0.6808568
0.6909908
0.6944408
0.8337753
0.6949471
0.8395381
0.6966212
0.7215898
0.7717497
0.8373641
0.8185387
0.8188022
0.9152957
0.9088012
0.9076487
0.9139089
0.9141104
0.9071134
0.9093269
0.908465
0.908184
0.9166351
0.9136079
0.8998505
0.8998409
0.9087393
0.9190905
0.9158971
0.9145658
0.9009691
0.9077115
0.904554
0.9049412
0.9088746
0.9186996
0.9035677
0.8987761
0.9058335
0.8936885
0.792898
0.8534174
0.8317328
0.8638121
0.9044007
0.8068242
0.7335867
0.7601821
0.7375138
0.7349383
0.747227
0.7045146
0.7762426
0.7333176
0.7519957
0.7366188
0.85
0.7108389
0.7795387
0.7907086
0.7198424
0.792637
0.6941015
0.6970024
0.7110539
0.83493
0.707793
0.8368878
0.7100901
0.7414852
0.771531
0.8421608
0.8148626
0.8219597
0.9127273
0.9083404
0.9045702
0.9123891
0.9115621
0.9035931
0.9033147
0.9055054
0.9022477
0.9140301
0.912815
0.8980831
0.8981257
0.9055618
0.9186708
0.9108119
0.9112443
0.9029833
0.9065016
0.9057172
0.9051163
0.9086233
0.9144054
0.898945
0.8990618
0.9049043
0.8888088
0.8016148
0.8506358
0.8408097
0.8614841
0.9030585
0.8121809
0.7247909
0.752503
0.7358323
0.71522
0.7404642
0.6926577
0.7761313
0.7239715
0.7465332
0.7296768
0.8456521
0.7009722
0.7703769
0.7841922
0.716961
0.7917205
0.6928187
0.6809011
0.6936611
0.8358788
0.6934066
0.8365886
0.69338
0.7228369
0.772815
0.8396282
0.8112446
0.8244547
0.9092132
0.9054738
0.9052829
0.907877
0.9088162
0.9024378
0.9040654
0.9048588
0.9033618
0.9112048
0.9100534
0.8967493
0.8968988
0.902411
0.916721
0.9147309
0.9110557
0.8988742
0.9029447
0.902934
0.9013474
0.9052306
0.9127209
0.9003209
0.896484
0.9029318
0.8854686
0.7968125
0.8533534
0.838698
0.8644601
0.9010256
0.8091419
0.7239381
0.7511328
0.7282848
0.7164653
0.7346879
0.6934873
0.7808794
0.7108228
0.7434767
0.7295087
0.8526675
0.7075808
0.775355
0.7892404
0.7171913
0.7994226
0.6953353
0.6898049
0.7034708
0.8349423
0.6997107
0.8373871
0.7057125
0.7263225
0.7722165
0.8434424
0.8199084
0.8254359
0.917171
0.9143759
0.9137283
0.9204745
0.9173841
0.9098009
0.9126992
0.9122385
0.9124256
0.9195435
0.9171284
0.9044592
0.9045548
0.9118358
0.9230413
0.9189659
0.9192976
0.9064037
0.9133526
0.91024
0.9084204
0.9168195
0.9233503
0.9094664
0.9055081
0.9102398
0.8959996
0.8016844
0.853334
0.8389861
0.8657668
0.9017315
0.8112023
0.7330937
0.7482192
0.7347012
0.7196089
0.7450888
0.698711
0.7746617
0.7327367
0.7448805
0.740477
0.8482037
0.6960778
0.7654479
0.7714373
0.7124635
0.7989095
0.6762927
0.6843351
0.6979167
0.8324444
0.6925539
0.8403936
0.6964531
0.7194846
0.7732868
0.8369977
0.8017917
0.8104057
0.9098305
0.9025949
0.9033212
0.9084834
0.9091657
0.9015003
0.9019255
0.901906
0.8998529
0.9119332
0.9087844
0.8954433
0.8955942
0.9036052
0.9142682
0.9122757
0.9103307
0.8979116
0.9033504
0.9000484
0.901263
0.906491
0.913977
0.897724
0.892289
0.8973356
0.8856256
0.8013639
0.8475094
0.8382606
0.861961
0.9014954
0.8060857
0.729472
0.7598266
0.73707
0.7264394
0.7409757
0.6953432
0.776582
0.723323
0.7460194
0.7306926
0.8444639
0.7070853
0.7657923
0.7783225
0.7161266
0.7951238
0.6840888
0.6908346
0.7044129
0.8264323
0.7023477
0.8283704
0.7080218
0.7367006
0.7748823
0.8374934
0.8036563
0.8073481
0.8991556
0.8959126
0.8986719
0.8982978
0.8986153
0.8932984
0.8951663
0.8930613
0.8908659
0.9028952
0.9001715
0.886146
0.886403
0.8937246
0.904302
0.9034421
0.9018659
0.8900408
0.8954099
0.8901615
0.8908079
0.9000851
0.905663
0.8901966
0.8890215
0.8938023
0.8776782
0.8014953
0.8438941
0.8392948
0.8580045
0.8890656
0.8064885
0.7261575
0.7519529
0.7318927
0.7310009
0.7424162
0.6973601
0.7737499
0.7305878
0.7454689
0.73792
0.8508285
0.6969795
0.7697943
0.7870679
0.7010547
0.8021074
0.6764786
0.6778174
0.6855849
0.8335425
0.6897994
0.8428493
0.6868348
0.7296864
0.759896
0.8407911
0.8070296
0.813403
0.9145402
0.9092845
0.909756
0.9128341
0.9125662
0.9054634
0.9084942
0.9077282
0.9063306
0.9157405
0.9135265
0.9014778
0.9016275
0.9077528
0.9207462
0.9161839
0.9142317
0.9015902
0.9065609
0.9056023
0.9055648
0.9108581
0.9173538
0.9034539
0.8976386
0.9033354
0.8897985
0.8004892
0.8478239
0.8375703
0.8625
0.9051932
0.8053496
0.889087
0.8972098
0.8923184
0.892854
0.8897018
0.8952694
0.8928079
0.8885382
0.8937281
0.8942486
0.8927474
0.8931184
0.8931993
0.8958824
0.8953468
0.8828757
0.8959316
0.8966546
0.8912115
0.8822029
0.8945581
0.8804784
0.8961704
0.8988339
0.8834465
0.8881621
0.8831622
0.8808273
0.902044
0.9040499
0.8993849
0.9031917
0.9026098
0.8987264
0.9012542
0.9049136
0.9047697
0.9057659
0.9033801
0.9007055
0.9005191
0.8999554
0.9058477
0.9021239
0.9035584
0.8962764
0.8980371
0.8975818
0.9033568
0.9000525
0.9084236
0.8998339
0.8997981
0.9025731
0.8922332
0.8941797
0.9065458
0.9009762
0.8914096
0.8999458
0.8890356
0.8059764
0.8070975
0.8058
0.8058314
0.8175745
0.7893164
0.8207292
0.8071436
0.8017883
0.8076166
0.8479527
0.7830388
0.7995783
0.802967
0.7946926
0.7793804
0.7757052
0.7830336
0.7838441
0.776069
0.7775722
0.7856796
0.7779776
0.7841191
0.739232
0.8338072
0.8139364
0.8154818
0.8987944
0.895278
0.896745
0.8978344
0.899878
0.8873557
0.8956766
0.8951598
0.8926874
0.9030214
0.8999055
0.8850355
0.8856337
0.8932648
0.9057984
0.8986241
0.9012181
0.888672
0.8922597
0.8920532
0.8909075
0.8944886
0.905101
0.8889241
0.8827186
0.8872634
0.8790315
0.812118
0.8518553
0.8484065
0.8641932
0.8951492
0.8147552
0.8779366
0.8776748
0.8799309
0.880845
0.8814199
0.8718962
0.8781813
0.8782457
0.875286
0.8765281
0.8717625
0.8741952
0.8687661
0.8699437
0.8780016
0.8692348
0.8728352
0.8768341
0.8807584
0.8628503
0.8736166
0.8632901
0.8642968
0.875948
0.8742886
0.8658058
0.8516078
0.8289773
0.7735911
0.781102
0.7705744
0.7827957
0.7797714
0.7596264
0.7715174
0.7772586
0.7737223
0.7867362
0.7769724
0.7677152
0.7674615
0.7709816
0.7975446
0.7863508
0.7927726
0.7714178
0.7716749
0.777441
0.7803829
0.7805884
0.7940866
0.7758299
0.7862937
0.7898258
0.7978082
0.8770595
0.8783064
0.8878101
0.8721326
0.8757916
0.8656144
0.891587
0.8963772
0.8936959
0.8968732
0.8946541
0.8929317
0.8907289
0.896414
0.893715
0.8942946
0.883004
0.895129
0.8891976
0.8924866
0.8950637
0.8831341
0.891359
0.8992912
0.9048099
0.8773964
0.8976178
0.8763724
0.8914902
0.8970801
0.8928462
0.880278
0.8709981
0.8471855
0.7672064
0.7768308
0.7767684
0.7738735
0.7768224
0.7707652
0.7787664
0.7868074
0.7781796
0.7802951
0.7780691
0.7794131
0.7787769
0.7816628
0.7946253
0.7804678
0.7879239
0.7785839
0.7764706
0.7763382
0.7847292
0.7858765
0.7834737
0.7753134
0.7884868
0.7889341
0.8070349
0.8936257
0.8899858
0.8999916
0.88404
0.8749194
0.879705
0.8931213
0.8906094
0.8932739
0.8982609
0.893904
0.8886234
0.8920538
0.8955692
0.8910095
0.8948605
0.8834923
0.8916151
0.8868647
0.887872
0.8968261
0.8807541
0.8909891
0.8984429
0.8997957
0.8779877
0.8953131
0.8748902
0.8882099
0.8963555
0.8949545
0.8795033
0.8714144
0.8509487
0.7769636
0.7792226
0.7783555
0.7795506
0.7849736
0.7638422
0.7799136
0.7840607
0.7840428
0.7849083
0.7759197
0.7803335
0.7795803
0.7831009
0.7999551
0.7861399
0.7904874
0.7784259
0.7864725
0.78158
0.7894401
0.7924692
0.7911802
0.7797048
0.7908958
0.7908144
0.8008023
0.8910171
0.8910048
0.9014591
0.8788775
0.8771169
0.8768262
0.8811662
0.8769578
0.8862501
0.88596
0.8851536
0.877458
0.88155
0.8807766
0.8800491
0.8807643
0.8746281
0.8783464
0.8732536
0.8739721
0.8855539
0.8660563
0.8746891
0.886462
0.8894755
0.863405
0.8814665
0.8659035
0.873036
0.8773211
0.8743643
0.8710697
0.8592936
0.8312598
0.7555426
0.7670594
0.7580039
0.7657038
0.7656498
0.7568738
0.7602776
0.7708774
0.7676189
0.7748595
0.7641677
0.7603452
0.7600249
0.7665333
0.7896196
0.774343
0.7828097
0.7646102
0.7675882
0.7658062
0.7722833
0.7686946
0.7820639
0.7622097
0.7789162
0.7819388
0.7880471
0.8798318
0.8801877
0.8897187
0.8728761
0.8718641
0.8643625
0.8877606
0.888728
0.8903848
0.8937469
0.888061
0.8861148
0.8854796
0.8893819
0.8857195
0.888884
0.8781082
0.8884967
0.880657
0.8780143
0.8910864
0.8755661
0.8838969
0.8924886
0.8941553
0.8733011
0.8876861
0.8723617
0.8799755
0.8858775
0.8859866
0.8718475
0.8644668
0.8422901
0.7567631
0.7681363
0.7571684
0.7647362
0.7636415
0.7546417
0.7646096
0.7628749
0.7645703
0.7753186
0.766008
0.762118
0.761518
0.7658398
0.7878378
0.771422
0.7752598
0.7678115
0.7701826
0.7591848
0.7756225
0.7626875
0.7768542
0.7649027
0.7796036
0.7801313
0.7958366
0.8830158
0.8841968
0.8943578
0.8766913
0.8771123
0.8763436
0.8041082
0.7944685
0.8113889
0.805318
0.8152395
0.7900036
0.8103714
0.8031592
0.7918414
0.8145088
0.8555089
0.7792659
0.763201
0.7842504
0.7950989
0.8237577
0.769787
0.7826546
0.776486
0.8444681
0.7825763
0.8515271
0.7893008
0.7671233
0.8024177
0.8474711
0.8266447
0.8300864
0.9204262
0.9163476
0.9177354
0.9182196
0.9181049
0.9121505
0.9171676
0.9165188
0.9158501
0.9208355
0.9192592
0.904928
0.905349
0.9119754
0.9234869
0.9202955
0.919591
0.9085874
0.9108809
0.9109733
0.9130077
0.915735
0.9230325
0.9084201
0.9058427
0.9113538
0.900446
0.8031852
0.8542161
0.8363327
0.8703322
0.9087546
0.8168871
0.8127229
0.8089266
0.8170201
0.8098893
0.8217811
0.8041527
0.8248175
0.8166088
0.8041084
0.8187571
0.8628847
0.7930801
0.7866977
0.804025
0.8060602
0.8314341
0.7876542
0.7932785
0.7970004
0.8544243
0.7969906
0.8632654
0.8010481
0.7910392
0.8132305
0.8566345
0.8320481
0.8434088
0.9243217
0.9226925
0.9231968
0.9225917
0.9232648
0.917433
0.9201115
0.9216681
0.9185485
0.924317
0.9232377
0.914336
0.9143276
0.9168087
0.928809
0.9282313
0.9231582
0.9120647
0.9186307
0.9166098
0.9148152
0.9211061
0.9264536
0.91417
0.911006
0.914311
0.9042284
0.8156372
0.8634191
0.8452318
0.8760829
0.9122369
0.8242803
0.800758
0.797484
0.8029738
0.7959676
0.8132021
0.7741703
0.8202184
0.8028512
0.793562
0.8014367
0.8544887
0.7773967
0.788681
0.7937322
0.7870739
0.7678654
0.7635725
0.7658567
0.7753496
0.7713353
0.7660739
0.7773622
0.7725593
0.7669355
0.7182879
0.833541
0.804158
0.8096901
0.8981836
0.8953994
0.893351
0.8987244
0.8977211
0.8892278
0.8955986
0.8941631
0.8928949
0.9039756
0.8990572
0.8870297
0.8871211
0.893674
0.9075295
0.8994592
0.9012257
0.8892593
0.89216
0.8924056
0.8903477
0.8957016
0.9056232
0.8879416
0.8833219
0.8885621
0.8799834
0.8095468
0.8532735
0.8428184
0.8617503
0.8960709
0.8069647
0.810667
0.7973539
0.8120334
0.8007541
0.8202282
0.7846123
0.8109077
0.8074825
0.7879856
0.8121101
0.8564338
0.7725417
0.7530427
0.7780089
0.789431
0.8299776
0.7545686
0.7734957
0.7719482
0.8492265
0.7753714
0.8501904
0.7793515
0.7642923
0.8013087
0.8544808
0.8230643
0.8245292
0.9218867
0.9146216
0.9180696
0.91651
0.9180697
0.9115905
0.9153561
0.9177335
0.9131871
0.9220292
0.9207152
0.905441
0.9057254
0.9105348
0.9236216
0.9242807
0.9209449
0.9058057
0.9091543
0.9079689
0.9099415
0.918227
0.9255034
0.9098444
0.9030979
0.9088943
0.8993365
0.8027381
0.8512847
0.8339289
0.8791289
0.9103448
0.8098417
0.7264089
0.7508573
0.7339631
0.7266064
0.7426643
0.7023968
0.7747743
0.7308413
0.7408244
0.7370454
0.8448608
0.6755672
0.7617856
0.7722396
0.6875565
0.7833734
0.673783
0.6679745
0.6805693
0.8278837
0.6894658
0.8358882
0.6700612
0.7154535
0.7580617
0.8344495
0.798023
0.8036886
0.9062364
0.9043148
0.9008301
0.9045677
0.9039806
0.8991411
0.9007099
0.90025
0.8998678
0.9070881
0.9071594
0.8902338
0.8901689
0.8969242
0.9124758
0.9094168
0.9077933
0.8936885
0.8979404
0.8985184
0.9003793
0.9040334
0.9136143
0.8966736
0.8932236
0.8974609
0.8821903
0.7946376
0.8482306
0.8327577
0.8612613
0.8996476
0.8003724
0.8043745
0.796029
0.8054841
0.798033
0.8158888
0.7869548
0.8194495
0.8049972
0.7930222
0.8116698
0.8614594
0.7812809
0.7605198
0.784821
0.7875065
0.8260721
0.754971
0.765457
0.7754068
0.8504424
0.7764761
0.8625125
0.7793177
0.7588779
0.7928637
0.8573876
0.8242
0.8322178
0.9339189
0.928454
0.9286735
0.9294895
0.9299125
0.9231048
0.9248024
0.927299
0.9251472
0.9328189
0.9317004
0.9156248
0.9157835
0.9241197
0.9362114
0.9330173
0.9309202
0.9199836
0.922731
0.9236462
0.9201403
0.9287195
0.9336858
0.9187778
0.9146791
0.9198079
0.9088734
0.8085977
0.8508239
0.8408198
0.8823059
0.9217764
0.8182641
0.7440413
0.7574035
0.7534957
0.7439032
0.7647395
0.7180391
0.7767294
0.7449088
0.7515279
0.7529911
0.8494975
0.7153856
0.7779795
0.7880747
0.7232931
0.8057134
0.6842772
0.7060515
0.7010395
0.8377615
0.6829617
0.8409349
0.7049433
0.7410063
0.7803917
0.847438
0.8188768
0.829173
0.9114003
0.9102497
0.9072224
0.9125143
0.9116776
0.9040406
0.9050177
0.9081357
0.9035813
0.9143773
0.910462
0.8977769
0.897873
0.9030488
0.9165504
0.913589
0.9128354
0.8987852
0.9059849
0.9028899
0.9022456
0.9107134
0.9151649
0.900282
0.8984013
0.902042
0.8917818
0.8035191
0.8532966
0.8428461
0.8638537
0.9033716
0.8153718
0.8676967
0.8706774
0.8655053
0.8680933
0.8715772
0.8641362
0.8727411
0.8661242
0.8677968
0.8634089
0.883007
0.8646942
0.8690389
0.8718311
0.8667071
0.8574539
0.8673617
0.8613128
0.8627312
0.8637636
0.8645631
0.8672692
0.8704411
0.8627226
0.8520576
0.8709084
0.8621995
0.8628514
0.8999004
0.8987484
0.8987499
0.8966851
0.8966865
0.8943355
0.8960818
0.8993871
0.8997502
0.902459
0.9016819
0.8931636
0.8933842
0.8959237
0.9047079
0.8971043
0.9022838
0.8943093
0.8964705
0.8945452
0.8936661
0.9006069
0.9018563
0.8947064
0.8913043
0.8964657
0.8886057
0.8642672
0.891956
0.8830108
0.8822566
0.9001296
0.8704564
0.8172401
0.8148432
0.8237523
0.8139001
0.8224571
0.8065092
0.8263609
0.8185309
0.8056606
0.8242144
0.845934
0.7937037
0.7862646
0.794598
0.8097808
0.8237149
0.7916222
0.8043155
0.8122725
0.8390843
0.8023835
0.8427776
0.7968479
0.7916715
0.8048637
0.8428699
0.8125381
0.8162586
0.8891368
0.8866882
0.8859608
0.8837907
0.8839579
0.8779689
0.8840173
0.8831144
0.8827051
0.8921119
0.8882225
0.8738726
0.8743977
0.8775588
0.8937881
0.890685
0.8912477
0.8766973
0.8797171
0.8797685
0.8782629
0.8873874
0.8966898
0.8770539
0.8740509
0.8768029
0.8700231
0.8189627
0.8405247
0.8435503
0.8592654
0.8888691
0.815615
0.8007559
0.7972481
0.8038862
0.798257
0.8089312
0.7785782
0.8140704
0.7983645
0.7936752
0.7968492
0.8522474
0.7770443
0.7899485
0.7949383
0.7843918
0.7795341
0.7685087
0.7655005
0.7686902
0.7936399
0.7699074
0.7943815
0.7695946
0.7692442
0.7410985
0.8342418
0.8068841
0.8162303
0.9000414
0.8972381
0.8963852
0.8970859
0.8975446
0.8909769
0.8962642
0.8967676
0.8950274
0.9039177
0.9008094
0.8873031
0.8874983
0.8901463
0.9070204
0.8994536
0.9035677
0.8877079
0.892739
0.8936981
0.8916659
0.8985712
0.9064238
0.8865827
0.8861243
0.8909125
0.8812311
0.8066674
0.8505076
0.8434766
0.8668483
0.900952
0.8084555
0.8399881
0.8424306
0.8484283
0.8447276
0.8444206
0.830425
0.8510991
0.8358867
0.8401743
0.8462821
0.8634389
0.8285759
0.8276274
0.8332112
0.8389203
0.8347814
0.8255124
0.828966
0.8275572
0.8493163
0.8333508
0.8542359
0.8229382
0.8267411
0.8232464
0.8520535
0.8367702
0.8315303
0.8923915
0.887408
0.8866196
0.8902096
0.8902635
0.8854242
0.8878805
0.8880637
0.8870242
0.8956334
0.8945107
0.8794139
0.8793528
0.8851393
0.8993746
0.8943935
0.8945131
0.8853498
0.8858199
0.8868571
0.8832845
0.8895814
0.9013215
0.883522
0.8866495
0.8851952
0.8791288
0.8420546
0.8655317
0.860422
0.8684403
0.895627
0.8405905
0.7313891
0.7526084
0.7323199
0.7194648
0.7451649
0.6860375
0.7728245
0.7269184
0.7387941
0.728441
0.8435063
0.6669103
0.763124
0.7731718
0.6850997
0.788747
0.6565936
0.653075
0.6767945
0.8245748
0.6686896
0.8321819
0.6653702
0.7026511
0.7496051
0.8383396
0.8035867
0.8064603
0.911655
0.9077327
0.9088491
0.9099898
0.9111455
0.9056502
0.9055623
0.9074427
0.9050763
0.9144071
0.9145738
0.8991935
0.8990233
0.9059969
0.9194587
0.9162496
0.9141867
0.9017077
0.9035224
0.9047826
0.9050657
0.9085027
0.9186069
0.9026241
0.8992319
0.9054869
0.8895998
0.7870491
0.8483241
0.8338405
0.8594368
0.902258
0.7986312
0.710796
0.7452163
0.7196928
0.7088979
0.7230233
0.6609634
0.7693204
0.7182361
0.7282791
0.7181857
0.843884
0.681524
0.7609118
0.764468
0.6994447
0.7891421
0.6550501
0.6667562
0.6718844
0.8298401
0.6734094
0.8308074
0.6739407
0.7206544
0.7656748
0.8374314
0.8067775
0.8133298
0.9127941
0.907211
0.9088658
0.9126572
0.9141265
0.9069973
0.9101375
0.9082038
0.9036778
0.9174036
0.9137756
0.8971264
0.8975474
0.9054191
0.9184454
0.9160883
0.9144831
0.8994435
0.9047943
0.9036127
0.9051724
0.909777
0.9194871
0.9004278
0.8990492
0.9031863
0.8896467
0.7975384
0.8465446
0.8360414
0.8654423
0.9036095
0.8019489
0.8020176
0.7888882
0.801288
0.7939536
0.8072033
0.7772983
0.8114439
0.7967602
0.7836439
0.8052379
0.8546063
0.7724318
0.7550904
0.7770688
0.7826631
0.8126197
0.7546997
0.7715346
0.7735938
0.8395035
0.7755006
0.8489359
0.7703453
0.7530513
0.7901029
0.8524237
0.8208053
0.8245109
0.9198123
0.914434
0.9162113
0.9181354
0.9194212
0.9120038
0.9135048
0.9135223
0.9128672
0.9203126
0.9190757
0.9016015
0.9017641
0.9098382
0.921504
0.9202366
0.9188788
0.9060357
0.9113331
0.909787
0.9085874
0.9159365
0.9236481
0.9071767
0.9022584
0.9036227
0.8939652
0.7954181
0.846337
0.8384079
0.8755319
0.9102275
0.8087356
0.7369093
0.7535211
0.738383
0.7196367
0.7464663
0.6892596
0.7768672
0.7326928
0.7368289
0.7430053
0.8508934
0.68214
0.7594854
0.7761073
0.7074216
0.7898057
0.5905837
0.6691082
0.6783886
0.8320966
0.6755481
0.8395344
0.6765382
0.7088549
0.7607467
0.8413687
0.8028184
0.8119017
0.9154619
0.9089878
0.9091489
0.9137255
0.9132395
0.9049277
0.906624
0.9061522
0.9032018
0.91494
0.9146894
0.8994086
0.8995614
0.9059871
0.9202591
0.9147617
0.9142431
0.8995758
0.9036375
0.9024953
0.9063199
0.910384
0.9171092
0.9010018
0.8999314
0.9015654
0.8936001
0.7928106
0.8477157
0.8350356
0.864406
0.9078771
0.8018832
0.744833
0.7543646
0.7544268
0.7458526
0.7625849
0.7082482
0.7705896
0.7494411
0.7417858
0.7521276
0.8393261
0.6897439
0.7542573
0.7713325
0.709139
0.7902844
0.6788783
0.6982662
0.7069304
0.8178071
0.7006248
0.8276126
0.6711645
0.7106046
0.7646922
0.8400873
0.8048216
0.796625
0.8906172
0.8838085
0.8852827
0.8864011
0.8887393
0.8815657
0.8856886
0.8823915
0.8801555
0.8931185
0.8904191
0.8765636
0.8766075
0.8839148
0.899348
0.8944502
0.8966272
0.8820334
0.885005
0.8836158
0.8838942
0.88931
0.898349
0.8801075
0.8725285
0.8772221
0.8672916
0.7929497
0.8380863
0.8342509
0.8539624
0.8901397
0.7955418
0.8390972
0.8364259
0.842483
0.8396431
0.8469519
0.8303769
0.8417648
0.8451144
0.8326907
0.8391914
0.8571429
0.8263932
0.8190067
0.8239892
0.8363682
0.8256738
0.8219403
0.8277961
0.8387097
0.8407353
0.833607
0.8389307
0.8206409
0.8259031
0.8214878
0.8500196
0.825718
0.8146388
0.8732973
0.8681659
0.868367
0.8724611
0.8718693
0.8607773
0.8679017
0.8715588
0.868292
0.8746306
0.8725172
0.8639653
0.8640547
0.8662006
0.8809017
0.8747022
0.8752796
0.863075
0.867222
0.8675273
0.8675781
0.8685271
0.8825615
0.8624369
0.857277
0.8647859
0.8565367
0.8386212
0.8540423
0.85973
0.8641603
0.8823259
0.8291891
0.7504821
0.7613563
0.7525376
0.7449332
0.7559236
0.7174505
0.7758935
0.7471176
0.7509896
0.7526882
0.8466582
0.7102193
0.7741409
0.7877898
0.7287201
0.7962626
0.7078526
0.7077454
0.7195747
0.8312971
0.7054724
0.8437068
0.7108557
0.7443043
0.7895943
0.8419342
0.820001
0.8184784
0.9027932
0.8999177
0.8997544
0.9016639
0.9014512
0.8948396
0.9001639
0.8959481
0.8945495
0.9062366
0.904208
0.8895611
0.8899802
0.8972599
0.9103716
0.9091684
0.9045637
0.8903626
0.9006419
0.8965103
0.8991617
0.9021615
0.912202
0.8908933
0.8938588
0.8981674
0.8804822
0.7964699
0.8484207
0.8393566
0.859074
0.8989922
0.8048742
0.7554181
0.7662967
0.7557918
0.7536292
0.7710014
0.7370395
0.7867824
0.7503221
0.7653464
0.7597131
0.8523052
0.7376363
0.7886404
0.7960666
0.7424418
0.8135353
0.7256223
0.7296742
0.7332049
0.8407706
0.736702
0.8459996
0.7327892
0.7580705
0.7959702
0.8447041
0.8210472
0.8346992
0.9109589
0.9078891
0.9092418
0.9128414
0.9104081
0.9050067
0.9073739
0.907134
0.9049172
0.9135183
0.9133182
0.905096
0.9052427
0.9064952
0.914938
0.9152273
0.9145212
0.9032319
0.9070263
0.9083566
0.9028439
0.9107931
0.9201155
0.9046943
0.8965173
0.9011257
0.8907539
0.804622
0.859437
0.8467996
0.8623635
0.9030475
0.8194001
0.722551
0.7464942
0.7264134
0.7049751
0.7359126
0.6702783
0.7665778
0.7176334
0.7352616
0.7265147
0.8478132
0.6966889
0.7679085
0.7784292
0.7071492
0.7998921
0.6703522
0.6772231
0.6870815
0.8303931
0.6796385
0.841212
0.6777314
0.7202485
0.7704137
0.8417908
0.8084102
0.8159928
0.9127306
0.9050029
0.9085645
0.9123323
0.9130602
0.9048341
0.9066615
0.9073713
0.9061845
0.9129232
0.913081
0.898074
0.8980107
0.9061403
0.9182467
0.912695
0.9110077
0.9013846
0.9057322
0.9053514
0.9030062
0.910254
0.9165598
0.9017176
0.899658
0.9035049
0.8854665
0.8015152
0.8510865
0.8372991
0.8656801
0.9026039
0.8067285
0.7235594
0.7511384
0.7253138
0.7212472
0.7357056
0.685268
0.7726397
0.7207434
0.7421135
0.7236104
0.8439419
0.6930485
0.7706353
0.7789959
0.7126931
0.7993952
0.6752268
0.681286
0.6912407
0.8245614
0.7004969
0.8335888
0.6816207
0.7220214
0.7744745
0.8349821
0.8063522
0.8171638
0.9068857
0.9033696
0.90251
0.9054532
0.9070676
0.9015042
0.9024996
0.9028547
0.9011026
0.9100273
0.9075822
0.8935365
0.8937383
0.9020129
0.9146709
0.9093904
0.9098859
0.8941718
0.9027507
0.8977674
0.8986694
0.9055367
0.9119951
0.8976851
0.8932895
0.898415
0.8813427
0.7942548
0.8518389
0.8377782
0.8609021
0.8991699
0.8051962
0.8012501
0.802938
0.8076481
0.7996265
0.8099856
0.7832245
0.8212029
0.8014406
0.7991587
0.7998533
0.8509211
0.7785939
0.7957929
0.7956099
0.7910933
0.77095
0.7740945
0.7712974
0.7800045
0.7708272
0.7764991
0.7844967
0.7731579
0.7731251
0.7291483
0.8368556
0.8087437
0.8104341
0.8947489
0.8921025
0.8935502
0.8928212
0.8938356
0.8859945
0.8931733
0.8902866
0.8884536
0.8981807
0.8970988
0.8813707
0.8814625
0.8897981
0.9003114
0.8965175
0.8994901
0.8835121
0.888271
0.8887219
0.8891453
0.8928007
0.9026085
0.8835785
0.8811447
0.8865245
0.8770518
0.8109828
0.852095
0.8445248
0.8609915
0.8949247
0.812681
0.8046818
0.8071163
0.8118313
0.8113237
0.8189479
0.7867089
0.8200564
0.8028816
0.8039762
0.8055266
0.8562106
0.787788
0.7954467
0.7994695
0.7963915
0.7731436
0.7730849
0.774199
0.7819578
0.7763106
0.7796363
0.7877109
0.7754998
0.7794493
0.7257416
0.8384231
0.8105305
0.8144059
0.8981178
0.8971546
0.8975137
0.9003535
0.8989569
0.8894514
0.896295
0.8969426
0.8938624
0.9048193
0.9015182
0.8879687
0.8883632
0.8907673
0.9065631
0.8988951
0.8991383
0.8872026
0.8928199
0.8900994
0.8931078
0.8938049
0.9055308
0.884724
0.891476
0.8898541
0.8787488
0.8169418
0.8552693
0.8475276
0.8612673
0.8987553
0.8131669
0.8514613
0.8481572
0.8485858
0.8446693
0.8522381
0.8411929
0.8517047
0.8479965
0.8442802
0.850024
0.8555043
0.8391758
0.8311267
0.8334789
0.8459569
0.8407359
0.8334648
0.8355553
0.8472123
0.8533174
0.8396915
0.8511902
0.8350129
0.8344913
0.8362672
0.8620049
0.8444801
0.8386601
0.8848841
0.8800107
0.883805
0.8814303
0.8825273
0.8777043
0.8817937
0.8800392
0.8784622
0.8871334
0.8851328
0.8748506
0.8748893
0.8789093
0.890526
0.883893
0.8871234
0.8739358
0.8798749
0.8777474
0.8743785
0.884032
0.887901
0.8752705
0.8757537
0.8795138
0.8672483
0.8413505
0.8490095
0.868222
0.8683229
0.8837559
0.8360557
0.8524031
0.8489586
0.8490393
0.8460446
0.8550161
0.8442146
0.8542273
0.8472236
0.8466403
0.8511882
0.8579558
0.8411475
0.8317336
0.835432
0.8489133
0.8421028
0.8354026
0.8392165
0.848859
0.8553409
0.8438452
0.855146
0.8364848
0.8364585
0.8394297
0.8620392
0.8441267
0.8391205
0.8840394
0.8807075
0.8821767
0.8813799
0.8809924
0.8768585
0.8816934
0.8799412
0.8787663
0.8862972
0.8846846
0.8751601
0.8751988
0.8788145
0.8895537
0.8836925
0.8858568
0.8741482
0.8795812
0.8778027
0.8744401
0.8830029
0.889772
0.8755289
0.8743787
0.8788711
0.8679818
0.8417209
0.8520897
0.8703403
0.8689197
0.8868607
0.8394563
0.8499638
0.847642
0.8481918
0.8439776
0.8531135
0.8434348
0.8528595
0.8464167
0.8459325
0.8498003
0.8576197
0.840694
0.8313458
0.8356101
0.8465866
0.8415842
0.8347886
0.8371449
0.848026
0.8551456
0.8414522
0.853022
0.8345694
0.8350114
0.8383225
0.8612782
0.8443117
0.839185
0.8841825
0.8804928
0.8825609
0.8819617
0.8818706
0.8768307
0.8814828
0.8798732
0.8787446
0.8862016
0.8836492
0.874928
0.8749668
0.878348
0.8899965
0.8843221
0.8849839
0.8741122
0.8789685
0.8775303
0.8743061
0.882554
0.8893005
0.8747511
0.8739959
0.8778025
0.8681289
0.8409896
0.8503136
0.870445
0.8691097
0.8855628
0.838558