0.7978934
0.8014136
0.8058007
0.7693577
0.7483426
0.7590904
0.7587314
0.7479439
0.7457928
0.7569127
0.7469112
0.7460274
0.7466806
0.7394346
0.7526451
0.745809
0.7002774
0.7729297
0.7282462
0.8249456
0.6977656
0.7836028
0.6973919
0.714466
0.7099449
0.7845605
0.809053
0.8172803
0.7772252
0.780266
0.7837823
0.7160397
0.7816413
0.8637373
0.8258394
0.7719517
0.8970453
0.7841224
0.7758796
0.777618
0.7778938
0.7921883
0.7945337
0.7750091
0.8855905
0.7800447
0.7844213
0.778309
0.8086836
0.7721292
0.800398
0.7888336
0.7887499
0.7961267
0.7903004
0.7531673
0.8175293
0.8141109
0.8984164
0.8053791
0.7808973
0.8326471
0.8166913
0.8805349
0.7762364
0.773183
0.7736929
0.7742027
0.8425973
0.7767702
0.7761008
0.8030431
0.793332
0.7099129
0.8258077
0.7875215
0.7881427
0.7811291
0.8388782
0.7971579
0.8077454
0.7769357
0.8282047
0.7852721
0.8050115
0.7514847
0.7084
0.7604078
0.702391
0.7296219
0.8021041
0.7940876
0.7811858
0.7793498
0.7791624
0.7993192
0.7886887
0.7883774
0.7757386
0.795669
0.7993012
0.7976683
0.7981206
0.7662797
0.6347065
0.5602074
0.6544157
0.6325114
0.6277805
0.6271466
0.6259352
0.6349524
0.6359276
0.6239592
0.6456373
0.6360557
0.7514237
0.7713646
0.7960513
0.8277884
0.7866111
0.7824403
0.7445415
0.7608988
0.7583973
0.7792829
0.8059929
0.8126297
0.7795052
0.7730223
0.7838857
0.7623995
0.778861
0.8674346
0.8267477
0.7702882
0.897148
0.7756701
0.7781763
0.7759584
0.7829326
0.7857181
0.8011944
0.7768472
0.8907329
0.7808746
0.7866984
0.7827528
0.8131828
0.7773559
0.7962475
0.7871763
0.7952161
0.8010173
0.7917508
0.703419
0.8241937
0.813874
0.8960552
0.803876
0.7792081
0.8349081
0.815688
0.8856194
0.7771216
0.7749381
0.7753857
0.7752693
0.8480711
0.7783529
0.7743088
0.8102942
0.7973465
0.7522227
0.8288922
0.7992771
0.7947385
0.784723
0.8425445
0.8048905
0.8142525
0.7718107
0.8271486
0.7920694
0.8076864
0.8134227
0.7804641
0.8206527
0.7589017
0.7594132
0.7996171
0.785986
0.7852958
0.7755067
0.7707872
0.7927565
0.7831479
0.7758989
0.7805679
0.7976402
0.7943856
0.7987338
0.7988645
0.7638881
0.7378554
0.7543182
0.7624306
0.7372283
0.7423832
0.7464695
0.7455628
0.7363387
0.7365679
0.739552
0.7374793
0.7365998
0.6932834
0.7634594
0.7626203
0.8210806
0.7354556
0.772664
0.6888952
0.7015604
0.7061783
0.765694
0.8094369
0.8143425
0.7733212
0.7703602
0.7869164
0.6088075
0.7702602
0.8581195
0.8309336
0.7635522
0.8926055
0.7786432
0.7655361
0.7689758
0.7781478
0.7847241
0.7934371
0.7716544
0.8842979
0.7677676
0.7751209
0.7734693
0.8129322
0.7617788
0.7912924
0.7900337
0.7837695
0.7936067
0.7843615
0.7456209
0.8141264
0.8170471
0.9038324
0.8089347
0.770648
0.8280521
0.8174437
0.8793192
0.7712925
0.7682329
0.7693194
0.7711128
0.8478464
0.7697004
0.7693726
0.8018858
0.798332
0.6992831
0.8278779
0.7868894
0.7881396
0.7662353
0.8457533
0.7938081
0.8117362
0.773932
0.8297136
0.7768851
0.8103553
0.7833251
0.7432546
0.7950546
0.7018014
0.7152806
0.7972324
0.7856162
0.7706333
0.7645686
0.767515
0.7951117
0.7838631
0.7784976
0.7679689
0.7863748
0.8077681
0.8085476
0.8100259
0.780079
0.8050484
0.8086413
0.8089407
0.8038213
0.801217
0.800613
0.8000723
0.8035547
0.8047563
0.7985366
0.7953294
0.8001078
0.797568
0.7782636
0.8387555
0.8207359
0.8225457
0.7775126
0.8013085
0.8070765
0.8144265
0.7854002
0.7901401
0.8052807
0.7912252
0.7862504
0.795999
0.7978674
0.7868543
0.8423488
0.8301949
0.7795316
0.8874908
0.791998
0.7792893
0.7853369
0.7908791
0.7964341
0.8113564
0.7875528
0.8995089
0.7762724
0.8040564
0.7933529
0.8150236
0.7813803
0.8064908
0.7912063
0.7895287
0.801293
0.7965881
0.8013446
0.8256499
0.8149075
0.9157123
0.8222392
0.7867331
0.8490243
0.8270361
0.8712495
0.7691864
0.7682966
0.7678457
0.7642922
0.8574328
0.7876416
0.7781178
0.7951491
0.8079805
0.81188
0.8397992
0.8114137
0.7882173
0.7813786
0.8753814
0.8090258
0.8131618
0.8257505
0.7974599
0.8041386
0.818857
0.8509061
0.8301592
0.8542308
0.8124315
0.7993796
0.7717686
0.8024424
0.782508
0.7884639
0.7760067
0.8039064
0.7974568
0.7949409
0.774656
0.784074
0.8275344
0.8309965
0.8285074
0.8044459
0.8138192
0.8199228
0.8199634
0.8122152
0.8133823
0.81194
0.8132326
0.8148129
0.8159278
0.8089513
0.8113611
0.8083212
0.8121116
0.8044617
0.8290703
0.8370356
0.8114073
0.8091857
0.8025825
0.8051328
0.8096153
0.8279541
0.823821
0.8316435
0.8211921
0.8174034
0.828161
0.8163679
0.8214647
0.8798318
0.8435238
0.8096396
0.9106761
0.8213965
0.8116461
0.8154151
0.8150825
0.8226503
0.8161161
0.8140623
0.8905429
0.8151449
0.8200916
0.8127797
0.8264557
0.8121099
0.8287478
0.8233099
0.8070846
0.8233631
0.8205944
0.8196141
0.8158478
0.7899027
0.867257
0.7267518
0.8123621
0.8436735
0.7228329
0.9001881
0.8093774
0.8106605
0.8103113
0.8139384
0.8551189
0.806585
0.8047337
0.8109699
0.7168522
0.8123569
0.8254936
0.8055092
0.8146502
0.8193858
0.8545965
0.8033989
0.6338905
0.8300285
0.8436239
0.8283859
0.6912036
0.83696
0.8183216
0.8416329
0.8127787
0.8127099
0.8132787
0.824207
0.8276206
0.8192472
0.8193377
0.8307253
0.8209445
0.8185537
0.8237157
0.8230822
0.7994717
0.7973974
0.800757
0.764757
0.070939
0.6322146
0.6146975
0.0893888
0.6143213
0.5966334
0.6139074
0.1855695
0.1791347
0.6041011
0.6324659
0.6086275
0.7455513
0.770629
0.7969347
0.8237744
0.7789973
0.7825962
0.7360974
0.744114
0.7579891
0.7801362
0.8077707
0.8152837
0.7812518
0.7737611
0.7899441
0.7537506
0.7685865
0.864729
0.8265022
0.7647059
0.8931744
0.779435
0.7806462
0.769394
0.7810173
0.7884737
0.8006218
0.7800348
0.8871376
0.7750041
0.7833586
0.7827023
0.8113549
0.7729927
0.8022963
0.7902069
0.7857331
0.7968829
0.7893075
0.6981617
0.817142
0.8139535
0.8965688
0.8076923
0.7769961
0.8370526
0.8180005
0.8835197
0.7772184
0.7752512
0.7770321
0.7762848
0.8445693
0.7783768
0.7683955
0.8096812
0.7958929
0.7538114
0.8299457
0.7896031
0.7862473
0.7768194
0.8442165
0.7991092
0.8097258
0.7737637
0.8339266
0.7895431
0.8085592
0.8102644
0.7827172
0.8224115
0.7452679
0.761476
0.8048527
0.7901864
0.781812
0.7800169
0.7706854
0.7937971
0.7814028
0.7828196
0.7716932
0.7891895
0.7838421
0.7922275
0.7922559
0.6885321
0.7655714
0.7673609
0.7725667
0.7653768
0.7666059
0.7697124
0.7685931
0.7662006
0.7671352
0.7590834
0.7652546
0.7598054
0.7630282
0.692048
0.809857
0.8115779
0.7966282
0.7234495
0.7698049
0.778114
0.7775384
0.7045396
0.7910179
0.8011634
0.7079375
0.699638
0.7204774
0.7718633
0.6945325
0.8583268
0.8166817
0.6732411
0.8934608
0.7033065
0.7591284
0.7589597
0.7684264
0.7767269
0.7910099
0.7674589
0.8863914
0.7622565
0.7740985
0.7662177
0.7948518
0.7598531
0.7886262
0.776151
0.7742482
0.7864788
0.7773537
0.7737324
0.8070629
0.7918875
0.8921498
0.8026021
0.6883609
0.8376538
0.7988962
0.8813299
0.6894414
0.6842416
0.6820634
0.6817883
0.8397242
0.676586
0.6752628
0.7882034
0.7806768
0.7792579
0.8204604
0.7866297
0.7749515
0.706166
0.8575282
0.7853699
0.7902857
0.8025169
0.8032094
0.710299
0.7902804
0.8257633
0.7972024
0.8295724
0.7776005
0.7684186
0.7640928
0.7335731
0.711586
0.7061699
0.7081922
0.7475496
0.7290589
0.7265233
0.704142
0.7426412
0.8550978
0.8555198
0.8573979
0.8529642
0.8511203
0.8508915
0.849269
0.849503
0.8501484
0.8477499
0.8464321
0.849264
0.8489148
0.8477489
0.851418
0.8473597
0.8535999
0.8490704
0.85557
0.8590538
0.8516038
0.8495251
0.8487936
0.8509263
0.8509445
0.8564311
0.8479727
0.8488271
0.8548169
0.8485871
0.8610181
0.8515452
0.8555712
0.9052017
0.8644726
0.8484209
0.9240385
0.8523315
0.8444392
0.8380014
0.846284
0.8445363
0.8445964
0.8436299
0.889856
0.8454533
0.8519933
0.8438399
0.8482986
0.8486213
0.8500665
0.8521178
0.8442883
0.8508795
0.8482006
0.8513856
0.8505077
0.8166035
0.8846202
0.8464314
0.8507937
0.8639815
0.8428968
0.9098605
0.8483009
0.8488771
0.8475667
0.8471594
0.8649941
0.8493097
0.8462937
0.8390019
0.8379632
0.8559627
0.8517507
0.8480272
0.8460078
0.8535838
0.8750207
0.8554314
0.8363863
0.8583041
0.8569802
0.8616275
0.8376441
0.8618995
0.8519808
0.8638129
0.8487092
0.8495621
0.8466307
0.8587453
0.8539033
0.8502196
0.8537234
0.8587536
0.8507591
0.8528652
0.8552251
0.8512786
0.8341854
0.8369514
0.8387721
0.8224852
0.8343797
0.8324549
0.8373625
0.8331202
0.8279913
0.8322137
0.8322823
0.836408
0.8356718
0.8298276
0.8273055
0.8289931
0.8259317
0.8227848
0.8590727
0.8465929
0.850365
0.8215415
0.8289844
0.8354994
0.8418367
0.8192097
0.8330441
0.8357586
0.8229576
0.8208981
0.8300639
0.8298075
0.8178521
0.8418709
0.8487929
0.8170405
0.8783621
0.8254084
0.8201389
0.8188013
0.8262823
0.8306986
0.8448632
0.8244048
0.9073402
0.8150825
0.833209
0.8245157
0.845995
0.8184804
0.8333333
0.8213914
0.8285147
0.8383389
0.8276394
0.8288629
0.8572691
0.8523101
0.9315032
0.8562602
0.8232895
0.870914
0.8581175
0.8764371
0.8122855
0.8171699
0.8137564
0.8126398
0.8748832
0.8199921
0.8183996
0.8291197
0.8406497
0.8311585
0.8647318
0.8408176
0.8268579
0.8261115
0.8836177
0.8378598
0.8524666
0.8464361
0.8366312
0.8314797
0.8523092
0.8677733
0.8500494
0.8687079
0.8390515
0.8334589
0.8244569
0.8303902
0.8253063
0.8216803
0.8187209
0.8390472
0.8335522
0.8266637
0.8179159
0.8153958
0.7960248
0.8071279
0.8100153
0.7776041
0.7492017
0.756812
0.7567189
0.7467723
0.7475196
0.750946
0.7570012
0.7492166
0.7488495
0.747141
0.7478871
0.7513152
0.6536812
0.7768402
0.7555711
0.8221111
0.7296849
0.7863573
0.6151368
0.6009212
0.6507078
0.7804218
0.8049653
0.8093334
0.7811038
0.7753841
0.7846767
0.714554
0.7781901
0.8702511
0.8227306
0.7671595
0.8974248
0.7762404
0.7799409
0.7795185
0.7874411
0.7921845
0.7928757
0.7818695
0.8855629
0.7785744
0.7900471
0.78731
0.8087365
0.773318
0.7988865
0.7926046
0.7950288
0.7938231
0.7939062
0.7487981
0.8117447
0.8137842
0.8954409
0.8041759
0.7764169
0.8316776
0.8116778
0.8867246
0.7790808
0.7800345
0.7766551
0.7826619
0.8405963
0.7768869
0.7713565
0.8093804
0.7953958
0.6307012
0.818892
0.7922835
0.7859815
0.7803824
0.8388282
0.7986614
0.8059392
0.7749315
0.8227676
0.7820168
0.8048671
0.7747972
0.7408131
0.7878348
0.6267216
0.6924396
0.7949384
0.7919399
0.7815827
0.7819047
0.7776715
0.7998634
0.7842799
0.7879607
0.7807959
0.7928911
0.805226
0.8096863
0.8110424
0.7806613
0.7408233
0.7520327
0.7550867
0.739256
0.7480586
0.7428587
0.7421819
0.7437175
0.7425872
0.7495345
0.7444856
0.7447768
0.6369069
0.7823737
0.7530555
0.8239891
0.7264807
0.7885033
0.5638491
0.4868035
0.6399583
0.7845022
0.8092867
0.8183505
0.786429
0.7856435
0.7903331
0.7084857
0.7851726
0.8681915
0.8274377
0.7722778
0.8920014
0.7867896
0.7807073
0.7807307
0.7866789
0.7957241
0.799563
0.7851628
0.8881538
0.7721117
0.7904667
0.7832039
0.8143051
0.7719829
0.8025593
0.7935523
0.7872122
0.7993529
0.7926652
0.7449543
0.8186678
0.820205
0.8998469
0.808104
0.7795389
0.8335513
0.8187112
0.8860909
0.7829933
0.7798267
0.7786986
0.7827871
0.84725
0.7842019
0.7780683
0.8108626
0.7973116
0.6088437
0.8218293
0.7975229
0.7920429
0.7771308
0.8365162
0.7951398
0.8084753
0.779879
0.830001
0.7919996
0.8077151
0.7783776
0.7428162
0.7901532
0.6059992
0.6881259
0.8060102
0.7941583
0.7817754
0.7847495
0.7835466
0.8008908
0.7887702
0.7894425
0.7878889
0.7981105
0.8296022
0.8266814
0.8268797
0.8273782
0.8370649
0.8380678
0.8399846
0.8360972
0.8395104
0.8419816
0.838986
0.8360995
0.837113
0.8326557
0.8378511
0.8365234
0.8341501
0.8323635
0.8436425
0.8387664
0.8385073
0.8370143
0.8333964
0.8348408
0.8384006
0.8363517
0.8372668
0.8410624
0.8359849
0.8368418
0.837881
0.8403758
0.8341828
0.8965403
0.8445086
0.8320793
0.9153843
0.8338685
0.817835
0.8148908
0.8253968
0.8225406
0.8224561
0.8254187
0.8823076
0.8213242
0.8325757
0.8182468
0.8258649
0.8215297
0.8305732
0.8230097
0.8237343
0.8318057
0.8244411
0.8338204
0.8474285
0.838629
0.8853452
0.8409589
0.8327164
0.8580347
0.8423024
0.9039495
0.8296033
0.829758
0.828306
0.8290642
0.8397919
0.8281305
0.8341711
0.8373278
0.8415939
0.8395469
0.8531774
0.8411978
0.815884
0.8319651
0.8696925
0.8385634
0.8345865
0.8498973
0.8513685
0.8391351
0.8367697
0.8503324
0.8399491
0.8546866
0.8344491
0.8393091
0.8356578
0.8387792
0.8333082
0.8358969
0.8380379
0.8401807
0.835697
0.8364069
0.8350663
0.8314764
0.7938057
0.7951971
0.7964372
0.6852429
0.7758591
0.770707
0.7794869
0.7755993
0.7681735
0.7678258
0.7695245
0.7751132
0.7761307
0.7607604
0.7674919
0.766131
0.7718596
0.6863287
0.815702
0.8166792
0.7977191
0.7266541
0.7705628
0.7810581
0.7791222
0.7047718
0.7949963
0.8085142
0.7158742
0.6973676
0.7238264
0.7731452
0.6938296
0.8582401
0.8188514
0.6677839
0.8950036
0.7158432
0.76463
0.7671017
0.775102
0.781333
0.7964993
0.7753025
0.8911111
0.7742554
0.7794536
0.7752904
0.7974613
0.7589699
0.7956189
0.7847791
0.7778156
0.7939133
0.7836384
0.7746164
0.8106173
0.804269
0.9023484
0.8042498
0.6989093
0.831716
0.8121228
0.8838796
0.6907549
0.6885603
0.6867271
0.6917348
0.8440129
0.6862886
0.642657
0.7928261
0.7853224
0.7788284
0.8181959
0.7959705
0.7784912
0.7003453
0.8591085
0.7875531
0.8037975
0.8120867
0.8116589
0.7128292
0.8039674
0.8296726
0.8053338
0.8380207
0.7784221
0.7676648
0.775413
0.7340256
0.7140121
0.7056676
0.708544
0.7490069
0.7228983
0.7174693
0.7050534
0.7525209
0.7894617
0.7943787
0.7967185
0.6789463
0.7753577
0.7701816
0.7765056
0.7741653
0.7691668
0.7670685
0.769498
0.7759655
0.7756305
0.7598799
0.7644156
0.7664596
0.7694777
0.6847151
0.8139231
0.8131707
0.7977323
0.7248615
0.7684994
0.7821788
0.7782237
0.6992241
0.7954095
0.8030337
0.7136337
0.699155
0.7201934
0.7755504
0.6853636
0.8573212
0.8208365
0.6655879
0.8933841
0.7123692
0.7640754
0.7662725
0.777948
0.7794134
0.7951233
0.7731408
0.8909066
0.7716706
0.7804608
0.7753566
0.7974065
0.7576762
0.7905813
0.7818141
0.7785174
0.7893309
0.7802713
0.7729449
0.8126993
0.8022366
0.9033814
0.8020934
0.6983138
0.8308884
0.8086124
0.8823412
0.6886449
0.687388
0.6849315
0.6902332
0.8438937
0.6805996
0.6423227
0.7919089
0.78638
0.7822222
0.8193208
0.7933464
0.7775154
0.6949754
0.8557078
0.7857816
0.8028334
0.8157314
0.81242
0.7076108
0.8026977
0.8280619
0.8018539
0.8356352
0.7811709
0.7702615
0.7755662
0.7282811
0.7106041
0.7031119
0.7012203
0.7435057
0.723155
0.7172209
0.7010629
0.7514983
0.788129
0.7917513
0.7934698
0.7961847
0.8036644
0.8067946
0.8068707
0.8032608
0.8033495
0.8075765
0.8089983
0.8027766
0.8042144
0.8018823
0.7976743
0.8091134
0.8023334
0.805051
0.8280161
0.8146844
0.8231178
0.7986304
0.8065777
0.8104493
0.8112448
0.8032912
0.8188141
0.8223777
0.8031736
0.795661
0.8033097
0.8081973
0.7952985
0.8617978
0.8183292
0.7939598
0.8911908
0.7957881
0.7842038
0.7837012
0.7931423
0.7851971
0.8016876
0.7868347
0.8883786
0.7807059
0.7866575
0.7903944
0.8148579
0.7826789
0.8027842
0.7940878
0.7965971
0.8052758
0.7969648
0.8050892
0.8394244
0.8357807
0.9093807
0.8326102
0.8002526
0.8542725
0.835429
0.8847899
0.7967054
0.7977386
0.7973062
0.7996583
0.8393409
0.8009486
0.7960221
0.8214249
0.8154108
0.8093153
0.842336
0.822791
0.7880463
0.7955634
0.861013
0.8159458
0.8337804
0.8202131
0.8306818
0.8149942
0.8247165
0.8367604
0.8189087
0.845659
0.8119496
0.8036803
0.806428
0.8112571
0.8044302
0.8000759
0.7984086
0.8132086
0.8025134
0.8057296
0.7967042
0.8059437
0.784036
0.7925796
0.791859
0.6875863
0.7740123
0.7688731
0.7754345
0.77183
0.7697334
0.7681514
0.771305
0.7722061
0.7739282
0.7644373
0.761492
0.7647896
0.7663942
0.6934235
0.8145963
0.8132388
0.8007441
0.7175127
0.7738526
0.7820534
0.7830418
0.7084135
0.7908209
0.8
0.711379
0.6929796
0.7253954
0.7725912
0.6988614
0.8584667
0.8190218
0.678373
0.8939794
0.7042677
0.7583113
0.7599557
0.7728197
0.7784168
0.7909512
0.7692786
0.888084
0.7629707
0.7760417
0.7681716
0.7953405
0.754464
0.7895418
0.780812
0.7719825
0.788564
0.7800288
0.7758369
0.8090054
0.7958552
0.8935723
0.8007177
0.6868157
0.8385467
0.796403
0.8819586
0.6889325
0.6876889
0.6887108
0.6856767
0.8457694
0.6757697
0.6710806
0.7905783
0.7815398
0.7803495
0.8205457
0.7899196
0.7788928
0.7083065
0.8555464
0.7894852
0.7914388
0.8044906
0.8036015
0.7098846
0.7923333
0.8258618
0.803544
0.8352224
0.7804266
0.7658157
0.7692698
0.7285004
0.7119054
0.7066387
0.7140535
0.7478725
0.7223154
0.7241014
0.7088262
0.7417186
0.7964066
0.8040467
0.8066247
0.7875168
0.804878
0.8012693
0.8043512
0.8029683
0.7989145
0.7991583
0.7988419
0.8041717
0.804555
0.7967714
0.7929268
0.7948279
0.7906082
0.7895967
0.8229067
0.8177837
0.8174011
0.790074
0.7981481
0.8058446
0.8042626
0.7935841
0.8068645
0.8081518
0.7959487
0.7898607
0.8039835
0.7972803
0.7986544
0.8656593
0.8235005
0.7889262
0.8956418
0.7955607
0.7817649
0.7759991
0.7875317
0.7853537
0.8021194
0.7782121
0.8809778
0.7860098
0.7968684
0.7833178
0.7988755
0.7794303
0.7979052
0.7832904
0.7879481
0.8001489
0.79235
0.7968625
0.8223303
0.8061842
0.8945446
0.8151066
0.7975953
0.8434114
0.8086784
0.8827035
0.7830453
0.7893854
0.7871076
0.7857744
0.8433813
0.7862303
0.7847035
0.8076032
0.8061121
0.8023577
0.8280122
0.8111288
0.7996881
0.7955326
0.862532
0.8126748
0.7999177
0.8182943
0.8172837
0.8100484
0.8089229
0.8365394
0.8163116
0.8460858
0.8119041
0.7966354
0.7896643
0.8049861
0.7973781
0.7963987
0.7954277
0.8096017
0.80677
0.803446
0.7897162
0.8013795
0.8456431
0.8496719
0.8498595
0.8227217
0.8392456
0.8406318
0.840535
0.8369816
0.8400866
0.8428839
0.8398296
0.8374073
0.839601
0.8366013
0.8396483
0.8375192
0.8427135
0.8244551
0.860059
0.8562321
0.8508806
0.8301388
0.8342131
0.8442158
0.8415511
0.8405448
0.8367368
0.8420487
0.8268859
0.8340515
0.8392741
0.841075
0.8399189
0.8653611
0.850814
0.8335551
0.8950336
0.8387835
0.8295867
0.8289267
0.8345526
0.8327254
0.8413205
0.8309174
0.9076759
0.8312608
0.8403489
0.8344624
0.8477686
0.8302463
0.8391083
0.8361279
0.83424
0.8450601
0.8432256
0.8453992
0.8581869
0.831044
0.9073305
0.8471976
0.8333426
0.8674739
0.8491568
0.8972535
0.8284507
0.8292045
0.8288579
0.8305321
0.8758357
0.8325267
0.8258879
0.837651
0.8348876
0.8388505
0.8657927
0.8428543
0.8384762
0.8423794
0.8849885
0.8394969
0.8412083
0.8551317
0.8493304
0.8463334
0.8379639
0.8649613
0.8491127
0.8707086
0.8414993
0.8431022
0.823045
0.8395437
0.8339808
0.8375571
0.8356532
0.8430763
0.8416176
0.8396638
0.8303142
0.8371097
0.811646
0.8157468
0.8156831
0.7743063
0.8019043
0.8059037
0.8084267
0.8004865
0.8017241
0.7978321
0.7974135
0.8024219
0.8011255
0.7941754
0.8006159
0.8000521
0.798216
0.775414
0.8403238
0.8309466
0.829849
0.7743622
0.8070664
0.8087755
0.8184238
0.787234
0.7906208
0.8074434
0.7867276
0.7769071
0.7942722
0.8030255
0.7827373
0.839886
0.8396933
0.7738851
0.8860458
0.7904659
0.7817816
0.7901694
0.7982576
0.79675
0.8179644
0.7948319
0.9067483
0.7862398
0.8097325
0.7952091
0.8159112
0.7885309
0.8200307
0.7956412
0.792686
0.8130245
0.8002934
0.8024029
0.8288907
0.8145929
0.9215809
0.826835
0.7804777
0.8525688
0.827866
0.8807217
0.7656173
0.7679248
0.763612
0.7674582
0.8607616
0.7811106
0.7810178
0.7878135
0.805494
0.8100492
0.8422207
0.8134743
0.7969739
0.7778932
0.8808282
0.8145695
0.8193533
0.8324385
0.7848693
0.8049052
0.8190373
0.8524654
0.8332561
0.8583715
0.8164462
0.8018245
0.7632998
0.7980296
0.7805045
0.7847156
0.7820963
0.8053401
0.7938891
0.7953864
0.7733183
0.7848649
0.7931894
0.7938817
0.7947673
0.6855926
0.7712057
0.7764879
0.7816897
0.7719977
0.7638124
0.7734326
0.7669037
0.7720872
0.7710528
0.7664056
0.7748609
0.7691773
0.768069
0.6918416
0.8121817
0.8161977
0.8062321
0.7366971
0.769817
0.7851584
0.7854848
0.6958204
0.7932899
0.8125236
0.6932142
0.7077574
0.7118444
0.7760581
0.682725
0.8553379
0.8202312
0.680569
0.8890596
0.7088252
0.7666172
0.7626925
0.775
0.7795337
0.7989798
0.7735713
0.8915609
0.7632436
0.7865219
0.7738345
0.8065425
0.7635873
0.7891167
0.7763295
0.7881133
0.7884778
0.7848526
0.7733976
0.8281952
0.8296195
0.9109304
0.8178144
0.6993132
0.8321525
0.8284377
0.8772273
0.6918794
0.6935246
0.6926776
0.6938409
0.8446682
0.6958394
0.6812597
0.7999439
0.8079151
0.7847187
0.8287572
0.8039619
0.7789209
0.6909951
0.8568648
0.7951433
0.821806
0.8085207
0.8135478
0.7013842
0.8187631
0.8331104
0.8059872
0.8421363
0.7815154
0.7759372
0.7853551
0.7261331
0.6997862
0.7002131
0.6958543
0.7389812
0.7176887
0.725832
0.6984025
0.7442702
0.8054045
0.8052329
0.808505
0.7671796
0.7877812
0.7928956
0.7957643
0.7866164
0.7886601
0.7893646
0.7889087
0.7854101
0.7845177
0.7806387
0.7822364
0.7864433
0.782343
0.7693831
0.8236046
0.8225232
0.8158924
0.7799613
0.7823129
0.7896946
0.8009363
0.7795448
0.7954789
0.8071101
0.7875692
0.7799503
0.7879975
0.7885272
0.7806664
0.8558959
0.8273726
0.7700813
0.887935
0.7817703
0.7731515
0.7772418
0.7909719
0.7894007
0.8063538
0.7790922
0.8937384
0.7786008
0.7963114
0.7861996
0.807182
0.780285
0.8066402
0.7937484
0.7923715
0.8030711
0.792129
0.7917376
0.8151573
0.8090303
0.9065763
0.8129179
0.7777004
0.8364975
0.815055
0.878007
0.7742273
0.7699871
0.7687123
0.7728362
0.8476236
0.7757835
0.7679001
0.7975859
0.7959528
0.7903462
0.8293479
0.8004115
0.7912697
0.774894
0.8615746
0.790299
0.8062175
0.8117683
0.8155691
0.7954205
0.8123301
0.8363908
0.8157815
0.8456908
0.7961561
0.7858879
0.7849366
0.7983871
0.7817381
0.7720609
0.7646011
0.8016064
0.7892437
0.7890621
0.7697287
0.7868945
0.8212111
0.8289225
0.8315931
0.8069569
0.7979454
0.7971341
0.8012208
0.795378
0.7990382
0.7981256
0.7997656
0.7982395
0.797634
0.7937503
0.7967392
0.7986393
0.770659
0.811167
0.7104762
0.8394671
0.7078583
0.8165191
0.7498343
0.7595052
0.7623893
0.8202507
0.8240709
0.8321447
0.8165793
0.8168511
0.8190637
0.7745357
0.8184722
0.8937157
0.8448633
0.8073524
0.9127375
0.8192703
0.8155258
0.8167575
0.8124033
0.81919
0.8214555
0.813995
0.8861954
0.8146322
0.8172669
0.8146367
0.8275763
0.8140689
0.8234883
0.8216667
0.8202274
0.8245997
0.8199336
0.8016329
0.8376037
0.8320324
0.8853416
0.8252585
0.8170195
0.8498596
0.8315775
0.9003081
0.8120027
0.8143526
0.8150055
0.8151038
0.8498483
0.8135995
0.8110885
0.8313774
0.820137
0.7617214
0.837049
0.815402
0.8225665
0.8157731
0.8458924
0.8277451
0.822049
0.808862
0.8467031
0.8180676
0.8248598
0.7428668
0.7039837
0.7454185
0.7501033
0.7725018
0.8283212
0.8220398
0.8174831
0.8182793
0.8201326
0.8225102
0.8194571
0.8200091
0.8187829
0.8240835
0.7979094
0.7972872
0.7972966
0.7573516
0.7468976
0.7610876
0.7573925
0.7433648
0.7449691
0.7451833
0.7482763
0.7466351
0.7439783
0.7355744
0.7436667
0.7426766
0.69274
0.760816
0.7644935
0.8223319
0.7426929
0.7687119
0.6896532
0.7008605
0.7116088
0.7687794
0.8091256
0.8117418
0.7700365
0.7679239
0.7819219
0.5896256
0.7679008
0.8628046
0.8315943
0.7569436
0.8936718
0.7723029
0.7591269
0.7641196
0.7797718
0.7878562
0.7937695
0.7687618
0.8902946
0.7617724
0.7706534
0.7761434
0.8109951
0.7644294
0.7935162
0.7825649
0.7814914
0.7876042
0.7866113
0.7449527
0.817407
0.8149304
0.9085498
0.8037655
0.7621396
0.8321267
0.8158867
0.8846081
0.7686554
0.7635679
0.7646056
0.7684642
0.8473831
0.7630981
0.7648787
0.8069653
0.7922654
0.6983803
0.8253883
0.7945234
0.7854595
0.7632103
0.8421275
0.7909357
0.8109028
0.7729527
0.8236061
0.7830152
0.8048491
0.7861338
0.749457
0.79827
0.6995131
0.7081326
0.7961119
0.7841582
0.764798
0.7634807
0.7655009
0.7971388
0.7791328
0.7761991
0.7663364
0.7856658
0.796553
0.7989534
0.7982536
0.7570231
0.748089
0.7563452
0.75073
0.7463401
0.7434639
0.7495508
0.7486251
0.7498599
0.744688
0.7419762
0.7401893
0.7405176
0.6978246
0.7611338
0.7618336
0.8219074
0.7451635
0.7719783
0.6929558
0.7056858
0.7184152
0.7669993
0.8098454
0.8128826
0.768902
0.7682189
0.7814065
0.5892857
0.7678374
0.8620873
0.8305119
0.7565433
0.895149
0.7715929
0.7604004
0.7669972
0.7753647
0.7883285
0.795023
0.7707516
0.8906702
0.7647417
0.7709932
0.7782808
0.8093991
0.7633
0.7902985
0.7832426
0.783612
0.7927085
0.7861899
0.7474455
0.8177091
0.8120405
0.9055931
0.8046585
0.762816
0.8331719
0.8163749
0.885876
0.7698085
0.7668421
0.7684487
0.7695497
0.8473729
0.7651291
0.7692218
0.8048701
0.7929745
0.7061746
0.8230814
0.7936565
0.7847009
0.7699861
0.840015
0.7920808
0.80825
0.7717838
0.8258871
0.7845433
0.8086274
0.7845143
0.7476581
0.797847
0.7056217
0.71148
0.7992853
0.7845288
0.764529
0.7633583
0.7691537
0.799105
0.7789729
0.7788146
0.7667117
0.7923755
0.7959535
0.7977872
0.7965711
0.7562771
0.7436377
0.7556366
0.7507618
0.7406502
0.7436045
0.7444048
0.7453244
0.7469247
0.7410542
0.7381131
0.7364319
0.7376604
0.6913181
0.7564715
0.7633852
0.8205639
0.7432274
0.769208
0.6882441
0.700988
0.7099123
0.7651697
0.8052052
0.8120067
0.7675946
0.7674745
0.7802644
0.5823492
0.7657236
0.8601357
0.8274644
0.7535784
0.8930351
0.7687406
0.7588137
0.7658761
0.7741883
0.7867808
0.795876
0.7712729
0.889772
0.7609144
0.770439
0.776736
0.8068056
0.761557
0.7919373
0.7818694
0.7814399
0.7871923
0.7856766
0.7409255
0.8129003
0.8102366
0.9062712
0.804802
0.7603583
0.8302448
0.8139854
0.8839163
0.7645157
0.7625929
0.7653085
0.7672175
0.8460991
0.7606087
0.7645638
0.8009166
0.7917903
0.7008567
0.8234717
0.7913725
0.783967
0.7669477
0.8405661
0.7887509
0.8059654
0.7729484
0.8260775
0.7807072
0.8066381
0.7851173
0.747674
0.7974179
0.6994132
0.7076706
0.7965171
0.7828158
0.7626892
0.764958
0.7675288
0.799693
0.7780358
0.7799546
0.7632452
0.7902888
0.8276901
0.8354173
0.8335422
0.7999867
0.8226083
0.8182153
0.8218095
0.820923
0.8149304
0.8164596
0.8163291
0.8224054
0.8220209
0.8117544
0.8127289
0.8164248
0.8106763
0.8037525
0.8605788
0.8396986
0.8439057
0.7974794
0.8163974
0.8221562
0.8295584
0.8040682
0.8214458
0.8292146
0.8036894
0.7939084
0.8074953
0.8152353
0.803629
0.8165338
0.8498019
0.7965898
0.8644229
0.7996858
0.7993517
0.8011522
0.8136415
0.8175886
0.8405424
0.8051995
0.9117166
0.8012295
0.8205175
0.8151256
0.8476748
0.800745
0.8245674
0.8139673
0.8176048
0.8325866
0.8163853
0.8180407
0.8584477
0.8491764
0.9402695
0.8497444
0.7949844
0.871626
0.8572467
0.8520397
0.7993236
0.7958531
0.7952483
0.7961703
0.872934
0.8019555
0.7988292
0.8151187
0.8317477
0.8205284
0.8657664
0.8361527
0.8194201
0.8001719
0.8890138
0.825743
0.8507888
0.8468796
0.8241329
0.8167665
0.8494048
0.8691155
0.8483817
0.8717881
0.8274512
0.8127848
0.7980597
0.8130446
0.7992536
0.8013676
0.7934739
0.8241636
0.8051108
0.8081268
0.7941018
0.8022939
0.8199731
0.8212054
0.8207095
0.8017251
0.8135922
0.8151018
0.8135771
0.8123818
0.8145889
0.813222
0.815521
0.8129357
0.8137692
0.8113197
0.8086971
0.8071734
0.8006757
0.8040882
0.836567
0.8368346
0.8284208
0.800724
0.8045983
0.8120293
0.8169537
0.8083803
0.8225914
0.8242505
0.8068677
0.8023068
0.8140777
0.8072188
0.809466
0.8562497
0.8378153
0.8002128
0.8894591
0.8097981
0.7987361
0.8029305
0.8038821
0.8137159
0.82602
0.8033302
0.8960306
0.8023674
0.8087103
0.8097381
0.8249503
0.7978673
0.816546
0.8075431
0.8048314
0.8236797
0.8106356
0.8129107
0.8296159
0.8144905
0.9034329
0.8258792
0.8019415
0.8453394
0.828245
0.8841693
0.7980737
0.7981147
0.795443
0.7984505
0.8567407
0.8011758
0.7990691
0.7940939
0.8083842
0.8133939
0.8379689
0.8156949
0.8114277
0.8051342
0.8635396
0.8156717
0.8150105
0.827499
0.8291543
0.8201834
0.8205257
0.8474059
0.8263719
0.8513583
0.81302
0.8110621
0.8079895
0.8108833
0.8089147
0.8025309
0.8049564
0.8222609
0.8085291
0.815771
0.7947514
0.8126121
0.8182419
0.8228028
0.8250995
0.7989322
0.7986857
0.8025243
0.7997183
0.7986539
0.7953235
0.7991239
0.8028176
0.8009873
0.8008642
0.7955449
0.7969965
0.7914316
0.7996785
0.7929082
0.8203895
0.8368288
0.8048423
0.7979882
0.7992866
0.7975457
0.8074804
0.8083586
0.8199302
0.8264765
0.8079062
0.802142
0.8198169
0.7993789
0.8009817
0.8750127
0.8381283
0.7971158
0.9042424
0.8104533
0.7993332
0.7986605
0.8052152
0.8156292
0.825348
0.8024923
0.8909915
0.8006544
0.8045386
0.8061559
0.8232789
0.796125
0.8219497
0.8166128
0.8015889
0.8130236
0.8075504
0.8068479
0.8128314
0.8066659
0.8715162
0.798455
0.802897
0.8370298
0.8001882
0.9006357
0.7951456
0.7957114
0.7952778
0.7974328
0.8526546
0.7982227
0.7933263
0.8112186
0.7896028
0.8077834
0.7990535
0.7737497
0.8127453
0.8068009
0.8473382
0.7881622
0.789192
0.8189177
0.8366301
0.8142347
0.7959542
0.8373564
0.8104909
0.8405548
0.8075582
0.8017445
0.8121717
0.8201954
0.8139273
0.8054584
0.8121501
0.8223487
0.8158603
0.8171138
0.8080171
0.8161714
0.8262995
0.8289505
0.8305021
0.8174241
0.8088504
0.811499
0.8179385
0.805837
0.8109289
0.8130783
0.8130914
0.8094552
0.8093567
0.8035443
0.8104671
0.8087253
0.808744
0.820251
0.8262102
0.8460606
0.8114382
0.8238759
0.8026509
0.8043119
0.8118432
0.8165686
0.8351858
0.840304
0.8226915
0.8239857
0.8231935
0.8053106
0.8183177
0.8891262
0.8423458
0.8176668
0.9102998
0.8215415
0.8185763
0.8132754
0.8214518
0.8242438
0.8228391
0.8159246
0.8906441
0.8136411
0.8244039
0.8179156
0.8390349
0.8073112
0.8281264
0.820719
0.8282388
0.8212528
0.8255851
0.8093391
0.8363903
0.8427982
0.8947325
0.8244392
0.8268381
0.8478873
0.8312092
0.8956316
0.8171758
0.8175435
0.8168081
0.8202213
0.8583542
0.8176754
0.8210463
0.8357021
0.8218575
0.8080644
0.8339836
0.8115989
0.8211846
0.8156472
0.7906832
0.820168
0.8288973
0.8187686
0.8522981
0.821257
0.8301947
0.8371547
0.8130078
0.8415052
0.8090471
0.8105304
0.8343138
0.8276843
0.8198189
0.8190077
0.8203977
0.8315046
0.8214617
0.8270505
0.8195674
0.8316538
0.8359788
0.8396916
0.8415165
0.820014
0.8367059
0.8389801
0.8410985
0.8357524
0.8426704
0.8349554
0.8439778
0.8362238
0.836229
0.8365586
0.8350722
0.8351227
0.8300756
0.8235263
0.8500625
0.8488433
0.8475716
0.8301714
0.8307449
0.8330132
0.8394298
0.8326198
0.8306423
0.8300507
0.8214951
0.8258967
0.8331586
0.8359344
0.8281541
0.8765133
0.8537984
0.8252625
0.9045092
0.8281069
0.8244026
0.8221715
0.8264426
0.8280808
0.8385404
0.8279134
0.8988909
0.8195159
0.8374188
0.8317527
0.8387303
0.8274124
0.8363168
0.830172
0.8209559
0.8382912
0.8319536
0.8377487
0.8511028
0.8397885
0.9049302
0.8460627
0.8270175
0.8623774
0.8485523
0.8919641
0.8220184
0.8262662
0.8231567
0.8229447
0.8626586
0.8278219
0.8241416
0.8253562
0.8381022
0.8380838
0.8526747
0.837197
0.827991
0.8271065
0.873906
0.8391814
0.8375117
0.8427812
0.8328156
0.8325769
0.8398901
0.8592357
0.8436777
0.8614833
0.8371711
0.8312816
0.8123051
0.8305811
0.8263995
0.8191653
0.8211766
0.8300379
0.8240117
0.8295063
0.8216832
0.8240093
0.798627
0.7971695
0.8006883
0.774791
0.7941089
0.8012055
0.806581
0.793352
0.7967397
0.795541
0.7955429
0.7943953
0.7948138
0.7933559
0.7898529
0.7940002
0.7838386
0.7703153
0.8285775
0.8114202
0.8240977
0.7688491
0.7973512
0.7982937
0.8047804
0.7861603
0.7900842
0.8022475
0.7843199
0.7708253
0.7871649
0.7990476
0.777594
0.8478145
0.8259339
0.7701379
0.8883574
0.783901
0.7781527
0.7772375
0.7875189
0.7903075
0.8047178
0.7860757
0.8912942
0.7734927
0.7934465
0.7907326
0.8094937
0.7783298
0.7923841
0.7896949
0.7799389
0.8010878
0.7932648
0.7917344
0.8222295
0.805145
0.909278
0.8226434
0.7738255
0.8450557
0.8208201
0.8744598
0.7614483
0.7626954
0.7610292
0.7613725
0.8522082
0.7675683
0.7640617
0.7892293
0.7986211
0.8034855
0.8416501
0.8037373
0.7919341
0.7759039
0.8642647
0.798663
0.810078
0.8193405
0.7957449
0.7923964
0.8149679
0.8422999
0.8166566
0.8438248
0.8024085
0.7890601
0.638232
0.7929585
0.7791864
0.7778757
0.7742061
0.7994596
0.7854806
0.7833002
0.7744395
0.7839102
0.8493032
0.8499919
0.8523566
0.8292034
0.8445251
0.8418415
0.8497424
0.8438756
0.8417351
0.8430098
0.8410857
0.845065
0.8460398
0.8332111
0.8398488
0.8414361
0.8346574
0.8318683
0.8747589
0.8578495
0.8675594
0.836015
0.8403144
0.8463265
0.8513237
0.8272018
0.8442792
0.8492157
0.835859
0.8290473
0.8342877
0.8395089
0.8324071
0.8232412
0.8648232
0.8309162
0.8558514
0.836113
0.827113
0.8320058
0.8345848
0.8414562
0.8590594
0.8299231
0.9153409
0.826024
0.8443503
0.8394817
0.8661172
0.8296511
0.8459984
0.8359358
0.8401639
0.8503447
0.8413446
0.8415571
0.8755087
0.8715627
0.9450968
0.8669248
0.8339884
0.8756525
0.8756584
0.8512792
0.8298386
0.8318798
0.8303424
0.8317013
0.8810777
0.8312803
0.8334805
0.8421287
0.8536869
0.8447117
0.8782715
0.8514404
0.8406303
0.8281728
0.8912685
0.84243
0.8696841
0.8599938
0.8504189
0.8438714
0.8690525
0.8813361
0.8645511
0.8854869
0.8517577
0.8466448
0.8367409
0.8364552
0.8282716
0.8349509
0.8290165
0.8480978
0.8350639
0.8407276
0.8290466
0.8314574
0.8547169
0.85767
0.8577113
0.8413333
0.8537997
0.8485378
0.851359
0.853321
0.8498414
0.8486829
0.848639
0.8549252
0.8545548
0.8500156
0.8477416
0.8510261
0.8454709
0.8430712
0.8723822
0.8676642
0.8689367
0.8438688
0.8498645
0.8527178
0.8577749
0.8446019
0.8549055
0.8540693
0.8413737
0.8400589
0.8460466
0.8479227
0.8436145
0.8427244
0.8688461
0.8408594
0.8699019
0.8476896
0.8444433
0.8367474
0.8436807
0.8482134
0.8629185
0.8421556
0.9181704
0.8418065
0.8499897
0.8452906
0.8711687
0.839364
0.8579913
0.8453747
0.8528527
0.8580782
0.8540178
0.846366
0.8815969
0.8799498
0.9436546
0.8750357
0.8402554
0.8812572
0.8809343
0.8457349
0.8409909
0.8395927
0.8376673
0.8400066
0.8875142
0.8427374
0.8424646
0.8475518
0.864497
0.8528692
0.8807598
0.8593894
0.8552139
0.8438553
0.8962687
0.8581779
0.8785665
0.8671954
0.8584585
0.8507502
0.8736908
0.884751
0.8662183
0.8850311
0.8552618
0.8529488
0.8455203
0.8474594
0.8415601
0.8407513
0.8397259
0.8548421
0.8493585
0.8502861
0.8383649
0.847163
0.8599854
0.8627432
0.8642998
0.8506771
0.859662
0.8625891
0.8618766
0.8598236
0.8619036
0.8600676
0.8631841
0.8587159
0.8611614
0.8585351
0.8590557
0.862713
0.8509186
0.8526767
0.8772662
0.8694535
0.8711581
0.8564483
0.8554535
0.8613219
0.8664203
0.8520887
0.8579945
0.8608587
0.8550323
0.8498495
0.8552175
0.8594921
0.853237
0.8533034
0.872564
0.8493778
0.8807042
0.8559738
0.8510974
0.8530018
0.8548031
0.8549901
0.8682225
0.8450268
0.9189967
0.8456744
0.8601871
0.8532637
0.8742944
0.8466673
0.8610402
0.8540783
0.856167
0.8608515
0.857555
0.8539566
0.8818487
0.8843772
0.944971
0.8759974
0.8518327
0.8855887
0.8837135
0.8558621
0.8469111
0.8451124
0.846186
0.8456309
0.8853551
0.8496594
0.8540002
0.8545635
0.8700231
0.8614651
0.8804387
0.8629818
0.8561847
0.8511112
0.8976991
0.8619556
0.8796833
0.8730828
0.8588726
0.8582015
0.8773742
0.8884192
0.872635
0.8880518
0.8624879
0.8611097
0.8516263
0.8577647
0.84911
0.8504457
0.8493561
0.8580078
0.8550739
0.8567309
0.8464001
0.8513927
0.8845742
0.8896242
0.891044
0.8835115
0.8879274
0.8887125
0.8920407
0.8882444
0.8871166
0.8874274
0.889074
0.8888163
0.8881302
0.8855147
0.8871983
0.8887836
0.8840512
0.8873529
0.9052135
0.8976167
0.9007554
0.8855122
0.8872356
0.892456
0.8955661
0.8829046
0.8922553
0.8946166
0.8854421
0.8836511
0.8841772
0.8831708
0.8818088
0.8794822
0.8960999
0.884473
0.8849561
0.8857644
0.8814125
0.8827025
0.8846524
0.8836675
0.8966131
0.8801672
0.9312461
0.8814418
0.8850936
0.8795672
0.9020123
0.8773055
0.8883118
0.8833409
0.8865086
0.8931594
0.8859867
0.8863475
0.90969
0.9162711
0.957767
0.9079832
0.88309
0.9094163
0.9084867
0.8705893
0.8865492
0.8837163
0.885428
0.8857622
0.9072795
0.8845589
0.8866045
0.89138
0.901089
0.8895651
0.9078852
0.8944259
0.8904742
0.8800079
0.9183035
0.892007
0.9097403
0.8924347
0.8889846
0.8860148
0.9070014
0.9089021
0.9015671
0.9116975
0.8937857
0.8905381
0.891945
0.8895025
0.8834416
0.8834899
0.8784007
0.8890727
0.8853846
0.8866069
0.8815803
0.8817068
0.8818507
0.8795451
0.8811109
0.8734203
0.8802776
0.8817985
0.8819023
0.8791447
0.8828364
0.8782961
0.8818164
0.8790039
0.878488
0.878598
0.8770512
0.8771078
0.8745058
0.8721747
0.8941098
0.8903027
0.8927994
0.8802073
0.8789923
0.8787023
0.8864689
0.8720163
0.883004
0.8849854
0.8700725
0.8711406
0.8743334
0.8791683
0.8736671
0.8714977
0.8914124
0.8750128
0.8912552
0.8742056
0.870786
0.8734794
0.8720076
0.8734634
0.8851547
0.8700763
0.9289708
0.8701242
0.8758654
0.8693698
0.8931109
0.8724643
0.8798976
0.8713244
0.8769522
0.8833795
0.8776071
0.8766528
0.8999911
0.8991999
0.9500437
0.8962188
0.8733048
0.9044516
0.9028215
0.8592575
0.8719743
0.8753699
0.8738182
0.874163
0.902791
0.8738734
0.8781431
0.8762861
0.8897001
0.8838343
0.9052714
0.8853232
0.8768591
0.8720053
0.9099614
0.8819666
0.8998841
0.8844563
0.8822311
0.8779093
0.8998817
0.9011296
0.8921935
0.9001004
0.8848367
0.8781154
0.8759824
0.8733
0.8714928
0.8740759
0.8698779
0.880776
0.8729092
0.8766625
0.8694464
0.8774358
0.8037268
0.8075503
0.8068542
0.769903
0.765015
0.7655438
0.7693007
0.7631763
0.7632808
0.7616845
0.7644197
0.7646051
0.7628129
0.7589637
0.7603052
0.7558222
0.6988812
0.776037
0.7690587
0.8205898
0.7487965
0.7812095
0.6953873
0.6903877
0.7044245
0.7808553
0.8044002
0.8122308
0.785895
0.7801647
0.7910147
0.7262742
0.7818665
0.8669458
0.828384
0.7728166
0.896678
0.7855927
0.7753627
0.7785111
0.7882383
0.7952183
0.7956025
0.7855932
0.8840421
0.778013
0.7888339
0.7874213
0.8060104
0.7708093
0.7994466
0.7971887
0.7883407
0.794906
0.785892
0.7646963
0.809842
0.8086839
0.8966262
0.8053969
0.7828238
0.8370537
0.8154072
0.8830401
0.7691486
0.7738984
0.7708157
0.7731872
0.8381831
0.7722006
0.7741103
0.8078288
0.7975519
0.7134841
0.8218347
0.792046
0.786217
0.7790523
0.849804
0.7929402
0.8095551
0.7874055
0.8186695
0.7880058
0.8050919
0.7921519
0.7632192
0.798548
0.7023663
0.7190292
0.7963865
0.7978599
0.7910701
0.7758897
0.7858505
0.800527
0.7874743
0.7935762
0.7795934
0.795184
0.8484269
0.8486983
0.8500488
0.8380486
0.8362278
0.8424985
0.8457505
0.8358252
0.839695
0.8407604
0.8444818
0.8353299
0.8325537
0.8371477
0.8451551
0.8427715
0.8371036
0.8407536
0.8532785
0.8572458
0.8458964
0.8418567
0.8364221
0.8429905
0.8415249
0.8455249
0.8488881
0.8537192
0.8414436
0.8387466
0.8456497
0.8422364
0.8414254
0.9025739
0.8581075
0.8398206
0.9184499
0.849289
0.8389316
0.832343
0.8365107
0.8393546
0.842
0.8380233
0.8944277
0.8418367
0.8468868
0.8422653
0.8477728
0.8430021
0.8431584
0.8426729
0.8422786
0.8403165
0.8419946
0.8398794
0.8451875
0.8524862
0.8937131
0.8438274
0.8442176
0.6950045
0.8444244
0.9079755
0.8380345
0.834652
0.8361517
0.8360779
0.8691756
0.8375272
0.8349024
0.8480778
0.843773
0.8425686
0.8489187
0.8355491
0.8461574
0.8399722
0.8707474
0.8371028
0.8436298
0.849894
0.8572795
0.8436912
0.8416446
0.859406
0.8456592
0.8635953
0.8422386
0.8407732
0.8442134
0.8509763
0.8417273
0.8436
0.8465
0.8492388
0.8380313
0.8443256
0.8416104
0.8431794
0.7963013
0.7969687
0.8006917
0.7587347
0.6955374
0.7017667
0.7103552
0.6953001
0.6976896
0.6959658
0.690812
0.6959626
0.697963
0.6943237
0.6963463
0.6961694
0.7432972
0.7710172
0.8015191
0.8245739
0.7877576
0.7726014
0.7419212
0.7526094
0.7675599
0.7723145
0.802912
0.8162583
0.7757391
0.7673238
0.7795846
0.7574447
0.7660826
0.8579279
0.8209808
0.7616108
0.8891556
0.771848
0.7720527
0.7622529
0.7796683
0.7808564
0.8018542
0.7750737
0.8876936
0.7649111
0.7887769
0.7745386
0.8105445
0.7637357
0.7961806
0.7818143
0.7893
0.7992872
0.7885996
0.68677
0.8212806
0.8221829
0.9108315
0.8157696
0.7673264
0.8382892
0.8294705
0.8816532
0.7714968
0.7690419
0.7715069
0.7700222
0.8476537
0.7652356
0.7676052
0.8058578
0.8034501
0.7542599
0.8263307
0.7899099
0.784035
0.7670146
0.8467204
0.7997101
0.8159663
0.7832471
0.8218478
0.7826306
0.8188992
0.8186698
0.7873781
0.8246492
0.7548634
0.7515595
0.79548
0.7866169
0.7741454
0.7709889
0.7651865
0.7931129
0.7871625
0.7810751
0.7686339
0.782658
0.8585001
0.8590258
0.8587446
0.859427
0.8528422
0.8566175
0.8537292
0.8523509
0.8539464
0.8531763
0.8535971
0.8531237
0.8533713
0.8493229
0.8504365
0.8536193
0.849496
0.8583037
0.8522951
0.8675679
0.8573253
0.8546463
0.8470913
0.8538121
0.8534888
0.8594568
0.8647672
0.8623598
0.8613646
0.8615026
0.8594818
0.8549045
0.8540345
0.9098018
0.8610049
0.8574224
0.9224959
0.8611914
0.8477169
0.8495472
0.8471642
0.8530799
0.8561006
0.8478351
0.9033132
0.8500164
0.8571362
0.854214
0.860887
0.8564811
0.8540982
0.8554495
0.8520998
0.85924
0.8565323
0.8546884
0.8610171
0.8563466
0.8925023
0.8544121
0.8562424
0.8682866
0.8583156
0.91228
0.8558924
0.8575971
0.8558545
0.8535986
0.8714871
0.8538402
0.854367
0.8615241
0.8546546
0.8562022
0.8628465
0.8512134
0.8569453
0.8591248
0.8767192
0.8585827
0.845973
0.8597664
0.8710088
0.8621684
0.8507866
0.8627333
0.8520896
0.865042
0.8568856
0.8518396
0.8538698
0.8632567
0.8622532
0.8572049
0.8600059
0.8620593
0.857286
0.8630992
0.8580623
0.8583982
0.8173511
0.8221269
0.8235845
0.8051087
0.8158803
0.8140733
0.8175016
0.8128294
0.8113004
0.8154443
0.8137064
0.8163427
0.814927
0.8089924
0.8017317
0.8118785
0.8078579
0.8025603
0.8403973
0.8332329
0.8332923
0.8006999
0.8125812
0.8209632
0.8237769
0.8131795
0.8129564
0.818541
0.8134274
0.7989802
0.8148926
0.8127014
0.8118259
0.8571429
0.8442226
0.8045262
0.8923825
0.8151717
0.8031952
0.8013369
0.810309
0.8119467
0.8237104
0.803467
0.8938468
0.8074114
0.809684
0.8055628
0.8200622
0.8031949
0.819329
0.8072389
0.8042988
0.8225365
0.8095189
0.8157852
0.8325446
0.8061128
0.9073699
0.8235882
0.8071312
0.8514517
0.82798
0.8833884
0.8030423
0.8020757
0.8012944
0.8049941
0.854428
0.7991325
0.8037161
0.7672332
0.8144303
0.8179759
0.8395655
0.8233551
0.8139816
0.8053067
0.8677592
0.8175253
0.815542
0.8329085
0.8266055
0.822838
0.8192569
0.849955
0.8302567
0.8491559
0.8236308
0.8144966
0.7982323
0.8192179
0.8111876
0.8137157
0.8111717
0.8254104
0.8219884
0.8176352
0.8062152
0.8132092
0.7973309
0.7993235
0.7982498
0.7553646
0.7375154
0.7392375
0.7466957
0.7334722
0.7294024
0.7312313
0.7308068
0.735002
0.7358692
0.7203693
0.7303707
0.7324225
0.6401467
0.7585907
0.7603437
0.8184111
0.7322442
0.7711889
0.6214534
0.6220299
0.6566471
0.7666954
0.8000105
0.8127979
0.7718098
0.7643422
0.7836349
0.6867938
0.7602589
0.8564641
0.8233768
0.7534351
0.8876319
0.7744536
0.7574369
0.7606228
0.769514
0.7874651
0.7948652
0.7606737
0.8868208
0.7586264
0.7742832
0.7725201
0.8106441
0.7494674
0.7944205
0.7810911
0.7798175
0.7862417
0.7812419
0.7272468
0.8102761
0.8162649
0.9054706
0.8018177
0.7708813
0.8315076
0.8148982
0.8737841
0.7570132
0.756607
0.7542977
0.7611984
0.8461287
0.7644896
0.7547192
0.7992035
0.7880295
0.6466084
0.8188525
0.7852587
0.7796192
0.7664591
0.8377046
0.7897047
0.8087047
0.7746604
0.8283028
0.7780737
0.803113
0.7818553
0.7469052
0.7948857
0.6390536
0.6603705
0.7969693
0.7876739
0.7666514
0.7634464
0.7631964
0.7968826
0.7732236
0.7802437
0.7642499
0.7832391
0.8659812
0.869783
0.8689249
0.8620739
0.8587571
0.8575921
0.8633018
0.8581787
0.862088
0.8598097
0.8612268
0.8585532
0.8586466
0.8577501
0.8646578
0.8607437
0.8555899
0.8632333
0.8660627
0.8748971
0.8638258
0.8648999
0.8593471
0.8638117
0.8608419
0.8653601
0.8679895
0.8684503
0.8653257
0.8643006
0.8681046
0.8598951
0.8633543
0.9065535
0.87479
0.8651579
0.9218386
0.8642951
0.8633498
0.8577721
0.8604165
0.859534
0.8663448
0.8566208
0.9079357
0.861761
0.8652434
0.8610471
0.8698254
0.8594423
0.8656408
0.8655706
0.8602151
0.8673535
0.8647808
0.8634637
0.8705596
0.8617368
0.9027192
0.860451
0.8611905
0.8747854
0.8633626
0.9129504
0.8605272
0.8600707
0.8604462
0.8626151
0.8818212
0.8629833
0.8613431
0.8642697
0.860267
0.8668017
0.8730139
0.8549735
0.8669562
0.8664552
0.883538
0.8602815
0.8624621
0.8674134
0.8727783
0.8694212
0.8608044
0.8739839
0.8650726
0.8760664
0.8620131
0.8631762
0.8638184
0.8709322
0.8678298
0.8639884
0.86864
0.8695136
0.8608226
0.8704863
0.866463
0.8662869
0.8203304
0.8241448
0.8269657
0.8036289
0.8057024
0.8082692
0.8122059
0.8043976
0.8073804
0.7986807
0.8058906
0.80544
0.8041122
0.8031297
0.7969631
0.8000207
0.8044557
0.8030109
0.8302202
0.8343992
0.818281
0.8066328
0.8106811
0.8137931
0.8178346
0.8193613
0.8196933
0.822069
0.8153579
0.808822
0.8231289
0.8081902
0.814543
0.8753846
0.8430939
0.8032708
0.9042255
0.8128975
0.8022515
0.8026176
0.8096369
0.8201927
0.8206658
0.8112733
0.8896962
0.8083772
0.8119183
0.8105926
0.8258653
0.804005
0.8217412
0.8159231
0.8086089
0.8191328
0.8156066
0.8075978
0.8204496
0.811779
0.8875698
0.8149799
0.8086081
0.8430432
0.8086092
0.8933422
0.8053863
0.8052477
0.8066242
0.8041624
0.8525374
0.8094155
0.8051955
0.8169407
0.7974898
0.8160862
0.8173203
0.803771
0.8124688
0.8150265
0.8561936
0.809141
0.7993694
0.8257728
0.840178
0.8230754
0.8123179
0.8428539
0.8208651
0.8464884
0.8190192
0.812382
0.8145399
0.8254179
0.8199342
0.8118313
0.8151125
0.823729
0.8191144
0.8223576
0.8130446
0.8228654
0.810001
0.8172221
0.8204605
0.7930435
0.8017497
0.8031247
0.8034372
0.801413
0.8006111
0.8029141
0.8030508
0.8015528
0.8023523
0.7950858
0.7954391
0.7968953
0.7870323
0.7954068
0.8258354
0.8316537
0.8086393
0.7865961
0.7954031
0.79972
0.8065505
0.807422
0.8178146
0.8237094
0.8057106
0.7978121
0.8093605
0.7973993
0.7909528
0.8738343
0.8348633
0.7874278
0.9003894
0.7992638
0.7952396
0.7977924
0.8009199
0.8096328
0.8172491
0.7955787
0.8993228
0.8005518
0.8057752
0.8015723
0.821834
0.7976166
0.8172368
0.8121346
0.7999699
0.8180082
0.8048792
0.8076232
0.8186583
0.8201764
0.8938226
0.8151975
0.799332
0.8349488
0.8212472
0.8933167
0.7986411
0.7956884
0.7950011
0.7989404
0.8495953
0.7982212
0.7906534
0.8164544
0.8015537
0.7999694
0.8197495
0.796803
0.8061621
0.7990745
0.8565062
0.5998046
0.80941
0.8216109
0.8307582
0.8092273
0.8113143
0.8360844
0.8147334
0.8389222
0.8027548
0.7983315
0.8145917
0.8101725
0.8043975
0.8047011
0.8010448
0.814775
0.8055875
0.8064245
0.79787
0.8125164
0.905756
0.9090654
0.9094974
0.898184
0.9066313
0.9061037
0.9086311
0.9065916
0.9056694
0.907845
0.900659
0.9046921
0.9065752
0.9014315
0.900485
0.9024848
0.9004024
0.9021669
0.9215516
0.9142354
0.9145526
0.9072378
0.9012592
0.9039822
0.9093657
0.8946921
0.9136955
0.9151644
0.9005012
0.8978161
0.898238
0.9023953
0.8951532
0.8657978
0.9129145
0.8995134
0.877117
0.9017164
0.9007176
0.9008851
0.9007474
0.9035837
0.914053
0.8994665
0.9436631
0.8964187
0.9098245
0.8963197
0.9190937
0.8957629
0.906449
0.8986483
0.9080736
0.9122815
0.9047293
0.902974
0.9252611
0.926299
0.9630746
0.9212159
0.8987025
0.9248049
0.9238909
0.8992217
0.9026668
0.9010774
0.9014183
0.9030788
0.9278141
0.9003479
0.9001154
0.9030715
0.9135345
0.9029548
0.9270663
0.9138542
0.9040004
0.8983585
0.9330945
0.9066491
0.9236801
0.913067
0.9112549
0.9030476
0.9195583
0.9284341
0.9163313
0.9277315
0.9060098
0.9057614
0.9120436
0.9038108
0.8986808
0.9016175
0.8940188
0.9096549
0.9025044
0.9023973
0.8929985
0.8980427
0.7882953
0.7923144
0.7938014
0.6589516
0.7642068
0.7683979
0.770961
0.7620074
0.7612837
0.7682455
0.7601935
0.7651511
0.7641927
0.7533223
0.7591514
0.7578716
0.7539549
0.663394
0.813003
0.8101768
0.7916826
0.7221743
0.7647196
0.7678489
0.7801509
0.6929725
0.7939247
0.8028377
0.6827199
0.683109
0.6989762
0.7578665
0.6812441
0.8448597
0.8199913
0.6785254
0.8835343
0.705709
0.7496224
0.7553293
0.7657448
0.7759866
0.7998894
0.7570361
0.8948963
0.7482344
0.7795689
0.7690445
0.7980206
0.7564473
0.7905554
0.7776384
0.7795897
0.783939
0.7791369
0.7663754
0.8131525
0.8129661
0.9111431
0.809767
0.6770439
0.8368655
0.8140556
0.8737348
0.6917102
0.6841714
0.6842461
0.6935873
0.8456874
0.6787895
0.6779948
0.7873964
0.7911801
0.7744728
0.8262434
0.7887981
0.7701933
0.6854227
0.8645272
0.7828192
0.8066171
0.7999448
0.8120017
0.7144493
0.8053454
0.8275344
0.8058652
0.839272
0.7711934
0.7649617
0.7758565
0.7221626
0.692155
0.6851803
0.6789921
0.7323935
0.7080386
0.7108418
0.6718739
0.7329983
0.8142891
0.8222406
0.8225027
0.7867894
0.6633145
0.6772569
0.6748735
0.6575408
0.623209
0.6679762
0.6434967
0.6575184
0.6602874
0.6229181
0.6858939
0.6416485
0.7669056
0.7943331
0.8158943
0.8459771
0.8048435
0.7941778
0.7601571
0.7752177
0.7775538
0.791942
0.8207659
0.8312482
0.7959591
0.7924528
0.804878
0.7834887
0.7941462
0.8705925
0.846372
0.7802915
0.9047453
0.7990526
0.7978015
0.7917278
0.8021666
0.8048694
0.8224145
0.7991235
0.9072004
0.7954698
0.8073166
0.8038466
0.8286962
0.7870745
0.8166817
0.8082599
0.8131105
0.8159274
0.8118531
0.7234866
0.8359423
0.8340285
0.9152143
0.8348291
0.7926408
0.8554159
0.844714
0.8919517
0.7889542
0.7882661
0.7885385
0.7888903
0.8643645
0.7892281
0.7933399
0.8165695
0.8163705
0.7724454
0.8496389
0.8179337
0.810814
0.7971888
0.8582466
0.8152086
0.8328992
0.7946927
0.8425421
0.8072574
0.8309811
0.8328838
0.8028761
0.8377928
0.7730216
0.7812187
0.805461
0.8069881
0.800243
0.7990943
0.7926435
0.8106418
0.8059449
0.8067232
0.7957926
0.806527
0.7915627
0.7947272
0.7979238
0.6919176
0.7718869
0.7736224
0.7848972
0.7723989
0.773535
0.7788277
0.7721813
0.7724874
0.7720835
0.7692441
0.7694949
0.7747623
0.7644045
0.7020186
0.813549
0.8146159
0.8006052
0.7392879
0.7757237
0.7802597
0.7833759
0.6952357
0.7998903
0.8085775
0.7034756
0.6954001
0.7076607
0.7762462
0.6866807
0.8553698
0.8194083
0.6840544
0.8852926
0.7125957
0.7666705
0.7623231
0.7809146
0.7764054
0.790735
0.7707687
0.8882759
0.7663285
0.7845877
0.7702934
0.8047722
0.7666929
0.7922325
0.7795194
0.7893554
0.7921606
0.7786899
0.7726751
0.8231857
0.8222476
0.9034508
0.8155204
0.697319
0.8376365
0.8216854
0.8773613
0.6988673
0.699018
0.691834
0.6944213
0.8405252
0.6510806
0.6802329
0.7991808
0.8067407
0.7786839
0.8339805
0.7944144
0.7883847
0.6860368
0.8505083
0.7962171
0.8137423
0.8034581
0.8189224
0.7093954
0.8137662
0.8242899
0.8057173
0.8341997
0.7825165
0.7716241
0.7821222
0.7268128
0.7057204
0.7104674
0.696017
0.7355279
0.7153258
0.7195787
0.697561
0.7516336
0.7749797
0.7800194
0.784585
0.7673474
0.7904459
0.7951549
0.7920302
0.7891046
0.7852569
0.7878313
0.7871497
0.7918814
0.7904998
0.7826541
0.7876535
0.7811003
0.7820644
0.775232
0.8199551
0.8057201
0.8164095
0.7873517
0.789543
0.7935278
0.7971718
0.7833021
0.8009069
0.809556
0.7805445
0.782259
0.7887979
0.7863619
0.7727012
0.8606134
0.8082337
0.7743924
0.8889238
0.7838234
0.7553722
0.7532324
0.7615256
0.7771861
0.7844457
0.7523665
0.8816609
0.7615643
0.7813671
0.7712418
0.7971859
0.7540215
0.7861564
0.7729507
0.7732713
0.7823773
0.7801359
0.7881264
0.8190873
0.8170873
0.9057381
0.8212669
0.7771789
0.8368862
0.8257027
0.8813719
0.7673625
0.7646205
0.764282
0.7666686
0.8387021
0.7748673
0.7699115
0.8070598
0.8072277
0.796686
0.8294223
0.8037952
0.5684483
0.7785404
0.8563113
0.8017206
0.8134726
0.8052166
0.8177351
0.7915453
0.8224525
0.837
0.8102175
0.8407159
0.7973912
0.7838385
0.7918444
0.7938404
0.7842717
0.7811672
0.7731455
0.7997512
0.7882751
0.7904471
0.7758431
0.787977
0.8215875
0.8216631
0.8243193
0.8019568
0.8234886
0.8209817
0.8224149
0.821136
0.8193209
0.8152034
0.8235839
0.8214877
0.8220951
0.8186469
0.817649
0.8172852
0.8158092
0.8007555
0.838489
0.8304886
0.8327604
0.7945526
0.8131839
0.8171593
0.8197361
0.8175063
0.7942718
0.7995721
0.8090555
0.8024847
0.816225
0.8206314
0.8048878
0.8586125
0.8326091
0.8019882
0.8985908
0.8077575
0.7957277
0.8029205
0.8135077
0.8038435
0.8170619
0.8084961
0.8934152
0.8062267
0.821224
0.8156769
0.8224201
0.8075737
0.8175912
0.8074004
0.810424
0.8238788
0.8107575
0.8137436
0.8333416
0.8172538
0.9043883
0.8305008
0.8034814
0.8464887
0.8320338
0.8895749
0.7948762
0.7965123
0.7959891
0.7974128
0.8533036
0.8091249
0.8002649
0.8003405
0.8182008
0.818778
0.8376522
0.8231047
0.8097324
0.8072275
0.8706885
0.8197513
0.8190351
0.832245
0.8002013
0.8195312
0.8207707
0.8495876
0.832544
0.8514795
0.8213794
0.8153361
0.7837838
0.8197976
0.8066448
0.8039968
0.8067295
0.8171885
0.8109157
0.8148559
0.8065166
0.8040495
0.8187716
0.8282134
0.8296489
0.7970548
0.7859599
0.7910733
0.7928205
0.783215
0.7866306
0.7873061
0.7874081
0.785422
0.7846582
0.7814542
0.7883152
0.7797475
0.746648
0.7999477
0.6236634
0.8362355
0.683747
0.8076294
0.7357518
0.7392954
0.7414168
0.8033948
0.8273381
0.827515
0.8064433
0.8080187
0.8106664
0.7645826
0.801608
0.8797331
0.8417844
0.7944858
0.9043689
0.8079703
0.8057876
0.8045914
0.8036523
0.8094151
0.8096008
0.8027826
0.8855039
0.80555
0.8114441
0.8076849
0.8250132
0.8036975
0.8131311
0.8186069
0.8063526
0.8141233
0.8132691
0.787763
0.8292582
0.8284393
0.8923595
0.8156944
0.808678
0.8436395
0.8256107
0.894388
0.8007659
0.802383
0.800021
0.798535
0.8524317
0.7995305
0.795056
0.8252355
0.8083059
0.7439488
0.8363882
0.8093184
0.8150645
0.7992974
0.8434881
0.8150207
0.816504
0.7993672
0.8432456
0.8092515
0.8116846
0.6915907
0.6001654
0.6916448
0.7361749
0.75698
0.8210175
0.8142462
0.8070148
0.8082227
0.8110509
0.8207294
0.8094076
0.8133204
0.8117118
0.8202356
0.7903701
0.7949986
0.7969063
0.7396669
0.7370238
0.7435516
0.7578059
0.7353585
0.741016
0.7426509
0.738687
0.7367
0.7372993
0.7391989
0.7341653
0.7399184
0.7088259
0.7497903
0.7880788
0.8111128
0.7515907
0.7573796
0.707195
0.7127757
0.7279525
0.7663739
0.7932363
0.8035208
0.7513832
0.7521859
0.7640199
0.7155057
0.7596154
0.8490268
0.8163076
0.748237
0.8816877
0.7612037
0.7536462
0.7566669
0.7619755
0.7747094
0.7892767
0.7652469
0.8926512
0.7562878
0.7756754
0.7625588
0.794651
0.7508947
0.7895725
0.773643
0.7763179
0.7814642
0.774694
0.7351487
0.8108811
0.8085649
0.9049362
0.8061808
0.7583512
0.8249456
0.8144599
0.8733559
0.7604266
0.7557087
0.7565462
0.7557435
0.8429942
0.7552269
0.7526442
0.7890255
0.7892283
0.71715
0.8181095
0.7858609
0.7795063
0.7511982
0.8410621
0.7774929
0.80205
0.7844755
0.8170954
0.7762453
0.7998637
0.8018239
0.7708959
0.8087598
0.7211422
0.7232216
0.7838278
0.7742873
0.7537614
0.757433
0.7523364
0.7827503
0.7708909
0.7700538
0.7546134
0.7700035
0.8151823
0.8225611
0.8244817
0.7982724
0.7897149
0.7982211
0.8002599
0.7893755
0.7888192
0.7927534
0.7918395
0.7889917
0.7912265
0.7876541
0.7927416
0.792891
0.7758848
0.8051434
0.8058761
0.8330527
0.7848234
0.8001697
0.772909
0.7807174
0.7811515
0.810639
0.8215792
0.8204806
0.8054577
0.8074001
0.8107262
0.7855924
0.8088228
0.877221
0.8362229
0.798875
0.9050156
0.8051995
0.8032354
0.8015692
0.803309
0.8075633
0.8100532
0.8058074
0.8888259
0.8027637
0.8063618
0.8048013
0.8185898
0.8007661
0.8185597
0.8121436
0.8062397
0.8146729
0.8037464
0.7907402
0.8246888
0.8266924
0.8859773
0.8108375
0.8034492
0.8354807
0.8194373
0.8948881
0.7965505
0.8006931
0.7985793
0.802267
0.8509826
0.8033451
0.7993165
0.8205116
0.8066357
0.7760944
0.8288276
0.8143713
0.8119863
0.8040065
0.8500759
0.8089105
0.8131171
0.8078844
0.8352281
0.8160157
0.8127554
0.8109332
0.7922072
0.8216197
0.7768587
0.7858273
0.8134599
0.8131669
0.8072637
0.8042907
0.8062849
0.8096693
0.8104953
0.8093222
0.8045856
0.808807
0.7932427
0.8024357
0.8048452
0.7665619
0.7385433
0.7474332
0.7502059
0.7374342
0.7366119
0.7424251
0.7365388
0.7411512
0.7401327
0.733555
0.7408868
0.7354646
0.7258719
0.7637347
0.7817342
0.8239115
0.7635183
0.7721323
0.709995
0.7227171
0.7381888
0.7722761
0.8048376
0.8161922
0.7659959
0.7693006
0.7745936
0.7434171
0.7652204
0.8674164
0.8244102
0.7663679
0.8949132
0.7779267
0.7708973
0.7677197
0.7762641
0.7783197
0.7897626
0.7685911
0.888271
0.7657195
0.7805675
0.775539
0.805724
0.7721519
0.8041155
0.7807404
0.7842564
0.7913745
0.7886899
0.7358374
0.8161376
0.8165421
0.9016001
0.8052323
0.7679049
0.831347
0.8118807
0.8870603
0.7725237
0.7671194
0.7672812
0.7693404
0.848096
0.7716362
0.7671233
0.8074914
0.7878459
0.7225195
0.8192367
0.7887431
0.7813442
0.7678105
0.8359803
0.7913526
0.8068054
0.7742002
0.8242607
0.7796796
0.8042602
0.8001745
0.7687255
0.812389
0.7307374
0.7334681
0.7969886
0.788866
0.7711703
0.7699507
0.7658998
0.7953573
0.7741704
0.783171
0.7703793
0.7886604
0.8831069
0.8902587
0.8909383
0.8885924
0.8790772
0.8834735
0.8814348
0.8801534
0.8840107
0.8843967
0.8838318
0.8788943
0.8768653
0.8868098
0.8824621
0.8817661
0.8835039
0.8897828
0.8699953
0.891221
0.8744142
0.890179
0.8813869
0.8848835
0.8786909
0.8945043
0.8831893
0.8831192
0.8930466
0.8901786
0.8977379
0.8849713
0.8970132
0.9357852
0.8953248
0.8912992
0.9452879
0.8898026
0.8866265
0.8887486
0.8877565
0.8850298
0.8825433
0.8844669
0.9044631
0.8921123
0.8846136
0.887378
0.8803656
0.8912512
0.8845904
0.8891573
0.8807672
0.8840198
0.8844702
0.8883202
0.872645
0.8510348
0.7556994
0.8599177
0.8908583
0.8841285
0.8593598
0.9402325
0.8863182
0.8887831
0.8872521
0.8875751
0.8904172
0.885027
0.8871675
0.878753
0.8593559
0.8878517
0.864738
0.8686717
0.8871981
0.8915902
0.8890305
0.8774233
0.8502986
0.8831492
0.8941687
0.8953723
0.8571557
0.875122
0.8678603
0.8779538
0.8791706
0.883566
0.8817257
0.9000411
0.8991287
0.8903147
0.9018454
0.8901948
0.8879911
0.8917073
0.8956472
0.8950451
0.8855367
0.8909197
0.8917942
0.8907751
0.8800146
0.8847062
0.8835398
0.8806808
0.8848468
0.8851729
0.8850351
0.8802387
0.878781
0.8874902
0.8844961
0.8827112
0.8854379
0.8908481
0.8712255
0.8909938
0.8753577
0.8913116
0.8825994
0.8849483
0.8794649
0.896024
0.8859118
0.8859273
0.8940481
0.8931305
0.8987259
0.8848862
0.8979592
0.9365101
0.8960524
0.8921034
0.9453359
0.8927835
0.8871465
0.8887636
0.8883132
0.8858884
0.8817275
0.8855205
0.9030548
0.8924262
0.8866546
0.8867049
0.8821346
0.8922017
0.8859055
0.8906819
0.88303
0.8838904
0.8851215
0.8889954
0.8732498
0.8517834
0.7562005
0.8607931
0.8901375
0.8851814
0.8597828
0.9407601
0.8880281
0.8905411
0.889333
0.8889153
0.8914902
0.88673
0.8864406
0.8787697
0.8590133
0.8884683
0.8665119
0.8688387
0.8881614
0.8931236
0.888496
0.8770438
0.8512162
0.8846254
0.8961691
0.8954881
0.8583009
0.876854
0.8694079
0.8790609
0.8804539
0.8839921
0.8825118
0.9002556
0.9004746
0.8909533
0.9019115
0.8912239
0.8891414
0.8915164
0.895767
0.8950084
0.8864301
0.8913063
0.8927712
0.8900252
0.8803138
0.8833795
0.8836331
0.8795489
0.8872394
0.8871355
0.8852323
0.8813521
0.8806658
0.8897241
0.8833503
0.8847092
0.8882928
0.8929296
0.8770558
0.893152
0.8738879
0.8895979
0.8823923
0.8868167
0.882728
0.9023981
0.8854527
0.8868126
0.897963
0.8944762
0.9015208
0.886335
0.8959782
0.9387225
0.8957076
0.893351
0.9480825
0.8925124
0.8900036
0.8893044
0.8871704
0.8884501
0.8808878
0.8878769
0.9048048
0.893013
0.8865441
0.8861056
0.880575
0.8915507
0.8878166
0.8942585
0.8829721
0.8884833
0.8856504
0.8878176
0.872804
0.8546822
0.7538974
0.8601875
0.8928555
0.8865383
0.8596305
0.9420775
0.8878065
0.8909514
0.8904305
0.8903836
0.8914803
0.8857197
0.889132
0.8821586
0.8585474
0.8885085
0.8663143
0.8674874
0.8898438
0.8950419
0.8890806
0.8767407
0.8525867
0.8862192
0.8999037
0.8984579
0.8574821
0.8780364
0.8714211
0.8822215
0.8834242
0.8845977
0.8818994
0.89979
0.9002559
0.8929105
0.9034045
0.8937392
0.8927251
0.8960685
0.8983701
0.8935566
0.887411
0.8920642
0.8930284
0.891151
0.8838189
0.8882074
0.8840816
0.8840245
0.8887926
0.8894751
0.8867065
0.8831251
0.8822435
0.8899493
0.8874017
0.8870473
0.8878702
0.8908038
0.8736172
0.8920583
0.8737671
0.8903115
0.8838767
0.8868483
0.882774
0.9019672
0.8882741
0.8875861
0.8971862
0.8951571
0.900943
0.8895109
0.8986597
0.9374386
0.8978866
0.8946128
0.946938
0.8929388
0.8894746
0.8911202
0.8880847
0.8898997
0.8828397
0.8875617
0.9050781
0.8946591
0.8855694
0.8897569
0.8824735
0.8935267
0.8872229
0.8946498
0.883662
0.8885085
0.8870468
0.8922854
0.8720996
0.8568809
0.7525421
0.8637142
0.8951575
0.8888142
0.8600062
0.9418041
0.8896242
0.8924894
0.8922342
0.8919264
0.8934633
0.8886382
0.8918357
0.8841466
0.8615565
0.8913715
0.8672858
0.870168
0.8893203
0.896652
0.8920972
0.8791199
0.8534727
0.888326
0.894229
0.8968903
0.8559292
0.873772
0.8712098
0.8818904
0.8849708
0.8873843
0.882445
0.901975
0.90187
0.8946708
0.9029639
0.8945506
0.8936033
0.8937232
0.8994529
0.8940272
0.7970834
0.8008378
0.8029944
0.769944
0.7367176
0.7463191
0.7473655
0.7338003
0.7339281
0.7399583
0.7351852
0.7360615
0.7348243
0.7359754
0.7429544
0.734265
0.6283575
0.7684518
0.7499115
0.8228977
0.7222776
0.7823141
0.5401628
0.568998
0.6244467
0.7754157
0.8052001
0.8066146
0.7670028
0.7722166
0.780107
0.7009435
0.7691487
0.8620424
0.8226509
0.7638148
0.8892164
0.7796282
0.7714881
0.763385
0.7737363
0.7882292
0.7940674
0.7723912
0.8860535
0.7668166
0.7798448
0.773152
0.8080818
0.7596899
0.7996731
0.7834803
0.7896121
0.7870047
0.7877586
0.7390582
0.8139739
0.8137656
0.8976635
0.8023854
0.7687623
0.8316524
0.8121158
0.882815
0.7701583
0.7670799
0.7624758
0.770048
0.8490108
0.774028
0.7668045
0.8034561
0.7921228
0.5830419
0.8178915
0.7908028
0.7819679
0.7695684
0.8367216
0.7913865
0.8091467
0.7781058
0.8298161
0.7774879
0.8013228
0.7761743
0.7380582
0.7907834
0.5424261
0.6856829
0.7934863
0.7900279
0.7750569
0.7741149
0.774003
0.7939536
0.7768243
0.7831404
0.775939
0.7874618
0.8185714
0.8264675
0.8280791
0.800042
0.7845882
0.7927991
0.7915095
0.7820889
0.787658
0.7857504
0.7862611
0.7837456
0.7832861
0.7812532
0.7888473
0.7787957
0.7459263
0.803084
0.6208962
0.836284
0.6898965
0.8090656
0.7364823
0.7376243
0.7423946
0.8041435
0.8272372
0.8289858
0.8063782
0.8094348
0.8130884
0.7634052
0.8013028
0.8785566
0.8408598
0.7950798
0.9026007
0.8096193
0.8050149
0.8037041
0.8031312
0.810329
0.8113977
0.8023216
0.8851434
0.8059036
0.8109017
0.8080243
0.8248609
0.8047528
0.8144489
0.8195918
0.8066398
0.8144932
0.8135916
0.7889069
0.8298587
0.8280339
0.8923011
0.8183858
0.8086699
0.8447044
0.8286775
0.89519
0.8056511
0.8045172
0.8036116
0.8016364
0.8511394
0.8014759
0.7984337
0.8254835
0.808759
0.7468125
0.8362778
0.8089718
0.8138877
0.8017543
0.843268
0.8153941
0.8183613
0.7976521
0.8430542
0.8096633
0.8130815
0.6911661
0.6055358
0.6910225
0.7373075
0.7579897
0.8220424
0.8157736
0.8094038
0.8079096
0.8134653
0.8197022
0.8098813
0.8126397
0.8131226
0.8213382
0.8174592
0.8275329
0.8286883
0.7974183
0.7836867
0.7890578
0.7908043
0.7806252
0.7861337
0.7850968
0.784033
0.7826593
0.7831216
0.7808339
0.7909813
0.7791907
0.7455981
0.7999268
0.6196316
0.8349202
0.6855947
0.8077855
0.734065
0.7372929
0.7429087
0.8031824
0.8253562
0.8279085
0.8074001
0.8069938
0.8142199
0.7630341
0.8013974
0.8784685
0.8410171
0.7944729
0.9046866
0.8075694
0.8053445
0.8029649
0.8011793
0.8092096
0.8116018
0.802992
0.8857073
0.804337
0.8114085
0.806503
0.8245092
0.803204
0.8133177
0.8189006
0.8065567
0.8135316
0.8124404
0.7846068
0.831302
0.8284975
0.8912886
0.8163208
0.8077143
0.8433083
0.8275782
0.8957944
0.805125
0.8046139
0.8022024
0.8025488
0.8533543
0.8003852
0.7977055
0.8244862
0.8074693
0.7465505
0.8349095
0.8080459
0.8136355
0.8003452
0.8428123
0.815038
0.8173754
0.7978525
0.8429952
0.809519
0.8108584
0.6906033
0.6032191
0.6910528
0.7372339
0.7568273
0.8205278
0.8156943
0.8090727
0.8071484
0.8116999
0.819392
0.8088295
0.8137633
0.8111767
0.8205453
0.8191785
0.8285493
0.8295312
0.7991682
0.7839028
0.7907971
0.7902299
0.7810263
0.7861047
0.7859887
0.7835009
0.783367
0.7829061
0.7802995
0.7882214
0.7780871
0.7459996
0.8012851
0.6194202
0.8344857
0.6860465
0.8089621
0.7367392
0.7384639
0.7443431
0.8019168
0.8280135
0.8299258
0.8060876
0.8100753
0.8151785
0.766461
0.8007517
0.8788201
0.8406467
0.7967976
0.903215
0.8090281
0.8063956
0.806027
0.8029115
0.8105814
0.81266
0.8048331
0.8854158
0.8061574
0.8104533
0.8104553
0.8255758
0.8068126
0.8153075
0.8195113
0.8056692
0.8141307
0.8140687
0.7894576
0.8297931
0.8295639
0.8920738
0.8176966
0.8085051
0.8434689
0.8275205
0.8950577
0.8056687
0.8064702
0.8029993
0.8029063
0.8521587
0.8007394
0.7997687
0.8247707
0.8082033
0.7468867
0.8356448
0.8090478
0.8155918
0.8032684
0.8426152
0.8169928
0.8179364
0.7997318
0.8456769
0.8102264
0.8110154
0.6915718
0.6054437
0.6915601
0.7390784
0.7606001
0.8221434
0.8166943
0.8099773
0.8066409
0.8143628
0.8202632
0.8105076
0.8133896
0.8120949
0.8210158
0.8109555
0.8142921
0.8126524
0.792565
0.7983168
0.8007324
0.7988362
0.7987758
0.7944007
0.7909758
0.7978065
0.7999593
0.8006924
0.7895916
0.7892835
0.794792
0.7908877
0.7950477
0.8185682
0.8284046
0.8135754
0.79552
0.7921681
0.800914
0.8026256
0.7973853
0.8144207
0.819869
0.800223
0.7953094
0.8020157
0.7946034
0.7982381
0.8684197
0.8335701
0.7946246
0.8939167
0.7947312
0.7996843
0.8022473
0.8037689
0.7998404
0.8158427
0.8040681
0.8903799
0.7987181
0.8084008
0.7993061
0.8226352
0.7946047
0.8082849
0.8033561
0.8038484
0.8155478
0.8061947
0.7964538
0.8396705
0.8310332
0.9068504
0.8311486
0.7950784
0.8423117
0.8366474
0.8853589
0.7971668
0.7968162
0.7978174
0.8006867
0.8443256
0.7954097
0.7945567
0.8179749
0.8241924
0.8023967
0.8436703
0.8179728
0.8080985
0.7971504
0.8588261
0.8178528
0.8308866
0.8092841
0.8262801
0.8017546
0.8282983
0.8340871
0.8088235
0.8332495
0.7981401
0.7988982
0.805266
0.8042016
0.7980897
0.8018355
0.7961555
0.8057536
0.8039992
0.8019481
0.7992449
0.8049701
0.8444624
0.8482477
0.8484261
0.8334609
0.8256733
0.828877
0.8346098
0.825826
0.825969
0.8260233
0.8275469
0.825106
0.8260657
0.8252028
0.8258536
0.8229229
0.825147
0.8339588
0.843624
0.8549045
0.8315442
0.8369682
0.8144489
0.8265816
0.8288306
0.8281385
0.8457674
0.8461683
0.8400843
0.8345517
0.83813
0.8309451
0.8334178
0.8970707
0.8581873
0.8369411
0.9115059
0.8394226
0.8331315
0.8303092
0.8312218
0.836553
0.8402219
0.8310119
0.8969035
0.8309347
0.8370879
0.8329165
0.8459547
0.8308957
0.8382319
0.8318355
0.8389338
0.8398027
0.8320067
0.8305641
0.8428091
0.8515668
0.9031443
0.8383231
0.8356178
0.846822
0.8418543
0.9036488
0.8350018
0.8320743
0.8336053
0.834302
0.8680963
0.8343267
0.8339365
0.8468299
0.8313789
0.8244011
0.8479875
0.8300274
0.8387759
0.8344499
0.8579475
0.8285166
0.8412436
0.8411409
0.8581839
0.8355461
0.8391018
0.8518568
0.8330583
0.8566157
0.8296796
0.8288381
0.8462733
0.8431209
0.8364148
0.8389322
0.8347719
0.8436984
0.8403062
0.8380943
0.8328037
0.8405393
0.8473307
0.8463271
0.8460304
0.8443772
0.8483011
0.852323
0.8511996
0.8470097
0.8512832
0.8463893
0.8484292
0.8476301
0.8468527
0.8497213
0.8470794
0.849229
0.8549961
0.8460196
0.8505916
0.8612533
0.8479748
0.8497084
0.8486565
0.8522743
0.8483741
0.8521459
0.8524127
0.8546327
0.855112
0.8531101
0.8557752
0.8544307
0.8583269
0.908963
0.855751
0.8524598
0.9253265
0.852375
0.8320274
0.8368715
0.8346998
0.8399982
0.8308276
0.8385818
0.8851477
0.8420173
0.840908
0.8420146
0.8418454
0.8396014
0.8390978
0.8449721
0.8327047
0.8407694
0.8366757
0.8506336
0.8554238
0.8437832
0.8755336
0.845909
0.8500726
0.8660494
0.8433243
0.9143212
0.8533887
0.8502936
0.8469815
0.8502744
0.8603877
0.8452093
0.8476283
0.8514746
0.846425
0.8553969
0.853962
0.8512594
0.8421174
0.8500121
0.8730753
0.8538707
0.8414539
0.8584453
0.8593413
0.8563595
0.8454972
0.8606053
0.8524748
0.8637595
0.8544044
0.8494679
0.8452887
0.8575036
0.8546445
0.8526969
0.8522988
0.85821
0.8508162
0.8517605
0.8539075
0.8515502
0.8496989
0.8537794
0.8513826
0.847864
0.8339008
0.8434943
0.8401375
0.8332322
0.8371175
0.8333645
0.8404908
0.8360602
0.8364982
0.8331205
0.8348833
0.8354807
0.8377378
0.8451921
0.8472581
0.8636862
0.840383
0.8465487
0.8332876
0.8336221
0.8352947
0.8440438
0.8537426
0.8567123
0.8502009
0.8469373
0.8480366
0.8382122
0.8437213
0.9042674
0.8602151
0.8417214
0.9191695
0.8463602
0.8430157
0.8423941
0.8422554
0.8468008
0.8428146
0.8471478
0.8990424
0.8425259
0.8497445
0.8445435
0.8503997
0.8403818
0.8440924
0.8452434
0.845147
0.8517679
0.8483244
0.8396986
0.8476361
0.8650217
0.8982283
0.8444425
0.8419699
0.8544888
0.8456385
0.9082284
0.8427359
0.8426245
0.8410906
0.8401735
0.8695326
0.8457212
0.8450568
0.8564845
0.8428913
0.8378353
0.8498564
0.8361408
0.847586
0.8502766
0.8624271
0.8438809
0.8419044
0.8445154
0.8586977
0.8471772
0.8482737
0.8574092
0.8393297
0.8631131
0.8350039
0.8404644
0.8533972
0.8459622
0.8440019
0.8438861
0.844863
0.8542439
0.8463465
0.8477138
0.846064
0.8468859
0.8857888
0.8888788
0.8914887
0.8766835
0.8876094
0.8859237
0.8892112
0.8863825
0.8868593
0.8873733
0.8847094
0.8877701
0.88827
0.8829817
0.8832674
0.8849106
0.8819924
0.8779907
0.8996982
0.8993504
0.8929376
0.8854861
0.8831063
0.8849362
0.8904848
0.8777174
0.888348
0.8884011
0.8811695
0.878329
0.8802577
0.8840028
0.8770053
0.8762052
0.8884287
0.8749571
0.8893465
0.87815
0.8724745
0.8804523
0.8796355
0.8796637
0.8864652
0.8792104
0.9286325
0.8730447
0.8857446
0.8798863
0.895578
0.8775099
0.8845884
0.8775124
0.8823796
0.8884382
0.8811748
0.886724
0.8978279
0.898367
0.948425
0.8997269
0.8778217
0.9055626
0.9020279
0.8995383
0.8796747
0.8774443
0.8780488
0.8804586
0.9062721
0.8796381
0.8771398
0.887971
0.8908522
0.8840673
0.9033973
0.893109
0.8808072
0.8799086
0.9171747
0.8863293
0.9004507
0.8943511
0.8847009
0.8834072
0.9010638
0.9063573
0.8968511
0.9077103
0.886508
0.8849005
0.8855734
0.8846063
0.8800598
0.8785546
0.872883
0.8856743
0.8820822
0.8845532
0.8781051
0.8790624
0.8186652
0.8233248
0.8242531
0.7933903
0.8015034
0.8030209
0.8032133
0.7994805
0.7966833
0.8010686
0.7967225
0.8005593
0.800747
0.7948718
0.7918909
0.7953705
0.7933309
0.7889011
0.8232342
0.839015
0.8087256
0.7988051
0.7929873
0.7966489
0.8042414
0.8112223
0.8133462
0.8232823
0.8123593
0.8049416
0.8161757
0.794043
0.8047552
0.8719052
0.8390672
0.7973358
0.9006104
0.8072296
0.8005911
0.7970579
0.8027906
0.8120694
0.8120878
0.7969067
0.8912862
0.7995442
0.8043467
0.8044036
0.8221478
0.8013664
0.8201742
0.8113208
0.7960952
0.8163779
0.8060504
0.8010885
0.8118178
0.7963526
0.8816534
0.6911954
0.7946272
0.8333255
0.7126364
0.8897963
0.8006985
0.7975218
0.8009079
0.800219
0.8529105
0.7956896
0.7898339
0.8031837
0.6916258
0.8032846
0.8250224
0.8020365
0.8084119
0.8035433
0.8518469
0.8033423
0.7248326
0.8267774
0.8359657
0.8153709
0.7262818
0.8359477
0.8149509
0.8406454
0.8002467
0.799486
0.8132577
0.8138342
0.8119818
0.7950452
0.8007064
0.8199659
0.8091135
0.8092762
0.8010549
0.8193726
0.7946087
0.7997354
0.8050305
0.7673744
0.6864144
0.6968467
0.7012852
0.6844788
0.6873817
0.6869957
0.6791966
0.6867048
0.6843184
0.6829486
0.6914894
0.6832431
0.7497785
0.7746261
0.7975753
0.8199021
0.7791251
0.7798574
0.745649
0.7477854
0.7619875
0.7692175
0.8078415
0.8086458
0.779254
0.7736098
0.7834338
0.754583
0.7640845
0.8633233
0.8223845
0.7604986
0.8906278
0.7782628
0.7762047
0.7694405
0.7817989
0.7824612
0.8002453
0.7770002
0.886391
0.7717901
0.7802652
0.7769845
0.807412
0.7666235
0.8002326
0.7870762
0.7901033
0.7967439
0.7914034
0.6612117
0.8218487
0.8224156
0.9028987
0.8146795
0.7706496
0.8367904
0.8230318
0.8798043
0.7706591
0.7695778
0.7710224
0.7708321
0.8450896
0.7749629
0.7748978
0.8023337
0.801556
0.756291
0.8313531
0.7921725
0.783668
0.7725993
0.8377887
0.8016182
0.8144112
0.7769451
0.8235989
0.7743212
0.8176539
0.8092917
0.7822313
0.8156555
0.7530511
0.7530989
0.7969286
0.786616
0.7778156
0.7748371
0.7690151
0.7959959
0.785
0.7807199
0.7714634
0.7883391
0.7831332
0.7857998
0.7870927
0.6659502
0.7640469
0.7680897
0.7695995
0.7647197
0.7595518
0.7636737
0.7571196
0.7635278
0.764323
0.7594021
0.7542874
0.7551449
0.7603277
0.6768131
0.8133583
0.8056898
0.7954765
0.7175274
0.7621476
0.7719617
0.7754518
0.6911026
0.7911242
0.8034083
0.6889381
0.6860848
0.7008739
0.7660526
0.6811356
0.8508717
0.8136583
0.6485734
0.8896867
0.6877766
0.7556355
0.7552604
0.7742338
0.773115
0.7903182
0.7590727
0.8895444
0.7532452
0.7784223
0.7706142
0.8032249
0.7473592
0.7816437
0.7724359
0.7737479
0.7866154
0.7738115
0.7632484
0.8156395
0.8149762
0.9064441
0.8097449
0.690484
0.8345551
0.8142111
0.8749749
0.6782943
0.6788467
0.6779514
0.67855
0.8416251
0.6759412
0.6519528
0.7877293
0.7907572
0.773277
0.8213532
0.7887555
0.7682222
0.6813259
0.8558598
0.7804554
0.8044683
0.8021776
0.8066112
0.6989451
0.8028697
0.8310838
0.8000427
0.8347668
0.7745871
0.7617775
0.7751397
0.7215472
0.6957309
0.6921386
0.6859813
0.738218
0.7104451
0.7139253
0.6887681
0.7370647
0.786645
0.788509
0.7905771
0.6910954
0.7723073
0.773425
0.7757534
0.7713432
0.770837
0.7682695
0.7671273
0.7731929
0.7739828
0.7597269
0.7737914
0.7621174
0.7581269
0.7013103
0.812484
0.8063533
0.8026682
0.7251276
0.7698479
0.779789
0.7843598
0.6948751
0.7936561
0.8022847
0.7086072
0.6986398
0.7245234
0.7656322
0.7034795
0.8565469
0.820977
0.6687521
0.8906228
0.7019645
0.7651266
0.7668483
0.7784824
0.7772628
0.7916757
0.7685548
0.8870533
0.7616464
0.7827622
0.7707567
0.7994724
0.7606099
0.7868422
0.7772258
0.7818273
0.7920077
0.7792151
0.771185
0.8162629
0.8139643
0.9006629
0.8149487
0.6885437
0.8348306
0.8167863
0.8816559
0.6925759
0.6903435
0.6905873
0.6919339
0.8452037
0.6771266
0.6772081
0.7938918
0.7904067
0.7800578
0.8255726
0.7954412
0.7832856
0.6962221
0.8564385
0.786944
0.8052948
0.8002032
0.8103724
0.7164683
0.8103274
0.8215619
0.7993887
0.8346307
0.7830884
0.7705489
0.774383
0.7262223
0.7080785
0.7041614
0.7012464
0.7433076
0.7189655
0.7149327
0.6985689
0.7434523
0.8480303
0.8533364
0.8544503
0.835981
0.8398994
0.8412676
0.8423349
0.8409317
0.8414471
0.8398538
0.8434008
0.8407595
0.8389549
0.8362206
0.8374673
0.8362689
0.8330957
0.8346551
0.8432308
0.8556348
0.8401257
0.8435162
0.8386662
0.8368353
0.8422036
0.8419621
0.8436462
0.8449133
0.8391259
0.8349481
0.8439292
0.8401923
0.8418577
0.8988056
0.8590145
0.8343856
0.9162847
0.8381315
0.8344772
0.8354683
0.8392907
0.8400298
0.8452327
0.8359978
0.8973303
0.8383517
0.8403513
0.8383306
0.8481792
0.8396804
0.8431875
0.8423301
0.8346262
0.8421667
0.8383041
0.8401857
0.8481549
0.8371356
0.892706
0.8351484
0.8386647
0.8559854
0.8426281
0.9044261
0.8364381
0.8367184
0.8352458
0.8333584
0.8653617
0.8384189
0.8349286
0.8412327
0.8334806
0.8390984
0.849606
0.8408545
0.8420238
0.8358358
0.8682298
0.8372881
0.8346887
0.8476914
0.853259
0.8456166
0.8393967
0.8535516
0.839779
0.8596605
0.8414525
0.83416
0.8400471
0.844149
0.8406168
0.8352419
0.8382805
0.84388
0.8442528
0.8445266
0.8388521
0.8371887
0.7962235
0.7974453
0.7965261
0.7027648
0.7875767
0.7849571
0.7943254
0.7856901
0.7825166
0.7844234
0.7869258
0.786293
0.7866764
0.7806912
0.7821994
0.7812392
0.7785303
0.7098158
0.8196023
0.8214979
0.8042968
0.7435849
0.7840251
0.7873636
0.7875125
0.7175911
0.7987664
0.8059425
0.7165231
0.7130791
0.7194623
0.7803081
0.7263511
0.863569
0.8217357
0.7029766
0.8925431
0.7283661
0.7753397
0.7703763
0.7802562
0.783233
0.8024645
0.7775446
0.8911428
0.7706589
0.7894678
0.781888
0.8089949
0.775419
0.7973729
0.7836599
0.7908547
0.7970961
0.7842648
0.788361
0.8277027
0.8145802
0.9078666
0.8119747
0.7089505
0.840961
0.8221692
0.8851532
0.7186675
0.7187756
0.7153778
0.7206345
0.8441311
0.7091138
0.7020041
0.8014041
0.7967224
0.7883959
0.8316163
0.7988119
0.7863272
0.7155075
0.8567009
0.7994871
0.8169657
0.8071353
0.8193748
0.7396432
0.8205236
0.8321817
0.8087119
0.8384927
0.7840331
0.7742288
0.7833426
0.734238
0.7167839
0.7197673
0.7158069
0.7503527
0.7272506
0.7335682
0.7036586
0.7508122
0.7897849
0.793885
0.795254
0.6941697
0.7798291
0.7766611
0.7799082
0.7797855
0.7733294
0.7740579
0.7691263
0.7792981
0.7789764
0.7670177
0.7745825
0.7711253
0.7610609
0.7019595
0.8156609
0.8124499
0.803692
0.7432185
0.7619345
0.7795456
0.7841395
0.7006798
0.7965175
0.8065137
0.7048438
0.704957
0.7080961
0.77748
0.6848469
0.8516459
0.8148325
0.6777398
0.8875195
0.7064016
0.7673651
0.761309
0.7762465
0.7790606
0.7987286
0.769287
0.8909761
0.7594907
0.7885623
0.7747879
0.8008608
0.7619537
0.7873622
0.7716531
0.7866176
0.7885378
0.7879219
0.771097
0.8257917
0.8281187
0.9090483
0.8178858
0.7036417
0.8345861
0.8254665
0.8793821
0.6942031
0.6856358
0.6895674
0.6945835
0.8453583
0.6953447
0.6788768
0.7968857
0.8080457
0.7746422
0.8277803
0.8026302
0.7796793
0.7001224
0.8528347
0.7885957
0.8205309
0.8035485
0.8117256
0.7105671
0.8158918
0.8310284
0.801797
0.8340942
0.7772533
0.7748938
0.7795995
0.7261832
0.7013451
0.7000382
0.6959486
0.7362565
0.7140282
0.7202584
0.7011569
0.7432002
0.7892433
0.7982737
0.7994488
0.7749379
0.7953946
0.7994528
0.7972089
0.7941662
0.7909898
0.79194
0.7914628
0.7939367
0.796045
0.7882954
0.7864489
0.7918089
0.7842402
0.7770215
0.8200499
0.8151452
0.8066117
0.786082
0.7858843
0.7923354
0.7950189
0.786751
0.7999568
0.808388
0.7808155
0.7797912
0.7887867
0.7873579
0.7853443
0.862945
0.8223394
0.7767488
0.8939526
0.7853013
0.7649642
0.7677502
0.7774213
0.7756239
0.7902316
0.7718772
0.879823
0.7667789
0.7786574
0.779639
0.7971178
0.768356
0.7891906
0.7813306
0.773083
0.7943387
0.777891
0.7880987
0.821434
0.8052629
0.8925842
0.811714
0.7833772
0.8398006
0.8144272
0.8842539
0.7730467
0.7743423
0.7756706
0.7755512
0.8393735
0.7726953
0.776374
0.7981306
0.7955589
0.7941691
0.8253882
0.8019555
0.7840417
0.7809078
0.8545489
0.8002519
0.8026393
0.8152639
0.8135141
0.7970266
0.8077565
0.8362812
0.8129361
0.8405924
0.7968699
0.7933797
0.782493
0.7924634
0.7870916
0.7798298
0.7851352
0.8039887
0.7861818
0.7939807
0.7813497
0.7900938
0.8100747
0.808372
0.8123353
0.7774368
0.8023049
0.8016787
0.7990275
0.7998402
0.7970544
0.7959561
0.7930011
0.8003799
0.8019256
0.7889064
0.7946468
0.7915592
0.7945651
0.7804862
0.8371953
0.8211199
0.821135
0.7737202
0.7999761
0.8035088
0.8104501
0.7851988
0.7877064
0.8013818
0.7807311
0.7765753
0.7964955
0.8052641
0.7828835
0.8425353
0.8280841
0.7758069
0.8878467
0.7826144
0.7824896
0.7825844
0.7923701
0.7959024
0.8150689
0.7851155
0.8999472
0.7766123
0.7997172
0.7942107
0.81385
0.7835561
0.8096573
0.7918328
0.7907538
0.8146613
0.7994001
0.799068
0.8287779
0.8210119
0.9230038
0.8271305
0.7788615
0.8515432
0.8339241
0.8756056
0.7679995
0.770617
0.7685801
0.7660362
0.8594103
0.7799632
0.7756273
0.7927377
0.8109462
0.802509
0.8418143
0.8086174
0.7953743
0.7780871
0.8711958
0.8081825
0.8191251
0.8270634
0.7885696
0.8074324
0.8179406
0.8496683
0.8293242
0.8536767
0.814626
0.7946061
0.7669074
0.7965578
0.7809842
0.7838277
0.7750405
0.8050112
0.7848256
0.7933837
0.7747851
0.7859406
0.789234
0.7926618
0.7945051
0.7628232
0.7869401
0.7910252
0.7900126
0.7851022
0.7844435
0.7825297
0.7828209
0.7882134
0.7879253
0.7783817
0.7831285
0.7796003
0.7748333
0.7646437
0.8171499
0.808108
0.8027481
0.7754137
0.777388
0.7819323
0.7873455
0.7803144
0.7923471
0.8028259
0.7775082
0.7743949
0.7833076
0.7816651
0.7763456
0.8610487
0.8166378
0.7728498
0.8946415
0.7808621
0.7504797
0.7562245
0.7733564
0.7734172
0.7846865
0.7634099
0.8786467
0.7557774
0.7727147
0.7717596
0.7941459
0.7603369
0.7819318
0.7670133
0.7678105
0.7808782
0.7746644
0.7869597
0.8080552
0.8009057
0.8918708
0.8065307
0.7708163
0.8372906
0.8043489
0.8858092
0.7717614
0.7661029
0.7645948
0.7666549
0.8338854
0.7664741
0.7689367
0.7933443
0.7841085
0.7887316
0.8189392
0.7931876
0.7689642
0.763339
0.8532234
0.7934299
0.7912458
0.8074646
0.8139305
0.786559
0.7953229
0.8301768
0.8022006
0.8376448
0.7915202
0.7826643
0.7760332
0.7934988
0.7798482
0.7797018
0.7741058
0.8002964
0.7830461
0.7886115
0.7697578
0.7821427
0.8230815
0.8250224
0.8258719
0.7992437
0.8080854
0.8105258
0.8127789
0.8071479
0.804878
0.8054748
0.8032352
0.8080613
0.8075906
0.8032617
0.8032787
0.8029416
0.8027654
0.7982588
0.825872
0.8371516
0.8108574
0.8049032
0.7945584
0.8054506
0.8038436
0.8202821
0.8176245
0.821425
0.8084915
0.8131512
0.819745
0.8042861
0.8126326
0.8705712
0.8450485
0.8069357
0.9027647
0.8083474
0.8037846
0.8015271
0.811488
0.8164516
0.814427
0.8037909
0.8927673
0.8087609
0.8063793
0.8126108
0.8235584
0.8055138
0.8225791
0.811834
0.8042859
0.8194597
0.8161059
0.8110958
0.8084902
0.8023212
0.8789843
0.6927561
0.8078033
0.8393144
0.6924343
0.8938468
0.8088471
0.8047483
0.8058091
0.8076366
0.8528608
0.8050676
0.7977194
0.8086796
0.6896627
0.807077
0.8255495
0.7988064
0.8155277
0.8134297
0.8515566
0.8091633
0.7161481
0.8254966
0.8419241
0.8199291
0.7117355
0.8390384
0.8165872
0.843969
0.8069786
0.8049534
0.8091704
0.8230175
0.8216527
0.8080392
0.818138
0.8249822
0.8170239
0.8136989
0.812443
0.8216402
0.8303889
0.8338405
0.8358727
0.8080704
0.8132814
0.8209054
0.8202264
0.8131344
0.8184117
0.818372
0.8157141
0.8134908
0.8138796
0.8143302
0.8078719
0.8085051
0.8155029
0.8061307
0.8275651
0.8395567
0.8181031
0.8108123
0.8116974
0.8166185
0.8178205
0.8307806
0.8173242
0.8233503
0.8259559
0.8197634
0.831456
0.8209302
0.8207371
0.8846807
0.8479894
0.8118277
0.9121622
0.8227949
0.8143259
0.8110083
0.8141465
0.8188579
0.8173458
0.8179648
0.8895718
0.8203943
0.8214358
0.819083
0.8267826
0.8153421
0.8258027
0.8284679
0.8059355
0.8241816
0.8178331
0.8202426
0.8119613
0.7911089
0.8562398
0.7344334
0.8149882
0.8398198
0.7091661
0.9043894
0.8097632
0.8119492
0.8101842
0.8120874
0.8531836
0.8138577
0.8117698
0.8150823
0.7070932
0.8213201
0.8186974
0.8104175
0.8202751
0.8201027
0.8521187
0.8075896
0.6223206
0.8310873
0.8400164
0.8348657
0.6890121
0.8357739
0.8174286
0.843455
0.8165713
0.8157215
0.814669
0.8290281
0.8266716
0.8223219
0.8226164
0.8333333
0.8253877
0.8240741
0.822671
0.8256424
0.8275088
0.835124
0.8372494
0.8098675
0.8131269
0.8192125
0.8179926
0.8106784
0.8130504
0.8065045
0.811604
0.8116444
0.8128152
0.8102386
0.8086182
0.8076983
0.8165328
0.8052451
0.8259667
0.8380879
0.8170808
0.8094358
0.8069166
0.8128013
0.8115796
0.8301402
0.822872
0.8232551
0.8282389
0.8178623
0.8292925
0.815314
0.8228357
0.8844817
0.8420628
0.8139672
0.911562
0.8222643
0.8130789
0.8091145
0.8149913
0.8209546
0.8188969
0.8151506
0.8918672
0.8182278
0.8206945
0.8175002
0.8242862
0.8168339
0.8251912
0.8240496
0.8053493
0.8234115
0.8206554
0.818958
0.813023
0.78926
0.8637772
0.7255778
0.8150681
0.8406533
0.7127319
0.899942
0.8076385
0.8056365
0.8065091
0.8080884
0.8547858
0.8079902
0.8073231
0.8124197
0.709375
0.8168324
0.8199099
0.8097071
0.8195481
0.8162482
0.8568581
0.8065358
0.5881481
0.8332455
0.841172
0.8285963
0.6801219
0.8357748
0.8179947
0.8411832
0.8175285
0.8139069
0.8137741
0.8257654
0.822973
0.8185117
0.820808
0.831516
0.8229625
0.8201064
0.8210594
0.8255887
0.8267701
0.8295324
0.8288544
0.8038886
0.8073804
0.8168685
0.8164202
0.8057584
0.8130296
0.8085445
0.8125683
0.8085172
0.8087768
0.808848
0.8067117
0.8072258
0.8096452
0.8040369
0.8296157
0.8357907
0.8118248
0.8087521
0.8019458
0.8053967
0.807949
0.824541
0.8210526
0.8258366
0.8216345
0.8175405
0.8280358
0.8134381
0.8215955
0.8788167
0.8417969
0.8095958
0.9075145
0.8186581
0.8049445
0.8093246
0.8094047
0.8209585
0.8142752
0.809695
0.8895097
0.8139511
0.8173948
0.8093056
0.8213753
0.8100322
0.8259953
0.8221579
0.8023514
0.8196926
0.8212348
0.8173788
0.8099038
0.7875789
0.8658394
0.7232166
0.811549
0.8370539
0.7173913
0.9018312
0.8091414
0.810102
0.8092382
0.8134425
0.8557593
0.8028844
0.8034629
0.8069258
0.7123524
0.8120106
0.819466
0.803831
0.8129264
0.8185118
0.8539041
0.8045488
0.6207277
0.8274813
0.8427769
0.826208
0.6881067
0.834528
0.8189535
0.8407637
0.8106875
0.8133994
0.8110594
0.8271745
0.8279265
0.8205614
0.8169807
0.8290507
0.8225446
0.8198608
0.8199225
0.8237634
0.7970057
0.8050471
0.8078582
0.7273821
0.795747
0.7911673
0.7965527
0.7961667
0.7906455
0.7943824
0.7936325
0.7928248
0.7946328
0.7872036
0.7949324
0.7874587
0.7886201
0.7259454
0.8241147
0.8198997
0.8081031
0.756141
0.7861005
0.7943262
0.7974791
0.7408128
0.799576
0.8102773
0.7292099
0.7316826
0.7406779
0.7915795
0.7340261
0.8686354
0.8197241
0.7155847
0.8996384
0.7394548
0.7793532
0.7777899
0.7897403
0.7942432
0.7972021
0.7810378
0.8884383
0.7859463
0.7945649
0.7826868
0.8002734
0.7828877
0.797038
0.791819
0.7986235
0.803694
0.7973511
0.7896663
0.8291167
0.8231352
0.8998193
0.8165588
0.7348228
0.8356758
0.8228651
0.8841848
0.7219412
0.7174084
0.7178757
0.7188086
0.84251
0.72393
0.7233542
0.804903
0.8118127
0.7964796
0.8291892
0.8053917
0.7918936
0.7278057
0.8520707
0.7991345
0.8170858
0.8173689
0.8118801
0.7385918
0.8188402
0.8337327
0.8103155
0.8395344
0.8008918
0.7900863
0.7876825
0.7449903
0.7423079
0.737478
0.7371336
0.7537924
0.7436252
0.74498
0.7376745
0.7628701
0.8743978
0.8753281
0.8750164
0.8679536
0.861456
0.8654334
0.8649432
0.8594638
0.8627964
0.8621813
0.8670494
0.8602866
0.860228
0.8633366
0.8654256
0.8612732
0.8643218
0.8668956
0.8642392
0.8838045
0.8613346
0.8727009
0.8591346
0.8588498
0.8593446
0.8685963
0.873618
0.8778914
0.8716769
0.8702502
0.8727522
0.8641636
0.8704654
0.9220881
0.8794601
0.8671016
0.933318
0.8762915
0.8669539
0.8713845
0.8660893
0.8654912
0.8601711
0.8696782
0.9021851
0.8705628
0.874851
0.8650584
0.87116
0.8724952
0.8684032
0.8653065
0.8742095
0.8705957
0.8740339
0.8650626
0.8668382
0.8788363
0.8995275
0.8674719
0.8712234
0.8713636
0.864155
0.9236537
0.8699062
0.8717389
0.8713708
0.8696886
0.8856924
0.872169
0.8661814
0.8769251
0.8634605
0.8631906
0.8666114
0.8633004
0.8715319
0.8707751
0.8758837
0.8700466
0.8641867
0.8656206
0.8775051
0.8761905
0.8653137
0.8687734
0.8576832
0.8724636
0.8627095
0.8647823
0.8738127
0.873662
0.8713039
0.8635777
0.8719521
0.8712969
0.870498
0.8707387
0.869815
0.871789
0.8090666
0.8077584
0.8104914
0.7922985
0.7868163
0.7977164
0.8005553
0.7848852
0.7891674
0.7919599
0.7913855
0.7880232
0.785038
0.783681
0.7868149
0.7892966
0.7886859
0.7985763
0.8171019
0.8288071
0.8065947
0.793094
0.7837975
0.7898888
0.7979096
0.7866457
0.8088087
0.8226669
0.7981001
0.7908127
0.8015873
0.7872209
0.7903357
0.8752747
0.8296527
0.7878539
0.9003432
0.7936465
0.7914253
0.7957497
0.8020035
0.7995975
0.8094377
0.7921665
0.887697
0.7931337
0.8046295
0.7991801
0.8177981
0.7893959
0.8075452
0.801362
0.8072307
0.8077257
0.8035944
0.7917732
0.8278347
0.826904
0.8998568
0.8242468
0.7924795
0.8340126
0.8315719
0.8905654
0.7930229
0.7939064
0.7947895
0.7959993
0.8453986
0.7925058
0.7964703
0.8163192
0.8155167
0.791508
0.8368044
0.8109421
0.795705
0.7876873
0.846799
0.8052714
0.819397
0.8051038
0.8279586
0.8003251
0.8201718
0.8274984
0.8042911
0.8362984
0.7919037
0.7938768
0.8115671
0.8019874
0.7927065
0.792987
0.790818
0.8118888
0.7974643
0.7982191
0.7920705
0.8062777
0.810597
0.8154759
0.8164258
0.7917636
0.7908362
0.7946488
0.7996222
0.7880614
0.7988648
0.791703
0.797106
0.7910899
0.7900175
0.7962877
0.7867836
0.7952151
0.7828436
0.7901653
0.8148617
0.8347781
0.8028703
0.7955708
0.7834218
0.7924406
0.7892602
0.7978218
0.8086713
0.8173694
0.798297
0.7993576
0.806545
0.7871872
0.7939079
0.8746902
0.8347456
0.7931128
0.8982205
0.8079861
0.7916068
0.7957729
0.8021568
0.8047823
0.8056515
0.7943277
0.8881872
0.7900215
0.8109269
0.8000694
0.8168952
0.7903862
0.8082244
0.8051143
0.7924851
0.808801
0.8017373
0.7956329
0.8196807
0.8079865
0.8913449
0.8085045
0.7959699
0.8353157
0.8142412
0.8900829
0.7895476
0.7944016
0.7907782
0.7926374
0.8465784
0.7973867
0.7900379
0.8128114
0.7996923
0.7971537
0.8304757
0.8023024
0.7994955
0.7954582
0.8522176
0.8070269
0.8022329
0.8139355
0.8335618
0.8050979
0.8095169
0.8272945
0.8062539
0.8347576
0.7909734
0.7903477
0.8091824
0.8097423
0.8020221
0.8009404
0.7971219
0.8134815
0.7962759
0.8045081
0.7919948
0.8087143
0.7899142
0.7927698
0.7939448
0.7616692
0.7562217
0.7601344
0.7708345
0.7541011
0.7553614
0.7559343
0.7522624
0.7608074
0.7543481
0.7416406
0.7475287
0.745827
0.7458803
0.7660347
0.8040967
0.8168865
0.7839874
0.7724865
0.7508818
0.7583553
0.7608837
0.7647871
0.7978145
0.8077564
0.7695033
0.7683355
0.7733046
0.7549057
0.7547915
0.860541
0.8244625
0.757072
0.8877313
0.7787651
0.7629727
0.7645579
0.7647752
0.7785923
0.7861716
0.7714894
0.8880632
0.7491956
0.7774273
0.7668424
0.8034112
0.7599718
0.7919866
0.7757767
0.7825442
0.7895245
0.7806189
0.7515549
0.8186049
0.8152527
0.9106404
0.8102523
0.7638479
0.8342284
0.8158132
0.8773309
0.7594002
0.7615975
0.7611124
0.7594708
0.8401938
0.7580729
0.7592916
0.7983189
0.7927886
0.7598838
0.8237911
0.7902532
0.7739084
0.7639001
0.8422614
0.7863359
0.8131584
0.7785507
0.8189311
0.7770679
0.8123512
0.8182477
0.796482
0.8319239
0.7565155
0.7607171
0.7940491
0.7822652
0.7627702
0.7642996
0.7593485
0.7889028
0.7749497
0.7793015
0.7625248
0.7758494
0.8540793
0.8555204
0.8539702
0.8463608
0.8449142
0.8475241
0.8493028
0.8429277
0.8495896
0.8482556
0.8497021
0.8443403
0.8452353
0.845441
0.8492136
0.848585
0.8414253
0.8454523
0.8503809
0.8622768
0.8496116
0.8451094
0.8393232
0.843469
0.845683
0.8486612
0.8485287
0.8500835
0.8449773
0.8452411
0.8519115
0.8457702
0.8435981
0.9008361
0.8613237
0.846039
0.9222681
0.8399763
0.8433735
0.8427896
0.8421566
0.8456933
0.8502264
0.8441853
0.8963393
0.841993
0.8504885
0.8444496
0.8478927
0.8506777
0.8488685
0.8445834
0.8471559
0.85482
0.8451123
0.8475005
0.8497833
0.853865
0.8990477
0.8459631
0.847714
0.8547879
0.8527762
0.9141301
0.8388242
0.8401541
0.8399079
0.8377402
0.8663591
0.8482116
0.8411
0.8532271
0.8484025
0.8461611
0.8521617
0.840182
0.852456
0.8462263
0.871545
0.8500227
0.8450783
0.8547864
0.8592447
0.8499783
0.8456489
0.862757
0.8470594
0.8672776
0.843919
0.8413727
0.8429706
0.8552355
0.8434311
0.8462632
0.8511798
0.8518889
0.8449507
0.8472506
0.8476176
0.8438556
0.8302724
0.8339898
0.8353341
0.8174053
0.8175965
0.8248243
0.8241828
0.8162934
0.8175719
0.8241909
0.8253952
0.8142991
0.8172387
0.8174797
0.8246304
0.8244415
0.8174479
0.8205615
0.8409346
0.8511313
0.8270826
0.8219171
0.8167862
0.8220416
0.8206827
0.824076
0.8319336
0.843292
0.8232537
0.8222975
0.8300555
0.8214512
0.81863
0.8905772
0.8463092
0.8176556
0.9117732
0.8237447
0.8146361
0.8101546
0.8184959
0.8228443
0.8257856
0.8147258
0.8893519
0.8169463
0.8245906
0.8221365
0.8372634
0.8213201
0.834231
0.828423
0.8216154
0.8288982
0.8272894
0.8230678
0.831173
0.8352651
0.8952749
0.8296769
0.8219241
0.6759619
0.8321691
0.9031214
0.8139655
0.8140331
0.8141308
0.8160717
0.8618804
0.818573
0.815214
0.8320039
0.8286703
0.8234321
0.8320476
0.8239664
0.8253769
0.8215936
0.8620778
0.8259358
0.827082
0.8319836
0.8468827
0.8283812
0.8325008
0.8514677
0.828553
0.8584405
0.8215621
0.8187407
0.8276497
0.8327235
0.8291264
0.8265002
0.8273668
0.836586
0.8235736
0.833932
0.8222418
0.822557
0.8218893
0.8233952
0.8256922
0.7903333
0.803944
0.8016043
0.8007939
0.8023559
0.7955798
0.7998224
0.7960611
0.8012493
0.8020014
0.796314
0.7928135
0.7942538
0.8001247
0.7860151
0.8195923
0.8327638
0.8091215
0.7973252
0.7918936
0.8011598
0.8045105
0.8126385
0.813421
0.8194339
0.810894
0.8042528
0.8168404
0.8034837
0.8104224
0.874085
0.8401138
0.7977838
0.9028097
0.8037176
0.8028418
0.7969157
0.80238
0.8116558
0.8108001
0.7967053
0.8858108
0.7998542
0.8071032
0.8092433
0.8165017
0.797428
0.8149216
0.8104899
0.7978604
0.8160047
0.8093599
0.8045555
0.8084524
0.7833766
0.872568
0.7035173
0.8027174
0.8308591
0.6986058
0.896436
0.8031341
0.8033813
0.8025607
0.8036469
0.8512902
0.7991483
0.7935902
0.8044573
0.6935707
0.8015659
0.8167517
0.7926267
0.8066239
0.8040223
0.8476914
0.8012625
0.7046069
0.8225522
0.8352642
0.8186303
0.7139404
0.8306229
0.8070862
0.839505
0.8038963
0.8032709
0.8041725
0.8224045
0.8150494
0.8038029
0.8113374
0.8174388
0.8097996
0.8097754
0.8069963
0.8175384
0.8354461
0.8362945
0.8354546
0.815359
0.818693
0.8208559
0.8213617
0.8188456
0.8199163
0.8197457
0.8212388
0.8170792
0.8185675
0.8175858
0.8178527
0.8177542
0.8146397
0.8158617
0.8298793
0.8447499
0.8168199
0.818096
0.810158
0.8171079
0.8152773
0.8308689
0.8254168
0.831743
0.8260914
0.8252752
0.8345865
0.8191479
0.8290725
0.8844539
0.8531299
0.818809
0.9065783
0.8268154
0.8225323
0.8198008
0.8256204
0.8270338
0.8230414
0.8179543
0.8874786
0.8194916
0.8219488
0.8207339
0.8316576
0.8154745
0.8313175
0.8274569
0.8141915
0.826434
0.8235963
0.8138489
0.8264516
0.8082461
0.87953
0.6331759
0.8236932
0.8412913
0.6915791
0.9000087
0.8233595
0.8199067
0.82074
0.8238275
0.8581111
0.8203257
0.8194315
0.8193471
0.7014413
0.8207376
0.8286999
0.8100256
0.8244864
0.8263818
0.8547982
0.8160198
0.7340481
0.8316503
0.848249
0.8311009
0.7335876
0.8368492
0.8182073
0.84449
0.8166642
0.8158446
0.8197594
0.8383174
0.8299396
0.8224623
0.8267901
0.8329309
0.8304796
0.8310057
0.827918
0.8296401
0.817542
0.8235179
0.8254494
0.802596
0.7956913
0.8005133
0.7961435
0.7918697
0.7928861
0.79794
0.794577
0.7931907
0.7956201
0.7888631
0.7985194
0.7899753
0.7941843
0.8028117
0.8222796
0.8401238
0.8053726
0.8045983
0.788916
0.7911298
0.7983979
0.8060139
0.8241351
0.8318708
0.8035181
0.8011196
0.8078721
0.795539
0.7962561
0.8815111
0.8346833
0.802117
0.9055369
0.8075601
0.8032746
0.8017734
0.8054589
0.8086326
0.8152018
0.7998231
0.8910669
0.7983388
0.808878
0.8016938
0.8271545
0.7966093
0.8147063
0.8085148
0.8102183
0.8154201
0.8138451
0.7918415
0.8240265
0.8323974
0.8959394
0.8198483
0.8061375
0.8338716
0.8264808
0.892678
0.799587
0.79714
0.7964027
0.7985439
0.8509377
0.7993582
0.7928495
0.8273192
0.806587
0.7963196
0.823756
0.8081557
0.8046091
0.8011508
0.8359807
0.8110561
0.8202689
0.8129149
0.8384631
0.8120737
0.8167877
0.832571
0.8052619
0.8424433
0.7983101
0.8033893
0.8195114
0.8140196
0.8075281
0.8020964
0.8009945
0.8181316
0.8073644
0.81284
0.8005646
0.8143519
0.8064223
0.8085482
0.8100166
0.7958087
0.8017723
0.8031488
0.8033391
0.802356
0.8036721
0.7985101
0.8026384
0.8009006
0.8010866
0.796044
0.8004286
0.8032787
0.7951202
0.7981474
0.8245639
0.8209455
0.816572
0.8011559
0.8013929
0.8013
0.8053766
0.8049041
0.8118037
0.8196152
0.8010796
0.8017747
0.8079446
0.800784
0.8015984
0.8743325
0.8237754
0.7992973
0.8990908
0.8078799
0.785818
0.7893245
0.7922359
0.7974435
0.8057146
0.79511
0.8807654
0.7899272
0.7975725
0.7905083
0.8137904
0.7909719
0.8043731
0.7994134
0.8012544
0.8086521
0.799822
0.8028504
0.8331135
0.8246689
0.8959548
0.8234985
0.79864
0.8484655
0.8301528
0.8877601
0.7989204
0.7995459
0.7976274
0.8007783
0.845664
0.7922799
0.7963676
0.8206444
0.8168529
0.8084406
0.8312717
0.8160564
0.8006188
0.7982532
0.8563287
0.8248986
0.8220063
0.8229031
0.8262457
0.8037271
0.8211882
0.8344824
0.8157316
0.8351406
0.804657
0.8023887
0.8071086
0.810267
0.8011091
0.8004043
0.8034802
0.8115845
0.8029189
0.806516
0.7970383
0.8113673
0.7762718
0.7785888
0.7809352
0.7498449
0.7632112
0.7641417
0.7649884
0.7629445
0.7549552
0.7556358
0.7625296
0.7634862
0.7593915
0.7509497
0.7582196
0.7531552
0.7508141
0.7510925
0.8009444
0.8050493
0.7811028
0.7517664
0.7483996
0.7584003
0.7614129
0.756357
0.7853576
0.8002093
0.7665901
0.7543202
0.7641885
0.7511601
0.7541848
0.8493442
0.8143061
0.7498142
0.8874041
0.7670424
0.7477599
0.7449296
0.7600498
0.7700484
0.7789112
0.7514063
0.8894619
0.7402246
0.75944
0.7583545
0.78817
0.7410172
0.7763663
0.7657034
0.7608523
0.7766703
0.7626544
0.7488026
0.8121082
0.8012794
0.9089083
0.8068638
0.754616
0.8258734
0.8140379
0.8771314
0.7515432
0.7507892
0.7525046
0.7508209
0.8357987
0.7559829
0.7447272
0.7835975
0.7886975
0.7573568
0.8192366
0.7898278
0.7734286
0.7550682
0.8513527
0.7827249
0.800022
0.7873803
0.8161744
0.7711311
0.8030994
0.8223299
0.7891348
0.830551
0.7683136
0.754977
0.77775
0.7768097
0.7590076
0.7603431
0.7545817
0.7836965
0.7760236
0.7732313
0.7536637
0.7719497
0.7850733
0.7842365
0.7839607
0.7740546
0.7933286
0.7845746
0.7926903
0.7911695
0.7892362
0.7918681
0.7865624
0.7926027
0.7911285
0.7834727
0.7812465
0.7807911
0.7832572
0.7745621
0.823818
0.8057423
0.8117731
0.7691158
0.7824207
0.7967059
0.7979869
0.7787806
0.7949259
0.8033645
0.7808497
0.7826036
0.7863582
0.7896864
0.7816881
0.8595148
0.8175901
0.7695673
0.8906764
0.7791997
0.7571017
0.7553365
0.7633224
0.7745397
0.7891497
0.764217
0.878093
0.7604834
0.7733817
0.7681979
0.7877397
0.7523687
0.7858448
0.7746661
0.7685064
0.7901996
0.7715652
0.7905957
0.8253657
0.8093326
0.9003668
0.8196788
0.7765527
0.8408372
0.8213432
0.8772124
0.7727487
0.7737506
0.7734859
0.768643
0.8298377
0.7741917
0.774262
0.801934
0.8041308
0.796387
0.8280543
0.8107955
0.7652348
0.7793035
0.848003
0.8036618
0.8150295
0.8102887
0.8148128
0.7911915
0.81239
0.8321716
0.8131059
0.841395
0.7982798
0.7867774
0.7853022
0.7938756
0.7770431
0.7793744
0.770438
0.7949187
0.7830216
0.7851687
0.7724199
0.7812034
0.7887257
0.7886874
0.7911887
0.7973813
0.8121335
0.8088801
0.8107574
0.8113051
0.8117944
0.8088595
0.8092991
0.8125939
0.8108894
0.8055791
0.8107979
0.8100411
0.808742
0.7946508
0.8255603
0.8132755
0.8228738
0.802052
0.8044211
0.8197134
0.8178348
0.8029233
0.8176948
0.8182971
0.8046334
0.7969173
0.8037246
0.8118041
0.8000549
0.8709743
0.8241499
0.7977516
0.9012922
0.8045583
0.7808474
0.7871723
0.7839884
0.7870366
0.7951212
0.7899155
0.8799216
0.7898956
0.7843554
0.7859389
0.7998766
0.7850955
0.7983983
0.7936435
0.7877987
0.8016423
0.7897337
0.8118812
0.8362433
0.8299211
0.8940653
0.8360118
0.7977454
0.8522991
0.8359681
0.8880734
0.8021373
0.79714
0.7993691
0.7988035
0.8415869
0.7995176
0.7977503
0.8215231
0.8243581
0.8135986
0.8343156
0.8147526
0.7887051
0.7998678
0.8599596
0.8191864
0.8284311
0.8183793
0.8206889
0.8047037
0.8315036
0.8382105
0.8208267
0.8379554
0.8102348
0.8114247
0.8009088
0.8054935
0.8058891
0.8003483
0.7968663
0.8052504
0.8060613
0.7993729
0.8029715
0.8074601
0.8654243
0.8735365
0.8746995
0.8680272
0.8759917
0.8712498
0.8726285
0.8743395
0.8757882
0.8726478
0.8762834
0.8739049
0.8748508
0.8728095
0.8722527
0.8718571
0.8739596
0.8688936
0.8697412
0.8768878
0.8622991
0.8715995
0.8685495
0.8685967
0.8681153
0.8765964
0.8698546
0.8686218
0.8741693
0.8728683
0.8801723
0.8750627
0.8766999
0.9203649
0.8810409
0.8710864
0.9358837
0.8778829
0.866303
0.8685819
0.8690514
0.8635042
0.8604973
0.8659352
0.901079
0.8742553
0.8654006
0.8690417
0.8639053
0.8692612
0.8661476
0.8714547
0.8587532
0.8703178
0.8694219
0.8720758
0.8665645
0.852566
0.866832
0.8579225
0.8735001
0.8781901
0.8536379
0.927416
0.8747953
0.875994
0.8746923
0.8776729
0.8814945
0.8705758
0.8709568
0.8663124
0.8533528
0.8695393
0.8654062
0.8642468
0.8705587
0.8769253
0.8790319
0.8708461
0.8471896
0.8755831
0.8821552
0.8766477
0.852753
0.8720014
0.8660128
0.874277
0.8661684
0.8680063
0.8672381
0.8751227
0.8739921
0.8736376
0.8798992
0.874071
0.8715263
0.8774145
0.8767481
0.877193
0.7827137
0.7863398
0.7834026
0.7534551
0.7567659
0.7552951
0.7652159
0.7555845
0.7528167
0.7525855
0.7563258
0.7587316
0.7558364
0.7470173
0.7551209
0.7495376
0.7446107
0.7573792
0.8008198
0.8109639
0.7864194
0.7681012
0.7474657
0.7568119
0.7594592
0.7630133
0.7928901
0.8063707
0.7603023
0.7576877
0.7697779
0.7540836
0.7500448
0.8546017
0.8126804
0.7554358
0.8872871
0.7662817
0.7478915
0.7520222
0.7595153
0.7672338
0.785869
0.7503323
0.8857394
0.7508511
0.765123
0.7611981
0.7937234
0.7483759
0.7849969
0.7659043
0.766425
0.7745923
0.7729715
0.7542815
0.8125509
0.8071181
0.9025206
0.8001656
0.7559737
0.8229383
0.8112064
0.8791056
0.7585734
0.7583094
0.7584763
0.7610889
0.8407343
0.7600095
0.7510675
0.7930365
0.7851768
0.7663259
0.8182586
0.7839903
0.7665482
0.7651726
0.8430018
0.7904606
0.8013241
0.7944013
0.8219518
0.7756056
0.8015379
0.818083
0.7899347
0.8293769
0.7645388
0.7497555
0.7844708
0.7825324
0.766901
0.7657821
0.7602315
0.7878381
0.7705276
0.7794286
0.7525057
0.7820115
0.8645593
0.8666065
0.8662587
0.8579488
0.8531552
0.8528748
0.8510117
0.8514536
0.8504503
0.8545396
0.8536894
0.8489869
0.8540986
0.850608
0.8542379
0.8533364
0.8515474
0.859366
0.8654485
0.8784799
0.8584513
0.8641945
0.8481609
0.8527107
0.8513883
0.8617468
0.8742903
0.8727621
0.8617214
0.8631649
0.8621326
0.8542429
0.8587836
0.911903
0.8713336
0.8587239
0.9216301
0.8615501
0.8546207
0.8584669
0.8575339
0.8584333
0.8589732
0.8576036
0.9051194
0.8605543
0.86458
0.8551147
0.8709189
0.8525341
0.8630399
0.8630683
0.8635102
0.8649245
0.8642873
0.8546045
0.8657226
0.8785112
0.906677
0.8616243
0.8629187
0.8740413
0.8715719
0.9157786
0.8603982
0.8619084
0.8587799
0.8622809
0.8790025
0.8618966
0.8585324
0.8750285
0.8667199
0.8567774
0.8663755
0.8593914
0.8640593
0.8624086
0.8569521
0.8588526
0.8701998
0.8623684
0.8851265
0.8631942
0.870198
0.8726708
0.8615418
0.8768401
0.8561996
0.8555788
0.8738919
0.8647381
0.8617319
0.8598445
0.8583985
0.8654874
0.8688631
0.8616086
0.8594694
0.8644897
0.8128508
0.81622
0.8177335
0.7932536
0.8133563
0.8126079
0.8135968
0.8132016
0.8066978
0.8091835
0.8154657
0.8128737
0.8126417
0.8021444
0.8098945
0.8091104
0.802675
0.7879613
0.8332186
0.825666
0.8269414
0.7939678
0.8002982
0.812569
0.8185665
0.7896134
0.7866362
0.7995608
0.7940384
0.7875305
0.7978621
0.8107122
0.7913686
0.8607118
0.8237153
0.7891584
0.8946865
0.7981761
0.7910144
0.7966572
0.8064226
0.8031383
0.8127418
0.8028811
0.8915321
0.7931601
0.8106573
0.8018504
0.8156687
0.7989378
0.8090095
0.8009906
0.8063249
0.8116215
0.8010378
0.8084327
0.8286974
0.8263657
0.9122035
0.8284662
0.792395
0.8441867
0.8324186
0.8820206
0.7827584
0.7819853
0.780728
0.7858811
0.851343
0.7945025
0.788447
0.8036204
0.820124
0.812453
0.8381435
0.8165574
0.7993957
0.7893273
0.8642181
0.8142769
0.8309596
0.829905
0.7928237
0.8059254
0.8277148
0.8454274
0.8295381
0.850487
0.8193943
0.8020472
0.7848428
0.8019681
0.7922227
0.7896212
0.7864924
0.8049062
0.7949223
0.7991099
0.78501
0.7831394