0.8724315
0.8746734
0.8718629
0.8754456
0.8735827
0.8779512
0.8747701
0.8697264
0.876087
0.8773606
0.8687379
0.8703245
0.8728044
0.8746181
0.8726756
0.8723043
0.8702527
0.871656
0.8719248
0.8713552
0.8754624
0.8778124
0.8641148
0.8908553
0.875505
0.8892062
0.8818246
0.8862337
0.8845997
0.8893393
0.8860457
0.8868792
0.875233
0.8724787
0.8887505
0.8697262
0.8762867
0.8796741
0.874144
0.8773766
0.8763435
0.879004
0.8742437
0.8746971
0.884648
0.8762076
0.8783935
0.8802793
0.8716224
0.8590769
0.8729637
0.8704792
0.8672115
0.8661861
0.867624
0.8743847
0.8652472
0.8743931
0.8770271
0.8702961
0.8638561
0.8697973
0.8796639
0.8721731
0.8683905
0.8651867
0.8689917
0.8725797
0.8654244
0.8723556
0.8696585
0.8699269
0.8694339
0.879556
0.8789497
0.8777909
0.8777974
0.8812365
0.8805378
0.8802428
0.8804851
0.8749907
0.8757279
0.8777106
0.8711227
0.8707761
0.8773386
0.8764115
0.8749261
0.8780748
0.8725846
0.876101
0.871712
0.8763945
0.8779995
0.8844871
0.764198
0.8797232
0.8739384
0.8773455
0.8743835
0.8763838
0.8705453
0.8764699
0.8769661
0.8782958
0.8726693
0.8760188
0.8832686
0.8801203
0.8731477
0.8711414
0.8720116
0.8745532
0.8733713
0.8751908
0.8760625
0.8802801
0.8741816
0.8797601
0.8726175
0.865543
0.8716602
0.7625364
0.8687203
0.879961
0.8860491
0.8886643
0.8766904
0.8884363
0.8837278
0.8880556
0.87454
0.8907557
0.8809162
0.8868934
0.878066
0.879958
0.8768673
0.8768447
0.8799555
0.8877167
0.8809186
0.8722692
0.8843657
0.8795702
0.8820359
0.8792508
0.881644
0.8813534
0.8807423
0.8838696
0.8805992
0.8821914
0.8803416
0.8774743
0.8806161
0.8752994
0.8738889
0.8744095
0.8777815
0.8773942
0.8770329
0.8747975
0.8800689
0.8787301
0.8753
0.8767996
0.8813263
0.8862245
0.7629354
0.882262
0.8748069
0.8806516
0.8749674
0.8762098
0.8728798
0.8772085
0.8779147
0.8773578
0.873851
0.8751306
0.8872194
0.8812322
0.8767943
0.870003
0.8743562
0.8742573
0.8773111
0.875728
0.8774376
0.8823769
0.8736331
0.8788196
0.869685
0.8647538
0.8762902
0.7704951
0.8694135
0.8829914
0.8859723
0.8929614
0.8790478
0.8900581
0.8862561
0.8905753
0.8759948
0.8894111
0.8831643
0.8900995
0.8786766
0.8811944
0.8814389
0.8821365
0.8841822
0.8878388
0.8808966
0.8748036
0.8871075
0.8841594
0.8845849
0.88366
0.8437155
0.8426328
0.8430268
0.8441756
0.8422376
0.8450442
0.8430917
0.8374362
0.8388057
0.8458612
0.8395469
0.8450286
0.8367339
0.8439714
0.8424205
0.8413564
0.8416435
0.8481209
0.8438156
0.8437869
0.8550847
0.8409038
0.874986
0.8758474
0.8543221
0.8725531
0.8649711
0.8705681
0.8650812
0.8685926
0.8722406
0.8739756
0.858172
0.8595456
0.8774141
0.8504431
0.8543845
0.8534995
0.8528831
0.8528628
0.8547759
0.8542198
0.8586521
0.8552657
0.8702267
0.8493532
0.8497818
0.8568373
0.8548726
0.8741426
0.8525231
0.8552859
0.8538809
0.8500305
0.8543575
0.8508638
0.8457566
0.8516699
0.8481148
0.861542
0.8345207
0.8472111
0.8563328
0.8580858
0.8289587
0.8349053
0.8432486
0.8548682
0.8438744
0.8509281
0.8507037
0.8588199
0.8594679
0.8691367
0.8427275
0.8405377
0.8404044
0.8436299
0.8404077
0.84375
0.8420149
0.8354046
0.8383437
0.8443048
0.838815
0.8426739
0.8359114
0.8424104
0.8402783
0.839124
0.8401207
0.846399
0.8420731
0.8438132
0.8568641
0.8416908
0.8751401
0.8750373
0.8534847
0.8717363
0.8652989
0.8697546
0.8640747
0.8679415
0.870912
0.8720442
0.8558442
0.858139
0.8774422
0.849758
0.8527917
0.8546249
0.8527356
0.8531516
0.8530952
0.8543339
0.8572411
0.8551616
0.868294
0.8492913
0.8500753
0.8556405
0.8520051
0.8745504
0.8519782
0.8547406
0.8535188
0.8500572
0.8537745
0.8519828
0.8443578
0.8491545
0.8493709
0.8598011
0.8337337
0.8458753
0.855663
0.8570605
0.8294416
0.8339315
0.8421194
0.8524909
0.8459076
0.8516171
0.8515279
0.8556193
0.8572318
0.8684409
0.8297519
0.8358839
0.8371799
0.8383827
0.8346828
0.8377405
0.8346067
0.8320466
0.8346176
0.8355796
0.8288362
0.8321193
0.8322484
0.8279832
0.8308594
0.8375833
0.828857
0.8304341
0.8328898
0.8334616
0.8612446
0.8454965
0.8650728
0.866015
0.8309225
0.8629858
0.8627874
0.8531635
0.8482188
0.8582022
0.8550509
0.8526604
0.8504626
0.8518589
0.8632243
0.8547902
0.8526364
0.8477557
0.8489933
0.8524728
0.8526767
0.8522584
0.8512501
0.8538247
0.8529074
0.8509087
0.8427172
0.8507818
0.8500422
0.8667195
0.8440626
0.8599402
0.8605427
0.8674961
0.8511287
0.8702227
0.86169
0.8587603
0.840412
0.8815995
0.8367678
0.8590763
0.8534127
0.8586176
0.8381218
0.8451221
0.8472313
0.8662793
0.8638557
0.851328
0.8732224
0.8614747
0.8623483
0.8668024
0.8577565
0.8605132
0.856847
0.857202
0.8591353
0.8629099
0.8591147
0.8523551
0.8590047
0.8649813
0.85335
0.8588386
0.8506393
0.8585197
0.8601948
0.863415
0.8526085
0.8559913
0.8575854
0.8543385
0.8572577
0.8611702
0.8736846
0.8880035
0.877965
0.8836821
0.873023
0.8784214
0.8707349
0.8777674
0.8779357
0.8803293
0.8689473
0.8660985
0.8844171
0.8521971
0.8560693
0.8674808
0.8608331
0.8609597
0.8562867
0.862688
0.8658268
0.8654867
0.8832781
0.8626949
0.8660262
0.8666161
0.8636329
0.8754544
0.86379
0.8477696
0.8552428
0.8623035
0.8554702
0.8556361
0.8563181
0.8607255
0.8701892
0.8508212
0.852317
0.8573749
0.8606134
0.8522051
0.8400666
0.844287
0.8487896
0.8623551
0.7778959
0.8564044
0.8565503
0.861109
0.862065
0.8700282
0.8582984
0.8647152
0.8586389
0.8635864
0.8630688
0.8673431
0.8614068
0.8603666
0.8652565
0.8716856
0.8594994
0.8646791
0.8562796
0.8651702
0.8647438
0.8684449
0.8662047
0.8660262
0.864943
0.8584682
0.8551829
0.8710551
0.8774438
0.8894446
0.8844608
0.8834455
0.8733257
0.8820124
0.8781378
0.8819199
0.8830385
0.8862405
0.8686791
0.8646582
0.8899484
0.8518272
0.8642312
0.8694952
0.8644113
0.8645467
0.8648037
0.8646407
0.8650791
0.8634248
0.8869863
0.8693024
0.8710819
0.8741891
0.8667357
0.8797428
0.8680265
0.8508147
0.8575401
0.8622511
0.8563842
0.8568137
0.8505295
0.853269
0.8717822
0.8528432
0.8503971
0.8584375
0.8692366
0.8534068
0.8494239
0.8461629
0.8502496
0.8574348
0.8035772
0.8571152
0.8630577
0.8598965
0.8570187
0.8667075
0.8633151
0.861688
0.8569151
0.8627125
0.8604739
0.8665837
0.8611006
0.8597172
0.8648058
0.8596897
0.8587652
0.8590961
0.8592522
0.8566052
0.8606352
0.8594437
0.8564804
0.8605091
0.8613452
0.8632288
0.8327287
0.8669157
0.8656654
0.873955
0.8691017
0.8692885
0.8647514
0.8713793
0.8680693
0.8742003
0.872604
0.8688826
0.8623505
0.8668041
0.8821524
0.8663765
0.8565278
0.8587338
0.8606298
0.8616693
0.857055
0.86276
0.8635771
0.8622777
0.8669996
0.8616275
0.8563232
0.8611922
0.8648421
0.8689621
0.8531117
0.8359387
0.8737342
0.8754801
0.860071
0.8745063
0.8748151
0.875193
0.8610275
0.8739834
0.8664386
0.8710345
0.8385348
0.8249691
0.8539183
0.8518705
0.8619126
0.8736954
0.8649207
0.8295401
0.8756853
0.8684672
0.8681118
0.8666337
0.8687046
0.8715671
0.8660648
0.8711356
0.8713872
0.8740491
0.8712879
0.8662072
0.8717911
0.8739515
0.8655405
0.8692701
0.8665022
0.8696187
0.8664998
0.8718568
0.8665821
0.8685151
0.8675469
0.8666368
0.8502713
0.8730189
0.8775769
0.8896125
0.8851485
0.8874524
0.8762582
0.8851183
0.8831193
0.8895141
0.8857853
0.8898157
0.8715389
0.8663943
0.8932917
0.8630588
0.8699842
0.8778483
0.8704223
0.8703558
0.8694407
0.8700675
0.8712987
0.8742627
0.8852885
0.8753586
0.8781976
0.8772417
0.8679231
0.8729081
0.8710699
0.8434428
0.8635056
0.8604106
0.8653441
0.8585847
0.8674407
0.8729067
0.8753586
0.8647896
0.8645366
0.8686521
0.8541849
0.8496424
0.8539261
0.857907
0.862449
0.8690319
0.8544849
0.8425087
0.8646579
0.8673149
0.8658452
0.8761449
0.8305364
0.8312349
0.8410797
0.8332952
0.8337405
0.8359843
0.8345988
0.8286846
0.8325191
0.8325363
0.8321936
0.8322163
0.834753
0.8331677
0.8332441
0.8264828
0.8321095
0.8343308
0.8325346
0.8352874
0.86734
0.8366096
0.8797026
0.8736037
0.8505808
0.8725811
0.8772347
0.8684308
0.8645967
0.870621
0.868893
0.8685581
0.8629382
0.8618463
0.8720203
0.8708861
0.864812
0.8612384
0.8653667
0.8657984
0.8644763
0.8638494
0.8644886
0.8634238
0.8677249
0.8665759
0.8593191
0.8592974
0.8601996
0.8792982
0.8583232
0.8690364
0.8792908
0.8762325
0.8681774
0.8801667
0.8693792
0.8706338
0.8509897
0.8831228
0.8392885
0.8666071
0.8663216
0.8675319
0.8558582
0.8565561
0.8604511
0.8710328
0.8767727
0.8612647
0.8747983
0.8744113
0.874781
0.8788283
0.8259964
0.8268408
0.8307244
0.8338565
0.8284747
0.8316372
0.8274933
0.8245227
0.8273343
0.8294147
0.8262453
0.8306663
0.8293105
0.8314007
0.8286418
0.8300038
0.8272727
0.8261004
0.8313893
0.8267346
0.8618751
0.8271225
0.8789083
0.8755899
0.8546308
0.8732699
0.8730212
0.8689804
0.8638567
0.8685627
0.868685
0.8681331
0.856648
0.8591496
0.8724978
0.858041
0.8632605
0.8594422
0.8609638
0.8613906
0.863523
0.8619975
0.8582572
0.8596584
0.873155
0.8583438
0.8587264
0.8562717
0.8580981
0.8778316
0.8550294
0.8590542
0.8663718
0.861743
0.8604984
0.859881
0.8535868
0.8601267
0.8522016
0.8713091
0.8291112
0.8554948
0.8616065
0.8612648
0.8418031
0.8427921
0.8462889
0.8594241
0.8601603
0.8543697
0.8635257
0.867768
0.8639503
0.8696565
0.8524392
0.8551314
0.8583805
0.8582633
0.8537899
0.8553454
0.8533781
0.850529
0.8505925
0.8519554
0.8520878
0.8498314
0.8507322
0.8493016
0.8500379
0.847803
0.8468219
0.851409
0.8468414
0.8507796
0.8653926
0.8639903
0.8665188
0.8682594
0.8392741
0.8687842
0.8665586
0.8601905
0.8559429
0.8585988
0.8625123
0.8594729
0.8534302
0.8551211
0.8690222
0.863077
0.8509459
0.8504838
0.8571968
0.8587853
0.850853
0.8600416
0.8532507
0.8609329
0.8608425
0.8547688
0.8451768
0.8470475
0.8528355
0.864873
0.8410619
0.8688574
0.8696378
0.8628795
0.861593
0.8762959
0.8552617
0.8592422
0.83787
0.8804555
0.8578411
0.8582671
0.8587789
0.8657938
0.8536082
0.8540861
0.8632392
0.8568011
0.8647574
0.8574863
0.859381
0.8686087
0.8715174
0.8745047
0.8590637
0.8594148
0.8553313
0.8591096
0.8555989
0.8580481
0.853554
0.8562502
0.8553002
0.8590589
0.8528756
0.8588571
0.8514788
0.8500094
0.8577698
0.8560762
0.8552004
0.8541338
0.8582967
0.8518295
0.8679801
0.8598842
0.8782289
0.8800281
0.8558467
0.8802726
0.877044
0.8777667
0.8755148
0.8788148
0.8767741
0.8794459
0.8647741
0.8633393
0.8810899
0.8586628
0.8634787
0.8685242
0.8677772
0.8672808
0.8632692
0.8674581
0.8661533
0.8677356
0.8822241
0.8657996
0.8652773
0.8651834
0.8637565
0.8806934
0.8684884
0.8610201
0.8636719
0.8554622
0.8641415
0.862157
0.8513679
0.8491692
0.8533041
0.8754389
0.8558446
0.850573
0.8675101
0.8665427
0.8483469
0.8471763
0.8523956
0.8529725
0.8625417
0.8626753
0.856362
0.8633562
0.8672277
0.8775988
0.8511511
0.8539229
0.859125
0.8546919
0.8582845
0.8556813
0.8556987
0.8529257
0.8541799
0.8567363
0.8552934
0.8550306
0.8520009
0.8531256
0.8522612
0.855897
0.8491149
0.8517657
0.8518728
0.8507946
0.867174
0.8597803
0.8747911
0.877974
0.854983
0.8803693
0.8686604
0.8696907
0.8677621
0.8705817
0.8689813
0.8715403
0.8661527
0.8676653
0.8794882
0.8589964
0.8602791
0.8603841
0.863463
0.8641471
0.8598943
0.8651744
0.8648374
0.8615001
0.8734328
0.8627555
0.86223
0.8618931
0.8670147
0.8749163
0.8553416
0.8587863
0.8639822
0.8561894
0.8606573
0.8650657
0.8561236
0.8539165
0.8447555
0.8732792
0.8505843
0.8501019
0.8644539
0.8689905
0.8460244
0.8514602
0.8510928
0.8526244
0.8656019
0.8585951
0.8593536
0.8657256
0.8684916
0.8734828
0.853749
0.8560323
0.8587446
0.8571802
0.854744
0.857911
0.8554496
0.8516428
0.8554734
0.8607458
0.8580478
0.859526
0.854037
0.856096
0.8588701
0.8584638
0.8518963
0.8565779
0.8520594
0.8506806
0.86695
0.8614979
0.8712952
0.8826446
0.8497917
0.879015
0.8730271
0.8671652
0.8647245
0.8683819
0.8689676
0.8704198
0.8646942
0.8642481
0.8754724
0.8663411
0.862849
0.8649341
0.8657451
0.8652445
0.86311
0.8660144
0.8645739
0.8663264
0.86996
0.8639561
0.859937
0.8550664
0.8634244
0.8690943
0.8571266
0.8648761
0.8684211
0.8573578
0.8607851
0.8692745
0.8556537
0.853365
0.8491073
0.8805039
0.8549379
0.8550366
0.8655956
0.86375
0.8525325
0.8529613
0.8560831
0.8548485
0.8647398
0.8627754
0.8560116
0.8703447
0.8696449
0.8760941
0.8775976
0.8797824
0.8806091
0.8834578
0.8814511
0.8804588
0.880865
0.8824936
0.8806468
0.8816379
0.8776545
0.8753419
0.8854476
0.875927
0.8778834
0.8825276
0.8735169
0.8766518
0.8754024
0.8832918
0.8924707
0.8861855
0.8798458
0.8789875
0.8672655
0.8776912
0.8779171
0.8802778
0.8779048
0.8793492
0.8838793
0.8779711
0.8861313
0.8824207
0.886937
0.8910828
0.8847563
0.8721765
0.8889378
0.8871555
0.8844472
0.8860195
0.8847553
0.8833661
0.8784312
0.8878932
0.8737802
0.8734766
0.8849318
0.8825557
0.8753414
0.893862
0.897121
0.8929382
0.8911123
0.9005767
0.8884822
0.890099
0.8694727
0.9085084
0.8878869
0.8879578
0.8821524
0.8917294
0.8865621
0.8900274
0.8878309
0.888541
0.8985736
0.8856008
0.8942272
0.8914423
0.9011743
0.8952628
0.847932
0.850162
0.8526142
0.8560189
0.8504198
0.8526225
0.8493553
0.8472701
0.8491284
0.8534256
0.8454141
0.8466634
0.8499151
0.849053
0.8464798
0.8489499
0.845534
0.850895
0.843883
0.8455186
0.8575776
0.8612904
0.8683345
0.8713627
0.8445453
0.8661848
0.8632221
0.8629249
0.8589695
0.864429
0.8645304
0.8589705
0.8526845
0.8529322
0.871705
0.8570335
0.8555282
0.8529928
0.8575677
0.8578163
0.8558743
0.858855
0.8572134
0.8603428
0.858873
0.8560296
0.8487576
0.8489209
0.8540129
0.8687001
0.8513204
0.8574375
0.8653404
0.8542848
0.8570081
0.8661361
0.8489484
0.851741
0.8424467
0.8688085
0.8527114
0.8500491
0.8614242
0.8619482
0.848743
0.8508376
0.8512591
0.8490343
0.8636844
0.8532835
0.8590525
0.8618759
0.8616554
0.8682298
0.8471171
0.8502206
0.8483888
0.8544929
0.8468285
0.8516452
0.846977
0.8425862
0.8473182
0.8493296
0.844502
0.845407
0.8456582
0.8456673
0.8460985
0.8469623
0.8410249
0.8479188
0.8433208
0.8453984
0.8595538
0.8586417
0.859616
0.8674739
0.8412662
0.8667241
0.862649
0.8614224
0.8566481
0.8580844
0.8591043
0.8592113
0.8523958
0.8531687
0.8641947
0.8472061
0.8468806
0.8474622
0.847341
0.8511163
0.8471372
0.8496787
0.8492264
0.8545981
0.8594578
0.8443414
0.8421746
0.8445094
0.8470525
0.8589748
0.8425388
0.8537792
0.8594369
0.8561657
0.85387
0.8647647
0.8477278
0.8529323
0.8398852
0.8665795
0.8489718
0.8465303
0.8538383
0.8512552
0.8351261
0.837683
0.8522775
0.848434
0.8630241
0.8530389
0.8592499
0.8652525
0.8674963
0.8697866
0.8635316
0.8620164
0.8600894
0.8647526
0.861543
0.8628669
0.8646923
0.862631
0.8649129
0.8698739
0.8603833
0.8618068
0.8589835
0.8625474
0.8603021
0.8682867
0.8590294
0.8626759
0.8592534
0.8559551
0.8664709
0.863966
0.8807424
0.8879582
0.8665852
0.8847398
0.8784104
0.8805506
0.8785252
0.8821389
0.8823681
0.8851279
0.8707577
0.8635525
0.8878786
0.8665455
0.870059
0.872107
0.8691919
0.8703015
0.8707025
0.8706881
0.8697136
0.8676344
0.8823638
0.8656615
0.8692899
0.8757551
0.8684378
0.8773928
0.8670247
0.864306
0.8672828
0.8533288
0.8674847
0.8628411
0.8503163
0.8553772
0.8606011
0.8714035
0.8549203
0.8522184
0.8730596
0.862315
0.8501104
0.8499637
0.8566694
0.8502658
0.8634444
0.8654187
0.8603363
0.8643398
0.868729
0.8772983
0.8512209
0.8544858
0.8564548
0.8581416
0.8548703
0.8562542
0.8510348
0.8498689
0.852626
0.8546402
0.8500761
0.8482523
0.8559303
0.850036
0.8500758
0.8522354
0.8520871
0.8546941
0.8505961
0.8533827
0.8660569
0.8631455
0.8604898
0.8665815
0.8417283
0.8661672
0.8618965
0.8607566
0.8542816
0.8601578
0.8629567
0.8565072
0.8629185
0.860435
0.8723922
0.8632659
0.8573278
0.8546632
0.8593608
0.861553
0.8572408
0.8623333
0.8608467
0.8652579
0.861459
0.8607701
0.8540969
0.8468593
0.8602502
0.8653192
0.8507388
0.8661663
0.8710887
0.859969
0.8640081
0.8765395
0.8607951
0.8665414
0.8379794
0.8831811
0.8629821
0.8618369
0.8605612
0.8653369
0.8528624
0.8594215
0.862825
0.856806
0.8701333
0.8593231
0.8646044
0.8648567
0.8655719
0.8754629
0.8408892
0.8447334
0.8468257
0.8488785
0.8478343
0.8505248
0.8449263
0.8431156
0.8389453
0.8501171
0.8387961
0.8394628
0.8387454
0.8411901
0.8415344
0.8456119
0.8424332
0.8426344
0.8404962
0.8462764
0.8518802
0.8573543
0.8635321
0.8674496
0.8424967
0.8662741
0.859608
0.8548872
0.8533837
0.858311
0.8552602
0.861091
0.8476519
0.8473303
0.8702416
0.8512081
0.8492188
0.8475547
0.8503187
0.8529535
0.8496522
0.8527838
0.8453818
0.8528593
0.8579558
0.8495902
0.8422195
0.843354
0.8476745
0.864703
0.847113
0.8534797
0.8588095
0.8520079
0.8517464
0.8620949
0.846936
0.8460277
0.8401057
0.8645878
0.850335
0.8458324
0.8542387
0.8551819
0.84216
0.8412269
0.8513257
0.8479988
0.8559781
0.8491312
0.8503613
0.8629069
0.8639781
0.8680251
0.869803
0.8687616
0.8728149
0.8749449
0.8712116
0.8746826
0.870613
0.8701852
0.8695732
0.8678344
0.8654921
0.8661298
0.8716775
0.8647987
0.8682067
0.8631704
0.8642117
0.8659733
0.8674833
0.8673363
0.8793912
0.8782225
0.8765642
0.8742134
0.8602307
0.8739892
0.8726954
0.867042
0.8674554
0.8725777
0.8707006
0.8650047
0.8722872
0.8728542
0.8781381
0.879789
0.8752788
0.8666015
0.8771308
0.8774122
0.8748744
0.8768405
0.8736929
0.8737694
0.869414
0.8735041
0.8608032
0.8615913
0.8734711
0.8797276
0.8598897
0.8783324
0.8872795
0.879073
0.8735445
0.8888889
0.8794461
0.8794941
0.8576633
0.8992522
0.8801314
0.8769922
0.8664046
0.8784966
0.8718964
0.8773244
0.8776008
0.8751717
0.8843963
0.8760118
0.8797733
0.8798678
0.8819885
0.8846225
0.8669895
0.8696866
0.8680377
0.8701436
0.8722684
0.8742011
0.8723805
0.8690467
0.87064
0.8770581
0.8714621
0.8700857
0.8690395
0.8689874
0.8681813
0.8713855
0.8675787
0.868424
0.866067
0.8652307
0.8782817
0.8738447
0.8911778
0.8987501
0.8744889
0.8957946
0.8930599
0.8933993
0.8922326
0.8938635
0.8933692
0.8974964
0.8839299
0.8806496
0.8966094
0.8695568
0.8781716
0.8817106
0.877378
0.8781316
0.8781458
0.8787342
0.8837473
0.8780071
0.8942886
0.8790895
0.8828428
0.8873356
0.8802529
0.8900539
0.8825821
0.8705434
0.8707445
0.8074255
0.871966
0.866479
0.8296499
0.8242848
0.8689097
0.8683264
0.866038
0.8350813
0.879238
0.8674434
0.8568668
0.8593031
0.8625359
0.8279663
0.8665592
0.8715526
0.7728771
0.8783035
0.8762755
0.8790856
0.8579977
0.8578798
0.8546551
0.858258
0.8602163
0.8588622
0.8585357
0.855957
0.8571482
0.8632657
0.8562563
0.8557764
0.8523185
0.8567899
0.8569182
0.8587752
0.8524153
0.8535022
0.8553823
0.8494664
0.860019
0.8621599
0.8849141
0.8914686
0.8676291
0.8901055
0.8863955
0.8796992
0.8751821
0.8814108
0.8798962
0.8865096
0.8687657
0.8667042
0.8918029
0.8623996
0.8627414
0.8730379
0.860582
0.8633126
0.8635166
0.8642137
0.8690753
0.8646888
0.8802626
0.8671981
0.8706942
0.8697692
0.8663936
0.8813885
0.8687638
0.8540001
0.8585335
0.8057645
0.8607167
0.8594166
0.7344085
0.7286935
0.8541407
0.860169
0.8459575
0.7612832
0.8696075
0.8621319
0.8470094
0.8486623
0.8510211
0.7484899
0.8563127
0.8605136
0.8074905
0.8659992
0.8617542
0.8727876
0.8589061
0.8634872
0.8570607
0.8599572
0.8631318
0.8611005
0.8612438
0.8524888
0.8593439
0.8662908
0.8525701
0.8600069
0.8599893
0.8582822
0.85802
0.862227
0.8544231
0.857504
0.8581645
0.8492785
0.8624063
0.8601859
0.8855429
0.8903052
0.8695372
0.8892774
0.8782039
0.8855582
0.8811013
0.887662
0.8862846
0.8893405
0.8682487
0.8668312
0.891479
0.8626371
0.8627216
0.8751007
0.8660031
0.8665337
0.8627261
0.8674971
0.8700909
0.8695669
0.8882633
0.864389
0.869789
0.8747843
0.8700415
0.8812517
0.8665432
0.8529377
0.8567871
0.8025921
0.8613903
0.8509912
0.7448609
0.7363811
0.8561549
0.8532201
0.8438675
0.7512509
0.8707181
0.8553999
0.8403408
0.8440002
0.8496653
0.7402581
0.8567922
0.8615856
0.8077017
0.8664144
0.8640436
0.8725097
0.8456095
0.851566
0.8485526
0.8538168
0.8555874
0.8532547
0.8547882
0.8458165
0.8505274
0.8514143
0.8449159
0.8434006
0.849926
0.8468729
0.8458582
0.8511331
0.8448191
0.8469008
0.8443036
0.8463412
0.8630205
0.8561952
0.871791
0.8762756
0.8593996
0.8725619
0.8687413
0.8727995
0.8649161
0.8710546
0.8716985
0.868428
0.8585693
0.8615449
0.8764183
0.8569504
0.8564407
0.8603676
0.8584392
0.8608916
0.8566146
0.8605531
0.8639885
0.8606252
0.8692554
0.8566
0.8603529
0.8611502
0.8612304
0.8711472
0.8555976
0.8595025
0.8653459
0.8596943
0.8560583
0.8611845
0.858129
0.8573324
0.8561086
0.8693558
0.8455194
0.8567058
0.8642927
0.8595361
0.844888
0.8465071
0.8501374
0.8585697
0.8579118
0.8570391
0.859723
0.8665606
0.8610669
0.8688469
0.7146437
0.7145899
0.7132181
0.7196293
0.7186174
0.7189608
0.7115602
0.7112389
0.7096653
0.7185521
0.7115231
0.6999746
0.7085993
0.7197937
0.7087513
0.7228396
0.7179263
0.7212775
0.71995
0.72469
0.8669757
0.8424616
0.8743733
0.8756383
0.8579314
0.8752531
0.87239
0.8715909
0.8700897
0.8716097
0.8750785
0.8747954
0.8650304
0.8652654
0.8740367
0.8614879
0.8642569
0.8630568
0.869546
0.8677609
0.8644745
0.8680203
0.8648689
0.8661867
0.8763941
0.8625038
0.8623677
0.8670026
0.8642358
0.8736644
0.8563091
0.8641032
0.8686865
0.8691084
0.8596157
0.8660198
0.8668905
0.8679476
0.855396
0.8782114
0.7923491
0.8636936
0.8660515
0.8649065
0.844142
0.8478434
0.8498043
0.8589341
0.8662209
0.8634234
0.8712243
0.8667662
0.8711108
0.8680107
0.8661496
0.867415
0.8633088
0.8674886
0.8645458
0.868346
0.8656229
0.8658927
0.8706108
0.8705491
0.8626425
0.8659112
0.8641199
0.8645787
0.8620446
0.8695475
0.8631462
0.8641137
0.8636347
0.8610759
0.8648078
0.8655052
0.8748144
0.8836432
0.8766972
0.8806791
0.8786294
0.8799472
0.8719859
0.8785643
0.8774033
0.8782274
0.86601
0.8687959
0.8840462
0.8621096
0.8606106
0.865697
0.861108
0.8632395
0.8606993
0.8657967
0.8648659
0.871156
0.8768916
0.8680199
0.8663466
0.866802
0.8636295
0.8753997
0.8571537
0.8591222
0.8672881
0.8723713
0.8271371
0.8682202
0.8613398
0.8686839
0.8681143
0.8683868
0.8643585
0.8700423
0.8627326
0.8602838
0.8545572
0.8581617
0.8630948
0.8717337
0.8600076
0.8646529
0.8737241
0.8362415
0.8437414
0.8355453
0.8750186
0.8750186
0.8782358
0.8774655
0.8751718
0.8784957
0.8750325
0.8724303
0.8740248
0.874097
0.8750233
0.8720179
0.8754372
0.8720683
0.8736309
0.8732552
0.8745025
0.87415
0.872749
0.874609
0.8783621
0.8830538
0.8263778
0.8741811
0.8741454
0.8769035
0.8701774
0.875604
0.8707344
0.8760226
0.8763935
0.8691432
0.8749953
0.8723806
0.8847383
0.8773134
0.8716102
0.8712061
0.874612
0.8704484
0.871579
0.8713485
0.8736118
0.8746656
0.8793717
0.8786963
0.8715774
0.8695702
0.8749153
0.8305204
0.8658458
0.8806325
0.8814804
0.8857482
0.8793882
0.8911081
0.8845406
0.8837667
0.8743732
0.8939686
0.8788264
0.88335
0.8752254
0.8805029
0.8781495
0.8796916
0.883905
0.8858599
0.881424
0.8732368
0.8849763
0.8770748
0.8815749
0.880665
0.8519531
0.8535975
0.8508384
0.8551763
0.8506311
0.8530369
0.8499175
0.8536348
0.8511108
0.8563165
0.8510406
0.8492353
0.8532714
0.8529742
0.8505626
0.8554374
0.8496681
0.8505446
0.8498251
0.850996
0.8635166
0.864389
0.8717264
0.8720491
0.8415632
0.8708157
0.8724495
0.8660133
0.8644953
0.8681486
0.8667887
0.8657981
0.8653594
0.8630389
0.8753929
0.8669209
0.8608294
0.8581367
0.8614937
0.864169
0.861132
0.8649808
0.8637474
0.8629005
0.8684142
0.8619229
0.8550278
0.8619236
0.8640081
0.873185
0.8542266
0.8608607
0.8673966
0.8672619
0.8678937
0.8746311
0.8620703
0.8656711
0.7986051
0.879397
0.8569656
0.8557692
0.8638796
0.8636072
0.8476524
0.8478062
0.8567298
0.8619772
0.8759529
0.8595862
0.8671608
0.8726331
0.8714242
0.8758051
0.8212442
0.8247419
0.826751
0.8304935
0.8240709
0.8278458
0.8208868
0.822496
0.8284065
0.8311198
0.8240417
0.8248644
0.8247706
0.8252514
0.8254613
0.8303128
0.8285274
0.8281665
0.8275875
0.8234929
0.8570555
0.8259187
0.8742996
0.8733167
0.8569497
0.870471
0.869575
0.8667239
0.8600632
0.8682022
0.8667873
0.8694829
0.8583451
0.8550597
0.8726946
0.8523122
0.8569146
0.8581842
0.8564888
0.8568667
0.8568274
0.8571753
0.8568211
0.8541301
0.8711933
0.8526798
0.8556618
0.8566193
0.8554424
0.875519
0.8517355
0.8569126
0.8595939
0.853576
0.8561841
0.8579472
0.8501496
0.8551159
0.8450833
0.8647938
0.8146837
0.8528053
0.8585471
0.8575594
0.8357068
0.8379103
0.8402799
0.8593851
0.8569029
0.8488113
0.8614122
0.8668028
0.8581808
0.871841
0.8671248
0.8659506
0.8697036
0.8718498
0.8687984
0.8726244
0.8683625
0.8693972
0.8701246
0.8692234
0.8684054
0.8663814
0.8731098
0.8640748
0.866907
0.8677153
0.8685011
0.8668966
0.8674013
0.8703614
0.8741752
0.8795467
0.8609449
0.8881434
0.8756486
0.8821596
0.8764472
0.8809655
0.8704358
0.879381
0.8812586
0.8822739
0.8725564
0.8680848
0.8880641
0.8720816
0.8696564
0.8689907
0.8662956
0.8688457
0.8700052
0.8687269
0.8702431
0.8765202
0.8780052
0.8743703
0.8706744
0.874696
0.8707029
0.8584988
0.8703127
0.8693351
0.8680936
0.8721376
0.8674145
0.8781056
0.8716257
0.8749118
0.8709473
0.88305
0.87051
0.8757759
0.873886
0.8792864
0.8670753
0.8665535
0.8693769
0.8748603
0.8715524
0.8721144
0.8750986
0.874247
0.872033
0.8762507
0.8444943
0.8447325
0.8438498
0.8488015
0.8486272
0.8487962
0.849038
0.8463706
0.8449218
0.8547286
0.8474085
0.8507898
0.8395718
0.8540763
0.8510389
0.8528457
0.8474319
0.848541
0.84719
0.8436416
0.8515901
0.8494636
0.8763379
0.8865086
0.868239
0.8853635
0.869938
0.8795781
0.8743139
0.8766823
0.8804842
0.8818349
0.8627845
0.8593055
0.8818792
0.8504698
0.8638959
0.8711321
0.8622793
0.8633091
0.8640733
0.8628013
0.863783
0.8560748
0.8780925
0.8573181
0.8646651
0.867108
0.8589036
0.8783118
0.860489
0.8494283
0.8507457
0.845126
0.8603975
0.8419943
0.8519327
0.8504705
0.8474835
0.856019
0.8320279
0.8504325
0.859132
0.8523415
0.8066903
0.815381
0.8319002
0.8487562
0.8483077
0.850557
0.8528518
0.8633001
0.8595769
0.8683419
0.8796584
0.8791172
0.8795777
0.8801358
0.8836388
0.8828952
0.8822705
0.879481
0.8822144
0.8890682
0.879391
0.880432
0.8783333
0.8808847
0.8787845
0.8846352
0.878938
0.8795763
0.8799185
0.8756359
0.8488637
0.8769911
0.886399
0.8971159
0.8896123
0.8958479
0.8889218
0.8938437
0.8908895
0.8943045
0.8953261
0.8926499
0.8845838
0.8821398
0.8999232
0.8718241
0.8732521
0.8833564
0.8764392
0.8771832
0.8733496
0.8795769
0.8841543
0.8826736
0.8989119
0.88099
0.8847294
0.8859561
0.8822914
0.8872936
0.8787311
0.8483298
0.8645132
0.8746261
0.8761389
0.8716365
0.8733233
0.8719371
0.8860058
0.8728993
0.8727873
0.8735795
0.8600357
0.8510326
0.8605306
0.8664743
0.8677002
0.8750047
0.8645156
0.8521666
0.8773247
0.8765455
0.8808597
0.8829265
0.8485324
0.8451034
0.8532725
0.8575005
0.8535434
0.8565075
0.8537384
0.8468455
0.8515824
0.8508557
0.8501919
0.8516962
0.8505848
0.8491396
0.8537403
0.849035
0.8492795
0.8508749
0.8516393
0.849313
0.6948092
0.8590988
0.8610401
0.8754792
0.8618034
0.873812
0.868812
0.8709581
0.863389
0.8699936
0.8689658
0.8687998
0.8541056
0.856472
0.8777774
0.8527796
0.8489325
0.8500194
0.8542727
0.8541235
0.8482572
0.8542162
0.855517
0.8570769
0.8686853
0.8576733
0.848078
0.852923
0.8542566
0.8625721
0.8404031
0.746559
0.8600695
0.8662215
0.8519785
0.8675241
0.862398
0.8651152
0.855022
0.8555582
0.8537297
0.8574147
0.8177236
0.8088681
0.8385698
0.8444531
0.8533599
0.8637334
0.854716
0.6660666
0.8644068
0.8600399
0.859779
0.8678873
0.8497614
0.8486523
0.8493356
0.8492132
0.8502927
0.8558343
0.8520781
0.8449724
0.8477951
0.8561603
0.8469191
0.8529092
0.8438339
0.8496224
0.8505259
0.8497785
0.8487651
0.8484359
0.8485728
0.8494037
0.8525526
0.850617
0.8766044
0.8838326
0.8682365
0.8843273
0.8712274
0.8809211
0.8739273
0.8766138
0.8786869
0.8835103
0.86008
0.8625931
0.8828398
0.849906
0.8617501
0.8714868
0.8648679
0.8627928
0.8623529
0.8639898
0.8625744
0.8618976
0.8812482
0.8588785
0.8676016
0.8715188
0.8580277
0.8771078
0.8652568
0.8443983
0.8494599
0.8486765
0.8517637
0.8229179
0.8483416
0.8556701
0.8567351
0.8521705
0.8338902
0.8541948
0.8548923
0.8490356
0.8224368
0.8165156
0.7552516
0.8534805
0.8496951
0.8491185
0.8481401
0.8574455
0.8576222
0.8667314
0.8487325
0.850047
0.8502967
0.8533203
0.8519866
0.8546102
0.85028
0.8459821
0.8486261
0.8514509
0.8431574
0.8469904
0.8452349
0.8485499
0.8480679
0.8480136
0.8461684
0.8488346
0.8456617
0.8470686
0.8609061
0.8587018
0.8656867
0.8715007
0.8466609
0.8705558
0.8645747
0.862659
0.8560638
0.8609259
0.862594
0.8597031
0.8519082
0.8544213
0.8677991
0.855635
0.8537963
0.8544417
0.8554172
0.8572558
0.8544889
0.8563998
0.85037
0.8558432
0.8601607
0.849586
0.8506284
0.8478826
0.8496971
0.8625512
0.8471182
0.8620768
0.8651132
0.8575675
0.8588129
0.86654
0.8508952
0.8551287
0.8473934
0.8714602
0.853068
0.8540829
0.8589255
0.8568159
0.8418287
0.8435688
0.8494864
0.8522365
0.8663633
0.8532917
0.8622911
0.8643519
0.8669654
0.8714126
0.8415977
0.8458824
0.8368361
0.8489824
0.8434697
0.8499357
0.8433542
0.8380668
0.8431328
0.8483493
0.8384819
0.8414988
0.8430334
0.8405294
0.8435656
0.8418868
0.838547
0.8404357
0.8397873
0.8396317
0.8603854
0.8520188
0.8656711
0.8731591
0.854994
0.8664938
0.8627065
0.8656817
0.8586501
0.8637508
0.8648353
0.8668792
0.8558844
0.8527197
0.8723683
0.8530897
0.8532306
0.8600746
0.8556022
0.8581429
0.8534901
0.8578459
0.8524659
0.8537601
0.8663069
0.8532339
0.8450486
0.8490015
0.8546793
0.87169
0.8465946
0.857548
0.8621694
0.8619845
0.856986
0.8565865
0.8567072
0.8579964
0.8501655
0.8646352
0.8435186
0.8582295
0.8563557
0.8588497
0.8418515
0.8391175
0.8488501
0.856155
0.8485803
0.8510475
0.8673496
0.8619577
0.8622224
0.8659033
0.830086
0.8366174
0.8378501
0.8372374
0.8398673
0.8393687
0.8370317
0.8292292
0.8321898
0.8365385
0.8320873
0.8338396
0.8396465
0.8341611
0.8315337
0.834993
0.8331563
0.8390878
0.8389673
0.8398671
0.8683886
0.7921897
0.8828053
0.8784666
0.8625771
0.8805987
0.8801708
0.8779099
0.8726712
0.8796469
0.8770111
0.8811111
0.8666119
0.8686191
0.8837005
0.8605496
0.8726046
0.8744333
0.8733105
0.8756169
0.8727003
0.8758334
0.8669183
0.8662858
0.8760031
0.8677193
0.8697932
0.8677794
0.8676361
0.884707
0.8686379
0.8678679
0.875105
0.8722996
0.8695861
0.870222
0.8718769
0.8728091
0.8572817
0.8838361
0.8376277
0.8669376
0.8701477
0.863465
0.8516502
0.852075
0.8597251
0.8704102
0.8713004
0.8654782
0.8747765
0.8721324
0.8712161
0.8767103
0.8309196
0.837676
0.8338334
0.8412359
0.8345064
0.8391761
0.8362658
0.8331723
0.8361404
0.8379987
0.8253585
0.8297214
0.8361545
0.8306427
0.8304928
0.8347308
0.8301143
0.8311043
0.8309461
0.8275835
0.8532841
0.8496925
0.8581911
0.8665939
0.8440633
0.8660502
0.8575569
0.8548088
0.8491381
0.8572567
0.8558827
0.8561868
0.851691
0.8452891
0.8618207
0.8442035
0.8357246
0.838721
0.8375656
0.8413647
0.8359788
0.8420809
0.8484509
0.8394937
0.8526401
0.8334446
0.8309848
0.8449036
0.8488815
0.8580195
0.8404053
0.8491239
0.855742
0.8502428
0.8526561
0.8560523
0.8457377
0.8489858
0.8429669
0.8640826
0.8360084
0.8500057
0.8548997
0.84911
0.8261365
0.8338092
0.8461538
0.8483638
0.8470216
0.8441533
0.8595159
0.8590968
0.8607275
0.8605844
0.825544
0.8326784
0.8308855
0.8370291
0.8302979
0.8338277
0.8306256
0.8288484
0.8332052
0.8339881
0.8230886
0.8269283
0.8349182
0.8281292
0.8290202
0.8307033
0.8286421
0.8300424
0.8273814
0.8236392
0.8515294
0.8442
0.8555484
0.8627488
0.841828
0.8613321
0.853722
0.8501689
0.8459487
0.8519111
0.8497908
0.8551857
0.8436182
0.8417261
0.8600159
0.843001
0.8348374
0.8357015
0.8364163
0.8395476
0.8345923
0.8375744
0.8441855
0.8403211
0.8467288
0.8381146
0.8268046
0.8369557
0.8444479
0.8556319
0.8360407
0.8472168
0.8518575
0.8507833
0.8483189
0.8538441
0.8460647
0.8481182
0.8403096
0.8653235
0.8337217
0.8435921
0.8495952
0.8485883
0.824498
0.8302612
0.8403841
0.8476699
0.8511179
0.8439898
0.856676
0.857973
0.8592734
0.8589036
0.8472475
0.8495311
0.8432289
0.8520893
0.8548533
0.8539923
0.8532771
0.8432375
0.8493637
0.8555723
0.8459046
0.8435561
0.8471432
0.8414416
0.8446919
0.8494896
0.8409662
0.8459994
0.8426053
0.8476711
0.8647275
0.8586668
0.8712912
0.8751023
0.8537237
0.8698648
0.865513
0.8678529
0.8591056
0.8676823
0.8682687
0.8702821
0.8618074
0.8608824
0.8768755
0.8583484
0.8555665
0.8607455
0.857267
0.8576888
0.8558267
0.8557022
0.8611206
0.8593139
0.8655545
0.8593045
0.8563214
0.8543919
0.8619932
0.8736058
0.8542844
0.8622334
0.865535
0.8714873
0.8664465
0.870651
0.8600304
0.8615037
0.8523719
0.8776523
0.8450079
0.860438
0.8669652
0.865299
0.8489807
0.8496255
0.8586657
0.8607202
0.8608557
0.8575569
0.8688686
0.8695685
0.8678033
0.8766643
0.8424362
0.850592
0.8497182
0.8507194
0.8500714
0.8520981
0.8501335
0.8470993
0.8499493
0.8513046
0.844106
0.849233
0.8462643
0.8451396
0.8474858
0.84908
0.8447996
0.8466928
0.8456442
0.8480081
0.867151
0.8596763
0.8734257
0.8726167
0.8601266
0.8698681
0.8670263
0.8691229
0.8672706
0.8683711
0.8705619
0.8721079
0.8692752
0.8656845
0.8795403
0.8622761
0.8556451
0.8604519
0.8563908
0.8614842
0.8559906
0.8619176
0.8685238
0.8605354
0.8701197
0.8624337
0.8600046
0.8598071
0.8655017
0.8745117
0.85437
0.8656779
0.8673224
0.8682425
0.8668483
0.8683388
0.8611615
0.8649548
0.8574275
0.8783809
0.8507468
0.8657888
0.8667291
0.8663136
0.8515898
0.8504391
0.8635989
0.8641906
0.8640407
0.8592264
0.8724036
0.8688525
0.8662118
0.8788373
0.8632862
0.8657284
0.8680857
0.871469
0.8690595
0.8724045
0.8679176
0.8696969
0.8654173
0.870564
0.864636
0.8700844
0.8681453
0.8663392
0.8651698
0.8679836
0.8668856
0.8673789
0.8685514
0.8651789
0.8669766
0.8691359
0.876181
0.8845802
0.8746294
0.8801559
0.8723641
0.8766833
0.8710267
0.8802714
0.8767655
0.8740199
0.8704843
0.8678047
0.8778744
0.8642703
0.8648447
0.8633031
0.8701395
0.8691925
0.8646383
0.8694942
0.8687673
0.8733504
0.8738772
0.867238
0.8695293
0.8672156
0.8660557
0.8791691
0.8602822
0.8642674
0.8667747
0.8674345
0.8426228
0.8744609
0.8695555
0.871345
0.8704437
0.8676785
0.8645705
0.8702679
0.8696348
0.8665687
0.8560703
0.8626994
0.8669888
0.8706118
0.8610139
0.8642254
0.8770394
0.8506794
0.8541393
0.8527225
0.8785174
0.8788446
0.8783977
0.881578
0.877635
0.8806704
0.8770447
0.8768487
0.8773668
0.8765782
0.8758412
0.8710298
0.8805768
0.8750322
0.8740454
0.8750414
0.8717077
0.8729825
0.876001
0.8798061
0.878902
0.8884348
0.7656982
0.8793695
0.8774454
0.8771215
0.8778459
0.8802435
0.8739291
0.8783649
0.881275
0.879157
0.8759884
0.874496
0.8817927
0.8834846
0.8744456
0.8698283
0.8794585
0.8775457
0.8743332
0.8790502
0.8752522
0.8821654
0.8771904
0.8786473
0.8701064
0.8728239
0.8754475
0.7631891
0.8683044
0.886269
0.8850751
0.8900399
0.880161
0.8913908
0.8940606
0.8928389
0.8788953
0.8960903
0.8792746
0.8894885
0.8819069
0.8858536
0.8791482
0.8801341
0.8837672
0.8940979
0.8830928
0.8778632
0.8936319
0.8816278
0.8869339
0.8834084
0.8447364
0.8474906
0.8468235
0.8527456
0.8527456
0.851478
0.8524166
0.8477745
0.8517477
0.858333
0.8466974
0.8446848
0.8482498
0.846451
0.8421477
0.8567045
0.8466361
0.851042
0.8458587
0.8447205
0.8624416
0.8542939
0.8771252
0.8781939
0.8642532
0.8784381
0.8679918
0.87792
0.8763276
0.880318
0.8766654
0.8779638
0.8608879
0.8614796
0.8776261
0.8500857
0.8555534
0.86413
0.8612576
0.8599117
0.8560792
0.859744
0.8671417
0.8619912
0.8793564
0.8557072
0.869987
0.8686223
0.8629457
0.8729751
0.8602291
0.8608297
0.8578015
0.8558713
0.8575298
0.8598624
0.8509422
0.8521626
0.8550487
0.8631242
0.8412815
0.8521613
0.8645473
0.8627044
0.8417963
0.8417112
0.8411888
0.8496938
0.8473288
0.8606274
0.8533762
0.8579984
0.8603297
0.8703248
0.8265844
0.8222776
0.8257634
0.8273058
0.8273966
0.8285891
0.8264527
0.8247391
0.8286973
0.8300193
0.8217903
0.820881
0.8214773
0.8212769
0.8215329
0.8307461
0.8242241
0.8237737
0.822021
0.8199563
0.8493722
0.8383301
0.8593091
0.8658196
0.8354722
0.8658306
0.8541794
0.8506646
0.8441714
0.8513147
0.8528465
0.8560871
0.839403
0.8418237
0.8645684
0.8428292
0.8421867
0.8441488
0.8414348
0.8448196
0.8424883
0.8420606
0.8418171
0.8500597
0.854604
0.8456157
0.8338964
0.8430932
0.8427127
0.8575299
0.8402937
0.847588
0.8517873
0.8499196
0.8467414
0.8492182
0.8450497
0.846983
0.8338888
0.8537512
0.8257347
0.8409815
0.8463316
0.8491386
0.8215694
0.8227718
0.8341354
0.8482589
0.8481174
0.8450748
0.8547144
0.8532124
0.855685
0.8572736
0.8501497
0.8551069
0.8495893
0.8556631
0.8567827
0.8557098
0.8547779
0.8474776
0.8524262
0.8537912
0.8525816
0.8494497
0.8494367
0.8539173
0.8532658
0.8541572
0.8484032
0.8546674
0.8495212
0.8473848
0.8662442
0.858751
0.8732552
0.8792245
0.865221
0.8767108
0.870855
0.8732881
0.8686808
0.8741984
0.8751498
0.8706867
0.8616378
0.861014
0.8780788
0.8615391
0.8597744
0.8617013
0.8596352
0.8617407
0.8601664
0.8624349
0.8659137
0.8603103
0.8728113
0.8649524
0.8610389
0.8636899
0.8656146
0.8731242
0.854624
0.8664839
0.8636381
0.8693499
0.8623084
0.8713463
0.8658158
0.8660449
0.859728
0.8696908
0.8479409
0.8626221
0.864023
0.8663466
0.8497103
0.8488968
0.8530598
0.8683131
0.860944
0.8629397
0.8679403
0.872439
0.8679929
0.8723979
0.8619905
0.8674011
0.8599828
0.8630917
0.8603775
0.8645853
0.8616744
0.8610394
0.8681347
0.8670999
0.8593357
0.8640784
0.8629162
0.8610023
0.8625331
0.8653789
0.861898
0.8619393
0.8602126
0.8562695
0.8644042
0.8668094
0.871749
0.8831972
0.8747516
0.8798121
0.8770032
0.8778901
0.8719775
0.8764062
0.8774433
0.8777649
0.8629553
0.8654621
0.8812902
0.8631279
0.8586065
0.8664932
0.864408
0.8620677
0.8588235
0.8636534
0.8631332
0.8707236
0.8779753
0.8657355
0.8658158
0.8678528
0.8608623
0.8751443
0.8579067
0.8564825
0.8661823
0.8667564
0.8233376
0.8660941
0.8633808
0.8671075
0.8694923
0.8690239
0.8606647
0.8678467
0.8607404
0.8594786
0.8506843
0.8563984
0.8606819
0.8672861
0.8611059
0.8609796
0.8730403
0.8342045
0.8391509
0.8446576
0.8485686
0.8531418
0.8493596
0.8541314
0.8504966
0.8501456
0.8519036
0.8461977
0.8550817
0.8612422
0.8513883
0.8539953
0.8497294
0.8540262
0.8515132
0.8561173
0.8516533
0.8532224
0.8529022
0.8478137
0.8570665
0.851089
0.8834567
0.8912398
0.8728215
0.8871271
0.8768289
0.8854117
0.8792897
0.8831174
0.8843046
0.8862959
0.866717
0.8617134
0.8887579
0.8473513
0.860347
0.8777445
0.8634588
0.8610178
0.8612563
0.8622691
0.8662558
0.8653163
0.8869469
0.8606648
0.8707895
0.8769288
0.866556
0.8787766
0.8685947
0.8514653
0.8460869
0.8421194
0.855676
0.8185333
0.8459231
0.8493297
0.86351
0.8531098
0.8340356
0.8499507
0.8629102
0.8551131
0.8222309
0.8248588
0.7908541
0.8497231
0.8473338
0.8565649
0.8482897
0.8545573
0.8562821
0.8715816
0.837754
0.8375567
0.8421528
0.8392284
0.8424619
0.8399562
0.8420418
0.8386461
0.8383713
0.842736
0.8378224
0.8433036
0.8374673
0.8405102
0.8434711
0.841286
0.8420934
0.8432942
0.8433667
0.8483302
0.8721008
0.7937976
0.8841254
0.8855527
0.8670103
0.8815524
0.8792303
0.877507
0.8731771
0.8802301
0.8765195
0.8795011
0.8676674
0.870682
0.8820336
0.8669379
0.871812
0.8746049
0.8745582
0.8735458
0.8718654
0.8717209
0.8690734
0.8650105
0.8791201
0.8679727
0.8712323
0.8714472
0.8702904
0.8842696
0.8731368
0.8726525
0.8715223
0.870674
0.8702559
0.873512
0.8669034
0.8700996
0.8651239
0.8807802
0.8328354
0.867061
0.8743709
0.8702794
0.852069
0.8522339
0.8605259
0.8702432
0.868308
0.8691624
0.8728475
0.8752319
0.8750189
0.8794049
0.8470102
0.8552557
0.85472
0.8521154
0.8534676
0.8598888
0.854794
0.8508792
0.8522952
0.8587068
0.8493713
0.8522797
0.8526588
0.8541453
0.8510411
0.856948
0.8536724
0.8546827
0.8525741
0.8516131
0.736091
0.8598431
0.8669092
0.8781072
0.8676068
0.878814
0.8716658
0.8721661
0.8694825
0.8734172
0.8735224
0.8773227
0.8665168
0.8634662
0.8854054
0.8563065
0.8547885
0.8583077
0.8544142
0.8539584
0.8543902
0.8535679
0.8655748
0.8552358
0.8766075
0.8593515
0.8562089
0.8601511
0.8611494
0.8713913
0.8522078
0.7043532
0.8550582
0.8574264
0.8566845
0.8573279
0.8589463
0.8576606
0.8626342
0.8593738
0.8491953
0.8526673
0.8214384
0.8133108
0.8396929
0.8405531
0.8521402
0.8614745
0.8510943
0.7353467
0.8653581
0.858903
0.8648417
0.8655951
0.8790263
0.8802995
0.8828437
0.8865336
0.8774414
0.8843747
0.879202
0.8791375
0.8807518
0.8773759
0.8773895
0.8783515
0.8821544
0.8771129
0.8807932
0.8800881
0.8779384
0.8792338
0.8734304
0.87908
0.8787494
0.885298
0.7766229
0.881122
0.8819373
0.8823182
0.8762291
0.8759261
0.8764205
0.878213
0.8787158
0.8833507
0.8755791
0.8745047
0.8847388
0.876783
0.8761738
0.8756692
0.8751947
0.8783073
0.8763982
0.8791481
0.8759768
0.878395
0.8795405
0.8827635
0.8760942
0.8651291
0.8723412
0.7790905
0.867921
0.8804568
0.8848947
0.885002
0.8760625
0.8869482
0.8839633
0.8866468
0.8796556
0.8890186
0.8802859
0.8815959
0.8774357
0.8813756
0.8747665
0.881527
0.8792018
0.8849463
0.8785301
0.8754399
0.8819774
0.8839289
0.8851517
0.8838009
0.8769947
0.8747919
0.8736776
0.8792119
0.8734037
0.8804832
0.8733057
0.874016
0.8745521
0.8732483
0.8727848
0.8710085
0.875
0.8721905
0.8740785
0.875037
0.8735696
0.8735114
0.8716938
0.8725039
0.8741914
0.8791619
0.7689168
0.8778442
0.8791035
0.8778774
0.8764704
0.8755408
0.8712058
0.8743674
0.8759898
0.8784545
0.8691261
0.870594
0.882148
0.8749905
0.8723707
0.8699721
0.870604
0.8729418
0.8725097
0.8750932
0.8692667
0.8769219
0.8750936
0.87324
0.8666895
0.8650009
0.8670867
0.7698974
0.8648025
0.877339
0.879042
0.8866192
0.8773052
0.8826093
0.881728
0.886501
0.8779085
0.8872786
0.8771179
0.8873033
0.8750374
0.8763617
0.8714538
0.8756523
0.8789915
0.8882941
0.8808288
0.8687162
0.8842388
0.8831087
0.8777659
0.8807418
0.8792418
0.8798574
0.8751107
0.880705
0.8775315
0.8828343
0.8780973
0.8752037
0.8812143
0.8752263
0.8761072
0.8757068
0.8781288
0.8771199
0.8782061
0.8766724
0.8767467
0.8779241
0.8743933
0.8769378
0.877415
0.8815051
0.7755623
0.8796848
0.8777132
0.8756371
0.8761933
0.8799
0.8783158
0.8785534
0.8798499
0.8774155
0.8722941
0.8751403
0.886645
0.881174
0.8727314
0.8709775
0.8744056
0.8762312
0.8722368
0.8768253
0.8729027
0.8816157
0.876204
0.8797212
0.8665073
0.8690118
0.8722583
0.7765465
0.8643664
0.8792495
0.8854806
0.8824638
0.8786104
0.8896585
0.8861294
0.8877697
0.8756311
0.8904208
0.8792995
0.8840319
0.8762718
0.8797929
0.8769133
0.879994
0.8804147
0.8864853
0.8800865
0.8734605
0.8813211
0.8830309
0.8844931
0.8792123
0.8715113
0.8647338
0.869683
0.8734641
0.8702027
0.8742409
0.8698091
0.8687852
0.8662797
0.8684436
0.8679154
0.8690099
0.8680623
0.8696105
0.8678065
0.8698333
0.8704515
0.8712343
0.867289
0.8671415
0.871792
0.8777156
0.6091286
0.8783202
0.8743579
0.875638
0.869312
0.8779237
0.872838
0.8765597
0.8773082
0.8772503
0.8689754
0.8709107
0.8839851
0.875137
0.8723476
0.8647665
0.8726013
0.8713597
0.8725288
0.8728013
0.8690306
0.8784925
0.874101
0.8752967
0.8672691
0.8654938
0.8682168
0.5776265
0.8680349
0.8719219
0.8741734
0.8824335
0.871239
0.879523
0.8782339
0.882688
0.8750883
0.8840024
0.8734451
0.8795937
0.8745514
0.874429
0.8712611
0.8707963
0.8731527
0.8807922
0.8740376
0.8681377
0.8812467
0.8733521
0.8748231
0.8804267
0.8778843
0.8772622
0.8764004
0.8800529
0.8757148
0.8792208
0.8754107
0.8735811
0.8762754
0.877761
0.8745685
0.8727529
0.8760621
0.8739692
0.8753095
0.8770915
0.8745936
0.8729537
0.8725174
0.8751156
0.8751032
0.8790124
0.7736998
0.88308
0.8792856
0.8856764
0.8748133
0.8772628
0.8748735
0.8795961
0.8787721
0.8819528
0.8718324
0.8737122
0.8866937
0.8785279
0.87244
0.8738641
0.8741591
0.8737658
0.8727477
0.8749488
0.8735412
0.8743354
0.8760831
0.8756395
0.8666388
0.8696962
0.8722622
0.7747326
0.8703467
0.8729524
0.8807864
0.8792394
0.8750279
0.8819209
0.8771445
0.8784575
0.8777197
0.8819197
0.8765533
0.8763596
0.8753544
0.879967
0.8751963
0.873267
0.8798399
0.882076
0.8742969
0.8740568
0.8778849
0.8805397
0.8807705
0.8785929
0.8753641
0.8758611
0.8719255
0.8771698
0.8774175
0.8798398
0.8767022
0.8730506
0.8757035
0.8806902
0.8755368
0.874432
0.8737437
0.8753088
0.8746955
0.8798987
0.8756402
0.8757865
0.8746995
0.8735029
0.8719008
0.8784724
0.8158945
0.8903077
0.8803547
0.8906072
0.880872
0.8844522
0.881828
0.8812491
0.8838318
0.891626
0.8739996
0.8723747
0.8917781
0.8683722
0.8721591
0.8787087
0.8762127
0.876118
0.8722553
0.8758354
0.8718632
0.8759843
0.8905244
0.8797696
0.8806104
0.8775609
0.8741311
0.8163497
0.880366
0.8695586
0.8694012
0.8710543
0.8729025
0.8756623
0.8731983
0.8721575
0.8740163
0.8724299
0.868915
0.8709043
0.8758236
0.8763901
0.8661474
0.8672046
0.8672302
0.8712967
0.8716467
0.874068
0.8740086
0.8746774
0.8759522
0.8797597
0.8730446
0.8742495
0.8710189
0.8724095
0.8736555
0.8777378
0.8745121
0.8725577
0.8730579
0.8793306
0.8738339
0.8770471
0.872419
0.8756854
0.874825
0.8781284
0.8734056
0.8742182
0.8719553
0.8693365
0.8768811
0.8778467
0.8176569
0.8880958
0.8809245
0.8896539
0.878626
0.8857039
0.8845142
0.8861237
0.8871098
0.8928321
0.8739637
0.8719617
0.8956747
0.8691575
0.8744785
0.8816665
0.8742593
0.8756627
0.8745341
0.8763387
0.8771714
0.8757361
0.8885044
0.8804778
0.8813167
0.8778961
0.8728332
0.8100205
0.8781541
0.8736514
0.8695813
0.8740397
0.8750834
0.873958
0.8758531
0.8777548
0.8763546
0.8732555
0.8705733
0.8726277
0.8772874
0.8784963
0.8684615
0.8697743
0.8668659
0.8721065
0.870048
0.8757564
0.8727034
0.8777836
0.8777904
0.8816203
0.833084
0.8375654
0.8344107
0.8363706
0.8338311
0.8392353
0.8337994
0.8316908
0.8347474
0.8365528
0.8274901
0.8315393
0.8283369
0.8249672
0.8307769
0.836638
0.8262513
0.8284199
0.8322176
0.8312188
0.8594274
0.8439517
0.8612117
0.863918
0.8316915
0.8588595
0.8601174
0.8550038
0.8498524
0.8548894
0.8570724
0.8548881
0.851774
0.8541246
0.8649319
0.8513248
0.8516159
0.8458043
0.8503892
0.8525468
0.851743
0.8532483
0.8500958
0.8579031
0.8569908
0.8504579
0.8430028
0.8474186
0.8534147
0.8625118
0.8452308
0.860775
0.8636482
0.8659937
0.8554276
0.8672828
0.8575777
0.8604493
0.8379863
0.8741823
0.8349162
0.8554299
0.8548786
0.8570991
0.8388256
0.8426337
0.8508729
0.861815
0.8599225
0.8508779
0.8699516
0.8643208
0.8637978
0.8618684
0.8597793
0.8574895
0.8536248
0.861901
0.8584638
0.8638154
0.8619241
0.8557819
0.858505
0.864391
0.8572822
0.8597022
0.8509398
0.8587897
0.8552011
0.8641036
0.8573029
0.8618499
0.8587619
0.8560626
0.8619478
0.8577202
0.8679773
0.8801046
0.8662251
0.8787353
0.8759655
0.8803162
0.8768251
0.8795154
0.8800222
0.8814443
0.8632907
0.8654922
0.8834266
0.8515208
0.8637951
0.8692438
0.8681147
0.8659297
0.8643552
0.8666567
0.8677779
0.8609896
0.8809682
0.8643927
0.8667019
0.8685573
0.8671392
0.8683414
0.8595503
0.8529918
0.852028
0.862668
0.851314
0.8583809
0.8588173
0.8606779
0.8617296
0.8648379
0.8485102
0.857528
0.8615518
0.8585674
0.8475475
0.8484501
0.8470561
0.8604529
0.8545275
0.857522
0.8637189
0.8555282
0.8573028
0.8666442
0.8558919
0.8551755
0.8516407
0.8596498
0.8573935
0.8590624
0.8575856
0.8535393
0.8576063
0.8635857
0.8548272
0.8562388
0.8499379
0.8556674
0.852315
0.8610563
0.8530129
0.8569616
0.8560606
0.8563995
0.8579287
0.8578013
0.8669605
0.8794044
0.8653404
0.8786121
0.8740837
0.8785934
0.8746454
0.8774079
0.8777811
0.8814045
0.8607987
0.8635252
0.8835934
0.8511169
0.8623815
0.8681798
0.8658764
0.8640599
0.8627709
0.8643218
0.8661151
0.861329
0.8777291
0.8636157
0.8642111
0.866812
0.8656901
0.8677466
0.8587692
0.8533797
0.851677
0.8618971
0.8488685
0.852433
0.8562168
0.8593903
0.8600187
0.8617332
0.8494632
0.8566663
0.8606051
0.8593007
0.8463507
0.847693
0.8403544
0.8579563
0.8521226
0.8555636
0.8637155
0.853347
0.8557949
0.8665993
0.8591265
0.8571322
0.8536923
0.8616764
0.8589595
0.8627042
0.8618688
0.8542168
0.8585749
0.863704
0.8576093
0.8589207
0.8504008
0.858647
0.8563836
0.8625293
0.8558333
0.8596328
0.8578492
0.8556172
0.8605558
0.8590411
0.8687283
0.8815867
0.8652064
0.8796026
0.8756273
0.8794121
0.8766122
0.87972
0.8790663
0.8814853
0.8636638
0.8658225
0.8838382
0.8515007
0.8632279
0.8670655
0.8667139
0.8656225
0.8635321
0.8661809
0.8672154
0.8611048
0.8802209
0.8661831
0.866649
0.8691427
0.8684033
0.8695165
0.8589748
0.8516107
0.8529973
0.8623998
0.8509463
0.8578939
0.8597513
0.8613048
0.8629512
0.8645649
0.8483571
0.8581967
0.862779
0.859551
0.8470849
0.8489563
0.8481272
0.8598381
0.8541611
0.8575493
0.8656389
0.8567258
0.8565354
0.8679055
0.8628957
0.861932
0.8625445
0.8655027
0.8651669
0.8624851
0.8643923
0.8599567
0.8640669
0.8650832
0.8600889
0.861638
0.8572868
0.8593285
0.8617037
0.8645856
0.859715
0.8608596
0.8619354
0.8607793
0.8596485
0.8638767
0.87336
0.8855439
0.8686645
0.8850187
0.8784169
0.8819409
0.872083
0.8764099
0.8824071
0.8807674
0.8699795
0.8698738
0.8854587
0.8579478
0.8690299
0.8734324
0.8706427
0.8705354
0.8692503
0.8710049
0.8693586
0.8636244
0.881123
0.8667646
0.8707181
0.8714003
0.8717146
0.8722249
0.8630946
0.8599067
0.8614757
0.8642607
0.8575665
0.8628819
0.8659941
0.8646129
0.8646796
0.8677184
0.8560566
0.8648568
0.8632395
0.8623145
0.85162
0.8559624
0.8526284
0.8622732
0.8592358
0.8588062
0.8666064
0.8558235
0.8632931
0.8705392
0.8530694
0.8577572
0.8530272
0.8569826
0.8562982
0.8580995
0.8558052
0.8499131
0.8532984
0.860854
0.8538038
0.8574961
0.8505067
0.8532747
0.8568807
0.857757
0.8579121
0.8586409
0.8527573
0.8555993
0.8586833
0.8553934
0.8696545
0.877671
0.8719802
0.8767052
0.8699132
0.8719294
0.8632553
0.8721595
0.8717518
0.876386
0.8596996
0.8550923
0.883894
0.8507709
0.8558115
0.8632498
0.8598183
0.8609274
0.855767
0.8606767
0.8611258
0.8635832
0.8754751
0.8631244
0.8552541
0.8617444
0.8588511
0.8704022
0.8639946
0.8514555
0.8467511
0.865709
0.8565988
0.8575351
0.8588743
0.8635546
0.8643028
0.8641643
0.8473221
0.8568533
0.8632398
0.8597547
0.8499581
0.8502065
0.8545413
0.8627407
0.8558398
0.8557081
0.862362
0.8591341
0.8561639
0.8681138
0.850356
0.8557134
0.8544978
0.8544643
0.8563085
0.8573408
0.8561582
0.850051
0.8541237
0.8595035
0.8555397
0.8567357
0.8490395
0.8531114
0.856677
0.8569129
0.8576239
0.858226
0.8559134
0.8531989
0.8594313
0.8550125
0.8698817
0.8764024
0.8694109
0.8760993
0.8677689
0.8711121
0.8639985
0.8733069
0.8708411
0.877373
0.8597547
0.855928
0.8793722
0.8524124
0.8554747
0.8611963
0.8621375
0.8598683
0.8552996
0.8600459
0.8615693
0.8610198
0.8757035
0.8630516
0.8564445
0.8606799
0.8583873
0.8699117
0.8616466
0.8546721
0.8478867
0.8639379
0.8548814
0.8578898
0.8581937
0.8598503
0.8624438
0.8659675
0.8469773
0.8537219
0.861626
0.8601577
0.8497902
0.84726
0.8535109
0.860052
0.8575442
0.8568495
0.8646591
0.858194
0.8519051
0.8691879
0.8497706
0.853664
0.850381
0.8526292
0.8534457
0.856106
0.8524338
0.8480305
0.8497485
0.8584818
0.8522706
0.854083
0.8482816
0.8501936
0.8538113
0.8552085
0.8557056
0.8541721
0.8530827
0.8529544
0.8593022
0.8548925
0.8670749
0.8784392
0.8684298
0.8755233
0.8695701
0.8725859
0.863561
0.8727354
0.8741771
0.8752761
0.8568616
0.8568022
0.879579
0.8511512
0.8546604
0.8641556
0.8571321
0.8575084
0.8540071
0.8575998
0.860748
0.8635029
0.8762128
0.8586795
0.8532177
0.8599025
0.8580448
0.868242
0.8632717
0.8552074
0.843303
0.8633336
0.8514275
0.8586219
0.8565095
0.86126
0.8628206
0.8654753
0.8460836
0.8550681
0.8624343
0.8605031
0.8468702
0.8480364
0.8530478
0.8630034
0.8562488
0.8551182
0.8637894
0.855034
0.8561821
0.8674343
0.8236336
0.8291636
0.8305616
0.8254389
0.8300233
0.829859
0.8284652
0.8248341
0.8317047
0.8330148
0.8250087
0.8291569
0.8343835
0.8279619
0.8281262
0.8337276
0.8296373
0.8358254
0.8273553
0.8264498
0.8636261
0.7279619
0.8797457
0.8805013
0.8680774
0.8788002
0.874353
0.8753129
0.8720503
0.8768065
0.8763009
0.8770768
0.8654324
0.8622888
0.8833739
0.8528735
0.8648659
0.8712062
0.8661817
0.8650874
0.864872
0.8645845
0.8706315
0.8586187
0.8800401
0.8613358
0.8677798
0.8703072
0.8651444
0.8783022
0.8666667
0.8589221
0.8580116
0.8589912
0.8617313
0.8543748
0.8538672
0.853489
0.8574491
0.8704843
0.8190005
0.8595329
0.867478
0.8621633
0.8380314
0.8391913
0.8424166
0.8576984
0.8534283
0.8557795
0.8607451
0.8595489
0.8629246
0.8705439
0.8605457
0.8581296
0.8542665
0.8628763
0.859188
0.8641989
0.8624345
0.8556523
0.8593133
0.8645636
0.8588244
0.8600866
0.8516709
0.8595994
0.8568275
0.8636853
0.857004
0.8611752
0.859019
0.8570466
0.8631539
0.8589279
0.8695441
0.8811058
0.8661038
0.8794918
0.8766431
0.8811066
0.8777554
0.8802283
0.8816072
0.8834529
0.8645343
0.867072
0.8846309
0.8520905
0.865376
0.8698867
0.8677834
0.8659767
0.8657232
0.8666617
0.867741
0.8608197
0.8814776
0.8651265
0.8681609
0.8699205
0.8687149
0.8697422
0.8601119
0.8514078
0.8534431
0.8615621
0.8518757
0.8579957
0.859681
0.8608506
0.8616468
0.8657129
0.8496415
0.857956
0.8638189
0.8603042
0.8478941
0.849809
0.8475323
0.8598968
0.8541778
0.858042
0.8644529
0.856482
0.8567729
0.8682165
0.8734884
0.8771413
0.8690317
0.8739753
0.8718508
0.8797175
0.8726701
0.8717044
0.8769819
0.8775157
0.8756578
0.8739269
0.8712739
0.8753461
0.8736916
0.8775082
0.875429
0.8763623
0.8721051
0.8691016
0.8730367
0.8797233
0.8142336
0.889223
0.8817925
0.8871098
0.8781677
0.8844182
0.8797046
0.8822423
0.8831765
0.8879352
0.8720507
0.8733803
0.8911025
0.8705022
0.8722353
0.8766098
0.870725
0.8710809
0.8724161
0.8725205
0.8709641
0.8737926
0.886971
0.8776268
0.8759824
0.8739833
0.8710416
0.8144537
0.8760983
0.8689908
0.8680903
0.8686808
0.8710448
0.8691142
0.8717958
0.8696643
0.8742615
0.869827
0.8692837
0.8716492
0.8743516
0.8734631
0.8631332
0.8681729
0.8674279
0.8709919
0.8681513
0.8709277
0.8731121
0.8705277
0.876634
0.8747483
0.8574765
0.8575301
0.8602147
0.8621064
0.8628736
0.864462
0.8623004
0.856284
0.8579106
0.8640213
0.8584442
0.8580421
0.8560429
0.8572505
0.8598293
0.860404
0.85803
0.8593633
0.8544924
0.8583324
0.8148692
0.8651124
0.8700616
0.8777075
0.8644315
0.8756024
0.8728263
0.8671248
0.862675
0.8665665
0.8664653
0.8718619
0.8591356
0.857813
0.8746634
0.8563779
0.8539502
0.8559611
0.8563632
0.8596425
0.8540352
0.8599939
0.8607894
0.8576715
0.8690912
0.8637561
0.8553128
0.857454
0.8578456
0.875089
0.8505416
0.8156805
0.8671264
0.8714029
0.8567524
0.8607996
0.8680209
0.8701016
0.8598269
0.8695803
0.8612478
0.8690988
0.683098
0.8122953
0.8422029
0.850806
0.8611353
0.8707992
0.8588276
0.8101079
0.8709201
0.8649746
0.8654292
0.86783
0.8685973
0.8708811
0.8707681
0.8692664
0.8707427
0.873752
0.8701788
0.8700832
0.8722414
0.8752883
0.8717545
0.8722046
0.8695668
0.8707389
0.8704084
0.871046
0.8689671
0.8694208
0.8667969
0.8653723
0.8762221
0.874666
0.8903314
0.8966719
0.8760852
0.8952774
0.8918679
0.894808
0.8914547
0.8940558
0.8943441
0.8971227
0.8851828
0.8816898
0.8976262
0.8723283
0.8790706
0.8826575
0.8791581
0.878609
0.879172
0.879038
0.8854206
0.8806328
0.8937824
0.8798159
0.8831501
0.8885493
0.8826368
0.888926
0.8830994
0.8708068
0.8720926
0.8076465
0.8744941
0.8680161
0.8279519
0.8252131
0.8686329
0.8701464
0.868952
0.8296543
0.8802079
0.8709297
0.8598855
0.8618595
0.8653265
0.8281232
0.8700398
0.8740646
0.8039389
0.8767557
0.8793242
0.8811863
0.8468584
0.849313
0.8509076
0.8463517
0.8496153
0.8509996
0.8499378
0.8432052
0.8520023
0.8592457
0.8485826
0.8480318
0.8456172
0.8485925
0.8495014
0.8567358
0.8493394
0.8520385
0.8491045
0.8417107
0.8517895
0.8501088
0.8754464
0.8878937
0.8654747
0.8846636
0.8794782
0.8800485
0.875655
0.881476
0.8805821
0.8811766
0.8600129
0.8590876
0.8864206
0.8470311
0.8575057
0.8723228
0.8608147
0.8575421
0.8583722
0.8575908
0.863767
0.8592067
0.8850924
0.8623208
0.8613164
0.8735378
0.8586004
0.8783336
0.8650006
0.8427758
0.8452521
0.8463591
0.8493422
0.8168299
0.8438317
0.8496238
0.8572991
0.8487441
0.8309865
0.8466646
0.8569263
0.8462459
0.8124211
0.8162742
0.7872289
0.8487889
0.8482095
0.8517272
0.8482796
0.8571048
0.8547898
0.8675047
0.7685092
0.7708032
0.7801712
0.7822802
0.7738448
0.7821845
0.774963
0.7707679
0.7728092
0.7806531
0.7756611
0.7760644
0.7778444
0.7788864
0.7739957
0.7792575
0.7739273
0.7720388
0.7735804
0.7744497
0.8538813
0.8220794
0.8590707
0.8633085
0.8421808
0.8614819
0.8588767
0.8568333
0.8505278
0.8594716
0.8588173
0.8570559
0.8564341
0.8486604
0.8654206
0.84589
0.8457988
0.8442953
0.8474441
0.8496383
0.8455694
0.8492497
0.8494546
0.8476826
0.8566243
0.8465438
0.8431478
0.8437392
0.8519321
0.8575687
0.8419518
0.8532447
0.8567273
0.8578249
0.8481689
0.8572984
0.8522982
0.8554752
0.8473138
0.8669117
0.7804662
0.8515843
0.85
0.8500671
0.8326702
0.8361656
0.8471347
0.8570028
0.8545606
0.8432163
0.8626315
0.8525151
0.8583934
0.8643807
0.7735811
0.7787787
0.7784992
0.7772548
0.7855869
0.7840972
0.7871675
0.7739151
0.7808899
0.7812637
0.7727382
0.7807804
0.7743512
0.7775516
0.7744234
0.7754825
0.7771435
0.7800843
0.780811
0.7777645
0.8575272
0.8345778
0.8695911
0.874806
0.8538709
0.8712816
0.8711119
0.8697369
0.8635525
0.8675191
0.87122
0.8712013
0.859622
0.8580114
0.8716854
0.8489979
0.8555291
0.8550499
0.8566604
0.8588372
0.8556144
0.8585859
0.859969
0.8575261
0.8703586
0.8582007
0.8589276
0.8613174
0.8567055
0.872228
0.8569862
0.8546425
0.8521898
0.8548946
0.8553686
0.8510446
0.844707
0.8532715
0.8511016
0.8616277
0.7426312
0.8502879
0.8592604
0.8600661
0.8279416
0.8333462
0.8388636
0.8511098
0.8508525
0.8519406
0.8590395
0.8567266
0.8581227
0.8635597
0.7847142
0.7865991
0.7880894
0.7873493
0.7839359
0.790278
0.7824809
0.7814855
0.7832944
0.7918277
0.7814072
0.7793596
0.787448
0.7831732
0.7784247
0.7931129
0.7822356
0.7817684
0.7775334
0.7844523
0.8631928
0.8350698
0.8751711
0.8779275
0.8552249
0.8770077
0.87054
0.8739897
0.8702464
0.8755579
0.8763383
0.8766091
0.8628195
0.8635271
0.8793542
0.8553114
0.8628128
0.8639118
0.8659575
0.8663462
0.8631587
0.8671136
0.8656005
0.8654344
0.8770343
0.8666993
0.8637394
0.865573
0.8617629
0.8782084
0.8613172
0.861008
0.8581096
0.8564289
0.8566438
0.8488201
0.8537639
0.85494
0.8538979
0.8714884
0.7883596
0.8545843
0.8606564
0.8603505
0.8390474
0.8389553
0.8490923
0.8520536
0.8568402
0.8613667
0.8613959
0.8691554
0.8609127
0.8706425
0.8610829
0.8602758
0.8662747
0.8621545
0.8597965
0.8644749
0.8597331
0.8583923
0.8591496
0.8615077
0.8575712
0.8574726
0.8595266
0.8565918
0.8572833
0.8588564
0.8584963
0.8609042
0.8566012
0.8579801
0.8236154
0.8647827
0.8717505
0.8724163
0.8724355
0.8717611
0.8660298
0.8697294
0.8656694
0.8680367
0.8691412
0.8661703
0.8579959
0.8548684
0.8774471
0.8545046
0.8601761
0.8552424
0.8609407
0.8613704
0.8597435
0.8613767
0.8585654
0.8545936
0.8674046
0.8576873
0.8548979
0.8604144
0.8585357
0.8708484
0.84682
0.8157159
0.8651959
0.8688018
0.8597364
0.8667244
0.8677018
0.86843
0.8634026
0.8702222
0.8623738
0.8667894
0.8029915
0.8112716
0.8522448
0.8546203
0.860489
0.8703641
0.8618728
0.8230109
0.8712977
0.8628251
0.8617361
0.8685811
0.8568849
0.8616041
0.8574379
0.8628309
0.8636381
0.8653494
0.8659082
0.8554326
0.8580483
0.8702299
0.8587108
0.8639069
0.8562281
0.8642649
0.860562
0.8654678
0.8583822
0.8593697
0.859851
0.8563625
0.859425
0.862099
0.8842253
0.8960099
0.8771211
0.8954289
0.8850119
0.8910497
0.8896961
0.8948196
0.8904221
0.8929724
0.8742164
0.8706764
0.8941267
0.8601594
0.8710562
0.8824166
0.8723285
0.8714649
0.8715338
0.8710088
0.8728367
0.8702839
0.8928005
0.8703374
0.8828643
0.8853465
0.8700252
0.882921
0.876915
0.8519974
0.8530376
0.8513246
0.8605196
0.7538848
0.855829
0.8591565
0.8688377
0.8562366
0.8461656
0.8597705
0.8683518
0.8584512
0.8310616
0.8363078
0.8213211
0.8588815
0.852717
0.8629112
0.850418
0.8597893
0.8563759
0.8730343
0.874298
0.8734664
0.8724363
0.8754471
0.8735781
0.8759733
0.8726056
0.8692465
0.8730622
0.8771613
0.8735892
0.8726525
0.8727138
0.8722845
0.8730435
0.8781044
0.8668352
0.8690948
0.870909
0.871887
0.8714447
0.8732047
0.8662516
0.8887911
0.8822603
0.884499
0.8785196
0.879266
0.8753604
0.8808979
0.8809974
0.886214
0.8697809
0.8703113
0.8911592
0.8648906
0.867253
0.8727887
0.8685527
0.8688629
0.8675165
0.8686593
0.870559
0.8736428
0.883232
0.8682179
0.8753245
0.8777035
0.8740178
0.8652066
0.8684181
0.8681111
0.8625866
0.8663695
0.8667091
0.8707346
0.8636278
0.8700213
0.875283
0.8689795
0.8641182
0.8687707
0.8724351
0.8687041
0.8568933
0.8604139
0.8639606
0.8694887
0.8671041
0.8680519
0.8687434
0.8669707
0.8699352
0.8773202
0.8692714
0.8696085
0.8699561
0.8767224
0.872425
0.8746875
0.8722441
0.8654953
0.8719947
0.8724768
0.8707181
0.8697484
0.868055
0.8681721
0.8701414
0.870397
0.867965
0.8670779
0.8695507
0.8676438
0.8774712
0.871576
0.8617085
0.8914334
0.8844601
0.8882467
0.8804079
0.8835344
0.8825184
0.8884632
0.8844271
0.8912066
0.868877
0.8687292
0.8935426
0.8705873
0.8723523
0.8698861
0.8736461
0.8728776
0.872994
0.8739303
0.8676592
0.8713795
0.8886033
0.8735529
0.8749017
0.8772726
0.8701532
0.8588479
0.8727571
0.8693394
0.8696869
0.8757578
0.8678058
0.8710909
0.870524
0.8682811
0.8732426
0.8701323
0.8653192
0.8709761
0.8773742
0.8742924
0.8635561
0.8639223
0.867486
0.8716613
0.8641186
0.8692328
0.8701777
0.8728453
0.8723696
0.8752688
0.8689788
0.8671365
0.8642494
0.871436
0.8723938
0.8739161
0.872587
0.8681833
0.8711713
0.8745251
0.8696735
0.8685763
0.8651464
0.8691755
0.8701866
0.8704012
0.8675838
0.8700857
0.8661007
0.8666295
0.8643921
0.8721321
0.8572614
0.8847821
0.8734942
0.8805838
0.8803188
0.8773394
0.8759664
0.8833327
0.8797597
0.8823924
0.8693858
0.8665589
0.8847358
0.8626399
0.8714777
0.8763499
0.8711907
0.8728476
0.8715734
0.8714291
0.8684211
0.8705411
0.8797104
0.8697866
0.8722515
0.8725046
0.8632559
0.857996
0.865979
0.8629424
0.8632631
0.863558
0.8626627
0.8677304
0.867599
0.8651025
0.8719578
0.8633512
0.8595804
0.8686332
0.8706049
0.8644865
0.8619089
0.8599864
0.865489
0.8732253
0.8624717
0.8654796
0.8634572
0.8651694
0.8609001
0.8754137
0.8464183
0.8477556
0.8427659
0.8475791
0.8496404
0.8513431
0.8508842
0.8432615
0.8478964
0.852854
0.8427939
0.8501067
0.8431726
0.8464535
0.8469766
0.8467028
0.8463742
0.8497281
0.8461715
0.8422426
0.860112
0.8500944
0.8826601
0.8870561
0.8634656
0.8814572
0.8738552
0.8811261
0.8762081
0.8780205
0.8792004
0.8815234
0.8647341
0.8623755
0.8835302
0.8467632
0.859913
0.8689915
0.8607667
0.8635278
0.8600023
0.8618948
0.8648721
0.8533959
0.8817116
0.8549907
0.8639798
0.8644113
0.8637074
0.8841386
0.8599089
0.8544681
0.847788
0.8494091
0.8599506
0.8472489
0.8438494
0.8439306
0.8526782
0.8571429
0.8363382
0.8457795
0.8632752
0.855519
0.8352923
0.8302852
0.8355728
0.8417628
0.8478656
0.8599571
0.8481588
0.8603895
0.8619575
0.8676031
0.8440472
0.8422175
0.8404952
0.8483116
0.843188
0.8438356
0.8443912
0.8408474
0.8434664
0.8488557
0.8389089
0.8423642
0.8423099
0.8438189
0.8404138
0.8439377
0.841626
0.843896
0.8373663
0.8472781
0.8564932
0.8530972
0.8713879
0.876747
0.8512188
0.8691561
0.8672743
0.8710588
0.8666641
0.8668016
0.8695554
0.8626771
0.8590446
0.8567674
0.8747528
0.8490792
0.8514174
0.8546067
0.8579198
0.8597665
0.8515885
0.8596432
0.8582206
0.8511103
0.8705117
0.8481702
0.8528507
0.855752
0.8554924
0.8705741
0.8520518
0.8522968
0.8595979
0.8604221
0.8596041
0.8604055
0.8576925
0.8549922
0.851721
0.8735822
0.8400292
0.8520314
0.8587249
0.8583525
0.8378881
0.8396387
0.8471617
0.8531754
0.852663
0.8556851
0.852706
0.868129
0.863306
0.866742
0.8415426
0.84544
0.8387725
0.8478492
0.8485917
0.8500265
0.8481296
0.8438646
0.8428164
0.8527064
0.8430907
0.8418418
0.8397934
0.8450618
0.8398868
0.8512522
0.8433547
0.8457946
0.8446887
0.8423645
0.860842
0.8450433
0.8763298
0.8823856
0.8628031
0.8799747
0.8706887
0.8727901
0.8688977
0.8723945
0.8723244
0.8774526
0.8565538
0.8598447
0.8783769
0.8495894
0.8610732
0.8662367
0.8605397
0.8620859
0.8614655
0.8623933
0.8634602
0.8563958
0.878254
0.8607871
0.8577184
0.8633031
0.8584435
0.8801044
0.8599444
0.860758
0.8565466
0.8539155
0.8642822
0.8477863
0.8492082
0.8448421
0.8521815
0.8612286
0.8374348
0.845796
0.861528
0.8581244
0.8347718
0.8298747
0.835144
0.848941
0.8502191
0.8594269
0.8484755
0.8601622
0.8613212
0.8667471
0.8514717
0.8529999
0.849481
0.8532556
0.8542043
0.8546803
0.8527141
0.8505604
0.8510566
0.854707
0.8433123
0.8461538
0.8477157
0.8453194
0.8494611
0.8489268
0.8447589
0.8483155
0.8486273
0.8515917
0.8638535
0.8583134
0.8746367
0.8759563
0.8525139
0.8722515
0.8637015
0.8660235
0.8611765
0.8635442
0.8642841
0.8727759
0.8560332
0.8573221
0.8784356
0.8528914
0.8592051
0.8616015
0.8590695
0.8585458
0.8588173
0.858077
0.8547661
0.8532565
0.8722168
0.8579454
0.851567
0.8543456
0.8557019
0.8721078
0.8536697
0.8617889
0.8565485
0.8673661
0.8595035
0.8599179
0.8566806
0.8571914
0.8521973
0.8747946
0.843422
0.8539347
0.8594028
0.860084
0.8429599
0.8443956
0.8471661
0.8556083
0.8585067
0.8636122
0.8605298
0.8708258
0.8655624
0.872143
0.8321765
0.8365521
0.8366893
0.8390518
0.8336026
0.8380536
0.8356322
0.8309532
0.8364006
0.8377673
0.8280485
0.8319756
0.8367284
0.8320352
0.8329221
0.8344101
0.8320934
0.8322685
0.8313477
0.8296654
0.8520772
0.847288
0.8561748
0.8664458
0.8431268
0.8661159
0.85479
0.850186
0.8467689
0.8534571
0.8506902
0.854894
0.8499538
0.8434019
0.8629655
0.8449579
0.8376145
0.8389382
0.8396165
0.843227
0.8377791
0.8426503
0.845321
0.8393044
0.8500691
0.837543
0.8317147
0.8403169
0.8471826
0.8565216
0.8377348
0.8515583
0.8554676
0.8520724
0.854913
0.8588525
0.851449
0.8499408
0.8436672
0.8644153
0.838117
0.8496859
0.8537462
0.8490522
0.8302639
0.8333464
0.8456105
0.8484395
0.8508698
0.8468228
0.8631603
0.8619048
0.8621694
0.8616044
0.8768711
0.880154
0.8772105
0.879889
0.8759794
0.8804622
0.8749628
0.8725281
0.8755844
0.8742366
0.873733
0.8713149
0.8801186
0.8740134
0.8740222
0.8764062
0.8745164
0.8742893
0.8736885
0.877341
0.8752409
0.8835281
0.7700381
0.87969
0.8789505
0.8764133
0.870745
0.8753254
0.871987
0.8735959
0.8763235
0.8719906
0.8707102
0.8717551
0.8823442
0.878009
0.8714959
0.8709201
0.8733196
0.8741891
0.8715925
0.8763477
0.8706818
0.8796623
0.8716448
0.8776089
0.8658537
0.8653678
0.8717416
0.7771013
0.8637852
0.8795904
0.882073
0.8840666
0.8800298
0.8867345
0.8825094
0.8811634
0.8739656
0.8867867
0.8802643
0.8873603
0.8771798
0.8837638
0.8761804
0.8807591
0.8793387
0.8825088
0.8788312
0.8732932
0.8821802
0.8825997
0.880649
0.8832675
0.8221018
0.8234089
0.8311858
0.833378
0.8258691
0.8291772
0.8245648
0.8202418
0.8239105
0.8278041
0.8225192
0.8226637
0.8252086
0.8267289
0.8243546
0.8255957
0.8224783
0.8248468
0.8285615
0.8229784
0.8592858
0.8199608
0.8719644
0.872583
0.8556306
0.8665566
0.867777
0.8659141
0.8566801
0.8663272
0.8669927
0.8621556
0.8554827
0.8550311
0.8677717
0.8519346
0.8580966
0.858019
0.8604599
0.8603274
0.8579673
0.8624793
0.8567455
0.8589763
0.8700747
0.849563
0.8560702
0.8513798
0.8541476
0.8754107
0.8528535
0.8604154
0.8616005
0.8608525
0.857105
0.8604922
0.8543415
0.8603091
0.8485886
0.8679332
0.8204767
0.8566264
0.8586417
0.8605797
0.8396696
0.8481844
0.8473128
0.8625335
0.8580019
0.8533731
0.8623682
0.8671798
0.861721
0.8689029
0.8774606
0.8757994
0.8764717
0.8809533
0.875702
0.8808235
0.8767265
0.8759037
0.8770507
0.8761743
0.8739677
0.8743652
0.8822945
0.8753283
0.8757123
0.8767078
0.8769481
0.8763469
0.8736303
0.8755184
0.8776207
0.8836682
0.752967
0.8764358
0.8744733
0.87214
0.8746727
0.8735922
0.872743
0.8754648
0.8746119
0.8747032
0.8722796
0.8750047
0.8843094
0.8808816
0.873478
0.8689559
0.8779863
0.8748835
0.873026
0.8778637
0.8728469
0.8792382
0.8742178
0.8779516
0.8675147
0.867153
0.8766324
0.7571263
0.8650244
0.8800481
0.8829159
0.8914552
0.8812674
0.8875524
0.8872978
0.8886027
0.8720991
0.8913191
0.8827453
0.885229
0.8769776
0.8813483
0.8820507
0.8783156
0.8840992
0.8862089
0.8858736
0.8742952
0.8942514
0.8834525
0.8876239
0.8834915
0.8702103
0.8722617
0.8718148
0.8730828
0.8705364
0.8751893
0.8698087
0.8699647
0.8721502
0.8720086
0.8698584
0.868001
0.873302
0.8705743
0.8704975
0.8714228
0.8683526
0.8688464
0.8664901
0.8719327
0.8763536
0.8803301
0.7450166
0.8730047
0.8741006
0.871388
0.8665915
0.8726364
0.8680739
0.874754
0.8744447
0.8779948
0.8716929
0.8752991
0.8854835
0.8809113
0.8719629
0.864689
0.874689
0.8742974
0.8721013
0.8752697
0.8748782
0.8768857
0.8736299
0.8735922
0.8646914
0.8664
0.8722072
0.7548323
0.8658164
0.877344
0.8839615
0.8875078
0.8754321
0.8859727
0.8873547
0.8877577
0.8727347
0.8917435
0.8797464
0.882913
0.8742908
0.8793621
0.8754345
0.8758711
0.8795748
0.8875
0.8813692
0.8730707
0.8879637
0.8801893
0.8833403
0.8774926
0.872827
0.8743711
0.8722553
0.8747736
0.8721055
0.8768378
0.8723412
0.8747635
0.87209
0.8725337
0.8694987
0.8681446
0.8772811
0.8732311
0.8705603
0.8727825
0.8677806
0.8695781
0.86963
0.8755042
0.8754132
0.8850575
0.747114
0.8746232
0.8696991
0.8741467
0.8720015
0.8693083
0.8666793
0.870539
0.8713488
0.8732463
0.8705271
0.8764638
0.8833414
0.8844295
0.8706735
0.8639691
0.8739208
0.869562
0.8703446
0.869951
0.8715189
0.8790967
0.8718382
0.8767963
0.8645306
0.8641391
0.8746394
0.7507782
0.8630371
0.8788107
0.8861236
0.8873089
0.8764647
0.8862633
0.8869065
0.8875184
0.8761937
0.8897067
0.8786989
0.8822121
0.8775069
0.8793129
0.8743255
0.8750563
0.8801498
0.8878757
0.8829074
0.8745774
0.8858134
0.8851771
0.8856234
0.8810682
0.8611101
0.8635216
0.8613133
0.8640693
0.865436
0.8663055
0.8656739
0.8585421
0.8680631
0.8662051
0.8642881
0.8629258
0.8602399
0.8619154
0.8653462
0.8630488
0.8620911
0.867679
0.8654593
0.8617536
0.7982829
0.86603
0.879375
0.8872926
0.8791478
0.8861005
0.8786888
0.8859413
0.8774508
0.8847527
0.8842889
0.8883883
0.8708012
0.8658741
0.8878724
0.8554913
0.860506
0.8743934
0.8652769
0.8639918
0.8610315
0.8643437
0.8702577
0.8603921
0.884287
0.8613099
0.8723737
0.8743799
0.8658616
0.8801006
0.8658481
0.7823866
0.8612137
0.8605846
0.859369
0.8568325
0.8557689
0.8605129
0.8662734
0.8441589
0.8531973
0.8557948
0.8324923
0.8160583
0.8376859
0.845768
0.847883
0.8579735
0.8520993
0.7949842
0.860492
0.8584482
0.8636736
0.8697858
0.8546871
0.861264
0.85843
0.8592657
0.8558304
0.8628225
0.8575943
0.852764
0.861209
0.8657761
0.8564918
0.8574862
0.855637
0.8548079
0.8568159
0.8602681
0.8555568
0.8577839
0.8594417
0.858346
0.7902525
0.8557863
0.8741436
0.8838219
0.8724003
0.8839085
0.870517
0.8812251
0.8739188
0.8773805
0.8808931
0.8846766
0.8662835
0.86002
0.8876547
0.8488308
0.8552403
0.864657
0.8563104
0.8564733
0.8551945
0.8557751
0.8643332
0.8540957
0.8785574
0.8514616
0.8623317
0.8663522
0.8621551
0.8736287
0.8575236
0.7756028
0.8532779
0.8577128
0.8587636
0.8570005
0.8502857
0.8508989
0.8581112
0.8479393
0.8444799
0.8563946
0.8274146
0.8086667
0.8391219
0.8394387
0.8483618
0.8572253
0.8478151
0.7834988
0.8592242
0.8597262
0.8637486
0.8627068
0.8558349
0.8640321
0.8594806
0.8619566
0.8618271
0.8630469
0.8616347
0.8559354
0.8610459
0.8634623
0.8536941
0.8581501
0.8558669
0.8582195
0.8564345
0.8595418
0.857355
0.8604801
0.858451
0.8569194
0.7827073
0.858265
0.8754677
0.8812275
0.8713894
0.8797516
0.8738664
0.8769139
0.8711722
0.8791134
0.876703
0.8767682
0.8593888
0.8552265
0.8827682
0.8479865
0.8547216
0.8630047
0.8536857
0.8563527
0.8548967
0.8566216
0.8596992
0.8527759
0.8773292
0.8524149
0.862165
0.8645317
0.8573798
0.8759373
0.8571815
0.772989
0.8507913
0.8523099
0.8522215
0.8508492
0.8512811
0.8491812
0.857772
0.8460743
0.8423367
0.8536455
0.8249307
0.8096607
0.8337008
0.8357968
0.8456082
0.8560481
0.8431864
0.7857378
0.8568878
0.8538164
0.8597374
0.8650621
0.8475524
0.8508017
0.8433891
0.8502331
0.8480061
0.8535367
0.8516891
0.8451662
0.8502404
0.8548637
0.8459862
0.8474163
0.8430002
0.8456118
0.8467484
0.8539305
0.8457086
0.8497101
0.8489337
0.8457374
0.8630993
0.8534196
0.8821583
0.8847307
0.8612268
0.8805003
0.8711268
0.8776478
0.8752965
0.8766955
0.8784547
0.8822381
0.8649664
0.8613616
0.8853043
0.8545497
0.8585139
0.8687363
0.8601943
0.8627325
0.8589499
0.8621799
0.866783
0.8553392
0.8809595
0.8597823
0.8641296
0.8678716
0.8615232
0.8831328
0.8648772
0.8564612
0.8556355
0.8483793
0.8599409
0.8470629
0.8467058
0.8506853
0.8548301
0.8622015
0.8394223
0.8473594
0.8661325
0.856846
0.8333723
0.8318002
0.8385702
0.8529277
0.8481203
0.8556203
0.8480121
0.866085
0.8627352
0.8694866
0.852268
0.8523692
0.8494263
0.854936
0.852977
0.8584959
0.8555218
0.8534976
0.8546344
0.8614135
0.8481231
0.8553232
0.8490523
0.8544826
0.8523429
0.8602199
0.850427
0.853628
0.8528256
0.8510322
0.852296
0.8549249
0.8692133
0.8806126
0.8642314
0.880274
0.8679295
0.8686008
0.8659337
0.8709471
0.8670085
0.8756931
0.8569672
0.8557641
0.8795068
0.8444209
0.8516892
0.8626715
0.8504505
0.8532005
0.8528347
0.8521048
0.85472
0.8588686
0.8733263
0.8577992
0.8606497
0.8581255
0.8523117
0.8719365
0.8612079
0.842466
0.8458599
0.849333
0.8091828
0.8472126
0.8470337
0.8468708
0.8596378
0.8453065
0.8416463
0.8483932
0.8600138
0.8416781
0.833268
0.8353084
0.8394415
0.8540771
0.8441548
0.8452682
0.8520559
0.8274298
0.826395
0.8384825
0.844906
0.8460607
0.8460986
0.8467151
0.8507553
0.849494
0.8490395
0.8419429
0.8456799
0.8534171
0.8493821
0.8490908
0.8388548
0.8494754
0.8495582
0.8520568
0.8487446
0.8504951
0.8476786
0.8442766
0.8526364
0.8523991
0.8768711
0.8809128
0.8614208
0.8824399
0.8737911
0.8726378
0.8668401
0.8733745
0.8699757
0.8790012
0.8581622
0.8608251
0.8829658
0.846912
0.8563463
0.8662815
0.8585516
0.8590604
0.8567362
0.8598832
0.8574253
0.8610733
0.8767384
0.8585543
0.8623654
0.8648638
0.8547461
0.8755778
0.8572026
0.8473433
0.851087
0.8472524
0.85393
0.8170399
0.8546348
0.8581394
0.8516821
0.8569712
0.8364959
0.856654
0.8566774
0.8545747
0.82225
0.822244
0.7819945
0.8585958
0.8518759
0.8506851
0.8536305
0.8546777
0.8539116
0.8692509
0.8652956
0.8650897
0.8669668
0.8698849
0.8677406
0.8709138
0.8680607
0.8648649
0.86503
0.8686297
0.8618901
0.8679316
0.8670246
0.8662143
0.8677397
0.8680853
0.8649476
0.8657878
0.8637419
0.8651698
0.8379081
0.8731069
0.8740948
0.878256
0.8707871
0.8763685
0.8793116
0.8762841
0.8750141
0.8762029
0.8770339
0.8741377
0.8688228
0.8655961
0.8804424
0.8696874
0.8705449
0.8643104
0.8693328
0.8707022
0.8703857
0.8710064
0.8687925
0.8689624
0.8747519
0.8757392
0.863619
0.8683803
0.8699383
0.8743454
0.856097
0.8379126
0.8753137
0.8791343
0.8676167
0.8719794
0.8772035
0.8791005
0.8717068
0.8727719
0.869663
0.8771241
0.788124
0.8281176
0.8577568
0.8623205
0.8675494
0.8793123
0.8693422
0.8378085
0.8784088
0.8777129
0.8765182
0.8729042
0.8550245
0.8567309
0.8571916
0.8572457
0.8585438
0.857338
0.8585227
0.8508742
0.8607399
0.8601772
0.8564728
0.8561597
0.8522615
0.8577929
0.8551436
0.8545586
0.8542364
0.8584941
0.8562835
0.8525722
0.7807937
0.8621111
0.8695323
0.8782498
0.8676575
0.8735914
0.8686359
0.8726422
0.8623002
0.869434
0.8707184
0.8735768
0.8589089
0.8559061
0.8786923
0.8460514
0.8538171
0.8589675
0.8561612
0.8560606
0.8541675
0.8552773
0.8554797
0.8524065
0.8737324
0.8501692
0.8573141
0.8638607
0.8550585
0.8728964
0.8515383
0.7765257
0.854709
0.8563781
0.8500904
0.8519867
0.8563125
0.8601417
0.8589553
0.8512762
0.8442011
0.8572026
0.8198227
0.8115539
0.8313362
0.8369476
0.847713
0.8557563
0.8472082
0.7768019
0.8634459
0.8585975
0.8552564
0.8614885