0.
0.2427364
0.2520584
0.2486236
0.2474508
0.247054
0.2465994
0.2472967
0.2481787
0.250957
0.2497412
0.249698
0.2442845
0.2467386
0.248853
0.2519819
0.2471896
0.2496323
0.2504584
0.2519604
0.2485426
0.2483106
0.2440202
0.2415236
0.2460224
0.244653
0.2445306
0.248215
0.2488193
0.2448173
0.2525394
0.2485422
0.2490076
0.2463318
0.2497977
0.2506211
0.2500051
0.2484376
0.2514038
0.2526634
0.2447786
0.2399856
0.2498248
0.246075
0.2503996
0.2458528
0.2525186
0.2448229
0.247736
0.2522884
0.2498851
0.2484234
0.2476871
0.2462697
0.2499343
0.2516128
0.2485242
0.2481633
0.2519911
0.2490214
0.2484781
0.2470628
0.2461353
0.2525263
0.2496134
0.2498612
0.2461434
0.2508081
0.2478748
0.2491073
0.2504346
0.2464769
0.2473269
0.2512531
0.2469359
0.2476648
0.2493793
0.2477811
0.2520357
0.2529545
0.3770715
0.3709035
0.3682087
0.3748425
0.3733063
0.3661364
0.3712893
0.3696657
0.371588
0.3716963
0.3707497
0.3734497
0.3685784
0.3714991
0.3754693
0.3721567
0.3745988
0.374858
0.372874
0.3742194
0.2427364
0.
0.2388219
0.2338696
0.2351594
0.2296881
0.2298183
0.2352473
0.2312837
0.2376523
0.2335773
0.2307242
0.2346853
0.2297903
0.2311724
0.2352279
0.2302734
0.231367
0.2338441
0.2339865
0.2454965
0.2297618
0.2304442
0.2297643
0.2367069
0.2279726
0.2332339
0.2324032
0.2321817
0.2357541
0.2377791
0.2326932
0.2319401
0.2300043
0.2315681
0.2345368
0.2335541
0.2313991
0.234844
0.2372964
0.2384452
0.2280277
0.2334278
0.2444502
0.2331995
0.2466219
0.2389867
0.2281179
0.2315092
0.2347832
0.2331624
0.2310275
0.2326344
0.2283955
0.2330886
0.2351069
0.232596
0.2305144
0.2372367
0.2335024
0.231002
0.2291157
0.2296526
0.2362208
0.23385
0.2360832
0.2309228
0.2362306
0.240339
0.2331089
0.235222
0.2314482
0.2324069
0.2470036
0.2339021
0.2307403
0.2349319
0.2315825
0.2379499
0.2360995
0.3712495
0.3640033
0.367948
0.3664742
0.3647863
0.3585249
0.3628115
0.3696574
0.3615811
0.364584
0.3679457
0.3650702
0.367858
0.3767842
0.3666937
0.3670445
0.3747043
0.3656287
0.3706838
0.3648784
0.2520584
0.2388219
0.
0.2352199
0.2359104
0.2345766
0.2369461
0.2368383
0.2342262
0.2400464
0.2353255
0.2351697
0.2371063
0.2317427
0.232659
0.2367542
0.2335543
0.2323056
0.2369394
0.2383397
0.249879
0.2331708
0.2367295
0.2363748
0.240949
0.2336635
0.2413722
0.2370328
0.232613
0.2430656
0.2390446
0.2359887
0.2350079
0.2322292
0.2339285
0.2379947
0.2368411
0.234301
0.2393556
0.2386814
0.2476673
0.2412962
0.2347989
0.2567876
0.2428308
0.2511526
0.2412873
0.2324226
0.2311616
0.2369952
0.236333
0.2338855
0.23578
0.2321938
0.2362978
0.2378694
0.2346951
0.232651
0.239644
0.2354242
0.2346281
0.2327398
0.2327234
0.2387287
0.2344982
0.2379099
0.2347791
0.2390167
0.2427014
0.2356814
0.2379831
0.2353342
0.2345427
0.252464
0.2377189
0.245306
0.2357407
0.2338437
0.2397002
0.239807
0.3711132
0.3651737
0.3704998
0.3687828
0.3668612
0.3639563
0.3645433
0.3730459
0.3661531
0.3653913
0.3709275
0.3647078
0.369945
0.3850045
0.3680778
0.3677367
0.3766965
0.3673208
0.3722885
0.3665149
0.2486236
0.2338696
0.2352199
0.
0.2313472
0.229568
0.2307068
0.2332078
0.2290707
0.2339692
0.2296838
0.2280046
0.2310659
0.2258992
0.2268838
0.2327621
0.2284699
0.227223
0.2305005
0.233277
0.2481129
0.2269404
0.2317306
0.2295421
0.2361179
0.2271176
0.2360036
0.2297642
0.2265404
0.2360401
0.2344048
0.2299619
0.2284088
0.2250516
0.2296788
0.2338778
0.2303992
0.2284494
0.2337946
0.2347725
0.2435076
0.2367933
0.2300717
0.2520769
0.2381745
0.2479937
0.2352535
0.2263327
0.2279219
0.232991
0.2311164
0.2267027
0.2306429
0.221756
0.2303673
0.2329053
0.2293151
0.2283379
0.2343897
0.2293878
0.2297159
0.2250141
0.227033
0.2325909
0.2301135
0.2336294
0.2301325
0.2341147
0.2385207
0.2301824
0.2300753
0.2304827
0.2273114
0.2490251
0.2319688
0.2412777
0.2320109
0.2272573
0.2346499
0.2337897
0.3708697
0.3632316
0.3696875
0.364787
0.3640824
0.3606883
0.361458
0.3726
0.3621673
0.36379
0.366636
0.3633867
0.368779
0.3844476
0.3667871
0.3668685
0.3775459
0.3651019
0.3710887
0.3641697
0.2474508
0.2351594
0.2359104
0.2313472
0.
0.2328286
0.2262733
0.2353417
0.2332428
0.2371357
0.2341437
0.2329696
0.235213
0.2259247
0.2313259
0.2361421
0.2321685
0.2321258
0.2355812
0.234913
0.2485761
0.2319571
0.2324084
0.2356078
0.236962
0.2292133
0.2397939
0.233788
0.2311036
0.2390858
0.2381827
0.2348396
0.2331278
0.2299873
0.2330749
0.2370541
0.2357818
0.2330193
0.234963
0.2378623
0.2419567
0.2380364
0.2341431
0.2522396
0.2423661
0.2477441
0.2381596
0.2316701
0.2325298
0.2348737
0.2328353
0.2300943
0.2343668
0.2295691
0.2344086
0.2371512
0.2330149
0.2304828
0.237386
0.2327551
0.2296851
0.2284378
0.2291786
0.2372515
0.2336516
0.2357189
0.2328293
0.2376434
0.240827
0.2327165
0.2366494
0.232813
0.2323829
0.2492108
0.2345171
0.2416471
0.2330637
0.2320023
0.2380489
0.2363322
0.3751094
0.3698954
0.3734947
0.37105
0.3688918
0.3676762
0.3684035
0.3741369
0.368199
0.3699697
0.373859
0.369715
0.369797
0.3819613
0.3716289
0.3726321
0.3802868
0.3700451
0.3742857
0.3700151
0.247054
0.2296881
0.2345766
0.229568
0.2328286
0.
0.2325702
0.23319
0.2296442
0.2348801
0.2296303
0.2279753
0.2289263
0.2240121
0.2281127
0.2321572
0.2280286
0.2289059
0.231224
0.2320927
0.2462541
0.2253541
0.2281151
0.2300396
0.2360326
0.2255788
0.2348296
0.2297201
0.2292198
0.2348243
0.2336853
0.2290271
0.227947
0.2257633
0.2302145
0.2317993
0.2312802
0.2278956
0.2332664
0.2319695
0.2410545
0.2353156
0.230664
0.2496406
0.2380016
0.2477444
0.2343061
0.2249888
0.2273759
0.2313143
0.2301858
0.2268497
0.2288016
0.2251124
0.2303153
0.2317451
0.2276
0.2249711
0.2347283
0.2290048
0.2269108
0.2254601
0.2261525
0.2324512
0.2305189
0.2324874
0.2272118
0.232837
0.2365083
0.228774
0.2332935
0.2275011
0.2284629
0.2479316
0.2321903
0.238581
0.2314321
0.2280715
0.2335881
0.2329908
0.3700751
0.364556
0.3690079
0.3647864
0.365287
0.3602543
0.3618598
0.3706492
0.3623382
0.3645375
0.3679908
0.3635764
0.3680048
0.3836963
0.3648257
0.3671648
0.3771313
0.3643439
0.3706978
0.3649128
0.2465994
0.2298183
0.2369461
0.2307068
0.2262733
0.2325702
0.
0.2330742
0.2312068
0.2336791
0.2333572
0.2314592
0.2336152
0.2283091
0.2306927
0.2342985
0.2309237
0.2299114
0.2331594
0.2341486
0.2441504
0.2289873
0.2342347
0.2314748
0.2306288
0.2267786
0.2376403
0.2323849
0.2303796
0.2336508
0.2364724
0.2307599
0.2308802
0.2287479
0.2320515
0.2362626
0.2337521
0.2319668
0.235258
0.2370219
0.2388853
0.2355143
0.2304385
0.2496809
0.2362227
0.2455635
0.2357319
0.2290757
0.2308814
0.2347425
0.2341989
0.2311561
0.2328126
0.2274526
0.2306687
0.2362125
0.232149
0.2302276
0.2375074
0.231244
0.2301611
0.2281027
0.2300786
0.2359989
0.233928
0.2344055
0.2289942
0.2349821
0.2390731
0.2294475
0.2349597
0.2311201
0.2295683
0.244677
0.2316662
0.2363841
0.233668
0.2313103
0.2378335
0.2360803
0.3710742
0.3653524
0.3701026
0.3658591
0.3653422
0.3620417
0.3633855
0.3704445
0.3636033
0.3650075
0.3684762
0.3653535
0.3649397
0.3725132
0.3676954
0.368156
0.3745069
0.365592
0.3659784
0.3656638
0.2472967
0.2352473
0.2368383
0.2332078
0.2353417
0.23319
0.2330742
0.
0.2321859
0.2353897
0.233602
0.2313475
0.2359648
0.2299115
0.2305549
0.2356853
0.2307295
0.2292606
0.2351007
0.2350497
0.2478865
0.2285548
0.2344672
0.2325609
0.237547
0.2286756
0.2373109
0.2329965
0.2310349
0.2376838
0.236237
0.2325324
0.2316578
0.2282957
0.2326907
0.2341635
0.2353
0.232291
0.2344977
0.2360589
0.2420079
0.2377073
0.2318739
0.2480018
0.2391928
0.2462298
0.2377599
0.2278187
0.2305661
0.2341315
0.2330665
0.230409
0.2322226
0.2290446
0.2336421
0.2357292
0.2305917
0.2298078
0.2364356
0.2306942
0.2297608
0.230155
0.2292494
0.2364367
0.2345605
0.2355983
0.2300272
0.2369807
0.238438
0.2315186
0.2359476
0.2319298
0.2324417
0.2482776
0.2343058
0.2413543
0.2339853
0.2318041
0.2357631
0.2370189
0.3701082
0.3623417
0.3707171
0.3660562
0.3662281
0.3620251
0.3625422
0.3708686
0.3629327
0.3651491
0.3674641
0.3639732
0.3671795
0.3837987
0.3671178
0.3651124
0.375328
0.3662786
0.369631
0.3647676
0.2481787
0.2312837
0.2342262
0.2290707
0.2332428
0.2296442
0.2312068
0.2321859
0.
0.2337412
0.2303491
0.22864
0.231006
0.2246795
0.2260009
0.2319901
0.2265312
0.2260283
0.2284168
0.2300442
0.2470554
0.2277157
0.2317657
0.2302257
0.2362758
0.2271778
0.2372392
0.2300098
0.2283836
0.2358924
0.2325358
0.2291101
0.2235497
0.2228872
0.2283874
0.2322926
0.2303746
0.2279779
0.2316461
0.2329071
0.2420414
0.2364594
0.2301865
0.2520402
0.2391392
0.248753
0.2346227
0.2250319
0.2260371
0.2307635
0.2293974
0.2254869
0.2299162
0.2247668
0.2273557
0.2326372
0.2256409
0.2229491
0.2330613
0.2278092
0.2259125
0.2239993
0.2256295
0.2305561
0.2293672
0.2308945
0.2300416
0.2328843
0.2367696
0.2289315
0.231282
0.229738
0.2300826
0.247969
0.2307364
0.2374542
0.2308916
0.2264057
0.2337565
0.2324695
0.3708532
0.3639933
0.3718051
0.3662884
0.3664439
0.3613319
0.363222
0.3734485
0.3625049
0.3648556
0.3682009
0.3645654
0.3694834
0.3853088
0.3669198
0.3671653
0.3783124
0.3653994
0.3722127
0.3639658
0.250957
0.2376523
0.2400464
0.2339692
0.2371357
0.2348801
0.2336791
0.2353897
0.2337412
0.
0.2340662
0.2325794
0.2363406
0.2307688
0.2331955
0.2383069
0.2326789
0.2272273
0.2355529
0.2368338
0.2489602
0.2330101
0.236313
0.2346831
0.242126
0.2326381
0.2408337
0.2344192
0.2320438
0.2394784
0.2399409
0.2337245
0.2327253
0.2303942
0.2339538
0.2373685
0.2368301
0.2340854
0.2364548
0.2388449
0.2459588
0.2411106
0.2348521
0.2546169
0.2399638
0.2500296
0.2394038
0.2297632
0.2321443
0.2367814
0.2350536
0.2324397
0.2324027
0.2296251
0.2292548
0.238244
0.2337936
0.2326295
0.2388323
0.2328503
0.2335236
0.2311143
0.23121
0.2377557
0.2347549
0.2357629
0.2335263
0.2371704
0.2409888
0.2335898
0.2369044
0.2346016
0.2353179
0.2532068
0.2368428
0.2458047
0.22972
0.2314736
0.2371311
0.2366556
0.3727988
0.3652391
0.371974
0.3673692
0.3670318
0.3635063
0.3638369
0.373458
0.364647
0.3653939
0.369393
0.366093
0.3695486
0.3847231
0.3675538
0.367732
0.3779867
0.3661
0.3707742
0.3660567
0.2497412
0.2335773
0.2353255
0.2296838
0.2341437
0.2296303
0.2333572
0.233602
0.2303491
0.2340662
0.
0.2298826
0.2326126
0.2259726
0.228289
0.2325722
0.2288509
0.2276625
0.2313819
0.2328165
0.2478767
0.2283737
0.2324977
0.2295388
0.2383762
0.2277442
0.236467
0.2304715
0.2297664
0.238045
0.2338361
0.2319013
0.2281053
0.2276146
0.2303193
0.2348073
0.2314751
0.2288489
0.2324067
0.231671
0.2432877
0.2394199
0.2304413
0.2528013
0.2391143
0.2470967
0.2358106
0.2268099
0.2280504
0.2319461
0.2313739
0.2297715
0.2320108
0.2247493
0.2320952
0.2326974
0.2291811
0.2267949
0.2350998
0.2286072
0.2285444
0.2252953
0.2271623
0.2331046
0.2306509
0.2329942
0.2303531
0.2332771
0.2394034
0.2337044
0.2336776
0.230013
0.2296845
0.2496265
0.2333291
0.2405119
0.2326099
0.2297157
0.2344139
0.2344718
0.371011
0.3637529
0.3701676
0.3648918
0.3653185
0.3603302
0.3623003
0.3724319
0.3610902
0.3640293
0.3676305
0.3634917
0.3681866
0.3846754
0.3656462
0.3662049
0.3765192
0.365584
0.3703914
0.363274
0.249698
0.2307242
0.2351697
0.2280046
0.2329696
0.2279753
0.2314592
0.2313475
0.22864
0.2325794
0.2298826
0.
0.2321793
0.2244943
0.2259286
0.231636
0.2246695
0.2253705
0.2303459
0.2315042
0.2471285
0.2259759
0.2316444
0.2296564
0.2374084
0.2244082
0.2374661
0.227081
0.2267802
0.2366025
0.2326744
0.2272609
0.2264662
0.2238406
0.2285953
0.2322829
0.2309911
0.2274071
0.2310025
0.2309946
0.2414252
0.2382301
0.2294576
0.2507776
0.2392453
0.2490334
0.2339269
0.2242614
0.2275448
0.230512
0.2246605
0.2269531
0.2306663
0.2232617
0.2279109
0.2317638
0.2278721
0.2252272
0.2319964
0.2283941
0.226617
0.2230758
0.2246596
0.2320337
0.2302384
0.2304287
0.2303886
0.2331528
0.2363244
0.2294101
0.2326237
0.2289905
0.2260214
0.2502225
0.231147
0.2410491
0.2296427
0.2275456
0.2338757
0.2309666
0.3709631
0.3649277
0.3718026
0.3666038
0.3662598
0.3620473
0.3624382
0.3732165
0.3630958
0.3642188
0.3691241
0.3659096
0.3705862
0.3859961
0.3669604
0.3672604
0.3781488
0.3654329
0.3719491
0.3649134
0.2442845
0.2346853
0.2371063
0.2310659
0.235213
0.2289263
0.2336152
0.2359648
0.231006
0.2363406
0.2326126
0.2321793
0.
0.2271784
0.2301759
0.2371989
0.2307518
0.2300135
0.2333148
0.2347922
0.2470509
0.230447
0.2345063
0.2303909
0.2396297
0.2300356
0.2374769
0.2320781
0.2321826
0.2380433
0.2351888
0.2319676
0.2309042
0.2293795
0.2317835
0.2365634
0.2330255
0.2320243
0.2360526
0.2363362
0.2447996
0.2397677
0.233483
0.2528432
0.2413709
0.2505161
0.2379167
0.2285257
0.231576
0.2334579
0.2336546
0.2267493
0.2303539
0.2280339
0.2336816
0.235602
0.2309401
0.2301505
0.237574
0.2315558
0.2314357
0.2283797
0.2288697
0.2342009
0.232968
0.2344454
0.2342692
0.236669
0.2393717
0.2336093
0.23606
0.2322672
0.2312079
0.251735
0.2330867
0.242802
0.2337011
0.2293012
0.2382385
0.2361424
0.3714443
0.3659491
0.3665399
0.3677595
0.3666133
0.3616304
0.3641016
0.3717259
0.3634966
0.3652543
0.3688731
0.3651051
0.3689197
0.3807939
0.3670231
0.3668799
0.378857
0.3664965
0.3726336
0.3648017
0.2467386
0.2297903
0.2317427
0.2258992
0.2259247
0.2240121
0.2283091
0.2299115
0.2246795
0.2307688
0.2259726
0.2244943
0.2271784
0.
0.2227604
0.2282438
0.2256443
0.2232958
0.2258442
0.2295475
0.246099
0.2233202
0.2248171
0.2256134
0.2346339
0.2214091
0.2296815
0.2250874
0.2249294
0.2338547
0.2288291
0.2254007
0.2244539
0.2194526
0.2262661
0.2302926
0.2285015
0.2241411
0.2285315
0.229739
0.2398849
0.2346111
0.2263519
0.2505025
0.2367707
0.2439808
0.2301331
0.222582
0.224004
0.2273896
0.227862
0.2212384
0.2257616
0.2196577
0.2272083
0.2309307
0.2221191
0.2223185
0.2296764
0.2251962
0.2237402
0.2224155
0.2224475
0.2308199
0.2261678
0.227487
0.2265711
0.2299633
0.2314223
0.2257127
0.2284196
0.2256092
0.2233815
0.2479737
0.2298689
0.2365064
0.2265943
0.2240823
0.2313741
0.2292536
0.3721161
0.3651847
0.3714247
0.3664916
0.3645255
0.3626185
0.3612164
0.3736035
0.3629476
0.3654204
0.3687471
0.3650617
0.3676147
0.3856927
0.3653713
0.3693153
0.3788518
0.3645968
0.3731019
0.3643702
0.248853
0.2311724
0.232659
0.2268838
0.2313259
0.2281127
0.2306927
0.2305549
0.2260009
0.2331955
0.228289
0.2259286
0.2301759
0.2227604
0.
0.2297424
0.225916
0.2251458
0.2271203
0.2289561
0.246931
0.2255732
0.2313096
0.2294958
0.2352623
0.2257793
0.2347057
0.2268784
0.2255323
0.23711
0.2311514
0.226531
0.2248713
0.2227962
0.2262349
0.2305706
0.2287281
0.226198
0.2301523
0.2311159
0.2437141
0.2365576
0.2280492
0.252785
0.2386387
0.2472583
0.2326694
0.2241109
0.2252515
0.2300068
0.2284011
0.2267498
0.2279061
0.222443
0.2280573
0.2321649
0.2254396
0.2223236
0.231418
0.2253559
0.2239422
0.223151
0.2228984
0.2301466
0.2274339
0.2297836
0.227705
0.2312019
0.2360086
0.2291742
0.2299749
0.2260308
0.2273229
0.2502202
0.2292882
0.2397497
0.2296786
0.2265629
0.2327838
0.2291695
0.371189
0.3647796
0.3717662
0.3644974
0.3651211
0.3622218
0.3625496
0.3735214
0.3626923
0.3639802
0.3690433
0.3645285
0.3698142
0.3862843
0.3668202
0.367313
0.3784518
0.3638448
0.3718812
0.3650197
0.2519819
0.2352279
0.2367542
0.2327621
0.2361421
0.2321572
0.2342985
0.2356853
0.2319901
0.2383069
0.2325722
0.231636
0.2371989
0.2282438
0.2297424
0.
0.23086
0.2299255
0.2334136
0.2344091
0.2505297
0.2294811
0.2353446
0.2329223
0.2386194
0.2297982
0.23915
0.2328472
0.2294787
0.2397406
0.2358493
0.2313399
0.2301803
0.2281084
0.2318265
0.2362016
0.2329111
0.2308012
0.2347745
0.2364348
0.2449087
0.2405995
0.2321617
0.2536576
0.2412596
0.2500927
0.2387766
0.2288959
0.2318518
0.2345009
0.2331869
0.2305306
0.2320734
0.2285093
0.2323524
0.2341984
0.2320444
0.2289514
0.2358143
0.2312446
0.2285479
0.2285912
0.2301015
0.2342994
0.2320826
0.2352556
0.2325118
0.2363903
0.240238
0.2327067
0.2343199
0.2321246
0.2316603
0.2509295
0.2335094
0.2417532
0.2336148
0.230994
0.2364618
0.2356682
0.3707501
0.3631764
0.3711318
0.3660302
0.3655703
0.3622231
0.3624133
0.3720694
0.3631801
0.3641306
0.3676381
0.3644286
0.3688617
0.3835978
0.3658178
0.365939
0.3758511
0.3659401
0.3699285
0.3642794
0.2471896
0.2302734
0.2335543
0.2284699
0.2321685
0.2280286
0.2309237
0.2307295
0.2265312
0.2326789
0.2288509
0.2246695
0.2307518
0.2256443
0.225916
0.23086
0.
0.2234284
0.2281907
0.2287212
0.246654
0.2263214
0.2308678
0.2287837
0.2360767
0.2266497
0.2355472
0.2296983
0.2265421
0.2357023
0.232811
0.2289208
0.2247055
0.2224899
0.2268856
0.2317129
0.2302977
0.2254479
0.2313914
0.231939
0.2417099
0.2357999
0.2284901
0.2506682
0.237963
0.2461633
0.2339243
0.2254947
0.226451
0.2289955
0.2285044
0.2252698
0.2272679
0.2235812
0.2280765
0.2279625
0.2257069
0.2237882
0.2312648
0.2256426
0.2255996
0.2227217
0.2239562
0.2307025
0.2281946
0.2314233
0.229665
0.2321005
0.2349016
0.2285275
0.2303651
0.2276947
0.2272679
0.2481569
0.2276882
0.2398278
0.2300689
0.226537
0.2322864
0.2301695
0.3703954
0.3625858
0.3709565
0.3648103
0.3641281
0.3603094
0.3614253
0.371867
0.3610794
0.3632115
0.3683687
0.3637209
0.368653
0.3835181
0.36543
0.3660731
0.3763206
0.3635363
0.37012
0.3631647
0.2496323
0.231367
0.2323056
0.227223
0.2321258
0.2289059
0.2299114
0.2292606
0.2260283
0.2272273
0.2276625
0.2253705
0.2300135
0.2232958
0.2251458
0.2299255
0.2234284
0.
0.2282307
0.2288567
0.245704
0.2238108
0.2299419
0.2273978
0.2345992
0.2248981
0.2355427
0.2273977
0.2254834
0.2351966
0.2315039
0.2269273
0.2241665
0.2220091
0.2257727
0.2299978
0.2277744
0.2261314
0.2303268
0.2315052
0.2410644
0.2360961
0.2266686
0.2515641
0.2372164
0.2480653
0.2340823
0.2227129
0.2259577
0.227846
0.2281405
0.2241354
0.2270697
0.22297
0.221327
0.2310279
0.224975
0.2234915
0.2310604
0.2246728
0.2239189
0.2227653
0.2230254
0.2326399
0.2279244
0.2317245
0.2267088
0.2305375
0.236523
0.2257189
0.2304205
0.2252572
0.2270322
0.2497161
0.2293957
0.2394582
0.2290847
0.224439
0.2317321
0.2312363
0.3715769
0.3657939
0.3723886
0.3661671
0.3660336
0.362403
0.3636891
0.3743266
0.3637798
0.3647003
0.36984
0.3644403
0.3707404
0.3869247
0.3673166
0.3679996
0.3793112
0.3654943
0.372742
0.3648765
0.2504584
0.2338441
0.2369394
0.2305005
0.2355812
0.231224
0.2331594
0.2351007
0.2284168
0.2355529
0.2313819
0.2303459
0.2333148
0.2258442
0.2271203
0.2334136
0.2281907
0.2282307
0.
0.23191
0.2488958
0.2283876
0.2329963
0.2308304
0.2375114
0.2299895
0.2374401
0.2317476
0.2291921
0.2376483
0.2356542
0.2291028
0.2287395
0.2255442
0.2292605
0.232963
0.2325224
0.2293402
0.2330914
0.2335648
0.2449827
0.2390392
0.2312953
0.2538025
0.2402802
0.2486762
0.2376786
0.2285602
0.228008
0.2318779
0.2321544
0.2282466
0.2311586
0.2246293
0.2290725
0.2337034
0.2279035
0.2268745
0.2337692
0.2289962
0.2279547
0.2258452
0.2274862
0.2322505
0.2319985
0.2326853
0.2313755
0.2329504
0.2398068
0.2313585
0.2333969
0.2303914
0.2308755
0.2512124
0.2325283
0.2422672
0.2318273
0.2277182
0.23345
0.2329555
0.371753
0.3650126
0.372283
0.3661314
0.3652047
0.3619638
0.3622575
0.3738579
0.3627523
0.3654601
0.3690572
0.364309
0.3695812
0.3857076
0.3670264
0.3665592
0.3781349
0.3648991
0.3714036
0.364152
0.2519604
0.2339865
0.2383397
0.233277
0.234913
0.2320927
0.2341486
0.2350497
0.2300442
0.2368338
0.2328165
0.2315042
0.2347922
0.2295475
0.2289561
0.2344091
0.2287212
0.2288567
0.23191
0.
0.249516
0.2287687
0.2348836
0.2336698
0.2398475
0.2303345
0.2410453
0.2334104
0.2301904
0.238625
0.2357797
0.2327676
0.2285197
0.2259619
0.2294355
0.2334938
0.2318816
0.2294312
0.2342366
0.2369393
0.2447514
0.2415029
0.232554
0.253319
0.2423737
0.2505077
0.2386348
0.23033
0.2305053
0.2330603
0.2331167
0.2288538
0.2323727
0.2274304
0.232447
0.2333358
0.2317179
0.2263853
0.2344238
0.2303807
0.2284321
0.2278737
0.2276694
0.2339838
0.2320925
0.2330029
0.2338835
0.2369693
0.239478
0.2329701
0.2353766
0.2324421
0.2309776
0.2520543
0.236686
0.2421346
0.2338898
0.2317194
0.2347767
0.2324639
0.3707707
0.3644504
0.3725665
0.3676134
0.367722
0.3630041
0.3632621
0.3728355
0.3642351
0.3655067
0.3699184
0.3650539
0.3701762
0.3865302
0.3681434
0.368273
0.3785508
0.3666916
0.3711253
0.3647976
0.2485426
0.2454965
0.249879
0.2481129
0.2485761
0.2462541
0.2441504
0.2478865
0.2470554
0.2489602
0.2478767
0.2471285
0.2470509
0.246099
0.246931
0.2505297
0.246654
0.245704
0.2488958
0.249516
0.
0.245428
0.2471426
0.24434
0.2431855
0.2423227
0.2462022
0.2480286
0.2455277
0.2471385
0.250283
0.2467019
0.2470094
0.2450763
0.2489019
0.248911
0.2494461
0.2466347
0.2505342
0.2525568
0.2436769
0.2437213
0.2477688
0.2508906
0.2477814
0.250939
0.2511007
0.2440578
0.2466842
0.2480513
0.2476804
0.2468881
0.2460528
0.2451773
0.2471279
0.2493514
0.2474853
0.2451862
0.2504888
0.2470641
0.2457178
0.2438647
0.2451919
0.2494611
0.2470298
0.2489858
0.2435363
0.2510731
0.252054
0.246023
0.2493081
0.2471656
0.2475192
0.2470025
0.245957
0.2488095
0.2492251
0.2451646
0.2507666
0.2501215
0.3761849
0.3713878
0.3709084
0.3738945
0.3727581
0.3670054
0.3713175
0.374073
0.3718853
0.3709505
0.3757706
0.3735954
0.3725825
0.3731754
0.3736586
0.3734618
0.3681967
0.3738335
0.3695392
0.3724924
0.2483106
0.2297618
0.2331708
0.2269404
0.2319571
0.2253541
0.2289873
0.2285548
0.2277157
0.2330101
0.2283737
0.2259759
0.230447
0.2233202
0.2255732
0.2294811
0.2263214
0.2238108
0.2283876
0.2287687
0.245428
0.
0.2290013
0.2265893
0.2343921
0.2242013
0.2353348
0.2276225
0.2255513
0.2351645
0.2338012
0.2250032
0.2262811
0.2234612
0.2271094
0.2303378
0.2290842
0.2252275
0.2311433
0.2331138
0.2382206
0.2343383
0.2277491
0.2493601
0.2361092
0.2436876
0.2339315
0.2240543
0.2252894
0.2284814
0.2286739
0.2253984
0.2273514
0.223014
0.2280763
0.2308441
0.2247419
0.2243064
0.2310253
0.2262055
0.2248647
0.2229613
0.2231071
0.2322775
0.2265977
0.2325461
0.227226
0.2309601
0.2336521
0.226604
0.2302183
0.2280976
0.2272009
0.2474766
0.2284931
0.2367139
0.2290996
0.2253291
0.2326356
0.2314067
0.3705077
0.3639074
0.3694988
0.3658792
0.3646442
0.3613951
0.3608585
0.3715131
0.3627227
0.3643701
0.3678834
0.3645267
0.3688803
0.3838025
0.3666091
0.3657903
0.3767627
0.3651031
0.371032
0.3643442
0.2440202
0.2304442
0.2367295
0.2317306
0.2324084
0.2281151
0.2342347
0.2344672
0.2317657
0.236313
0.2324977
0.2316444
0.2345063
0.2248171
0.2313096
0.2353446
0.2308678
0.2299419
0.2329963
0.2348836
0.2471426
0.2290013
0.
0.2317616
0.2354053
0.2278952
0.2330741
0.2323536
0.2292333
0.2338757
0.2334615
0.2319821
0.2311142
0.228847
0.2319466
0.23542
0.2340142
0.2305385
0.2337849
0.2372192
0.2408423
0.2343191
0.233081
0.2484328
0.2387739
0.2428965
0.2368524
0.2268681
0.2294348
0.2328525
0.2341819
0.2300795
0.231812
0.2279694
0.2330762
0.2341255
0.2315687
0.228543
0.2365575
0.2326236
0.2286293
0.2304527
0.2298185
0.2360608
0.2319146
0.2345177
0.2323255
0.2353141
0.2389261
0.231759
0.2348393
0.2303191
0.2314638
0.2457373
0.2323604
0.2359493
0.2329951
0.2301906
0.2364185
0.2354852
0.3704504
0.3642452
0.3660684
0.3660133
0.3642868
0.3597865
0.3624656
0.3693151
0.3638345
0.3646135
0.3672218
0.3653962
0.3668069
0.3810863
0.3669315
0.367672
0.37537
0.3644053
0.3673832
0.3650276
0.2415236
0.2297643
0.2363748
0.2295421
0.2356078
0.2300396
0.2314748
0.2325609
0.2302257
0.2346831
0.2295388
0.2296564
0.2303909
0.2256134
0.2294958
0.2329223
0.2287837
0.2273978
0.2308304
0.2336698
0.24434
0.2265893
0.2317616
0.
0.2353445
0.2259771
0.2325592
0.2313567
0.2293162
0.2350342
0.2327606
0.2304707
0.2299246
0.2260491
0.2299443
0.233704
0.231538
0.2290155
0.2345846
0.2348293
0.2400842
0.2343033
0.2312128
0.2473113
0.2363806
0.2448609
0.2363971
0.2254831
0.2284421
0.2332812
0.2320153
0.229404
0.2285904
0.2262695
0.2314977
0.2330189
0.2291887
0.2289563
0.235459
0.230094
0.2277506
0.2271392
0.2265683
0.2338693
0.2303226
0.2327599
0.230948
0.2356317
0.2390427
0.2329869
0.2338605
0.2304492
0.2301494
0.2472101
0.2299169
0.2380184
0.2305838
0.2284611
0.2349193
0.2357485
0.3701345
0.3645426
0.3677403
0.3645221
0.3640036
0.3596767
0.3614289
0.3697673
0.3614863
0.3621573
0.3653425
0.3633244
0.3667516
0.3766384
0.3656151
0.3637472
0.3730736
0.3640089
0.3691422
0.3636435
0.2460224
0.2367069
0.240949
0.2361179
0.236962
0.2360326
0.2306288
0.237547
0.2362758
0.242126
0.2383762
0.2374084
0.2396297
0.2346339
0.2352623
0.2386194
0.2360767
0.2345992
0.2375114
0.2398475
0.2431855
0.2343921
0.2354053
0.2353445
0.
0.2337712
0.2401472
0.2365905
0.2344437
0.236451
0.2413362
0.2364255
0.2352159
0.2335225
0.2382497
0.2385352
0.239323
0.2361453
0.2389771
0.2409449
0.2362752
0.2325206
0.2358551
0.2478335
0.2422685
0.2445025
0.2413918
0.2341566
0.2361083
0.237741
0.2382263
0.2355612
0.2365124
0.233321
0.2374323
0.2397998
0.2367502
0.2350489
0.2403856
0.2362045
0.2346231
0.2333698
0.2334277
0.2398698
0.2366896
0.2374964
0.2362514
0.2389325
0.2420494
0.236228
0.2392679
0.2364624
0.235545
0.2452005
0.2369837
0.2399847
0.2361941
0.2354583
0.2396243
0.2405841
0.3724305
0.3652156
0.3659489
0.3688683
0.3655062
0.3609299
0.3636403
0.3708505
0.3646081
0.3651009
0.3691552
0.3666018
0.3678872
0.3739754
0.3676697
0.3678143
0.3722239
0.3677513
0.3629919
0.3654756
0.244653
0.2279726
0.2336635
0.2271176
0.2292133
0.2255788
0.2267786
0.2286756
0.2271778
0.2326381
0.2277442
0.2244082
0.2300356
0.2214091
0.2257793
0.2297982
0.2266497
0.2248981
0.2299895
0.2303345
0.2423227
0.2242013
0.2278952
0.2259771
0.2337712
0.
0.2320674
0.2275743
0.2244559
0.2320416
0.2318962
0.2262847
0.22575
0.221205
0.2265064
0.2318103
0.2298696
0.2264605
0.2308347
0.2326497
0.2364258
0.2301166
0.2267331
0.2439252
0.2345269
0.2452868
0.2316294
0.2188417
0.226372
0.2294264
0.2271209
0.2240333
0.2275384
0.2221073
0.2288161
0.2315792
0.2244947
0.2240568
0.2340445
0.2256944
0.2254426
0.2228168
0.2233989
0.231301
0.2272168
0.2309884
0.2241917
0.2315001
0.2357422
0.229258
0.2306851
0.2263117
0.2258443
0.2454423
0.2295216
0.2362537
0.2289305
0.2258176
0.2310815
0.2309482
0.3706569
0.3635307
0.3689082
0.3651391
0.3638336
0.359585
0.3608937
0.3710989
0.3623468
0.362317
0.3669051
0.3637726
0.3637761
0.3801764
0.3661136
0.3663969
0.3741033
0.3638143
0.3700296
0.363826
0.2445306
0.2332339
0.2413722
0.2360036
0.2397939
0.2348296
0.2376403
0.2373109
0.2372392
0.2408337
0.236467
0.2374661
0.2374769
0.2296815
0.2347057
0.23915
0.2355472
0.2355427
0.2374401
0.2410453
0.2462022
0.2353348
0.2330741
0.2325592
0.2401472
0.2320674
0.
0.2370463
0.2355685
0.2354743
0.2381832
0.2377935
0.2357507
0.2343134
0.2363389
0.2406085
0.2387994
0.2364269
0.2409981
0.2408123
0.2401973
0.2313523
0.2376815
0.2475004
0.2424968
0.2481645
0.2416494
0.2297133
0.233381
0.2387328
0.2389991
0.2359746
0.2360653
0.2330347
0.2386641
0.2396694
0.2370027
0.2350472
0.2421212
0.2372609
0.2355611
0.2354101
0.2349677
0.2407052
0.2382463
0.2394581
0.2323905
0.2410488
0.2434649
0.2368121
0.2360753
0.2344602
0.2376685
0.2520854
0.2377482
0.2398726
0.2381145
0.2366812
0.2400143
0.2409274
0.3720423
0.3645415
0.367962
0.3676631
0.3662365
0.3597871
0.3638966
0.3701396
0.3645206
0.3663944
0.3678723
0.3646394
0.3655901
0.3781963
0.3677268
0.3670167
0.3734635
0.3674182
0.369983
0.3665355
0.248215
0.2324032
0.2370328
0.2297642
0.233788
0.2297201
0.2323849
0.2329965
0.2300098
0.2344192
0.2304715
0.227081
0.2320781
0.2250874
0.2268784
0.2328472
0.2296983
0.2273977
0.2317476
0.2334104
0.2480286
0.2276225
0.2323536
0.2313567
0.2365905
0.2275743
0.2370463
0.
0.2279246
0.2371981
0.2354111
0.2293175
0.2278138
0.2252779
0.2296343
0.2343927
0.2322228
0.2292178
0.2335011
0.2350847
0.241496
0.237301
0.2307672
0.251554
0.238891
0.2489163
0.2326034
0.2269478
0.2293934
0.2322383
0.2319555
0.2283279
0.230142
0.2250146
0.2305677
0.2328793
0.2297758
0.2271519
0.23569
0.2285155
0.2279694
0.2249656
0.2270091
0.2336029
0.2317155
0.2326098
0.2300986
0.233628
0.2365121
0.2301207
0.2317118
0.2294019
0.2301958
0.2492415
0.2332436
0.2406881
0.2324012
0.2293839
0.2352308
0.2335051
0.3709683
0.3656721
0.3720217
0.3673085
0.3660536
0.363167
0.363843
0.3737985
0.3622747
0.3667562
0.3692729
0.36633
0.3696761
0.3856799
0.3680331
0.3676036
0.3772357
0.3656286
0.3737409
0.3658684
0.2488193
0.2321817
0.232613
0.2265404
0.2311036
0.2292198
0.2303796
0.2310349
0.2283836
0.2320438
0.2297664
0.2267802
0.2321826
0.2249294
0.2255323
0.2294787
0.2265421
0.2254834
0.2291921
0.2301904
0.2455277
0.2255513
0.2292333
0.2293162
0.2344437
0.2244559
0.2355685
0.2279246
0.
0.2349738
0.2328442
0.2292299
0.2241325
0.2238227
0.2270278
0.2320259
0.2305199
0.2274426
0.231277
0.2317782
0.241513
0.2367549
0.2283498
0.25162
0.2372543
0.2472551
0.2349086
0.2249319
0.2268007
0.2291446
0.2296009
0.2261126
0.228095
0.2236522
0.2286757
0.2298254
0.2262547
0.2253124
0.2325035
0.2273954
0.225318
0.2241085
0.2236958
0.2304033
0.2283822
0.2289318
0.2280442
0.2317536
0.23614
0.2286865
0.2318915
0.2284164
0.2278318
0.2483917
0.2297157
0.2398542
0.2294337
0.2275716
0.2329508
0.2310829
0.3692428
0.3615539
0.3696966
0.3645229
0.3642769
0.359476
0.3608374
0.3724396
0.3603279
0.3625933
0.3664882
0.3618804
0.3665905
0.384273
0.3638856
0.3648088
0.3756824
0.3627013
0.3687156
0.3625921
0.2448173
0.2357541
0.2430656
0.2360401
0.2390858
0.2348243
0.2336508
0.2376838
0.2358924
0.2394784
0.238045
0.2366025
0.2380433
0.2338547
0.23711
0.2397406
0.2357023
0.2351966
0.2376483
0.238625
0.2471385
0.2351645
0.2338757
0.2350342
0.236451
0.2320416
0.2354743
0.2371981
0.2349738
0.
0.2416802
0.237828
0.2352752
0.2330844
0.2378164
0.2407731
0.2394354
0.2362894
0.2396221
0.2404564
0.2411529
0.2400576
0.2364327
0.2493156
0.2406142
0.2463879
0.2411968
0.2329402
0.2356507
0.2395617
0.2389554
0.2367721
0.2364629
0.2338439
0.2375414
0.2407819
0.2367659
0.2351456
0.2413921
0.2373303
0.2363325
0.2340867
0.2346654
0.2417835
0.2362988
0.2392327
0.234434
0.2401256
0.2437398
0.2368148
0.2398028
0.2339535
0.2360857
0.2475253
0.2355894
0.2386002
0.2391055
0.2352679
0.2388938
0.2403679
0.374298
0.3669418
0.3698203
0.3697872
0.3692481
0.3644504
0.366709
0.3726213
0.3677745
0.3683306
0.3705271
0.3683751
0.3679083
0.3783134
0.3699575
0.3707374
0.3778809
0.3700229
0.3699486
0.36974
0.2525394
0.2377791
0.2390446
0.2344048
0.2381827
0.2336853
0.2364724
0.236237
0.2325358
0.2399409
0.2338361
0.2326744
0.2351888
0.2288291
0.2311514
0.2358493
0.232811
0.2315039
0.2356542
0.2357797
0.250283
0.2338012
0.2334615
0.2327606
0.2413362
0.2318962
0.2381832
0.2354111
0.2328442
0.2416802
0.
0.2344583
0.2323455
0.2322475
0.2332329
0.2369443
0.2350776
0.2309127
0.2357165
0.2372945
0.2457034
0.2433748
0.2349541
0.2552165
0.2431431
0.2515818
0.2387146
0.2310353
0.2332698
0.2356836
0.2355905
0.231529
0.2349449
0.2299482
0.2359539
0.2366366
0.2338875
0.2308235
0.2388018
0.2329452
0.2319923
0.2314534
0.2311573
0.2354231
0.2344873
0.2352281
0.2348697
0.2358089
0.2409843
0.2353929
0.2366545
0.2339735
0.2346427
0.2519972
0.2347961
0.2442469
0.2358027
0.2338331
0.2374692
0.2374379
0.3707619
0.3647748
0.3715669
0.3661001
0.3668377
0.362967
0.3643143
0.3724
0.3639752
0.3646081
0.3689418
0.3658037
0.3694263
0.384644
0.3669515
0.3668097
0.3763464
0.36585
0.3710754
0.3648221
0.2485422
0.2326932
0.2359887
0.2299619
0.2348396
0.2290271
0.2307599
0.2325324
0.2291101
0.2337245
0.2319013
0.2272609
0.2319676
0.2254007
0.226531
0.2313399
0.2289208
0.2269273
0.2291028
0.2327676
0.2467019
0.2250032
0.2319821
0.2304707
0.2364255
0.2262847
0.2377935
0.2293175
0.2292299
0.237828
0.2344583
0.
0.2274
0.225298
0.2278456
0.2334657
0.231562
0.2279707
0.2331578
0.2346973
0.241525
0.2372369
0.2312451
0.2509067
0.2386527
0.2441801
0.2346801
0.2258553
0.2279864
0.2302893
0.2299809
0.2283574
0.2303119
0.2258121
0.2270295
0.2347629
0.2288861
0.2271721
0.2343409
0.2283381
0.2283585
0.2242288
0.2273876
0.2328993
0.2310814
0.230794
0.2289662
0.2342138
0.234603
0.2304865
0.2310881
0.2299085
0.2300097
0.2494232
0.2268107
0.2397261
0.2323838
0.2283156
0.2340274
0.2344655
0.3720801
0.3644019
0.3716757
0.3669071
0.3656374
0.3620976
0.3635802
0.3695008
0.364684
0.3649726
0.3685678
0.3657452
0.370451
0.3837747
0.3667963
0.3676607
0.3781438
0.3658238
0.3719645
0.3653658
0.2490076
0.2319401
0.2350079
0.2284088
0.2331278
0.227947
0.2308802
0.2316578
0.2235497
0.2327253
0.2281053
0.2264662
0.2309042
0.2244539
0.2248713
0.2301803
0.2247055
0.2241665
0.2287395
0.2285197
0.2470094
0.2262811
0.2311142
0.2299246
0.2352159
0.22575
0.2357507
0.2278138
0.2241325
0.2352752
0.2323455
0.2274
0.
0.2209873
0.2262067
0.2299999
0.2295774
0.2263678
0.2297762
0.2311725
0.2404118
0.2361008
0.2293874
0.2519452
0.2388488
0.2478655
0.2350329
0.2250256
0.2239632
0.2290582
0.2288387
0.2245336
0.2276834
0.2221202
0.2282114
0.2301345
0.2255796
0.2227361
0.2309973
0.2263943
0.2245569
0.2231066
0.2231481
0.2317026
0.2290255
0.2301186
0.2283387
0.2327323
0.2358343
0.2279498
0.2303198
0.2285147
0.2272969
0.2506116
0.2301095
0.2388379
0.2294517
0.2258181
0.2313526
0.230086
0.3727069
0.3654447
0.3731111
0.3679622
0.3663874
0.3629377
0.3646516
0.3748822
0.3648268
0.3668972
0.3688586
0.3665516
0.3717448
0.3872702
0.3679695
0.3690291
0.3799625
0.3663013
0.3730848
0.3651083
0.2463318
0.2300043
0.2322292
0.2250516
0.2299873
0.2257633
0.2287479
0.2282957
0.2228872
0.2303942
0.2276146
0.2238406
0.2293795
0.2194526
0.2227962
0.2281084
0.2224899
0.2220091
0.2255442
0.2259619
0.2450763
0.2234612
0.228847
0.2260491
0.2335225
0.221205
0.2343134
0.2252779
0.2238227
0.2330844
0.2322475
0.225298
0.2209873
0.
0.2241051
0.2281641
0.2270586
0.2229084
0.2264387
0.229653
0.2398413
0.2341644
0.2257884
0.2496324
0.235888
0.2455084
0.2317557
0.2209995
0.2238708
0.2268478
0.2264597
0.2214914
0.2250729
0.2194402
0.2262416
0.2301828
0.2234917
0.2216642
0.2289403
0.2246097
0.2225545
0.2200187
0.2204617
0.2279947
0.2267553
0.227952
0.225932
0.2289784
0.2337846
0.2260637
0.229496
0.2253749
0.2242421
0.2475977
0.2279423
0.2368007
0.2264469
0.2234281
0.2300285
0.2294579
0.3707596
0.3648567
0.3721848
0.366515
0.3651604
0.3618411
0.3629265
0.3734066
0.3627151
0.3644644
0.3678128
0.3634412
0.3698133
0.3856163
0.3662024
0.3672956
0.378544
0.3638311
0.3724991
0.3636493
0.2497977
0.2315681
0.2339285
0.2296788
0.2330749
0.2302145
0.2320515
0.2326907
0.2283874
0.2339538
0.2303193
0.2285953
0.2317835
0.2262661
0.2262349
0.2318265
0.2268856
0.2257727
0.2292605
0.2294355
0.2489019
0.2271094
0.2319466
0.2299443
0.2382497
0.2265064
0.2363389
0.2296343
0.2270278
0.2378164
0.2332329
0.2278456
0.2262067
0.2241051
0.
0.232045
0.2274792
0.226969
0.2313434
0.2347759
0.2434598
0.2380648
0.2295687
0.2511718
0.2395121
0.2486912
0.235866
0.2267179
0.2268622
0.2307794
0.2320798
0.2262127
0.2292229
0.224513
0.2296597
0.2321482
0.2267861
0.2253286
0.2323824
0.2274659
0.2259684
0.2243995
0.2256669
0.2315
0.2291994
0.2303143
0.2307875
0.2328488
0.2374056
0.2305848
0.2313059
0.2298029
0.2276113
0.249233
0.2312362
0.2403146
0.2298835
0.2269666
0.2321349
0.2330861
0.3703813
0.3625306
0.370349
0.3659434
0.3637154
0.3606896
0.3618686
0.3731894
0.3622819
0.3636652
0.367339
0.3643057
0.3688392
0.3855088
0.366253
0.3657429
0.3780109
0.3642277
0.3717504
0.3635563
0.2506211
0.2345368
0.2379947
0.2338778
0.2370541
0.2317993
0.2362626
0.2341635
0.2322926
0.2373685
0.2348073
0.2322829
0.2365634
0.2302926
0.2305706
0.2362016
0.2317129
0.2299978
0.232963
0.2334938
0.248911
0.2303378
0.23542
0.233704
0.2385352
0.2318103
0.2406085
0.2343927
0.2320259
0.2407731
0.2369443
0.2334657
0.2299999
0.2281641
0.232045
0.
0.2333223
0.2321093
0.2344993
0.2363985
0.2455968
0.2396888
0.2339464
0.2533554
0.2425603
0.2508178
0.2404308
0.2318339
0.2308332
0.2346604
0.2344989
0.2303408
0.2338056
0.2295126
0.2337928
0.2370622
0.2319469
0.2295707
0.2356951
0.2310638
0.2309784
0.2281125
0.2306783
0.2361694
0.2326162
0.2352572
0.2341762
0.2353322
0.2387823
0.233276
0.2359106
0.2334457
0.2331418
0.2513363
0.2353603
0.2437492
0.2348182
0.2319484
0.2362139
0.2352812
0.3706578
0.363785
0.3707174
0.3655161
0.3655946
0.3621631
0.3626003
0.3736011
0.3631187
0.3632743
0.3688431
0.3647021
0.3695889
0.3851336
0.3671785
0.3667339
0.376932
0.3651146
0.3707756
0.3636989
0.2500051
0.2335541
0.2368411
0.2303992
0.2357818
0.2312802
0.2337521
0.2353
0.2303746
0.2368301
0.2314751
0.2309911
0.2330255
0.2285015
0.2287281
0.2329111
0.2302977
0.2277744
0.2325224
0.2318816
0.2494461
0.2290842
0.2340142
0.231538
0.239323
0.2298696
0.2387994
0.2322228
0.2305199
0.2394354
0.2350776
0.231562
0.2295774
0.2270586
0.2274792
0.2333223
0.
0.2301644
0.2335625
0.2348173
0.243534
0.2391049
0.2311466
0.2530348
0.241735
0.2487564
0.237543
0.2286479
0.22991
0.2331492
0.23288
0.2303875
0.2309724
0.2280148
0.2321566
0.2328875
0.2292167
0.228249
0.2352147
0.2294483
0.229334
0.2275724
0.2267201
0.2341992
0.2318863
0.2332494
0.2323624
0.2342249
0.2374979
0.231461
0.2353209
0.2317237
0.233129
0.250177
0.2333524
0.2425924
0.2337821
0.2296855
0.2355069
0.2331303
0.3712867
0.3643776
0.3710803
0.3667361
0.3657922
0.3612685
0.3629753
0.3728607
0.3641855
0.36493
0.3694074
0.3647217
0.3695946
0.3849761
0.3680604
0.3662921
0.3781935
0.36536
0.3720694
0.3645153
0.2484376
0.2313991
0.234301
0.2284494
0.2330193
0.2278956
0.2319668
0.232291
0.2279779
0.2340854
0.2288489
0.2274071
0.2320243
0.2241411
0.226198
0.2308012
0.2254479
0.2261314
0.2293402
0.2294312
0.2466347
0.2252275
0.2305385
0.2290155
0.2361453
0.2264605
0.2364269
0.2292178
0.2274426
0.2362894
0.2309127
0.2279707
0.2263678
0.2229084
0.226969
0.2321093
0.2301644
0.
0.2299236
0.2322602
0.243124
0.2363553
0.2284228
0.2520241
0.2380213
0.2472071
0.2348912
0.2254472
0.2273055
0.2302917
0.2300867
0.2266755
0.2272197
0.2238759
0.2300295
0.2317484
0.2273512
0.2236746
0.231542
0.2270356
0.2258645
0.2235653
0.2247413
0.2325378
0.2291293
0.2305164
0.22941
0.2315767
0.2360955
0.2284976
0.230978
0.2288264
0.2290107
0.2493902
0.2308616
0.2398208
0.2300757
0.2268181
0.2323386
0.2317633
0.3689884
0.363215
0.3712095
0.3652738
0.3642039
0.3606108
0.3625697
0.3721586
0.3615117
0.3633191
0.3680889
0.3633621
0.3688751
0.3843364
0.3663585
0.3667083
0.3769567
0.3644758
0.3705165
0.3636738
0.2514038
0.234844
0.2393556
0.2337946
0.234963
0.2332664
0.235258
0.2344977
0.2316461
0.2364548
0.2324067
0.2310025
0.2360526
0.2285315
0.2301523
0.2347745
0.2313914
0.2303268
0.2330914
0.2342366
0.2505342
0.2311433
0.2337849
0.2345846
0.2389771
0.2308347
0.2409981
0.2335011
0.231277
0.2396221
0.2357165
0.2331578
0.2297762
0.2264387
0.2313434
0.2344993
0.2335625
0.2299236
0.
0.2362478
0.2463013
0.2410186
0.2317723
0.2538
0.2410243
0.2514131
0.2381245
0.2306058
0.231601
0.2325947
0.233822
0.2300055
0.2314035
0.2284403
0.2330876
0.2361023
0.2300872
0.2294013
0.2354305
0.2311607
0.2299005
0.228316
0.2287223
0.2350504
0.2335058
0.2351958
0.2332016
0.2362398
0.2411262
0.2329872
0.2347589
0.233408
0.2329918
0.2535939
0.2368053
0.2445532
0.2340806
0.2309659
0.236293
0.235127
0.3721925
0.3652499
0.3727961
0.3675943
0.3674869
0.3632266
0.3639244
0.3740149
0.3646966
0.3663026
0.3710283
0.3662502
0.3711491
0.3863043
0.3683872
0.367741
0.379338
0.366819
0.3716664
0.3649368
0.2526634
0.2372964
0.2386814
0.2347725
0.2378623
0.2319695
0.2370219
0.2360589
0.2329071
0.2388449
0.231671
0.2309946
0.2363362
0.229739
0.2311159
0.2364348
0.231939
0.2315052
0.2335648
0.2369393
0.2525568
0.2331138
0.2372192
0.2348293
0.2409449
0.2326497
0.2408123
0.2350847
0.2317782
0.2404564
0.2372945
0.2346973
0.2311725
0.229653
0.2347759
0.2363985
0.2348173
0.2322602
0.2362478
0.
0.246841
0.2429501
0.2354227
0.255613
0.2435058
0.2525946
0.2386266
0.2316975
0.2325834
0.2356624
0.2343762
0.2312788
0.2334249
0.2310171
0.2344475
0.2371096
0.2331178
0.2319958
0.2376913
0.2316356
0.2318622
0.2305508
0.2303667
0.2359527
0.2335891
0.2353362
0.2331383
0.236614
0.241313
0.234043
0.2363931
0.234388
0.2324754
0.2518984
0.2363778
0.2441814
0.2358734
0.2318863
0.2373638
0.2371112
0.3710553
0.3639255
0.3705769
0.3664572
0.3659809
0.3620705
0.3633583
0.373424
0.3628715
0.3645825
0.3696445
0.3659123
0.3694354
0.3856808
0.3675378
0.3675121
0.3776711
0.3658069
0.3723078
0.3648439
0.2447786
0.2384452
0.2476673
0.2435076
0.2419567
0.2410545
0.2388853
0.2420079
0.2420414
0.2459588
0.2432877
0.2414252
0.2447996
0.2398849
0.2437141
0.2449087
0.2417099
0.2410644
0.2449827
0.2447514
0.2436769
0.2382206
0.2408423
0.2400842
0.2362752
0.2364258
0.2401973
0.241496
0.241513
0.2411529
0.2457034
0.241525
0.2404118
0.2398413
0.2434598
0.2455968
0.243534
0.243124
0.2463013
0.246841
0.
0.2202315
0.2429718
0.242189
0.2393024
0.2456935
0.2453247
0.2396767
0.2402143
0.2433021
0.2432241
0.2401611
0.2422001
0.237688
0.2436042
0.2449594
0.2430461
0.2402331
0.2464664
0.2416402
0.2392869
0.2401432
0.2399958
0.2458772
0.242691
0.2446321
0.2363577
0.2463932
0.2493517
0.2428331
0.2441763
0.2428857
0.2419573
0.2444793
0.2428717
0.2411608
0.2441806
0.2413557
0.2463951
0.2462633
0.3786206
0.3734385
0.3708566
0.3761487
0.3738797
0.3677309
0.3728482
0.376759
0.3727111
0.3740518
0.3766368
0.3743429
0.3713685
0.3790847
0.375237
0.3743933
0.3729551
0.3756043
0.3706064
0.3747943
0.2399856
0.2280277
0.2412962
0.2367933
0.2380364
0.2353156
0.2355143
0.2377073
0.2364594
0.2411106
0.2394199
0.2382301
0.2397677
0.2346111
0.2365576
0.2405995
0.2357999
0.2360961
0.2390392
0.2415029
0.2437213
0.2343383
0.2343191
0.2343033
0.2325206
0.2301166
0.2313523
0.237301
0.2367549
0.2400576
0.2433748
0.2372369
0.2361008
0.2341644
0.2380648
0.2396888
0.2391049
0.2363553
0.2410186
0.2429501
0.2202315
0.
0.2374227
0.2356418
0.236216
0.2395113
0.2416881
0.2331705
0.235121
0.238991
0.2382087
0.2361401
0.2352779
0.233339
0.2388843
0.2397915
0.2379002
0.2329995
0.2401705
0.2377149
0.2350431
0.2343942
0.2339922
0.2415613
0.2374088
0.2407173
0.2327401
0.2416888
0.2437857
0.2368578
0.2390585
0.2336129
0.2356826
0.2429874
0.2392091
0.2343316
0.238735
0.2364077
0.2408529
0.2428094
0.3767306
0.3726726
0.3692577
0.3742328
0.3721895
0.3629088
0.3727299
0.3762179
0.3718559
0.37252
0.3758801
0.3729601
0.3711493
0.3804386
0.374433
0.3734012
0.3739031
0.3739859
0.3751832
0.3732212
0.2498248
0.2334278
0.2347989
0.2300717
0.2341431
0.230664
0.2304385
0.2318739
0.2301865
0.2348521
0.2304413
0.2294576
0.233483
0.2263519
0.2280492
0.2321617
0.2284901
0.2266686
0.2312953
0.232554
0.2477688
0.2277491
0.233081
0.2312128
0.2358551
0.2267331
0.2376815
0.2307672
0.2283498
0.2364327
0.2349541
0.2312451
0.2293874
0.2257884
0.2295687
0.2339464
0.2311466
0.2284228
0.2317723
0.2354227
0.2429718
0.2374227
0.
0.2520611
0.2386581
0.2474143
0.2347502
0.227405
0.2268069
0.2307895
0.2312217
0.228932
0.2310564
0.2250157
0.2309755
0.2341857
0.2295415
0.2268168
0.2338915
0.2293803
0.2287374
0.2265789
0.2269585
0.233908
0.2311232
0.2327699
0.2288821
0.2317087
0.2357876
0.2301753
0.2336674
0.2286455
0.2281836
0.2479003
0.2312649
0.2393627
0.2326545
0.2279894
0.2356334
0.2323146
0.3700095
0.3640587
0.3706761
0.3661563
0.3651972
0.3618116
0.3629699
0.3720899
0.3624464
0.3634135
0.3682092
0.3641325
0.3690001
0.384298
0.3661681
0.36626
0.3767632
0.3649719
0.3707107
0.3639921
0.246075
0.2444502
0.2567876
0.2520769
0.2522396
0.2496406
0.2496809
0.2480018
0.2520402
0.2546169
0.2528013
0.2507776
0.2528432
0.2505025
0.252785
0.2536576
0.2506682
0.2515641
0.2538025
0.253319
0.2508906
0.2493601
0.2484328
0.2473113
0.2478335
0.2439252
0.2475004
0.251554
0.25162
0.2493156
0.2552165
0.2509067
0.2519452
0.2496324
0.2511718
0.2533554
0.2530348
0.2520241
0.2538
0.255613
0.242189
0.2356418
0.2520611
0.
0.246056
0.2495937
0.2531354
0.2486922
0.2513642
0.2522184
0.252305
0.252617
0.2501713
0.2485035
0.2518276
0.2532774
0.2508146
0.2510292
0.2544613
0.2517724
0.250704
0.2496576
0.2494314
0.2554064
0.252569
0.2529877
0.2464832
0.2537635
0.2541133
0.2520905
0.2514992
0.2501953
0.2498919
0.2474324
0.2506721
0.2478997
0.2525245
0.2509932
0.2534314
0.2554978
0.3774057
0.3704437
0.3647965
0.37549
0.3728425
0.3635849
0.3716749
0.3729935
0.3729771
0.3712777
0.3731312
0.374849
0.3688665
0.374994
0.3740444
0.3712753
0.3710303
0.3752688
0.3728968
0.3736315
0.2503996
0.2331995
0.2428308
0.2381745
0.2423661
0.2380016
0.2362227
0.2391928
0.2391392
0.2399638
0.2391143
0.2392453
0.2413709
0.2367707
0.2386387
0.2412596
0.237963
0.2372164
0.2402802
0.2423737
0.2477814
0.2361092
0.2387739
0.2363806
0.2422685
0.2345269
0.2424968
0.238891
0.2372543
0.2406142
0.2431431
0.2386527
0.2388488
0.235888
0.2395121
0.2425603
0.241735
0.2380213
0.2410243
0.2435058
0.2393024
0.236216
0.2386581
0.246056
0.
0.2467437
0.2416767
0.2355879
0.2346151
0.240662
0.2385521
0.2368527
0.2378905
0.2359226
0.2377578
0.2413911
0.2385512
0.2367206
0.2431112
0.2395304
0.2385503
0.2363528
0.2366045
0.2411594
0.2401875
0.2426004
0.2367349
0.2419694
0.2452992
0.2401474
0.2407371
0.2392901
0.2380661
0.2475267
0.2400795
0.2377727
0.2401599
0.2378702
0.2426206
0.2440733
0.3729034
0.3659914
0.3664308
0.3694343
0.3683972
0.3606773
0.3660795
0.3733725
0.3667991
0.3664693
0.3709766
0.3675571
0.3694939
0.3745016
0.3687374
0.3668098
0.3721751
0.3688825
0.3712278
0.3674276
0.2458528
0.2466219
0.2511526
0.2479937
0.2477441
0.2477444
0.2455635
0.2462298
0.248753
0.2500296
0.2470967
0.2490334
0.2505161
0.2439808
0.2472583
0.2500927
0.2461633
0.2480653
0.2486762
0.2505077
0.250939
0.2436876
0.2428965
0.2448609
0.2445025
0.2452868
0.2481645
0.2489163
0.2472551
0.2463879
0.2515818
0.2441801
0.2478655
0.2455084
0.2486912
0.2508178
0.2487564
0.2472071
0.2514131
0.2525946
0.2456935
0.2395113
0.2474143
0.2495937
0.2467437
0.
0.2517593
0.2439792
0.2438629
0.2504614
0.2481604
0.2463868
0.2463901
0.2445382
0.2483227
0.2497713
0.2469217
0.2449496
0.2515684
0.2479182
0.246644
0.2468992
0.2461977
0.2507792
0.2474919
0.2481975
0.2438774
0.2495653
0.2502293
0.2492747
0.2482843
0.2485689
0.2487963
0.2488941
0.2481208
0.2415882
0.2495558
0.2467847
0.2498805
0.2517418
0.3767569
0.3703161
0.3690674
0.3745842
0.3721871
0.3675819
0.3703811
0.373203
0.3730311
0.3710585
0.3758731
0.3740779
0.368677
0.3770621
0.3739452
0.3724173
0.3733569
0.3745374
0.3706595
0.3725752
0.2525186
0.2389867
0.2412873
0.2352535
0.2381596
0.2343061
0.2357319
0.2377599
0.2346227
0.2394038
0.2358106
0.2339269
0.2379167
0.2301331
0.2326694
0.2387766
0.2339243
0.2340823
0.2376786
0.2386348
0.2511007
0.2339315
0.2368524
0.2363971
0.2413918
0.2316294
0.2416494
0.2326034
0.2349086
0.2411968
0.2387146
0.2346801
0.2350329
0.2317557
0.235866
0.2404308
0.237543
0.2348912
0.2381245
0.2386266
0.2453247
0.2416881
0.2347502
0.2531354
0.2416767
0.2517593
0.
0.2322291
0.2338081
0.2369061
0.2354318
0.2347847
0.2355818
0.2325783
0.2366979
0.2399651
0.2350347
0.2337453
0.2386678
0.2362067
0.2354638
0.2317453
0.2315241
0.2373194
0.2346347
0.2380121
0.2344532
0.2371196
0.2381697
0.2366445
0.2390397
0.2364737
0.2364332
0.2487247
0.2374634
0.2444166
0.2361778
0.2352575
0.2406759
0.2393093
0.3711693
0.3645496
0.3699123
0.3660367
0.3659769
0.3623132
0.3625269
0.3708332
0.3643215
0.364262
0.3680782
0.3655735
0.3690236
0.381878
0.3681077
0.366472
0.3762647
0.3663782
0.3705752
0.3646573
0.2448229
0.2281179
0.2324226
0.2263327
0.2316701
0.2249888
0.2290757
0.2278187
0.2250319
0.2297632
0.2268099
0.2242614
0.2285257
0.222582
0.2241109
0.2288959
0.2254947
0.2227129
0.2285602
0.23033
0.2440578
0.2240543
0.2268681
0.2254831
0.2341566
0.2188417
0.2297133
0.2269478
0.2249319
0.2329402
0.2310353
0.2258553
0.2250256
0.2209995
0.2267179
0.2318339
0.2286479
0.2254472
0.2306058
0.2316975
0.2396767
0.2331705
0.227405
0.2486922
0.2355879
0.2439792
0.2322291
0.
0.2219174
0.2307034
0.2286119
0.2254675
0.2280886
0.2201659
0.2265494
0.2309697
0.2248482
0.22265
0.2310486
0.2273778
0.2250859
0.223229
0.2231755
0.2292936
0.2273906
0.2307132
0.2234597
0.2307595
0.2346106
0.2266166
0.2295585
0.2264572
0.2270255
0.2460376
0.2269971
0.236176
0.2270815
0.2245394
0.2313379
0.2310934
0.3698243
0.3640848
0.3699877
0.3642965
0.3642929
0.3580083
0.3610138
0.3708457
0.3632257
0.3621321
0.367171
0.3607413
0.3694464
0.3829304
0.3658472
0.3668088
0.376612
0.3642423
0.3714656
0.3639782
0.247736
0.2315092
0.2311616
0.2279219
0.2325298
0.2273759
0.2308814
0.2305661
0.2260371
0.2321443
0.2280504
0.2275448
0.231576
0.224004
0.2252515
0.2318518
0.226451
0.2259577
0.228008
0.2305053
0.2466842
0.2252894
0.2294348
0.2284421
0.2361083
0.226372
0.233381
0.2293934
0.2268007
0.2356507
0.2332698
0.2279864
0.2239632
0.2238708
0.2268622
0.2308332
0.22991
0.2273055
0.231601
0.2325834
0.2402143
0.235121
0.2268069
0.2513642
0.2346151
0.2438629
0.2338081
0.2219174
0.
0.2304482
0.2288187
0.2264738
0.2286342
0.2224463
0.2313626
0.2315888
0.2269439
0.2239362
0.232054
0.2257701
0.2250449
0.2258015
0.2252095
0.2297304
0.228443
0.2296185
0.2299317
0.2326065
0.2351548
0.2291685
0.2314143
0.2294975
0.2274793
0.2451857
0.2311114
0.2387207
0.2313686
0.2280448
0.231947
0.2309495
0.3692515
0.362911
0.3712804
0.3655298
0.3639111
0.3610229
0.3618437
0.3709501
0.3609348
0.3635236
0.3687703
0.3621655
0.3692135
0.3821565
0.3652933
0.3658992
0.3762725
0.3644569
0.37031
0.3635343
0.2522884
0.2347832
0.2369952
0.232991
0.2348737
0.2313143
0.2347425
0.2341315
0.2307635
0.2367814
0.2319461
0.230512
0.2334579
0.2273896
0.2300068
0.2345009
0.2289955
0.227846
0.2318779
0.2330603
0.2480513
0.2284814
0.2328525
0.2332812
0.237741
0.2294264
0.2387328
0.2322383
0.2291446
0.2395617
0.2356836
0.2302893
0.2290582
0.2268478
0.2307794
0.2346604
0.2331492
0.2302917
0.2325947
0.2356624
0.2433021
0.238991
0.2307895
0.2522184
0.240662
0.2504614
0.2369061
0.2307034
0.2304482
0.
0.2310037
0.2279088
0.2324605
0.2284632
0.2331566
0.2344738
0.2295403
0.2273108
0.2339216
0.2298939
0.2277195
0.2281418
0.227938
0.2340302
0.2313061
0.233024
0.2316519
0.2353673
0.2388247
0.2323782
0.2351424
0.2323529
0.2299776
0.2499602
0.2343777
0.2412767
0.2332051
0.2281026
0.2353842
0.2335822
0.3693048
0.3632122
0.3693698
0.3661104
0.3650165
0.3600322
0.3612798
0.3721864
0.3617628
0.3630531
0.3665328
0.3640975
0.3686365
0.3838609
0.365753
0.3657176
0.3766804
0.3646946
0.3705884
0.3631418
0.2498851
0.2331624
0.236333
0.2311164
0.2328353
0.2301858
0.2341989
0.2330665
0.2293974
0.2350536
0.2313739
0.2246605
0.2336546
0.227862
0.2284011
0.2331869
0.2285044
0.2281405
0.2321544
0.2331167
0.2476804
0.2286739
0.2341819
0.2320153
0.2382263
0.2271209
0.2389991
0.2319555
0.2296009
0.2389554
0.2355905
0.2299809
0.2288387
0.2264597
0.2320798
0.2344989
0.23288
0.2300867
0.233822
0.2343762
0.2432241
0.2382087
0.2312217
0.252305
0.2385521
0.2481604
0.2354318
0.2286119
0.2288187
0.2310037
0.
0.2269597
0.231412
0.2259239
0.232123
0.2332553
0.2291827
0.2279463
0.2358051
0.2302499
0.2295362
0.2267502
0.2262153
0.2322908
0.2320664
0.2341209
0.2295902
0.2350879
0.2381904
0.2320687
0.2350843
0.2310259
0.2303706
0.2481738
0.2313772
0.2400932
0.2326854
0.2295313
0.2329083
0.2351473
0.3712573
0.3650212
0.3708922
0.3663685
0.3653747
0.3629889
0.3639364
0.3733729
0.3635693
0.3637784
0.3696684
0.3662938
0.3700253
0.3835085
0.3672405
0.3663891
0.3767767
0.3661564
0.3718292
0.3661524
0.2484234
0.2310275
0.2338855
0.2267027
0.2300943
0.2268497
0.2311561
0.230409
0.2254869
0.2324397
0.2297715
0.2269531
0.2267493
0.2212384
0.2267498
0.2305306
0.2252698
0.2241354
0.2282466
0.2288538
0.2468881
0.2253984
0.2300795
0.229404
0.2355612
0.2240333
0.2359746
0.2283279
0.2261126
0.2367721
0.231529
0.2283574
0.2245336
0.2214914
0.2262127
0.2303408
0.2303875
0.2266755
0.2300055
0.2312788
0.2401611
0.2361401
0.228932
0.252617
0.2368527
0.2463868
0.2347847
0.2254675
0.2264738
0.2279088
0.2269597
0.
0.2272553
0.2216223
0.2291647
0.2317614
0.2263691
0.2246334
0.2314231
0.2255591
0.2248874
0.2237028
0.224873
0.2302709
0.2275265
0.230282
0.2273087
0.2311973
0.2360396
0.2283214
0.231082
0.2274859
0.2238964
0.2497677
0.2292055
0.2395567
0.2285948
0.2261828
0.232456
0.229612
0.3717037
0.3643038
0.3692613
0.3674841
0.364605
0.3631707
0.3638083
0.3746491
0.3638188
0.3656505
0.3692433
0.3649311
0.3700198
0.3867352
0.3675572
0.3686001
0.3793337
0.3645632
0.3725664
0.3651483
0.2476871
0.2326344
0.23578
0.2306429
0.2343668
0.2288016
0.2328126
0.2322226
0.2299162
0.2324027
0.2320108
0.2306663
0.2303539
0.2257616
0.2279061
0.2320734
0.2272679
0.2270697
0.2311586
0.2323727
0.2460528
0.2273514
0.231812
0.2285904
0.2365124
0.2275384
0.2360653
0.230142
0.228095
0.2364629
0.2349449
0.2303119
0.2276834
0.2250729
0.2292229
0.2338056
0.2309724
0.2272197
0.2314035
0.2334249
0.2422001
0.2352779
0.2310564
0.2501713
0.2378905
0.2463901
0.2355818
0.2280886
0.2286342
0.2324605
0.231412
0.2272553
0.
0.2254918
0.2309783
0.2325806
0.2281916
0.226623
0.2349514
0.2297277
0.2276493
0.2240992
0.2264547
0.2328128
0.2298925
0.2339653
0.2303325
0.2341172
0.2375575
0.2305784
0.2328189
0.2292995
0.228763
0.2483816
0.2321344
0.2411576
0.2319346
0.2280435
0.2352923
0.2339776
0.3711688
0.3643974
0.3696807
0.3665944
0.3651096
0.3616629
0.3629349
0.3730724
0.3629339
0.3650395
0.3685685
0.3654425
0.3689598
0.383231
0.3671842
0.3678437
0.3772561
0.3661082
0.3717336
0.3654806
0.2462697
0.2283955
0.2321938
0.221756
0.2295691
0.2251124
0.2274526
0.2290446
0.2247668
0.2296251
0.2247493
0.2232617
0.2280339
0.2196577
0.222443
0.2285093
0.2235812
0.22297
0.2246293
0.2274304
0.2451773
0.223014
0.2279694
0.2262695
0.233321
0.2221073
0.2330347
0.2250146
0.2236522
0.2338439
0.2299482
0.2258121
0.2221202
0.2194402
0.224513
0.2295126
0.2280148
0.2238759
0.2284403
0.2310171
0.237688
0.233339
0.2250157
0.2485035
0.2359226
0.2445382
0.2325783
0.2201659
0.2224463
0.2284632
0.2259239
0.2216223
0.2254918
0.
0.2266887
0.2280542
0.2242506
0.2216712
0.2302286
0.2250192
0.2222947
0.22032
0.217624
0.2286756
0.2256632
0.2282964
0.2265687
0.2302325
0.2334816
0.226558
0.2271981
0.224043
0.2235222
0.2477646
0.2283526
0.23679
0.2266956
0.2226017
0.2291653
0.2293244
0.3706167
0.3652956
0.371807
0.3663163
0.364653
0.3627077
0.3624417
0.374046
0.3631114
0.3650999
0.3679158
0.3643326
0.3693774
0.3859055
0.3663116
0.3677699
0.37892
0.3640998
0.3726701
0.3651817
0.2499343
0.2330886
0.2362978
0.2303673
0.2344086
0.2303153
0.2306687
0.2336421
0.2273557
0.2292548
0.2320952
0.2279109
0.2336816
0.2272083
0.2280573
0.2323524
0.2280765
0.221327
0.2290725
0.232447
0.2471279
0.2280763
0.2330762
0.2314977
0.2374323
0.2288161
0.2386641
0.2305677
0.2286757
0.2375414
0.2359539
0.2270295
0.2282114
0.2262416
0.2296597
0.2337928
0.2321566
0.2300295
0.2330876
0.2344475
0.2436042
0.2388843
0.2309755
0.2518276
0.2377578
0.2483227
0.2366979
0.2265494
0.2313626
0.2331566
0.232123
0.2291647
0.2309783
0.2266887
0.
0.2351221
0.2302772
0.2281018
0.2338209
0.2296776
0.227585
0.2272279
0.2274282
0.2344475
0.2311663
0.2333032
0.2302812
0.2349911
0.2375451
0.2309924
0.2333188
0.2311528
0.2312923
0.2495405
0.2336938
0.2400672
0.2327427
0.2282222
0.2351559
0.2349665
0.3685878
0.3627285
0.3699407
0.3644663
0.3641487
0.3605076
0.3606589
0.3704954
0.3621699
0.3623809
0.3666454
0.3635739
0.367897
0.3835508
0.3647718
0.3665146
0.3761204
0.364098
0.3699904
0.3627393
0.2516128
0.2351069
0.2378694
0.2329053
0.2371512
0.2317451
0.2362125
0.2357292
0.2326372
0.238244
0.2326974
0.2317638
0.235602
0.2309307
0.2321649
0.2341984
0.2279625
0.2310279
0.2337034
0.2333358
0.2493514
0.2308441
0.2341255
0.2330189
0.2397998
0.2315792
0.2396694
0.2328793
0.2298254
0.2407819
0.2366366
0.2347629
0.2301345
0.2301828
0.2321482
0.2370622
0.2328875
0.2317484
0.2361023
0.2371096
0.2449594
0.2397915
0.2341857
0.2532774
0.2413911
0.2497713
0.2399651
0.2309697
0.2315888
0.2344738
0.2332553
0.2317614
0.2325806
0.2280542
0.2351221
0.
0.2313818
0.2297159
0.2357842
0.2315316
0.2298191
0.2291754
0.2287387
0.2360371
0.2317548
0.235798
0.2343784
0.2366071
0.2398612
0.2290473
0.2346162
0.2334915
0.2333826
0.2531171
0.2326158
0.2431553
0.2349082
0.2305748
0.2360998
0.2359522
0.3694351
0.3621502
0.3693491
0.3654509
0.3639471
0.3606401
0.3612705
0.3715992
0.3620642
0.3623864
0.3675528
0.3631583
0.3675347
0.3836428
0.3655843
0.3656384
0.3754667
0.3642489
0.3699416
0.3628152
0.2485242
0.232596
0.2346951
0.2293151
0.2330149
0.2276
0.232149
0.2305917
0.2256409
0.2337936
0.2291811
0.2278721
0.2309401
0.2221191
0.2254396
0.2320444
0.2257069
0.224975
0.2279035
0.2317179
0.2474853
0.2247419
0.2315687
0.2291887
0.2367502
0.2244947
0.2370027
0.2297758
0.2262547
0.2367659
0.2338875
0.2288861
0.2255796
0.2234917
0.2267861
0.2319469
0.2292167
0.2273512
0.2300872
0.2331178
0.2430461
0.2379002
0.2295415
0.2508146
0.2385512
0.2469217
0.2350347
0.2248482
0.2269439
0.2295403
0.2291827
0.2263691
0.2281916
0.2242506
0.2302772
0.2313818
0.
0.2242119
0.2332452
0.2262687
0.2257651
0.2236553
0.2243774
0.2309926
0.2278605
0.2310431
0.2286468
0.2316838
0.2370122
0.2300827
0.2320357
0.2298227
0.2280315
0.2496656
0.2315281
0.240385
0.2287839
0.2260804
0.2294145
0.2312084
0.3698036
0.3626602
0.3704022
0.3654183
0.3639938
0.36081
0.3615896
0.372931
0.3620508
0.3632463
0.366866
0.3631356
0.3679978
0.3843595
0.365899
0.3651958
0.3764043
0.3637812
0.3705079
0.3627744
0.2481633
0.2305144
0.232651
0.2283379
0.2304828
0.2249711
0.2302276
0.2298078
0.2229491
0.2326295
0.2267949
0.2252272
0.2301505
0.2223185
0.2223236
0.2289514
0.2237882
0.2234915
0.2268745
0.2263853
0.2451862
0.2243064
0.228543
0.2289563
0.2350489
0.2240568
0.2350472
0.2271519
0.2253124
0.2351456
0.2308235
0.2271721
0.2227361
0.2216642
0.2253286
0.2295707
0.228249
0.2236746
0.2294013
0.2319958
0.2402331
0.2329995
0.2268168
0.2510292
0.2367206
0.2449496
0.2337453
0.22265
0.2239362
0.2273108
0.2279463
0.2246334
0.226623
0.2216712
0.2281018
0.2297159
0.2242119
0.
0.2300149
0.2241256
0.2236897
0.2232471
0.2221135
0.2293422
0.2282965
0.2275125
0.2283241
0.2296439
0.2340886
0.2284149
0.2295337
0.2266102
0.225998
0.2481159
0.2290209
0.2362044
0.229198
0.2251265
0.2305371
0.2293539
0.3715421
0.3658717
0.3730986
0.3678991
0.366956
0.3626004
0.364637
0.3749262
0.364659
0.3656895
0.3702807
0.3657852
0.3713051
0.3874779
0.3679714
0.368153
0.3801901
0.3661163
0.3729846
0.3653946
0.2519911
0.2372367
0.239644
0.2343897
0.237386
0.2347283
0.2375074
0.2364356
0.2330613
0.2388323
0.2350998
0.2319964
0.237574
0.2296764
0.231418
0.2358143
0.2312648
0.2310604
0.2337692
0.2344238
0.2504888
0.2310253
0.2365575
0.235459
0.2403856
0.2340445
0.2421212
0.23569
0.2325035
0.2413921
0.2388018
0.2343409
0.2309973
0.2289403
0.2323824
0.2356951
0.2352147
0.231542
0.2354305
0.2376913
0.2464664
0.2401705
0.2338915
0.2544613
0.2431112
0.2515684
0.2386678
0.2310486
0.232054
0.2339216
0.2358051
0.2314231
0.2349514
0.2302286
0.2338209
0.2357842
0.2332452
0.2300149
0.
0.2324269
0.229892
0.2305122
0.2317805
0.2373514
0.2336169
0.2364307
0.2344479
0.2383497
0.2405193
0.2338599
0.2365777
0.234839
0.2326266
0.2539407
0.2373855
0.2459882
0.2354806
0.2331066
0.2364833
0.2368371
0.3726011
0.3660176
0.3738397
0.3691384
0.3674228
0.366314
0.3649324
0.3744696
0.3662544
0.3669202
0.3711641
0.3670012
0.3711806
0.3870254
0.3693512
0.3696651
0.3784839
0.368367
0.3736567
0.366402
0.2490214
0.2335024
0.2354242
0.2293878
0.2327551
0.2290048
0.231244
0.2306942
0.2278092
0.2328503
0.2286072
0.2283941
0.2315558
0.2251962
0.2253559
0.2312446
0.2256426
0.2246728
0.2289962
0.2303807
0.2470641
0.2262055
0.2326236
0.230094
0.2362045
0.2256944
0.2372609
0.2285155
0.2273954
0.2373303
0.2329452
0.2283381
0.2263943
0.2246097
0.2274659
0.2310638
0.2294483
0.2270356
0.2311607
0.2316356
0.2416402
0.2377149
0.2293803
0.2517724
0.2395304
0.2479182
0.2362067
0.2273778
0.2257701
0.2298939
0.2302499
0.2255591
0.2297277
0.2250192
0.2296776
0.2315316
0.2262687
0.2241256
0.2324269
0.
0.226213
0.2255001
0.2244718
0.2304346
0.2308172
0.2313141
0.2301532
0.2317131
0.2368095
0.2289675
0.2310859
0.2286408
0.2284029
0.2495942
0.2315945
0.2400872
0.2307421
0.2266757
0.2321971
0.2321153
0.370215
0.3643949
0.3718392
0.3658514
0.365124
0.3624412
0.3624324
0.3726545
0.3630826
0.3657878
0.3698007
0.364757
0.3699662
0.386456
0.3670322
0.3671414
0.3784052
0.3658579
0.3715186
0.3645094
0.2484781
0.231002
0.2346281
0.2297159
0.2296851
0.2269108
0.2301611
0.2297608
0.2259125
0.2335236
0.2285444
0.226617
0.2314357
0.2237402
0.2239422
0.2285479
0.2255996
0.2239189
0.2279547
0.2284321
0.2457178
0.2248647
0.2286293
0.2277506
0.2346231
0.2254426
0.2355611
0.2279694
0.225318
0.2363325
0.2319923
0.2283585
0.2245569
0.2225545
0.2259684
0.2309784
0.229334
0.2258645
0.2299005
0.2318622
0.2392869
0.2350431
0.2287374
0.250704
0.2385503
0.246644
0.2354638
0.2250859
0.2250449
0.2277195
0.2295362
0.2248874
0.2276493
0.2222947
0.227585
0.2298191
0.2257651
0.2236897
0.229892
0.226213
0.
0.2250754
0.2235735
0.2311879
0.2274108
0.2292853
0.2296753
0.2304978
0.2350225
0.2289068
0.2316482
0.229125
0.2270249
0.2480481
0.2297932
0.2396034
0.2306358
0.2265537
0.2322588
0.2298726
0.3715143
0.3647543
0.3729421
0.3672265
0.3661658
0.3623022
0.3648999
0.3737607
0.3642835
0.3668639
0.3709403
0.3660315
0.3712224
0.3855863
0.3673086
0.3693613
0.3777125
0.36616
0.3714746
0.3650842
0.2470628
0.2291157
0.2327398
0.2250141
0.2284378
0.2254601
0.2281027
0.230155
0.2239993
0.2311143
0.2252953
0.2230758
0.2283797
0.2224155
0.223151
0.2285912
0.2227217
0.2227653
0.2258452
0.2278737
0.2438647
0.2229613
0.2304527
0.2271392
0.2333698
0.2228168
0.2354101
0.2249656
0.2241085
0.2340867
0.2314534
0.2242288
0.2231066
0.2200187
0.2243995
0.2281125
0.2275724
0.2235653
0.228316
0.2305508
0.2401432
0.2343942
0.2265789
0.2496576
0.2363528
0.2468992
0.2317453
0.223229
0.2258015
0.2281418
0.2267502
0.2237028
0.2240992
0.22032
0.2272279
0.2291754
0.2236553
0.2232471
0.2305122
0.2255001
0.2250754
0.
0.2202787
0.2287008
0.2256409
0.2280977
0.226685
0.2254288
0.2339193
0.2257232
0.2286453
0.2265241
0.2264995
0.2472909
0.2292227
0.2383506
0.2286026
0.223658
0.22932
0.2296293
0.3713045
0.3648662
0.3728083
0.3652991
0.3650566
0.3612858
0.3625771
0.3739479
0.3626394
0.3645867
0.3679064
0.3637845
0.3692689
0.3862683
0.3664118
0.3675787
0.3782238
0.3650483
0.3716874
0.3629928
0.2461353
0.2296526
0.2327234
0.227033
0.2291786
0.2261525
0.2300786
0.2292494
0.2256295
0.23121
0.2271623
0.2246596
0.2288697
0.2224475
0.2228984
0.2301015
0.2239562
0.2230254
0.2274862
0.2276694
0.2451919
0.2231071
0.2298185
0.2265683
0.2334277
0.2233989
0.2349677
0.2270091
0.2236958
0.2346654
0.2311573
0.2273876
0.2231481
0.2204617
0.2256669
0.2306783
0.2267201
0.2247413
0.2287223
0.2303667
0.2399958
0.2339922
0.2269585
0.2494314
0.2366045
0.2461977
0.2315241
0.2231755
0.2252095
0.227938
0.2262153
0.224873
0.2264547
0.217624
0.2274282
0.2287387
0.2243774
0.2221135
0.2317805
0.2244718
0.2235735
0.2202787
0.
0.2295815
0.2257759
0.2277533
0.2267257
0.2304144
0.2349402
0.2252458
0.2286386
0.2265742
0.2264083
0.2476536
0.2293846
0.2375315
0.2283054
0.2240113
0.2316467
0.2311317
0.3708737
0.3635923
0.3709476
0.3645557
0.3647041
0.3606464
0.3629018
0.372969
0.3623593
0.3653092
0.3681423
0.3634963
0.3700383
0.3864801
0.3658408
0.3678503
0.3768022
0.3633186
0.3714272
0.3635188
0.2525263
0.2362208
0.2387287
0.2325909
0.2372515
0.2324512
0.2359989
0.2364367
0.2305561
0.2377557
0.2331046
0.2320337
0.2342009
0.2308199
0.2301466
0.2342994
0.2307025
0.2326399
0.2322505
0.2339838
0.2494611
0.2322775
0.2360608
0.2338693
0.2398698
0.231301
0.2407052
0.2336029
0.2304033
0.2417835
0.2354231
0.2328993
0.2317026
0.2279947
0.2315
0.2361694
0.2341992
0.2325378
0.2350504
0.2359527
0.2458772
0.2415613
0.233908
0.2554064
0.2411594
0.2507792
0.2373194
0.2292936
0.2297304
0.2340302
0.2322908
0.2302709
0.2328128
0.2286756
0.2344475
0.2360371
0.2309926
0.2293422
0.2373514
0.2304346
0.2311879
0.2287008
0.2295815
0.
0.2335149
0.2345348
0.233036
0.2364311
0.2408146
0.2338304
0.2364859
0.2292737
0.2332252
0.2526356
0.2335951
0.2427967
0.2346127
0.230827
0.2372455
0.2364672
0.3707727
0.3634705
0.370784
0.3659297
0.3655194
0.3617448
0.3633826
0.3721274
0.3630236
0.3636637
0.36889
0.3653151
0.3681674
0.3848791
0.3666453
0.3654002
0.3769329
0.3645276
0.3702207
0.3647175
0.2496134
0.23385
0.2344982
0.2301135
0.2336516
0.2305189
0.233928
0.2345605
0.2293672
0.2347549
0.2306509
0.2302384
0.232968
0.2261678
0.2274339
0.2320826
0.2281946
0.2279244
0.2319985
0.2320925
0.2470298
0.2265977
0.2319146
0.2303226
0.2366896
0.2272168
0.2382463
0.2317155
0.2283822
0.2362988
0.2344873
0.2310814
0.2290255
0.2267553
0.2291994
0.2326162
0.2318863
0.2291293
0.2335058
0.2335891
0.242691
0.2374088
0.2311232
0.252569
0.2401875
0.2474919
0.2346347
0.2273906
0.228443
0.2313061
0.2320664
0.2275265
0.2298925
0.2256632
0.2311663
0.2317548
0.2278605
0.2282965
0.2336169
0.2308172
0.2274108
0.2256409
0.2257759
0.2335149
0.
0.2327001
0.2310914
0.2348817
0.2379161
0.2310095
0.2346274
0.2303308
0.2293856
0.2497238
0.233815
0.2416641
0.2309589
0.2299965
0.2335484
0.2337422
0.3696518
0.3642731
0.369239
0.3645531
0.3649738
0.3618847
0.362106
0.371792
0.3626648
0.3626248
0.3675768
0.3650173
0.3690017
0.3846918
0.365655
0.3672247
0.3766707
0.364136
0.3714552
0.3638014
0.2498612
0.2360832
0.2379099
0.2336294
0.2357189
0.2324874
0.2344055
0.2355983
0.2308945
0.2357629
0.2329942
0.2304287
0.2344454
0.227487
0.2297836
0.2352556
0.2314233
0.2317245
0.2326853
0.2330029
0.2489858
0.2325461
0.2345177
0.2327599
0.2374964
0.2309884
0.2394581
0.2326098
0.2289318
0.2392327
0.2352281
0.230794
0.2301186
0.227952
0.2303143
0.2352572
0.2332494
0.2305164
0.2351958
0.2353362
0.2446321
0.2407173
0.2327699
0.2529877
0.2426004
0.2481975
0.2380121
0.2307132
0.2296185
0.233024
0.2341209
0.230282
0.2339653
0.2282964
0.2333032
0.235798
0.2310431
0.2275125
0.2364307
0.2313141
0.2292853
0.2280977
0.2277533
0.2345348
0.2327001
0.
0.2327022
0.2359628
0.2386256
0.2331566
0.2350001
0.2338459
0.2326782
0.2511179
0.2325507
0.2432812
0.2349044
0.2304949
0.2348826
0.2334039
0.3711546
0.3634254
0.3711622
0.3666545
0.3655837
0.3613435
0.3628414
0.3722573
0.3630164
0.3644615
0.3688764
0.3653949
0.3692532
0.3841085
0.3664246
0.366441
0.3780498
0.3651995
0.3696112
0.3643324
0.2461434
0.2309228
0.2347791
0.2301325
0.2328293
0.2272118
0.2289942
0.2300272
0.2300416
0.2335263
0.2303531
0.2303886
0.2342692
0.2265711
0.227705
0.2325118
0.229665
0.2267088
0.2313755
0.2338835
0.2435363
0.227226
0.2323255
0.230948
0.2362514
0.2241917
0.2323905
0.2300986
0.2280442
0.234434
0.2348697
0.2289662
0.2283387
0.225932
0.2307875
0.2341762
0.2323624
0.22941
0.2332016
0.2331383
0.2363577
0.2327401
0.2288821
0.2464832
0.2367349
0.2438774
0.2344532
0.2234597
0.2299317
0.2316519
0.2295902
0.2273087
0.2303325
0.2265687
0.2302812
0.2343784
0.2286468
0.2283241
0.2344479
0.2301532
0.2296753
0.226685
0.2267257
0.233036
0.2310914
0.2327022
0.
0.2328469
0.237186
0.2305721
0.2322896
0.2285744
0.2299842
0.2449996
0.2328704
0.2371156
0.2318713
0.2290796
0.2340418
0.2331588
0.3712842
0.3640998
0.3694405
0.3668363
0.3653843
0.3613962
0.3628506
0.3721127
0.3637016
0.3651448
0.3679006
0.364303
0.3652585
0.3816201
0.3660908
0.3667847
0.3731264
0.3657067
0.3695611
0.3645941
0.2508081
0.2362306
0.2390167
0.2341147
0.2376434
0.232837
0.2349821
0.2369807
0.2328843
0.2371704
0.2332771
0.2331528
0.236669
0.2299633
0.2312019
0.2363903
0.2321005
0.2305375
0.2329504
0.2369693
0.2510731
0.2309601
0.2353141
0.2356317
0.2389325
0.2315001
0.2410488
0.233628
0.2317536
0.2401256
0.2358089
0.2342138
0.2327323
0.2289784
0.2328488
0.2353322
0.2342249
0.2315767
0.2362398
0.236614
0.2463932
0.2416888
0.2317087
0.2537635
0.2419694
0.2495653
0.2371196
0.2307595
0.2326065
0.2353673
0.2350879
0.2311973
0.2341172
0.2302325
0.2349911
0.2366071
0.2316838
0.2296439
0.2383497
0.2317131
0.2304978
0.2254288
0.2304144
0.2364311
0.2348817
0.2359628
0.2328469
0.
0.2399728
0.2327076
0.2368553
0.2314676
0.2326004
0.2512272
0.2365266
0.242251
0.2360213
0.2315737
0.237174
0.2367172
0.3704659
0.3634249
0.3700237
0.3668249
0.3652199
0.3615771
0.3629295
0.3713233
0.3628084
0.3626085
0.3690742
0.3642795
0.3690467
0.383683
0.3671228
0.3664355
0.3759791
0.365268
0.3694426
0.3647366
0.2478748
0.240339
0.2427014
0.2385207
0.240827
0.2365083
0.2390731
0.238438
0.2367696
0.2409888
0.2394034
0.2363244
0.2393717
0.2314223
0.2360086
0.240238
0.2349016
0.236523
0.2398068
0.239478
0.252054
0.2336521
0.2389261
0.2390427
0.2420494
0.2357422
0.2434649
0.2365121
0.23614
0.2437398
0.2409843
0.234603
0.2358343
0.2337846
0.2374056
0.2387823
0.2374979
0.2360955
0.2411262
0.241313
0.2493517
0.2437857
0.2357876
0.2541133
0.2452992
0.2502293
0.2381697
0.2346106
0.2351548
0.2388247
0.2381904
0.2360396
0.2375575
0.2334816
0.2375451
0.2398612
0.2370122
0.2340886
0.2405193
0.2368095
0.2350225
0.2339193
0.2349402
0.2408146
0.2379161
0.2386256
0.237186
0.2399728
0.
0.2364631
0.240218
0.2373128
0.2378066
0.2517115
0.236758
0.2464457
0.2372997
0.2351795
0.2406253
0.2407354
0.3726403
0.3660643
0.3723754
0.3678922
0.3673075
0.3629083
0.364188
0.3698158
0.3658787
0.3651925
0.3665151
0.3670006
0.3687626
0.3820308
0.3691401
0.3675392
0.3774905
0.3663244
0.372247
0.3668815
0.2491073
0.2331089
0.2356814
0.2301824
0.2327165
0.228774
0.2294475
0.2315186
0.2289315
0.2335898
0.2337044
0.2294101
0.2336093
0.2257127
0.2291742
0.2327067
0.2285275
0.2257189
0.2313585
0.2329701
0.246023
0.226604
0.231759
0.2329869
0.236228
0.229258
0.2368121
0.2301207
0.2286865
0.2368148
0.2353929
0.2304865
0.2279498
0.2260637
0.2305848
0.233276
0.231461
0.2284976
0.2329872
0.234043
0.2428331
0.2368578
0.2301753
0.2520905
0.2401474
0.2492747
0.2366445
0.2266166
0.2291685
0.2323782
0.2320687
0.2283214
0.2305784
0.226558
0.2309924
0.2290473
0.2300827
0.2284149
0.2338599
0.2289675
0.2289068
0.2257232
0.2252458
0.2338304
0.2310095
0.2331566
0.2305721
0.2327076
0.2364631
0.
0.2328751
0.2308284
0.2302117
0.2491294
0.2308259
0.2419882
0.2320485
0.2280458
0.2347514
0.2335018
0.370376
0.3653153
0.3719609
0.367092
0.3654568
0.3621199
0.3638779
0.3739369
0.3632466
0.3647794
0.3700436
0.3653959
0.3695516
0.3855163
0.3676788
0.36795
0.3777646
0.3655619
0.3701726
0.3653144
0.2504346
0.235222
0.2379831
0.2300753
0.2366494
0.2332935
0.2349597
0.2359476
0.231282
0.2369044
0.2336776
0.2326237
0.23606
0.2284196
0.2299749
0.2343199
0.2303651
0.2304205
0.2333969
0.2353766
0.2493081
0.2302183
0.2348393
0.2338605
0.2392679
0.2306851
0.2360753
0.2317118
0.2318915
0.2398028
0.2366545
0.2310881
0.2303198
0.229496
0.2313059
0.2359106
0.2353209
0.230978
0.2347589
0.2363931
0.2441763
0.2390585
0.2336674
0.2514992
0.2407371
0.2482843
0.2390397
0.2295585
0.2314143
0.2351424
0.2350843
0.231082
0.2328189
0.2271981
0.2333188
0.2346162
0.2320357
0.2295337
0.2365777
0.2310859
0.2316482
0.2286453
0.2286386
0.2364859
0.2346274
0.2350001
0.2322896
0.2368553
0.240218
0.2328751
0.
0.2322647
0.233084
0.2507125
0.2347981
0.2428011
0.2338296
0.2322047
0.2368345
0.2362549
0.3721397
0.364405
0.3713425
0.366466
0.366252
0.3624047
0.3630674
0.3732396
0.3640772
0.3643851
0.3682979
0.3652784
0.3689443
0.3839115
0.3681113
0.3673043
0.3778566
0.3663026
0.3714723
0.365365
0.2464769
0.2314482
0.2353342
0.2304827
0.232813
0.2275011
0.2311201
0.2319298
0.229738
0.2346016
0.230013
0.2289905
0.2322672
0.2256092
0.2260308
0.2321246
0.2276947
0.2252572
0.2303914
0.2324421
0.2471656
0.2280976
0.2303191
0.2304492
0.2364624
0.2263117
0.2344602
0.2294019
0.2284164
0.2339535
0.2339735
0.2299085
0.2285147
0.2253749
0.2298029
0.2334457
0.2317237
0.2288264
0.233408
0.234388
0.2428857
0.2336129
0.2286455
0.2501953
0.2392901
0.2485689
0.2364737
0.2264572
0.2294975
0.2323529
0.2310259
0.2274859
0.2292995
0.224043
0.2311528
0.2334915
0.2298227
0.2266102
0.234839
0.2286408
0.229125
0.2265241
0.2265742
0.2292737
0.2303308
0.2338459
0.2285744
0.2314676
0.2373128
0.2308284
0.2322647
0.
0.2278664
0.2501181
0.229086
0.2370862
0.230434
0.2285805
0.2336637
0.2341923
0.3692372
0.3642203
0.3690657
0.3648136
0.3646389
0.35885
0.362846
0.3706404
0.3617509
0.3629231
0.3669278
0.3633568
0.3681433
0.3837161
0.3653837
0.3660815
0.3760312
0.3639371
0.3696846
0.364052
0.2473269
0.2324069
0.2345427
0.2273114
0.2323829
0.2284629
0.2295683
0.2324417
0.2300826
0.2353179
0.2296845
0.2260214
0.2312079
0.2233815
0.2273229
0.2316603
0.2272679
0.2270322
0.2308755
0.2309776
0.2475192
0.2272009
0.2314638
0.2301494
0.235545
0.2258443
0.2376685
0.2301958
0.2278318
0.2360857
0.2346427
0.2300097
0.2272969
0.2242421
0.2276113
0.2331418
0.233129
0.2290107
0.2329918
0.2324754
0.2419573
0.2356826
0.2281836
0.2498919
0.2380661
0.2487963
0.2364332
0.2270255
0.2274793
0.2299776
0.2303706
0.2238964
0.228763
0.2235222
0.2312923
0.2333826
0.2280315
0.225998
0.2326266
0.2284029
0.2270249
0.2264995
0.2264083
0.2332252
0.2293856
0.2326782
0.2299842
0.2326004
0.2378066
0.2302117
0.233084
0.2278664
0.
0.2486803
0.2309389
0.2411739
0.2286524
0.2277615
0.2337773
0.2310196
0.3705175
0.3648244
0.3664655
0.3665933
0.3666187
0.3621052
0.3616376
0.3713705
0.3626864
0.364968
0.3675862
0.3650247
0.367196
0.382596
0.3663548
0.3667123
0.3774589
0.3653591
0.3718469
0.3649766
0.2512531
0.2470036
0.252464
0.2490251
0.2492108
0.2479316
0.244677
0.2482776
0.247969
0.2532068
0.2496265
0.2502225
0.251735
0.2479737
0.2502202
0.2509295
0.2481569
0.2497161
0.2512124
0.2520543
0.2470025
0.2474766
0.2457373
0.2472101
0.2452005
0.2454423
0.2520854
0.2492415
0.2483917
0.2475253
0.2519972
0.2494232
0.2506116
0.2475977
0.249233
0.2513363
0.250177
0.2493902
0.2535939
0.2518984
0.2444793
0.2429874
0.2479003
0.2474324
0.2475267
0.2488941
0.2487247
0.2460376
0.2451857
0.2499602
0.2481738
0.2497677
0.2483816
0.2477646
0.2495405
0.2531171
0.2496656
0.2481159
0.2539407
0.2495942
0.2480481
0.2472909
0.2476536
0.2526356
0.2497238
0.2511179
0.2449996
0.2512272
0.2517115
0.2491294
0.2507125
0.2501181
0.2486803
0.
0.2469739
0.2476734
0.2489967
0.2490428
0.2513427
0.2515661
0.3763542
0.3692249
0.3662836
0.3731288
0.3709747
0.3629421
0.3699326
0.3713149
0.3700608
0.3691429
0.3734353
0.3724512
0.3684421
0.373826
0.3732256
0.3707802
0.3678779
0.3726305
0.3681749
0.3706084
0.2469359
0.2339021
0.2377189
0.2319688
0.2345171
0.2321903
0.2316662
0.2343058
0.2307364
0.2368428
0.2333291
0.231147
0.2330867
0.2298689
0.2292882
0.2335094
0.2276882
0.2293957
0.2325283
0.236686
0.245957
0.2284931
0.2323604
0.2299169
0.2369837
0.2295216
0.2377482
0.2332436
0.2297157
0.2355894
0.2347961
0.2268107
0.2301095
0.2279423
0.2312362
0.2353603
0.2333524
0.2308616
0.2368053
0.2363778
0.2428717
0.2392091
0.2312649
0.2506721
0.2400795
0.2481208
0.2374634
0.2269971
0.2311114
0.2343777
0.2313772
0.2292055
0.2321344
0.2283526
0.2336938
0.2326158
0.2315281
0.2290209
0.2373855
0.2315945
0.2297932
0.2292227
0.2293846
0.2335951
0.233815
0.2325507
0.2328704
0.2365266
0.236758
0.2308259
0.2347981
0.229086
0.2309389
0.2469739
0.
0.2408053
0.2325005
0.23043
0.2349855
0.236369
0.3718081
0.3645591
0.3688602
0.366462
0.366128
0.3620357
0.3632881
0.3708424
0.3642422
0.3649858
0.3688613
0.3646659
0.3668604
0.3811911
0.3674745
0.3668748
0.3759169
0.3670759
0.3693041
0.3653055
0.2476648
0.2307403
0.245306
0.2412777
0.2416471
0.238581
0.2363841
0.2413543
0.2374542
0.2458047
0.2405119
0.2410491
0.242802
0.2365064
0.2397497
0.2417532
0.2398278
0.2394582
0.2422672
0.2421346
0.2488095
0.2367139
0.2359493
0.2380184
0.2399847
0.2362537
0.2398726
0.2406881
0.2398542
0.2386002
0.2442469
0.2397261
0.2388379
0.2368007
0.2403146
0.2437492
0.2425924
0.2398208
0.2445532
0.2441814
0.2411608
0.2343316
0.2393627
0.2478997
0.2377727
0.2415882
0.2444166
0.236176
0.2387207
0.2412767
0.2400932
0.2395567
0.2411576
0.23679
0.2400672
0.2431553
0.240385
0.2362044
0.2459882
0.2400872
0.2396034
0.2383506
0.2375315
0.2427967
0.2416641
0.2432812
0.2371156
0.242251
0.2464457
0.2419882
0.2428011
0.2370862
0.2411739
0.2476734
0.2408053
0.
0.2429071
0.2395234
0.2448058
0.2444956
0.374414
0.3670131
0.3654599
0.3698702
0.3678748
0.3617756
0.3667823
0.3693318
0.3673833
0.3677352
0.3719773
0.3684328
0.3693516
0.3770154
0.3711016
0.3689967
0.3718525
0.369819
0.3681836
0.3687895
0.2493793
0.2349319
0.2357407
0.2320109
0.2330637
0.2314321
0.233668
0.2339853
0.2308916
0.22972
0.2326099
0.2296427
0.2337011
0.2265943
0.2296786
0.2336148
0.2300689
0.2290847
0.2318273
0.2338898
0.2492251
0.2290996
0.2329951
0.2305838
0.2361941
0.2289305
0.2381145
0.2324012
0.2294337
0.2391055
0.2358027
0.2323838
0.2294517
0.2264469
0.2298835
0.2348182
0.2337821
0.2300757
0.2340806
0.2358734
0.2441806
0.238735
0.2326545
0.2525245
0.2401599
0.2495558
0.2361778
0.2270815
0.2313686
0.2332051
0.2326854
0.2285948
0.2319346
0.2266956
0.2327427
0.2349082
0.2287839
0.229198
0.2354806
0.2307421
0.2306358
0.2286026
0.2283054
0.2346127
0.2309589
0.2349044
0.2318713
0.2360213
0.2372997
0.2320485
0.2338296
0.230434
0.2286524
0.2489967
0.2325005
0.2429071
0.
0.2297001
0.2361667
0.2351961
0.3708109
0.3632627
0.3699237
0.3653298
0.3659611
0.3612041
0.3621895
0.3734795
0.3625064
0.3648369
0.3679084
0.3634742
0.3677034
0.3842238
0.3666739
0.3664656
0.3763965
0.3644147
0.371471
0.3646457
0.2477811
0.2315825
0.2338437
0.2272573
0.2320023
0.2280715
0.2313103
0.2318041
0.2264057
0.2314736
0.2297157
0.2275456
0.2293012
0.2240823
0.2265629
0.230994
0.226537
0.224439
0.2277182
0.2317194
0.2451646
0.2253291
0.2301906
0.2284611
0.2354583
0.2258176
0.2366812
0.2293839
0.2275716
0.2352679
0.2338331
0.2283156
0.2258181
0.2234281
0.2269666
0.2319484
0.2296855
0.2268181
0.2309659
0.2318863
0.2413557
0.2364077
0.2279894
0.2509932
0.2378702
0.2467847
0.2352575
0.2245394
0.2280448
0.2281026
0.2295313
0.2261828
0.2280435
0.2226017
0.2282222
0.2305748
0.2260804
0.2251265
0.2331066
0.2266757
0.2265537
0.223658
0.2240113
0.230827
0.2299965
0.2304949
0.2290796
0.2315737
0.2351795
0.2280458
0.2322047
0.2285805
0.2277615
0.2490428
0.23043
0.2395234
0.2297001
0.
0.2328459
0.23107
0.370145
0.3630705
0.3699647
0.3649726
0.3642177
0.3594875
0.3618054
0.3718081
0.3624283
0.3630773
0.3680138
0.3634243
0.3682091
0.3843002
0.3654947
0.3655269
0.3765824
0.3643364
0.3701333
0.3644408
0.2520357
0.2379499
0.2397002
0.2346499
0.2380489
0.2335881
0.2378335
0.2357631
0.2337565
0.2371311
0.2344139
0.2338757
0.2382385
0.2313741
0.2327838
0.2364618
0.2322864
0.2317321
0.23345
0.2347767
0.2507666
0.2326356
0.2364185
0.2349193
0.2396243
0.2310815
0.2400143
0.2352308
0.2329508
0.2388938
0.2374692
0.2340274
0.2313526
0.2300285
0.2321349
0.2362139
0.2355069
0.2323386
0.236293
0.2373638
0.2463951
0.2408529
0.2356334
0.2534314
0.2426206
0.2498805
0.2406759
0.2313379
0.231947
0.2353842
0.2329083
0.232456
0.2352923
0.2291653
0.2351559
0.2360998
0.2294145
0.2305371
0.2364833
0.2321971
0.2322588
0.22932
0.2316467
0.2372455
0.2335484
0.2348826
0.2340418
0.237174
0.2406253
0.2347514
0.2368345
0.2336637
0.2337773
0.2513427
0.2349855
0.2448058
0.2361667
0.2328459
0.
0.2366965
0.3716214
0.3626781
0.3713025
0.3674564
0.3657227
0.3638015
0.3623802
0.3728105
0.3640569
0.3643165
0.368984
0.3658058
0.3683066
0.3837199
0.3668737
0.3664345
0.3758947
0.366292
0.3705192
0.3649354
0.2529545
0.2360995
0.239807
0.2337897
0.2363322
0.2329908
0.2360803
0.2370189
0.2324695
0.2366556
0.2344718
0.2309666
0.2361424
0.2292536
0.2291695
0.2356682
0.2301695
0.2312363
0.2329555
0.2324639
0.2501215
0.2314067
0.2354852
0.2357485
0.2405841
0.2309482
0.2409274
0.2335051
0.2310829
0.2403679
0.2374379
0.2344655
0.230086
0.2294579
0.2330861
0.2352812
0.2331303
0.2317633
0.235127
0.2371112
0.2462633
0.2428094
0.2323146
0.2554978
0.2440733
0.2517418
0.2393093
0.2310934
0.2309495
0.2335822
0.2351473
0.229612
0.2339776
0.2293244
0.2349665
0.2359522
0.2312084
0.2293539
0.2368371
0.2321153
0.2298726
0.2296293
0.2311317
0.2364672
0.2337422
0.2334039
0.2331588
0.2367172
0.2407354
0.2335018
0.2362549
0.2341923
0.2310196
0.2515661
0.236369
0.2444956
0.2351961
0.23107
0.2366965
0.
0.3730688
0.3653702
0.3730421
0.3683381
0.3675554
0.3636647
0.3649637
0.3737587
0.365115
0.3651609
0.3709965
0.3669342
0.3710865
0.385992
0.3682324
0.3681161
0.3788917
0.3668469
0.3717461
0.3656815
0.3770715
0.3712495
0.3711132
0.3708697
0.3751094
0.3700751
0.3710742
0.3701082
0.3708532
0.3727988
0.371011
0.3709631
0.3714443
0.3721161
0.371189
0.3707501
0.3703954
0.3715769
0.371753
0.3707707
0.3761849
0.3705077
0.3704504
0.3701345
0.3724305
0.3706569
0.3720423
0.3709683
0.3692428
0.374298
0.3707619
0.3720801
0.3727069
0.3707596
0.3703813
0.3706578
0.3712867
0.3689884
0.3721925
0.3710553
0.3786206
0.3767306
0.3700095
0.3774057
0.3729034
0.3767569
0.3711693
0.3698243
0.3692515
0.3693048
0.3712573
0.3717037
0.3711688
0.3706167
0.3685878
0.3694351
0.3698036
0.3715421
0.3726011
0.370215
0.3715143
0.3713045
0.3708737
0.3707727
0.3696518
0.3711546
0.3712842
0.3704659
0.3726403
0.370376
0.3721397
0.3692372
0.3705175
0.3763542
0.3718081
0.374414
0.3708109
0.370145
0.3716214
0.3730688
0.
0.2399747
0.241348
0.2267712
0.2283383
0.2326581
0.2287801
0.2440763
0.2271562
0.2318892
0.2305766
0.2271571
0.2413087
0.2498173
0.2292809
0.2406027
0.2438648
0.2278297
0.2410912
0.2300621
0.3709035
0.3640033
0.3651737
0.3632316
0.3698954
0.364556
0.3653524
0.3623417
0.3639933
0.3652391
0.3637529
0.3649277
0.3659491
0.3651847
0.3647796
0.3631764
0.3625858
0.3657939
0.3650126
0.3644504
0.3713878
0.3639074
0.3642452
0.3645426
0.3652156
0.3635307
0.3645415
0.3656721
0.3615539
0.3669418
0.3647748
0.3644019
0.3654447
0.3648567
0.3625306
0.363785
0.3643776
0.363215
0.3652499
0.3639255
0.3734385
0.3726726
0.3640587
0.3704437
0.3659914
0.3703161
0.3645496
0.3640848
0.362911
0.3632122
0.3650212
0.3643038
0.3643974
0.3652956
0.3627285
0.3621502
0.3626602
0.3658717
0.3660176
0.3643949
0.3647543
0.3648662
0.3635923
0.3634705
0.3642731
0.3634254
0.3640998
0.3634249
0.3660643
0.3653153
0.364405
0.3642203
0.3648244
0.3692249
0.3645591
0.3670131
0.3632627
0.3630705
0.3626781
0.3653702
0.2399747
0.
0.2460925
0.2321883
0.2322901
0.2351737
0.2329231
0.2474445
0.2319006
0.2371751
0.2368082
0.2313586
0.2467374
0.2575797
0.233648
0.243942
0.2512755
0.2321467
0.2441492
0.2328216
0.3682087
0.367948
0.3704998
0.3696875
0.3734947
0.3690079
0.3701026
0.3707171
0.3718051
0.371974
0.3701676
0.3718026
0.3665399
0.3714247
0.3717662
0.3711318
0.3709565
0.3723886
0.372283
0.3725665
0.3709084
0.3694988
0.3660684
0.3677403
0.3659489
0.3689082
0.367962
0.3720217
0.3696966
0.3698203
0.3715669
0.3716757
0.3731111
0.3721848
0.370349
0.3707174
0.3710803
0.3712095
0.3727961
0.3705769
0.3708566
0.3692577
0.3706761
0.3647965
0.3664308
0.3690674
0.3699123
0.3699877
0.3712804
0.3693698
0.3708922
0.3692613
0.3696807
0.371807
0.3699407
0.3693491
0.3704022
0.3730986
0.3738397
0.3718392
0.3729421
0.3728083
0.3709476
0.370784
0.369239
0.3711622
0.3694405
0.3700237
0.3723754
0.3719609
0.3713425
0.3690657
0.3664655
0.3662836
0.3688602
0.3654599
0.3699237
0.3699647
0.3713025
0.3730421
0.241348
0.2460925
0.
0.2342329
0.2348302
0.2312271
0.236345
0.2425724
0.2356198
0.2415545
0.2352067
0.2373084
0.2428696
0.2376258
0.2360903
0.2443591
0.2404834
0.2359926
0.2411833
0.2384996
0.3748425
0.3664742
0.3687828
0.364787
0.37105
0.3647864
0.3658591
0.3660562
0.3662884
0.3673692
0.3648918
0.3666038
0.3677595
0.3664916
0.3644974
0.3660302
0.3648103
0.3661671
0.3661314
0.3676134
0.3738945
0.3658792
0.3660133
0.3645221
0.3688683
0.3651391
0.3676631
0.3673085
0.3645229
0.3697872
0.3661001
0.3669071
0.3679622
0.366515
0.3659434
0.3655161
0.3667361
0.3652738
0.3675943
0.3664572
0.3761487
0.3742328
0.3661563
0.37549
0.3694343
0.3745842
0.3660367
0.3642965
0.3655298
0.3661104
0.3663685
0.3674841
0.3665944
0.3663163
0.3644663
0.3654509
0.3654183
0.3678991
0.3691384
0.3658514
0.3672265
0.3652991
0.3645557
0.3659297
0.3645531
0.3666545
0.3668363
0.3668249
0.3678922
0.367092
0.366466
0.3648136
0.3665933
0.3731288
0.366462
0.3698702
0.3653298
0.3649726
0.3674564
0.3683381
0.2267712
0.2321883
0.2342329
0.
0.2180855
0.2233063
0.2191263
0.2370643
0.2169363
0.2220203
0.2211108
0.2171768
0.2362138
0.2457078
0.2187088
0.2325325
0.239438
0.2156341
0.2349246
0.2218668
0.3733063
0.3647863
0.3668612
0.3640824
0.3688918
0.365287
0.3653422
0.3662281
0.3664439
0.3670318
0.3653185
0.3662598
0.3666133
0.3645255
0.3651211
0.3655703
0.3641281
0.3660336
0.3652047
0.367722
0.3727581
0.3646442
0.3642868
0.3640036
0.3655062
0.3638336
0.3662365
0.3660536
0.3642769
0.3692481
0.3668377
0.3656374
0.3663874
0.3651604
0.3637154
0.3655946
0.3657922
0.3642039
0.3674869
0.3659809
0.3738797
0.3721895
0.3651972
0.3728425
0.3683972
0.3721871
0.3659769
0.3642929
0.3639111
0.3650165
0.3653747
0.364605
0.3651096
0.364653
0.3641487
0.3639471
0.3639938
0.366956
0.3674228
0.365124
0.3661658
0.3650566
0.3647041
0.3655194
0.3649738
0.3655837
0.3653843
0.3652199
0.3673075
0.3654568
0.366252
0.3646389
0.3666187
0.3709747
0.366128
0.3678748
0.3659611
0.3642177
0.3657227
0.3675554
0.2283383
0.2322901
0.2348302
0.2180855
0.
0.2240868
0.2201536
0.2391618
0.2193334
0.2262713
0.223113
0.2172212
0.2358784
0.2470561
0.2206884
0.2352381
0.2407735
0.2172304
0.2363593
0.2215261
0.3661364
0.3585249
0.3639563
0.3606883
0.3676762
0.3602543
0.3620417
0.3620251
0.3613319
0.3635063
0.3603302
0.3620473
0.3616304
0.3626185
0.3622218
0.3622231
0.3603094
0.362403
0.3619638
0.3630041
0.3670054
0.3613951
0.3597865
0.3596767
0.3609299
0.359585
0.3597871
0.363167
0.359476
0.3644504
0.362967
0.3620976
0.3629377
0.3618411
0.3606896
0.3621631
0.3612685
0.3606108
0.3632266
0.3620705
0.3677309
0.3629088
0.3618116
0.3635849
0.3606773
0.3675819
0.3623132
0.3580083
0.3610229
0.3600322
0.3629889
0.3631707
0.3616629
0.3627077
0.3605076
0.3606401
0.36081
0.3626004
0.366314
0.3624412
0.3623022
0.3612858
0.3606464
0.3617448
0.3618847
0.3613435
0.3613962
0.3615771
0.3629083
0.3621199
0.3624047
0.35885
0.3621052
0.3629421
0.3620357
0.3617756
0.3612041
0.3594875
0.3638015
0.3636647
0.2326581
0.2351737
0.2312271
0.2233063
0.2240868
0.
0.2247741
0.2377427
0.2230676
0.2269924
0.2253351
0.2231679
0.2376835
0.2463358
0.2232989
0.2359463
0.2381698
0.2233718
0.2387771
0.2259894
0.3712893
0.3628115
0.3645433
0.361458
0.3684035
0.3618598
0.3633855
0.3625422
0.363222
0.3638369
0.3623003
0.3624382
0.3641016
0.3612164
0.3625496
0.3624133
0.3614253
0.3636891
0.3622575
0.3632621
0.3713175
0.3608585
0.3624656
0.3614289
0.3636403
0.3608937
0.3638966
0.363843
0.3608374
0.366709
0.3643143
0.3635802
0.3646516
0.3629265
0.3618686
0.3626003
0.3629753
0.3625697
0.3639244
0.3633583
0.3728482
0.3727299
0.3629699
0.3716749
0.3660795
0.3703811
0.3625269
0.3610138
0.3618437
0.3612798
0.3639364
0.3638083
0.3629349
0.3624417
0.3606589
0.3612705
0.3615896
0.364637
0.3649324
0.3624324
0.3648999
0.3625771
0.3629018
0.3633826
0.362106
0.3628414
0.3628506
0.3629295
0.364188
0.3638779
0.3630674
0.362846
0.3616376
0.3699326
0.3632881
0.3667823
0.3621895
0.3618054
0.3623802
0.3649637
0.2287801
0.2329231
0.236345
0.2191263
0.2201536
0.2247741
0.
0.2401937
0.2193783
0.2269838
0.2228711
0.219981
0.2320299
0.2483333
0.2210893
0.2352556
0.2420776
0.2196527
0.2377445
0.2239172
0.3696657
0.3696574
0.3730459
0.3726
0.3741369
0.3706492
0.3704445
0.3708686
0.3734485
0.373458
0.3724319
0.3732165
0.3717259
0.3736035
0.3735214
0.3720694
0.371867
0.3743266
0.3738579
0.3728355
0.374073
0.3715131
0.3693151
0.3697673
0.3708505
0.3710989
0.3701396
0.3737985
0.3724396
0.3726213
0.3724
0.3695008
0.3748822
0.3734066
0.3731894
0.3736011
0.3728607
0.3721586
0.3740149
0.373424
0.376759
0.3762179
0.3720899
0.3729935
0.3733725
0.373203
0.3708332
0.3708457
0.3709501
0.3721864
0.3733729
0.3746491
0.3730724
0.374046
0.3704954
0.3715992
0.372931
0.3749262
0.3744696
0.3726545
0.3737607
0.3739479
0.372969
0.3721274
0.371792
0.3722573
0.3721127
0.3713233
0.3698158
0.3739369
0.3732396
0.3706404
0.3713705
0.3713149
0.3708424
0.3693318
0.3734795
0.3718081
0.3728105
0.3737587
0.2440763
0.2474445
0.2425724
0.2370643
0.2391618
0.2377427
0.2401937
0.
0.2392366
0.2442123
0.2320268
0.2385539
0.2443892
0.2433358
0.2381903
0.2445826
0.2411083
0.2377196
0.2458933
0.2410405
0.371588
0.3615811
0.3661531
0.3621673
0.368199
0.3623382
0.3636033
0.3629327
0.3625049
0.364647
0.3610902
0.3630958
0.3634966
0.3629476
0.3626923
0.3631801
0.3610794
0.3637798
0.3627523
0.3642351
0.3718853
0.3627227
0.3638345
0.3614863
0.3646081
0.3623468
0.3645206
0.3622747
0.3603279
0.3677745
0.3639752
0.364684
0.3648268
0.3627151
0.3622819
0.3631187
0.3641855
0.3615117
0.3646966
0.3628715
0.3727111
0.3718559
0.3624464
0.3729771
0.3667991
0.3730311
0.3643215
0.3632257
0.3609348
0.3617628
0.3635693
0.3638188
0.3629339
0.3631114
0.3621699
0.3620642
0.3620508
0.364659
0.3662544
0.3630826
0.3642835
0.3626394
0.3623593
0.3630236
0.3626648
0.3630164
0.3637016
0.3628084
0.3658787
0.3632466
0.3640772
0.3617509
0.3626864
0.3700608
0.3642422
0.3673833
0.3625064
0.3624283
0.3640569
0.365115
0.2271562
0.2319006
0.2356198
0.2169363
0.2193334
0.2230676
0.2193783
0.2392366
0.
0.2267787
0.2206516
0.2187095
0.2368385
0.2494567
0.2184942
0.2332188
0.2420368
0.2167011
0.2357107
0.219844
0.3716963
0.364584
0.3653913
0.36379
0.3699697
0.3645375
0.3650075
0.3651491
0.3648556
0.3653939
0.3640293
0.3642188
0.3652543
0.3654204
0.3639802
0.3641306
0.3632115
0.3647003
0.3654601
0.3655067
0.3709505
0.3643701
0.3646135
0.3621573
0.3651009
0.362317
0.3663944
0.3667562
0.3625933
0.3683306
0.3646081
0.3649726
0.3668972
0.3644644
0.3636652
0.3632743
0.36493
0.3633191
0.3663026
0.3645825
0.3740518
0.37252
0.3634135
0.3712777
0.3664693
0.3710585
0.364262
0.3621321
0.3635236
0.3630531
0.3637784
0.3656505
0.3650395
0.3650999
0.3623809
0.3623864
0.3632463
0.3656895
0.3669202
0.3657878
0.3668639
0.3645867
0.3653092
0.3636637
0.3626248
0.3644615
0.3651448
0.3626085
0.3651925
0.3647794
0.3643851
0.3629231
0.364968
0.3691429
0.3649858
0.3677352
0.3648369
0.3630773
0.3643165
0.3651609
0.2318892
0.2371751
0.2415545
0.2220203
0.2262713
0.2269924
0.2269838
0.2442123
0.2267787
0.
0.2294799
0.226798
0.2407545
0.2543006
0.2257739
0.2390372
0.246127
0.2249275
0.2409136
0.2291179
0.3707497
0.3679457
0.3709275
0.366636
0.373859
0.3679908
0.3684762
0.3674641
0.3682009
0.369393
0.3676305
0.3691241
0.3688731
0.3687471
0.3690433
0.3676381
0.3683687
0.36984
0.3690572
0.3699184
0.3757706
0.3678834
0.3672218
0.3653425
0.3691552
0.3669051
0.3678723
0.3692729
0.3664882
0.3705271
0.3689418
0.3685678
0.3688586
0.3678128
0.367339
0.3688431
0.3694074
0.3680889
0.3710283
0.3696445
0.3766368
0.3758801
0.3682092
0.3731312
0.3709766
0.3758731
0.3680782
0.367171
0.3687703
0.3665328
0.3696684
0.3692433
0.3685685
0.3679158
0.3666454
0.3675528
0.366866
0.3702807
0.3711641
0.3698007
0.3709403
0.3679064
0.3681423
0.36889
0.3675768
0.3688764
0.3679006
0.3690742
0.3665151
0.3700436
0.3682979
0.3669278
0.3675862
0.3734353
0.3688613
0.3719773
0.3679084
0.3680138
0.368984
0.3709965
0.2305766
0.2368082
0.2352067
0.2211108
0.223113
0.2253351
0.2228711
0.2320268
0.2206516
0.2294799
0.
0.221596
0.2353333
0.2456022
0.2232058
0.2357068
0.242446
0.2204892
0.2357006
0.226055
0.3734497
0.3650702
0.3647078
0.3633867
0.369715
0.3635764
0.3653535
0.3639732
0.3645654
0.366093
0.3634917
0.3659096
0.3651051
0.3650617
0.3645285
0.3644286
0.3637209
0.3644403
0.364309
0.3650539
0.3735954
0.3645267
0.3653962
0.3633244
0.3666018
0.3637726
0.3646394
0.36633
0.3618804
0.3683751
0.3658037
0.3657452
0.3665516
0.3634412
0.3643057
0.3647021
0.3647217
0.3633621
0.3662502
0.3659123
0.3743429
0.3729601
0.3641325
0.374849
0.3675571
0.3740779
0.3655735
0.3607413
0.3621655
0.3640975
0.3662938
0.3649311
0.3654425
0.3643326
0.3635739
0.3631583
0.3631356
0.3657852
0.3670012
0.364757
0.3660315
0.3637845
0.3634963
0.3653151
0.3650173
0.3653949
0.364303
0.3642795
0.3670006
0.3653959
0.3652784
0.3633568
0.3650247
0.3724512
0.3646659
0.3684328
0.3634742
0.3634243
0.3658058
0.3669342
0.2271571
0.2313586
0.2373084
0.2171768
0.2172212
0.2231679
0.219981
0.2385539
0.2187095
0.226798
0.221596
0.
0.2372862
0.2493806
0.2194187
0.2339429
0.242603
0.2190503
0.2361973
0.2212581
0.3685784
0.367858
0.369945
0.368779
0.369797
0.3680048
0.3649397
0.3671795
0.3694834
0.3695486
0.3681866
0.3705862
0.3689197
0.3676147
0.3698142
0.3688617
0.368653
0.3707404
0.3695812
0.3701762
0.3725825
0.3688803
0.3668069
0.3667516
0.3678872
0.3637761
0.3655901
0.3696761
0.3665905
0.3679083
0.3694263
0.370451
0.3717448
0.3698133
0.3688392
0.3695889
0.3695946
0.3688751
0.3711491
0.3694354
0.3713685
0.3711493
0.3690001
0.3688665
0.3694939
0.368677
0.3690236
0.3694464
0.3692135
0.3686365
0.3700253
0.3700198
0.3689598
0.3693774
0.367897
0.3675347
0.3679978
0.3713051
0.3711806
0.3699662
0.3712224
0.3692689
0.3700383
0.3681674
0.3690017
0.3692532
0.3652585
0.3690467
0.3687626
0.3695516
0.3689443
0.3681433
0.367196
0.3684421
0.3668604
0.3693516
0.3677034
0.3682091
0.3683066
0.3710865
0.2413087
0.2467374
0.2428696
0.2362138
0.2358784
0.2376835
0.2320299
0.2443892
0.2368385
0.2407545
0.2353333
0.2372862
0.
0.241836
0.23798
0.2474949
0.2452801
0.2351375
0.2439431
0.2389336
0.3714991
0.3767842
0.3850045
0.3844476
0.3819613
0.3836963
0.3725132
0.3837987
0.3853088
0.3847231
0.3846754
0.3859961
0.3807939
0.3856927
0.3862843
0.3835978
0.3835181
0.3869247
0.3857076
0.3865302
0.3731754
0.3838025
0.3810863
0.3766384
0.3739754
0.3801764
0.3781963
0.3856799
0.384273
0.3783134
0.384644
0.3837747
0.3872702
0.3856163
0.3855088
0.3851336
0.3849761
0.3843364
0.3863043
0.3856808
0.3790847
0.3804386
0.384298
0.374994
0.3745016
0.3770621
0.381878
0.3829304
0.3821565
0.3838609
0.3835085
0.3867352
0.383231
0.3859055
0.3835508
0.3836428
0.3843595
0.3874779
0.3870254
0.386456
0.3855863
0.3862683
0.3864801
0.3848791
0.3846918
0.3841085
0.3816201
0.383683
0.3820308
0.3855163
0.3839115
0.3837161
0.382596
0.373826
0.3811911
0.3770154
0.3842238
0.3843002
0.3837199
0.385992
0.2498173
0.2575797
0.2376258
0.2457078
0.2470561
0.2463358
0.2483333
0.2433358
0.2494567
0.2543006
0.2456022
0.2493806
0.241836
0.
0.2472126
0.2554262
0.2423499
0.2491613
0.2395143
0.2518228
0.3754693
0.3666937
0.3680778
0.3667871
0.3716289
0.3648257
0.3676954
0.3671178
0.3669198
0.3675538
0.3656462
0.3669604
0.3670231
0.3653713
0.3668202
0.3658178
0.36543
0.3673166
0.3670264
0.3681434
0.3736586
0.3666091
0.3669315
0.3656151
0.3676697
0.3661136
0.3677268
0.3680331
0.3638856
0.3699575
0.3669515
0.3667963
0.3679695
0.3662024
0.366253
0.3671785
0.3680604
0.3663585
0.3683872
0.3675378
0.375237
0.374433
0.3661681
0.3740444
0.3687374
0.3739452
0.3681077
0.3658472
0.3652933
0.365753
0.3672405
0.3675572
0.3671842
0.3663116
0.3647718
0.3655843
0.365899
0.3679714
0.3693512
0.3670322
0.3673086
0.3664118
0.3658408
0.3666453
0.365655
0.3664246
0.3660908
0.3671228
0.3691401
0.3676788
0.3681113
0.3653837
0.3663548
0.3732256
0.3674745
0.3711016
0.3666739
0.3654947
0.3668737
0.3682324
0.2292809
0.233648
0.2360903
0.2187088
0.2206884
0.2232989
0.2210893
0.2381903
0.2184942
0.2257739
0.2232058
0.2194187
0.23798
0.2472126
0.
0.2348725
0.2399715
0.2185072
0.2359572
0.2223022
0.3721567
0.3670445
0.3677367
0.3668685
0.3726321
0.3671648
0.368156
0.3651124
0.3671653
0.367732
0.3662049
0.3672604
0.3668799
0.3693153
0.367313
0.365939
0.3660731
0.3679996
0.3665592
0.368273
0.3734618
0.3657903
0.367672
0.3637472
0.3678143
0.3663969
0.3670167
0.3676036
0.3648088
0.3707374
0.3668097
0.3676607
0.3690291
0.3672956
0.3657429
0.3667339
0.3662921
0.3667083
0.367741
0.3675121
0.3743933
0.3734012
0.36626
0.3712753
0.3668098
0.3724173
0.366472
0.3668088
0.3658992
0.3657176
0.3663891
0.3686001
0.3678437
0.3677699
0.3665146
0.3656384
0.3651958
0.368153
0.3696651
0.3671414
0.3693613
0.3675787
0.3678503
0.3654002
0.3672247
0.366441
0.3667847
0.3664355
0.3675392
0.36795
0.3673043
0.3660815
0.3667123
0.3707802
0.3668748
0.3689967
0.3664656
0.3655269
0.3664345
0.3681161
0.2406027
0.243942
0.2443591
0.2325325
0.2352381
0.2359463
0.2352556
0.2445826
0.2332188
0.2390372
0.2357068
0.2339429
0.2474949
0.2554262
0.2348725
0.
0.2496468
0.2328541
0.2451764
0.2363208
0.3745988
0.3747043
0.3766965
0.3775459
0.3802868
0.3771313
0.3745069
0.375328
0.3783124
0.3779867
0.3765192
0.3781488
0.378857
0.3788518
0.3784518
0.3758511
0.3763206
0.3793112
0.3781349
0.3785508
0.3681967
0.3767627
0.37537
0.3730736
0.3722239
0.3741033
0.3734635
0.3772357
0.3756824
0.3778809
0.3763464
0.3781438
0.3799625
0.378544
0.3780109
0.376932
0.3781935
0.3769567
0.379338
0.3776711
0.3729551
0.3739031
0.3767632
0.3710303
0.3721751
0.3733569
0.3762647
0.376612
0.3762725
0.3766804
0.3767767
0.3793337
0.3772561
0.37892
0.3761204
0.3754667
0.3764043
0.3801901
0.3784839
0.3784052
0.3777125
0.3782238
0.3768022
0.3769329
0.3766707
0.3780498
0.3731264
0.3759791
0.3774905
0.3777646
0.3778566
0.3760312
0.3774589
0.3678779
0.3759169
0.3718525
0.3763965
0.3765824
0.3758947
0.3788917
0.2438648
0.2512755
0.2404834
0.239438
0.2407735
0.2381698
0.2420776
0.2411083
0.2420368
0.246127
0.242446
0.242603
0.2452801
0.2423499
0.2399715
0.2496468
0.
0.2416481
0.2431067
0.2441487
0.374858
0.3656287
0.3673208
0.3651019
0.3700451
0.3643439
0.365592
0.3662786
0.3653994
0.3661
0.365584
0.3654329
0.3664965
0.3645968
0.3638448
0.3659401
0.3635363
0.3654943
0.3648991
0.3666916
0.3738335
0.3651031
0.3644053
0.3640089
0.3677513
0.3638143
0.3674182
0.3656286
0.3627013
0.3700229
0.36585
0.3658238
0.3663013
0.3638311
0.3642277
0.3651146
0.36536
0.3644758
0.366819
0.3658069
0.3756043
0.3739859
0.3649719
0.3752688
0.3688825
0.3745374
0.3663782
0.3642423
0.3644569
0.3646946
0.3661564
0.3645632
0.3661082
0.3640998
0.364098
0.3642489
0.3637812
0.3661163
0.368367
0.3658579
0.36616
0.3650483
0.3633186
0.3645276
0.364136
0.3651995
0.3657067
0.365268
0.3663244
0.3655619
0.3663026
0.3639371
0.3653591
0.3726305
0.3670759
0.369819
0.3644147
0.3643364
0.366292
0.3668469
0.2278297
0.2321467
0.2359926
0.2156341
0.2172304
0.2233718
0.2196527
0.2377196
0.2167011
0.2249275
0.2204892
0.2190503
0.2351375
0.2491613
0.2185072
0.2328541
0.2416481
0.
0.2345947
0.2226618
0.372874
0.3706838
0.3722885
0.3710887
0.3742857
0.3706978
0.3659784
0.369631
0.3722127
0.3707742
0.3703914
0.3719491
0.3726336
0.3731019
0.3718812
0.3699285
0.37012
0.372742
0.3714036
0.3711253
0.3695392
0.371032
0.3673832
0.3691422
0.3629919
0.3700296
0.369983
0.3737409
0.3687156
0.3699486
0.3710754
0.3719645
0.3730848
0.3724991
0.3717504
0.3707756
0.3720694
0.3705165
0.3716664
0.3723078
0.3706064
0.3751832
0.3707107
0.3728968
0.3712278
0.3706595
0.3705752
0.3714656
0.37031
0.3705884
0.3718292
0.3725664
0.3717336
0.3726701
0.3699904
0.3699416
0.3705079
0.3729846
0.3736567
0.3715186
0.3714746
0.3716874
0.3714272
0.3702207
0.3714552
0.3696112
0.3695611
0.3694426
0.372247
0.3701726
0.3714723
0.3696846
0.3718469
0.3681749
0.3693041
0.3681836
0.371471
0.3701333
0.3705192
0.3717461
0.2410912
0.2441492
0.2411833
0.2349246
0.2363593
0.2387771
0.2377445
0.2458933
0.2357107
0.2409136
0.2357006
0.2361973
0.2439431
0.2395143
0.2359572
0.2451764
0.2431067
0.2345947
0.
0.2390747
0.3742194
0.3648784
0.3665149
0.3641697
0.3700151
0.3649128
0.3656638
0.3647676
0.3639658
0.3660567
0.363274
0.3649134
0.3648017
0.3643702
0.3650197
0.3642794
0.3631647
0.3648765
0.364152
0.3647976
0.3724924
0.3643442
0.3650276
0.3636435
0.3654756
0.363826
0.3665355
0.3658684
0.3625921
0.36974
0.3648221
0.3653658
0.3651083
0.3636493
0.3635563
0.3636989
0.3645153
0.3636738
0.3649368
0.3648439
0.3747943
0.3732212
0.3639921
0.3736315
0.3674276
0.3725752
0.3646573
0.3639782
0.3635343
0.3631418
0.3661524
0.3651483
0.3654806
0.3651817
0.3627393
0.3628152
0.3627744
0.3653946
0.366402
0.3645094
0.3650842
0.3629928
0.3635188
0.3647175
0.3638014
0.3643324
0.3645941
0.3647366
0.3668815
0.3653144
0.365365
0.364052
0.3649766
0.3706084
0.3653055
0.3687895
0.3646457
0.3644408
0.3649354
0.3656815
0.2300621
0.2328216
0.2384996
0.2218668
0.2215261
0.2259894
0.2239172
0.2410405
0.219844
0.2291179
0.226055
0.2212581
0.2389336
0.2518228
0.2223022
0.2363208
0.2441487
0.2226618
0.2390747
0.