0.9136391
0.9129763
0.9236823
0.9159034
0.9152686
0.9022359
0.9179564
0.8738384
0.9175551
0.9075132
0.9136416
0.8869232
0.8720223
0.8759876
0.9219302
0.9197221
0.9176727
0.8656242
0.8864392
0.8860118
0.8858672
0.8818892
0.8832369
0.8880407
0.920241
0.92065
0.876307
0.9175974
0.8828723
0.8836642
0.9113112
0.9141673
0.8822278
0.8833249
0.8911919
0.9117479
0.9088138
0.8730014
0.9223455
0.9139392
0.9154746
0.91398
0.9150551
0.9209052
0.9213252
0.8758156
0.8882359
0.8769908
0.913378
0.8809351
0.9032667
0.8779309
0.8752731
0.8881759
0.9207735
0.8831155
0.8755871
0.8587074
0.9166431
0.9134195
0.9195711
0.8671151
0.8893081
0.8892521
0.8925193
0.8925967
0.8929597
0.9134482
0.8876986
0.9241221
0.9143604
0.9173839
0.9133112
0.8721631
0.8957647
0.8681234
0.9142877
0.9165612
0.9144314
0.9159914
0.9127439
0.9132582
0.9123625
0.8652569
0.8899597
0.8553422
0.894718
0.8857432
0.9168891
0.8929597
0.895543
0.9156546
0.8863882
0.894634
0.8891385
0.8716263
0.9052658
0.8953651
0.8874797
0.8836848
0.7078323
0.8199378
0.9104051
0.8463844
0.8309719
0.9166285
0.7856351
0.90923
0.897332
0.9234758
0.8365079
0.9057144
0.903337
0.9112209
0.9133449
0.9063205
0.8889916
0.9030561
0.9127835
0.9170278
0.9174735
0.9144589
0.9142062
0.9102464
0.915539
0.9175705
0.9099269
0.902179
0.9153082
0.9110162
0.8443155
0.8502363
0.9165252
0.9287185
0.911518
0.883226
0.8785391
0.9087443
0.9103572
0.7376906
0.684406
0.6922582
0.6913141
0.8976727
0.8971611
0.90552
0.8945053
0.903511
0.7750321
0.9071155
0.9168158
0.9143354
0.9099868
0.9090326
0.913134
0.9066509
0.9101711
0.913028
0.902928
0.8402203
0.8459311
0.9091136
0.8991444
0.89902
0.8974926
0.8980614
0.8980628
0.8448092
0.9060964
0.8429129
0.8320842
0.8465388
0.7767427
0.9090164
0.9168379
0.9045085
0.9191465
0.7797111
0.7570717
0.775687
0.8472175
0.8299571
0.8266072
0.9035053
0.920315
0.9107721
0.9015628
0.9093407
0.8989128
0.8979041
0.9241348
0.7696377
0.9124716
0.9123753
0.9149954
0.9120341
0.9094174
0.9176021
0.9059287
0.9174394
0.8959344
0.8875429
0.9079336
0.901773
0.8957194
0.915294
0.8910808
0.9119562
0.8952374
0.9186562
0.8954144
0.9039413
0.9126939
0.9125953
0.9006853
0.892985
0.8962645
0.9074463
0.9154202
0.9222464
0.923562
0.9180293
0.9176991
0.9160514
0.8979187
0.9029645
0.910239
0.8986947
0.9193509
0.9157309
0.8960441
0.901489
0.9183133
0.9241745
0.9040696
0.8896762
0.8899229
0.9118226
0.9088998
0.8853878
0.895041
0.9016114
0.9014887
0.8982739
0.8981711
0.9077693
0.9109883
0.9115098
0.8935315
0.9154154
0.9151438
0.9173112
0.912211
0.9150313
0.8951705
0.9085959
0.9120848
0.9140283
0.8928912
0.8921597
0.893842
0.9088325
0.8965568
0.8964683
0.9005646
0.9042941
0.9043701
0.8974829
0.8988969
0.8870956
0.894009
0.8894698
0.9002984
0.9115507
0.9075682
0.9093271
0.8990254
0.9027778
0.8972971
0.8991673
0.8981284
0.8801833
0.880989
0.9103644
0.9199774
0.9110132
0.9056175
0.9101592
0.8946122
0.904291
0.9229986
0.9018603
0.9140054
0.91858
0.9068174
0.9137999
0.9011349
0.9088227
0.9100687
0.9215808
0.9020652
0.8973692
0.8630754
0.9040514
0.9011746
0.91072
0.8978417
0.9134687
0.8643798
0.9147634
0.904883
0.8998551
0.9110504
0.9116584
0.8577774
0.8508792
0.8636121
0.9055087
0.9125337
0.920989
0.9226457
0.9175247
0.917769
0.9147372
0.8560204
0.8674062
0.9100822
0.8507035
0.9150016
0.9139575
0.9011081
0.9084041
0.9219851
0.9253005
0.9034015
0.8914998
0.895381
0.9137642
0.9087815
0.890042
0.9032679
0.9056651
0.9049117
0.8960063
0.8976434
0.9037892
0.90335
0.9075597
0.8958007
0.9079203
0.9103188
0.9120741
0.911469
0.9129688
0.8479727
0.8996368
0.9106798
0.9102721
0.8312633
0.8991322
0.9031317
0.9090288
0.8995474
0.8986175
0.8949409
0.9041397
0.9027121
0.9048693
0.9023391
0.8943685
0.8977369
0.8978969
0.9057559
0.9120553
0.9085907
0.9078306
0.8993962
0.9044853
0.9013893
0.9089693
0.9002058
0.8917772
0.8924832
0.906902
0.9205398
0.9085101
0.9009847
0.9083159
0.8553767
0.9027121
0.9198789
0.9051652
0.9067906
0.9128167
0.9020877
0.913059
0.8957748
0.9031046
0.9087343
0.9188796
0.9148367
0.9097454
0.9188052
0.9110308
0.9109879
0.8895128
0.9181863
0.8394229
0.9157136
0.9007296
0.9120199
0.8691945
0.8185614
0.8407958
0.9192453
0.9127555
0.9188323
0.846301
0.8620878
0.8659058
0.866855
0.8594826
0.8594666
0.8606083
0.9157906
0.9109002
0.8493954
0.9148755
0.858902
0.8662423
0.9112903
0.9145239
0.8591442
0.8239688
0.8850202
0.9104035
0.9116797
0.8379779
0.9238139
0.9122192
0.9102596
0.9125741
0.914185
0.9248958
0.9258077
0.8543311
0.8750732
0.8494536
0.9184196
0.8691435
0.8885286
0.8501654
0.8396191
0.8665567
0.9172182
0.876112
0.8406009
0.8529839
0.9133939
0.9100929
0.9140075
0.8077205
0.8528752
0.8521723
0.8814176
0.8843793
0.8839073
0.9124202
0.878373
0.9097916
0.9119227
0.9141128
0.9162324
0.8310088
0.8815818
0.8470469
0.9087246
0.9195985
0.9122357
0.9157307
0.9144338
0.909346
0.9109306
0.8043149
0.8721094
0.8586131
0.8900467
0.8674319
0.9124727
0.8838267
0.8792992
0.9168456
0.8723211
0.8802759
0.8773526
0.8226549
0.9058099
0.8843653
0.8693709
0.8573024
0.9211651
0.9146172
0.9240555
0.9139536
0.9150386
0.8339863
0.9147662
0.8949589
0.9160435
0.9035519
0.918495
0.9007035
0.8914518
0.8929143
0.9213093
0.9178746
0.9158066
0.894105
0.8971579
0.9017188
0.9046062
0.8978716
0.8977345
0.8996906
0.9177233
0.921391
0.8966602
0.9155163
0.9006417
0.8888023
0.9141285
0.9192579
0.9026814
0.9041
0.7885214
0.9110425
0.9116146
0.8942192
0.9256204
0.9103477
0.9176306
0.9199248
0.9211314
0.9231677
0.9200329
0.9006679
0.8783107
0.8970437
0.9161227
0.9007742
0.8028223
0.8929778
0.8930462
0.9015994
0.9193599
0.8853643
0.8928381
0.8929387
0.9144621
0.916466
0.9212127
0.8835698
0.8937527
0.8937818
0.8097473
0.77821
0.7779698
0.9167808
0.8859022
0.9196585
0.9098781
0.9153363
0.9167453
0.8947238
0.9073814
0.8933967
0.9158602
0.9181309
0.9138602
0.9158305
0.91556
0.9114589
0.9130646
0.8879527
0.8915509
0.8952894
0.8423933
0.8997239
0.9177019
0.7776337
0.9097376
0.9181101
0.8994072
0.8871271
0.8871293
0.8960289
0.9134421
0.8918755
0.8982973
0.8993483
0.9230983
0.9191105
0.9265713
0.9200098
0.9167306
0.8371219
0.9204294
0.8984668
0.920903
0.9080267
0.9220945
0.9059928
0.8943283
0.8957742
0.9259182
0.9250147
0.9220628
0.8979962
0.9032303
0.9028203
0.9047884
0.8992975
0.9000877
0.9057989
0.9249038
0.925719
0.899919
0.9212775
0.9035018
0.894748
0.9199833
0.923457
0.9082859
0.9073128
0.8082045
0.920415
0.9207465
0.8973061
0.9262041
0.9187629
0.922887
0.9249636
0.9255654
0.9259563
0.9260947
0.9051087
0.8864684
0.9002682
0.9220919
0.9073697
0.8174525
0.8968156
0.8962562
0.9068779
0.9247417
0.8924812
0.8958931
0.900195
0.9216376
0.9171344
0.9239149
0.8917243
0.9015752
0.9021596
0.8246374
0.7934525
0.7912395
0.9216145
0.8925434
0.9248567
0.9169292
0.9191414
0.9197546
0.9021613
0.9118079
0.8977204
0.923762
0.9224293
0.9185154
0.9205518
0.9191174
0.9157085
0.9176747
0.8956286
0.8950204
0.8979411
0.8533717
0.9057573
0.9227493
0.7909109
0.9122941
0.9190415
0.9071486
0.8937535
0.8926641
0.9030544
0.9213245
0.8970202
0.9064733
0.9053039
0.901558
0.8952664
0.8648922
0.9031051
0.8991905
0.9086619
0.8974944
0.911181
0.867879
0.9162702
0.9048523
0.9000253
0.9105866
0.9115079
0.8581101
0.8527399
0.861735
0.9045652
0.913385
0.9209899
0.9208699
0.916646
0.9170823
0.913507
0.8560101
0.8706063
0.9094647
0.8539364
0.9159217
0.9144618
0.9
0.9069103
0.9182707
0.9240864
0.9036874
0.8899548
0.8946612
0.9112805
0.909893
0.8929895
0.9026009
0.9059104
0.9064621
0.8961024
0.8948416
0.9046675
0.9039564
0.9074101
0.8979399
0.9084375
0.9103634
0.9118847
0.9113575
0.9119227
0.8519678
0.9017611
0.9112312
0.9081964
0.8294988
0.8958174
0.9007284
0.9085256
0.8992774
0.8989511
0.8958021
0.906909
0.9044616
0.9030837
0.9000363
0.8949925
0.8946492
0.8973822
0.9052891
0.9105793
0.9095382
0.9045568
0.8995282
0.9053625
0.8998275
0.9074751
0.8984674
0.8893772
0.8899252
0.9068307
0.9197039
0.9084386
0.8995616
0.9095382
0.8554961
0.9045011
0.9203742
0.9054509
0.9065628
0.9131298
0.9040102
0.9117815
0.8940702
0.9058412
0.9096431
0.9177189
0.902333
0.8977564
0.8616933
0.9049951
0.9010443
0.9097374
0.8972714
0.914196
0.8648802
0.9153332
0.9052258
0.9009991
0.9104928
0.912233
0.8555639
0.8513411
0.8633368
0.9057758
0.912871
0.9201474
0.9221467
0.9177074
0.9181429
0.9139567
0.8567017
0.8682821
0.9088631
0.8493224
0.9146101
0.912599
0.9022938
0.9088675
0.9219395
0.9249894
0.9033911
0.8930855
0.895573
0.914453
0.909364
0.890234
0.9038141
0.9059712
0.9053766
0.8962849
0.8983336
0.9050829
0.9025818
0.9084123
0.8963119
0.9083423
0.9119338
0.9133481
0.9119657
0.9116741
0.8480435
0.9011029
0.9116447
0.9104193
0.830927
0.8992012
0.9026867
0.9082734
0.9000182
0.8992506
0.8946868
0.9036545
0.902543
0.9062511
0.9021294
0.8935009
0.8981731
0.8978451
0.9061811
0.9104076
0.9081882
0.9076629
0.8980945
0.9051071
0.9014591
0.9093539
0.9011473
0.8916449
0.8916283
0.907523
0.9199986
0.9090094
0.9005361
0.9076774
0.8558348
0.902543
0.9196803
0.9062636
0.9074081
0.9132702
0.9011977
0.9127778
0.894577
0.9044009
0.9092348
0.9189461
0.9114617
0.9062935
0.8868691
0.9123493
0.9065172
0.9185373
0.9104424
0.9123488
0.8804639
0.9136818
0.9140633
0.9086939
0.9207148
0.9120938
0.8819903
0.874427
0.8798041
0.9090844
0.9144155
0.9227282
0.9233988
0.9170897
0.9163404
0.9167637
0.8697936
0.873492
0.9114928
0.8730307
0.9167455
0.9179682
0.909525
0.9138999
0.9189255
0.929276
0.9062343
0.8971623
0.9079263
0.911945
0.9124888
0.9034033
0.9115285
0.9123905
0.9120804
0.9063519
0.9057952
0.9119252
0.9116633
0.9153824
0.9111588
0.913355
0.9147128
0.9176358
0.9107799
0.9110318
0.8735774
0.9064208
0.9124381
0.9140234
0.8708633
0.906076
0.9067424
0.911231
0.9045052
0.9040302
0.9021786
0.9074393
0.9084111
0.9140302
0.9029813
0.9029405
0.906568
0.9056967
0.916408
0.9144615
0.91173
0.9090713
0.8998579
0.9135811
0.9101543
0.9157062
0.9086206
0.8985897
0.8996774
0.9131041
0.9250769
0.9149314
0.9082802
0.9105241
0.8725969
0.9084892
0.924417
0.9153662
0.9128812
0.9190091
0.9075182
0.9216164
0.8992177
0.9111826
0.9082858
0.9202386
0.9109388
0.9060517
0.8846984
0.9126808
0.904584
0.9147988
0.906809
0.9145278
0.8767541
0.9136222
0.9094585
0.9100835
0.9177698
0.9149698
0.879771
0.8731068
0.8786747
0.9073069
0.9154989
0.9228038
0.9233232
0.9162235
0.9157802
0.9153995
0.8672673
0.8751711
0.9116301
0.8730017
0.9187613
0.9168746
0.9089247
0.9122838
0.9198673
0.9291152
0.9046203
0.8965656
0.9059733
0.9134342
0.9123915
0.9030835
0.9121339
0.9127984
0.9122174
0.9000372
0.9033154
0.9125267
0.9112553
0.9135868
0.9101694
0.9139139
0.9163299
0.9213487
0.9137025
0.9129522
0.8722873
0.9057451
0.9149645
0.9115566
0.8694099
0.9102894
0.9062656
0.9136931
0.9018429
0.9016423
0.900868
0.9055894
0.9060554
0.9082556
0.9064857
0.9017419
0.9061214
0.9044574
0.9145263
0.9164009
0.9117899
0.9070995
0.8968132
0.9150266
0.9114769
0.9140516
0.9084918
0.8989903
0.8989725
0.9092309
0.9215371
0.9134048
0.9089707
0.9103918
0.868728
0.9060162
0.9257622
0.914142
0.9125528
0.9171936
0.9030883
0.9241961
0.8981322
0.9091429
0.9078052
0.918755
0.9085351
0.9046261
0.883766
0.9115994
0.9075035
0.9168693
0.905459
0.9127629
0.8787294
0.9127066
0.9107825
0.906823
0.9168884
0.9135894
0.8815048
0.8749954
0.8785211
0.9071654
0.9130633
0.9216369
0.9230555
0.9171791
0.9168892
0.9146776
0.8653398
0.8748568
0.908312
0.875826
0.9189123
0.9166491
0.9074121
0.9134193
0.9200525
0.9273064
0.9042081
0.8931964
0.9035269
0.9124383
0.9105656
0.9004451
0.9104307
0.9106716
0.9111778
0.9032413
0.9030933
0.9114518
0.9097038
0.9123212
0.9078425
0.9129168
0.9151149
0.9187939
0.9113938
0.9100171
0.8699108
0.9073298
0.9132378
0.9128854
0.8677532
0.9071423
0.9055803
0.9079187
0.9029368
0.9028571
0.9019629
0.9081855
0.9084522
0.9125744
0.9046558
0.9029204
0.9070528
0.9039997
0.9131381
0.9160205
0.9115668
0.905781
0.8986477
0.9124853
0.9088511
0.9132425
0.9092428
0.8962538
0.8969877
0.910685
0.920968
0.9147594
0.9061349
0.9090812
0.8661552
0.9084133
0.925492
0.9119769
0.9125997
0.9167018
0.9045715
0.920248
0.8982815
0.9072843
0.9052756
0.9207615
0.9132923
0.9071832
0.8913146
0.9146441
0.9119217
0.9180991
0.9100721
0.9173807
0.8823595
0.917086
0.9171525
0.9094567
0.9188148
0.9178604
0.8847471
0.8788212
0.8829183
0.910316
0.917299
0.92478
0.928675
0.9222199
0.9218946
0.9205827
0.8744606
0.8803849
0.9138881
0.8836781
0.9225218
0.9210866
0.9119566
0.9165659
0.9230293
0.9274528
0.9087221
0.9053501
0.9086249
0.9167579
0.9140499
0.9041634
0.9138269
0.9167937
0.9161432
0.9088032
0.9105321
0.9158617
0.9166696
0.9174428
0.9119081
0.9166637
0.9202053
0.9205533
0.9167932
0.9151708
0.8761072
0.9123332
0.9178923
0.9130574
0.876148
0.9117176
0.9115376
0.9168671
0.9025332
0.9021755
0.9063307
0.9115463
0.912735
0.9143796
0.9084442
0.9072671
0.912249
0.9096809
0.915203
0.9188999
0.91317
0.9118559
0.898526
0.918876
0.9136965
0.9132981
0.9139686
0.9037511
0.9052893
0.9161551
0.9245414
0.9177986
0.910598
0.9124751
0.8768836
0.9126964
0.9258642
0.9140864
0.9144614
0.9238055
0.9114924
0.9227935
0.8999306
0.9087118
0.91262
0.9217663
0.9146003
0.9093301
0.8892089
0.9119946
0.9140413
0.9174195
0.9107512
0.9191452
0.8824489
0.9157887
0.9190615
0.9092403
0.9184796
0.9201611
0.8835779
0.8773706
0.8816775
0.9131819
0.9177217
0.9236123
0.9281975
0.9219391
0.9214614
0.9202573
0.8703926
0.8733684
0.9161096
0.8807125
0.9236307
0.9186798
0.9118268
0.9161044
0.9259055
0.9289533
0.9117291
0.9053936
0.9118327
0.9192887
0.9157929
0.9035687
0.9143633
0.9173748
0.917532
0.9077702
0.9072946
0.9153229
0.9162083
0.9173334
0.9138337
0.9161666
0.9201065
0.9194244
0.9196665
0.9138182
0.8753396
0.911038
0.9207257
0.9141726
0.8724613
0.9106926
0.9094696
0.9180996
0.9038768
0.9029242
0.9070855
0.9094319
0.9109416
0.9150362
0.9093972
0.906644
0.9129459
0.9102907
0.9163608
0.919942
0.9122701
0.9144448
0.8975023
0.9188481
0.916346
0.9141844
0.9151552
0.9043748
0.9051758
0.9165035
0.9225764
0.9158096
0.9095684
0.9134321
0.8735149
0.9109416
0.9265704
0.9175595
0.9146108
0.9238322
0.9096788
0.9225513
0.90048
0.9085316
0.9108999
0.9246707
0.9062717
0.8976712
0.8678739
0.9070023
0.9013206
0.9043674
0.9015705
0.910451
0.8134059
0.9097682
0.9065373
0.9054828
0.9105591
0.9122013
0.8636725
0.8507594
0.8686624
0.9080271
0.9164196
0.9266881
0.9262295
0.9197127
0.919341
0.9152719
0.8564483
0.8696722
0.9110396
0.8536858
0.9203832
0.9151437
0.9048369
0.9096324
0.9209601
0.9314369
0.8995971
0.8889515
0.8933951
0.9107486
0.9084977
0.8904278
0.9021092
0.9080196
0.9089351
0.8938643
0.8949009
0.911754
0.9073389
0.9165585
0.9006239
0.9126164
0.9072284
0.9170512
0.911655
0.9166246
0.8462495
0.9073554
0.9122363
0.9160507
0.8583123
0.9042063
0.9042576
0.9085517
0.9011767
0.9014178
0.8894635
0.8939802
0.8949615
0.9047777
0.8984973
0.8987859
0.9026005
0.89521
0.9092303
0.9195266
0.9084656
0.9107605
0.8879075
0.9103984
0.9039387
0.9067669
0.9078408
0.8886722
0.8887377
0.9125173
0.9238972
0.914457
0.8991119
0.9145101
0.8588378
0.8949615
0.9238768
0.909154
0.9132758
0.9123922
0.9045835
0.9159667
0.8840316
0.9044349
0.9094449
0.9221301
0.9016363
0.8957105
0.8667726
0.9054575
0.9021046
0.9057384
0.9006654
0.9130702
0.8134086
0.9119919
0.9018653
0.9020168
0.9130703
0.9129695
0.8620454
0.8474087
0.8598785
0.906567
0.9166339
0.9207668
0.9230933
0.9155096
0.9146683
0.913067
0.8501572
0.8691716
0.9109022
0.8560367
0.919561
0.9131387
0.9039724
0.9094531
0.9199564
0.9306635
0.8956909
0.8875479
0.8920871
0.9129758
0.9100362
0.8875863
0.8976308
0.9042405
0.906042
0.8924469
0.8965976
0.9107869
0.9075987
0.9148583
0.8976482
0.9104646
0.9076024
0.9189043
0.9128956
0.9174272
0.8448672
0.9035721
0.9135936
0.9138282
0.8471197
0.9031821
0.8969295
0.9086906
0.8970447
0.8971602
0.8858732
0.8943644
0.8942871
0.9027773
0.9004596
0.8942874
0.8967078
0.8976135
0.9060155
0.9171325
0.9041371
0.9084733
0.8892129
0.9078396
0.9022509
0.9049386
0.9073845
0.885983
0.8846921
0.9112712
0.9231536
0.9125918
0.8944225
0.9109037
0.8522132
0.8942871
0.9230195
0.9069393
0.912275
0.9128421
0.9025871
0.9159094
0.8830751
0.9022077
0.9092266
0.9247087
0.9157345
0.9062754
0.9102869
0.9135851
0.9096005
0.85728
0.9139509
0.8889729
0.9008456
0.8897663
0.9168938
0.8887204
0.88827
0.8884442
0.9076901
0.9040847
0.9037855
0.8861588
0.8985276
0.900645
0.9046833
0.8944648
0.8935768
0.8965063
0.9030653
0.9040875
0.8882854
0.9001732
0.8920559
0.8776786
0.9114495
0.9176857
0.8943007
0.9026165
0.8436867
0.8985933
0.9010596
0.8876502
0.9096553
0.9104446
0.9165371
0.9196215
0.9197776
0.907535
0.9071436
0.8901301
0.8722918
0.8887007
0.9149755
0.8955299
0.8597006
0.8938529
0.8880196
0.900589
0.8969098
0.8775078
0.8885285
0.8940164
0.8964151
0.9105181
0.9111894
0.8857391
0.8854132
0.8846196
0.8301318
0.8446788
0.8436796
0.9143619
0.8647309
0.9101031
0.9123595
0.9072576
0.9182421
0.8888448
0.892667
0.8887118
0.8940784
0.9158273
0.9145745
0.9180137
0.9122319
0.9027404
0.904777
0.883901
0.8896357
0.8904642
0.8552142
0.8980198
0.9087043
0.8436796
0.9048373
0.9165254
0.8938754
0.8851924
0.8730165
0.892852
0.8915702
0.8752604
0.8952644
0.8955662
0.9026026
0.8973051
0.86604
0.9041927
0.8982354
0.9103971
0.8968582
0.9125273
0.86677
0.9175693
0.9026625
0.9033727
0.9101378
0.9121544
0.8574982
0.8521578
0.8602944
0.906087
0.9135256
0.9218953
0.9213972
0.9196239
0.9197908
0.9154619
0.8555606
0.8690066
0.9081947
0.8522567
0.9147262
0.9155653
0.9019259
0.9072042
0.9210847
0.9253405
0.9035414
0.8908532
0.8940077
0.9127447
0.9101111
0.8885774
0.9018539
0.9049756
0.9053702
0.8953983
0.8972878
0.9050763
0.9042082
0.9098181
0.8955735
0.9077095
0.9131299
0.9135038
0.911731
0.9119461
0.8542271
0.9008934
0.9113706
0.9080572
0.8305367
0.8962615
0.9010541
0.9094473
0.9006898
0.9007271
0.8959652
0.9028933
0.9013825
0.901774
0.9037123
0.8947077
0.8962442
0.8953115
0.9050656
0.9095838
0.9084986
0.9074215
0.8986878
0.9048633
0.9008443
0.9070965
0.8996276
0.8893294
0.8902009
0.9077551
0.9212604
0.9097108
0.9021176
0.9081842
0.8579387
0.9013825
0.9190762
0.9047515
0.9059107
0.912305
0.9045803
0.9135935
0.8949709
0.9059354
0.9109178
0.9183879
0.8994918
0.8959132
0.8612791
0.900717
0.8987981
0.9085904
0.896383
0.911382
0.8655351
0.9151976
0.9024224
0.9017425
0.9085936
0.909407
0.8563571
0.850839
0.860355
0.9051671
0.9124677
0.9194047
0.9201179
0.9163835
0.916705
0.9150552
0.8575018
0.8705315
0.9078702
0.8517161
0.912176
0.9131976
0.901684
0.9040226
0.9196677
0.9253426
0.9050756
0.8920967
0.8942205
0.9113258
0.9106872
0.8899025
0.9001745
0.9024699
0.9037383
0.8965245
0.8966306
0.90238
0.9001712
0.9079656
0.8944529
0.9073841
0.9128031
0.9101365
0.9091398
0.9123573
0.8487713
0.9005332
0.9088171
0.9102453
0.8330373
0.896548
0.8991876
0.9086499
0.8985211
0.8983144
0.8950832
0.9016595
0.9007449
0.9024115
0.9014003
0.8915747
0.8955152
0.8965784
0.9036699
0.9091398
0.9089178
0.9058704
0.8999781
0.9027597
0.8992291
0.9074818
0.8996281
0.8894255
0.8900138
0.9047826
0.9217997
0.909306
0.8993296
0.9078976
0.8552483
0.9007449
0.9171811
0.9031568
0.9062164
0.911747
0.9046531
0.9121766
0.8939961
0.9050195
0.9106675
0.9166348
0.8985244
0.8999243
0.8622372
0.9056905
0.9011455
0.9117007
0.8981321
0.9151044
0.8673539
0.9153127
0.9050894
0.9055359
0.9096893
0.9157812
0.8555103
0.8516794
0.8627615
0.9065485
0.9156541
0.9238275
0.9258522
0.9195593
0.9207167
0.9169767
0.8602964
0.8697083
0.911415
0.8546611
0.9181745
0.9150051
0.9027531
0.9093601
0.9231143
0.9293089
0.9008748
0.8913068
0.895026
0.9152458
0.9111175
0.8922552
0.9037953
0.9057544
0.9050805
0.895188
0.8961663
0.9067977
0.9049122
0.9101136
0.8970572
0.9092248
0.9095145
0.9169665
0.9148177
0.9148807
0.8557945
0.9014432
0.9156596
0.9098895
0.8347091
0.8959767
0.9008476
0.9109564
0.8985131
0.8981854
0.89701
0.9038732
0.902683
0.9006023
0.9015929
0.8964123
0.8974634
0.8980702
0.904736
0.9160991
0.9102463
0.9052323
0.9002925
0.9054829
0.902205
0.9064086
0.9026332
0.8909447
0.8918527
0.9080551
0.9252061
0.9101627
0.8998804
0.911848
0.8579755
0.902683
0.9209888
0.9052944
0.9098132
0.9144052
0.9038922
0.9162037
0.893986
0.9071827
0.9112515
0.919637
0.904917
0.8981127
0.8650645
0.9063112
0.9010454
0.913479
0.8962675
0.9132409
0.8654851
0.916314
0.9051529
0.9028687
0.9096802
0.912363
0.8602911
0.854674
0.8619057
0.9062976
0.913809
0.9242509
0.9245098
0.9186837
0.9202261
0.9145509
0.8565649
0.87142
0.9107462
0.8554492
0.9178718
0.9160024
0.9030536
0.909035
0.9212128
0.9251677
0.904621
0.892012
0.8941398
0.9128365
0.9090975
0.8924672
0.9049311
0.9074001
0.906886
0.8971931
0.8985382
0.9065879
0.9062874
0.9095183
0.896147
0.910704
0.9109404
0.9147993
0.912835
0.9144513
0.8542263
0.9050411
0.9130201
0.9100378
0.8313902
0.8978782
0.9021751
0.9100093
0.9005404
0.8999342
0.8967421
0.9043318
0.9036558
0.9049838
0.9026099
0.8972379
0.8982118
0.8999486
0.907256
0.9131493
0.9095324
0.9063269
0.9012364
0.9039254
0.9016219
0.909443
0.9011485
0.8910722
0.8947083
0.9067414
0.9224159
0.9087447
0.9035583
0.9119589
0.856475
0.9036954
0.9223222
0.9076545
0.9094526
0.9151719
0.9044331
0.9162418
0.8966577
0.9070128
0.9110096
0.9208758
0.9096875
0.9019587
0.9104387
0.9086935
0.9056124
0.8742136
0.9085997
0.8838072
0.9060771
0.8857546
0.9069413
0.884677
0.8861244
0.8831434
0.9062288
0.9005032
0.9056206
0.8793927
0.8942933
0.8998121
0.9039155
0.8961188
0.8959399
0.8924658
0.8995927
0.899899
0.8864344
0.9013513
0.8981301
0.881727
0.9061447
0.9078655
0.8964351
0.9026514
0.8685385
0.9005712
0.8998872
0.8832739
0.9172217
0.9089964
0.9142908
0.9140989
0.9144096
0.9066303
0.9080878
0.885052
0.8433749
0.8847859
0.9086465
0.8905673
0.8802014
0.8889533
0.8843805
0.8970122
0.8997968
0.8132816
0.883434
0.8835764
0.8987712
0.9001331
0.9033432
0.8797746
0.8746346
0.8753933
0.8537576
0.8651673
0.8660747
0.9072729
0.8079566
0.9058063
0.9026994
0.9034738
0.9117983
0.8923811
0.8918488
0.8804798
0.8948346
0.9146998
0.9113104
0.9131817
0.9067426
0.8981094
0.9026013
0.8785108
0.8904011
0.8847888
0.8714528
0.8928507
0.9041248
0.8660328
0.906547
0.9111412
0.8942235
0.8892244
0.8203231
0.8905555
0.8899948
0.8710451
0.8894859
0.8987745
0.9138256
0.9128714
0.9088629
0.9169716
0.9138867
0.9165023
0.9127079
0.9119685
0.8999259
0.9109717
0.9153441
0.9069497
0.9190552
0.9119061
0.9028843
0.892948
0.9029779
0.9072986
0.9170466
0.9254258
0.9265955
0.9207152
0.9199601
0.9179982
0.890723
0.8939355
0.9122384
0.8966271
0.9196954
0.9142244
0.9152634
0.9183725
0.919216
0.9257098
0.9064793
0.8927998
0.9003891
0.9119517
0.9125032
0.907901
0.9147641
0.919611
0.918992
0.9012803
0.9030351
0.9057578
0.9103569
0.9133242
0.9109572
0.9173717
0.9127757
0.9209404
0.9107705
0.9195518
0.8888018
0.9037126
0.9115479
0.9082469
0.8909239
0.9116314
0.9119195
0.9105175
0.9023126
0.901786
0.8933156
0.9051156
0.905072
0.9160791
0.9014549
0.9068545
0.9108491
0.9075083
0.9167119
0.9179367
0.9015531
0.908561
0.8811331
0.9223325
0.9167001
0.9198424
0.9126329
0.9032387
0.9048067
0.9114701
0.9233171
0.9140797
0.9068863
0.9156987
0.8979113
0.9051119
0.9269472
0.9186311
0.9136447
0.9194973
0.8999448
0.9141416
0.8806106
0.9033529
0.9144768
0.9209221
0.9227109
0.9189058
0.9249246
0.9197665
0.9179573
0.7866636
0.9222438
0.898543
0.9138248
0.8989842
0.9228597
0.8991781
0.8920319
0.8948284
0.9232263
0.9161806
0.9201428
0.8953571
0.9023137
0.904694
0.903381
0.8990645
0.8978809
0.9026949
0.9174629
0.920497
0.8981315
0.9179619
0.9019765
0.8921641
0.9169057
0.922656
0.9069423
0.9032485
0.8394449
0.9150893
0.9175312
0.8970296
0.9247342
0.9203329
0.921447
0.9225235
0.9223787
0.9252937
0.9239751
0.9016324
0.8863333
0.8995298
0.9227511
0.9043724
0.8505991
0.8973986
0.8947238
0.9056923
0.9207702
0.8851852
0.8957321
0.8937955
0.9165206
0.9202798
0.921707
0.8916363
0.8944144
0.8945235
0.7964578
0.8317982
0.8317617
0.9206933
0.8864845
0.9197427
0.9193976
0.9208342
0.9196622
0.8972595
0.9046444
0.894688
0.9095289
0.9254712
0.9208934
0.9201958
0.9220155
0.9156873
0.9156297
0.8944421
0.8950152
0.8994589
0.8216575
0.9030971
0.9226983
0.8317178
0.9096245
0.9176631
0.9017653
0.8950337
0.8853453
0.8993355
0.908048
0.886459
0.9016034
0.9075216
0.9235439
0.9201148
0.9255297
0.9200433
0.9186496
0.7918794
0.9237809
0.899541
0.9145704
0.9007918
0.9235743
0.9002547
0.8944688
0.8973224
0.9232742
0.9165736
0.9197738
0.8965271
0.9049378
0.9065787
0.9055003
0.9011752
0.8996488
0.9053283
0.9183537
0.9216001
0.8994782
0.9188117
0.9040615
0.8933663
0.9179795
0.9229671
0.9088007
0.9053097
0.8443347
0.9157951
0.9180796
0.8979931
0.9256049
0.9206848
0.9228468
0.9236562
0.9234375
0.9253034
0.9240624
0.9026249
0.8884893
0.9013791
0.923994
0.9059366
0.8553922
0.8997632
0.8969437
0.9069056
0.9211605
0.8868994
0.8980646
0.8949282
0.9164974
0.921155
0.9227237
0.8930479
0.8974038
0.8975156
0.8014489
0.835979
0.8360705
0.921498
0.8876368
0.9204382
0.9197923
0.9217559
0.9205033
0.8976766
0.9070544
0.8957799
0.909239
0.9265564
0.9220423
0.9211886
0.9223992
0.9166032
0.916658
0.8972617
0.8969471
0.9001837
0.8258735
0.9040482
0.9227838
0.8360269
0.9120601
0.9188859
0.903642
0.8974692
0.8875054
0.9005258
0.9080291
0.8888809
0.9029078
0.9088112
0.9201752
0.9177252
0.9243741
0.9177421
0.9180887
0.8442062
0.9175054
0.8950407
0.9199916
0.9018161
0.9200855
0.8982511
0.8890001
0.8907913
0.9259144
0.9223648
0.9205391
0.8908622
0.8989358
0.9041229
0.9033066
0.8977956
0.8976586
0.8979872
0.920257
0.924223
0.8933404
0.9250009
0.9006029
0.8916352
0.9151825
0.9189803
0.9024525
0.9049422
0.8101203
0.9201856
0.9166725
0.8943017
0.9262748
0.9183459
0.9171645
0.9214494
0.9206664
0.9236126
0.9249047
0.8972016
0.8837092
0.8972409
0.919879
0.9006183
0.8128047
0.8937689
0.8913979
0.9025663
0.923762
0.8850546
0.8913074
0.8926673
0.9189623
0.916719
0.9198174
0.8894402
0.8909783
0.8916017
0.8285033
0.7996528
0.8001926
0.916845
0.885432
0.9201754
0.9167758
0.9167401
0.9183211
0.8908314
0.9039884
0.8915818
0.9128288
0.9214932
0.9180957
0.9191919
0.9186671
0.9128111
0.9141857
0.8867647
0.8890855
0.8933314
0.8566441
0.9012398
0.9209167
0.7999152
0.9077233
0.9208841
0.9012672
0.8939191
0.8813449
0.8971639
0.9110739
0.8932218
0.9020349
0.901015
0.91606
0.9127945
0.9240156
0.9077812
0.912559
0.9183554
0.9162563
0.9077025
0.9150322
0.9236848
0.9138289
0.9137084
0.9138551
0.9092402
0.9251466
0.9191656
0.9176641
0.9105651
0.9175311
0.919176
0.92013
0.9201045
0.918557
0.9154599
0.9253627
0.9256516
0.905566
0.9211446
0.9169751
0.9193981
0.906239
0.9076983
0.917931
0.923114
0.9189348
0.9123458
0.9125305
0.9080259
0.9220214
0.9132494
0.9152637
0.9119622
0.9126482
0.9220914
0.9238461
0.9167998
0.9103691
0.9108818
0.9153487
0.9080339
0.9204226
0.912836
0.9086748
0.9131389
0.922575
0.9168988
0.9094274
0.9112014
0.9181951
0.9096926
0.9141043
0.9125384
0.9135499
0.912721
0.915898
0.9144618
0.9140739
0.9074244
0.9180328
0.9167077
0.9125425
0.9153193
0.9168759
0.910465
0.9251698
0.9092122
0.9220086
0.9147173
0.9096543
0.9163432
0.9148279
0.9125463
0.9115842
0.9090367
0.917315
0.9111576
0.9177226
0.9136315
0.9205635
0.9138849
0.9227481
0.9170676
0.9103609
0.9189663
0.9177982
0.9131886
0.9200507
0.9215971
0.9118387
0.9202429
0.9027651
0.8962769
0.869973
0.9022391
0.9008684
0.9076142
0.9007994
0.9077123
0.8241026
0.9143543
0.9040113
0.901903
0.9067784
0.9087101
0.8634154
0.8513606
0.8631676
0.9034319
0.9104803
0.921767
0.9212662
0.916132
0.9159924
0.9119954
0.8601637
0.866566
0.9070447
0.8572084
0.913943
0.9137771
0.9013632
0.9111159
0.9168654
0.9267524
0.9031907
0.8897591
0.8918657
0.9076122
0.9121717
0.890932
0.9028148
0.9066609
0.9090382
0.8983626
0.8968874
0.9071527
0.9074519
0.9070995
0.8996933
0.9095935
0.9107385
0.9152396
0.9091499
0.9114476
0.8575143
0.9044465
0.9089433
0.9112092
0.8564735
0.9041783
0.9024426
0.9079852
0.8967155
0.8963012
0.8917762
0.8986533
0.8991762
0.9011271
0.9009572
0.9000479
0.8993657
0.8956441
0.9083019
0.9120179
0.9048864
0.904663
0.8911519
0.9068217
0.9035084
0.9064449
0.9040759
0.8860453
0.8889214
0.9047238
0.9184841
0.9113992
0.902956
0.9091632
0.8600295
0.8992163
0.920463
0.9079879
0.9093202
0.9128619
0.9047132
0.9146271
0.8897207
0.9036889
0.9062205
0.9191102
0.918865
0.915343
0.9157621
0.9181972
0.9170643
0.8203941
0.9149249
0.8901819
0.9082333
0.8961302
0.9182971
0.8897745
0.8880885
0.8869837
0.91499
0.9099156
0.9127558
0.8891616
0.8974142
0.8994906
0.9026741
0.895789
0.8938474
0.8967632
0.9027044
0.9106707
0.8904893
0.9118661
0.8991783
0.8857612
0.9141699
0.918264
0.9023154
0.9002799
0.7798447
0.9109112
0.9128437
0.8891081
0.9183436
0.9131819
0.9167018
0.9212072
0.9204565
0.9147941
0.9145971
0.8958846
0.8761745
0.8945077
0.9193994
0.8985466
0.8092168
0.8932542
0.8866005
0.9018035
0.9065033
0.8753235
0.8873482
0.8876664
0.9053516
0.9117087
0.9148802
0.8847639
0.8864955
0.8878495
0.7899394
0.7393591
0.7365047
0.9176782
0.8734834
0.9124311
0.916999
0.9149223
0.9162679
0.8933105
0.8984676
0.8884479
0.8986841
0.9191022
0.9167524
0.9182481
0.9138625
0.9077031
0.9109323
0.8898848
0.8931942
0.8884023
0.8271113
0.9003487
0.9117844
0.7362467
0.9071224
0.9172613
0.8954453
0.8897075
0.87648
0.895416
0.8979629
0.8798202
0.9000534
0.9020476
0.9141642
0.9117689
0.8778543
0.914635
0.9172686
0.9157819
0.9114462
0.9097265
0.8694251
0.9090484
0.9145501
0.8962882
0.9155989
0.9109974
0.8660751
0.8564274
0.8817407
0.9071494
0.9153277
0.9213923
0.924876
0.9147068
0.9141021
0.9149939
0.853952
0.8705396
0.909647
0.8662822
0.9158342
0.9128137
0.9119861
0.9166246
0.9223521
0.9210255
0.9054622
0.9012806
0.9082444
0.9093533
0.9192047
0.9036753
0.9146293
0.9161927
0.9174431
0.9046512
0.9056477
0.9075943
0.9192665
0.9162336
0.9137409
0.9101907
0.9097317
0.9190485
0.9108854
0.9141162
0.8468545
0.9117785
0.910601
0.9109792
0.8596984
0.9122934
0.9125377
0.9097282
0.9039467
0.9031442
0.900831
0.9064821
0.9062002
0.9148782
0.9060398
0.9042162
0.9096855
0.9074774
0.9216615
0.9183345
0.9007834
0.909872
0.8873213
0.9212097
0.9140295
0.9194566
0.9179859
0.9010417
0.9014604
0.9120943
0.9247908
0.912424
0.9066203
0.9137652
0.8664188
0.9061606
0.9213849
0.9208514
0.9105826
0.9164265
0.9047602
0.9185913
0.8869794
0.9008599
0.9115597
0.9199066
0.9165785
0.9094018
0.929012
0.9127007
0.9092554
0.9046203
0.916965
0.8922072
0.9213121
0.9173988
0.9121828
0.9003929
0.8850883
0.8923619
0.9276802
0.9312107
0.9224853
0.8901163
0.8984922
0.9014615
0.8991561
0.9013601
0.9012219
0.8988628
0.9353936
0.9321951
0.8962291
0.9316278
0.8972266
0.8809987
0.9124561
0.9115337
0.8994827
0.9023862
0.9045487
0.9203213
0.9151853
0.8920512
0.9306435
0.9176192
0.9133917
0.9156958
0.9132805
0.9298151
0.9297189
0.9014943
0.8839338
0.8841214
0.9133293
0.8929522
0.9059838
0.88767
0.8918191
0.901651
0.9351729
0.8962668
0.8922452
0.8943786
0.9238309
0.9087811
0.9158537
0.8914422
0.9017135
0.9014353
0.8994036
0.9001929
0.8996822
0.9087011
0.8976799
0.9224889
0.9112677
0.9179954
0.9121058
0.8892093
0.9159945
0.890404
0.9273002
0.9107667
0.9068479
0.9108128
0.9166608
0.9158329
0.9172896
0.8868992
0.8755702
0.8942084
0.8993063
0.8995208
0.9248254
0.8995643
0.9067266
0.910215
0.900847
0.8918774
0.9005064
0.8961434
0.9240776
0.9109279
0.8973679
0.8981491
0.8993231
0.8913215
0.9125774
0.9000575
0.8983622
0.7529521
0.8962163
0.8831235
0.8963578
0.8897064
0.9005427
0.8875361
0.8780247
0.881651
0.9093326
0.9022632
0.8969313
0.8797061
0.8918399
0.8958768
0.8983925
0.8954677
0.8952503
0.8907978
0.9084745
0.9117313
0.8881056
0.9052458
0.8897503
0.8799668
0.8993183
0.9065334
0.8909315
0.9050823
0.8169609
0.8913781
0.8873188
0.8816596
0.907606
0.8905451
0.8985741
0.9078044
0.9063646
0.9071916
0.9035481
0.8858548
0.8616638
0.8865146
0.8960974
0.8861597
0.8385084
0.8894092
0.8819948
0.892504
0.9068942
0.8705562
0.8825895
0.8900376
0.9000395
0.8937181
0.9016458
0.8794729
0.8798403
0.8800601
0.749112
0.7931332
0.7902795
0.8989582
0.8689388
0.8995229
0.8951957
0.8973671
0.9026223
0.8835525
0.896616
0.8808273
0.9030065
0.8985834
0.8943367
0.901637
0.9001246
0.8919315
0.8910827
0.8780096
0.8848322
0.8848268
0.7162872
0.890411
0.9042163
0.790232
0.9071622
0.900817
0.8944882
0.8830086
0.8731643
0.88664
0.8977645
0.8803565
0.8858375
0.8961628
0.9022373
0.896137
0.9102751
0.8986821
0.8968722
0.9008956
0.9016935
0.8898886
0.8990349
0.9035331
0.8967233
0.8880381
0.8883432
0.8895693
0.9048513
0.8984635
0.8987846
0.8824326
0.9008008
0.9061279
0.9062264
0.9024238
0.9019092
0.9018182
0.904457
0.9083
0.8867931
0.8984576
0.9002066
0.8951576
0.8969152
0.8993364
0.9055822
0.910978
0.8951921
0.8889841
0.891991
0.8890688
0.9101519
0.8940732
0.9009384
0.903147
0.9005737
0.9042561
0.9058765
0.8919156
0.8896016
0.8907161
0.901982
0.8898323
0.9071949
0.8940302
0.8911058
0.8944027
0.8984965
0.8923803
0.8904707
0.8940348
0.8979685
0.8954721
0.8995998
0.8874055
0.8865448
0.8862883
0.8905321
0.8924504
0.8916772
0.8962401
0.8901724
0.8962782
0.8947744
0.8956071
0.8973377
0.8967157
0.9019799
0.8833215
0.9014496
0.9024696
0.9010842
0.89841
0.9008276
0.8899233
0.8906452
0.8829258
0.9021795
0.8908765
0.89375
0.8953183
0.9019615
0.8915993
0.9117265
0.9027749
0.8916474
0.901893
0.8900499
0.8972658
0.8976776
0.8938404
0.893195
0.906641
0.9114423
0.9060181
0.9142211
0.9089473
0.9096375
0.8890697
0.9122265
0.8855242
0.9026159
0.903476
0.9095763
0.8847087
0.881695
0.8852348
0.9114109
0.9050493
0.9064858
0.8806593
0.8916538
0.9007745
0.9032348
0.8943763
0.8942784
0.8929691
0.9028888
0.9076318
0.8866686
0.903275
0.8928546
0.8830055
0.9063345
0.9119583
0.8980683
0.9042512
0.8799499
0.9020118
0.9054361
0.8845276
0.916358
0.9059769
0.9113171
0.9125004
0.9128053
0.9127842
0.9109107
0.8908523
0.8817452
0.8879059
0.9119442
0.8937044
0.8866846
0.8933814
0.8837019
0.8916782
0.9027694
0.8760906
0.8852004
0.8868605
0.9018721
0.9049975
0.9074468
0.8797834
0.8860169
0.8852365
0.8752668
0.8799469
0.8801619
0.9079411
0.8807043
0.9111315
0.9079508
0.9014561
0.9104274
0.8835225
0.8962824
0.8824838
0.9014514
0.9138129
0.9084315
0.9142947
0.9108316
0.9020737
0.9057989
0.8804785
0.8898126
0.8882257
0.8838032
0.8907948
0.9070752
0.8801619
0.9035743
0.9132833
0.8933653
0.8628788
0.8829282
0.8924731
0.8946327
0.8845714
0.8918285
0.8963001
0.9144962
0.9068218
0.9235366
0.9078905
0.9082855
0.9005495
0.9145875
0.8765118
0.9190243
0.9089949
0.9090015
0.8859608
0.8737296
0.875714
0.9229157
0.9199201
0.9154391
0.8682805
0.8860439
0.8913868
0.8900256
0.8884917
0.8882731
0.8889962
0.9195606
0.9243618
0.8829235
0.9164184
0.8902093
0.8873798
0.9086617
0.9089326
0.8899402
0.8899319
0.8975987
0.9130854
0.910278
0.875273
0.92292
0.9079964
0.9127635
0.911152
0.9106517
0.9246797
0.9233122
0.8912513
0.8863801
0.8755729
0.9100106
0.8783396
0.9020935
0.8838595
0.8755729
0.8873752
0.9212384
0.8922031
0.8762133
0.8808597
0.9159281
0.9100138
0.9101116
0.8768704
0.8873316
0.8876776
0.8931146
0.8980109
0.8983662
0.9076083
0.8927839
0.9154464
0.9084403
0.9113223
0.9116335
0.8788517
0.8987541
0.8702649
0.915419
0.9171434
0.9088076
0.9131606
0.9098496
0.9086533
0.9086726
0.871604
0.8863051
0.8827272
0.897083
0.8857463
0.9194034
0.8984055
0.900677
0.9118678
0.8869512
0.8959611
0.8949397
0.8815999
0.912158
0.8926623
0.8901253
0.8882338
0.9094502
0.9046215
0.9234527
0.9057165
0.9059676
0.9065702
0.912187
0.8697457
0.9119684
0.9071639
0.9092193
0.8847621
0.8656274
0.8719163
0.9206673
0.9176026
0.9149549
0.8744104
0.8782455
0.8831897
0.8823593
0.8837864
0.8826378
0.8812215
0.9172143
0.9209764
0.8753787
0.9159055
0.8843189
0.8934482
0.9032825
0.9066519
0.8882868
0.8878461
0.8988639
0.906619
0.9036847
0.869893
0.9226797
0.9058608
0.9093959
0.9067567
0.9067948
0.9149775
0.9192341
0.8773495
0.8843622
0.8770911
0.9063459
0.8846727
0.9049908
0.8799985
0.8726439
0.8893712
0.9158282
0.890045
0.8722577
0.8822777
0.9152988
0.9018027
0.9109524
0.8670458
0.8778494
0.8775307
0.8925281
0.8941622
0.8945644
0.9056624
0.8901466
0.9138777
0.9073565
0.9107348
0.9102381
0.8747207
0.9043078
0.8745169
0.9145897
0.9067588
0.9022684
0.9075633
0.906472
0.9048075
0.9046724
0.8587889
0.8949491
0.8806905
0.8987437
0.8851941
0.9142877
0.894445
0.8928444
0.9110565
0.8878572
0.8968183
0.8915531
0.8801253
0.9130638
0.8952676
0.8858877
0.8905711
0.907689
0.9010523
0.9191976
0.9073118
0.8985533
0.8951483
0.9071512
0.8623357
0.9046827
0.8982402
0.9025388
0.8740406
0.8570202
0.8620038
0.9146652
0.9102427
0.907951
0.8561415
0.8742145
0.8779528
0.8804313
0.8752185
0.8742166
0.8757241
0.9141065
0.9133701
0.8623697
0.9115095
0.8795415
0.8818639
0.8978855
0.9023899
0.8806396
0.8772704
0.8856137
0.9044687
0.9009624
0.8612121
0.9170848
0.9034058
0.9077479
0.90924
0.9076813
0.9120299
0.9139412
0.8723162
0.8757285
0.8662336
0.9057474
0.872126
0.8904939
0.8694852
0.8618645
0.8787059
0.9136907
0.8797334
0.8627342
0.7960148
0.9056435
0.9027703
0.9033753
0.8533912
0.8690985
0.8688067
0.8851369
0.8836295
0.8837226
0.9029652
0.8752116
0.904927
0.9025331
0.9011978
0.9065621
0.8620792
0.88658
0.8562711
0.904286
0.9086929
0.9041205
0.9093122
0.907237
0.8983831
0.8984835
0.8537262
0.8794334
0.7536226
0.8910354
0.8754266
0.9109667
0.883682
0.8919489
0.9094934
0.8773134
0.8875944
0.8801249
0.8685838
0.8964634
0.8871823
0.8760003
0.8836607
0.902915
0.8941093
0.9124
0.9065012
0.8966651
0.8010033
0.9020087
0.8822978
0.8975173
0.8922726
0.9030098
0.8835614
0.8738919
0.8813137
0.9097837
0.9023211
0.9018354
0.8821008
0.8870491
0.8963501
0.8954739
0.893357
0.8927861
0.886619
0.9092078
0.9102078
0.8829837
0.9028594
0.8886407
0.8760855
0.9026041
0.9068065
0.8973393
0.9002799
0.762531
0.8922893
0.894815
0.8820089
0.9135191
0.8959965
0.9032764
0.9050476
0.9035275
0.9090611
0.907597
0.8848192
0.8567816
0.8840736
0.8997613
0.892074
0.8022716
0.8878871
0.8805247
0.8936733
0.9114406
0.8644361
0.8811184
0.8816959
0.8999893
0.8977224
0.9029099
0.8747361
0.8783196
0.8794388
0.7646752
0.637181
0.638851
0.9034784
0.8708011
0.9018854
0.9012319
0.9005437
0.9020139
0.880259
0.8968557
0.8819538
0.9068979
0.9033837
0.8970264
0.9004008
0.9019823
0.8910859
0.8926081
0.8762935
0.8857214
0.8802835
0.8136081
0.8925475
0.9052743
0.6383718
0.9037092
0.8987595
0.8920522
0.8756622
0.8699136
0.8882032
0.8979229
0.8819678
0.892797
0.8946305
0.9111721
0.9065268
0.8790104
0.9112384
0.9089772
0.9173533
0.9100021
0.9147144
0.8731265
0.9149988
0.9143431
0.9038372
0.9118601
0.9149637
0.875786
0.865471
0.8800238
0.9067638
0.9148451
0.9208355
0.9246495
0.9207689
0.920556
0.915851
0.863209
0.8768073
0.913554
0.8739033
0.9175042
0.9147709
0.9097478
0.91577
0.9183603
0.9281153
0.9078333
0.8972748
0.9033594
0.91447
0.9131291
0.9025024
0.9132575
0.9127569
0.9125646
0.9005457
0.9028821
0.9063851
0.9071865
0.9121562
0.9111032
0.9149879
0.9172714
0.9179795
0.9143141
0.9149532
0.8677581
0.9127306
0.9149584
0.910662
0.8610186
0.9058415
0.9074021
0.9121434
0.9005465
0.9005036
0.8980198
0.9061461
0.908248
0.9110417
0.9075116
0.9039458
0.9067655
0.9029962
0.9102124
0.9155099
0.9149163
0.9074585
0.8945026
0.9160584
0.9118294
0.9126096
0.9116698
0.8977488
0.8963096
0.9100132
0.9181942
0.915286
0.9093632
0.9112076
0.8677521
0.9082091
0.9233448
0.9123158
0.9109297
0.9157769
0.9075138
0.918979
0.8948335
0.9087178
0.9116233
0.9162441
0.9068499
0.8984019
0.8766361
0.9105887
0.9056956
0.9147769
0.907328
0.9136193
0.8670399
0.9149832
0.9092781
0.9090454
0.9179804
0.913907
0.8762985
0.8659698
0.8698388
0.9064536
0.9182529
0.9230501
0.9240942
0.9207285
0.9208181
0.9182804
0.8586352
0.8741616
0.9097474
0.867501
0.9216055
0.9169304
0.9036271
0.9094468
0.9195128
0.9305604
0.9084643
0.8966515
0.8989474
0.9137588
0.9075436
0.8979903
0.9081244
0.9118036
0.9114933
0.8971296
0.8973164
0.9083825
0.9088425
0.9117856
0.9021755
0.9135047
0.9176033
0.9184302
0.9128302
0.915554
0.8680524
0.9071303
0.9135162
0.9118825
0.8616411
0.9026928
0.9063939
0.9120436
0.9007761
0.9007733
0.9003584
0.9052469
0.9051254
0.907007
0.9028699
0.9022696
0.9018912
0.900591
0.9062657
0.9155339
0.9112221
0.9073076
0.8931029
0.9095781
0.9044866
0.9094211
0.9053832
0.8921696
0.8925522
0.9124004
0.9214066
0.909506
0.9033382
0.9151705
0.8645915
0.9050862
0.9233481
0.9086635
0.9146877
0.917554
0.9091301
0.9173656
0.8917082
0.9099743
0.9131907
0.9236738
0.911593
0.9056711
0.885783
0.9107264
0.9094022
0.9161209
0.9097269
0.9098107
0.8709377
0.9113808
0.9082218
0.9053286
0.9150582
0.9115654
0.8803453
0.8731258
0.882176
0.9060571
0.9118991
0.9207817
0.9215257
0.9212431
0.921106
0.9113991
0.8665818
0.877297
0.9059309
0.8765281
0.9191494
0.9201845
0.9062657
0.9138263
0.9168885
0.928203
0.909579
0.8995339
0.9008508
0.9099083
0.9143633
0.9057432
0.9106492
0.9139475
0.9138336
0.9032771
0.9039392
0.9070481
0.9119108
0.9089778
0.9063081
0.9131684
0.9145986
0.9175079
0.9114162
0.9150586
0.8690707
0.9059502
0.9113682
0.9086329
0.869691
0.9079126
0.9114251
0.9075178
0.9005531
0.9000724
0.9021974
0.9107365
0.9119662
0.9115824
0.9011804
0.9082552
0.9056131
0.9059764
0.9136611
0.9107606
0.9112407
0.9067918
0.8978495
0.9129694
0.9097039
0.9148511
0.9065903
0.898428
0.9000214
0.9091915
0.9204863
0.9146234
0.907492
0.9134045
0.8684249
0.9119662
0.9233633
0.9120374
0.911773
0.9151573
0.9083348
0.9157954
0.8972753
0.905829
0.9144753
0.9177248
0.8993529
0.8903529
0.8910296
0.8982564
0.8939416
0.9166343
0.8968142
0.9086334
0.876319
0.9220217
0.8986911
0.9054966
0.9111516
0.9112909
0.8845141
0.8788503
0.8744509
0.9050847
0.9145019
0.9197218
0.9195635
0.9177465
0.9179133
0.9153183
0.8826932
0.8856797
0.9096055
0.8777125
0.9170955
0.9155743
0.8917214
0.8981734
0.9182959
0.9249561
0.9097626
0.8925155
0.8930436
0.9085745
0.9096017
0.8948213
0.8971976
0.8986247
0.898022
0.8946994
0.8984724
0.9079654
0.9014636
0.905761
0.8937314
0.9038773
0.9207695
0.9139881
0.9097817
0.9120143
0.8819087
0.9050583
0.9100831
0.9135683
0.8767073
0.8894601
0.8980598
0.9101144
0.8981849
0.8991413
0.905876
0.905611
0.9057639
0.8946003
0.9065085
0.8987513
0.8924946
0.8968132
0.9013738
0.914433
0.9163824
0.904918
0.9134062
0.8984869
0.8925301
0.8986555
0.8942405
0.8895679
0.8875407
0.9073376
0.9193061
0.9126241
0.9055514
0.9086647
0.8727138
0.9056854
0.9213731
0.9012582
0.9090941
0.9130235
0.9079255
0.9128796
0.902821
0.9114665
0.9082602
0.9187174
0.8399879
0.8097933
0.910732
0.8378409
0.8221038
0.9137156
0.848572
0.9055004
0.8950276
0.9214236
0.8378358
0.9068107
0.8981671
0.9081857
0.9125376
0.906947
0.8860363
0.906995
0.908207
0.9120542
0.9109783
0.9131959
0.9131349
0.9062621
0.9155638
0.9142827
0.9038748
0.9006243
0.9128768
0.9148371
0.8333777
0.8429986
0.9108812
0.9250844
0.9070881
0.8780947
0.8744395
0.9050107
0.905494
0.829216
0.8441896
0.8474392
0.848279
0.8929394
0.8940753
0.9079363
0.8877091
0.9008736
0.8391582
0.900711
0.9166812
0.9086368
0.9073024
0.9080525
0.9155336
0.8984535
0.9071763
0.9111781
0.9018117
0.8222103
0.8331129
0.904555
0.8976838
0.8970801
0.901507
0.8982347
0.8984724
0.8365418
0.9027758
0.8435516
0.8234128
0.8457067
0.8445852
0.9050869
0.9179976
0.905853
0.9215582
0.8402006
0.8308764
0.8452997
0.8268851
0.8276684
0.8259749
0.8976579
0.9112592
0.9074278
0.8992772
0.9086683
0.8968311
0.898433
0.9242188
0.8470247
0.9069693
0.9070971
0.9081695
0.906486
0.9120302
0.9140597
0.906558
0.9140284
0.9113594
0.9028016
0.9157839
0.9100596
0.908616
0.8955868
0.9116978
0.8575958
0.9108425
0.89504
0.9062333
0.8706804
0.8600471
0.8549884
0.9147325
0.9101396
0.9109669
0.8542365
0.8792903
0.884686
0.8847803
0.8744927
0.8739806
0.8815464
0.9045182
0.9080497
0.8584028
0.9103123
0.8725162
0.8730304
0.9053082
0.9079378
0.8733283
0.8731267
0.8807303
0.9043033
0.9027434
0.8566251
0.9175471
0.9095024
0.9124375
0.9134495
0.9142643
0.914207
0.9141275
0.8720295
0.8814995
0.8669726
0.9122219
0.8729204
0.8869164
0.8678484
0.8559629
0.8791023
0.9047102
0.8769985
0.8559895
0.8191683
0.9062714
0.9087625
0.9080906
0.8522527
0.8701028
0.8705277
0.8799278
0.8847319
0.8848651
0.9053708
0.8699685
0.9059535
0.912765
0.9118029
0.9123848
0.8653411
0.8792793
0.8563916
0.8978551
0.9196987
0.9114696
0.9125264
0.9113155
0.9019349
0.9025434
0.8509427
0.8804794
0.8348753
0.8904184
0.8761453
0.9097007
0.8849057
0.8918997
0.913281
0.8750688
0.888973
0.8770931
0.8631149
0.8898211
0.8789458
0.8739852
0.8756629
0.9033006
0.8961187
0.9138163
0.905572
0.9003434
0.7611193
0.8982367
0.8863997
0.8960488
0.8920642
0.9085276
0.8870659
0.8809784
0.8881157
0.9151479
0.9054381
0.9027405
0.88453
0.8921276
0.9007117
0.901469
0.8961469
0.8953401
0.890174
0.906955
0.9080967
0.8910291
0.9035633
0.899002
0.8833214
0.9045953
0.9097348
0.9007748
0.9047433
0.815209
0.8941335
0.8921972
0.8857535
0.9140198
0.8979504
0.9043689
0.9065314
0.905985
0.9054367
0.9009755
0.8895617
0.8666099
0.8893729
0.9053433
0.8940129
0.8432372
0.8946368
0.8872899
0.8981402
0.9062377
0.8748718
0.8877591
0.8921318
0.901667
0.9030428
0.9025144
0.8814809
0.8820239
0.8811399
0.7490406
0.7967413
0.7971507
0.9070841
0.8700357
0.9015583
0.8954892
0.8992144
0.9025935
0.8893172
0.8986404
0.8845021
0.9045926
0.9076203
0.9000289
0.9023962
0.9002919
0.8939199
0.8942188
0.8840564
0.8874006
0.8913333
0.7890742
0.8922197
0.9060946
0.7971037
0.9084754
0.9005913
0.9001282
0.8849053
0.8788312
0.8881363
0.9000581
0.8849525
0.8867774
0.9053076
0.9046111
0.9000035
0.9159556
0.9008472
0.9011156
0.9121181
0.9056273
0.9067823
0.9084951
0.9167214
0.9039254
0.9065053
0.9046027
0.9094275
0.9181278
0.9119497
0.9050188
0.9025882
0.9166724
0.9158343
0.9183513
0.9148789
0.9149311
0.9131655
0.9170884
0.9204549
0.9084252
0.9114433
0.9155229
0.9152209
0.8985569
0.9047249
0.9122795
0.9268769
0.9112785
0.8958737
0.8975323
0.9067227
0.9197236
0.8999325
0.9047401
0.9078333
0.9059883
0.9118749
0.9107021
0.9097931
0.9028456
0.9114859
0.9009108
0.9064604
0.9155842
0.9149114
0.9098904
0.9120366
0.9159528
0.9064258
0.9090814
0.908178
0.9097522
0.8980747
0.9018286
0.91151
0.9069119
0.9071477
0.902822
0.9056577
0.9066125
0.9026536
0.909872
0.904816
0.9004552
0.9011491
0.9066174
0.911222
0.9120357
0.903318
0.9097551
0.903955
0.8986119
0.9031824
0.904947
0.8960957
0.8977069
0.9092631
0.9154454
0.9077267
0.9069425
0.9121876
0.9052517
0.9065358
0.9186777
0.9041908
0.910054
0.9140371
0.9092668
0.9105331
0.9060225
0.915591
0.9124057
0.914085
0.9144443
0.9101065
0.9161849
0.9112996
0.9131838
0.9155884
0.9151712
0.9051268
0.9074662
0.9167956
0.9128698
0.9043876
0.90853
0.9061651
0.9173719
0.9113722
0.9152185
0.9027485
0.9117627
0.916911
0.9182311
0.91377
0.9138595
0.9165065
0.9114951
0.9127255
0.9034168
0.9137201
0.9156405
0.9124321
0.9093511
0.9110646
0.915982
0.9212294
0.9070277
0.9047872
0.9057884
0.9048748
0.9142429
0.9076664
0.9145151
0.9190534
0.9195053
0.9114749
0.9133836
0.9092647
0.9088396
0.9048764
0.906911
0.9041512
0.9194402
0.9143963
0.9059823
0.9100226
0.909946
0.9066769
0.9057057
0.9111544
0.910516
0.9085523
0.9105826
0.9092301
0.9022697
0.9024623
0.9039441
0.9102092
0.9104291
0.9086636
0.9058301
0.9122216
0.909759
0.911436
0.913633
0.9112159
0.9086922
0.9035891
0.9022857
0.9152888
0.9111877
0.9154371
0.9137491
0.9038061
0.9059154
0.908926
0.9145965
0.9095612
0.9095462
0.9088821
0.9115483
0.9104669
0.922161
0.9131448
0.902296
0.917841
0.9023618
0.9078051
0.9033634
0.9069767
0.9084129
0.9136232
0.9147365
0.9132549
0.9210327
0.9136039
0.919775
0.9186685
0.9117443
0.9089931
0.915827
0.9143605
0.9139082
0.9049515
0.9114804
0.9087781
0.9157902
0.9141559
0.9158198
0.9018118
0.9123885
0.9183409
0.9186649
0.912265
0.9120179
0.9121277
0.9129367
0.9155869
0.9092201
0.9163265
0.9144096
0.9186325
0.914382
0.9129147
0.917072
0.9197406
0.9128086
0.9108664
0.9141444
0.9095045
0.92321
0.9162058
0.9152978
0.9179608
0.9171024
0.9220862
0.9166637
0.914689
0.9169417
0.9141405
0.9155325
0.9117096
0.9196163
0.9152127
0.9082916
0.91262
0.9160995
0.9137273
0.9087372
0.9098926
0.9167477
0.9135036
0.9126063
0.9118331
0.912342
0.9115146
0.9077704
0.9159263
0.9147531
0.9174641
0.9147459
0.9120216
0.9167925
0.9173629
0.9163747
0.9104887
0.9140135
0.9037328
0.9020813
0.9180871
0.9162087
0.9127795
0.9195975
0.912708
0.9138109
0.9094111
0.9218026
0.9087182
0.9103326
0.9130721
0.915266
0.9147906
0.9214558
0.9163776
0.9089112
0.919791
0.9143136
0.9122188
0.9052217
0.9084894
0.9097333
0.9165039
0.9027701
0.8956751
0.9129013
0.9025208
0.8941862
0.9162848
0.9011351
0.907323
0.9013958
0.9187777
0.9025475
0.9080396
0.9049945
0.9107818
0.9111356
0.9054783
0.8993991
0.9018572
0.9161726
0.918882
0.9216299
0.9170774
0.9169355
0.9163096
0.908725
0.9094907
0.9081273
0.904104
0.9141815
0.9128302
0.8994186
0.9037403
0.9144012
0.9243831
0.9086464
0.8907477
0.8917977
0.9068586
0.9114589
0.8966241
0.9082976
0.9087521
0.9074211
0.899259
0.8975038
0.909004
0.9051051
0.9080249
0.8959087
0.906704
0.9198413
0.9174021
0.9095881
0.9153472
0.9093578
0.9038725
0.9104182
0.9098385
0.9037654
0.8906584
0.9040586
0.9054618
0.8987579
0.8984638
0.9017761
0.9035539
0.9038348
0.8997455
0.9054479
0.907956
0.8948845
0.9021499
0.9052085
0.9075417
0.9161821
0.9003388
0.9059065
0.9056882
0.9052092
0.9053778
0.8999704
0.8911299
0.891113
0.9030164
0.9169231
0.9099185
0.9047074
0.9126431
0.9014596
0.9038753
0.9227921
0.9043185
0.9129879
0.9138325
0.9042644
0.9133726
0.8993879
0.9082336
0.9094693
0.9163199
0.9157535
0.9101711
0.9150459
0.9129412
0.9145242
0.915881
0.9145561
0.9098976
0.9078223
0.9106079
0.912313
0.8996076
0.9122125
0.911928
0.9078749
0.9056604
0.9098358
0.9055491
0.9109727
0.9175077
0.9204289
0.9117504
0.9113124
0.9122539
0.8970129
0.9022956
0.90761
0.9058707
0.9165637
0.9092267
0.9107895
0.9160161
0.9144611
0.9190619
0.9039949
0.9035229
0.9055488
0.9093835
0.9170785
0.9082533
0.9133193
0.9160908
0.9162448
0.9059041
0.9038489
0.9122948
0.9157002
0.9080085
0.9126115
0.9110341
0.9137454
0.9112695
0.9122366
0.9136229
0.9006419
0.9067934
0.9120756
0.9045804
0.902827
0.9120818
0.9086335
0.9099762
0.9068953
0.9073635
0.902643
0.9078278
0.9087406
0.9144725
0.9024968
0.9056912
0.9131114
0.909465
0.9182335
0.911403
0.9040575
0.907929
0.8838581
0.9216671
0.9134554
0.9158839
0.9130843
0.9050498
0.906178
0.9065615
0.9181339
0.9046799
0.9058116
0.9075972
0.9065398
0.9087024
0.9210183
0.9172166
0.908557
0.9166925
0.9064796
0.9130662
0.8880817
0.9024304
0.9072375
0.9160334
0.9009826
0.889503
0.8899309
0.9013688
0.8962813
0.9160556
0.900545
0.9100085
0.8778958
0.9189294
0.8999178
0.9087245
0.9141811
0.9115327
0.8885779
0.8830561
0.8742371
0.9091919
0.9159481
0.9234215
0.9228924
0.9203531
0.9199888
0.9156983
0.8847687
0.8899096
0.9120147
0.8788215
0.9194273
0.9149998
0.8943626
0.900253
0.9181359
0.9297585
0.9114041
0.8916468
0.8932302
0.9100288
0.9087152
0.8946392
0.8986445
0.9012888
0.9003352
0.8933149
0.8948683
0.908569
0.8991168
0.9097183
0.8949939
0.9065337
0.9205634
0.9163719
0.9109579
0.9136823
0.8848065
0.9067335
0.9103676
0.9128359
0.875951
0.893597
0.8974755
0.9122982
0.9045507
0.9039191
0.9060591
0.9047363
0.9046154
0.8991112
0.9071592
0.8991994
0.8911329
0.8989174
0.8993499
0.9147413
0.9175663
0.909569
0.9123569
0.9016588
0.8978504
0.900416
0.8972802
0.8898021
0.8887045
0.9058309
0.9177011
0.9139019
0.9073373
0.9136443
0.8752022
0.9046154
0.9201858
0.9000686
0.9111616
0.9136402
0.910956
0.9140398
0.9058896
0.9122114
0.9116233
0.9210083
0.9122906
0.9061033
0.9242006
0.9032973
0.9082237
0.8948757
0.9118558
0.8351044
0.9183558
0.9086266
0.9106253
0.8788352
0.7927776
0.8383675
0.9205254
0.9172086
0.9143717
0.8448049
0.8557901
0.8595883
0.86287
0.8541029
0.8542565
0.8530781
0.9228295
0.923406
0.8486111
0.9180897
0.8553542
0.8693487
0.9053337
0.9051715
0.8612485
0.840641
0.8884009
0.9107309
0.9100609
0.8352253
0.9240422
0.9095277
0.911896
0.9094325
0.9102828
0.9254795
0.9254268
0.8567458
0.8788488
0.8475082
0.9131049
0.8685012
0.8930882
0.8585687
0.8382342
0.8669482
0.9218331
0.8756532
0.8370351
0.8589767
0.9151434
0.9072845
0.9124262
0.7034779
0.8467766
0.8458404
0.8857662
0.8877669
0.8878158
0.9043372
0.88334
0.9139214
0.9104167
0.9136313
0.9090231
0.8139383
0.8929905
0.8454255
0.9195049
0.9128503
0.9058828
0.9091945
0.9109406
0.9089375
0.9079207
0.690313
0.8704571
0.8603424
0.8919793
0.8664093
0.9199552
0.8878559
0.8792576
0.9098779
0.8728412
0.8830898
0.8857922
0.8333019
0.9132679
0.8886766
0.8646835
0.8621483
0.9090288
0.8985873
0.8596168
0.910267
0.9050779
0.9148619
0.9021931
0.9130419
0.857295
0.9161464
0.9060312
0.8986022
0.9115222
0.9148792
0.8480024
0.8410348
0.859797
0.9072991
0.9149139
0.9223345
0.9241355
0.9209479
0.9190972
0.9149653
0.8485359
0.8614789
0.9145813
0.8441962
0.9194843
0.9177865
0.9064824
0.9111231
0.9195374
0.9323077
0.903299
0.8941103
0.8967507
0.91291
0.9134629
0.8959216
0.9052662
0.9078834
0.9065441
0.8977307
0.8991521
0.9080534
0.9091434
0.9123652
0.9013025
0.9149809
0.9102459
0.9169127
0.9141096
0.9168387
0.8406361
0.9054542
0.9147193
0.9133223
0.7559722
0.9050692
0.9089122
0.905934
0.9006516
0.8997264
0.9013507
0.903799
0.9033618
0.9092783
0.9014819
0.9004242
0.9029785
0.9032765
0.9099414
0.9180112
0.9124244
0.9053537
0.8921742
0.9079614
0.9046959
0.9082665
0.9061805
0.8908492
0.8897872
0.9092315
0.917481
0.9145464
0.9027101
0.9117626
0.8535786
0.9033223
0.9210055
0.9095915
0.9055852
0.9151997
0.9048895
0.9194938
0.8871724
0.9089865
0.9122198
0.920253
0.9015335
0.8976574
0.9198808
0.8961511
0.8932715
0.9007904
0.9041732
0.8732882
0.9095981
0.9100369
0.8999681
0.8820141
0.8578313
0.8724413
0.9168306
0.9148681
0.911202
0.8700802
0.8795704
0.8822394
0.8830909
0.884872
0.8836917
0.8814823
0.9245962
0.9200562
0.872115
0.9144227
0.8711575
0.8859944
0.8927504
0.8956722
0.8708858
0.8893031
0.8948856
0.8975092
0.8968676
0.8724095
0.9199252
0.9032766
0.90044
0.9042212
0.9049991
0.9156325
0.9157879
0.880322
0.8769721
0.8624673
0.9000571
0.8794074
0.8989574
0.8821316
0.8721363
0.8806874
0.9220051
0.8839393
0.8715459
0.8782986
0.9128249
0.8946953
0.9030533
0.8524401
0.876407
0.8754684
0.8880721
0.8894926
0.8903381
0.8915562
0.8868628
0.9052197
0.8967836
0.900963
0.9006258
0.8708699
0.9043932
0.871021
0.9178053
0.9010292
0.8955229
0.8987251
0.8966464
0.8958593
0.8957637
0.8498991
0.8883811
0.8799014
0.8938085
0.8777285
0.9127479
0.8903381
0.8991703
0.8996457
0.8886376
0.8929067
0.8900304
0.8704164
0.9129048
0.9004064
0.8724712
0.8752973
0.9099458
0.9029562
0.9264862
0.9063438
0.9042277
0.9210006
0.9099031
0.9140619
0.9137065
0.9262459
0.9104844
0.9148064
0.9131726
0.9157029
0.925553
0.9162685
0.9059779
0.9133149
0.9179036
0.9203809
0.918214
0.9226634
0.9226013
0.9152086
0.9269294
0.9249281
0.9123532
0.9233463
0.9225128
0.9203474
0.9038114
0.9065356
0.9196599
0.9323106
0.9196511
0.8923815
0.8907439
0.9142022
0.9003022
0.9087398
0.9116538
0.9122053
0.9110744
0.9098716
0.9096757
0.9164264
0.9094744
0.9113698
0.9072109
0.9098237
0.9240387
0.9188844
0.9154749
0.9166192
0.9249599
0.9138912
0.9156202
0.9192193
0.9174296
0.9000543
0.9084995
0.9178613
0.9112496
0.9119259
0.9149165
0.9131367
0.9129333
0.9070037
0.9149408
0.9138628
0.9028781
0.9093087
0.910858
0.9194424
0.9259939
0.9118544
0.9239969
0.9091137
0.9057923
0.910565
0.9069426
0.9048726
0.9064563
0.912453
0.9197776
0.916797
0.9134674
0.9191244
0.9223115
0.9129333
0.9260643
0.908469
0.9123495
0.9205892
0.9170604
0.9170484
0.9205731
0.9205792
0.9182359
0.925386
0.9059583
0.8976699
0.9180982
0.9067573
0.8977999
0.9239138
0.9085571
0.9175543
0.9057765
0.9235512
0.904462
0.9165687
0.9161431
0.9200709
0.9208891
0.9159439
0.9008055
0.9144671
0.919411
0.9241752
0.9239449
0.9239008
0.9244051
0.9227142
0.9177594
0.9161803
0.9145396
0.9121324
0.9218236
0.9226096
0.9027959
0.9090778
0.9213701
0.9337221
0.9178335
0.8884937
0.8877937
0.9173894
0.8881235
0.9014981
0.90708
0.9086658
0.9086656
0.9029036
0.9009137
0.9191062
0.9049913
0.9135257
0.899866
0.9150553
0.9244054
0.9256228
0.9188077
0.9179144
0.9163218
0.9087574
0.9194893
0.9221255
0.9105934
0.897313
0.9067593
0.9183093
0.9072124
0.907296
0.9110343
0.9140511
0.9138085
0.9071014
0.9115746
0.9110137
0.9058647
0.905432
0.9106828
0.9213053
0.9260228
0.9139037
0.9207094
0.9013693
0.8982199
0.9105855
0.9042129
0.8984277
0.8967033
0.9146538
0.9254395
0.9192421
0.9138387
0.9166459
0.917082
0.9137697
0.927517
0.9067946
0.9140742
0.9181033
0.9140507
0.9199887
0.9140511
0.9149802
0.9171806
0.9265216
0.9129765
0.9076444
0.9175387
0.9109036
0.9152394
0.9153878
0.9107942
0.9103053
0.9021086
0.9096463
0.9079393
0.9052013
0.9106767
0.9121851
0.9110379
0.9016944
0.9055685
0.9035538
0.9158846
0.9178035
0.9190591
0.9137417
0.9130782
0.9117913
0.9041062
0.9100835
0.9064854
0.9093035
0.9166724
0.9145379
0.908745
0.9121227
0.9172287
0.9243521
0.9040141
0.9009099
0.9051798
0.9098676
0.9161252
0.9065775
0.9081003
0.91301
0.9122869
0.9123289
0.9075228
0.9108769
0.909806
0.9099055
0.9060507
0.9089601
0.9126096
0.915168
0.9116578
0.9155101
0.9028901
0.904925
0.9111919
0.9079188
0.9022997
0.9083237
0.9083147
0.9096204
0.8992798
0.898961
0.8975373
0.9058144
0.9061566
0.905801
0.9056917
0.9102123
0.912756
0.9081727
0.9163022
0.9079552
0.9109896
0.9016417
0.8979891
0.9149709
0.9104785
0.9132484
0.9109132
0.9049169
0.9068492
0.9123755
0.9192887
0.9116681
0.9058331
0.9117523
0.9060235
0.9060412
0.9199078
0.9156981
0.9051331
0.9160158
0.9037097
0.9111973
0.8957919
0.9037641
0.9115131
0.9141856
0.9081357
0.9014969
0.9170275
0.9027962
0.9018845
0.8974368
0.9055481
0.8638152
0.9053097
0.9036153
0.9054893
0.876622
0.8537421
0.8627335
0.9129637
0.9076972
0.9092677
0.8671713
0.8729062
0.8823066
0.8823593
0.8715703
0.8725768
0.8765665
0.9131242
0.9150516
0.8665519
0.9125958
0.8807938
0.8791593
0.9038201
0.9076008
0.8804035
0.8757811
0.8874387
0.9045063
0.9056441
0.8631625
0.9181284
0.905174
0.9060551
0.9083227
0.9065746
0.9160976
0.9148357
0.1397888
0.8834997
0.8672268
0.9041413
0.8812618
0.8946246
0.8706218
0.8610845
0.879859
0.9143752
0.8828338
0.861741
0.8724364
0.9096825
0.8981024
0.904971
0.8477505
0.8680327
0.8686207
0.879699
0.8884481
0.8888969
0.9023015
0.8837826
0.9059841
0.905197
0.9050086
0.908066
0.8599091
0.8902417
0.8678292
0.9098797
0.9085919
0.9066408
0.9094017
0.9033448
0.8993508
0.9002694
0.8444361
0.8829447
0.8787868
0.8875812
0.8743469
0.9068761
0.8888569
0.8899583
0.9080304
0.8824061
0.8879591
0.885101
0.8592902
0.9042849
0.8864269
0.8762732
0.8801713
0.9118384
0.90473
0.9159457
0.9101299
0.9104372
0.8949468
0.9120945
0.862069
0.9084502
0.9055985
0.911094
0.8788077
0.8497929
0.8637048
0.9156301
0.9120926
0.9143389
0.8668805
0.8796526
0.8821196
0.8824518
0.8742989
0.874281
0.879951
0.9117983
0.9184758
0.8693242
0.9147501
0.8788855
0.8800244
0.9088846
0.9173452
0.8798241
0.8676358
0.8940082
0.908596
0.9108515
0.8619167
0.9186834
0.9091911
0.911019
0.9133303
0.912334
0.9205834
0.9190946
0.7618036
0.8839162
0.8646923
0.9091134
0.8824104
0.8978185
0.8722644
0.863065
0.8761278
0.9152121
0.8839787
0.862841
0.8721799
0.9071993
0.9093481
0.9145679
0.8483922
0.8714901
0.8708714
0.8824064
0.8935072
0.8947387
0.9093887
0.8816841
0.9110231
0.9087839
0.9087395
0.915268
0.8542199
0.8931043
0.8657844
0.9072301
0.9144635
0.9126511
0.9143403
0.9098779
0.9074549
0.9063984
0.8441792
0.8890117
0.8805922
0.8893446
0.8767512
0.9135329
0.8946597
0.8863507
0.9117793
0.8893112
0.8882783
0.8862004
0.8611121
0.9075273
0.8927431
0.8762571
0.8855024
0.9089798
0.8974239
0.8565078
0.9099037
0.9041981
0.9141202
0.9013912
0.9129163
0.8594047
0.9157144
0.9052778
0.8997069
0.9121367
0.9142511
0.8477667
0.8446321
0.8594764
0.9084713
0.9158233
0.9213456
0.9236012
0.921699
0.9201931
0.9161857
0.8463075
0.8603487
0.9140317
0.8414653
0.9203837
0.9169373
0.9058798
0.9114662
0.9197917
0.9312542
0.9053388
0.8942208
0.8957651
0.9127843
0.9135709
0.8944556
0.9054538
0.9068502
0.9051522
0.8965621
0.8983589
0.9069843
0.9098024
0.9122005
0.9009736
0.9159775
0.9107776
0.9167497
0.9136357
0.916637
0.8406177
0.9044954
0.9143621
0.9130014
0.7534303
0.9048615
0.9072615
0.9058451
0.8997996
0.8987111
0.8997018
0.9021661
0.9018872
0.9089923
0.9011128
0.8981566
0.9027263
0.9021831
0.9089108
0.9163077
0.9116752
0.9071596
0.8908569
0.9055931
0.9041656
0.9072299
0.9058566
0.891239
0.8899764
0.9087507
0.9177014
0.9139566
0.9027392
0.9126096
0.8536916
0.9018079
0.9225861
0.9074976
0.904514
0.9156124
0.9045618
0.9177202
0.8864966
0.9078399
0.9123272
0.9193481
0.9175005
0.9089285
0.9188358
0.912433
0.906621
0.8503469
0.9131104
0.8883881
0.9112075
0.8947761
0.911656
0.8945191
0.8840371
0.887224
0.9182177
0.9105113
0.9121091
0.8882364
0.8934562
0.8981862
0.8997126
0.8926748
0.8924582
0.8958414
0.9193127
0.9173011
0.8883412
0.9147665
0.8952013
0.885924
0.9073799
0.9144929
0.8976214
0.9018771
0.8452695
0.9051607
0.9051555
0.88783
0.9209216
0.9107339
0.9196235
0.9173843
0.9169323
0.9199165
0.9183159
0.8922742
0.8702713
0.8870014
0.9135547
0.8967935
0.8570855
0.8942643
0.8874001
0.8976291
0.9163754
0.8739214
0.8873482
0.8897429
0.9082124
0.9060324
0.9131058
0.8826796
0.8897104
0.8898556
0.8314581
0.841771
0.8402557
0.9128191
0.8725741
0.9098926
0.9083945
0.9124627
0.9153203
0.8918726
0.8972634
0.888645
0.9032961
0.9174379
0.9111672
0.9182469
0.9118203
0.9091418
0.9097705
0.8860787
0.8837765
0.8912182
0.8532633
0.89887
0.9121816
0.8402124
0.9066918
0.9175662
0.8983597
0.8796389
0.8776944
0.8932706
0.9049826
0.8842359
0.8954691
0.8953799
0.844291
0.8156793
0.9161361
0.8491989
0.8261386
0.9131201
0.8503269
0.9050313
0.8979725
0.9198711
0.8412448
0.9047449
0.9012691
0.9044547
0.9143221
0.9089712
0.8882871
0.9042137
0.9084418
0.9127517
0.9139943
0.9145845
0.9141804
0.9113875
0.9138765
0.914648
0.9046874
0.9027542
0.9156564
0.9090461
0.8428242
0.8503389
0.9131157
0.9258756
0.9057672
0.8812188
0.8830771
0.9038756
0.9063173
0.8391443
0.8522842
0.8530822
0.8513377
0.8949658
0.8941697
0.9024765
0.8918664
0.899209
0.8420218
0.9046209
0.9176503
0.9111938
0.9032914
0.9080178
0.9137722
0.9002549
0.9040627
0.9079656
0.9021173
0.8319235
0.8412322
0.9095335
0.9021896
0.9027027
0.8988825
0.8984535
0.8993228
0.8469461
0.9024137
0.8376412
0.834697
0.8517256
0.8515528
0.9071091
0.9121943
0.9046374
0.9207893
0.8520139
0.8387109
0.8470726
0.8370152
0.8322627
0.8305335
0.8992234
0.9114618
0.9026732
0.8997347
0.9070803
0.9000896
0.8993228
0.9240348
0.8486183
0.90732
0.9054384
0.9083691
0.9065254
0.9082655
0.9149989
0.9087771
0.9164346
0.9072043
0.8989134
0.9172712
0.9072169
0.9031148
0.8797818
0.9087261
0.8865901
0.9093594
0.8986948
0.9100413
0.8856416
0.8792207
0.8851238
0.9173735
0.913861
0.9039616
0.8823034
0.8949864
0.8988939
0.900124
0.8973224
0.8976162
0.8977528
0.9112413
0.9159413
0.8861827
0.9086758
0.8981885
0.889591
0.9040373
0.9052885
0.8988973
0.9024712
0.8800219
0.9015072
0.8963744
0.8863859
0.9152941
0.8991071
0.9074578
0.9077434
0.9071572
0.9070855
0.9100213
0.8905289
0.8534989
0.8875245
0.9051043
0.8882199
0.8940823
0.8934674
0.8838452
0.8964773
0.9151119
0.8221135
0.8848863
0.8897323
0.9095785
0.8978144
0.907137
0.8852715
0.8882396
0.888182
0.8679434
0.8771474
0.8780265
0.9048837
0.831715
0.9097547
0.9001532
0.8993818
0.906702
0.8875476
0.9038063
0.8837073
0.9086008
0.9068863
0.9025133
0.9073004
0.9021491
0.9000143
0.901875
0.8841971
0.887674
0.8867213
0.8829725
0.891313
0.9078085
0.8780265
0.9068676
0.9042733
0.8980506
0.8859314
0.8365843
0.8909826
0.8984612
0.8797163
0.8914035
0.8993321
0.9009894
0.8983642
0.9149919
0.9030238
0.9006216
0.7380341
0.9012978
0.8878612
0.8963368
0.8905685
0.9055965
0.8924017
0.8796185
0.8866489
0.9143703
0.9064853
0.9014682
0.8820315
0.8941448
0.8963251
0.9004262
0.8931651
0.8925923
0.8956005
0.9092211
0.9103402
0.891281
0.9055285
0.8938241
0.8869005
0.9047891
0.9066177
0.8963526
0.9060192
0.8042072
0.8948669
0.8919677
0.8874194
0.9114969
0.8979166
0.8980764
0.9052433
0.9039147
0.9069572
0.9035583
0.8850005
0.8616425
0.890864
0.904328
0.8908397
0.8359951
0.8921868
0.8864652
0.8979096
0.9099836
0.8676557
0.8857297
0.8900242
0.90159
0.8983718
0.9008385
0.8795128
0.8839227
0.8833711
0.7285501
0.780836
0.782998
0.9031992
0.8718984
0.9043238
0.8986671
0.9008485
0.9026334
0.8875712
0.8983305
0.8827381
0.9085451
0.9028722
0.8998337
0.9027509
0.9023248
0.891243
0.8936769
0.882821
0.8896426
0.8901111
0.7720899
0.8927096
0.9093417
0.782998
0.9071293
0.8988994
0.8974652
0.8799064
0.8746604
0.8875927
0.9059376
0.8823039
0.8881225
0.8997115
0.9041376
0.8946707
0.9075945
0.9010169
0.8968128
0.8714322
0.90322
0.8767639
0.8989565
0.8866151
0.9038721
0.8800058
0.8721805
0.8757966
0.9102359
0.8966623
0.8993423
0.8714117
0.886313
0.8969241
0.8967478
0.8870549
0.8860317
0.8842634
0.8992366
0.9013288
0.8772256
0.8946314
0.8898693
0.8765441
0.8978524
0.9026348
0.8923865
0.8945724
0.8696501
0.8906943
0.895755
0.8758469
0.908197
0.8926467
0.9030867
0.909872
0.9094834
0.9042062
0.901586
0.8765708
0.8344872
0.8723928
0.9028535
0.8865073
0.8784342
0.8867486
0.8749542
0.8894683
0.8984829
0.7999922
0.8760936
0.8781428
0.8990541
0.8921746
0.8993416
0.8685007
0.8756557
0.8745002
0.8484746
0.8603034
0.8605446
0.902062
0.7993713
0.8970048
0.8973627
0.8944619
0.9058267
0.8793645
0.8887237
0.8723554
0.8942787
0.9080804
0.9032948
0.8999061
0.90534
0.8879478
0.8917259
0.8715346
0.8801246
0.8781201
0.863906
0.8869878
0.8990878
0.8605023
0.9042632
0.8996396
0.88513
0.8822509
0.8179667
0.8791097
0.8902107
0.8689457
0.8874796
0.8932025
0.9166959
0.9127923
0.9235493
0.9131803
0.9143913
0.9027734
0.9172317
0.8749274
0.9212971
0.9095666
0.9171626
0.8860737
0.8693661
0.8765791
0.9245046
0.920807
0.9185918
0.8767708
0.8899549
0.887353
0.8891847
0.8831779
0.8825978
0.8891429
0.9228191
0.922716
0.8768551
0.9234557
0.8855375
0.8862573
0.9121295
0.9164287
0.889615
0.8872512
0.8973774
0.9130373
0.9137262
0.8743817
0.923614
0.9178092
0.9148246
0.914175
0.9146359
0.9245364
0.9259883
0.88254
0.886614
0.8770492
0.9155979
0.8797666
0.9050677
0.8806656
0.87505
0.8902807
0.9257231
0.8853383
0.8765876
0.8591101
0.9184693
0.9122758
0.9195611
0.8765908
0.8880072
0.888353
0.892219
0.8966477
0.8961382
0.9123741
0.8879705
0.920414
0.9133543
0.9140661
0.9174431
0.8777975
0.9043904
0.8756435
0.9198448
0.9139313
0.9126158
0.9202588
0.9125219
0.9142498
0.9147979
0.8736388
0.8834253
0.8671449
0.9039055
0.888745
0.9224736
0.8960988
0.9009573
0.9188904
0.885702
0.8910307
0.8909301
0.8726432
0.9122669
0.8924064
0.8875514
0.8924146
0.9082784
0.9015017
0.9172728
0.9060665
0.9027942
0.8953376
0.9092101
0.8675394
0.9091432
0.9019496
0.9049255
0.880516
0.8583234
0.8682584
0.9103042
0.9113264
0.908154
0.8647063
0.886758
0.8893884
0.888611
0.8847332
0.8849146
0.8874856
0.9151864
0.9118955
0.8704267
0.9107284
0.8779899
0.8809128
0.9017476
0.9068045
0.8797818
0.883758
0.8878001
0.9008666
0.9014202
0.8669343
0.917149
0.9058579
0.9032512
0.9088158
0.9075705
0.9164663
0.9141722
0.8756539
0.8767929
0.8702371
0.9068491
0.8693412
0.8918426
0.8706906
0.8667845
0.8788122
0.916355
0.882044
0.8676454
0.8494329
0.9057712
0.904432
0.9090555
0.8606144
0.8737355
0.8732853
0.874931
0.8834006
0.8849111
0.9029808
0.877963
0.9103203
0.9015923
0.9075488
0.9084424
0.8653286
0.8920118
0.8670516
0.9071713
0.9093943
0.9019913
0.9086911
0.9085983
0.900679
0.9002311
0.8571802
0.8850996
0.8523685
0.8899931
0.877554
0.9119688
0.8849111
0.8967515
0.9079393
0.8761943
0.8903884
0.8819912
0.8665881
0.8993878
0.8873107
0.8734303
0.8808628
0.904947
0.9015671
0.9184982
0.9048727
0.9048536
0.8918086
0.9062079
0.8568251
0.9109574
0.9000214
0.907574
0.8778771
0.8554338
0.8609673
0.9149342
0.9150304
0.9108462
0.8552789
0.8798271
0.8867736
0.8878218
0.8838189
0.8835182
0.8803703
0.9138763
0.9151077
0.8612934
0.9145464
0.8767962
0.8732072
0.9045611
0.9070191
0.8780001
0.8798012
0.8817891
0.90561
0.9041828
0.8563261
0.9165011
0.9072478
0.9099868
0.9090651
0.9079388
0.9167879
0.9147744
0.8681917
0.8680831
0.8644805
0.9075681
0.868665
0.8909721
0.8706366
0.8604075
0.8724628
0.9143529
0.8773136
0.8605184
0.8398321
0.9047346
0.9027326
0.9090716
0.8601927
0.8730955
0.8717693
0.8758631
0.8786907
0.8772339
0.9063866
0.8740684
0.9092409
0.9049584
0.9069776
0.9124494
0.8632286
0.8946006
0.8584783
0.9056204
0.9112244
0.9058154
0.9099533
0.9083448
0.9011356
0.9026749
0.8544545
0.8758603
0.8396294
0.88658
0.8732136
0.9091264
0.8772749
0.8988557
0.9119506
0.8777685
0.8870083
0.8806134
0.8618525
0.8958014
0.8831947
0.8712202
0.8785727
0.9064789
0.9046558
0.9193633
0.9021392
0.904711
0.8912086
0.9055213
0.8443031
0.912245
0.9046743
0.907198
0.8734233
0.8296682
0.8476994
0.9150076
0.9102628
0.9125314
0.845902
0.866965
0.8687853
0.8699794
0.8622269
0.8631271
0.8648926
0.9210349
0.9193475
0.8498662
0.9150843
0.8591776
0.8714737
0.900258
0.9057803
0.8611493
0.854853
0.8839043
0.9058586
0.9045527
0.8429579
0.9228683
0.907959
0.9086739
0.9082966
0.9083351
0.9214807
0.9200289
0.8610752
0.8711627
0.8505251
0.9052448
0.8655744
0.8915615
0.8552026
0.8467459
0.8715405
0.9177397
0.8787249
0.8475038
0.864775
0.9127505
0.9080843
0.9071116
0.8262328
0.8581931
0.8569452
0.8817479
0.8813941
0.8814887
0.9016818
0.8779178
0.9098325
0.900682
0.9085561
0.9030448
0.8410175
0.8934794
0.8462608
0.9103598
0.9093001
0.9005675
0.9052421
0.9065761
0.9070407
0.904126
0.8141545
0.8724971
0.864476
0.8933434
0.864223
0.9124435
0.8815293
0.87962
0.9034401
0.8707344
0.8787015
0.8808315
0.8406608
0.9039004
0.8851848
0.8637891
0.8609851
0.8918435
0.8889576
0.8477138
0.8940686
0.8914259
0.9130791
0.8943721
0.9082832
0.8578221
0.9174848
0.8992914
0.9042641
0.907202
0.9107565
0.8488764
0.8504676
0.8527537
0.9062218
0.9133725
0.9210102
0.9207011
0.9212102
0.9198928
0.9139957
0.8579524
0.8729792
0.9111666
0.8401418
0.9134236
0.9171698
0.8908099
0.892284
0.9128474
0.9283357
0.9093385
0.8825129
0.8866209
0.9081453
0.9107485
0.8834535
0.8917079
0.8926785
0.8914975
0.8977971
0.899548
0.9081607
0.8976726
0.9045324
0.8889824
0.9083498
0.9179212
0.9145506
0.9100995
0.9129223
0.8581835
0.9059558
0.9105967
0.9117541
0.8367056
0.8886611
0.8942695
0.9087906
0.9014377
0.9015957
0.8993377
0.902084
0.9014085
0.8926433
0.9043676
0.8931202
0.8873669
0.891843
0.894854
0.9078707
0.914204
0.9079863
0.9099631
0.8939229
0.8899741
0.8978981
0.8949924
0.8852543
0.8847107
0.9026677
0.9202957
0.9113566
0.9013484
0.9085096
0.8511997
0.9014085
0.9211534
0.8975937
0.9108897
0.9115748
0.9111511
0.9097058
0.8991231
0.9113611
0.9068846
0.9174786
0.9195676
0.9121794
0.9279789
0.9109829
0.914118
0.9013851
0.9198997
0.8570586
0.9212829
0.9076118
0.9144739
0.8810256
0.8382038
0.8557078
0.9245618
0.9229375
0.9231368
0.8600984
0.8685334
0.8701748
0.8701814
0.8652397
0.8663782
0.8695273
0.9266229
0.9294404
0.8638309
0.9252894
0.8626129
0.8750856
0.9101644
0.9155421
0.8645351
0.8499981
0.8974697
0.9210601
0.9194849
0.8564786
0.9280678
0.9187507
0.9160013
0.9145128
0.915583
0.933096
0.9323132
0.8743636
0.890816
0.8611632
0.9185888
0.8765069
0.8967965
0.8631193
0.8565421
0.8766512
0.9263062
0.8881766
0.8563575
0.8604771
0.9248044
0.9133814
0.9186083
0.8254414
0.8702063
0.8690445
0.8993672
0.8978022
0.8985095
0.9120233
0.8900363
0.9183399
0.9140472
0.9200862
0.9168629
0.8428289
0.8932622
0.8621568
0.9227174
0.9191616
0.9174286
0.919335
0.9148371
0.9136001
0.9154336
0.8148546
0.8728514
0.8674439
0.8974268
0.8760084
0.9246673
0.8984311
0.8801003
0.9173603
0.8813926
0.8843542
0.892429
0.8457473
0.9172183
0.893773
0.8758821
0.8675176
0.9259246
0.9199119
0.9275612
0.9242177
0.9225637
0.8365599
0.9217835
0.89705
0.9231011
0.9105152
0.9222881
0.9052561
0.8958909
0.8939678
0.9262459
0.9270844
0.9264829
0.9010962
0.9020877
0.9014902
0.9030366
0.9017355
0.9009469
0.9023129
0.9252769
0.928234
0.9030903
0.9248531
0.9007989
0.8977985
0.9220586
0.9236101
0.9076723
0.9063852
0.8215646
0.9196732
0.9191331
0.8956162
0.929721
0.9220156
0.9224078
0.9241079
0.9236301
0.9300548
0.9298084
0.9048738
0.8852536
0.9067394
0.9239982
0.9077009
0.8372874
0.9005663
0.8942158
0.9063693
0.9282817
0.8898788
0.8942046
0.9033076
0.9220973
0.9208723
0.9238063
0.8986131
0.9036421
0.9043795
0.8257928
0.7497998
0.7522665
0.9231251
0.8912439
0.9263136
0.9229582
0.9213923
0.9239206
0.8991899
0.9159372
0.9016735
0.9232403
0.9222138
0.9218663
0.9234506
0.9228547
0.9201375
0.9198942
0.8973015
0.8994548
0.9041811
0.853059
0.9072064
0.9255359
0.7520173
0.9109868
0.9211987
0.9076322
0.89414
0.8915194
0.9016324
0.9186391
0.9001163
0.9068854
0.9034631
0.9053135
0.8986123
0.9121467
0.9052021
0.9008215
0.884243
0.9068719
0.8787211
0.9019059
0.9023994
0.9050413
0.8858664
0.880892
0.8791078
0.9093409
0.9073531
0.9051833
0.8764946
0.8911603
0.8987888
0.9008169
0.8952792
0.8951413
0.8943727
0.9032836
0.9074442
0.8822366
0.9036722
0.8910832
0.8861707
0.9027496
0.9057026
0.8918947
0.9042651
0.8815975
0.8962141
0.8982806
0.8781838
0.9145683
0.8984853
0.9039275
0.9071257
0.9056142
0.9101912
0.9096027
0.886116
0.8750914
0.8870511
0.9012793
0.889415
0.8880034
0.894598
0.8784395
0.8931609
0.9048078
0.8777608
0.8789533
0.8853873
0.8970678
0.8986999
0.9009197
0.8833291
0.8816062
0.8804403
0.8710103
0.8766462
0.877721
0.9004833
0.8798897
0.9045081
0.9018173
0.8988331
0.9036042
0.883988
0.8973245
0.8782723
0.9033642
0.9076283
0.9018178
0.9075383
0.9063413
0.8962745
0.8949272
0.880961
0.8840217
0.8849335
0.8812071
0.8890923
0.9087321
0.8777617
0.9046569
0.9071424
0.8917395
0.8573884
0.8802241
0.8908746
0.8958802
0.8839205
0.8917282
0.8945538
0.913881
0.9088358
0.9186815
0.9132277
0.9083781
0.8224384
0.9136325
0.8871477
0.9065628
0.8940331
0.9151292
0.889407
0.8862383
0.8848561
0.9157116
0.9063351
0.9068606
0.8835996
0.8946309
0.901513
0.9025347
0.89546
0.8950873
0.8941222
0.9091752
0.9102514
0.8912314
0.9080321
0.8931015
0.8824077
0.91191
0.9155545
0.896899
0.8977232
0.7755481
0.90823
0.9054083
0.8865865
0.9160876
0.909832
0.9149071
0.9141059
0.9146423
0.916049
0.9181173
0.8906479
0.8734673
0.8915693
0.9122832
0.8930525
0.8217019
0.8953314
0.8858354
0.9018968
0.9104382
0.8701902
0.8855428
0.8868176
0.9021243
0.9096007
0.9114957
0.8823848
0.8886238
0.8892908
0.8026198
0.7724912
0.7735154
0.9119221
0.8705262
0.9095669
0.9127035
0.9107849
0.9132871
0.8867376
0.9018877
0.8849046
0.9040557
0.9161823
0.9104552
0.9118146
0.9162508
0.9048322
0.9055444
0.8849446
0.8864722
0.8884746
0.8336348
0.8982912
0.9115962
0.7733698
0.9043749
0.9121786
0.8971946
0.8860556
0.8770611
0.8919681
0.9002529
0.8822913
0.8950397
0.899439
0.9240869
0.9204091
0.9175154
0.9192503
0.9214226
0.9244519
0.9181054
0.9136008
0.9160367
0.9129786
0.9234118
0.9109156
0.9215775
0.9143354
0.9168259
0.9106737
0.9190866
0.9106184
0.9179507
0.9217305
0.9223867
0.9187767
0.9187534
0.91723
0.9089783
0.9179471
0.9144976
0.9155493
0.9222275
0.9182193
0.9156055
0.9188643
0.9196274
0.924527
0.9145121
0.9153868
0.9143461
0.9135485
0.9231545
0.9213182
0.9238042
0.9278308
0.9259873
0.9167682
0.9209757
0.9148907
0.9168151
0.9159961
0.9187116
0.915302
0.9192834
0.9191321
0.9144901
0.9185752
0.9132989
0.9164955
0.9145189
0.913042
0.9144226
0.9185267
0.9184689
0.9164061
0.9108135
0.9098626
0.9143557
0.9194001
0.9192744
0.9143779
0.9152891
0.9187314
0.9189151
0.9216716
0.9201612
0.9164151
0.9151941
0.9100312
0.9094277
0.9244587
0.9205971
0.9211067
0.9215713
0.9157142
0.918122
0.9146086
0.9212231
0.9121958
0.9184466
0.9191044
0.9165249
0.9193493
0.9258401
0.9202765
0.9097307
0.9193105
0.9109325
0.9195494
0.9044813
0.9113283
0.9161304
0.9203614
0.9093464
0.9027694
0.9035085
0.9056543
0.9050459
0.9024642
0.9093453
0.8949465
0.8941768
0.8982434
0.9079993
0.8885109
0.8909946
0.897401
0.9027669
0.8925593
0.9050849
0.8928804
0.9047585
0.9099061
0.9126377
0.9012214
0.9016289
0.906818
0.8934106
0.9047039
0.8980489
0.8976004
0.9036403
0.8988237
0.902711
0.9068627
0.904026
0.912355
0.8899437
0.8955577
0.898845
0.894595
0.912496
0.9039511
0.9106901
0.9132085
0.9129015
0.9056416
0.9037187
0.893243
0.8918487
0.8942829
0.9076079
0.8964105
0.9065905
0.9064822
0.896068
0.9000179
0.8930664
0.8978205
0.8977969
0.8952968
0.8987711
0.9029223
0.9037203
0.8938324
0.8907881
0.8905721
0.8878416
0.8913153
0.8927993
0.9080711
0.8901776
0.9009951
0.9058278
0.9039358
0.9100559
0.9004399
0.8954166
0.8934047
0.891948
0.9132343
0.907981
0.9106971
0.9070691
0.893141
0.8950227
0.8955509
0.9075974
0.8977749
0.8962332
0.8968057
0.8969083
0.8927594
0.9102879
0.9111839
0.8979935
0.9035556
0.8923066
0.8995424
0.8914464
0.8919846
0.8966224
0.9063735
0.9125538
0.9084245
0.869215
0.9141111
0.9156863
0.9132106
0.906682
0.9131661
0.8649293
0.9134954
0.9139945
0.9037601
0.916622
0.9152373
0.8658796
0.8537857
0.8732118
0.9113919
0.9148087
0.9241979
0.9257707
0.9172238
0.9176213
0.9157831
0.8527793
0.8745208
0.9114141
0.8604986
0.9171061
0.9194401
0.9110471
0.9170221
0.9227356
0.9268902
0.9097817
0.8954817
0.8993722
0.9131507
0.9148791
0.9031332
0.9128576
0.9172889
0.9179883
0.8952767
0.8971227
0.9077808
0.9104063
0.9186327
0.9099828
0.9144093
0.9162957
0.9183115
0.9142347
0.9153044
0.8563824
0.9079772
0.9148838
0.9093004
0.8589821
0.9129936
0.910436
0.9097437
0.8999234
0.9006422
0.899104
0.9075413
0.9078891
0.911685
0.9035447
0.9017041
0.9066286
0.908502
0.9166189
0.9145101
0.9045059
0.9127842
0.8866647
0.9204222
0.9128748
0.9200658
0.915136
0.8982636
0.8993559
0.9135377
0.9241813
0.9126162
0.9054346
0.9118079
0.8595826
0.9078106
0.9220829
0.9177455
0.9122256
0.9172024
0.9051659
0.9179728
0.8875643
0.9049371
0.9133954
0.9212764
0.9147871
0.9080006
0.8765108
0.9158545
0.9145333
0.9119887
0.9135463
0.9120585
0.869547
0.9090876
0.9157929
0.9017432
0.9184219
0.910575
0.8687429
0.8643155
0.8733892
0.9074969
0.9173807
0.9255868
0.9258487
0.918974
0.918176
0.9184134
0.8530881
0.8678401
0.9098479
0.8716409
0.9225973
0.9174657
0.9116479
0.9187543
0.9251891
0.9259114
0.9035203
0.8993898
0.9044798
0.91216
0.912516
0.9074604
0.9186733
0.9185887
0.9187098
0.8970421
0.8954713
0.9104413
0.91112
0.9172163
0.9110844
0.9135932
0.9110296
0.9184886
0.9125131
0.9140696
0.8530253
0.9108053
0.9114791
0.9119028
0.8622373
0.910533
0.912481
0.9103664
0.8975413
0.8976165
0.8952825
0.9039073
0.9046246
0.9153902
0.9012754
0.9074559
0.9131461
0.9085143
0.9179134
0.9168711
0.9022595
0.9098373
0.8881776
0.9228752
0.9165263
0.921127
0.9144115
0.8989059
0.8994497
0.9128254
0.9243539
0.9107493
0.902763
0.9127312
0.8689143
0.9046246
0.9215386
0.9172889
0.9129539
0.9191043
0.9034833
0.9210196
0.8893914
0.9052228
0.9125635
0.9251727
0.8935693
0.8854703
0.8702723
0.8943464
0.890086
0.9108498
0.8941241
0.9077663
0.8340776
0.917483
0.8962055
0.9031084
0.906593
0.9095935
0.8714586
0.8636535
0.8624611
0.9010699
0.9130249
0.9185169
0.9189687
0.9161194
0.9165983
0.9135745
0.8725854
0.8818595
0.9059517
0.8581981
0.9135026
0.9137611
0.8914288
0.8974359
0.9185255
0.9256498
0.9022811
0.8825276
0.8829076
0.9074684
0.9090577
0.8834763
0.8924973
0.8957499
0.8950542
0.8893418
0.8937936
0.9049833
0.8987905
0.9049726
0.8950905
0.9067624
0.9130916
0.9153816
0.9101509
0.9104051
0.8664412
0.9059714
0.9102592
0.9124502
0.8668733
0.8885236
0.8956766
0.906216
0.8961446
0.8961365
0.8910712
0.8998211
0.8985354
0.8941799
0.9004392
0.8947876
0.8874662
0.8891254
0.8944054
0.9139576
0.9103241
0.9017083
0.9036879
0.903653
0.888727
0.8945464
0.8942248
0.8815115
0.8803409
0.9063285
0.9188978
0.9098461
0.8993973
0.911466
0.8601036
0.8985756
0.9173865
0.8947349
0.9082734
0.9128057
0.9076788
0.911051
0.8958357
0.9062455
0.9066701
0.9204213
0.9138586
0.9062764
0.9190031
0.9137803
0.9047906
0.4456554
0.9129246
0.8905702
0.9084092
0.8945085
0.9154856
0.8920322
0.8821251
0.8874964
0.9170199
0.9105493
0.9125787
0.8897541
0.8918536
0.8990903
0.9001931
0.8924815
0.8924219
0.8908165
0.913453
0.9150255
0.8917077
0.9081222
0.899126
0.8869075
0.9144538
0.9128899
0.9012329
0.9046477
0.8201935
0.9017626
0.9019164
0.8901744
0.919537
0.9079088
0.911243
0.9154954
0.9142767
0.9153211
0.9137881
0.892792
0.8709346
0.8922445
0.9101492
0.8967657
0.8424018
0.8920959
0.8885104
0.8956758
0.9151972
0.8723241
0.8878203
0.8917346
0.906928
0.9077249
0.9077957
0.8808033
0.8884628
0.8889693
0.7428536
0.8041974
0.8063459
0.912438
0.8751276
0.9104733
0.9082723
0.9112647
0.9115372
0.8878555
0.901662
0.8896013
0.9044572
0.911624
0.9098469
0.9108269
0.9089918
0.9054581
0.9065922
0.8869129
0.8912178
0.8931595
0.782405
0.8933696
0.9122992
0.8063459
0.9044615
0.9117709
0.8965333
0.8810625
0.8764792
0.8912569
0.9053257
0.8839811
0.8917145
0.903473
0.908499
0.9028121
0.920126
0.9092522
0.906394
0.8973267
0.9083862
0.8662495
0.9111103
0.9032178
0.9095784
0.8818507
0.8581631
0.8657187
0.9166637
0.9138253
0.9155095
0.8676433
0.8834167
0.8860548
0.8899411
0.8759295
0.8753837
0.8849697
0.9172487
0.9214751
0.8734389
0.9146809
0.8859418
0.8879338
0.9120972
0.9131019
0.8860617
0.8811206
0.8914601
0.9068492
0.9073524
0.8663102
0.9168167
0.9069908
0.9106062
0.9098816
0.909226
0.9134144
0.9145568
0.7812943
0.8868239
0.8719854
0.9080842
0.8826507
0.900134
0.8768148
0.8655382
0.8880138
0.9126372
0.8865942
0.8658974
0.875807
0.9134306
0.9065013
0.9096534
0.8537617
0.8779338
0.8781514
0.8848357
0.8962611
0.8958304
0.9092461
0.8912598
0.9110731
0.910674
0.9106614
0.9137828
0.8669157
0.8922989
0.8675492
0.9110147
0.9107986
0.9096691
0.9116553
0.9079318
0.9024201
0.905452
0.852858
0.889439
0.885067
0.8932345
0.8838554
0.9116291
0.8957515
0.8919168
0.9108273
0.8864306
0.8908806
0.8872031
0.8679556
0.9081306
0.8916592
0.8822017
0.8865534
0.9087594
0.9036498
0.923896
0.9088551
0.9086275
0.8965615
0.9095297
0.8679004
0.9107136
0.9030479
0.9123163
0.8772631
0.8711921
0.870434
0.916052
0.9120957
0.9075434
0.865882
0.8846209
0.8883204
0.8891257
0.8802994
0.8793935
0.8851783
0.9110635
0.9152728
0.8744191
0.9130945
0.8805335
0.8848398
0.9057053
0.9113623
0.8814154
0.8843469
0.8875657
0.9046763
0.9040411
0.8670916
0.9127026
0.9067845
0.9094004
0.9106436
0.9114528
0.915615
0.9119485
0.8778468
0.8772674
0.8721062
0.9078416
0.878396
0.8969251
0.8785274
0.8702114
0.8855782
0.9103834
0.8806176
0.8700321
0.8479668
0.9056846
0.9052082
0.9072605
0.8654539
0.8738156
0.8737407
0.8792311
0.886489
0.8865389
0.9073301
0.8799389
0.9084182
0.9065875
0.9086647
0.9123179
0.8741715
0.8887649
0.867626
0.9038269
0.9128613
0.9052356
0.9122652
0.9124833
0.9073046
0.9078998
0.8624561
0.8829604
0.8473035
0.8870665
0.8803003
0.9103161
0.8865389
0.8988141
0.9109349
0.8808079
0.8895106
0.8840996
0.8655009
0.9038232
0.8893207
0.8808694
0.8862111
0.9085144
0.898872
0.9151738
0.9032374
0.9041659
0.8974231
0.9053718
0.8596205
0.9069055
0.9031191
0.9078668
0.8783705
0.8516992
0.8615658
0.913704
0.9094337
0.9113476
0.8631544
0.8724247
0.8729572
0.8767118
0.8706273
0.8701972
0.8745037
0.9111438
0.916838
0.8647414
0.9116689
0.8791415
0.8782193
0.9064578
0.9105894
0.8812001
0.8747353
0.8931542
0.901063
0.9035643
0.8597604
0.915964
0.9065648
0.905684
0.9044076
0.9044449
0.9165543
0.9169063
0.6824403
0.8770193
0.8609208
0.9041933
0.8788122
0.8948363
0.8696675
0.8602031
0.8787923
0.9152421
0.883168
0.8617486
0.8725277
0.9144066
0.897695
0.9086336
0.8483074
0.8680233
0.8675196
0.8828091
0.8892025
0.8895717
0.9037298
0.8830614
0.9098158
0.9041414
0.9079839
0.9069235
0.8611348
0.8883898
0.8642035
0.9124884
0.9081952
0.901631
0.9104094
0.9048754
0.9036012
0.9044767
0.8439813
0.8847636
0.877018
0.8890578
0.8767524
0.9082601
0.8894914
0.8901134
0.9049699
0.8840328
0.8863081
0.8874754
0.8576362
0.9037016
0.8896729
0.877202
0.8831054
0.910164
0.9039785
0.9167984
0.9071637
0.9092227
0.8928864
0.9124557
0.8688093
0.9114669
0.9071994
0.9088581
0.8821721
0.8559932
0.8692347
0.9179633
0.9135272
0.9126061
0.8670105
0.8820561
0.8820357
0.8861873
0.8752349
0.8747289
0.8814791
0.9142156
0.9193633
0.8735156
0.9134557
0.8820842
0.8839916
0.907316
0.9132633
0.8828313
0.8793396
0.8898299
0.9094356
0.9112198
0.8681688
0.9204097
0.9080464
0.9092617
0.9113513
0.9116598
0.9171583
0.9171938
0.7954563
0.8863793
0.8739496
0.9111731
0.8811921
0.901145
0.8772185
0.8689297
0.88416
0.9139186
0.884902
0.868874
0.8836636
0.9105504
0.9053042
0.9078549
0.8550247
0.8784633
0.8781479
0.8868936
0.8914323
0.8933429
0.9067237
0.8887005
0.911662
0.9090387
0.9124933
0.91287
0.863202
0.8946389
0.868333
0.9100912
0.9134105
0.9129784
0.9127802
0.9054698
0.9052446
0.9040691
0.8538699
0.8910197
0.885668
0.8951359
0.8829656
0.9128232
0.8933429
0.8952118
0.9109114
0.8825353
0.8891819
0.8901373
0.8685691
0.9088036
0.8922564
0.882847
0.8853398
0.9130586
0.9091573
0.9258749
0.9135483
0.9072913
0.9109045
0.9125512
0.8827601
0.9139108
0.9041483
0.909031
0.8897615
0.8837551
0.8835433
0.9218097
0.9186192
0.9137401
0.8849726
0.8949708
0.8973483
0.8955583
0.8965288
0.8954239
0.8974539
0.9194232
0.9203583
0.8828412
0.916547
0.892952
0.8959005
0.9085808
0.9116761
0.8916649
0.8909046
0.9004043
0.9094896
0.9078225
0.8831929
0.9241257
0.9150996
0.915022
0.914228
0.9156283
0.918635
0.9149119
0.8900057
0.8924114
0.8833625
0.9092276
0.8871037
0.9043052
0.8901033
0.8841985
0.8996197
0.9168125
0.8928356
0.8834297
0.8604141
0.9161
0.9087347
0.9119056
0.8836062
0.8890281
0.8883349
0.898909
0.9022419
0.9013144
0.9115302
0.8947835
0.9125339
0.911647
0.911362
0.9140614
0.8860074
0.8987163
0.8866993
0.9111729
0.9135712
0.9131078
0.9127587
0.9121772
0.9085355
0.909992
0.8773106
0.899525
0.86167
0.8991647
0.8986386
0.9139729
0.9013144
0.9019935
0.9144053
0.8862271
0.9048959
0.8916363
0.8835277
0.9021976
0.8936012
0.8965907
0.8929287
0.9300619
0.9225042
0.9139816
0.9268442
0.9238798
0.9126634
0.9234107
0.9155621
0.9048641
0.9062761
0.9268761
0.9025025
0.9231877
0.9160132
0.9059142
0.8972979
0.9104743
0.9090576
0.9180509
0.9244287
0.9278824
0.9182137
0.9180345
0.9178063
0.8880704
0.8929367
0.9173866
0.9044118
0.921047
0.9154197
0.9225019
0.9293006
0.9213906
0.9207306
0.9043983
0.9050513
0.9091681
0.9156274
0.9163689
0.9202686
0.9278217
0.9298352
0.9300734
0.9116145
0.9153208
0.9145113
0.9203655
0.9170726
0.9256798
0.9161178
0.9084413
0.9215362
0.9164079
0.9216596
0.8914271
0.9082639
0.9167118
0.9120283
0.8959128
0.9223535
0.919563
0.9127056
0.9051213
0.9044774
0.8937521
0.9074628
0.9076962
0.9274237
0.9031666
0.9155404
0.9221844
0.9154041
0.9288817
0.9178606
0.8981747
0.9085257
0.8647532
0.9311969
0.9298747
0.9297583
0.9247531
0.9154889
0.917531
0.9165397
0.9247189
0.9163416
0.9058458
0.9148666
0.9048437
0.9076962
0.9229373
0.9306501
0.9101625
0.9194667
0.9014573
0.9219665
0.8604777
0.9010424
0.9168236
0.9195338
0.9132368
0.9078223
0.9101869
0.9126116
0.9122139
0.9003718
0.9112136
0.8829996
0.8988457
0.9023842
0.9159954
0.8843575
0.8847487
0.885949
0.9070673
0.901624
0.9079821
0.8791892
0.8953306
0.9045281
0.9054412
0.8937552
0.8927815
0.8963244
0.8979629
0.9039499
0.8821069
0.9010479
0.8953981
0.8917241
0.914186
0.9191281
0.8956298
0.8946554
0.8858109
0.9037387
0.9048465
0.8825052
0.9210909
0.9086635
0.9155876
0.9181989
0.9185091
0.9063261
0.9060138
0.8868411
0.8935714
0.8871793
0.9097945
0.8968935
0.8970698
0.8922943
0.8848322
0.8960309
0.8950784
0.8910273
0.8870458
0.8825188
0.9009708
0.9117385
0.9109795
0.8795723
0.8758414
0.8766419
0.8769912
0.8884854
0.8880096
0.9136253
0.8850117
0.9051116
0.9105385
0.9080858
0.914724
0.885259
0.7592555
0.8805242
0.8913711
0.9170647
0.9136406
0.9155673
0.9136065
0.9008739
0.9010911
0.8816763
0.9011102
0.887304
0.8908781
0.8949003
0.9005602
0.8879288
0.9052877
0.9175393
0.8927593
0.9021434
0.8874794
0.8868609
0.8933103
0.8895623
0.8915479
0.897049
0.9077341
0.9001536
0.9136039
0.9043322
0.9035298
0.8769006
0.9052489
0.8856003
0.902584
0.8898223
0.9086761
0.8826553
0.8808792
0.8840896
0.9133258
0.9067076
0.9009449
0.8792432
0.892598
0.8974687
0.8985842
0.8946596
0.8940452
0.893385
0.9059147
0.9109342
0.8843449
0.9072447
0.8960176
0.8866124
0.9011804
0.9036968
0.8962822
0.9028842
0.876309
0.8970422
0.8938131
0.8855161
0.9163609
0.8960154
0.9061492
0.9098688
0.9079606
0.9043241
0.9076001
0.8879742
0.8497055
0.8839052
0.9040679
0.8873925
0.8885816
0.8906482
0.8837023
0.8893034
0.9082668
0.8152338
0.8842981
0.8878943
0.9018259
0.8976769
0.9045126
0.8812619
0.88049
0.8799691
0.8618772
0.8690872
0.8704011
0.9055762
0.8217261
0.9077738
0.9038944
0.8988829
0.9059801
0.8842909
0.9001687
0.8809864
0.9012775
0.9077658
0.901659
0.9083023
0.9020532
0.8976384
0.8991546
0.8818903
0.8865322
0.88565
0.8761507
0.8835362
0.9057648
0.8703595
0.9061948
0.9055129
0.8919961
0.8792897
0.8329887
0.8902016
0.8915539
0.872479
0.8850035
0.8980428
0.9494149
0.9478579
0.938835
0.9446227
0.9506091
0.9296115
0.9475512
0.9175594
0.9407317
0.9199512
0.9449672
0.9204093
0.920783
0.9164736
0.9373074
0.9369113
0.9482672
0.9191315
0.9197024
0.9227883
0.923829
0.9160171
0.9152226
0.9217764
0.9307349
0.93289
0.9188685
0.9380402
0.9199503
0.9234907
0.9462412
0.946928
0.9199614
0.9119334
0.9234338
0.9477306
0.9489827
0.9177332
0.9487445
0.9493523
0.9488168
0.949496
0.9493713
0.949336
0.9487923
0.9229674
0.9368981
0.9246087
0.9511776
0.9287088
0.9210464
0.9176427
0.9169561
0.9241347
0.9263305
0.9301705
0.9167632
0.9186614
0.936806
0.9496853
0.9430401
0.9137666
0.9166667
0.9162711
0.9267373
0.9319902
0.931358
0.9463211
0.9276835
0.9402814
0.9501747
0.9456434
0.9507131
0.9167036
0.9140951
0.9194413
0.9239398
0.9526637
0.9517649
0.9525343
0.9483954
0.9428363
0.9459852
0.9207361
0.9273129
0.921778
0.9303932
0.9232674
0.9378951
0.9312143
0.9201374
0.9498788
0.9205558
0.9298697
0.9230559
0.9187169
0.9285102
0.9150202
0.9243267
0.9199297
0.9084819
0.9005492
0.9127137
0.9169766
0.9062236
0.9223371
0.9052528
0.9198283
0.900678
0.9243613
0.9116892
0.9141196
0.9207555
0.9228471
0.9109214
0.9051044
0.8986492
0.9173069
0.9254873
0.9320779
0.9326421
0.9256352
0.9256868
0.9279986
0.9046364
0.9075646
0.9194612
0.901864
0.9283138
0.9237854
0.9142284
0.918426
0.9281007
0.9361702
0.9131304
0.8917262
0.8938877
0.9203652
0.9060182
0.9006853
0.9101432
0.9137265
0.9122608
0.8928435
0.8914726
0.9176172
0.9119953
0.9247432
0.9082126
0.918555
0.9229616
0.9278162
0.9224982
0.9259792
0.9065735
0.9125502
0.9224898
0.91795
0.8995038
0.9060942
0.9092
0.9185676
0.9099662
0.9102946
0.9017108
0.9114657
0.9123286
0.915761
0.9079242
0.9060231
0.9041898
0.904162
0.9126384
0.9228193
0.916993
0.9177968
0.9066184
0.9130403
0.9089664
0.9134207
0.9118992
0.8951776
0.8983963
0.9186688
0.9287948
0.9199062
0.9089813
0.9242102
0.9050202
0.9123286
0.9326665
0.9135942
0.9204365
0.9216051
0.9147513
0.9256602
0.9016872
0.9165578
0.92184
0.9300153
0.9046159
0.8996732
0.9074074
0.902931
0.8999265
0.9049332
0.9025789
0.8912181
0.9024571
0.9057021
0.9043917
0.8889046
0.8919109
0.8889085
0.9033719
0.9007791
0.9015248
0.8879433
0.9043637
0.9088671
0.9110527
0.9030764
0.9028277
0.9010261
0.9000919
0.9039214
0.8888303
0.9009088
0.9047782
0.8996779
0.900592
0.9028881
0.9089277
0.9105002
0.8986312
0.8938887
0.8978847
0.8901671
0.9104275
0.8980109
0.9025602
0.9077292
0.9069306
0.9060708
0.9081913
0.8978107
0.889212
0.893482
0.9045895
0.8934242
0.9077293
0.8985927
0.8877885
0.8995042
0.8979195
0.893399
0.8893425
0.8982676
0.899986
0.9013411
0.902853
0.8903492
0.8864292
0.8864503
0.8930047
0.8975714
0.8975345
0.8997818
0.8920168
0.8994031
0.9009325
0.8999081
0.9063349
0.8999547
0.8968332
0.8881884
0.9001409
0.9095063
0.9001202
0.9063439
0.9047586
0.8918673
0.8916964
0.8900703
0.9044204
0.8967374
0.8949197
0.8981841
0.9018924
0.8975345
0.9108054
0.90569
0.8937474
0.9005708
0.8910758
0.8978879
0.8910562
0.8896724
0.8958414
0.9083111
0.907925
0.9041314
0.919421
0.9051371
0.9025059
0.8934721
0.9084691
0.8621412
0.9096788
0.9032589
0.9076312
0.8809869
0.8516256
0.8621045
0.914351
0.9110358
0.9113988
0.8658649
0.8802812
0.8823046
0.8828362
0.8757903
0.8742675
0.8807029
0.9163382
0.9202781
0.8688991
0.9151917
0.8795133
0.884581
0.9055275
0.9102196
0.879333
0.8755485
0.8899817
0.9055194
0.9037431
0.8616121
0.920262
0.9053582
0.9084102
0.9078406
0.9074915
0.9115656
0.9139769
0.7703848
0.8821131
0.8682516
0.903626
0.8835267
0.8958496
0.8761039
0.8615894
0.8832225
0.9141518
0.8840847
0.8622021
0.8725795
0.9096232
0.9020292
0.9070456
0.8484261
0.8704795
0.8706086
0.8857951
0.8930939
0.8945241
0.904847
0.8821971
0.9082785
0.9060925
0.9076648
0.9105233
0.860586
0.8921343
0.864433
0.9092756
0.9108446
0.9074101
0.9096916
0.9046946
0.9004421
0.9033327
0.848061
0.8849801
0.8779789
0.8910436
0.8793466
0.9095626
0.8945241
0.8867723
0.9094453
0.8830888
0.8919784
0.8873551
0.8609752
0.9062883
0.8887409
0.8793868
0.882384
0.9080435
0.9007515
0.9175334
0.907048
0.9042606
0.8932268
0.9090108
0.8668181
0.9094095
0.9002625
0.9059022
0.8809688
0.8475033
0.8657467
0.9120988
0.9121934
0.9090549
0.8649967
0.8768766
0.878439
0.8809396
0.8745883
0.8740406
0.8748053
0.9113174
0.9140686
0.8721243
0.9126908
0.8797752
0.8785794
0.9059954
0.9109968
0.8832396
0.8775628
0.8882933
0.9060311
0.9066537
0.8667547
0.9175648
0.9028126
0.9065879
0.9105481
0.9105487
0.9192463
0.9136291
0.8146044
0.8873658
0.867975
0.9072019
0.8777863
0.897523
0.8737471
0.8663978
0.8782561
0.9122264
0.8807429
0.865676
0.8736688
0.9063646
0.9015184
0.9053476
0.8475216
0.8651831
0.8650973
0.8800511
0.8862546
0.8866659
0.9080111
0.8806752
0.9067951
0.9020976
0.9062949
0.9114534
0.8610138
0.8878515
0.8652399
0.9095513
0.9096562
0.9079994
0.9098503
0.904113
0.9019545
0.9012376
0.842776
0.884326
0.8755911
0.8873945
0.8769203
0.9066695
0.8865857
0.8890591
0.9104536
0.8856053
0.8863019
0.8801547
0.8649958
0.9038795
0.8899683
0.8757295
0.8861391
0.9096902
0.9021658
0.9168046
0.8984653
0.9040818
0.8904134
0.9102261
0.8377535
0.9104472
0.8994527
0.906653
0.8704973
0.7893059
0.8383892
0.9153432
0.9125658
0.9121333
0.8341187
0.8480367
0.8588708
0.8552723
0.8492922
0.8484242
0.8480392
0.918342
0.9191474
0.8482525
0.9132215
0.8460857
0.8689342
0.9011988
0.9037795
0.849688
0.8360415
0.8817625
0.9045132
0.9031653
0.8377452
0.9226679
0.9050241
0.9031301
0.903189
0.9038907
0.9210412
0.9193158
0.8530353
0.8690854
0.831043
0.9059401
0.8634486
0.8911262
0.8512507
0.8375122
0.8593571
0.9173082
0.8767624
0.8384123
0.8569303
0.9150893
0.9016879
0.9049389
0.7739933
0.839809
0.8392057
0.8750229
0.8753968
0.8747173
0.9003345
0.8792311
0.9081073
0.9056781
0.9075703
0.9049181
0.8114792
0.8865197
0.8364401
0.913223
0.9090233
0.903851
0.9046103
0.9053317
0.8998262
0.9033079
0.7622806
0.8689342
0.858817
0.8855376
0.8585507
0.9132795
0.8745941
0.8769969
0.9048044
0.8668084
0.8764362
0.8799342
0.8293413
0.9045691
0.8874404
0.8624538
0.8512361
0.8315028
0.7569043
0.9139728
0.8227099
0.7093352
0.9122975
0.838673
0.9030297
0.8953255
0.9213574
0.798791
0.9043475
0.9002232
0.9055835
0.9129986
0.9096813
0.8881411
0.901043
0.9121733
0.9141066
0.912152
0.9153765
0.9156584
0.9116358
0.915267
0.9147154
0.9050335
0.9038141
0.9095511
0.9112491
0.8143624
0.8236431
0.9121941
0.9236457
0.9086893
0.8815858
0.8773887
0.9032397
0.9089112
0.8224332
0.8384797
0.8399848
0.8406612
0.9008314
0.9006858
0.9048982
0.8889417
0.8988288
0.8334288
0.9006001
0.9171954
0.9104748
0.9050834
0.905916
0.9153149
0.8997585
0.9052688
0.9077369
0.9000795
0.8179074
0.819063
0.9015157
0.8940624
0.8940924
0.8993745
0.8986645
0.898388
0.818992
0.901768
0.804773
0.8039909
0.8320767
0.8364449
0.9051585
0.9196312
0.9023837
0.9189912
0.8370652
0.8212794
0.8347006
0.7969111
0.7900051
0.789912
0.8975285
0.9108265
0.8984397
0.8983649
0.9053227
0.8999101
0.898388
0.9225193
0.836229
0.9065061
0.9060174
0.9056271
0.905238
0.9101319
0.9107003
0.9064424
0.911513
0.9203341
0.9134947
0.9050004
0.9195302
0.9190594
0.9064782
0.9158953
0.9084929
0.8984352
0.9083649
0.9195779
0.9010807
0.9183577
0.9107371
0.9040748
0.8890299
0.9037381
0.9060286
0.920066
0.9284295
0.9311969
0.9212833
0.9220332
0.9225076
0.8850366
0.8905186
0.9079759
0.8971243
0.9183191
0.9124616
0.9166636
0.922898
0.9194189
0.9203147
0.9006081
0.8979148
0.902561
0.9085522
0.9135308
0.910941
0.9233589
0.9234224
0.9235062
0.9044596
0.9021801
0.9099653
0.9122865
0.9154919
0.9185328
0.9150796
0.9100888
0.9196002
0.9096289
0.9191747
0.8799514
0.9078082
0.9097783
0.9092378
0.8933572
0.9175126
0.9162408
0.910368
0.8975401
0.8985199
0.8944011
0.9058391
0.9059152
0.9244266
0.9016642
0.9103489
0.9170642
0.9086253
0.9263801
0.9120158
0.8967587
0.9081914
0.8756145
0.9252111
0.9224849
0.9232784
0.9178975
0.9040625
0.9034427
0.9107706
0.9205055
0.9102761
0.9048127
0.9148479
0.8941216
0.905875
0.9228073
0.9254888
0.913407
0.9192006
0.8978491
0.9163915
0.8740433
0.8965096
0.9165392
0.9158286
0.91912
0.9201978
0.9201542
0.9204306
0.9219761
0.9136222
0.9194174
0.908828
0.9146528
0.9145108
0.918775
0.9033186
0.9118935
0.907838
0.9155063
0.9105047
0.9167708
0.9043866
0.9124312
0.9143085
0.9167822
0.9122298
0.9118645
0.9126995
0.9098416
0.9139948
0.9079439
0.9118809
0.9112735
0.9173824
0.9164846
0.9203446
0.9103086
0.9135755
0.9107892
0.9156549
0.9192621
0.9084231
0.9258039
0.9129294
0.9214386
0.9224093
0.9221125
0.9176053
0.9220073
0.906002
0.9115644
0.9066865
0.9206388
0.9103587
0.9139361
0.9120929
0.9077293
0.9090941
0.9128486
0.9097153
0.9080667
0.9063322
0.9134496
0.9194306
0.9180087
0.9065069
0.9049235
0.9050429
0.8990069
0.910131
0.9102008
0.9212501
0.9072344
0.918804
0.9179884
0.916794
0.9258315
0.9102709
0.904559
0.9067544
0.9074114
0.9262378
0.9204988
0.9238921
0.9197544
0.9110792
0.9104488
0.905879
0.9207224
0.9077771
0.9076427
0.9043645
0.9165731
0.9102392
0.9205206
0.9233894
0.9102812
0.9142259
0.9094883
0.9109953
0.9122908
0.9085088
0.9072604
0.9113241
0.9048361
0.898996
0.9185164
0.9023826
0.9040451
0.898419
0.9050472
0.8730412
0.9069137
0.9021965
0.902873
0.8787396
0.8686702
0.8725661
0.9181628
0.9123682
0.9089737
0.8707127
0.8843702
0.8859677
0.8862193
0.8839445
0.8831271
0.8849646
0.9159292
0.9196344
0.8733843
0.9136344
0.8751656
0.8903283
0.8968991
0.9044844
0.8790408
0.8925546
0.8883794
0.8967681
0.8982355
0.8726982
0.9154269
0.9022103
0.9037608
0.9076907
0.9079217
0.9149798
0.9159573
0.8828722
0.8817637
0.8762622
0.9044214
0.878812
0.9010537
0.8806406
0.872549
0.8870823
0.911747
0.8872256
0.872617
0.8771751
0.9073805
0.8990075
0.9044734
0.8689081
0.8782754
0.8788608
0.8868837
0.8904561
0.8915335
0.9006722
0.886683
0.9071525
0.9026778
0.9014752
0.9039438
0.8796042
0.9006068
0.8718951
0.908189
0.9078447
0.9012173
0.900935
0.9032417
0.8988423
0.8985139
0.8628605
0.9005521
0.8777657
0.894273
0.8853391
0.9113608
0.8915732
0.8965007
0.8995723
0.881212
0.8967683
0.8903971
0.8761081
0.9082963
0.8875763
0.8830916
0.8804715
0.9032628
0.8959751
0.9082808
0.9022345
0.8976426
0.8710823
0.8998354
0.8787459
0.9008666
0.886541
0.9018736
0.8770678
0.871911
0.8795857
0.9113407
0.8990766
0.8985317
0.8728917
0.8862796
0.8981711
0.8991284
0.8882215
0.8882416
0.8841512
0.8989503
0.8993008
0.8783454
0.8984772
0.889238
0.8757038
0.8990779
0.9042798
0.8925042
0.8943326
0.8700897
0.8921174
0.8984833
0.8782856
0.9099402
0.8936116
0.901104
0.908105
0.9081436
0.9069767
0.9047321
0.8765053
0.8353507
0.8747254
0.8998492
0.884449
0.879301
0.8874805
0.8782571
0.891397
0.8976778
0.8029562
0.8793072
0.8786924
0.8990478
0.8938951
0.9015733
0.8676487
0.8761297
0.8751432
0.8516401
0.8604643
0.8614654
0.9028839
0.8019193
0.9004385
0.8984047
0.8951457
0.9041661
0.8769608
0.8887279
0.8725013
0.8950009
0.905416
0.9045931
0.9008905
0.9052497
0.8900309
0.8914487
0.8715982
0.8786364
0.8811171
0.8643986
0.8881639
0.9001075
0.8614232
0.9055285
0.8986019
0.8823038
0.8854005
0.8164888
0.8793688
0.8876351
0.8697623
0.886191
0.8928521
0.902124
0.8966443
0.9110059
0.9004941
0.896727
0.8720943
0.8984946
0.8742537
0.904445
0.8888608
0.9007016
0.8772977
0.8772284
0.8740648
0.9108457
0.8978475
0.8998978
0.8714545
0.8908928
0.894838
0.897486
0.8891326
0.8883932
0.8853087
0.8999492
0.9013212
0.8760361
0.8988356
0.8894684
0.873885
0.8962925
0.9012826
0.8899508
0.8961523
0.8664796
0.8946618
0.8976395
0.8746106
0.9115848
0.8955727
0.9019347
0.9048659
0.9058049
0.9094717
0.9064685
0.8781317
0.8380099
0.875325
0.898424
0.8825673
0.8748864
0.884804
0.8730141
0.8863595
0.900192
0.8071749
0.8736614
0.8806063
0.8986894
0.8957657
0.8989801
0.8699211
0.8733671
0.8734163
0.8531579
0.8634763
0.8641345
0.902292
0.8036714
0.8975198
0.8958219
0.8981984
0.9022786
0.879854
0.8887197
0.8710226
0.8955197
0.9051462
0.9007772
0.9020004
0.9047466
0.8937634
0.8957253
0.8719519
0.8804879
0.8786108
0.8657169
0.8843102
0.9019194
0.8640504
0.9016132
0.902913
0.883346
0.8802664
0.8117642
0.8795581
0.8901653
0.8695732
0.8854917
0.8919899