0.8767526
0.8454716
0.8712966
0.8607652
0.8735489
0.9224902
0.8989117
0.9112947
0.8458302
0.9123248
0.906831
0.9178292
0.8963996
0.8490694
0.9098494
0.9070222
0.9131273
0.8607861
0.8620919
0.890388
0.8549457
0.9041214
0.912813
0.9012105
0.8447587
0.9103401
0.8593946
0.9030799
0.8521694
0.9115197
0.8883868
0.879399
0.9160063
0.8808981
0.8630787
0.848957
0.8491026
0.8518159
0.8519556
0.8493212
0.8516498
0.91965
0.9103964
0.9099933
0.9037092
0.8547158
0.9172994
0.9114937
0.9101648
0.8792182
0.8516711
0.8706846
0.8632149
0.870167
0.9214207
0.8924508
0.9069911
0.8492813
0.9094696
0.9052989
0.9147519
0.8948789
0.8522097
0.9078482
0.9052919
0.9120362
0.8630439
0.8626723
0.8879968
0.8614407
0.8978621
0.9116417
0.9024644
0.8452001
0.9103818
0.8610286
0.9028004
0.8595688
0.9068433
0.8916693
0.8809848
0.9142754
0.8830893
0.8608396
0.8492946
0.85137
0.8521001
0.8528799
0.85
0.8522338
0.918325
0.9075207
0.906868
0.9016192
0.8525655
0.9097282
0.9130435
0.9117258
0.8756441
0.8491102
0.8683593
0.8651815
0.873259
0.9232825
0.8954381
0.9155711
0.8492506
0.9157074
0.9007818
0.9156669
0.8997133
0.8479055
0.9141985
0.9027565
0.9162935
0.8630716
0.8667864
0.8965206
0.8537525
0.8960555
0.9165301
0.895435
0.8410223
0.915069
0.8644713
0.9115285
0.848055
0.9099917
0.888873
0.885384
0.9191843
0.8821727
0.8691637
0.8512813
0.8515561
0.8514733
0.8508415
0.8513841
0.8516502
0.9255762
0.9129276
0.9150262
0.9071708
0.8614267
0.9144956
0.9174439
0.9113784
0.8811867
0.8501011
0.8765738
0.8650024
0.8727692
0.920973
0.8948933
0.9089258
0.8501983
0.9097425
0.8980546
0.9138927
0.8945549
0.8522317
0.909577
0.9040686
0.910952
0.8679356
0.8742655
0.8909567
0.8600207
0.8963856
0.9129719
0.8958839
0.8507877
0.9097929
0.8652916
0.9017073
0.8519181
0.9048103
0.894536
0.8794033
0.9135441
0.8819939
0.8654387
0.8521008
0.8512174
0.850275
0.8505872
0.8513458
0.8506246
0.920086
0.9116105
0.9124637
0.9074696
0.8594699
0.9134107
0.9099765
0.9078938
0.8884904
0.8510281
0.8774834
0.8721868
0.8665711
0.9180695
0.8975831
0.9072434
0.8492357
0.9055521
0.8978232
0.9097889
0.8885592
0.8495791
0.9094776
0.8992508
0.9121718
0.8788779
0.8789758
0.8868179
0.8613246
0.8956751
0.9089279
0.8975256
0.8501236
0.9025407
0.86847
0.9044844
0.8505289
0.9004216
0.8983117
0.8830133
0.9131625
0.8823148
0.8692709
0.8542573
0.8526112
0.8520576
0.8509122
0.8505554
0.849662
0.9151112
0.906546
0.9142767
0.9103818
0.854737
0.9106077
0.9069879
0.9084254
0.8981066
0.8793355
0.891327
0.8755743
0.8890412
0.9194398
0.9039696
0.9083355
0.8787315
0.907623
0.9085773
0.9198192
0.9095952
0.8800849
0.9071744
0.9034542
0.9084949
0.8927305
0.8908085
0.8899749
0.8910994
0.8989932
0.91227
0.9066953
0.8770729
0.9047826
0.8862151
0.9027884
0.8864088
0.9097172
0.9082081
0.8970635
0.909729
0.8925776
0.8810391
0.8734807
0.8823957
0.8848538
0.8851853
0.883436
0.8853427
0.9104795
0.9118749
0.9070189
0.9042214
0.8814549
0.9105536
0.9128524
0.9116531
0.8934567
0.877257
0.8908869
0.8726429
0.8829201
0.9181558
0.8945148
0.9033915
0.8762002
0.9050868
0.9006505
0.9165243
0.9038516
0.8723334
0.9016054
0.9026256
0.9038904
0.8858666
0.8881733
0.8800923
0.8830958
0.8949216
0.9025587
0.8996363
0.8712584
0.9010347
0.8777171
0.8972622
0.884639
0.9039751
0.905039
0.8890154
0.904009
0.8813492
0.8751876
0.8714265
0.8785714
0.8782745
0.8780381
0.875374
0.8762318
0.9072575
0.9050675
0.9050649
0.9003619
0.8764924
0.9066065
0.907841
0.9080431
0.8891143
0.8705788
0.8843239
0.8720462
0.8837912
0.9145973
0.9042609
0.9104397
0.8714104
0.9072246
0.9130177
0.9132306
0.9039216
0.869919
0.9037098
0.9084106
0.9084414
0.8801452
0.8814101
0.8839965
0.8791876
0.9045448
0.9076874
0.9087106
0.8726073
0.9040894
0.873211
0.9034616
0.8748416
0.90899
0.8980411
0.8886063
0.9065649
0.8819887
0.8739224
0.8607214
0.8716922
0.8741015
0.8738654
0.8726811
0.8729605
0.9125077
0.9061884
0.9041599
0.9035927
0.8755109
0.9119986
0.9098722
0.9140052
0.8875473
0.8704779
0.8831286
0.8697105
0.8851261
0.9131362
0.9056238
0.9082251
0.8718052
0.9075567
0.9149827
0.9141298
0.9038178
0.8678197
0.9056156
0.9079703
0.9076846
0.877032
0.8797605
0.8869572
0.8761513
0.9018141
0.9074339
0.9083058
0.870695
0.9049298
0.8716492
0.9019547
0.8748322
0.9088952
0.8980406
0.888822
0.904884
0.8859502
0.8691291
0.8594222
0.8715526
0.8730245
0.8728696
0.8727901
0.8727008
0.9112691
0.9051419
0.9000071
0.9027623
0.8754214
0.9117941
0.9100562
0.9162708
0.8890198
0.8749909
0.8862207
0.886362
0.9098592
0.92701
0.9260719
0.9313098
0.8763081
0.9355087
0.9276593
0.9314262
0.9193493
0.880955
0.9320562
0.9262994
0.9289012
0.852939
0.860431
0.9127695
0.8783365
0.9248081
0.9293874
0.9184371
0.8709359
0.9298733
0.8962538
0.9247458
0.8781671
0.9306049
0.8915894
0.9035054
0.9301882
0.9085144
0.890817
0.8773318
0.8757319
0.8749454
0.8748727
0.8730713
0.8751955
0.9407421
0.9205942
0.9199791
0.919776
0.8870823
0.9306649
0.9319881
0.9309283
0.8977339
0.8763737
0.8940756
0.8865922
0.9007989
0.9237398
0.8944526
0.9259382
0.8781502
0.9285325
0.904157
0.9294255
0.9132153
0.8815577
0.9251735
0.9124828
0.9295561
0.8955016
0.8971106
0.907642
0.8931825
0.8949522
0.9258251
0.8943552
0.8791415
0.9227787
0.8935975
0.9148613
0.8835558
0.9203787
0.9079513
0.9024795
0.9266659
0.9039216
0.8951199
0.885455
0.8809132
0.8831532
0.8824955
0.8830274
0.8791472
0.9279587
0.9136136
0.9196483
0.9149042
0.8923792
0.9245538
0.9217245
0.9235639
0.9052114
0.8769928
0.8899414
0.8883078
0.8938514
0.9243455
0.9031815
0.9185275
0.8765132
0.9208183
0.9096352
0.9217706
0.9076343
0.8827304
0.9210331
0.9105195
0.9212551
0.8892852
0.8884761
0.9022572
0.8722457
0.9060665
0.9248701
0.9033074
0.8737475
0.9166311
0.8904868
0.9145072
0.8726686
0.9167526
0.9078557
0.8929062
0.9227031
0.8986243
0.8871548
0.8843594
0.8697476
0.8705235
0.8709031
0.870456
0.8730326
0.9257157
0.9177623
0.9161834
0.9094747
0.8838212
0.9191737
0.9223983
0.9222648
0.8827232
0.8451379
0.8734929
0.8705571
0.8896235
0.9210643
0.9148378
0.921205
0.8447172
0.9179208
0.9204636
0.9211974
0.9039882
0.8522064
0.9185151
0.9172472
0.9164599
0.8326809
0.8346371
0.8987283
0.8434799
0.9159024
0.9156177
0.9135198
0.833788
0.9156665
0.8720365
0.9115534
0.8531287
0.9167946
0.8894358
0.8835336
0.9180293
0.893377
0.8663135
0.841742
0.8507691
0.8468233
0.8473944
0.846438
0.850949
0.929003
0.9114077
0.9156517
0.9076639
0.8514547
0.922523
0.9178863
0.9213002
0.8835213
0.8479129
0.8744362
0.8737074
0.8881378
0.9216666
0.9121896
0.9233319
0.8485255
0.9256893
0.9105463
0.9261491
0.9063552
0.8577274
0.9268664
0.9165033
0.9240969
0.8224288
0.8235629
0.9097533
0.8556006
0.9101711
0.9224494
0.91068
0.8442718
0.9241313
0.8737112
0.9150743
0.8563618
0.919701
0.8869677
0.8952972
0.9251155
0.8989667
0.8724952
0.8566353
0.8459296
0.8480442
0.8479266
0.8474867
0.8491227
0.9277772
0.9125526
0.918588
0.9163906
0.8656875
0.9260372
0.9253118
0.9257173
0.8955653
0.8547693
0.8729008
0.8650726
0.8818488
0.9173222
0.9027876
0.9126224
0.8514579
0.9113027
0.908963
0.920115
0.9014094
0.8473724
0.9095777
0.908812
0.9115658
0.8577793
0.8605506
0.8956068
0.8524075
0.9036045
0.9150813
0.9020057
0.8386695
0.9081856
0.8696031
0.9081823
0.8011465
0.9123329
0.8980935
0.8854582
0.916598
0.891419
0.8682964
0.8499311
0.8270071
0.8234487
0.8231036
0.8249107
0.8230072
0.9233494
0.9148636
0.915046
0.9061488
0.8489703
0.9091007
0.9053722
0.9137741
0.8903557
0.8542346
0.8767506
0.8730747
0.8822934
0.9188235
0.9019601
0.9069406
0.8534377
0.9099989
0.9076804
0.9152878
0.9023257
0.853502
0.9070094
0.906677
0.9066876
0.8671727
0.8639027
0.8904877
0.8488553
0.9051191
0.9112696
0.9035636
0.8492793
0.9100104
0.8750406
0.9054147
0.811915
0.9081299
0.8962892
0.8834319
0.9166935
0.8878488
0.8668503
0.8540022
0.8243644
0.8209735
0.8199519
0.8209183
0.8236727
0.9188336
0.912823
0.9141122
0.9114784
0.8577327
0.9094756
0.9122634
0.9127106
0.8840975
0.8440401
0.8658675
0.8636767
0.8839392
0.9206534
0.9043312
0.9153498
0.8406232
0.919608
0.9066498
0.9213421
0.9027172
0.844324
0.9190508
0.9096899
0.9172243
0.8431161
0.8460765
0.8980596
0.8271708
0.9035976
0.9167702
0.9032558
0.8086432
0.9178663
0.8736838
0.9156882
0.8330443
0.9156304
0.8894831
0.8805117
0.920227
0.8929105
0.8650788
0.8189639
0.8251636
0.8267872
0.8262208
0.8272148
0.8246061
0.9272596
0.9121965
0.9140869
0.9127333
0.843974
0.9223267
0.9205475
0.9173912
0.8816843
0.838476
0.8630182
0.8612123
0.8760891
0.9201223
0.8976726
0.9167266
0.8366453
0.9178585
0.9038087
0.917389
0.8944992
0.8292739
0.9187248
0.9060129
0.9200397
0.8457205
0.8408639
0.8985377
0.8360896
0.8995857
0.919325
0.8995212
0.8181433
0.9159089
0.8624721
0.9118903
0.8317057
0.9108808
0.8892226
0.8762768
0.9214873
0.8834539
0.8649856
0.8239157
0.8251279
0.8252346
0.8246203
0.8224827
0.821736
0.9261803
0.9112937
0.9151266
0.9110354
0.8430381
0.9200912
0.9180984
0.9170612
0.8863913
0.860424
0.8802253
0.8764824
0.8989451
0.9259738
0.9153441
0.9295132
0.8613982
0.930107
0.9213592
0.9282923
0.9103016
0.8682034
0.9285362
0.923976
0.9280221
0.7739939
0.7845691
0.9084487
0.856634
0.9182811
0.9248155
0.9162582
0.855973
0.9252841
0.8824435
0.9209337
0.8618793
0.9288531
0.8908303
0.8972829
0.9277862
0.9003244
0.8774332
0.8681893
0.857649
0.8584488
0.8588378
0.8585628
0.856895
0.9343607
0.9214347
0.9174062
0.9190275
0.8707624
0.9283503
0.9248201
0.9294114
0.8878935
0.8610426
0.8817104
0.8802735
0.9019413
0.9258227
0.919672
0.9275367
0.8617229
0.9278459
0.9255268
0.9255988
0.9131372
0.8690669
0.927549
0.9229621
0.9287286
0.0736405
0.5089714
0.9111095
0.8585518
0.9217697
0.9260937
0.918274
0.8496963
0.9264535
0.8825952
0.9202679
0.86337
0.9265427
0.8903496
0.8963457
0.9253118
0.899813
0.8782798
0.865734
0.8586916
0.8589432
0.8586171
0.858132
0.8555326
0.9355333
0.919251
0.9167191
0.9176467
0.8680353
0.9277418
0.9240019
0.9298559
0.9110153
0.8864481
0.9038557
0.8919007
0.9058761
0.9149105
0.9187125
0.9089004
0.8887809
0.9099477
0.9238482
0.9245231
0.9175551
0.8929241
0.9078602
0.920134
0.9076489
0.8979142
0.8990017
0.8976378
0.896809
0.9217198
0.9154784
0.9197772
0.8964009
0.897931
0.9007453
0.907061
0.893391
0.9104687
0.9150293
0.9014099
0.9118938
0.9045439
0.8868102
0.887059
0.8945521
0.8942562
0.8933128
0.8937274
0.8953676
0.9201233
0.9073431
0.9074611
0.9025243
0.8949022
0.9121965
0.9087081
0.9124684
0.8955939
0.8711679
0.8871333
0.8871201
0.9003622
0.9259713
0.9107675
0.9193813
0.8738896
0.9176462
0.9142298
0.9282185
0.9135442
0.8708007
0.9199687
0.9172052
0.916649
0.8829175
0.880682
0.8989606
0.8839654
0.9101243
0.9207487
0.910903
0.8761159
0.9175562
0.8931094
0.9129779
0.8807942
0.9148579
0.9033074
0.8995722
0.9230988
0.8976119
0.884639
0.8744271
0.8766257
0.8781231
0.878823
0.8800752
0.8802389
0.9266626
0.9194327
0.9193227
0.9145037
0.8825839
0.9197161
0.9201504
0.91896
0.8793566
0.8519072
0.8560336
0.8526861
0.8830363
0.9219217
0.8997291
0.9210942
0.8511028
0.9199187
0.904767
0.9224386
0.9019004
0.8460783
0.9197853
0.9092583
0.9230007
0.8623015
0.8660688
0.8996647
0.8564345
0.9024952
0.9232133
0.9027443
0.8500131
0.9199871
0.8747276
0.9138792
0.8534579
0.9157691
0.891166
0.8863612
0.9240144
0.8872915
0.8701992
0.8597656
0.8512619
0.854561
0.8544865
0.8538284
0.8518712
0.9205419
0.9199228
0.9152118
0.9106944
0.8585821
0.91984
0.9179951
0.9208459
0.8872707
0.860732
0.8564216
0.853703
0.8844881
0.9211999
0.9037181
0.9149713
0.860365
0.9134506
0.9056093
0.9204032
0.9013387
0.8503864
0.915776
0.911094
0.9181831
0.8708905
0.8707779
0.8986753
0.8615812
0.9002685
0.9193389
0.9097968
0.8517789
0.9144364
0.8715029
0.9084318
0.8607237
0.9162958
0.9003977
0.8920348
0.9172168
0.8890471
0.8726119
0.8577275
0.8561877
0.8584221
0.8582642
0.8596691
0.8589739
0.9219308
0.914906
0.9154304
0.9081137
0.8659485
0.9166074
0.9152942
0.9163214
0.8977281
0.8641635
0.8837971
0.8738749
0.8873128
0.9197702
0.9034432
0.9074174
0.8617506
0.9131442
0.9089474
0.9198894
0.9054892
0.8647163
0.9128352
0.9075281
0.9145124
0.8792849
0.8802307
0.8931542
0.874349
0.9028949
0.9151676
0.9074324
0.8649921
0.910828
0.8811863
0.9094063
0.8709278
0.9093452
0.9045196
0.8897493
0.9140821
0.889071
0.8777423
0.8563777
0.8676573
0.8719434
0.8715004
0.8713812
0.8691872
0.9220188
0.9120303
0.9130374
0.9088702
0.870249
0.9147988
0.9128916
0.911195
0.9114246
0.8966742
0.905278
0.8999003
0.9039309
0.920609
0.9148603
0.9164943
0.8958578
0.9145472
0.9204899
0.9245859
0.9156752
0.8984732
0.9127739
0.9157462
0.9148291
0.9045613
0.9070542
0.8982209
0.9009221
0.9137396
0.9112491
0.9169477
0.9054503
0.9112394
0.8959898
0.907975
0.9068175
0.9135666
0.9128896
0.9034459
0.9171086
0.898944
0.9013041
0.8937716
0.9047804
0.9020467
0.9017819
0.9006646
0.9019338
0.9165853
0.9166638
0.9132806
0.9163892
0.9008402
0.9151164
0.9161304
0.9194224
0.9199847
0.8974515
0.9123555
0.8983709
0.8979847
0.914261
0.9053179
0.8964431
0.8976561
0.8939543
0.9138094
0.9204262
0.9133124
0.900768
0.8952325
0.9075208
0.8953181
0.9129228
0.9152899
0.8872804
0.902229
0.9074948
0.8968317
0.9148302
0.9001396
0.8882936
0.8970306
0.9030478
0.9021442
0.8977095
0.9209695
0.9018692
0.8961115
0.8967185
0.8935022
0.8905491
0.9054169
0.9013336
0.9006351
0.9009584
0.9045401
0.9043142
0.907238
0.9035069
0.9044804
0.8997257
0.8986592
0.897512
0.9012203
0.8912069
0.8742399
0.8907342
0.8812871
0.8735906
0.9161859
0.8893966
0.9006511
0.8746613
0.906224
0.8966269
0.9136887
0.8985482
0.8702677
0.9056111
0.8968334
0.9065958
0.8963003
0.8950252
0.8824197
0.8879934
0.8889739
0.9092869
0.898704
0.8793652
0.9084802
0.8757076
0.9038348
0.8817208
0.8981245
0.9034027
0.897309
0.9142744
0.8857297
0.8870026
0.8838586
0.8838147
0.8823807
0.8823893
0.8810398
0.8819785
0.9142951
0.9077668
0.9054059
0.9111119
0.8765176
0.9100281
0.911443
0.9088622
0.8905073
0.879876
0.8930639
0.8889899
0.8811013
0.9216462
0.8947425
0.9055944
0.8813936
0.9124906
0.9005342
0.9203229
0.9033159
0.8752715
0.9108032
0.8991383
0.9144549
0.8945785
0.8948047
0.8930165
0.8899666
0.8943912
0.9097766
0.9012608
0.8781899
0.9152396
0.8807184
0.9048049
0.885015
0.9062455
0.9002306
0.9005149
0.9157421
0.8894231
0.8891544
0.8858158
0.8841138
0.887936
0.8876624
0.8862386
0.8870541
0.9193437
0.9138045
0.9152321
0.9113968
0.8808166
0.9130654
0.9164748
0.9122442
0.9280859
0.9157794
0.9236585
0.9150357
0.9133509
0.9244431
0.8971751
0.9152444
0.9165544
0.9151498
0.903796
0.9346385
0.9280676
0.9154884
0.9194152
0.9051178
0.9201171
0.9277205
0.9284092
0.9145229
0.9228342
0.8939145
0.9183513
0.9012283
0.9157175
0.9172434
0.9185365
0.9111466
0.9155718
0.9159594
0.9316811
0.9251439
0.920916
0.9200702
0.9166726
0.9220866
0.914908
0.9176466
0.9173841
0.9158782
0.9142268
0.9159185
0.9218847
0.9172775
0.9194115
0.9124925
0.9142403
0.918043
0.916104
0.9045696
0.8810126
0.8966559
0.8825918
0.9002127
0.9180322
0.9203524
0.9159514
0.8804148
0.9121838
0.9258608
0.9208566
0.9112959
0.8810328
0.912882
0.9178603
0.9109361
0.8856754
0.8879674
0.8948578
0.8883816
0.9249038
0.9107727
0.9210508
0.8820231
0.9076769
0.8829167
0.9100168
0.883051
0.9135212
0.9068751
0.9006958
0.9124158
0.8966102
0.8810445
0.8764
0.8864086
0.8874331
0.886762
0.8855091
0.8847953
0.921159
0.9143191
0.9089534
0.9068388
0.8816183
0.9146884
0.9107227
0.9173267
0.8916521
0.8496725
0.8790632
0.8707106
0.8780727
0.921507
0.8986376
0.9155935
0.8492554
0.9165777
0.9048173
0.917756
0.9014645
0.8514034
0.9180947
0.9065104
0.9166962
0.8575423
0.8530238
0.8987192
0.7733533
0.9011828
0.9236517
0.9031209
0.841583
0.9191438
0.874833
0.917179
0.8453597
0.9097631
0.8975284
0.8872685
0.9221158
0.8876027
0.8747812
0.853578
0.8374657
0.837913
0.8380562
0.8379697
0.8407514
0.9229185
0.9159875
0.9150503
0.9110125
0.8547779
0.9159538
0.9156885
0.918128
0.921303
0.901087
0.9129353
0.8996811
0.8969798
0.9225345
0.7911542
0.8994286
0.8998667
0.902423
0.8358821
0.9275927
0.9172901
0.8931671
0.9043183
0.8422825
0.9122536
0.9185997
0.9208534
0.8977715
0.9097397
0.8082494
0.9119737
0.8202733
0.9031596
0.9081288
0.9054054
0.9054573
0.9026035
0.8944866
0.9289614
0.9148921
0.9155394
0.9078999
0.9066289
0.899982
0.9021258
0.9013922
0.9010435
0.9003812
0.9013563
0.9068023
0.9107474
0.9141822
0.9112872
0.8985033
0.9076263
0.9079991
0.9027975
0.9217248
0.9066267
0.9173833
0.915089
0.9044118
0.9244991
0.8328848
0.9033544
0.9041713
0.9114499
0.8436503
0.9305747
0.9175788
0.9069851
0.9103047
0.849099
0.9137388
0.9214959
0.9205219
0.9013388
0.9155851
0.8316619
0.9151383
0.8439008
0.9092693
0.9108743
0.9139022
0.9084536
0.9067103
0.8992948
0.9310845
0.9167392
0.9222653
0.9108893
0.9146454
0.9080292
0.9055849
0.9085602
0.9086833
0.9069353
0.9069295
0.9088494
0.9183702
0.9162516
0.9174971
0.9040251
0.9121434
0.9126792
0.90775
0.9360934
0.9131009
0.9237204
0.9144815
0.9075687
0.9187054
0.9104228
0.8621362
0.910929
0.833275
0.9116244
0.9295838
0.9243183
0.9141575
0.8409012
0.9069142
0.8433698
0.9305726
0.9312998
0.8953871
0.9223619
0.9042623
0.8521899
0.9159908
0.9115495
0.8453791
0.9193406
0.9010451
0.9162581
0.8577214
0.9387875
0.9166521
0.8585708
0.9086638
0.9087709
0.9083835
0.9164055
0.9165688
0.9163819
0.9161421
0.9134004
0.9005995
0.9167103
0.9094067
0.9118205
0.9094028
0.8640055
0.8618003
0.8711652
0.9238602
0.9039317
0.9150897
0.9035401
0.8994496
0.9169878
0.8279102
0.8988685
0.9039779
0.9034279
0.8501124
0.9268327
0.9197857
0.9014645
0.9032812
0.8575853
0.9083267
0.9179444
0.9193997
0.8936007
0.9150514
0.8307289
0.9070862
0.8447915
0.9044263
0.9015027
0.9070395
0.9018949
0.9048845
0.8896738
0.9326177
0.9134807
0.9092102
0.907707
0.9107302
0.9026746
0.904965
0.9049803
0.9047124
0.9032651
0.9027035
0.9038762
0.9118869
0.9089093
0.9106748
0.8990658
0.9025628
0.9051615
0.9039579
0.9357852
0.9131351
0.9232942
0.9128389
0.9074877
0.9184732
0.9061706
0.8606262
0.9115092
0.8381823
0.9128581
0.9264341
0.9225377
0.9123185
0.8396647
0.9066767
0.8400985
0.9278253
0.9289294
0.8953484
0.920378
0.8998287
0.8556587
0.9181197
0.9161311
0.8494388
0.9143645
0.9004646
0.9140152
0.8562961
0.9371583
0.9140567
0.8579746
0.9044506
0.9077089
0.9086935
0.9144671
0.915521
0.9150634
0.914245
0.9130854
0.8990323
0.913863
0.9103004
0.9092863
0.9080731
0.8628114
0.8620356
0.8695211
0.8784636
0.8756998
0.8876324
0.8832202
0.8611101
0.9188217
0.8950982
0.9153758
0.8743175
0.9152042
0.9023632
0.9129481
0.887079
0.8722265
0.9184167
0.9074179
0.9203764
0.8851812
0.8881965
0.8950209
0.8825411
0.8963048
0.9207347
0.8951308
0.8698743
0.918965
0.8621017
0.9123294
0.8778554
0.9099778
0.892899
0.8985502
0.9205145
0.8818061
0.8841344
0.8741994
0.8746406
0.8762261
0.8762759
0.8739456
0.8741037
0.9210212
0.9144726
0.9141905
0.915163
0.8715429
0.9180887
0.9178658
0.9168764
0.874902
0.8689683
0.8836623
0.8823845
0.8857882
0.9221164
0.910439
0.9269315
0.868162
0.9299502
0.9134794
0.9254738
0.9064269
0.8772214
0.928363
0.9156294
0.9255227
0.8788935
0.8828452
0.9005819
0.8829109
0.9127322
0.9251404
0.9063246
0.8769689
0.9240312
0.8623777
0.9169079
0.8762146
0.9224644
0.8824049
0.8982975
0.9274357
0.895272
0.8863854
0.8822315
0.8773882
0.8744801
0.8748925
0.8742479
0.8775831
0.9337674
0.912748
0.9136029
0.9126849
0.8841613
0.9233236
0.9212128
0.9226815
0.8893879
0.8751352
0.8996657
0.8883954
0.894761
0.9143656
0.9167761
0.9151802
0.8728691
0.9125177
0.9199077
0.9165177
0.9094811
0.8798325
0.9078704
0.9164212
0.9083943
0.8850203
0.8876935
0.8910555
0.8930864
0.9147765
0.9034885
0.9150441
0.8815454
0.9059058
0.8627621
0.9033717
0.8896699
0.9102956
0.8998322
0.8917982
0.9040998
0.8871385
0.8803723
0.8793883
0.8895533
0.8870427
0.8874474
0.8864819
0.8903701
0.920076
0.9095302
0.9076665
0.9039179
0.8862431
0.909688
0.910642
0.916327
0.886785
0.8767936
0.8911257
0.8867151
0.8921537
0.9122352
0.9085304
0.9125388
0.8770071
0.9170765
0.9113297
0.9188073
0.9075185
0.8805213
0.9096862
0.9116839
0.9118307
0.8892314
0.889853
0.8871935
0.8885544
0.9069959
0.9106185
0.909651
0.8811525
0.9094308
0.8566122
0.9083224
0.8816251
0.9140032
0.8931697
0.8977457
0.9076678
0.8852212
0.8849538
0.8765612
0.8829028
0.881391
0.8812779
0.881959
0.881598
0.9214848
0.9097085
0.9070533
0.9065551
0.8836588
0.913154
0.9109233
0.913228
0.8467361
0.9011012
0.9078712
0.9062688
0.9166725
0.9340737
0.9375192
0.9439942
0.9020412
0.9436269
0.9384128
0.9358957
0.9228548
0.9051302
0.9418072
0.9370407
0.9421502
0.9000176
0.8987275
0.9266263
0.9031771
0.9386292
0.9402799
0.9328761
0.9016609
0.9400306
0.8899691
0.9369135
0.9065279
0.9445656
0.8425762
0.9180812
0.942735
0.913385
0.9094781
0.9062148
0.9044878
0.904039
0.9035425
0.9032008
0.9018325
0.9502577
0.9318956
0.9334157
0.92979
0.9119992
0.9408358
0.9387639
0.9426591
0.8739096
0.8697951
0.8872853
0.8799034
0.8826366
0.9189747
0.9086031
0.9130529
0.8700951
0.9133255
0.9148451
0.918221
0.9072433
0.868205
0.9141862
0.9132962
0.9103939
0.8815552
0.883473
0.8867808
0.8784014
0.9084343
0.9111644
0.9053914
0.8746517
0.906513
0.8534585
0.9045686
0.8822954
0.9102536
0.8839048
0.8907515
0.9155968
0.8849694
0.8805144
0.8686067
0.8751279
0.8713663
0.8703819
0.8720407
0.8768877
0.9205264
0.9073159
0.9060369
0.9015582
0.8806484
0.9151055
0.9111632
0.9143194
0.8741743
0.8677859
0.8860029
0.8818766
0.8889209
0.9215317
0.9085396
0.9253449
0.8706581
0.932771
0.9176569
0.922864
0.9062214
0.8703185
0.9283717
0.9202559
0.9269519
0.8767774
0.8777294
0.9023524
0.8799552
0.9149571
0.9230742
0.9050175
0.8717375
0.9244935
0.8539284
0.9160038
0.8775117
0.9250399
0.8805761
0.8983302
0.9302012
0.8906317
0.883936
0.8792439
0.8726767
0.8715959
0.8706546
0.8676352
0.870774
0.9341077
0.9147996
0.9173043
0.9106677
0.8813884
0.9249176
0.9239339
0.9276684
0.8753394
0.875
0.8892122
0.8861913
0.8683343
0.925394
0.8963541
0.9231153
0.8761152
0.9252872
0.904353
0.918113
0.8971046
0.8736236
0.9252091
0.9101737
0.9312961
0.888076
0.892234
0.9011974
0.8851611
0.8955078
0.9299502
0.9004414
0.8723849
0.9285134
0.8653488
0.9155648
0.8813872
0.9203275
0.8926552
0.9006425
0.9307943
0.88873
0.8902575
0.8797896
0.878399
0.8778989
0.8776631
0.8785559
0.8761059
0.9270218
0.9174205
0.9199217
0.9168479
0.8851101
0.9266603
0.924435
0.920102
0.8906244
0.9043257
0.9092251
0.914332
0.9156761
0.9297272
0.9322581
0.9435166
0.9051069
0.9473793
0.9293478
0.9390219
0.9243362
0.9093999
0.9463099
0.9358632
0.9395887
0.8994307
0.8994621
0.9271567
0.9096286
0.9310513
0.9413006
0.9232924
0.9075253
0.9385103
0.8970048
0.9363326
0.9082278
0.9404169
0.8899151
0.9202652
0.9431387
0.9200235
0.9154949
0.9143838
0.9041435
0.9054751
0.9050564
0.9039005
0.9005854
0.9516695
0.9279606
0.9326264
0.9289649
0.9136532
0.9378049
0.9372091
0.9404984
0.8840486
0.8884945
0.8969032
0.9003852
0.9086914
0.9271692
0.9265694
0.9383468
0.8898557
0.941256
0.9238184
0.9349187
0.9191961
0.8953668
0.9374215
0.9234874
0.9376189
0.8950225
0.8955997
0.9189284
0.8978683
0.922492
0.9372701
0.9199916
0.8915023
0.9367089
0.8849283
0.9252011
0.8957319
0.9322586
0.8922461
0.912564
0.9389758
0.9070866
0.9082187
0.9055652
0.8901343
0.8926544
0.892662
0.8927998
0.8902408
0.9448305
0.9226103
0.924578
0.9193637
0.9034534
0.9332494
0.9363539
0.9341313
0.8835071
0.8717535
0.8888729
0.8906057
0.8952032
0.9200605
0.9137834
0.9237127
0.87259
0.9248563
0.9194406
0.9267871
0.9108828
0.8788356
0.9230139
0.9197364
0.9202821
0.8832309
0.8848238
0.8990412
0.8902881
0.9102276
0.9200668
0.9072298
0.8798846
0.9162666
0.8668226
0.9144764
0.8866739
0.9231071
0.8861686
0.8972048
0.9170441
0.8916908
0.8850036
0.8820174
0.8865875
0.883623
0.8831452
0.8817977
0.8841132
0.9280243
0.9108804
0.9163557
0.9073472
0.889293
0.9196801
0.9162134
0.9207629
0.9089038
0.8845039
0.9019422
0.8902026
0.8702451
0.9204549
0.8898461
0.9023606
0.8838489
0.9040294
0.9011365
0.9135856
0.8911891
0.8854614
0.9002835
0.9015591
0.9057542
0.9045976
0.9052307
0.8881304
0.8970996
0.8910744
0.9123959
0.8990873
0.885509
0.8985069
0.8873286
0.903111
0.8855143
0.8992384
0.9160464
0.9012297
0.9086588
0.8892439
0.8891319
0.8863754
0.8825588
0.8862347
0.8862018
0.8849078
0.883298
0.9069407
0.9113686
0.9134963
0.9091591
0.880305
0.9056303
0.9068389
0.906909
0.887993
0.8821944
0.8894502
0.8869501
0.8670304
0.9216281
0.8982032
0.9147602
0.8802603
0.9201303
0.9032119
0.9147298
0.8938972
0.8769678
0.9142388
0.9076214
0.9194147
0.8948344
0.8940992
0.8958945
0.8785904
0.9029265
0.9218429
0.9044981
0.8771245
0.9204743
0.8798297
0.9153986
0.8804869
0.9097607
0.8973508
0.9051199
0.9254186
0.889928
0.8920207
0.8812558
0.8781826
0.8787116
0.8788866
0.8770137
0.8794628
0.9252182
0.9170231
0.9189112
0.9183788
0.8842055
0.9201291
0.920142
0.9175955
0.899796
0.8925314
0.9022843
0.8953218
0.7782969
0.9244906
0.9124482
0.911652
0.8916307
0.9133998
0.9157697
0.8755777
0.8297468
0.8891525
0.9086654
0.9112424
0.9112675
0.9007991
0.902957
0.8998539
0.8968694
0.9134036
0.9130712
0.9144003
0.8933519
0.9169589
0.8864008
0.9151977
0.8895305
0.9121051
0.9054219
0.9055949
0.9120852
0.8889638
0.8905216
0.8902452
0.8931319
0.8953559
0.8952848
0.8939663
0.8919738
0.9170608
0.9174835
0.9116546
0.9144967
0.8902539
0.91934
0.915902
0.9177122
0.9012983
0.8848572
0.9044649
0.8893956
0.8433545
0.9173284
0.9145419
0.9080219
0.8873585
0.9049917
0.9243313
0.8944549
0.8750632
0.8929461
0.9040596
0.9170286
0.9043095
0.8931377
0.8939551
0.8917218
0.8886939
0.9205756
0.9022722
0.9188197
0.8889731
0.9070839
0.8775665
0.911523
0.8888809
0.9102638
0.9054467
0.9018205
0.905939
0.8822366
0.8863866
0.8817158
0.8901601
0.890343
0.8901115
0.8881373
0.8906261
0.918864
0.9182621
0.9097649
0.9128552
0.8900488
0.9105099
0.9091375
0.9094259
0.9032737
0.8871678
0.9034515
0.893186
0.8460474
0.9183456
0.9112299
0.9026574
0.887698
0.8966757
0.9192462
0.8956966
0.8760835
0.8909275
0.8963884
0.911238
0.902653
0.8968294
0.9000355
0.88545
0.891773
0.909386
0.9059749
0.9199026
0.8911177
0.9009427
0.8781818
0.9106663
0.8900187
0.9039192
0.9102411
0.8958054
0.9006408
0.8814439
0.8826434
0.8729393
0.8932907
0.892716
0.8920075
0.8918288
0.8906081
0.9136249
0.9162616
0.9059408
0.9081281
0.8857884
0.9074141
0.9041989
0.9093123
0.8975009
0.8736324
0.8898118
0.8847461
0.8595931
0.9203723
0.8945329
0.8995379
0.8720682
0.8991187
0.9056831
0.9089052
0.8898366
0.8777958
0.898476
0.9018858
0.8981361
0.8913067
0.8929663
0.8754752
0.8801582
0.8934143
0.9023251
0.8988756
0.8751425
0.8992302
0.8738394
0.904694
0.8762288
0.8952287
0.9087961
0.8933992
0.9034989
0.8796622
0.8797908
0.8664919
0.8787834
0.8806128
0.8805807
0.8802886
0.8796773
0.9063089
0.9085932
0.9101299
0.9050677
0.8739843
0.9010121
0.9062904
0.9085377
0.9047063
0.8771103
0.8970446
0.8879953
0.8653562
0.9177506
0.8969301
0.8921738
0.8801064
0.8909524
0.9046048
0.9100966
0.8902282
0.8725508
0.8920288
0.9029569
0.8956383
0.8978295
0.8939084
0.8777259
0.8827591
0.8923977
0.900431
0.8964257
0.8766862
0.8949832
0.884082
0.9045137
0.8784546
0.8904648
0.9118256
0.8953093
0.9049473
0.8819791
0.8773419
0.8673593
0.882141
0.8822096
0.8815268
0.8815598
0.8827827
0.9012899
0.9061595
0.9100156
0.9069922
0.8753604
0.9067506
0.9026159
0.9040107
0.8991781
0.8700728
0.8914095
0.8787978
0.8803202
0.9141686
0.9013251
0.9050693
0.8701237
0.9088985
0.9010168
0.917471
0.8997565
0.8774682
0.9071586
0.9035299
0.9091363
0.8945042
0.8959892
0.8833127
0.886969
0.900865
0.9133207
0.8997343
0.8812093
0.9051705
0.8824776
0.9025607
0.8839801
0.9063514
0.9063872
0.8954513
0.9111951
0.8865898
0.8802267
0.8822742
0.8840884
0.884639
0.8842444
0.8816508
0.88577
0.9104909
0.9055266
0.903085
0.9009173
0.8884022
0.9123975
0.9068334
0.9125134
0.8922579
0.8779445
0.8959357
0.8778017
0.8591617
0.9190354
0.8931127
0.898527
0.8764061
0.9040555
0.904346
0.9002919
0.8855218
0.8639114
0.8997107
0.8974842
0.9056099
0.8925952
0.8960435
0.881253
0.8775819
0.8920635
0.9096839
0.9056537
0.8758101
0.9014862
0.8708896
0.9013802
0.8742337
0.8920405
0.9021827
0.8908269
0.9075588
0.8774967
0.8802072
0.8705102
0.878722
0.8786705
0.8785981
0.8761145
0.8768042
0.9086725
0.9118884
0.9130831
0.9127987
0.8732307
0.9096017
0.9068169
0.912906
0.8963552
0.868982
0.8845681
0.8741953
0.8632825
0.9193326
0.8896911
0.9078308
0.8732977
0.9088914
0.9031675
0.9117678
0.890963
0.8665457
0.9073037
0.906189
0.9134852
0.8879698
0.889871
0.8903975
0.8846043
0.892738
0.9096647
0.8969962
0.8722716
0.9090581
0.8742335
0.9075465
0.876616
0.9024461
0.8978701
0.8972349
0.9155816
0.8856701
0.8830971
0.8798617
0.8766248
0.8779252
0.8771156
0.8794401
0.8768653
0.9193725
0.911883
0.9118946
0.9110206
0.8761017
0.9150125
0.9136954
0.9097103
0.8985083
0.906599
0.9113889
0.9085894
0.9067624
0.9370071
0.9225345
0.9399378
0.9069522
0.9417993
0.9252775
0.9337235
0.917795
0.9033015
0.9424311
0.9336876
0.9405459
0.9038076
0.9046514
0.9236652
0.9077833
0.9220534
0.9404264
0.9217848
0.9039558
0.9408397
0.905465
0.9306997
0.9022445
0.9381354
0.9027374
0.9218969
0.9431024
0.9140267
0.9123872
0.9113542
0.9032874
0.9050441
0.9050894
0.9024649
0.9005879
0.9466019
0.932256
0.9331227
0.9313486
0.9120752
0.9366317
0.9374091
0.9353909
0.8988205
0.8843321
0.8953586
0.8884439
0.8742167
0.9153629
0.8924574
0.8989163
0.8821064
0.9037404
0.9023772
0.9128044
0.8967417
0.8794496
0.9018844
0.902322
0.9079833
0.9021676
0.9012852
0.8850853
0.890422
0.8937493
0.9071654
0.8995071
0.8887533
0.9022375
0.8790617
0.9067524
0.8836505
0.8994573
0.9059712
0.8995756
0.9097222
0.8841985
0.8888191
0.8816526
0.8830572
0.8863855
0.8863527
0.8853113
0.8866775
0.9116722
0.9108325
0.9077876
0.9078507
0.8871585
0.9061428
0.9033986
0.9088544
0.8903938
0.874282
0.8894773
0.8854364
0.8803882
0.9171867
0.8952166
0.9045036
0.8748263
0.9054771
0.904112
0.918184
0.899185
0.8738497
0.906684
0.9023852
0.9104691
0.8942624
0.8946069
0.8895592
0.888338
0.8927872
0.906776
0.8998667
0.875252
0.9125997
0.8797269
0.9074074
0.8864375
0.9035323
0.9017797
0.8986453
0.9128192
0.8867579
0.8848876
0.8846572
0.8826286
0.8858922
0.8856988
0.8850816
0.8846042
0.9189947
0.9099309
0.9073522
0.9090592
0.8784761
0.9093988
0.913193
0.9082747
0.905352
0.8816054
0.8997555
0.8911202
0.8819744
0.9156291
0.9038805
0.8980036
0.8814093
0.9042972
0.9115415
0.9119193
0.9016242
0.8851604
0.8988034
0.9059875
0.8997017
0.8959053
0.8974829
0.8781994
0.8916354
0.9064587
0.9003463
0.9063098
0.8865938
0.8989147
0.8796303
0.9011151
0.8839142
0.9006814
0.9124665
0.8923913
0.9029229
0.8865125
0.8808999
0.8786199
0.8899876
0.8882743
0.8888485
0.8869318
0.8874686
0.908781
0.9092914
0.9081232
0.9050238
0.8848227
0.9047931
0.90238
0.9083903
0.9365662
0.9214966
0.9264114
0.9152632
0.9066687
0.9222707
0.9067665
0.902781
0.9220278
0.899452
0.9133
0.9311029
0.9258287
0.9212661
0.8991108
0.9154818
0.9053057
0.9300596
0.9333161
0.9030461
0.9245318
0.9061829
0.9135325
0.9152955
0.9227447
0.9018808
0.9244227
0.9030535
0.9205375
0.9003349
0.9418838
0.9250635
0.9070644
0.9127076
0.9139281
0.9149859
0.9205015
0.9193736
0.9192985
0.9196506
0.9195795
0.9049333
0.9195043
0.9130238
0.9133242
0.917092
0.9130853
0.9123537
0.9119991
0.8907551
0.8549735
0.875705
0.8684696
0.8826041
0.9207693
0.8985492
0.9160108
0.8538779
0.9143235
0.9012092
0.9119651
0.8980004
0.8530875
0.9134333
0.9035302
0.9160723
0.8492906
0.8508648
0.8981545
0.7783511
0.9010598
0.9178861
0.903042
0.8431387
0.9159727
0.8773292
0.9159099
0.8435407
0.9069465
0.8991543
0.8821449
0.9183761
0.8915766
0.8735228
0.8464328
0.8349393
0.8388979
0.8384728
0.8343963
0.8358367
0.9204616
0.9131306
0.9170555
0.9096662
0.8527972
0.9145473
0.9161903
0.9156584
0.9305007
0.9141168
0.9204363
0.9149645
0.8987369
0.9168163
0.884614
0.8610596
0.9129478
0.8588018
0.8974985
0.9230769
0.9183848
0.9087862
0.8607454
0.8985555
0.8624318
0.9316466
0.9298879
0.8974019
0.9196464
0.8871094
0.8779504
0.9020486
0.9119255
0.8685638
0.9158131
0.9015095
0.9102652
0.8576556
0.9384406
0.9176046
0.8754812
0.910927
0.9130623
0.9088869
0.9118954
0.9120248
0.9118741
0.9136336
0.9114779
0.8937645
0.9110647
0.9157978
0.914311
0.9037045
0.8747437
0.8779056
0.8725186
0.936494
0.9127752
0.9255384
0.9145621
0.9010529
0.9148591
0.8987263
0.8535057
0.9113279
0.832704
0.9073553
0.9212364
0.9170671
0.9122635
0.8342461
0.9023486
0.8403499
0.9286523
0.9297668
0.8905618
0.9210611
0.898625
0.8539958
0.9112325
0.9181461
0.8492948
0.9166548
0.8967965
0.9170552
0.8456077
0.93973
0.9167139
0.8556633
0.9057352
0.9104542
0.9047931
0.9176728
0.9186134
0.9188908
0.9156934
0.9184611
0.8927822
0.9074561
0.9106575
0.9061641
0.9068278
0.8550344
0.8582263
0.8676991
0.9291278
0.9110054
0.9188337
0.9085372
0.9055378
0.9182147
0.891839
0.8641825
0.9095303
0.8541587
0.9044602
0.9273336
0.9249135
0.9071849
0.8555581
0.9024811
0.8590558
0.9245853
0.9270501
0.8948811
0.9134892
0.8942051
0.8708576
0.9043236
0.917142
0.858515
0.9137187
0.8978419
0.9136747
0.8546714
0.9349439
0.9122295
0.8702946
0.9099499
0.9085819
0.9021367
0.9110579
0.9083384
0.909361
0.9085412
0.9079112
0.8978497
0.912121
0.909725
0.9086425
0.9079662
0.8719223
0.8678584
0.872137
0.9368083
0.9182192
0.929661
0.9121614
0.914687
0.9154232
0.9214552
0.8992482
0.9160158
0.8968683
0.9308198
0.9280528
0.9271667
0.9154437
0.893082
0.9222155
0.8966927
0.9267354
0.9250018
0.8927426
0.9220222
0.9237723
0.8968509
0.9298264
0.9200616
0.8933661
0.9177164
0.9059968
0.9229622
0.9004366
0.9327273
0.9164314
0.8929826
0.9155371
0.903583
0.9079887
0.9208207
0.9203268
0.9201784
0.9194336
0.9200985
0.9085738
0.9150058
0.90313
0.9033856
0.9150245
0.903662
0.9009077
0.9112868
0.9422786
0.917376
0.9337795
0.9176925
0.9086467
0.9161785
0.9195336
0.8591236
0.9188309
0.8414673
0.9283574
0.9213347
0.9274446
0.9233278
0.8428876
0.9156893
0.845016
0.9294575
0.9289003
0.8892923
0.9213906
0.9217448
0.8614026
0.9305646
0.9288744
0.8526517
0.9172235
0.9015607
0.9226509
0.864454
0.9428672
0.9161963
0.8491761
0.9092391
0.9030586
0.907962
0.9231656
0.9228219
0.9225558
0.9219577
0.9242201
0.8943489
0.9144454
0.906692
0.9060656
0.9196972
0.8702052
0.8649415
0.8783296
0.9334095
0.9136609
0.9278971
0.9125929
0.9041419
0.9176079
0.9035388
0.8441809
0.9128952
0.7833737
0.9106883
0.9236234
0.9192347
0.9148686
0.7770138
0.9023517
0.821505
0.9260514
0.9295073
0.89071
0.9200618
0.8997644
0.8490329
0.9148716
0.91664
0.8445204
0.9144204
0.9024365
0.9175607
0.8477428
0.9397623
0.9179734
0.8451996
0.9043253
0.9058057
0.9035424
0.9189342
0.9176803
0.9176862
0.9162983
0.9176067
0.8904429
0.9143742
0.9093305
0.9092152
0.9076961
0.854681
0.8560471
0.8641794
0.9340659
0.9133181
0.9279716
0.9140757
0.9016139
0.916199
0.902984
0.8420193
0.9117321
0.767907
0.9093987
0.9213747
0.9193435
0.9129326
0.4345004
0.9028152
0.8220773
0.9279232
0.9298141
0.8908044
0.9207076
0.9029786
0.8473771
0.9188812
0.9186668
0.8504626
0.9143918
0.8993731
0.9157786
0.8449541
0.9393427
0.9142747
0.8509843
0.9035417
0.9035632
0.9025111
0.9158862
0.9165125
0.9171347
0.9146203
0.9140046
0.8886492
0.9150281
0.9089249
0.9103895
0.9080637
0.8562593
0.8539164
0.8649159
0.9321513
0.9117147
0.9221603
0.9105186
0.9008584
0.9149901
0.896801
0.855885
0.9108328
0.8380528
0.9041748
0.927855
0.9154915
0.9082063
0.8315639
0.8994991
0.8464691
0.9294244
0.9288818
0.8960634
0.9184331
0.889351
0.8581488
0.9108132
0.9121828
0.8558053
0.9165645
0.9008028
0.9129006
0.8549789
0.9378109
0.9118921
0.8577724
0.9049154
0.9083817
0.9044527
0.9116896
0.9121253
0.9120544
0.9109332
0.913322
0.8929026
0.9111049
0.9104451
0.9125527
0.9088943
0.8582716
0.8635439
0.8661856
0.9285376
0.9213198
0.9273922
0.9223826
0.9200165
0.0604412
0.9183988
0.9144178
0.9200288
0.9134184
0.9205015
0.9350057
0.9321584
0.9202513
0.9168477
0.9233003
0.9165363
0.9262897
0.9270324
0.9150488
0.9205379
0.9216838
0.9162017
0.9222751
0.9209041
0.9147697
0.9249135
0.9148664
0.9236863
0.9175478
0.9303345
0.9219748
0.9171263
0.9195061
0.9151494
0.918088
0.9208539
0.9233718
0.9231559
0.922698
0.9202334
0.9223397
0.8969728
0.8910654
0.8983045
0.9212165
0.9153878
0.9155035
0.9174909
0.9341298
0.9126367
0.9255172
0.91379
0.8985476
0.9129592
0.895141
0.8095181
0.9099762
0.8366876
0.9036427
0.9206944
0.9169565
0.9132275
0.8374525
0.9000872
0.8508506
0.9235705
0.9262104
0.8869891
0.9179423
0.8956852
0.8584159
0.9054153
0.916397
0.8469808
0.9168918
0.8944254
0.9126283
0.7842166
0.9407351
0.9124561
0.8589165
0.9045152
0.9060551
0.9062624
0.9186442
0.9148867
0.9160601
0.9148082
0.9175708
0.8856247
0.9125375
0.9056372
0.9051113
0.9085179
0.859855
0.8666848
0.8645061
0.9394169
0.9202664
0.9295053
0.9218114
0.9123361
0.9212441
0.9068471
0.8774348
0.9183285
0.8683283
0.9119081
0.9327609
0.9239463
0.9178564
0.8643959
0.9064169
0.8705296
0.9338273
0.9350272
0.8990341
0.9251212
0.9070871
0.8803166
0.9176332
0.9226159
0.8706341
0.9184316
0.9061402
0.9214915
0.8749066
0.9430808
0.9201306
0.8808485
0.9107011
0.9145351
0.90912
0.9230904
0.9215045
0.9220409
0.9217229
0.9251753
0.8946109
0.9157504
0.914493
0.9136921
0.9135968
0.8803981
0.8812604
0.8843688
0.9097867
0.8971352
0.9100712
0.9034271
0.8951264
0.922559
0.9211876
0.9072497
0.8974211
0.9050285
0.9251846
0.9165087
0.91217
0.8995221
0.9103709
0.9185143
0.9062398
0.9057222
0.9073949
0.8941751
0.9032856
0.9180615
0.9073672
0.9201779
0.9022616
0.9063853
0.8903172
0.9180752
0.9020641
0.9116539
0.9114751
0.9057396
0.9098886
0.8924294
0.8940349
0.8913824
0.9032015
0.9034537
0.9033033
0.9018152
0.9027489
0.9184797
0.9217469
0.9128673
0.9120118
0.8995476
0.9136685
0.9156312
0.9162749
0.892524
0.8826953
0.8955384
0.8861026
0.8719014
0.9179957
0.8975461
0.8999309
0.8815313
0.9031584
0.9116524
0.9074936
0.891793
0.8807313
0.9000326
0.9074009
0.9013422
0.8981265
0.8989781
0.8825264
0.8837936
0.9057358
0.904738
0.9123777
0.8825769
0.9020875
0.8700225
0.9067274
0.8834829
0.8950929
0.8993222
0.8927727
0.9073787
0.8845382
0.8850309
0.8732189
0.8799478
0.8798145
0.8798638
0.8781124
0.8801029
0.9116391
0.9137491
0.9068099
0.911619
0.8810787
0.9117289
0.9080729
0.9105665
0.8909998
0.8649417
0.8826268
0.8810461
0.8917084
0.9169279
0.9081326
0.9134125
0.866851
0.9157512
0.9114373
0.9195837
0.9052294
0.8680238
0.9142989
0.9115985
0.9141942
0.872965
0.8752068
0.8930041
0.8633691
0.9071873
0.9151509
0.903825
0.858597
0.9139282
0.880194
0.9116184
0.8694456
0.9112281
0.9021211
0.8860215
0.917385
0.891186
0.8739907
0.8552008
0.8640327
0.8644018
0.8636662
0.8618551
0.8635369
0.9213765
0.9118473
0.9107935
0.9065575
0.8735031
0.9156673
0.9160239
0.9175986
0.9323127
0.9132754
0.9208767
0.9169086
0.90423
0.9197826
0.8998433
0.85487
0.9125517
0.8336989
0.906386
0.9279528
0.9225032
0.9108809
0.8341755
0.9045165
0.8461276
0.9298154
0.927825
0.8979548
0.922096
0.8951771
0.8588165
0.9121188
0.9154352
0.8570025
0.9155156
0.9027222
0.9189426
0.8511382
0.9392645
0.9160329
0.8624542
0.9066535
0.9074805
0.9061667
0.9140567
0.9141819
0.9142645
0.9131861
0.9145296
0.8979054
0.9138802
0.91347
0.9078658
0.9095023
0.8533222
0.8555406
0.8655569
0.9249922
0.8980715
0.9170313
0.9006677
0.9022731
0.9141518
0.915268
0.8957304
0.8997018
0.8917251
0.9200618
0.9253778
0.913349
0.9116154
0.8923983
0.9148252
0.8927502
0.9141083
0.9175907
0.8865949
0.9085046
0.9159589
0.8965316
0.922147
0.9113915
0.8903135
0.9062345
0.9026434
0.9102236
0.8976153
0.9290888
0.9028101
0.896657
0.8957916
0.8955828
0.891578
0.9077905
0.9086991
0.908861
0.9067612
0.9078464
0.9031599
0.9118077
0.9079022
0.9056219
0.9056832
0.9048156
0.90241
0.9059946
0.8939789
0.8751143
0.8875289
0.8880041
0.8795852
0.9177756
0.8970504
0.9043681
0.8745883
0.9053829
0.9027344
0.9175351
0.9007258
0.8731943
0.9073418
0.9007241
0.9082697
0.8947952
0.893199
0.8883631
0.8890725
0.8926043
0.90487
0.8992139
0.8792076
0.9119626
0.8782385
0.9052328
0.8825363
0.9018824
0.9027341
0.899598
0.9144144
0.8870927
0.8842128
0.8806128
0.8810555
0.8845735
0.8846224
0.8830335
0.8839302
0.9146359
0.9109406
0.9118583
0.9089323
0.8799942
0.9102107
0.9117874
0.9107271
0.8923818
0.8639453
0.8871302
0.8819658
0.900837
0.9215106
0.9211126
0.9266554
0.8643288
0.9260298
0.9275168
0.929626
0.9128853
0.8666593
0.9259168
0.9253113
0.9268463
0.8447995
0.8450037
0.9119357
0.856589
0.9223108
0.9248486
0.9226822
0.8525003
0.9235373
0.8843278
0.9218206
0.8605229
0.9256303
0.8912813
0.8921634
0.9240958
0.9018865
0.872862
0.8622595
0.8644037
0.8648145
0.8654043
0.8634273
0.8621194
0.933331
0.9186479
0.9214476
0.9164152
0.8715201
0.926451
0.9257006
0.9290521
0.9032823
0.8934225
0.9004022
0.8972339
0.8382199
0.9255424
0.9127575
0.9190821
0.8938629
0.9148288
0.9162621
0.901605
0.8674721
0.8945393
0.919133
0.9145862
0.9175098
0.8974422
0.8984055
0.9028019
0.8936125
0.9132946
0.9182797
0.9166521
0.8912795
0.9174215
0.8886014
0.9216183
0.8927519
0.915854
0.910943
0.9078419
0.9198412
0.888479
0.899355
0.8912997
0.8882891
0.8905331
0.8895511
0.8888215
0.8906952
0.9276631
0.9247873
0.9193308
0.920209
0.8924869
0.9202554
0.9199209
0.9225322
0.929972
0.910145
0.9198182
0.9099476
0.9017631
0.9207604
0.8874092
0.8621483
0.9078777
0.8483133
0.8933507
0.928771
0.9212878
0.9059838
0.8482484
0.8979207
0.8582279
0.9263691
0.9289479
0.8952325
0.9194564
0.8845627
0.8682492
0.8997006
0.9083763
0.8671297
0.9124147
0.9033087
0.9133338
0.85711
0.9379724
0.9174689
0.8704555
0.9089353
0.9095161
0.9027422
0.9119165
0.911538
0.9109589
0.9112297
0.9094696
0.8975556
0.9142216
0.917489
0.9137027
0.9038669
0.8664794
0.8688885
0.8695816
0.9301855
0.9098226
0.9211447
0.9093494
0.9035214
0.9183844
0.8963914
0.864286
0.9082671
0.8430118
0.9041758
0.9261869
0.9186958
0.9100032
0.8457416
0.9034968
0.8529188
0.9241093
0.9232123
0.8937865
0.9198294
0.8948485
0.8627229
0.9064917
0.9122794
0.8598821
0.9150837
0.9033242
0.9136975
0.8599711
0.9363152
0.916217
0.8631222
0.9061698
0.9050738
0.9019304
0.9141869
0.9118718
0.9112175
0.9114479
0.9119526
0.8979676
0.9105053
0.913014
0.9066281
0.9030151
0.8631228
0.8650328
0.8669702
0.9284663
0.9101962
0.9197829
0.9141512
0.9042749
0.9203494
0.8864689
0.8646438
0.9090681
0.8516572
0.893459
0.9296998
0.9216685
0.9050484
0.8535873
0.898064
0.8572948
0.9254215
0.927964
0.8936389
0.9201851
0.8873999
0.8680042
0.8988793
0.9090582
0.8663252
0.9161183
0.903982
0.9115566
0.8605778
0.9358209
0.914005
0.8686181
0.9111988
0.9093328
0.904659
0.9077017
0.9079118
0.9080361
0.9080373
0.9059103
0.895586
0.9137351
0.9152162
0.9114539
0.9025427
0.8680374
0.8689865
0.8707396
0.9311248
0.908027
0.9210182
0.9135448
0.901378
0.9156105
0.8901965
0.8585738
0.9076415
0.8446175
0.8991176
0.924418
0.9189075
0.9046791
0.8461479
0.900404
0.8485092
0.923838
0.9237357
0.8946097
0.9219086
0.8873645
0.8602155
0.9024355
0.9091596
0.865192
0.9139073
0.8996828
0.9102541
0.8563392
0.9376579
0.915815
0.8656716
0.9071816
0.9073541
0.903542
0.9083534
0.9080534
0.9076288
0.9074738
0.9058972
0.8890152
0.907558
0.9131413
0.9067425
0.9025724
0.8628159
0.8605374
0.8690203
0.9249049
0.9121024
0.9207869
0.9111008
0.9071003
0.9255948
0.8922678
0.8765483
0.9114896
0.8628959
0.899252
0.9307554
0.9243352
0.9084323
0.8648924
0.9052395
0.8722842
0.9255468
0.9281828
0.9040597
0.9203115
0.8880668
0.8756136
0.8985318
0.91412
0.8721897
0.9128765
0.9086044
0.9108208
0.8746913
0.9332596
0.91984
0.8798894
0.9159079
0.9131873
0.9105529
0.9118065
0.912591
0.9127517
0.9125545
0.9106209
0.9064642
0.9160186
0.9225521
0.9132393
0.9079167
0.8770183
0.8758563
0.8748279
0.9297803
0.909385
0.9219149
0.9134255
0.9010273
0.9203373
0.8919508
0.8594771
0.9080178
0.845411
0.9001912
0.9247825
0.9191477
0.904018
0.8417473
0.90017
0.8544359
0.927345
0.9276235
0.8935037
0.9205164
0.8895941
0.8596378
0.9014845
0.910286
0.8538553
0.9136749
0.9018584
0.9123874
0.8556566
0.9365708
0.9128332
0.8605828
0.9098527
0.9108331
0.8984213
0.9144718
0.9116012
0.9113343
0.9115656
0.9108623
0.8929004
0.9104252
0.9120481
0.9078458
0.903808
0.8577606
0.8611889
0.8669338
0.9313722
0.911406
0.9203295
0.9117265
0.9024452
0.9213366
0.8953547
0.8677453
0.9115685
0.8476392
0.8999423
0.9292351
0.9222113
0.9047222
0.8468144
0.9038455
0.8546113
0.9266103
0.9274551
0.8971385
0.9185886
0.8923643
0.8629243
0.9037916
0.9120745
0.8667401
0.9178102
0.9045894
0.9128788
0.8604678
0.9382844
0.917595
0.8685623
0.9132876
0.9087013
0.9048873
0.9129796
0.9131073
0.9134636
0.9089734
0.910966
0.8996766
0.9120964
0.9128521
0.9112616
0.9056882
0.8681956
0.8680121
0.8738262
0.9307703
0.9139423
0.9195255
0.9138849
0.9066389
0.9211872
0.8892935
0.8633509
0.9121198
0.848032
0.8997548
0.9295686
0.9215293
0.9014628
0.8476547
0.9023915
0.8530724
0.9243001
0.9250326
0.8947253
0.91905
0.889397
0.8632987
0.8998394
0.9120405
0.8627533
0.9162419
0.8998411
0.9138922
0.8570498
0.9385719
0.9132459
0.8617905
0.9128287
0.907725
0.9075346
0.9105265
0.9085421
0.9081955
0.908079
0.9073674
0.8946613
0.9073819
0.9106356
0.9055567
0.9050667
0.8638317
0.8621922
0.8667019
0.9273178
0.9085093
0.9218166
0.9117847
0.90272
0.9235682
0.8893193
0.8703711
0.9069926
0.855714
0.8943292
0.9251542
0.9208454
0.9014579
0.8562388
0.8979548
0.8595453
0.9243173
0.925234
0.896489
0.9166196
0.8875872
0.8703759
0.8973231
0.9083088
0.8716985
0.9140509
0.8997683
0.9114991
0.8646665
0.9330309
0.9181821
0.8696391
0.906461
0.9073318
0.9039283
0.9117899
0.9102486
0.9100995
0.9091266
0.9112616
0.8919946
0.9106675
0.9145241
0.9112451
0.9060971
0.8680781
0.8717507
0.8757313
0.9336303
0.9123653
0.9204186
0.9136937
0.9073382
0.9218217
0.8958401
0.8690063
0.9106338
0.8519559
0.8984492
0.9264456
0.9270945
0.9092144
0.8551732
0.8986603
0.8579644
0.9278261
0.9286609
0.8966903
0.9207387
0.8907924
0.8671227
0.9005451
0.9154555
0.8647276
0.915688
0.9004855
0.914201
0.8612601
0.9380725
0.9148832
0.8689172
0.9089658
0.9094631
0.903818
0.9141117
0.9126984
0.9127046
0.9128927
0.9118919
0.8987794
0.9141598
0.9165138
0.9105353
0.9059388
0.8683836
0.8724296
0.871813
0.9327321
0.9136701
0.9195467
0.9132994
0.9039077
0.9192534
0.8948224
0.863593
0.9115408
0.8441533
0.9042469
0.9240188
0.9218471
0.9086256
0.8436292
0.9040796
0.8452231
0.9249877
0.9257177
0.8942153
0.9207104
0.8957625
0.8643537
0.9072374
0.9154256
0.8553462
0.9174952
0.9028543
0.9120719
0.860706
0.9391983
0.9130939
0.8588591
0.9088872
0.907899
0.9014064
0.915503
0.9155511
0.9154799
0.9147005
0.9128449
0.8964221
0.9125626
0.9111889
0.9087033
0.9032826
0.8632086
0.8588185
0.8702918
0.9309489
0.9126575
0.9219326
0.9089004
0.9019424
0.9190395
0.8894227
0.8676605
0.9103626
0.8451683
0.900036
0.9284018
0.9218657
0.9086113
0.8503449
0.9016021
0.852746
0.9270925
0.9283882
0.8949335
0.9168617
0.890877
0.8652093
0.9006854
0.9149233
0.8601687
0.9199083
0.9020147
0.9126879
0.8559764
0.9381193
0.9180121
0.8637666
0.9085235
0.9083546
0.9018899
0.9142653
0.9120206
0.9122606
0.9119456
0.9123743
0.896167
0.9118711
0.9125054
0.9086124
0.9083644
0.8697806
0.8659985
0.8760581
0.9321223
0.9121641
0.9222902
0.9107341
0.9094177
0.9183285
0.8946782
0.8735649
0.9115513
0.8525707
0.9040593
0.925465
0.9252948
0.9084942
0.8519933
0.9065887
0.8555677
0.9271458
0.9259971
0.9001556
0.9196532
0.8993763
0.8665267
0.906719
0.9143752
0.8631762
0.9183115
0.9008331
0.9128509
0.8654971
0.9358219
0.913819
0.8690912
0.9111456
0.911313
0.9074266
0.9115973
0.9107181
0.9110344
0.9099865
0.9111087
0.8985296
0.9140054
0.9138652
0.9122746
0.9086383
0.8742663
0.8666871
0.8744276
0.92561
0.9074914
0.9186341
0.9097922
0.9064404
0.923396
0.9164415
0.9119845
0.906589
0.90955
0.9218941
0.9260183
0.9183736
0.9078819
0.9054226
0.9191287
0.9097411
0.9175775
0.9181017
0.9027909
0.9101498
0.9164503
0.9105683
0.9185456
0.9120932
0.9107086
0.9067088
0.9113737
0.9143603
0.9110541
0.9244447
0.9162715
0.9095718
0.9054738
0.9034538
0.9038488
0.9119514
0.9110237
0.9101647
0.9108023
0.9120781
0.9120526
0.9142076
0.9210158
0.9112733
0.9064034
0.9162333
0.9144343
0.9132708
0.9185667
0.901133
0.914505
0.9010837
0.8989523
0.9168774
0.9039606
0.8960093
0.9011776
0.9024875
0.9132513
0.92283
0.9169049
0.9022484
0.895815
0.9107848
0.8988924
0.9101387
0.9109917
0.8917209
0.9074099
0.9052937
0.9003138
0.9110592
0.9048143
0.8955754
0.9046695
0.9011624
0.9040129
0.8983182
0.9231387
0.9072798
0.8963912
0.8998391
0.8986865
0.8942464
0.9050659
0.9066183
0.906999
0.905129
0.9058719
0.9028193
0.9083006
0.9101085
0.9080042
0.9004021
0.9052166
0.9043237
0.907179
0.8890241
0.8520118
0.8737563
0.8696565
0.8816094
0.921224
0.8990333
0.9202906
0.8546231
0.9195848
0.9011063
0.9197878
0.8992223
0.8529379
0.919104
0.9066855
0.9181953
0.8559826
0.8512706
0.9021182
0.7768445
0.9022964
0.9269667
0.9047823
0.840808
0.9205366
0.8822705
0.9152897
0.8444287
0.9149812
0.898038
0.8891847
0.924968
0.8904442
0.8739533
0.8498956
0.8407895
0.8476393
0.8468324
0.8436283
0.8433247
0.9260061
0.9162504
0.916535
0.9136444
0.8544761
0.9184277
0.9201726
0.9212743
0.9335484
0.911992
0.925922
0.9139078
0.9125751
0.9197839
0.9023396
0.8664617
0.9129274
0.8680182
0.9076934
0.9306485
0.9276179
0.9100761
0.869036
0.9043699
0.8756457
0.9271183
0.9282944
0.9005545
0.918128
0.9026837
0.8836151
0.9062973
0.9152126
0.8732558
0.9189132
0.9071575
0.9139148
0.8599157
0.935038
0.9187304
0.8858356
0.9138552
0.9154754
0.909545
0.9132059
0.9147221
0.9140339
0.9127159
0.9132584
0.9054837
0.9128554
0.915431
0.9120675
0.911794
0.8706223
0.8720872
0.8773946