0.8364504
0.8329659
0.8362522
0.8370808
0.8504604
0.8443123
0.9123372
0.8984229
0.9180374
0.9074862
0.9178394
0.91047
0.9106133
0.9004422
0.9166461
0.9088609
0.9104031
0.9034771
0.9146696
0.907555
0.9104393
0.9080888
0.9176227
0.9075305
0.9044457
0.8930628
0.8928558
0.8819732
0.8510367
0.9263777
0.927353
0.9012714
0.8912413
0.8489638
0.8861657
0.8968173
0.89471
0.8899978
0.9000037
0.8986024
0.8996775
0.9035581
0.835863
0.8354653
0.8456918
0.9198871
0.9222971
0.9063134
0.8350449
0.9105967
0.8978215
0.9087854
0.9014854
0.9095347
0.9074533
0.9097501
0.9124845
0.9157717
0.9130546
0.9032465
0.9075153
0.9122044
0.8987899
0.9034706
0.8991962
0.9159883
0.9105592
0.8376396
0.9020175
0.9036059
0.9058769
0.9029258
0.9092112
0.8296735
0.8313832
0.8290092
0.9128843
0.908385
0.9210095
0.9215866
0.9138185
0.92419
0.9251011
0.9099724
0.9028629
0.9007576
0.9043122
0.9158278
0.8968521
0.9022292
0.9131705
0.8423619
0.907948
0.9136529
0.9097183
0.9199667
0.9169537
0.9140351
0.9068928
0.9189729
0.8790273
0.8763946
0.8711881
0.8773557
0.8881382
0.8872137
0.8939318
0.8912068
0.9023113
0.9107041
0.9231308
0.9110269
0.8956913
0.8978785
0.9215534
0.9014059
0.880669
0.8908006
0.8923839
0.9055289
0.8985127
0.8806443
0.9079252
0.8944393
0.8867882
0.7831081
0.7962296
0.8267586
0.8894683
0.8954175
0.8971834
0.8815824
0.7961188
0.8833425
0.8497833
0.8511647
0.8711271
0.8466574
0.891163
0.8930471
0.8829212
0.8821356
0.8880947
0.8890803
0.8912838
0.9184743
0.9192353
0.8985241
0.87989
0.8980561
0.8853543
0.8852417
0.8865581
0.8856892
0.8921388
0.8917012
0.88996
0.9101788
0.8867468
0.8933493
0.9117867
0.915813
0.8921828
0.8975487
0.8934105
0.8986165
0.8849993
0.8799646
0.8990885
0.8971561
0.8948017
0.8979504
0.8814323
0.8809436
0.8797382
0.8826313
0.9126798
0.9125545
0.9049724
0.8949949
0.9097321
0.9144173
0.9155434
0.8967674
0.8822557
0.8903954
0.9035384
0.892806
0.8895885
0.8886008
0.9106141
0.8924629
0.908763
0.8967577
0.9009129
0.9143118
0.9229993
0.9132631
0.9032881
0.9183508
0.8803297
0.8798557
0.8749077
0.8826253
0.8905323
0.885734
0.8997427
0.895803
0.9005044
0.9100935
0.9256726
0.9117025
0.8978614
0.8977298
0.9222466
0.9060756
0.8849538
0.8909522
0.8976922
0.9094527
0.900072
0.8865573
0.9125516
0.8978537
0.8938
0.7709104
0.7774334
0.8302787
0.8904685
0.8984128
0.9031624
0.8823793
0.7764379
0.8844162
0.8503019
0.8508482
0.8749813
0.8496128
0.8976848
0.8990015
0.8868127
0.8866371
0.886889
0.8880833
0.8907906
0.9167212
0.9204979
0.8998518
0.8802162
0.9037769
0.8897201
0.8933343
0.8905067
0.8895807
0.8987542
0.8974276
0.8941839
0.9154965
0.8872294
0.8956768
0.9103618
0.909676
0.9000144
0.9028358
0.8964898
0.9001804
0.8908112
0.8810781
0.9038967
0.8985628
0.8983266
0.8948074
0.8892893
0.8869744
0.8857751
0.8875495
0.9147419
0.907917
0.9092949
0.9004061
0.9101667
0.9177591
0.9179314
0.8959582
0.8853519
0.8872751
0.9048681
0.8951195
0.8926243
0.8916283
0.9080591
0.8962344
0.9067322
0.8970047
0.904621
0.9117284
0.9207865
0.918304
0.903316
0.9175429
0.8869024
0.881387
0.8794232
0.8829132
0.8952688
0.8883227
0.8994585
0.8913858
0.9039373
0.9128935
0.9251952
0.9160275
0.9033032
0.8979667
0.9196294
0.907538
0.8905632
0.8909348
0.8988915
0.907896
0.9043475
0.8881052
0.9097554
0.9014714
0.8918397
0.7964007
0.8002434
0.8404937
0.8894401
0.8996302
0.9028612
0.8906453
0.8045199
0.8887464
0.8553231
0.8556937
0.8758012
0.8549419
0.8992061
0.9017696
0.8887111
0.8874111
0.889976
0.8911116
0.8943155
0.9208414
0.9236697
0.9010963
0.883344
0.9100363
0.889611
0.8957049
0.8891056
0.8922144
0.8968204
0.895377
0.8966567
0.9160846
0.891645
0.8977702
0.9140386
0.9156903
0.900586
0.9029323
0.8970116
0.9000067
0.8961351
0.8833526
0.8988659
0.8974453
0.8992887
0.9001963
0.8921058
0.8842098
0.8841213
0.8846675
0.914179
0.9112714
0.907711
0.8999933
0.9091655
0.9154224
0.9154417
0.9015154
0.8885652
0.8924004
0.9037893
0.9003639
0.8947918
0.8933486
0.911414
0.8975588
0.9103542
0.8972591
0.9053811
0.9153589
0.9209616
0.9148206
0.9048249
0.9223712
0.8754405
0.8746664
0.8689573
0.8769694
0.8844921
0.882609
0.8883179
0.8880432
0.8991881
0.9087132
0.9220161
0.9104011
0.8950057
0.8931683
0.920037
0.9041008
0.8814168
0.8816546
0.8931758
0.9033055
0.8964544
0.8793019
0.908847
0.8916548
0.8875363
0.7768026
0.7855809
0.8256197
0.88387
0.8904245
0.8930553
0.8794452
0.7853512
0.881958
0.8436397
0.8451875
0.8684389
0.8431129
0.8915105
0.8958815
0.8816868
0.8812728
0.8861657
0.8881021
0.8903695
0.9158985
0.9198359
0.8972981
0.8798054
0.9025361
0.8860351
0.8826667
0.8871611
0.8838265
0.8922803
0.8918401
0.8862227
0.9123164
0.8847047
0.8903834
0.9111676
0.9109878
0.8935342
0.8933872
0.8908655
0.8935419
0.8887407
0.87776
0.8963877
0.8916472
0.8869737
0.8929909
0.8830134
0.8746703
0.8744941
0.8785905
0.9126113
0.9075436
0.9014378
0.8926049
0.9028465
0.9096586
0.9099904
0.8972784
0.8824676
0.8815907
0.9007631
0.8914408
0.8832673
0.8858636
0.906241
0.8911776
0.9084381
0.8929583
0.901776
0.9140992
0.9212869
0.9163538
0.9018275
0.9185041
0.8763409
0.8734855
0.8693596
0.8768806
0.8827851
0.8812179
0.8912627
0.8874807
0.9006991
0.9089507
0.9250387
0.913769
0.8975649
0.8954552
0.9202491
0.9035869
0.8811272
0.8828108
0.8927485
0.9059682
0.896078
0.8806037
0.9127843
0.8926696
0.8879665
0.7789806
0.7842315
0.8261336
0.8839981
0.8928395
0.8965969
0.8799488
0.7861272
0.8830737
0.8433094
0.8464246
0.8717002
0.842871
0.8915685
0.8958224
0.8841858
0.8825629
0.88954
0.8894259
0.8938218
0.915124
0.9216795
0.9012793
0.8793072
0.9032175
0.886493
0.8859341
0.8872522
0.8854782
0.8927001
0.8918968
0.887988
0.914151
0.8828788
0.8923847
0.9122273
0.9125922
0.8966094
0.8973428
0.8901424
0.8953725
0.889412
0.8767949
0.8969728
0.8945334
0.889878
0.8944592
0.8855397
0.8760822
0.8763644
0.8787531
0.9140149
0.9071498
0.90482
0.896102
0.9072736
0.9105532
0.9104594
0.8973416
0.8818231
0.8880837
0.9004746
0.8945233
0.8875185
0.8884109
0.9114349
0.8954812
0.9070647
0.8967866
0.9055027
0.9144553
0.9256825
0.9159837
0.9034393
0.9227668
0.8793708
0.8734641
0.8736962
0.8769376
0.885739
0.8800826
0.8955468
0.8921111
0.9017482
0.9104467
0.9222753
0.9116937
0.8967963
0.8957875
0.9197906
0.9011284
0.8869518
0.888575
0.8931179
0.9029391
0.8962409
0.882144
0.9141802
0.8926391
0.889529
0.7867508
0.7899113
0.8253508
0.8844082
0.8987827
0.8978975
0.8855517
0.7889655
0.8808481
0.8482906
0.8515916
0.8736694
0.8474272
0.8917573
0.8956275
0.8898147
0.8891888
0.885295
0.8872515
0.8874941
0.9167406
0.9219149
0.8993659
0.8817369
0.9049211
0.883753
0.8884681
0.8870927
0.8881342
0.8910397
0.8937371
0.8918714
0.9111575
0.888093
0.8957435
0.9081618
0.9108823
0.8967261
0.8991452
0.8953467
0.8999285
0.8901561
0.8791165
0.9015749
0.8997457
0.8944412
0.8965851
0.8875962
0.883071
0.8844391
0.8853091
0.912526
0.9112027
0.9079222
0.8988061
0.9075962
0.9158064
0.9154109
0.8977534
0.8850399
0.8900583
0.9003826
0.8967571
0.890629
0.8883971
0.9084323
0.8909807
0.9103727
0.8961508
0.9047585
0.9093553
0.9234546
0.9136782
0.9016714
0.9205833
0.8777936
0.8752673
0.8706352
0.8772244
0.8866047
0.8842561
0.894405
0.8918505
0.9017567
0.9072481
0.9235919
0.9127409
0.8979289
0.8968372
0.9235759
0.9039821
0.8847312
0.8872746
0.8984788
0.9051414
0.8981162
0.8813882
0.9109935
0.8949306
0.8899906
0.7880797
0.7949818
0.8286693
0.884745
0.8964118
0.8997181
0.8841168
0.7909853
0.8839502
0.8463108
0.8509702
0.8733936
0.847303
0.89083
0.8926737
0.8838242
0.8843146
0.8867841
0.8857258
0.8872819
0.9175159
0.9177183
0.8969706
0.8760489
0.901454
0.88973
0.8913107
0.8900712
0.8839659
0.8956068
0.891778
0.8927366
0.912043
0.8854774
0.8950704
0.9131842
0.9187325
0.891175
0.8965131
0.8932459
0.8960696
0.8882826
0.8775993
0.8994452
0.8961175
0.8910221
0.8960401
0.8844327
0.8785043
0.8795247
0.8804883
0.9117584
0.9105354
0.9071952
0.8959158
0.9064789
0.9134291
0.9123406
0.8970764
0.8833728
0.8854892
0.9018445
0.8967711
0.8885671
0.8892458
0.91085
0.8915654
0.9100899
0.8948469
0.9026561
0.9124072
0.920677
0.9118449
0.9037596
0.9183954
0.8815188
0.8751288
0.872584
0.8770016
0.8822079
0.880773
0.8926922
0.893375
0.9021277
0.9095045
0.9246549
0.9125401
0.8990253
0.8967417
0.9203571
0.90337
0.882733
0.8904712
0.9000108
0.9067797
0.8992832
0.8822349
0.911723
0.8924931
0.8913133
0.7897643
0.8006529
0.8273692
0.8845085
0.8939081
0.898555
0.8833792
0.7956511
0.8815876
0.849933
0.8482331
0.8727103
0.8477877
0.8925106
0.8932828
0.8882269
0.8880082
0.8844996
0.8882622
0.8886185
0.918759
0.9188151
0.897472
0.8814563
0.9035986
0.889002
0.8884254
0.8899079
0.8875621
0.8959508
0.8905761
0.8911624
0.9119213
0.8903893
0.8958168
0.9120563
0.9166873
0.8936147
0.8970943
0.8934801
0.899903
0.8861935
0.877994
0.9007291
0.8977355
0.891983
0.8955487
0.8862836
0.878195
0.87872
0.8809567
0.9117918
0.9119703
0.9050601
0.8964618
0.9071046
0.9151734
0.9152703
0.8975249
0.8843428
0.8885591
0.9020558
0.893201
0.8895833
0.8921109
0.9098808
0.8908284
0.9078713
0.8971375
0.9029845
0.9164714
0.9209931
0.9127612
0.9048637
0.9198607
0.8762266
0.8695855
0.8689284
0.8756701
0.8860937
0.8834575
0.8908184
0.8862546
0.8973601
0.9077759
0.9259611
0.9118595
0.8924929
0.8943095
0.9225767
0.9000208
0.8797582
0.8852785
0.890442
0.9030439
0.8934888
0.8729517
0.9080571
0.8925578
0.8836081
0.7924219
0.8008663
0.8278995
0.8828931
0.8899224
0.8923467
0.8719699
0.7994183
0.8796874
0.8436565
0.8464834
0.8644198
0.8469064
0.8849525
0.8877089
0.8789593
0.8797327
0.8848308
0.8850341
0.8858023
0.91476
0.9185709
0.8975887
0.8764454
0.899672
0.8774673
0.8791193
0.878067
0.8767246
0.885406
0.888554
0.8853284
0.913436
0.8836261
0.8930269
0.9075018
0.9114803
0.8926738
0.8956369
0.8868714
0.8964442
0.8835589
0.8788334
0.8948902
0.8944353
0.8878277
0.8917988
0.878407
0.8765794
0.8769313
0.8773875
0.9150966
0.9098677
0.9041305
0.8913405
0.9058962
0.9143949
0.9138967
0.8941301
0.8772071
0.8832874
0.8976612
0.8902048
0.8876752
0.882795
0.9073914
0.8905838
0.908303
0.8919251
0.9007179
0.9101327
0.9208316
0.9105098
0.8991679
0.9165067
0.9060821
0.9016078
0.9054254
0.9068417
0.909458
0.9071203
0.9023297
0.9015593
0.9002517
0.923036
0.9291112
0.9189112
0.9174345
0.9091929
0.9278763
0.9118086
0.8894622
0.900727
0.8646045
0.912788
0.8989826
0.8592013
0.9106542
0.9043016
0.9082409
0.8859787
0.8918738
0.8925114
0.9165561
0.881942
0.8925561
0.8592268
0.8939411
0.9152786
0.8936146
0.8922859
0.9007533
0.8916175
0.9133994
0.9189902
0.7703591
0.7655118
0.9124006
0.9117998
0.9144126
0.9206743
0.9263371
0.9079726
0.9068442
0.9188766
0.8612867
0.8580704
0.862342
0.8586673
0.8669522
0.8628627
0.8604511
0.9174188
0.8942246
0.904474
0.9147695
0.9173002
0.9077283
0.9073814
0.8874406
0.9048152
0.8646853
0.9066908
0.9044572
0.9003415
0.9013036
0.9052533
0.8512558
0.906517
0.9062149
0.9063224
0.9165035
0.9174552
0.8981666
0.8479954
0.9150487
0.9171851
0.9178556
0.9064672
0.8955918
0.8948511
0.9084294
0.8915185
0.900625
0.8968353
0.9130388
0.918914
0.9169883
0.8990115
0.9124392
0.9156592
0.9251112
0.9222046
0.9056455
0.9238988
0.9075888
0.8991091
0.9011112
0.9038517
0.9071367
0.9047159
0.903781
0.8995313
0.9007841
0.9202817
0.930608
0.9158304
0.917642
0.9047464
0.9248136
0.9085262
0.8896063
0.8982664
0.8672871
0.9103894
0.8991999
0.8610169
0.9116306
0.9003491
0.90555
0.8892484
0.8956022
0.8825879
0.9144421
0.8948342
0.896656
0.8625643
0.8949235
0.9115685
0.8967237
0.8926232
0.8999195
0.8917945
0.9084068
0.912054
0.765684
0.7667158
0.9063371
0.9099148
0.9110229
0.9201181
0.9243983
0.9028685
0.9067495
0.9178644
0.8614814
0.8592304
0.8627012
0.8633703
0.8682934
0.8670386
0.8595385
0.9143101
0.8958067
0.9005461
0.912587
0.9183913
0.9053525
0.9053214
0.8842546
0.9057133
0.8658942
0.9052525
0.9025955
0.8978031
0.8994822
0.8962845
0.8430937
0.9036175
0.9047413
0.9020736
0.9157533
0.9127365
0.8998131
0.8549569
0.9149968
0.9159797
0.9171065
0.9021163
0.8987247
0.896264
0.9045957
0.8954813
0.8984324
0.8911764
0.9118348
0.9120796
0.9155772
0.898673
0.9135665
0.9172436
0.9265141
0.9225387
0.9073948
0.9245283
0.912841
0.9084007
0.9085921
0.9117595
0.9123637
0.9088538
0.9088711
0.804135
0.8789275
0.8929711
0.9021053
0.8944452
0.9209194
0.8908795
0.901024
0.8920497
0.8863686
0.7917715
0.9108531
0.875222
0.8598982
0.8994474
0.8914548
0.8946941
0.9224122
0.8975462
0.900087
0.9014306
0.913565
0.8924474
0.9004518
0.9059513
0.9011866
0.9128035
0.9047015
0.9018925
0.9098792
0.9027899
0.9194185
0.9222869
0.9059568
0.9033035
0.9144753
0.9193805
0.9174982
0.9045143
0.9116003
0.8903191
0.9120992
0.92258
0.9068206
0.9039854
0.9077768
0.9060817
0.9093537
0.9103325
0.9071956
0.8873021
0.9037901
0.8067243
0.8910994
0.8953759
0.7630628
0.7617059
0.9146776
0.8395452
0.9034177
0.9135951
0.8145583
0.8105214
0.8195771
0.8129449
0.9030729
0.9094396
0.9109985
0.9111442
0.8879942
0.8971449
0.8738821
0.9022758
0.8255585
0.8338014
0.8342814
0.9030671
0.8923881
0.8592244
0.8530583
0.886918
0.7988061
0.7894218
0.8875786
0.9174133
0.8958289
0.9016096
0.8956925
0.9025832
0.905931
0.9026608
0.8873705
0.9083142
0.9212718
0.9206294
0.9230317
0.9224996
0.9256592
0.9240036
0.9234589
0.8263391
0.8968995
0.8946734
0.9010294
0.895194
0.9300159
0.8999431
0.9009999
0.8987138
0.9078715
0.8228448
0.9228523
0.880994
0.8738547
0.9178994
0.9027451
0.9108729
0.9330934
0.9184815
0.920461
0.9203304
0.9199666
0.9156133
0.9180592
0.9220284
0.9188731
0.917748
0.9200552
0.9214877
0.9219704
0.9152325
0.9317807
0.933094
0.9172156
0.9175888
0.9189936
0.9215207
0.9211831
0.9056527
0.9128075
0.899359
0.9238247
0.9282927
0.9216489
0.9227415
0.9207142
0.923836
0.9246446
0.9246157
0.9224607
0.8934976
0.9218166
0.8297872
0.8910542
0.8958769
0.7858954
0.7896455
0.9264131
0.8619895
0.9207069
0.9223004
0.8361759
0.8351512
0.8447494
0.8342626
0.921507
0.9203078
0.9220775
0.921362
0.8927875
0.9004432
0.8877787
0.9206355
0.8354774
0.8425721
0.8455016
0.9133569
0.9093413
0.8842174
0.8590707
0.9121634
0.8255646
0.820824
0.898237
0.9228803
0.903211
0.9176144
0.9029463
0.9119121
0.9039566
0.9068728
0.8981521
0.907456
0.9108541
0.9092546
0.9098658
0.9086604
0.9177958
0.9118378
0.9147481
0.8026843
0.8896507
0.891138
0.8997276
0.8902518
0.9142626
0.889274
0.8974542
0.8860362
0.8956987
0.7936533
0.9183845
0.8736127
0.8641903
0.9022717
0.8959052
0.9023341
0.9222079
0.9041224
0.9075449
0.9044591
0.9132826
0.9048688
0.9075642
0.9087215
0.908363
0.9124471
0.9096786
0.910306
0.9166844
0.9057877
0.9231153
0.9219678
0.9061683
0.9050547
0.9101813
0.9117929
0.911334
0.9018981
0.9079006
0.8876008
0.9104809
0.9239073
0.9108024
0.9111221
0.9103616
0.9140066
0.9152607
0.9128023
0.9126685
0.8916521
0.9119729
0.8119832
0.8878666
0.8912802
0.7577084
0.7700834
0.9133864
0.8447755
0.9125418
0.9125442
0.8165506
0.8162765
0.8215362
0.8139027
0.9089131
0.9076253
0.9106481
0.9097146
0.8884793
0.8964456
0.8780488
0.9111543
0.8164506
0.8366762
0.8394819
0.9033961
0.8986151
0.8641669
0.8439918
0.8990416
0.7981605
0.7964222
0.8898935
0.9131501
0.8934755
0.9045888
0.8965789
0.9069418
0.8977049
0.8990028
0.8894093
0.9060507
0.9208099
0.9172903
0.916326
0.9168375
0.9252539
0.9194074
0.9157002
0.8182898
0.8885205
0.8981633
0.9027568
0.8937746
0.9240334
0.8963814
0.8986424
0.8996591
0.9026344
0.811799
0.918882
0.8822266
0.8668852
0.9084492
0.9013811
0.9054427
0.927386
0.9136675
0.9142593
0.9130091
0.9195314
0.9056687
0.9085836
0.9174883
0.9147284
0.9213832
0.915764
0.9134759
0.9200564
0.9102546
0.9268483
0.9268301
0.9117595
0.9118429
0.9204868
0.9210905
0.9223308
0.9044946
0.9110937
0.8963575
0.9188642
0.9297015
0.9149466
0.9111819
0.9148445
0.913218
0.9151213
0.9170424
0.9128771
0.8966412
0.9191916
0.8241996
0.8938902
0.8941516
0.7728622
0.7743936
0.9212036
0.8524329
0.9132164
0.9197226
0.8320901
0.8325038
0.8327488
0.8283061
0.9124898
0.9191184
0.9204093
0.9192725
0.8942376
0.8998006
0.8826503
0.9145068
0.8276795
0.8381235
0.8385961
0.9093307
0.9065997
0.8724677
0.8513248
0.9017751
0.8152525
0.8131437
0.894103
0.9223031
0.9023898
0.9100753
0.9014575
0.911334
0.9071978
0.9054234
0.8961348
0.9105648
0.9162525
0.9088272
0.9129429
0.9178507
0.9207264
0.9177521
0.9191994
0.8895676
0.8945547
0.8960912
0.9023151
0.8950655
0.9269403
0.8985518
0.9043035
0.8981839
0.9048014
0.8860352
0.9228451
0.8886358
0.8781239
0.9161484
0.9004813
0.9067669
0.9254787
0.9128477
0.9113254
0.9113748
0.9196717
0.912884
0.9133113
0.9156762
0.9099404
0.9202896
0.9138794
0.9137175
0.9163999
0.9178186
0.9235048
0.9257331
0.9165888
0.9148707
0.9191407
0.9170484
0.9167761
0.9081177
0.913883
0.8983192
0.9135266
0.9300827
0.9140475
0.91734
0.9139452
0.922053
0.9190191
0.9195402
0.9171612
0.902439
0.9196091
0.8844633
0.894098
0.896959
0.8882535
0.8921419
0.9253295
0.8981338
0.9166577
0.9169759
0.8814473
0.8808667
0.8884592
0.8859268
0.9154808
0.9151267
0.9148268
0.9160577
0.9002836
0.9015712
0.8940803
0.9178926
0.8960288
0.8949876
0.894816
0.9105598
0.9021693
0.8846055
0.8871827
0.9041455
0.8832227
0.8826968
0.8954293
0.913324
0.9035179
0.9123112
0.9012283
0.9097296
0.9045069
0.9102328
0.8982813
0.9129601
0.9065075
0.9027478
0.9048796
0.9058606
0.913128
0.9097109
0.9113768
0.8735036
0.882872
0.8895054
0.9052609
0.8940835
0.919226
0.8952038
0.9033289
0.8888369
0.8884579
0.8693346
0.9124325
0.8764923
0.8686843
0.899934
0.8917893
0.8980159
0.9132203
0.8991921
0.8947988
0.8995822
0.9129503
0.8987403
0.9008298
0.9005908
0.8983412
0.9110928
0.9023837
0.90488
0.9087488
0.900969
0.9144447
0.9169549
0.9011545
0.9009084
0.9128939
0.9102255
0.9141516
0.9043684
0.9139555
0.8934218
0.9082818
0.9226255
0.9048063
0.9032736
0.9038944
0.9054716
0.9108341
0.9089201
0.9055785
0.8925572
0.9080187
0.8719589
0.8918341
0.8962206
0.8751886
0.8767405
0.914108
0.8838653
0.9066352
0.9111883
0.8717362
0.8679084
0.875
0.8650414
0.9058403
0.9081194
0.9075064
0.9083575
0.8918353
0.8996386
0.8878549
0.9091137
0.8823273
0.8913184
0.8937679
0.8980165
0.8954768
0.8665144
0.8797858
0.8911877
0.8706986
0.8674309
0.8851339
0.9139866
0.8949615
0.901158
0.8935358
0.9015205
0.901754
0.9047229
0.8839088
0.9050782
0.8488681
0.8398815
0.8444279
0.8426662
0.8152339
0.8087622
0.9085521
0.8990108
0.9172024
0.9073384
0.9216256
0.9105298
0.9138907
0.9052288
0.9119011
0.9043101
0.9110412
0.9047568
0.9175146
0.9066419
0.905667
0.9040026
0.9146039
0.9076154
0.9087647
0.8972769
0.8988918
0.8857322
0.8539726
0.9275102
0.9275104
0.902873
0.8981947
0.8529051
0.8916989
0.8990206
0.8978026
0.8957107
0.9048429
0.9038385
0.9018764
0.9040646
0.8070883
0.8033483
0.8100396
0.9175718
0.9221937
0.9068305
0.8414361
0.9130357
0.9043792
0.9098642
0.9056477
0.9104878
0.9118161
0.9128148
0.9108061
0.9162068
0.9136094
0.9039456
0.9087517
0.9162794
0.9003867
0.9072939
0.901359
0.9134976
0.9071163
0.8426249
0.9014429
0.9032921
0.9058179
0.8984092
0.9077306
0.836667
0.8379466
0.8361033
0.9158041
0.9088468
0.9199778
0.9213342
0.912754
0.9250678
0.9252333
0.9072275
0.9007631
0.897976
0.9070867
0.9126883
0.899073
0.902315
0.9146873
0.8127617
0.9071801
0.9116339
0.9071611
0.9176418
0.9196487
0.9157657
0.9096611
0.9146656
0.9168498
0.9143611
0.9201847
0.9175516
0.9216853
0.9209452
0.9180547
0.8539483
0.8927315
0.8961528
0.9064128
0.8962081
0.9278131
0.8997174
0.9022338
0.8975003
0.9034053
0.8525427
0.9254256
0.892245
0.8778929
0.9140881
0.9007767
0.8999603
0.9280028
0.9139758
0.9141781
0.9183319
0.9218253
0.9100278
0.9155978
0.9179843
0.9149866
0.918168
0.920427
0.91992
0.9213867
0.9147199
0.9287439
0.9277532
0.9148339
0.9143007
0.9188428
0.9187261
0.9211315
0.9081757
0.9142732
0.9016117
0.9207887
0.933558
0.9191347
0.9171253
0.9195489
0.9220182
0.9216574
0.9197548
0.9224382
0.8947943
0.9217205
0.8546893
0.8956923
0.900712
0.8385303
0.8421753
0.9198493
0.8734987
0.9135659
0.9179747
0.8592037
0.8580869
0.8564061
0.8592221
0.9143656
0.9190275
0.9189601
0.9198159
0.8971904
0.8981573
0.8851861
0.9177022
0.8593399
0.864346
0.8638909
0.9108891
0.9031725
0.8861296
0.8643963
0.9023274
0.8515385
0.8509392
0.8965154
0.9195085
0.9023903
0.9127154
0.9056266
0.9095227
0.9101568
0.9076699
0.8942575
0.9129337
0.906594
0.9060281
0.9090074
0.9088768
0.9125017
0.9104168
0.9174624
0.8840058
0.8671293
0.8502714
0.8551024
0.8395988
0.9236882
0.8619002
0.8794682
0.8659389
0.903976
0.8903784
0.9259195
0.8834243
0.8802488
0.9204558
0.8682094
0.9001319
0.9272805
0.9125189
0.9132737
0.9098358
0.9104694
0.9170315
0.9174491
0.9174118
0.9111702
0.9083523
0.9105299
0.9127957
0.909322
0.9147562
0.9230989
0.9202443
0.9138662
0.9159097
0.9071775
0.9064208
0.9094412
0.8885749
0.8924353
0.874822
0.9065712
0.9272914
0.9121395
0.9163158
0.9136111
0.9199634
0.922507
0.9212508
0.9184655
0.8626693
0.9184935
0.8881914
0.848123
0.8562806
0.8857081
0.8862481
0.917202
0.9004025
0.916637
0.9123472
0.8847808
0.8814199
0.898731
0.8812154
0.9155119
0.9122838
0.9131402
0.912133
0.8558186
0.8653335
0.8972627
0.9249773
0.8972593
0.902983
0.9020029
0.9015075
0.8946239
0.8840188
0.8842398
0.905369
0.8863074
0.8877953
0.858674
0.909221
0.8648052
0.9071171
0.8818932
0.894228
0.8719078
0.8813974
0.8703562
0.8904694
0.9152537
0.912256
0.9110167
0.9139913
0.9180261
0.9132997
0.904757
0.9137818
0.8974976
0.924761
0.9303954
0.9199632
0.9232314
0.912178
0.9269464
0.9116339
0.8881338
0.9063298
0.9104786
0.9187462
0.9063444
0.9002995
0.9101204
0.8995195
0.9196878
0.9015643
0.904997
0.9053696
0.922878
0.8829546
0.8893046
0.8989895
0.9052945
0.9209719
0.9068854
0.9007357
0.9058782
0.9001695
0.9141718
0.91912
0.9023929
0.9025369
0.9209815
0.9227507
0.9213128
0.9227809
0.9235532
0.9104088
0.9168145
0.9246502
0.9074687
0.8992946
0.9075685
0.9037214
0.9011273
0.904788
0.901628
0.9163628
0.9021245
0.9109516
0.913977
0.9189401
0.9144937
0.9133468
0.9160253
0.9124927
0.8961949
0.9197552
0.9134987
0.9079953
0.9076626
0.9127133
0.9034223
0.920971
0.9221159
0.9225532
0.9179933
0.9171713
0.8997897
0.8954796
0.9218312
0.9185235
0.9198532
0.9032204
0.8981074
0.9069662
0.9146012
0.8923642
0.9081937
0.9045261
0.9153229
0.9223111
0.9243589
0.9059967
0.9167009
0.9179074
0.927544
0.9221117
0.9092682
0.9257973
0.9048038
0.8972527
0.8977832
0.9010604
0.9070862
0.9052806
0.9059314
0.8654123
0.8685925
0.8863007
0.902402
0.8874734
0.9164057
0.878684
0.8981135
0.8884774
0.879094
0.8585597
0.9049212
0.8766733
0.8616943
0.8948766
0.8842154
0.8865193
0.9130104
0.8879276
0.8923111
0.8868029
0.909284
0.8866589
0.8959559
0.8930227
0.8900946
0.9091778
0.8941382
0.8923116
0.9012061
0.8921834
0.9120709
0.9124372
0.8971969
0.8980738
0.9106851
0.9132993
0.9139755
0.9023837
0.908611
0.8848515
0.9046117
0.9166816
0.8987586
0.8982582
0.8987608
0.9017991
0.9060881
0.9077706
0.9056162
0.8877349
0.9025594
0.8664806
0.8788571
0.8868379
0.8728446
0.8721286
0.9085
0.8779258
0.896659
0.9039421
0.8530983
0.8555646
0.8691829
0.8535492
0.8936731
0.9051393
0.9056597
0.9028812
0.8877061
0.8951691
0.8723234
0.8950487
0.8811133
0.8870203
0.8870089
0.8914455
0.8828499
0.8507485
0.8762227
0.8811609
0.8620332
0.8581071
0.8846126
0.9122632
0.8911211
0.8913875
0.8873239
0.8994406
0.9042199
0.9037282
0.8868046
0.905083
0.9069141
0.9041528
0.9046291
0.9065805
0.9137433
0.9096063
0.9082731
0.876102
0.8801603
0.8922527
0.9014949
0.8897935
0.9156036
0.8922792
0.9009944
0.8898977
0.8843702
0.8719548
0.9101826
0.8818007
0.8625629
0.9012562
0.8892423
0.8974871
0.9168245
0.8977773
0.9003721
0.8977911
0.9151946
0.8941499
0.8966246
0.904715
0.8996709
0.9108289
0.9002854
0.8990967
0.9059198
0.9064082
0.912906
0.9184406
0.9014274
0.9002648
0.9134413
0.9149461
0.914075
0.9067782
0.9149646
0.8906658
0.9061908
0.9179411
0.905418
0.9046847
0.9038028
0.9066322
0.9108041
0.9093577
0.9083738
0.8943289
0.9072669
0.8775735
0.8894004
0.8946344
0.8812445
0.8851708
0.9151978
0.887105
0.9020085
0.912168
0.8730912
0.8648358
0.8836844
0.8669721
0.9012699
0.9079395
0.907367
0.9077083
0.8938451
0.8917251
0.8769287
0.9044625
0.8864449
0.8941483
0.8928699
0.8972067
0.8906122
0.8669355
0.8813473
0.8914095
0.8758228
0.8648981
0.887627
0.9150774
0.8923728
0.8974055
0.8925047
0.9013965
0.9024071
0.9064562
0.8899076
0.9077082
0.8967514
0.8942461
0.8929939
0.9007634
0.9027244
0.898755
0.9077276
0.8603903
0.8812321
0.8831466
0.8973221
0.8869622
0.9138974
0.8822817
0.8930856
0.886622
0.8860445
0.8607788
0.9067384
0.8710857
0.8572438
0.8998867
0.8911255
0.8894727
0.911983
0.8965201
0.8986815
0.8890915
0.9058166
0.9045512
0.9030082
0.8983647
0.897047
0.9032745
0.8945394
0.8990128
0.9038524
0.8997508
0.909293
0.9116048
0.8958508
0.8953751
0.9011851
0.8995328
0.9026295
0.9025253
0.9104622
0.8854937
0.8958146
0.9138586
0.8979217
0.9009182
0.8973704
0.9022968
0.9065377
0.9055219
0.9033981
0.8909696
0.9049915
0.8628508
0.8805158
0.8886231
0.8678562
0.870427
0.9097225
0.883009
0.9028408
0.9024847
0.8613692
0.8574256
0.8708701
0.8573983
0.899036
0.8983583
0.896467
0.8980837
0.886959
0.8865509
0.8879622
0.907792
0.8772026
0.8889886
0.8910054
0.8922362
0.8854989
0.8576482
0.8756423
0.8926663
0.8612193
0.8599873
0.880748
0.8996511
0.8877877
0.8964527
0.8860801
0.8989738
0.8965848
0.8979701
0.883947
0.9058363
0.8920346
0.8859403
0.8877225
0.8903468
0.8970762
0.8955535
0.8994982
0.8540028
0.8841685
0.8797064
0.8986254
0.88752
0.9071034
0.8786841
0.8884165
0.8822636
0.8822687
0.8584405
0.9070235
0.8686557
0.8600861
0.8943478
0.8897968
0.8897136
0.9064753
0.8885146
0.888565
0.8790602
0.8934804
0.8999327
0.9032984
0.8927583
0.8877053
0.8904
0.8883995
0.8895862
0.9006295
0.8907215
0.9007648
0.9017137
0.8938701
0.8939626
0.8912044
0.8890638
0.8936693
0.9052683
0.9070017
0.8793533
0.8889171
0.9067469
0.8976847
0.8954469
0.899353
0.899805
0.9041692
0.9067343
0.899258
0.8899594
0.9041869
0.8575434
0.8787357
0.8848114
0.8589213
0.8641994
0.9008646
0.8811577
0.9008914
0.89126
0.8587411
0.8546429
0.8631967
0.8551358
0.8956332
0.887876
0.8918585
0.88865
0.8900047
0.8863777
0.884607
0.9067064
0.8745571
0.8851768
0.8849245
0.8891794
0.8793556
0.8578208
0.8713068
0.8911592
0.8430514
0.8493621
0.8862071
0.89167
0.8832737
0.8962542
0.8876937
0.8994066
0.8996022
0.8936575
0.8826759
0.9000466
0.8345941
0.8311243
0.8303473
0.8321433
0.7863446
0.7814042
0.9094581
0.8893571
0.9094963
0.9007636
0.9210407
0.9094467
0.9051841
0.8962118
0.9150657
0.905034
0.9055874
0.8996807
0.9139247
0.9002806
0.8989859
0.8986321
0.913722
0.9030234
0.900674
0.8916942
0.889782
0.8713629
0.8466579
0.9247699
0.9220409
0.8946423
0.8897059
0.8429995
0.8835789
0.8900239
0.8882049
0.8835934
0.8968292
0.8967526
0.8952502
0.8992548
0.7511155
0.7543523
0.777822
0.9191417
0.9203042
0.9024242
0.8301923
0.9086064
0.8976007
0.9063822
0.8993807
0.9044805
0.9070105
0.9058038
0.9065807
0.9130404
0.9058945
0.8977122
0.9056315
0.9104562
0.8961184
0.9030993
0.8950909
0.9131019
0.8990383
0.8371368
0.8965171
0.8968876
0.9024539
0.8970857
0.9045291
0.8349057
0.8360239
0.8332254
0.9097975
0.9043463
0.9158127
0.9210833
0.9150242
0.9188277
0.9199374
0.9052705
0.8967706
0.8878501
0.9039806
0.9117341
0.8922619
0.8969878
0.9111244
0.7662591
0.90626
0.9048803
0.9086148
0.915097
0.91581
0.9100423
0.9071077
0.91828
0.9135187
0.9102485
0.9088602
0.9073479
0.916142
0.914533
0.9034376
0.9065298
0.8966255
0.9207588
0.9321023
0.9177069
0.916763
0.9075704
0.9301978
0.9103557
0.879291
0.899505
0.9017127
0.9192225
0.9070104
0.8903621
0.9099281
0.8981652
0.9057078
0.8859775
0.8895475
0.8938147
0.915053
0.8765643
0.87969
0.8905233
0.8872948
0.9147458
0.8932563
0.8942387
0.9012693
0.8960183
0.9100557
0.9137419
0.8932856
0.891734
0.9203399
0.9230658
0.9234761
0.9251703
0.9271381
0.9063046
0.9110331
0.9184445
0.8974199
0.8907469
0.8965353
0.8987272
0.9001092
0.8992445
0.8953775
0.9160879
0.8951302
0.9040496
0.9138815
0.9205535
0.9062988
0.9061478
0.9117992
0.9055101
0.8879149
0.9136291
0.9062648
0.9007684
0.9010136
0.9034407
0.8923345
0.9142309
0.914909
0.9148628
0.9146994
0.9204897
0.9013767
0.885108
0.9128437
0.9141613
0.9133681
0.9031217
0.8939465
0.8994054
0.909582
0.8840634
0.9003278
0.8974425
0.9155749
0.9242408
0.9181472
0.899949
0.9131443
0.9222792
0.9249338
0.9236894
0.9026083
0.9224427
0.9014257
0.9046584
0.9044657
0.9018279
0.9078113
0.9055396
0.9034975
0.905696
0.9051151
0.925139
0.9341829
0.9274374
0.9168522
0.9127311
0.9301216
0.9163921
0.889561
0.8996723
0.8811194
0.9178374
0.9093618
0.8289168
0.9184051
0.8997459
0.9075031
0.8897402
0.8866761
0.8869726
0.9174111
0.8891645
0.8959859
0.8371455
0.8909931
0.9122289
0.8938
0.8890382
0.900092
0.8889388
0.9089869
0.917762
0.8656677
0.8676387
0.9133406
0.9130954
0.9136316
0.9241669
0.9320033
0.9101686
0.9088452
0.9174972
0.8666567
0.8609174
0.8682854
0.8648058
0.8739583
0.8742296
0.8608725
0.9232627
0.8981719
0.9108558
0.9192979
0.9249051
0.9065771
0.907964
0.8930104
0.9052008
0.8539709
0.9096898
0.9061089
0.9024027
0.9026462
0.9027074
0.8564028
0.9074584
0.9074329
0.9075408
0.9231423
0.9248227
0.9013317
0.8615507
0.9165897
0.9160735
0.9160176
0.9086446
0.9014747
0.8975527
0.9152664
0.8908383
0.9031787
0.8989121
0.9165984
0.9196187
0.926358
0.9023377
0.9175454
0.9222547
0.9289856
0.9274052
0.9128352
0.9289113
0.8942558
0.8881191
0.890471
0.8887798
0.899831
0.9005728
0.9023282
0.8990381
0.9086771
0.9134578
0.9255858
0.9104741
0.911442
0.9000401
0.9236387
0.9041683
0.8938828
0.8988119
0.867962
0.9061562
0.8988691
0.8607812
0.9119957
0.8981236
0.9043727
0.8901222
0.8895081
0.8805479
0.8993455
0.9066467
0.9086401
0.8599372
0.8899676
0.8990002
0.8890546
0.8898765
0.8933304
0.8869985
0.9008929
0.9060338
0.830096
0.8283198
0.8914626
0.8897571
0.8956727
0.9195937
0.9232569
0.9008767
0.8904965
0.9047461
0.8497213
0.8550917
0.8529423
0.8601003
0.8599148
0.8648067
0.8531347
0.9124683
0.8963684
0.8992197
0.9078361
0.9139397
0.9053538
0.9087809
0.8747986
0.9070144
0.8710127
0.895166
0.9009625
0.8978672
0.902815
0.8977853
0.848078
0.8908798
0.8921608
0.8930335
0.9119095
0.9061145
0.9073213
0.8634894
0.9151352
0.9188675
0.9206355
0.9013762
0.8887811
0.8971343
0.9077471
0.8968409
0.8974106
0.9004543
0.9126266
0.8968204
0.9089015
0.9011215
0.9058909
0.9185662
0.9211016
0.9135039
0.9052832
0.9196555
0.8886632
0.8868851
0.8874954
0.8892923
0.8963169
0.8951003
0.8990362
0.8918355
0.9034585
0.9115158
0.9223123
0.9077682
0.9079507
0.8982514
0.9201833
0.9007265
0.8916749
0.895662
0.8697503
0.9059286
0.8956569
0.8596297
0.9100522
0.8943099
0.899605
0.8870859
0.8910997
0.8760434
0.8995207
0.9064078
0.9078772
0.8583898
0.8891698
0.8974545
0.8887109
0.884601
0.8930678
0.8828998
0.8960455
0.9025132
0.8307507
0.830569
0.8934384
0.8901932
0.8932406
0.9167155
0.9199779
0.8986584
0.891049
0.9051173
0.8495833
0.8532072
0.8508083
0.8593933
0.8610862
0.8629278
0.8560612
0.9073556
0.8959723
0.8957129
0.9050893
0.9111397
0.9037838
0.9040297
0.870746
0.9028023
0.8669737
0.8908118
0.8985077
0.8962823
0.8982473
0.8967641
0.8464422
0.8898088
0.8916587
0.8896501
0.9085645
0.9041041
0.9050962
0.8635937
0.9144772
0.9180599
0.9185368
0.8976295
0.8859712
0.8924095
0.9034189
0.895277
0.8926554
0.8961408
0.9093247
0.8955416
0.9072584
0.8993109
0.9051867
0.914592
0.9200687
0.9144651
0.9045843
0.9170392
0.9082919
0.9102326
0.9125814
0.9125854
0.9148701
0.9148546
0.9169273
0.8916149
0.8749094
0.8642935
0.8802271
0.8680323
0.9249473
0.8841174
0.8880251
0.8721805
0.9058873
0.8938166
0.9224978
0.8922855
0.8875698
0.9135982
0.8785968
0.9002717
0.92731
0.9113213
0.9128434
0.9131398
0.9143356
0.9152604
0.9171251
0.9139014
0.9132315
0.9105398
0.9170262
0.9167491
0.9187757
0.9125333
0.922642
0.9238696
0.9127029
0.9119408
0.9145521
0.9154574
0.9142211
0.8956161
0.8971366
0.8736987
0.9055624
0.9261523
0.9144569
0.9168824
0.9128057
0.9186808
0.916511
0.9157608
0.9175383
0.8793815
0.9185449
0.8896493
0.8674095
0.8704823
0.8926467
0.8957552
0.9176462
0.9029706
0.9133442
0.9139868
0.8897708
0.8854864
0.8950151
0.8849175
0.9145674
0.9118687
0.9123746
0.9126329
0.8755117
0.8799625
0.8965372
0.9215972
0.8993199
0.9053341
0.90433
0.9030921
0.8995287
0.8875895
0.8906239
0.905332
0.8940357
0.8922715
0.8632966
0.9117606
0.8792441
0.9085487
0.892072
0.8947368
0.8862394
0.8844828
0.8689513
0.8983248
0.8834673
0.8855182
0.8793006
0.884965
0.8986442
0.8939273
0.897111
0.8982157
0.8994209
0.9132159
0.9263314
0.9171089
0.9038055
0.9013236
0.9226822
0.9048775
0.8887871
0.8928347
0.9003274
0.9114399
0.9002316
0.8868336
0.9100627
0.8983837
0.8985673
0.8180024
0.8226889
0.8463719
0.8959723
0.8930177
0.8991288
0.8861847
0.8245806
0.8916541
0.8594088
0.8572371
0.8767349
0.8600645
0.9004469
0.9001103
0.8926628
0.8953255
0.8944948
0.8981858
0.8975661
0.9175022
0.9217021
0.9027643
0.888589
0.9074901
0.8904887
0.8846726
0.8891457
0.8923045
0.8987753
0.8990968
0.8923362
0.9173855
0.8905083
0.9018309
0.9116517
0.9128216
0.899719
0.8983545
0.9004698
0.8998786
0.8915044
0.8890141
0.8997224
0.9003507
0.8973671
0.9013324
0.8913718
0.886603
0.8867061
0.8883301
0.9126247
0.9147439
0.9027094
0.896712
0.9119021
0.9154763
0.9153495
0.9003378
0.8869727
0.8983211
0.9078947
0.8933352
0.8947941
0.89395
0.9110807
0.9040344
0.9133742
0.8988126
0.9089121
0.9136839
0.9216009
0.9186377
0.9063992
0.9183493
0.8511446
0.8481849
0.8477932
0.8505562
0.8587966
0.8591478
0.907703
0.9033419
0.9085576
0.9129453
0.9252362
0.9114101
0.9171943
0.9069702
0.9199502
0.9048578
0.9017222
0.9038056
0.9115918
0.911105
0.9012203
0.9013137
0.9157035
0.8993374
0.909019
0.8889976
0.8915285
0.887732
0.8615683
0.9145179
0.9178195
0.9023892
0.8928559
0.855326
0.8946135
0.893206
0.8935605
0.8903946
0.9057963
0.9089671
0.9014812
0.9026432
0.8621386
0.8567053
0.8639406
0.9204233
0.9212786
0.9078593
0.8521065
0.9145239
0.9036623
0.9016864
0.9030786
0.9021824
0.903783
0.9052723
0.9066082
0.9166926
0.9077196
0.9068447
0.9120382
0.9145456
0.9071256
0.9069418
0.9037765
0.9140831
0.8982457
0.8465479
0.9052159
0.9027367
0.9054372
0.9041461
0.9034268
0.8435991
0.8423596
0.8436908
0.916442
0.9135109
0.912652
0.9084942
0.9173095
0.9195139
0.9194222
0.9038586
0.8978715
0.8998045
0.9106258
0.9044525
0.9031802
0.9042789
0.9084644
0.8587009
0.9111731
0.9034019
0.9145457
0.9120391
0.9205791
0.913631
0.9056011
0.9204698
0.8054662
0.8108645
0.8052171
0.8047795
0.8438521
0.8389011
0.9055681
0.894272
0.9093908
0.9023456
0.9203512
0.912026
0.9110436
0.9023712
0.9123643
0.9035465
0.9035271
0.8956207
0.913028
0.9051326
0.9021362
0.8955515
0.9138316
0.9019087
0.9046548
0.8844438
0.8876404
0.8731372
0.8352698
0.9194473
0.9172439
0.8947815
0.8882188
0.8344292
0.8802896
0.8820488
0.8885985
0.8851733
0.8998232
0.9034028
0.8965215
0.8970492
0.8292645
0.8327753
0.8359919
0.9158227
0.9197751
0.9022427
0.8123689
0.907818
0.8944796
0.9034543
0.8956867
0.9033618
0.9064648
0.9050192
0.9036335
0.9124134
0.9025471
0.8952719
0.9046835
0.9097353
0.8994783
0.903472
0.8959977
0.9102276
0.9012013
0.7451118
0.9009058
0.9014388
0.9045569
0.8975116
0.9001451
0.7907706
0.7905196
0.7927428
0.9145514
0.9102871
0.9127882
0.9102624
0.9139914
0.9206593
0.9210554
0.9038864
0.8929143
0.8928715
0.9042397
0.9064378
0.8991368
0.8961768
0.9130712
0.8364266
0.9060991
0.9051035
0.9070568
0.9157441
0.919598
0.9114828
0.9034389
0.916081
0.8247509
0.8250144
0.8271605
0.8214258
0.8541481
0.84958
0.9072925
0.8993182
0.9193354
0.904767
0.9180995
0.9095123
0.9063775
0.9033545
0.9122552
0.9075615
0.9163024
0.9060981
0.9181931
0.908217
0.907241
0.9077001
0.9186055
0.908775
0.9100955
0.8943307
0.8960611
0.8843296
0.8357396
0.9261997
0.9295699
0.9090711
0.900146
0.8322768
0.8920183
0.8982456
0.8999019
0.8933068
0.9050543
0.9035977
0.9058233
0.9063963
0.8328094
0.8357129
0.8425622
0.9180048
0.9186886
0.9036541
0.8185952
0.9126217
0.902619
0.9097324
0.9062912
0.9107908
0.9130512
0.9114901
0.9143921
0.9201069
0.9122355
0.9057878
0.9080652
0.9104462
0.9061152
0.9124026
0.8997787
0.9166667
0.9114739
0.8184036
0.9067836
0.9067319
0.9096574
0.9017812
0.9130419
0.8113868
0.8115965
0.8124101
0.9176801
0.9060095
0.9208233
0.9257643
0.9139168
0.9250962
0.9261568
0.9132549
0.9035497
0.9009042
0.909957
0.9136002
0.9039784
0.9054069
0.9160596
0.8315148
0.906007
0.9120226
0.9058272
0.9169894
0.917059
0.9141721
0.9061201
0.9157331
0.9030796
0.9002924
0.8973266
0.9037939
0.9025436
0.899781
0.9048533
0.9019899
0.9075001
0.9142106
0.9296782
0.9165598
0.9108077
0.9025467
0.92657
0.9133486
0.8977686
0.9010037
0.8774349
0.9132095
0.9056455
0.832879
0.9144144
0.9023714
0.9043128
0.8945113
0.8940544
0.8839148
0.9061994
0.9041659
0.9054164
0.8440881
0.8988611
0.9054234
0.889845
0.8905377
0.9009124
0.8825222
0.905853
0.9072548
0.8685495
0.8677788
0.9024682
0.9004143
0.9014982
0.9238678
0.9262144
0.907807
0.9010918
0.9118258
0.8703326
0.8650797
0.8707219
0.8733487
0.872349
0.8709677
0.8662349
0.9165425
0.8969231
0.9044091
0.9124345
0.9167317
0.9034032
0.9049857
0.8824576
0.9043157
0.8631301
0.9027371
0.900483
0.9007
0.9058773
0.902666
0.8592171
0.9024514
0.9035363
0.9025341
0.9175502
0.913244
0.9088839
0.873934
0.9168695
0.9210959
0.9214548
0.9089422
0.8951131
0.8982322
0.9120773
0.8977427
0.900345
0.9003329
0.9149607
0.908103
0.9131782
0.9005245
0.9129456
0.919321
0.9258164
0.9214233
0.9105168
0.9217413
0.9057921
0.9007446
0.9005565
0.9052109
0.9110102
0.9101586
0.9024787
0.9076507
0.9142628
0.9225314
0.9392555
0.9245778
0.9083242
0.9146058
0.9336746
0.9223715
0.9038504
0.904281
0.9123771
0.9208723
0.9090316
0.9016546
0.9209904
0.9163169
0.8809451
0.896081
0.9014064
0.8874676
0.9054643
0.9131615
0.9145242
0.8990795
0.9003245
0.9048752
0.8941813
0.8909658
0.9036568
0.889447
0.8995456
0.9004705
0.9030467
0.9027111
0.9107796
0.9120023
0.9130262
0.9319121
0.9314453
0.9146209
0.9070776
0.9061942
0.9020441
0.9063533
0.9042441
0.9073715
0.9152988
0.9124523
0.909263
0.9242582
0.8987236
0.9091108
0.9233252
0.9280973
0.915583
0.9171894
0.9079262
0.9152757
0.9020131
0.9092404
0.9134716
0.9116921
0.9109875
0.909246
0.9080734
0.9105315
0.9112575
0.9098199
0.9250169
0.9188837
0.9172916
0.9110261
0.9233949
0.929806
0.930012
0.9112821
0.9034399
0.9030842
0.9178868
0.9131918
0.9095735
0.9005039
0.9256078
0.9135612
0.9216729
0.9091798
0.9182699
0.9258212
0.9323028
0.9285005
0.9209094
0.9309317
0.8912737
0.8891649
0.8865621
0.8907399
0.9018407
0.9008083
0.9033396
0.9025901
0.9108922
0.9112538
0.926013
0.9106041
0.9027522
0.9004393
0.919108
0.9058731
0.8992073
0.9071323
0.882483
0.9083209
0.9040069
0.8781037
0.91471
0.9027824
0.899099
0.8942557
0.8961618
0.8852268
0.8948978
0.9161823
0.9146265
0.8698384
0.89291
0.8962809
0.8897436
0.8934329
0.8957055
0.8927723
0.8979993
0.9009082
0.8729855
0.8718707
0.8955349
0.8973235
0.8974433
0.920103
0.9194559
0.9032526
0.890925
0.9023151
0.8657268
0.8746509
0.8665923
0.874638
0.8782976
0.8756323
0.8774734
0.9189917
0.8999775
0.9046538
0.9091463
0.9161836
0.9076564
0.9095788
0.7674828
0.9110603
0.8813831
0.8963457
0.9080542
0.9072976
0.9091464
0.9066456
0.8751211
0.8934106
0.8933518
0.8939388
0.9174279
0.9109277
0.9166224
0.8856418
0.9176259
0.9237359
0.9241683
0.9029906
0.8923813
0.8961329
0.9074141
0.9085003
0.9007456
0.9029189
0.9143709
0.8939901
0.9101288
0.9039966
0.9101975
0.9184826
0.924475
0.9193315
0.9097975
0.9212849
0.9144779
0.917069
0.9140045
0.9132994
0.9196807
0.9133887
0.9061916
0.8985987
0.887605
0.9208569
0.9265473
0.9178472
0.9243625
0.9066438
0.9239379
0.9133822
0.8802245
0.8951298
0.903837
0.9133971
0.899796
0.8925267
0.9083418
0.8991575
0.9174169
0.8943683
0.8973643
0.8998762
0.9251854
0.7015441
0.6839451
0.8937701
0.8961887
0.9221376
0.9051574
0.899587
0.9065214
0.8993544
0.9186256
0.9214459
0.900614
0.8973543
0.9287993
0.9259526
0.9264134
0.9172555
0.9234692
0.9026642
0.9212488
0.9243486
0.9057256
0.8988462
0.9051981
0.8995739
0.9059582
0.9041338
0.9014326
0.912711
0.8944559
0.8974105
0.9149251
0.9196457
0.9051774
0.9024337
0.9164633
0.9001461
0.8890426
0.9183644
0.901066
0.8967302
0.8948665
0.8982636
0.894183
0.9182503
0.9203209
0.9184483
0.9152701
0.9202779
0.8926494
0.8899878
0.9069499
0.9086573
0.9113734
0.903116
0.8906256
0.9023995
0.9046111
0.8757564
0.9016984
0.8950433
0.908395
0.9282909
0.9175476
0.9031813
0.9124619
0.9117532
0.9239269
0.9191397
0.9033194
0.9204602
0.9190283
0.9178568
0.9168096
0.9182431
0.9219753
0.9197884
0.9031491
0.9041696
0.8857715
0.9230964
0.9285304
0.9205793
0.9288303
0.9136934
0.9297416
0.9135225
0.8731135
0.8944695
0.9032713
0.9155088
0.9021755
0.8905476
0.9083709
0.9021094
0.9209895
0.8915346
0.8904391
0.9011604
0.9279498
0.7386012
0.7532586
0.8931603
0.8917963
0.9257309
0.9030762
0.8945192
0.9094566
0.9011645
0.9213437
0.9204592
0.8985033
0.8961434
0.9271323
0.9308402
0.930531
0.9224662
0.9245774
0.9088332
0.9211885
0.9295666
0.9066455
0.8958857
0.9029564
0.9002942
0.9033754
0.9064672
0.8971486
0.9121664
0.8973478
0.9051437
0.9146127
0.9210144
0.9075785
0.9032282
0.916331
0.9030231
0.8906362
0.9212267
0.9052064
0.8992533
0.8998291
0.9038781
0.8967406
0.9209095
0.922567
0.9235054
0.9161877
0.9249927
0.8920786
0.8862282
0.9128853
0.9112256
0.9116826
0.9037404
0.8955867
0.9000823
0.9104198
0.878651
0.9055902
0.8929722
0.9110973
0.9370013
0.9225825
0.8960991
0.9128309
0.913248
0.9275161
0.9225969
0.9071371
0.9231993
0.9195369
0.9170866
0.9125822
0.9158771
0.9200244
0.915813
0.9045945
0.9061501
0.8886772
0.9228365
0.9303649
0.9213914
0.9237658
0.913385
0.9272799
0.9132202
0.8744464
0.8955782
0.9007752
0.9171009
0.9017563
0.8912961
0.9120238
0.8981811
0.9178006
0.888034
0.8932305
0.8979074
0.9278829
0.7627228
0.7664953
0.8931335
0.8962356
0.9258752
0.9029689
0.8971366
0.9058632
0.9
0.9213695
0.9207326
0.8976522
0.8965864
0.9281176
0.9291671
0.9271827
0.9221812
0.9258124
0.9086027
0.9200072
0.9289372
0.9035822
0.892376
0.903937
0.8999667
0.9029077
0.9023928
0.8962344
0.9144348
0.8954674
0.9059043
0.9166184
0.9208089
0.9085935
0.9059679
0.9150459
0.9025965
0.889921
0.9217221
0.9070847
0.9022929
0.9010451
0.9037265
0.8943405
0.9181185
0.920906
0.9217998
0.9174656
0.920863
0.895763
0.887922
0.9143506
0.9125463
0.9137008
0.9037893
0.8949411
0.8974216
0.9131083
0.876569
0.901007
0.8936463
0.9117189
0.9320202
0.9190156
0.8990462
0.9121328
0.9162939
0.9256277
0.9223805
0.9090249
0.9217785
0.9190998
0.9187617
0.9157689
0.9143505
0.9229013
0.9155356
0.9042572
0.9061262
0.8875289
0.9245526
0.929989
0.9236281
0.9264917
0.913267
0.9242479
0.9117372
0.8806626
0.8943516
0.9043948
0.9171716
0.9040227
0.8970776
0.9110033
0.8947468
0.9192793
0.8912773
0.8950997
0.9022528
0.9303491
0.6932849
0.6952466
0.8920937
0.8975137
0.9252706
0.9054426
0.8994806
0.90955
0.9022093
0.9193221
0.9232671
0.9002675
0.898385
0.9320123
0.9297905
0.9312484
0.9216765
0.9278007
0.9046609
0.9236792
0.9298425
0.9093161
0.8993487
0.9077898
0.9029897
0.9083424
0.9065102
0.9035496
0.9154141
0.8986265
0.9025919
0.9156722
0.9223447
0.9110223
0.9063035
0.9179358
0.9014141
0.891055
0.917163
0.9023765
0.8925308
0.8999816
0.8990425
0.8950812
0.9202212
0.923379
0.9233375
0.9182361
0.9220165
0.8909251
0.8874389
0.9102726
0.9083573
0.9099507
0.9032637
0.8965779
0.9056639
0.9091935
0.8759684
0.9024534
0.8963478
0.9106994
0.9347482
0.9212998
0.9010086
0.9131257
0.9143113
0.9277287
0.9175694
0.9045488
0.9200976
0.9156266
0.9165939
0.9140528
0.9144811
0.9189248
0.9132736
0.9075161
0.9079098
0.8876556
0.9248858
0.9310689
0.9178521
0.923843
0.9108402
0.9277906
0.9135028
0.8727998
0.8945101
0.9026166
0.9166126
0.8988632
0.8911142
0.9071024
0.8941948
0.9172963
0.8910456
0.8930969
0.898289
0.9240905
0.7539358
0.7697408
0.8970083
0.8923129
0.9213609
0.8998533
0.8936002
0.9098215
0.9011696
0.9198412
0.9218053
0.8968721
0.8941494
0.9288661
0.9296855
0.9291177
0.9193424
0.9267544
0.9059126
0.9191344
0.9259178
0.9069827
0.8954656
0.90709
0.9023371
0.9043717
0.9073987
0.9018914
0.9112415
0.8927401
0.9042013
0.9161248
0.9212285
0.9076698
0.9048318
0.9151395
0.8990111
0.8898193
0.9192802
0.9025315
0.8957592
0.8970294
0.8999926
0.8936735
0.9176286
0.9199172
0.9192059
0.9159971
0.9215978
0.8947853
0.8803922
0.9128294
0.9110212
0.9090745
0.9027122
0.8892828
0.8978777
0.913354
0.8776249
0.9037073
0.8948739
0.9101393
0.9354769
0.9218925
0.8966191
0.9105036
0.9126427
0.926434
0.9231486
0.9038715
0.921772
0.9188812
0.9170137
0.9151917
0.9142826
0.9208371
0.9190907
0.9047361
0.9078947
0.8896344
0.923259
0.9283351
0.9209233
0.9270897
0.9113702
0.9276556
0.9127232
0.8768482
0.8990718
0.9045992
0.9142621
0.9016226
0.8949207
0.9085198
0.8966275
0.9208582
0.8920234
0.8970396
0.903204
0.929335
0.7671151
0.7728347
0.8986535
0.895691
0.9274889
0.9045488
0.9010419
0.9084699
0.9012244
0.9250165
0.9236421
0.9050722
0.9007934
0.9288031
0.9291174
0.9322995
0.9203753
0.9252079
0.906186
0.922069
0.9296299
0.9077299
0.8986141
0.9067197
0.9041212
0.9058464
0.9059996
0.9037933
0.9142081
0.8973202
0.9061254
0.9126932
0.9217407
0.9133604
0.9098876
0.9158091
0.9058677
0.8907986
0.9221503
0.9061861
0.8998161
0.9024041
0.9057506
0.8961454
0.921757
0.9214907
0.9227327
0.9187158
0.922227
0.8932824
0.8880104
0.9141643
0.9107194
0.9114074
0.9021712
0.895457
0.9000297
0.9139075
0.8809686
0.9048408
0.894013
0.9124006
0.934428
0.920771
0.9028949
0.9127395
0.9123354
0.9252409
0.9217236
0.9068212
0.923592
0.9162263
0.9131189
0.915572
0.9136546
0.9189122
0.9148738
0.906396
0.9042098
0.8867125
0.922937
0.9293165
0.9164051
0.9244005
0.9095576
0.924975
0.9135807
0.8815421
0.8947368
0.9011545
0.9138684
0.9017662
0.8938669
0.9046687
0.8989208
0.9159343
0.8880148
0.893424
0.9000525
0.9246838
0.7615115
0.7686573
0.8941987
0.8949649
0.9223315
0.9002755
0.8996393
0.9039894
0.9005142
0.91823
0.921407
0.9011123
0.9003762
0.927028
0.9267232
0.9257224
0.9234389
0.9270038
0.9063841
0.9195464
0.9266579
0.9057736
0.8951941
0.9073503
0.9051324
0.9045394
0.9056842
0.9005594
0.9156869
0.8945964
0.9004058
0.912147
0.9175913
0.9057824
0.901163
0.9174122
0.9026007
0.8909247
0.9192251
0.9059866
0.8988431
0.8998536
0.9055535
0.8969339
0.9170425
0.9179099
0.9197351
0.9177969
0.9183335
0.8925018
0.8914402
0.9115483
0.9134159
0.9137088
0.9037467
0.8962688
0.89685
0.9095781
0.88321
0.901749
0.8936712
0.9089138
0.9288671
0.9178225
0.9016757
0.9121516
0.9116419
0.9278231
0.9224071
0.9051946
0.9218861
0.918031
0.9164212
0.9146306
0.914859
0.9174682
0.918005
0.9072262
0.904187
0.8880228
0.9203278
0.9285306
0.9187411
0.9257318
0.9108264
0.9290049
0.9129792
0.8716378
0.8909585
0.9033747
0.917066
0.9036912
0.8898446
0.90924
0.9006823
0.9195432
0.8894371
0.8942967
0.9003634
0.9264047
0.7365544
0.7484981
0.8904276
0.8944767
0.9242704
0.9045783
0.8945503
0.9062442
0.9005793
0.9202254
0.923747
0.8988
0.8961651
0.9311291
0.9295122
0.9327776
0.9195543
0.9236582
0.9062213
0.9188445
0.9286972
0.9069298
0.8947133
0.905113
0.9029743
0.9084715
0.9047584
0.8965926
0.9148264
0.8986735
0.9023725
0.916582
0.9204714
0.9100106
0.9027671
0.9181495
0.9016743
0.8866198
0.9217382
0.9049769
0.8994607
0.8997488
0.9029308
0.8944496
0.9201685
0.9209199
0.9205635
0.915943
0.9217379
0.8919997
0.8857207
0.912343
0.910811
0.9124824
0.9026615
0.8952897
0.8996724
0.9102831
0.8791568
0.9021505
0.8906559
0.9104033
0.9351879
0.9233545
0.8983955
0.9119251
0.91684
0.9269886
0.9204615
0.9061804
0.9230354
0.9124932
0.9121265
0.9130705
0.914294
0.9158165
0.913004
0.9057997
0.9025584
0.8857132
0.922863
0.9325293
0.9202329
0.926642
0.909878
0.925159
0.9140597
0.874034
0.8952108
0.9036127
0.9168624
0.8971262
0.8903912
0.9058125
0.8987853
0.9152797
0.8904057
0.8921732
0.8996809
0.928401
0.6790386
0.6793359
0.8926185
0.8945298
0.9225628
0.8999925
0.8933899
0.9030595
0.9000679
0.9168438
0.922235
0.8962991
0.894482
0.9287554
0.9250137
0.9284685
0.9211449
0.9242339
0.9065857
0.9189985
0.9237335
0.9033437
0.8956346
0.9011111
0.8982736
0.9020617
0.8997321
0.8994295
0.9125944
0.8943184
0.8996408
0.9127338
0.9183555
0.9059766
0.9051803
0.915831
0.9004064
0.8854681
0.9207993
0.9084306
0.894449
0.8980599
0.9018321
0.8938388
0.9145953
0.9164292
0.9176887
0.9150659
0.9187543
0.8958072
0.8828921
0.9108986
0.9120072
0.9119508
0.9036766
0.8926393
0.9017475
0.9071339
0.8712875
0.9037312
0.8925635
0.9125182
0.9295677
0.919022
0.8982544
0.9117431
0.9158569
0.9253236
0.921551
0.9024865
0.919185
0.9181523
0.9158271
0.9171518
0.9185399
0.9182524
0.920432
0.9068
0.9090373
0.8887261
0.9239236
0.9302143
0.9185898
0.925214
0.9140077
0.9244321
0.9114717
0.8750571
0.8961169
0.9059267
0.9173019
0.9049785
0.891655
0.9088982
0.9024261
0.9199162
0.890786
0.8939331
0.9018961
0.9269785
0.7378954
0.7440171
0.8926618
0.8964944
0.9243716
0.9061422
0.8938941
0.9070261
0.9001133
0.9222804
0.922888
0.9017914
0.8992373
0.9295841
0.9297845
0.9325581
0.9219495
0.925451
0.9086401
0.9220257
0.9277086
0.9073018
0.8993847
0.9044727
0.9058919
0.9071682
0.9067596
0.9002481
0.9100955
0.894491
0.906128
0.9151201
0.9200131
0.9074285
0.9037746
0.9185123
0.905305
0.8905228
0.9213999
0.9059879
0.9006698
0.8995738
0.9021198
0.8955805
0.9217113
0.9224229
0.9235546
0.9145619
0.9212825
0.8916355
0.8867541
0.9110642
0.9094107
0.9106186
0.9046238
0.8965517
0.8970654
0.9111412
0.8813424
0.9063357
0.8903248
0.911575
0.9351285
0.921892
0.8976878
0.9113111
0.9141456
0.9280504
0.9220662
0.9038603
0.9224717
0.9160207
0.9160839
0.9132129
0.9140706
0.9203631
0.9132637
0.9081483
0.9027508
0.8865301
0.9228875
0.9280176
0.9202891
0.921916
0.908113
0.9224243
0.914886
0.8800599
0.8944367
0.9029496
0.9140116
0.901752
0.8967395
0.9079409
0.8969558
0.9163237
0.8914202
0.8962524
0.8980121
0.9270953
0.704178
0.6990788
0.8976513
0.8942883
0.9219721
0.9012832
0.897985
0.9084432
0.8969643
0.9147845
0.9174515
0.9008539
0.8985738
0.926979
0.9248965
0.9264014
0.9190898
0.9234958
0.9042987
0.9186811
0.9239837
0.9045642
0.8967287
0.9052723
0.9015065
0.9041682
0.9038517
0.9000219
0.9101883
0.8942854
0.8970842
0.9096141
0.9159053
0.9062852
0.9003868
0.9161387
0.9026665
0.8928505
0.9179641
0.9024239
0.8952685
0.8970135
0.9004304
0.8972853
0.9182018
0.9168831
0.9169554
0.9139758
0.9181268
0.8962412
0.8888353
0.9067864
0.9093157
0.9101192
0.9051291
0.8940252
0.9022335
0.9077057
0.8816804
0.8987398
0.8934922
0.9128622
0.9296661
0.9169544
0.9017812
0.9109547
0.9123671
0.9258111
0.9218978
0.9052205
0.9229892
0.9217617
0.9206997
0.9190617
0.919735
0.9242321
0.9190875
0.9063879
0.9043711
0.8924977
0.9251265
0.9326032
0.9252516
0.9272047
0.9119318
0.9306377
0.9160789
0.8723225
0.8930161
0.9036762
0.9180245
0.9014433
0.8926494
0.9069673
0.8935933
0.9159949
0.8861782
0.8903047
0.8972537
0.9309434
0.8003117
0.8095061
0.8916343
0.8891262
0.9278022
0.8981285
0.894639
0.9093755
0.8994962
0.920182
0.9243672
0.8970882
0.8948082
0.9302199
0.933563
0.9345741
0.926433
0.9291016
0.9083908
0.9255716
0.929259
0.9044607
0.8937218
0.9028728
0.9017638
0.9048652
0.9031749
0.8938896
0.9173623
0.8955085
0.903399
0.9184529
0.9243423
0.9120246
0.9054503
0.9192906
0.9027773
0.8913431
0.9235148
0.9067787
0.8985125
0.9011727
0.9020115
0.8916616
0.9237436
0.9224939
0.9222943
0.9200029
0.9242557
0.8921539
0.8797951
0.9149013
0.910554
0.9124728
0.9022784
0.8933973
0.8984703
0.9141309
0.8763575
0.900396
0.8924675
0.9110981
0.9380143
0.9229009
0.8970348
0.9178473
0.9154085
0.9291673
0.9248524
0.9076573
0.9258471
0.9181175
0.9193356
0.91673
0.9169067
0.9232832
0.9177411
0.9036529
0.9082501
0.8863968
0.9192025
0.9277512
0.9152086
0.926265
0.9126047
0.9239381
0.9117075
0.8790347
0.8965683
0.9018002
0.9141107
0.8988661
0.8963884
0.9048505
0.897607
0.9185423
0.8916141
0.8959811
0.9084536
0.9267423
0.7662544
0.7668352
0.8945205
0.895748
0.9245365
0.9038009
0.8999963
0.9097156
0.9027304
0.91915
0.9197075
0.901804
0.8995093
0.9303373
0.9318853
0.9275082
0.9192951
0.9224129
0.9070584
0.9191251
0.9289164
0.9060039
0.8975702
0.9075109
0.9040289
0.9070326
0.9076968
0.9014421
0.9093094
0.8974231
0.9013281
0.9103591
0.9198903
0.9099588
0.9054202
0.917326
0.9032116
0.8907642
0.9235335
0.9049363
0.8978078
0.903035
0.9024927
0.897639
0.9197419
0.9213906
0.9218552
0.914899
0.9170361
0.8890408
0.8854736
0.9116573
0.9107188
0.9113295
0.9030969
0.8942688
0.8988664
0.9109848
0.8727141
0.9067266
0.8946822
0.9071392
0.9325023
0.9214095
0.9005094
0.9110738
0.909438
0.9252254
0.9227824
0.9054596
0.9209807
0.9189743
0.9162725
0.9153491
0.9159652
0.9196576
0.9171153
0.9021379
0.9045966
0.8888972
0.9198309
0.927432
0.9171369
0.9225498
0.9102333
0.926086
0.9128694
0.8752276
0.8901734
0.9058446
0.9151202
0.899989
0.8926154
0.904856
0.8990164
0.9136326
0.8908691
0.8914998
0.9000341
0.9239681
0.7579659
0.7629386
0.8943308
0.8913825
0.92159
0.902158
0.8956355
0.9048664
0.9005419
0.9177879
0.9206367
0.9015556
0.9003613
0.9287446
0.9266894
0.9257178
0.9181611
0.9228398
0.9040945
0.9196768
0.924052
0.9051277
0.8924401
0.9051585
0.9035059
0.9056059
0.9043643
0.8985132
0.9121471
0.8982966
0.9012432
0.9104984
0.9171926
0.907383
0.9035374
0.9149336
0.9027287
0.8871242
0.9191168
0.9031297
0.8943989
0.9017004
0.9011996
0.8973374
0.9169126
0.9191262
0.9195143
0.914065
0.9165603
0.8891276
0.8884729
0.9110885
0.9107001
0.9107227
0.9026267
0.8929977
0.8960995
0.9082555
0.874441
0.9020328
0.8901592
0.9071905
0.9313797
0.9193087
0.8989256
0.9060867
0.9131452
0.9252446
0.9210923
0.9041051
0.9214167
0.905246
0.9018357
0.9045511
0.9053752
0.9076988
0.9050275
0.9058782
0.9090519
0.9102761
0.9202809
0.9299001
0.919234
0.915395
0.9126715
0.9266611
0.9127505
0.8973098
0.9068538
0.8744241
0.9144443
0.911082
0.8663757
0.9151096
0.9009503
0.9121782
0.8981915
0.8974874
0.8919169
0.913096
0.9046788
0.9074807
0.8628133
0.8997189
0.9126787
0.8987231
0.8943411
0.8991966
0.8987142
0.9119858
0.9160255
0.8497494
0.8532644
0.9089899
0.9073309
0.9143302
0.9236416
0.9255746
0.9085501
0.9059545
0.918739
0.857617
0.8618059
0.8559072
0.862254
0.8638577
0.8628266
0.860952
0.9199283
0.9008031
0.9078689
0.9135684
0.9198508
0.9100533
0.9113736
0.8842489
0.9112972
0.8728687
0.9042267
0.9054314
0.9027116
0.9083488
0.9055918
0.8504479
0.903154
0.9042706
0.9031182
0.9162825
0.9186388
0.9076836
0.856335
0.9170145
0.9240621
0.9238191
0.9067064
0.897253
0.900123
0.9128678
0.9022755
0.9049383
0.9084316
0.913088
0.9151784
0.9192417
0.9078648
0.9099369
0.9219282
0.9257991
0.9237607
0.9116992
0.9260345
0.9052475
0.9030572
0.9036532
0.9024572
0.9097036
0.9067764
0.9081144
0.9080373
0.9108978
0.9207691
0.9296693
0.9210211
0.9185002
0.9119335
0.9277799
0.9143488
0.895598
0.9068937
0.873442
0.913641
0.908185
0.8625868
0.9162149
0.9025699
0.9149889
0.8975504
0.8976933
0.8945461
0.9132104
0.903704
0.9097992
0.8636055
0.8987582
0.912368
0.9000146
0.8961681
0.8984401
0.8977094
0.9117081
0.9168479
0.8501669
0.8505108
0.909966
0.9079198
0.9135977
0.9243304
0.926517
0.907344
0.9050967
0.9201724
0.8576807
0.8649223
0.8566108
0.8599373
0.8645042
0.865808
0.8621983
0.921024
0.8982678
0.9087639
0.9148726
0.9207956
0.9085414
0.90816
0.886593
0.9113349
0.8712875
0.9059958
0.905589
0.9033424
0.9083102
0.9085095
0.8493855
0.9065685
0.9079877
0.9064545
0.9198513
0.9151442
0.9064837
0.8581094
0.9156808
0.9218869
0.9221682
0.9054547
0.8965566
0.9009615
0.9121339
0.8999274
0.9044673
0.9078078
0.9120887
0.9139716
0.9209101
0.9058468
0.9113721
0.9193346
0.9226261
0.9225536
0.9117751
0.9263275
0.921077
0.9201743
0.9203369
0.9214489
0.9258122
0.9241282
0.927424
0.8480169
0.901681
0.9051396
0.9076469
0.9029659
0.9301487
0.9077626
0.9019746
0.9034006
0.9098401
0.8451173
0.9245837
0.8941453
0.8878882
0.9174477
0.9088917
0.9128586
0.934486
0.9229257
0.9207195
0.924098
0.9197004
0.9202225
0.9247266
0.921408
0.9216058
0.9236214
0.9205445
0.9233275
0.9237232
0.9203705
0.9326533
0.9311555
0.9228516
0.9227932
0.9237544
0.9213968
0.9241068
0.9111801
0.9187882
0.907921
0.9228012
0.9349927
0.9242007
0.9233972
0.9236778
0.9243718
0.9275585
0.9283599
0.9238936
0.9032337
0.923958
0.8562113
0.8951459
0.9027632
0.8244117
0.8250779
0.9269376
0.8773422
0.9240475
0.9234417
0.8605533
0.8598554
0.8602206
0.8625577
0.9236297
0.9210873
0.9226968
0.9234012
0.9001297
0.9067434
0.8971011
0.9272495
0.8558755
0.8620416
0.8583351
0.9149627
0.9095737
0.890063
0.8727778
0.9155197
0.8413409
0.847159
0.9015745
0.9242124
0.9060499
0.9216778
0.9071399
0.9131047
0.9087147
0.9134609
0.9009908
0.9127738
0.9248239
0.9235127
0.9251876
0.9258993
0.9287346
0.9257025
0.928331
0.8588966
0.908653
0.9038623
0.9056972
0.9032986
0.9319134
0.9018824
0.9062697
0.9045682
0.9125513
0.8518382
0.9267652
0.8997269
0.8917407
0.9259545
0.9078222
0.9127072
0.9384497
0.9249912
0.9257964
0.92382
0.9234205
0.9236477
0.9228829
0.9256309
0.9253679
0.9223789
0.924128
0.9232389
0.9274949
0.9231636
0.9357135
0.934044
0.9233644
0.922178
0.926651
0.9279554
0.9247631
0.9121373
0.9169813
0.9056915
0.9267898
0.9359296
0.9256361
0.9246181
0.9245926
0.924361
0.9269663
0.9274061
0.9272164
0.904296
0.929001
0.8630692
0.9031136
0.9034795
0.8411673
0.8436528
0.9266333
0.8784852
0.9260615
0.9249203
0.8658767
0.8642394
0.8660916
0.8625009
0.9242161
0.9260257
0.9260295
0.9250631
0.9038038
0.9088453
0.9015549
0.9273186
0.8592547
0.870302
0.8686731
0.918523
0.9158617
0.8945845
0.8777294
0.9155673
0.854946
0.8557703
0.9032868
0.9274561
0.9076492
0.9203973
0.9133184
0.9144174
0.9133666
0.9110926
0.904009
0.9136454
0.9024486
0.9002159
0.8976962
0.8991203
0.9074409
0.9061644
0.906661
0.8709211
0.8770519
0.8891222
0.8979979
0.8837405
0.9151933
0.8854224
0.8983075
0.8849289
0.8826424
0.8701443
0.9113612
0.8834927
0.866738
0.9000549
0.8887562
0.8848517
0.9118831
0.8909816
0.8941591
0.8909057
0.9045721
0.8927765
0.8992409
0.8999853
0.8959985
0.9054485
0.9008125
0.8949341
0.9002329
0.8961139
0.9107006
0.9124977
0.9013521
0.8989499
0.9097499
0.9072254
0.9089775
0.9027252
0.9113443
0.8848763
0.8991941
0.9191664
0.9032258
0.8977355
0.9025911
0.9067973
0.9062011
0.9076285
0.9034087
0.8881512
0.8991603
0.8782618
0.8791917
0.8855053
0.8816847
0.8808053
0.9098966
0.8864521
0.900695
0.9056109
0.8735738
0.8675065
0.8808966
0.8734926
0.8964401
0.9039063
0.904237
0.9038703
0.885621
0.8884111
0.8837209
0.9034441
0.8876453
0.899655
0.8990535
0.8920404
0.878392
0.8670851
0.8805604
0.8808175
0.871592
0.8679119
0.882323
0.9087498
0.8869736
0.9017848
0.8929453
0.8989016
0.9005429
0.9022165
0.8820705
0.9046396
0.9202003
0.9154624
0.913474
0.9174296
0.9223077
0.9210781
0.9151675
0.8242976
0.8912591
0.8876971
0.9012959
0.8966316
0.9204482
0.8941033
0.9021231
0.8979678
0.8991974
0.8205187
0.9186437
0.8843724
0.8716165
0.9082937
0.8978125
0.9046134
0.928089
0.9126539
0.9135583
0.9151874
0.9180076
0.9077143
0.9086237
0.9185935
0.9124002
0.9193729
0.9156789
0.9146302
0.9204622
0.9146067
0.9292145
0.928141
0.9149915
0.9120323
0.9220597
0.9197137
0.9200654
0.9090878
0.9113139
0.9008722
0.9172686
0.9309569
0.9148638
0.9145173
0.9154821
0.9169851
0.9171127
0.9187189
0.9148519
0.8952831
0.9143966
0.8262648
0.8893579
0.8950345
0.7789271
0.7814437
0.9197846
0.8555895
0.9147512
0.9206543
0.830866
0.8270773
0.8373978
0.8292453
0.9168104
0.9184644
0.9198311
0.9206936
0.8911465
0.9009451
0.885356
0.9113648
0.8299753
0.8433939
0.8402706
0.9077983
0.909094
0.8780639
0.8526269
0.9022556
0.8210828
0.8167623
0.8956879
0.9234225
0.8947762
0.9125864
0.9027132
0.9048018
0.9093244
0.9053509
0.8929345
0.9121232
0.9101937
0.9060118
0.9083041
0.9095619
0.9190717
0.9159183
0.9149122
0.8830614
0.8601021
0.8369672
0.8583401
0.8342833
0.9255013
0.8697259
0.8780968
0.8635499
0.9025764
0.8832048
0.9205146
0.8836564
0.8782757
0.9189025
0.871173
0.895345
0.9269861
0.9188337
0.9154607
0.9118896
0.91321
0.9174869
0.9205592
0.9178981
0.9136357
0.9113659
0.9178318
0.9150639
0.9145012
0.9144554
0.9258319
0.9247308
0.9141856
0.9144181
0.9071648
0.9105842
0.9095905
0.8776635
0.885089
0.8788907
0.9066344
0.9264643
0.9155606
0.9198217
0.9164114
0.9204485
0.9167982
0.9230823
0.9170016
0.8554069
0.918281
0.8854136
0.8493325
0.8459347
0.8863916
0.8904628
0.9199901
0.899739
0.9140589
0.912699
0.879576
0.8778082
0.8895719
0.8760128
0.9167584
0.9112445
0.9127229
0.9126379
0.8485086
0.865391
0.8921611
0.9204357
0.8927192
0.8951203
0.8951071
0.9024695
0.9015502
0.8820056
0.8800073
0.9009152
0.8856976
0.880567
0.8549451
0.908745
0.8684104
0.905748
0.886589
0.8923641
0.8753251
0.8828348
0.8656163
0.8890848
0.909631
0.9094064
0.9086389
0.9101819
0.915491
0.9149504
0.9159432
0.8771059
0.8907425
0.8794056
0.8865697
0.8802667
0.9236771
0.8863808
0.8797669
0.8854875
0.9034942
0.8792096
0.9227162
0.8737435
0.8691153
0.9127686
0.8887348
0.9031768
0.9251012
0.9164688
0.9152458
0.9109365
0.9118441
0.9174372
0.9159474
0.9166933
0.9144448
0.9064117
0.9183912
0.913853
0.9157531
0.9156015
0.9219873
0.9196511
0.9133352
0.9148667
0.9135811
0.9141833
0.911851
0.9032577
0.9070156
0.8941963
0.9106237
0.9230064
0.9175742
0.9197442
0.9176189
0.9207018
0.9225442
0.9190698
0.9194428
0.8871089
0.9203594
0.8807254
0.8749684
0.8803376
0.8769508
0.8824078
0.9150405
0.8974241
0.9152793
0.9127872
0.8716175
0.8687684
0.8880944
0.8664122
0.9149691
0.9104724
0.9109428
0.9107813
0.8810291
0.8872401
0.8904716
0.9249168
0.885627
0.8937621
0.8957281
0.9094907
0.8991077
0.87328
0.8774959
0.9079036
0.8776088
0.8779606
0.8835308
0.9084979
0.885071
0.9103114
0.8902391
0.9013176
0.8909603
0.8909721
0.8803651
0.90611
0.9165259
0.913227
0.9107124
0.9129531
0.9186723
0.9169086
0.9234317
0.8237122
0.8974058
0.8938542
0.9040895
0.8998833
0.9221432
0.8971169
0.9039232
0.8988988
0.9015372
0.82525
0.9193402
0.8873304
0.8770589
0.9147045
0.901881
0.9056134
0.9277957
0.9149389
0.916249
0.9093877
0.9177286
0.9152904
0.9160319
0.9146242
0.9133763
0.9143336
0.9154446
0.9153609
0.9190707
0.9156088
0.9288801
0.9280373
0.9139201
0.9163217
0.9172378
0.9163982
0.9195163
0.9055924
0.9136508
0.8987664
0.9144299
0.9294171
0.9152418
0.9153558
0.9167968
0.9177676
0.9203875
0.9218916
0.9188448
0.8965517
0.9194684
0.8314889
0.8936208
0.8989525
0.7920087
0.7931021
0.9228539
0.8589504
0.9163177
0.917652
0.8379285
0.8373022
0.8403158
0.8375833
0.9152816
0.9165999
0.9169481
0.9161873
0.8977825
0.8972722
0.8938009
0.9197134
0.8393286
0.8534376
0.8502134
0.9108776
0.9067181
0.881459
0.8600358
0.9052441
0.8227064
0.8205216
0.8959002
0.9164177
0.9006415
0.913768
0.900912
0.9087137
0.9071241
0.9081012
0.8980296
0.9079999
0.9043254
0.9023695
0.9023792
0.9062291
0.9089185
0.9124882
0.9136982
0.8783349
0.8658658
0.7620611
0.8714655
0.8427685
0.9213195
0.8698567
0.8821866
0.8618712
0.9042158
0.8860421
0.9172601
0.8837435
0.872906
0.9151335
0.8637982
0.8961306
0.921191
0.9069112
0.909104
0.9001098
0.9055502
0.9170012
0.9183961
0.9143524
0.9089437
0.9050942
0.9128842
0.911828
0.9107718
0.9067607
0.9153201
0.9151863
0.909169
0.910427
0.9065591
0.904037
0.9071292
0.8794244
0.8876676
0.8767862
0.9031547
0.9221386
0.9106467
0.912591
0.9121255
0.9148966
0.9171678
0.9165592
0.9160773
0.861361
0.9181097
0.8872273
0.8488828
0.8537645
0.8837319
0.8867693
0.9132758
0.8978929
0.9133212
0.9081368
0.8778012
0.8755384
0.8895619
0.8764507
0.9126679
0.9053587
0.905802
0.9037618
0.8527985
0.865828
0.8963627
0.9207197
0.89274
0.9008215
0.9011945
0.8982267
0.8969163
0.8795587
0.8806344
0.8983694
0.8790907
0.8791129
0.8524912
0.9023547
0.8672982
0.9015369
0.8799767
0.8870945
0.8698201
0.8793359
0.8645112
0.8877192
0.9248379
0.9237528
0.9262703
0.9205298
0.9277178
0.9260816
0.9279001
0.8533692
0.9061764
0.9018564
0.9017848
0.9040225
0.9311776
0.9058555
0.9070572
0.9012419
0.9163473
0.8541116
0.9297986
0.8935057
0.8866894
0.9218224
0.9073848
0.9129084
0.9394299
0.92493
0.9278652
0.9223157
0.9251086
0.9222397
0.9234746
0.9219068
0.9262066
0.9217286
0.9269639
0.9254394
0.9261603
0.9212128
0.935367
0.9366015
0.9288686
0.9280548
0.9250632
0.923872
0.9231484
0.9108239
0.9167956
0.9010974
0.9246957
0.9368019
0.9263129
0.9295639
0.9269305
0.9299584
0.9264248
0.929091
0.9286964
0.9031727
0.929385
0.8589692
0.8985109
0.9022791
0.8230138
0.830887
0.9276478
0.877775
0.9247641
0.9244885
0.8594713
0.8592712
0.867863
0.8616453
0.9257592
0.9245179
0.924819
0.9248172
0.9012246
0.9085562
0.8964234
0.9275851
0.8581998
0.8662434
0.8671707
0.9141283
0.9164143
0.8927423
0.8708571
0.9182245
0.8527782
0.8509901
0.9031638
0.923955
0.9091543
0.9238657
0.9121485
0.9139357
0.9105299
0.9098213
0.9016995
0.9144013
0.9182324
0.9139675
0.9137258
0.9155077
0.9215203
0.9197909
0.9197477
0.8902545
0.8604789
0.8416539
0.8625697
0.8382786
0.9295314
0.8777928
0.8817388
0.8615008
0.9050287
0.8907742
0.9255412
0.8868992
0.8755675
0.9209908
0.8681218
0.9046629
0.9328159
0.9220775
0.9215282
0.9212141
0.9196529
0.9125449
0.9153309
0.9232247
0.921775
0.9179855
0.9205076
0.9209918
0.9208699
0.9206009
0.9292919
0.9280211
0.9175664
0.9181332
0.9170644
0.9156776
0.9201638
0.88339
0.8941271
0.8803357
0.9103529
0.9316865
0.9182463
0.9221862
0.9168859
0.9238586
0.924711
0.9202737
0.9214533
0.8459269
0.9236169
0.8923038
0.8461366
0.8489005
0.8869898
0.8907249
0.9253989
0.9004381
0.9204352
0.9184752
0.8843734
0.8819432
0.897624
0.8830314
0.9189189
0.916878
0.9174202
0.9163084
0.8414794
0.8740939
0.8912678
0.9242971
0.8959229
0.89934
0.8985487
0.9046928
0.9013848
0.8789001
0.8884165
0.9043031
0.8892918
0.8862195
0.8561831
0.9149231
0.8714019
0.9139008
0.8860196
0.8943026
0.874464
0.8838053
0.871709
0.889829
0.9150428
0.9156589
0.9142917
0.9151836
0.9202601
0.9195154
0.9181079
0.8476975
0.8926465
0.8994709
0.9043826
0.8985727
0.9207825
0.8963564
0.9045254
0.8994853
0.8973778
0.8424949
0.9218728
0.8938311
0.8805726
0.9142223
0.8958238
0.9027198
0.9254032
0.9091425
0.9119379
0.9124956
0.919751
0.9088278
0.9066236
0.9089006
0.9105924
0.9214333
0.9161822
0.9147617
0.916226
0.9132034
0.9305493
0.927839
0.9157648
0.9145855
0.9224908
0.9249127
0.9241836
0.9073492
0.9106992
0.8946179
0.9224737
0.9273813
0.9175803
0.9153677
0.9172135
0.9163019
0.918892
0.9175099
0.9150544
0.8963419
0.9161677
0.8480878
0.8954119
0.9023554
0.8281367
0.8335875
0.917979
0.8753633
0.9097188
0.9193414
0.8560111
0.8510591
0.8503711
0.8533572
0.9125612
0.91938
0.9192751
0.9194575
0.89373
0.8984587
0.8872717
0.9097771
0.8542991
0.8639087
0.859196
0.9036358
0.9042155
0.8841262
0.8642839
0.901965
0.8397792
0.8412769
0.8920385
0.9248126
0.8996418
0.9125471
0.9009148
0.9037757
0.9114498
0.905038
0.8915234
0.9095228
0.9041465
0.9012682
0.9029092
0.9043109
0.9140913
0.9072284
0.9144755
0.8237153
0.8827975
0.8876184
0.8993901
0.8893869
0.9205037
0.8893283
0.9013766
0.8895734
0.887532
0.8229396
0.9142967
0.870355
0.8537797
0.9032988
0.8942475
0.891993
0.9166727
0.9036829
0.907369
0.8985117
0.9113675
0.9015182
0.9043314
0.9041436
0.9057571
0.9073042
0.9056184
0.9033868
0.9067413
0.9000831
0.9198135
0.9230797
0.9049047
0.9026227
0.9095346
0.9126399
0.9109178
0.904827
0.9100017
0.8898511
0.9076517
0.9251148
0.9030273
0.9023643
0.9041052
0.9032498
0.9110056
0.912044
0.905414
0.890985
0.9113809
0.8352985
0.8869702
0.8964428
0.8221043
0.8259359
0.9146876
0.8561172
0.9057883
0.9087024
0.8002859
0.7903911
0.8393907
0.7983382
0.9069132
0.9064863
0.9095423
0.9079555
0.8863133
0.8976496
0.8758867
0.9067704
0.8415904
0.8518017
0.8520496
0.8976326
0.8906316
0.8631948
0.8314958
0.8952107
0.8277186
0.8229341
0.8880847
0.913762
0.8912609
0.9035017
0.8962493
0.903722
0.9029939
0.901455
0.8867271
0.9061524
0.9177826
0.9153087
0.9173401
0.9163595
0.9198659
0.917104
0.9243565
0.9051412
0.9042839
0.8968501
0.9011147
0.8944566
0.9246938
0.90427
0.9064243
0.8965678
0.9155243
0.9039101
0.9219479
0.9065848
0.8989928
0.9209252
0.9006164
0.913558
0.9316586
0.9191765
0.9170197
0.9160962
0.918642
0.9239579
0.9250127
0.924825
0.9199667
0.9125942
0.9189865
0.9175243
0.9211132
0.9160116
0.9255184
0.926509
0.9232342
0.9239049
0.9168222
0.9181381
0.920777
0.9078957
0.9100177
0.9033808
0.9147173
0.9262372
0.9225937
0.9243688
0.9237738
0.9237228
0.9260654
0.9258805
0.9255575
0.9046351
0.9231561
0.9042307
0.8994535
0.9036001
0.9025482
0.904731
0.922009
0.9101466
0.9231901
0.9186038
0.9002496
0.9004672
0.906572
0.8971116
0.9205258
0.9187993
0.9208859
0.9194578
0.902553
0.9021889
0.9091915
0.9268007
0.9116162
0.9136968
0.9139485
0.9150399
0.9125272
0.8969382
0.9018644
0.9179223
0.9041842
0.9019729
0.8949064
0.9149205
0.90081
0.9188499
0.9057715
0.9111693
0.9057845
0.9084585
0.8999568
0.906595
0.9182783
0.9168489
0.9201927
0.9184674
0.9251693
0.9251008
0.9181413
0.9127497
0.8964569
0.9121794
0.9205707
0.9067981
0.9328707
0.9098782
0.9135949
0.904335
0.9032893
0.9057062
0.9225045
0.9132729
0.9020041
0.9096514
0.9067858
0.9028757
0.9301275
0.9164567
0.9150782
0.9196612
0.9262689
0.8983821
0.9061895
0.909639
0.9165087
0.9231264
0.9187525
0.9155844
0.9126793
0.9177012
0.9296014
0.9307578
0.9150049
0.9147672
0.926879
0.9268057
0.9248543
0.9129361
0.9195343
0.9062047
0.9193911
0.9325045
0.9196853
0.9087175
0.9173702
0.915568
0.9221378
0.9174452
0.9121651
0.9116907
0.9182628
0.9104844
0.9043015
0.9126625
0.9116282
0.9091237
0.9215594
0.9120259
0.9074108
0.9224379
0.9054132
0.8996977
0.909908
0.9044674
0.908952
0.9212767
0.9220928
0.9210093
0.908431
0.9113855
0.9028499
0.9045904
0.9181557
0.9180171
0.9163508
0.9095819
0.9032855
0.9064507
0.9106037
0.9000295
0.9072645
0.9067126
0.9026945
0.9313908
0.9115605
0.9128488
0.9097056
0.9104754
0.9137943
0.9177595
0.9061645
0.9169134
0.9198488
0.9145682
0.9188448
0.9194279
0.9225372
0.9239077
0.9214941
0.9067072
0.8976185
0.890417
0.8995022
0.8865668
0.926235
0.9014961
0.8983439
0.8954993
0.9139607
0.9116495
0.9244517
0.9065675
0.901663
0.9241653
0.8997145
0.9127519
0.9304048
0.9225452
0.9242381
0.9197793
0.9188774
0.9201866
0.9236136
0.9222689
0.9218863
0.9144989
0.9244581
0.9235823
0.9196032
0.9194375
0.9259622
0.925081
0.9241733
0.9225665
0.9200846
0.9207015
0.9202463
0.9072337
0.9099686
0.8996951
0.9156062
0.9279968
0.9269908
0.9236516
0.9268293
0.9240799
0.9253236
0.9237026
0.9251915
0.8928806
0.9264495
0.9074882
0.8857688
0.8898311
0.9107937
0.9131384
0.9250314
0.9160894
0.9263667
0.920888
0.9017734
0.900798
0.9113483
0.9039613
0.924276
0.9181067
0.9197372
0.9189605
0.89171
0.8921899
0.9106588
0.926284
0.9126922
0.919394
0.9187665
0.9140549
0.9104115
0.9014579
0.8996083
0.9156535
0.9090843
0.9073458
0.895149
0.9159375
0.8959031
0.9175467
0.8972545
0.9084512
0.907439
0.9071947
0.8923301
0.9052019
0.905718
0.8989022
0.9033498
0.9022559
0.9093775
0.9122776
0.9180154
0.8840117
0.8946478
0.8703593
0.8876162
0.8677807
0.9200129
0.8841715
0.8837261
0.8834046
0.911215
0.8961177
0.9243442
0.891586
0.8884655
0.9202211
0.8903724
0.9016663
0.9236101
0.9148586
0.9141939
0.9035189
0.9003978
0.930669
0.9315328
0.9190066
0.9107745
0.8952943
0.9151823
0.9162046
0.9108394
0.9114059
0.9167553
0.9105279
0.9157405
0.9165611
0.8940075
0.8972746
0.8974359
0.8967965
0.9039429
0.887325
0.9025887
0.9194496
0.9125158
0.9185351
0.9136649
0.9195662
0.9220526
0.9202354
0.9167564
0.8898056
0.9224537
0.8926462
0.8766482
0.8772262
0.8929683
0.8978618
0.9154843
0.909422
0.9259952
0.9069201
0.8886969
0.8882097
0.8994385
0.8870464
0.9205646
0.9051962
0.9058473
0.9047619
0.8887547
0.8812565
0.907444
0.9314446
0.8985308
0.9086949
0.9066099
0.9045302
0.901035
0.8867623
0.8870849
0.9142878
0.887022
0.8904609
0.8878429
0.8963275
0.8788935
0.9150511
0.8850821
0.9007938
0.890998
0.8958787
0.885794
0.9032783
0.9083785
0.9030143
0.9105101
0.9098562
0.9177415
0.9141447
0.9162287
0.8857228
0.8908719
0.87237
0.8871956
0.865073
0.9248786
0.8844255
0.8899256
0.8800177
0.9122647
0.8965822
0.9251233
0.8940819
0.8854159
0.9229166
0.8885811
0.8984511
0.9251191
0.9190917
0.9163484
0.9086357
0.9020645
0.9296141
0.9287659
0.919206
0.9155194
0.9005037
0.916111
0.9198768
0.9121743
0.9125125
0.9173783
0.9166048
0.9149599
0.9178057
0.898142
0.9022662
0.9013409
0.8968181
0.9001209
0.8844535
0.9057802
0.9223882
0.9144742
0.9225255
0.9180097
0.9210165
0.9245027
0.9191645
0.9221578
0.8870155
0.9246491
0.8961451
0.8741886
0.874522
0.8950799
0.9000733
0.9162493
0.9061646
0.9230825
0.9084224
0.8881598
0.8878741
0.8969684
0.8859581
0.9183792
0.9098767
0.9102471
0.9090445
0.8893273
0.8817389
0.9061627
0.9308937
0.8990485
0.9121762
0.9106745
0.9035596
0.9028656
0.8891174
0.887442
0.9138519
0.8900365
0.8927764
0.8864779
0.8989298
0.8833209
0.9140414
0.8884096
0.8972543
0.8887425
0.8946405
0.8849856
0.9001863
0.898753
0.8942071
0.8977891
0.8970722
0.9042085
0.9054347
0.90614
0.8627176
0.8654356
0.8500647
0.8703317
0.8423951
0.911302
0.8635226
0.8723571
0.8634769
0.8897903
0.8718449
0.9153173
0.8683485
0.8597708
0.9086989
0.8715911
0.889983
0.9128028
0.9027422
0.9022612
0.8906858
0.8985847
0.9145341
0.9126105
0.905492
0.9050876
0.894793
0.9020161
0.9068128
0.9021105
0.8971324
0.9124829
0.9114483
0.9023932
0.9020603
0.8979817
0.8974699
0.8987578
0.8862946
0.8902539
0.868513
0.8946268
0.9155768
0.9040009
0.9074108
0.9070914
0.9096493
0.9139156
0.9141938
0.9098613
0.8652784
0.9077265
0.8679302
0.8390375
0.8521703
0.8669923
0.8731137
0.90525
0.8877291
0.9116119
0.8998019
0.8612066
0.8590594
0.8785632
0.8579483
0.9036388
0.8985077
0.8981634
0.8988748
0.8582045
0.863767
0.8877798
0.9176224
0.8810647
0.8941065
0.8922445
0.8936694
0.883089
0.85969
0.8693874
0.895026
0.8601851
0.869205
0.859226
0.8967663
0.8634016
0.9023372
0.8732468
0.8847672
0.8759022
0.8783174
0.8618317
0.8885419
0.9029095
0.8979607
0.902981
0.9050932
0.9122223
0.9098944
0.9081509
0.8810251
0.8654805
0.8546617
0.869863
0.8510931
0.9206816
0.8724043
0.8810424
0.8649624
0.9012115
0.883913
0.9137489
0.8861223
0.8767332
0.9139446
0.8740152
0.8937493
0.9198172
0.9033321
0.9068467
0.90105
0.9051448
0.9119301
0.9163124
0.9128231
0.9026339
0.9019622
0.9101578
0.9115986
0.9074848
0.9064163
0.9152474
0.9153906
0.9039077
0.90586
0.9037343
0.9022691
0.9039425
0.8895533
0.8942376
0.8791066
0.9006591
0.9216659
0.9067609
0.9119463
0.9086049
0.911672
0.9154713
0.9141562
0.9126609
0.8605343
0.9117845
0.8873104
0.8545806
0.8610619
0.8855519
0.8908464
0.9091873
0.9030032
0.9098259
0.9051212
0.8787226
0.875536
0.8912876
0.8791755
0.9057417
0.9063022
0.9067141
0.9057489
0.8540328
0.8687693
0.8937031
0.9189024
0.8968358
0.9036742
0.9017661
0.8992765
0.8927131
0.87539
0.8829775
0.9023412
0.881466
0.8807725
0.8653846
0.9049769
0.8688568
0.9002069
0.8837666
0.8955774
0.8781964
0.8879418
0.8657989
0.8911492
0.918287
0.9162342
0.9164048
0.9179872
0.921227
0.918931
0.9129585
0.9082418
0.8861202
0.9060477
0.9122305
0.9011942
0.9292933
0.9005885
0.9087808
0.9028682
0.8989268
0.8997082
0.9204259
0.9088805
0.8926737
0.9135476
0.894576
0.9010079
0.9336015
0.9111292
0.9072574
0.9144805
0.9246276
0.8938556
0.9018803
0.911929
0.907677
0.921403
0.9187063
0.9099809
0.9096765
0.9090941
0.927517
0.9283285
0.9126575
0.9120521
0.9240603
0.9273993
0.9234862
0.9050776
0.9123303
0.9041623
0.9180554
0.9298099
0.9169922
0.9109797
0.916589
0.9127664
0.9174145
0.9163322
0.9140896
0.9027356
0.9127138
0.9053676
0.8944717
0.902381
0.9057268
0.9056202
0.9204747
0.9067247
0.9043761
0.9188637
0.9019779
0.8977093
0.902733
0.9026001
0.9089155
0.9228145
0.9229312
0.9212188
0.8971351
0.9053538
0.8909136
0.9040567
0.9091223
0.9094725
0.9103939
0.9051504
0.9037121
0.9022952
0.9032698
0.8931671
0.9060216
0.8973427
0.8948347
0.9301956
0.9086671
0.9064781
0.9067832
0.9065945
0.910906
0.9035395
0.8924175
0.9103718
0.8979446
0.9003858
0.8964683
0.8958453
0.9029071
0.8986506
0.9088884
0.8745926
0.8857059
0.8878192
0.8955868
0.8799824
0.9156214
0.8878108
0.8941249
0.8874423
0.8838081
0.8725167
0.9122907
0.8814804
0.8713539
0.9018775
0.891357
0.8824392
0.9101999
0.8987174
0.8960667
0.8907735
0.9001987
0.9031523
0.9085658
0.9024149
0.8952696
0.8996567
0.9035999
0.8987049
0.9020065
0.8957911
0.9082626
0.9104232
0.9003245
0.8988785
0.9030356
0.9020624
0.90234
0.9064309
0.9121297
0.8871338
0.8950206
0.9177701
0.9055257
0.9002612
0.905986
0.907804
0.9063024
0.9069561
0.9066499
0.892165
0.9045776
0.8772363
0.8837048
0.8873116
0.8774663
0.8814316
0.9077591
0.8893493
0.9025482
0.903461
0.8730305
0.8657643
0.8797164
0.8658853
0.8986509
0.8972938
0.8993458
0.8972575
0.8902801
0.8869346
0.8852786
0.9124043
0.8872281
0.8961239
0.8953205
0.8881094
0.8793687
0.8686778
0.8825381
0.8817424
0.8726759
0.8742646
0.8825008
0.9014305
0.8810448
0.8999067
0.891127
0.9015706
0.8937106
0.9001896
0.8844027
0.9045424
0.798574
0.8004004
0.8060051
0.8024043
0.8469338
0.8403605
0.9092769
0.8981652
0.9150658
0.9045459
0.915624
0.9077017
0.9068258
0.8999566
0.9156387
0.9033952
0.9054642
0.902892
0.9151921
0.9048634
0.9030829
0.9028173
0.9158605
0.9044202
0.9042141
0.8906048
0.8920768
0.8762249
0.8326124
0.9253186
0.9269314
0.9017491
0.8897545
0.8308747
0.8806054
0.8888848
0.8982606
0.8875496
0.8999926
0.8957685
0.9008655
0.9015371
0.8289712
0.8279724
0.8373798
0.9174145
0.921356
0.9059021
0.8074989
0.9076996
0.8984755
0.9047241
0.9014817
0.9041554
0.9084094
0.9074671
0.9078693
0.9162954
0.9092086
0.9002915
0.908514
0.9117104
0.9011056
0.9048879
0.8956052
0.9158227
0.9085917
0.7986821
0.9008333
0.903022
0.9055414
0.897243
0.9077133
0.7844161
0.7826139
0.7846669
0.9167284
0.9067317
0.922193
0.9204549
0.9164703
0.9226429
0.9232991
0.9031639
0.8927696
0.8944586
0.9083871
0.9161258
0.8987057
0.8989381
0.9156758
0.831814
0.9049664
0.9088421
0.9062747
0.9138759
0.9167949
0.9120961
0.9049672
0.9156929
0.8913841
0.885978
0.882951
0.8908422
0.8986686
0.8933544
0.9019245
0.8927749
0.9000184
0.9159873
0.9301484
0.9226667
0.9054931
0.9015034
0.9269908
0.9099449
0.8831928
0.890138
0.8817027
0.9101472
0.8969601
0.8668642
0.9147455
0.8926169
0.8900164
0.8774053
0.8790286
0.872499
0.8967389
0.8937241
0.8985162
0.860356
0.8819531
0.8971625
0.8803214
0.8745128
0.8907135
0.8716865
0.892257
0.8981873
0.8742631
0.8722733
0.8972278
0.8982655
0.8989457
0.9205575
0.921899
0.9041101
0.8858778
0.9031354
0.8722266
0.8721944
0.8726603
0.8702666
0.8833655
0.8791702
0.8708461
0.9179642
0.8871328
0.8959655
0.9154069
0.9186637
0.9005719
0.9013476
0.8818069
0.9022694
0.8748716
0.893219
0.9019852
0.8962581
0.8935266
0.8968686
0.8719019
0.8918317
0.8912794
0.8933546
0.9203013
0.9151748
0.9028465
0.8755463
0.9127161
0.9197676
0.9202878
0.902141
0.8829877
0.891336
0.9061382
0.8889765
0.889229
0.8896285
0.9135001
0.9020168
0.9149444
0.8886343
0.9081308
0.9168778
0.9277742
0.9212925
0.9108603
0.9228511
0.890239
0.8967676
0.8915238
0.8941464
0.8974099
0.8970722
0.9050372
0.8971053
0.9060028
0.9169024
0.9324491
0.91858
0.9125136
0.9044316
0.9295675
0.9103192
0.8880365
0.8961144
0.8867274
0.9147987
0.9030646
0.8681889
0.9153981
0.8989944
0.8998911
0.8878203
0.8849923
0.875937
0.9010451
0.8989864
0.9040993
0.8624865
0.8900412
0.9026623
0.8841399
0.8845633
0.8937126
0.8870531
0.9005447
0.9036387
0.8723654
0.8731566
0.9014632
0.8975171
0.9019287
0.9206618
0.9249378
0.9067566
0.8951628
0.911729
0.8733974
0.8719726
0.8740771
0.8753043
0.882418
0.8807245
0.8749347
0.9155662
0.8964012
0.9012359
0.9173779
0.9185522
0.9065126
0.9060055
0.889104
0.9051315
0.8782343
0.8994428
0.9034192
0.8992769
0.897266
0.9004331
0.8705318
0.895398
0.8945667
0.8943866
0.9166667
0.9184407
0.9077361
0.8831642
0.9143531
0.9198031
0.9206636
0.9073585
0.8921286
0.898674
0.9070197
0.8984254
0.8962709
0.8922056
0.9155217
0.9061227
0.9179305
0.8966987
0.9117221
0.91793
0.9304588
0.9231533
0.9123241
0.9267212
0.8964304
0.8987155
0.8984487
0.9017502
0.9046336
0.8991714
0.9014879
0.8999186
0.9033032
0.9152512
0.9307375
0.9175325
0.9097967
0.9083661
0.9264198
0.9145991
0.8883566
0.8967954
0.8877421
0.9113594
0.9026792
0.8612459
0.9151046
0.9003862
0.9028303
0.886241
0.8884477
0.8833487
0.9118056
0.8931863
0.8974183
0.864322
0.8881564
0.9089044
0.8885728
0.8865033
0.898098
0.88474
0.903552
0.90905
0.873482
0.870666
0.9107838
0.9051772
0.9094692
0.9243042
0.9263609
0.9046431
0.9040578
0.9138539
0.8756971
0.8709346
0.8758273
0.8738827
0.880221
0.8814699
0.8733006
0.9108911
0.894057
0.9021635
0.9165549
0.9201271
0.906043
0.9038454
0.8926429
0.903401
0.8722411
0.9038873
0.9025125
0.8981574
0.9013664
0.905572
0.8713279
0.8996637
0.9003728
0.9026278
0.9132466
0.9137573
0.9038132
0.8725598
0.9149895
0.9214097
0.9212753
0.9058983
0.8922371
0.8937061
0.9068755
0.892314
0.898964
0.8985899
0.9150729
0.9139777
0.916053
0.8973001
0.9117851
0.9155702
0.9276703
0.9186439
0.9064869
0.9186109
0.8937188
0.8897
0.891414
0.8935927
0.901337
0.8955192
0.9035592
0.9008116
0.9033079
0.9118913
0.9259992
0.9152171
0.9098862
0.9038048
0.9251337
0.9089473
0.8874259
0.8974644
0.8841937
0.9074113
0.9004346
0.8676856
0.9102143
0.894834
0.9024059
0.8890484
0.889219
0.878484
0.9015442
0.9012217
0.9041473
0.8655538
0.8886928
0.8981249
0.8862697
0.8853668
0.8934387
0.8860816
0.9002195
0.9003964
0.8681319
0.8688823
0.9004536
0.8987657
0.9009183
0.9200748
0.9217501
0.9045701
0.8911202
0.9111962
0.8761065
0.8703615
0.8789744
0.8742647
0.8774442
0.8763552
0.8757182
0.9137135
0.8939693
0.9003543
0.914194
0.9193894
0.9013994
0.9018797
0.8861098
0.9085364
0.8721729
0.8997376
0.9021091
0.897006
0.899025
0.9018825
0.8689849
0.8933805
0.8931625
0.8968482
0.9115512
0.9123448
0.9069414
0.8809689
0.9137115
0.9184291
0.918449
0.9046926
0.8876815
0.8943532
0.9072048
0.8920368
0.8992539
0.896153
0.9130634
0.9034085
0.9131664
0.8990119
0.9097664
0.9170783
0.9228774
0.9170805
0.9077538
0.9230877
0.8854652
0.8820708
0.883833
0.8828544
0.8898878
0.8908183
0.9026233
0.8884931
0.9077149
0.9096264
0.9319183
0.9128924
0.9057605
0.9014127
0.921404
0.9083099
0.8926526
0.8930636
0.8870962
0.9068903
0.9017107
0.8645466
0.9140918
0.9036252
0.8929368
0.8838498
0.8846124
0.8604576
0.8898988
0.9070539
0.9097985
0.8615979
0.8855642
0.8923716
0.8772426
0.8795855
0.8932169
0.8777354
0.8893484
0.8951673
0.8672699
0.86842
0.8894004
0.8885558
0.8951136
0.9243191
0.9293641
0.9023582
0.8878551
0.90271
0.8695922
0.8722285
0.8695635
0.8754552
0.878789
0.876395
0.8762441
0.9163978
0.8932923
0.8932452
0.9092948
0.9173186
0.8909706
0.8958097
0.8827132
0.902572
0.8790995
0.8888251
0.8995473
0.8947229
0.8961073
0.8958152
0.8715757
0.8884598
0.8888252
0.887741
0.91889
0.9115213
0.9123536
0.8878165
0.9109175
0.9174373
0.9191634
0.9041951
0.8830998
0.8889103
0.9063402
0.9004544
0.8852819
0.89183
0.9171101
0.8921018
0.9087305
0.9007098
0.9074032
0.9162907
0.9262852
0.9189209
0.9081865
0.9218733
0.7931767
0.7971267
0.7967917
0.7938778
0.8416915
0.8390342
0.9081162
0.8903914
0.9123311
0.8964769
0.9144286
0.903234
0.9043249
0.8975816
0.9083211
0.9010117
0.90667
0.9018261
0.9147984
0.8966026
0.8973461
0.9032649
0.9109486
0.9023214
0.8989605
0.8924332
0.8900912
0.8634517
0.8243275
0.9286368
0.9279263
0.9024345
0.8889838
0.8228334
0.8783383
0.8849165
0.8864799
0.8834275
0.8928119
0.8930106
0.897796
0.8987647
0.8208571
0.8187688
0.8330329
0.9154045
0.91654
0.8978319
0.7878257
0.9040371
0.8991743
0.9058504
0.9005668
0.9047223
0.9073127
0.906757
0.9078626
0.9128558
0.904278
0.8926294
0.8975631
0.9047208
0.8965605
0.9027342
0.8968653
0.9133057
0.9073582
0.7869306
0.8964029
0.8969772
0.9059946
0.8950975
0.9064787
0.7739601
0.7757876
0.7719341
0.9117165
0.8991798
0.9194858
0.9201711
0.9119318
0.9237712
0.9240533
0.9021308
0.8901024
0.890675
0.9018837
0.9128721
0.8941723
0.8976802
0.9055394
0.8214132
0.8970466
0.9061828
0.9023808
0.9103675
0.9130926
0.906443
0.897876
0.9139169
0.7969457
0.8000976
0.7944619
0.7952823
0.8393978
0.8361427
0.9063175
0.8921894
0.9159103
0.9023016
0.9169917
0.9069931
0.9070182
0.8992431
0.9137887
0.905394
0.9041791
0.8990103
0.9148002
0.8998041
0.9031817
0.9006216
0.9157737
0.9005017
0.905947
0.8888846
0.8874043
0.8723187
0.8246027
0.9246427
0.9225304
0.898543
0.8885994
0.8183423
0.8875706
0.8887187
0.8945932
0.8822189
0.8978788
0.8985629
0.8971867
0.8978138
0.8217874
0.8222973
0.8275917
0.9179213
0.9163614
0.898548
0.7993577
0.9075557
0.8951093
0.9075765
0.8964384
0.9054356
0.905556
0.9041414
0.906925
0.915509
0.9053815
0.8976198
0.9032174
0.909225
0.897033
0.9030607
0.8974359
0.9128228
0.9042965
0.7941732
0.9020774
0.9000522
0.9053221
0.8967626
0.9096865
0.7698993
0.7686648
0.770782
0.9158414
0.9013322
0.9185657
0.9162767
0.9140323
0.9206561
0.9224666
0.9026689
0.8919725
0.8929909
0.9060475
0.9101338
0.8926157
0.8955823
0.9104061
0.827474
0.9037106
0.9083008
0.9038827
0.9152161
0.9161143
0.9076386
0.9036358
0.9144489
0.7898766
0.7982407
0.7969339
0.7921859
0.839697
0.8375676
0.8965819
0.8926249
0.9095367
0.8981179
0.9208698
0.9051301
0.8994212
0.8936913
0.9137531
0.898865
0.9037541
0.9007207
0.9110259
0.9004845
0.899319
0.8976434
0.914654
0.8982031
0.8989398
0.8857966
0.885267
0.8653988
0.8264612
0.9230424
0.9233674
0.8927467
0.8847582
0.8260562
0.8789197
0.8846241
0.8873462
0.8757947
0.8933192
0.8919248
0.8945441
0.8964054
0.8270422
0.8216864
0.828844
0.9128924
0.9139683
0.8972658
0.8033239
0.898088
0.887906
0.9022229
0.8908499
0.8999852
0.9014789
0.9009685
0.9029774
0.9160766
0.8996644
0.8952887
0.9073676
0.9094513
0.8954855
0.8994311
0.8904459
0.9101124
0.9025649
0.7941819
0.897601
0.8977788
0.901788
0.8952602
0.8967093
0.7870897
0.7868832
0.785322
0.9120136
0.8986758
0.9168315
0.9137988
0.9123098
0.9206044
0.9210086
0.8990206
0.8853219
0.8887766
0.8981131
0.9057148
0.8925512
0.895518
0.9101018
0.825723
0.9015654
0.9019214
0.9026165
0.9111893
0.9161249
0.9087159
0.900738
0.9171018
0.8989906
0.8950153
0.8973762
0.898561
0.903524
0.9033655
0.9089217
0.9054605
0.9167582
0.9175623
0.9291109
0.9184861
0.9097057
0.9142076
0.9268455
0.9195894
0.9068412
0.9098888
0.9124178
0.9124113
0.9107313
0.9033546
0.9192769
0.9115688
0.9065544
0.8985798
0.900879
0.8868948
0.9038709
0.917719
0.9172286
0.9058384
0.8979756
0.9000287
0.8943897
0.8932025
0.9041482
0.8916106
0.9048383
0.9065479
0.9065145
0.9074759
0.9026355
0.9034451
0.9002969
0.9226592
0.9289168
0.9156809
0.8997745
0.9111714
0.9056207
0.9090812
0.9074765
0.9055011
0.9114058
0.9114587
0.9113507
0.926831
0.907348
0.9070943
0.917611
0.921605
0.910553
0.9145941
0.9092899
0.9144047
0.9053167
0.9002589
0.9116012
0.9111316
0.9086222
0.9112518
0.9086093
0.8993462
0.9022809
0.9016775
0.923372
0.9166667
0.9162283
0.9178363
0.9152501
0.9271855
0.9262765
0.9082991
0.9028075
0.9076763
0.9156966
0.911421
0.9094872
0.9066405
0.9203385
0.9035366
0.9165521
0.9145934
0.9164869
0.9244331
0.9283501
0.9192918
0.9157447
0.9247604
0.8990287
0.8935349
0.8965022
0.8961587
0.9026329
0.9020033
0.9078943
0.9076967
0.9166608
0.9157127
0.9309581
0.9175119
0.909133
0.9167258
0.9255967
0.9198732
0.907787
0.9094338
0.9147086
0.9125773
0.9127796
0.9049105
0.9226224
0.9145079
0.9076027
0.9007077
0.9009998
0.8847229
0.9053257
0.9212564
0.9183074
0.9040134
0.9007831
0.8991192
0.89487
0.8952203
0.9053791
0.8939227
0.9047636
0.9072741
0.9063638
0.9074054
0.9025198
0.8990096
0.9014775
0.9227921
0.9263294
0.9129695
0.9000896
0.9128754
0.907381
0.9112341
0.907329
0.906212
0.9144457
0.911126
0.9108215
0.9237795
0.906872
0.9047211
0.9197989
0.9213629
0.9119147
0.913996
0.9090256
0.9177851
0.9113369
0.9001404
0.9129619
0.9123019
0.9099506
0.9116491
0.9090095
0.8979981
0.8990473
0.899547
0.9216269
0.9165693
0.919129
0.9181998
0.9161788
0.9277695
0.9281942
0.9098542
0.9002638
0.9054453
0.9172808
0.9127599
0.90625
0.909065
0.9180495
0.90088
0.9177913
0.9129622
0.9158905
0.9259451
0.9294494
0.9178365
0.9152274
0.9265838
0.9088779
0.9048564
0.9094494
0.9062138
0.9074022
0.9057938
0.9068605
0.901423
0.8921904
0.9077854
0.9148187
0.9011744
0.9258705
0.901737
0.9099746
0.9037167
0.8909425
0.8925294
0.9084632
0.9064736
0.8993693
0.901412
0.9008846
0.8896425
0.922512
0.8974126
0.90228
0.9028364
0.9115987
0.8919231
0.8955794
0.9016239
0.9010763
0.907176
0.9089799
0.9039937
0.9033543
0.9020764
0.9184899
0.9220403
0.9019354
0.9036158
0.9112678
0.9117585
0.9126006
0.9171636
0.9184276
0.9014175
0.9060578
0.9234046
0.9080379
0.9033547
0.9061728
0.9081213
0.9094386
0.9107168
0.907137
0.9060658
0.9054341
0.8979112
0.901773
0.9070612
0.9047602
0.9044588
0.9136977
0.9072787
0.89549
0.9086174
0.8999396
0.9021836
0.9021488
0.9024433
0.9038166
0.9085217
0.9094987
0.9102981
0.9031723
0.9065136
0.8970479
0.9019664
0.908556
0.9125161
0.910493
0.8998409
0.8929437
0.8970017
0.9060291
0.8917156
0.8973126
0.8977447
0.8991927
0.9076824
0.9070884
0.9065272
0.9065656
0.9128292
0.9129379
0.9103752
0.8999257
0.9158321
0.8920365
0.8862709
0.8870001
0.8898299
0.8968379
0.8969386
0.9019163
0.8981666
0.8985392
0.9104912
0.92489
0.9112782
0.9147521
0.8977672
0.9173533
0.9035871
0.8869759
0.8951155
0.8834407
0.9049377
0.8936017
0.8662245
0.906707
0.8874365
0.9023913
0.8828166
0.8862284
0.8763698
0.9008535
0.8920241
0.8936249
0.8633439
0.8844115
0.8998775
0.8861379
0.8880721
0.8900514
0.8826726
0.9010432
0.9017088
0.8654914
0.8635784
0.9013443
0.9011649
0.8991588
0.9144671
0.9131678
0.9005499
0.8916962
0.9138243
0.8635232
0.8685131
0.8641806
0.8697345
0.8754252
0.8737176
0.8732592
0.9081037
0.8939144
0.8971585
0.9081578
0.9097279
0.8998815
0.9013908
0.8833075
0.905626
0.8632347
0.893236
0.8991337
0.8959318
0.8955752
0.8964909
0.8574062
0.8942869
0.8952681
0.8954111
0.911925
0.908291
0.8988555
0.8676372
0.9120999
0.9166317
0.9170689
0.8985928
0.8830987
0.8936566
0.9031415
0.887
0.8977083
0.8893986
0.90645
0.9041532
0.9126993
0.8917145
0.9057997
0.9082423
0.9188228
0.9123562
0.9027366
0.9153374
0.9035745
0.900278
0.8994988
0.8998494
0.9051506
0.9040944
0.9052676
0.8992273
0.8994014
0.9216281
0.9318308
0.9217327
0.9112632
0.9113942
0.9287847
0.9119548
0.8878498
0.8956058
0.87392
0.9135431
0.904496
0.8531348
0.9141712
0.9043838
0.9055941
0.8881293
0.8917113
0.8873661
0.9127589
0.893275
0.8933388
0.8534136
0.8938063
0.9094919
0.8949526
0.8895762
0.8966288
0.8926468
0.9084848
0.9140736
0.8473136
0.8475365
0.9121937
0.9107342
0.9108214
0.9256556
0.9295324
0.9100991
0.9104227
0.917491
0.8638245
0.8601875
0.8635534
0.8627782
0.8687477
0.8656132
0.8577536
0.9172221
0.8937107
0.9009165
0.9213038
0.9231393
0.9064942
0.9047756
0.887142
0.9021731
0.8634957
0.9077787
0.9059115
0.900884
0.8983032
0.902297
0.8376696
0.9088592
0.910475
0.9088625
0.9176533
0.9181436
0.9047007
0.85407
0.9139846
0.9193452
0.9192893
0.9087775
0.8961191
0.8974939
0.9134215
0.8949782
0.8989708
0.8962436
0.9109752
0.9160223
0.9192503
0.8983728
0.9128554
0.9198013
0.9274476
0.9234168
0.9141733
0.9230201
0.9106354
0.9066357
0.9067152
0.9076039
0.9158635
0.9127068
0.9084042
0.9123089
0.9069367
0.9229797
0.9308572
0.918397
0.917356
0.9133617
0.9261924
0.9148413
0.902913
0.9087856
0.8879279
0.9183244
0.9063001
0.8808203
0.914416
0.9070886
0.9138775
0.8966936
0.9018264
0.9003614
0.914365
0.9024872
0.9046426
0.8759362
0.9001646
0.9130187
0.9042685
0.8959151
0.9052605
0.9054656
0.9124109
0.913614
0.8764496
0.8755473
0.9141591
0.9174037
0.91571
0.9229223
0.9263609
0.9121446
0.9098293
0.9193281
0.8740653
0.8690148
0.8724963
0.8748661
0.8780942
0.8740459
0.8768603
0.9195925
0.9023219
0.9135179
0.9174798
0.9231986
0.9160205
0.9136017
0.8296268
0.9141428
0.8768356
0.9131956
0.9123312
0.9098042
0.9104329
0.9122116
0.8784643
0.9116954
0.9123276
0.9123195
0.920052
0.9244764
0.9082845
0.875572
0.9206572
0.918662
0.9200405
0.9067997
0.901255
0.9032293
0.9151335
0.901606
0.9090028
0.9082966
0.9177494
0.9220187
0.9229362
0.9088551
0.9110897
0.9207748
0.9286776
0.9242641
0.9157965
0.9202784
0.8996316
0.90022
0.8975747
0.8980156
0.9088973
0.9057149
0.9059441
0.9052802
0.9028039
0.9197261
0.9274557
0.9163997
0.9134131
0.9048083
0.9228434
0.9111966
0.893962
0.9022378
0.8869562
0.9123992
0.9019608
0.8727731
0.91229
0.8995293
0.9087529
0.8900993
0.8959765
0.8848562
0.9074586
0.8998988
0.9046915
0.8692023
0.893263
0.9057018
0.8998898
0.8937433
0.8977838
0.8948846
0.9071387
0.9102606
0.8637648
0.8679825
0.9098953
0.905509
0.909393
0.9184304
0.9212304
0.9043547
0.9035063
0.9107136
0.8687716
0.8609346
0.8682426
0.8719557
0.8690503
0.8739748
0.8678278
0.914883
0.9006427
0.9018478
0.9142105
0.9178383
0.905726
0.9073776
0.8171807
0.9063205
0.8700315
0.906259
0.9029789
0.9004688
0.9055655
0.9053827
0.8709581
0.9025358
0.9037381
0.9047516
0.9165871
0.9182636
0.9046786
0.8703215
0.9137242
0.9184396
0.9181563
0.9055926
0.8908274
0.8964725
0.9062276
0.89751
0.9032176
0.9007374
0.9138029
0.9127473
0.9157611
0.9011624
0.9091626
0.9156724
0.9255423
0.9198594
0.906825
0.9179998
0.9003573
0.9036768
0.8988651
0.9021296
0.9101088
0.9079102
0.9056483
0.9051376
0.9040078
0.9219014
0.9289177
0.9193302
0.9148959
0.908993
0.9249349
0.9105548
0.8964753
0.9036366
0.884041
0.9144057
0.9044504
0.871493
0.9090877
0.9039731
0.9071181
0.8925021
0.8954697
0.8929315
0.9104446
0.895574
0.9022351
0.8655987
0.896662
0.9086576
0.8961809
0.8931126
0.8994927
0.8991322
0.9083126
0.9106724
0.8676426
0.8692466
0.9122933
0.9083637
0.9126286
0.9218387
0.9224923
0.9055101
0.9060754
0.9129029
0.8660323
0.8651118
0.865506
0.8693469
0.8676243
0.8740074
0.8678223
0.9178106
0.8978209
0.9073324
0.916377
0.918918
0.9073061
0.9063361
0.830668
0.907508
0.8721805
0.9075319
0.9103136
0.9080822
0.9052269
0.9081334
0.8740986
0.9020379
0.9011041
0.9041362
0.9173609
0.9204199
0.9055138
0.8710276
0.9180536
0.9205273
0.9206222
0.9038106
0.8926664
0.8963317
0.9125512
0.8981336
0.9027577
0.9035676
0.9155796
0.9151811
0.9156165
0.9012191
0.9135353
0.9159098
0.9311167
0.9221385
0.9072286
0.9169758
0.9033394
0.9034839
0.8985215
0.9015879
0.9093676
0.9078284
0.909046
0.9042718
0.9034582
0.9201253
0.9300296
0.9158882
0.9133704
0.908478
0.9238022
0.9154005
0.8948496
0.9000864
0.8842464
0.9096279
0.90539
0.8784227
0.9077618
0.9014687
0.9105605
0.8948511
0.8949222
0.8940653
0.9100851
0.8971668
0.9028091
0.8687573
0.8972864
0.908652
0.9008857
0.8932593
0.8995848
0.8957812
0.9089449
0.9112995
0.8716494
0.8719705
0.9130979
0.9139831
0.9136578
0.9216623
0.9236021
0.9070366
0.9049783
0.9113887
0.8700089
0.8668433
0.870731
0.8690405
0.8752013
0.8710174
0.8729486
0.9177497
0.900466
0.9069776
0.9161267
0.9216715
0.9066786
0.9062958
0.8246902
0.9091006
0.8790263
0.9090942
0.9058634
0.9010104
0.9044819
0.905007
0.8699683
0.9064539
0.9074472
0.9089218
0.9206477
0.9188614
0.9081553
0.873683
0.9186002
0.9206128
0.9217606
0.9032404
0.8950466
0.8926824
0.9101756
0.8961361
0.9022874
0.9015962
0.9147952
0.9174154
0.9161738
0.9009915
0.9130559
0.9156251
0.9285937
0.9196886
0.9084677
0.9211395
0.9048125
0.904813
0.9016822
0.9044744
0.9110429
0.9098627
0.9073375
0.9068176
0.9063631
0.9203512
0.9271025
0.9173539
0.9146571
0.9048183
0.9235658
0.9100665
0.8965842
0.9039109
0.8816291
0.9115316
0.9035488
0.8741173
0.9095677
0.9065821
0.9093039
0.8975383
0.8998105
0.8942461
0.9135921
0.8974244
0.9043398
0.8697253
0.8996714
0.9110074
0.9022905
0.8971648
0.9013062
0.8980205
0.9053812
0.9104837
0.8674568
0.8668607
0.9136934
0.9093223
0.9129772
0.919708
0.9230061
0.9044843
0.9064161
0.9190444
0.8694128
0.866627
0.866839
0.8766468
0.8686898
0.8733088
0.8680145
0.9171808
0.9033646
0.9073559
0.9115581
0.9179415
0.9090392
0.907298
0.8252818
0.9084246
0.8694077
0.9105581
0.9071019
0.9005384
0.9067052
0.9047262
0.8662914
0.9137496
0.9130651
0.9142928
0.9178381
0.9181738
0.9060105
0.8731225
0.9175402
0.9169142
0.9167831
0.9042287
0.8950609
0.8987209
0.9080615
0.8989569
0.9031956
0.9017937
0.9144609
0.9166071
0.9132237
0.9022868
0.9098139
0.917373
0.9265738
0.9223653
0.9080272
0.9185961
0.9037353
0.9045379
0.9032461
0.9058391
0.9107143
0.9081704
0.9101005
0.9059239
0.9064275
0.9236821
0.9314243
0.9173296
0.914456
0.9113863
0.9257929
0.9145687
0.8982372
0.9053088
0.8881346
0.9139945
0.9055318
0.8793648
0.9167791
0.9076106
0.9124494
0.8960654
0.901256
0.8884047
0.9103028
0.9039581
0.9067078
0.8767367
0.8984091
0.9071661
0.8983765
0.8976885
0.8997816
0.8981158
0.910239
0.9125495
0.8707123
0.8706993
0.911646
0.9105042
0.9135141
0.9227684
0.9250343
0.906466
0.9036475
0.9130011
0.8726032
0.8663966
0.8703774
0.8714866
0.8773361
0.8753581
0.8733999
0.9184142
0.8995947
0.9120374
0.9144773
0.9194765
0.9125216
0.9111283
0.8286172
0.9141621
0.8810554
0.9112951
0.9076356
0.908591
0.9100059
0.9092849
0.868932
0.9083712
0.9090708
0.910229
0.9214812
0.9182185
0.9112614
0.8749332
0.9199928
0.9218277
0.9220803
0.908224
0.8960193
0.9002437
0.9137134
0.8995408
0.9067778
0.9053221
0.9180853
0.9157524
0.9169867
0.9051181
0.9162046
0.9193787
0.92875
0.9199812
0.9152382
0.9208147
0.9431883
0.9440099
0.9393593
0.9415322
0.9427648
0.940225
0.9294846
0.9280096
0.9059107
0.9282781
0.9260277
0.9246697
0.9485865
0.9245238
0.9327594
0.9201521
0.9148133
0.9208747
0.9274406
0.9237006
0.9141758
0.9259401
0.9167038
0.9184976
0.9446091
0.9285615
0.9257091
0.9380035
0.9460893
0.8948251
0.9035377
0.9252086
0.9280745
0.9468938
0.9328917
0.9287616
0.9342628
0.9329949
0.9455554
0.9461742
0.9286378
0.9267605
0.9483912
0.9491913
0.9484175
0.9236704
0.9291375
0.9201043
0.9462308
0.9433226
0.9336361
0.9272359
0.931772
0.9272323
0.9291229
0.9297666
0.9248436
0.9230428
0.9292584
0.9255098
0.9190821
0.9258313
0.928671
0.9262602
0.9430365
0.9249846
0.9204928
0.9417584
0.9208291
0.9184228
0.9252691
0.9209266
0.9257349
0.94368
0.9439944
0.9444631
0.923111
0.9250205
0.909717
0.9115075
0.9278371
0.923207
0.922314
0.9236529
0.9261455
0.9249389
0.9268118
0.9077765
0.9298546
0.9235782
0.9143298
0.9504904
0.9267146
0.9206571
0.9275273
0.9182704
0.9317474
0.9248822
0.9186667
0.9294205
0.9164024
0.9126447
0.9131322
0.9148051
0.9158556
0.9147037
0.9098696
0.8953882
0.8829416
0.9006752
0.9079966
0.8950316
0.9289496
0.8919173
0.9026073
0.8908619
0.895114
0.8943816
0.9187135
0.902408
0.8912164
0.9114406
0.8918474
0.9005529
0.9249086
0.9076712
0.9078195
0.9115092
0.9168926
0.8965991
0.8998679
0.9086452
0.9064753
0.9169746
0.9125018
0.9125775
0.9105081
0.9100407
0.9193693
0.92053
0.9056936
0.9070849
0.9184199
0.9156571
0.9190458
0.9074201
0.9092126
0.8949708
0.909062
0.9258943
0.909538
0.9084527
0.9103293
0.9093556
0.916416
0.9137256
0.9095637
0.8993126
0.9133737
0.8953047
0.8910162
0.8936246
0.8995116
0.8970467
0.917063
0.9019454
0.9088142
0.916699
0.8937558
0.8908999
0.8942439
0.8927829
0.9091881
0.9158266
0.915874
0.915562
0.8976877
0.8972897
0.8984946
0.9074456
0.9040076
0.9064231
0.9057941
0.9023613
0.8929289
0.8926865
0.898558
0.8899206
0.897946
0.8920643
0.8890562
0.9179054
0.8986154
0.9037284
0.9002217
0.9035633
0.9042542
0.9045738
0.8888092
0.9041115
0.9159819
0.9143269
0.9146568
0.918427
0.9196903
0.9171608
0.9146096
0.9014079
0.8841532
0.9017021
0.9085383
0.899039
0.9289665
0.891262
0.9033587
0.8948151
0.8963647
0.897841
0.9199958
0.9072364
0.8920735
0.9126885
0.8956612
0.9029739
0.9246229
0.9081089
0.9114595
0.9133165
0.9264024
0.8996409
0.9006079
0.9123695
0.9110306
0.9213668
0.91936
0.9144807
0.9096919
0.9146901
0.9277648
0.9280168
0.9119817
0.9105541
0.9205813
0.9230823
0.923219
0.9046491
0.9120492
0.8995615
0.9157278
0.9322422
0.917155
0.9056913
0.9169353
0.9170393
0.9192419
0.9168987
0.9162686
0.8992494
0.9157052
0.9047349
0.8959137
0.901506
0.904247
0.902155
0.92229
0.903943
0.907489
0.9184463
0.8948856
0.8896884
0.9013533
0.8940331
0.9068564
0.9194358
0.919784
0.9210665
0.8971953
0.8990419
0.8965934
0.9083812
0.909932
0.9094465
0.9097351
0.9084875
0.8993037
0.8932702
0.9011986
0.8938499
0.9002151
0.8964182
0.8901964
0.9257774
0.9010989
0.9073317
0.9006282
0.9049553
0.9104842
0.906662
0.8944987
0.9116212
0.9121944
0.9116477
0.9109127
0.9150233
0.9198628
0.9164344
0.9138135
0.8996249
0.8996785
0.8931845
0.9100364
0.8940186
0.9297509
0.8911454
0.9035709
0.8926978
0.9059668
0.8985383
0.9185027
0.9030182
0.8948342
0.9138134
0.896793
0.9049471
0.9244824
0.9117931
0.9161451
0.9136665
0.9155068
0.9112508
0.9148299
0.9127586
0.9137931
0.9126867
0.9143653
0.9147472
0.9138421
0.9112594
0.9211953
0.9196131
0.9138372
0.9117564
0.9122757
0.9119189
0.9158057
0.907808
0.9076897
0.8965247
0.9107225
0.9270656
0.9122313
0.9134816
0.9121717
0.9122132
0.9146997
0.9120151
0.9138622
0.9002519
0.915895
0.9035072
0.8948045
0.9005535
0.9011531
0.9040393
0.9181185
0.9090941
0.9089806
0.9145465
0.9027537
0.8993379
0.9003593
0.8969432
0.9100493
0.9150141
0.9154049
0.9145973
0.8999575
0.8951269
0.9063565
0.9171321
0.9066863
0.9104774
0.9100439
0.9055649
0.9017456
0.8991066
0.8995805
0.9060734
0.9027133
0.8983033
0.89348
0.9136609
0.895516
0.9089536
0.8988475
0.9015146
0.9012445
0.8994526
0.8926841
0.9074126