0.9166391
0.9109171
0.9121582
0.915333
0.9186986
0.9177172
0.8938663
0.9131178
0.9189638
0.9187904
0.9185427
0.9268214
0.9133901
0.9155819
0.9191485
0.9190709
0.9167396
0.9056673
0.906115
0.9052894
0.8934003
0.9111913
0.9080924
0.9088167
0.9178293
0.897038
0.9394265
0.9452475
0.9234701
0.9351969
0.9216613
0.9416313
0.9199611
0.9320192
0.9122287
0.910734
0.9044093
0.9082881
0.903784
0.9185725
0.9242021
0.8884586
0.88807
0.8868804
0.8882762
0.8957624
0.8870342
0.8910153
0.9026601
0.9101862
0.8936758
0.9219894
0.8918404
0.9115295
0.9327722
0.9063515
0.9269783
0.9220355
0.9058958
0.9214992
0.8998959
0.9049056
0.9025714
0.9027921
0.9128269
0.9116676
0.9011658
0.9030234
0.9094543
0.9180174
0.8995904
0.8928932
0.9026908
0.8965492
0.9317721
0.8841764
0.9046233
0.9076097
0.9021244
0.908671
0.9011122
0.908269
0.9043645
0.875
0.9060567
0.9092142
0.9176093
0.8990412
0.9207932
0.9202441
0.895236
0.9059431
0.9031865
0.9178137
0.908811
0.8990106
0.9076871
0.9014281
0.8942658
0.9105472
0.9111428
0.9044649
0.8994579
0.9047013
0.9123945
0.9067675
0.906266
0.9115818
0.9134851
0.9225614
0.9141272
0.9220354
0.9149957
0.9162711
0.9041696
0.9032247
0.9008996
0.9100745
0.904945
0.9046692
0.8992314
0.9124626
0.9094095
0.9045826
0.9209401
0.9043093
0.9264806
0.9315651
0.9132138
0.9316147
0.9230395
0.9314873
0.9197501
0.9259055
0.9063344
0.9064553
0.9043233
0.9065444
0.906897
0.9137817
0.9190441
0.9051326
0.9031473
0.9025054
0.9092208
0.9006939
0.9047533
0.9094815
0.9055377
0.9163127
0.90353
0.917773
0.9017389
0.9132155
0.9264408
0.9089632
0.922166
0.9217549
0.9020962
0.9144259
0.9066743
0.9114498
0.9054173
0.9090587
0.9112243
0.9012601
0.904042
0.9011724
0.9132318
0.9184382
0.9083783
0.9069156
0.9152163
0.8978933
0.9240931
0.8947484
0.8971378
0.9043823
0.8963686
0.8973695
0.8986479
0.8942249
0.8939643
0.8973618
0.907161
0.9016586
0.9190587
0.9054073
0.9099546
0.9096152
0.9055255
0.9034006
0.9132554
0.909523
0.9013453
0.9121946
0.9091334
0.9065595
0.9028952
0.9106296
0.9075569
0.9048121
0.9033282
0.9084201
0.912556
0.9112982
0.8966273
0.9033758
0.9083354
0.9114659
0.9107608
0.9226016
0.90625
0.9106845
0.908385
0.9078794
0.9066044
0.8974097
0.8949525
0.8974903
0.88583
0.9020371
0.8993138
0.898845
0.9070841
0.8901609
0.9280755
0.9370763
0.912766
0.9318158
0.9225166
0.9334677
0.9157368
0.9258447
0.908339
0.8976046
0.8935989
0.8968462
0.9006494
0.9087549
0.917869
0.8908893
0.8836547
0.8863189
0.8925564
0.8955767
0.8868095
0.8956718
0.8916468
0.9019807
0.886212
0.9161009
0.8854283
0.9050947
0.921034
0.9009912
0.9189113
0.9158968
0.8999183
0.9125654
0.8910994
0.902033
0.8936053
0.8930298
0.9033641
0.8998312
0.8908843
0.8937959
0.9008016
0.9089928
0.8949725
0.8948243
0.895595
0.8907519
0.9247854
0.8820344
0.8930353
0.9004052
0.8910254
0.8942297
0.8910045
0.8949107
0.8899546
0.8743368
0.8969968
0.8996412
0.9112084
0.889845
0.9090252
0.9113915
0.8884131
0.8967397
0.9003193
0.9098038
0.903094
0.8915438
0.9052831
0.895291
0.8939332
0.9060101
0.9219131
0.9228155
0.9204741
0.9273526
0.9304163
0.9244932
0.8965637
0.9166086
0.9207896
0.9172731
0.9271265
0.9337041
0.9129006
0.9150065
0.9278607
0.9291871
0.9271797
0.9052799
0.9108168
0.9126861
0.8701536
0.9097192
0.9118208
0.9146159
0.9191652
0.896704
0.9397392
0.9493631
0.92452
0.9347865
0.9331913
0.9457933
0.9215928
0.9340171
0.9180226
0.9121911
0.9088671
0.9142623
0.910622
0.913053
0.9256018
0.8758305
0.8797353
0.8813928
0.8812445
0.9093518
0.8734764
0.8869367
0.9026838
0.9041819
0.884412
0.925351
0.8798808
0.9151642
0.929302
0.9041121
0.9229798
0.9220429
0.8988899
0.9273388
0.890916
0.8926539
0.9032043
0.8906728
0.9166331
0.9148543
0.898005
0.8961651
0.9107562
0.9150926
0.8937136
0.874904
0.8871042
0.9035291
0.9326594
0.8925778
0.8998928
0.9124
0.9173175
0.9163775
0.9087758
0.9161029
0.9182489
0.8611557
0.9116265
0.9207176
0.9223569
0.8956874
0.9274094
0.9237686
0.8791255
0.9129746
0.8951175
0.9209748
0.9184491
0.882486
0.9104083
0.9037984
0.8997161
0.9164072
0.91282
0.9056556
0.908154
0.9110991
0.9195087
0.91796
0.90282
0.9121512
0.9168218
0.9159044
0.9179522
0.9298799
0.9148701
0.9102996
0.9136894
0.9131659
0.9154594
0.9003925
0.9069699
0.9051887
0.892741
0.9100172
0.9083159
0.9041482
0.9173791
0.9024927
0.934411
0.9432112
0.9165704
0.9353822
0.9259891
0.9410163
0.9207822
0.9294217
0.9105344
0.9057427
0.9040765
0.9066755
0.9071149
0.9199447
0.9205636
0.8926581
0.8876549
0.8875293
0.8909714
0.8990151
0.8944498
0.8957327
0.9056431
0.9088197
0.8876688
0.9215993
0.8966152
0.9123406
0.9289777
0.9075409
0.9256719
0.9192542
0.9055599
0.9209962
0.9000147
0.907992
0.9044083
0.9054369
0.9117848
0.9121688
0.8971655
0.9030267
0.9072674
0.9152706
0.8987069
0.9049394
0.9081307
0.8965022
0.9309069
0.886075
0.902991
0.9081515
0.9057575
0.9098685
0.9035647
0.9065129
0.9055473
0.8831349
0.9035362
0.9022655
0.9179195
0.9042233
0.9157634
0.9153363
0.8982716
0.9039683
0.9080983
0.9140001
0.9090678
0.9010467
0.9085267
0.9013292
0.8982178
0.9164398
0.9015989
0.9035873
0.9010175
0.9013958
0.9051274
0.9035221
0.9079175
0.8954982
0.8960302
0.9095888
0.8909762
0.9120953
0.8996407
0.9002924
0.9052942
0.9042195
0.90405
0.8949885
0.9044974
0.892306
0.8369976
0.8937592
0.8870397
0.887574
0.9026573
0.8975318
0.9202435
0.9290758
0.9015809
0.9216601
0.9128232
0.929373
0.9063531
0.9113987
0.9015122
0.903178
0.9019721
0.903587
0.891405
0.9047383
0.9086907
0.8890735
0.8868802
0.8873773
0.8959109
0.9050257
0.8881003
0.8946144
0.9014916
0.8984104
0.8902263
0.911199
0.892717
0.8970699
0.9096316
0.8992384
0.9070505
0.9114614
0.8985664
0.90038
0.8988369
0.9012118
0.8875371
0.8907267
0.8950513
0.8943207
0.8784279
0.8955929
0.8969651
0.9013357
0.8942124
0.8269646
0.9003999
0.8868435
0.912571
0.8952885
0.8571851
0.9026555
0.8996019
0.9026284
0.8983804
0.8999892
0.8981891
0.8444419
0.9041719
0.8982519
0.9027669
0.8935766
0.9008954
0.9005942
0.7972591
0.8945205
0.8970833
0.8900705
0.9012217
0.8935836
0.9047463
0.8886518
0.8942726
0.8962359
0.9091498
0.9080808
0.9046426
0.9090845
0.9085854
0.9071386
0.9113943
0.8974525
0.8991233
0.9061708
0.8971741
0.9117803
0.901327
0.9013817
0.9076873
0.9098772
0.9106996
0.8940086
0.9051743
0.8933607
0.8313047
0.8928648
0.8846084
0.8861906
0.9028885
0.8964616
0.922597
0.9287558
0.9070899
0.9253156
0.9121614
0.9316184
0.9091359
0.9166199
0.8985425
0.8989269
0.9016601
0.9051308
0.8862712
0.9054756
0.9086105
0.8885199
0.8859512
0.8854965
0.89725
0.9049463
0.8855292
0.8924974
0.899866
0.898498
0.8898358
0.9086926
0.8895078
0.8986586
0.9100109
0.8971588
0.9057402
0.9094757
0.9004567
0.898296
0.9021037
0.9011395
0.8882423
0.8955569
0.8971654
0.9010225
0.8834488
0.8943687
0.8920646
0.9042263
0.8968916
0.8228503
0.8997275
0.8867035
0.9175232
0.8926572
0.8562297
0.9061506
0.9019306
0.9047754
0.8966123
0.902005
0.9026967
0.8441643
0.9018367
0.9005174
0.9107804
0.8943169
0.8978655
0.8993414
0.5092129
0.9004334
0.8946167
0.891171
0.9022519
0.8932351
0.9030292
0.8908757
0.8994761
0.8945421
0.9110975
0.9102815
0.907326
0.9119722
0.9158161
0.9105559
0.913376
0.8999534
0.900948
0.9094964
0.9043242
0.9146971
0.9038741
0.9015522
0.9140218
0.9138911
0.9151457
0.894055
0.90789
0.8977448
0.831847
0.8964214
0.8901451
0.8925492
0.9063071
0.89402
0.9296918
0.9322273
0.9105491
0.9273927
0.9174487
0.9358261
0.9083891
0.9176425
0.9008297
0.9082925
0.9044083
0.9094013
0.8913051
0.9116602
0.9128051
0.8877796
0.882076
0.8852428
0.8924542
0.905089
0.8832071
0.8917757
0.9018714
0.9000428
0.8904519
0.9111064
0.8911255
0.9007972
0.9133256
0.8967346
0.9085726
0.9118264
0.8991647
0.90562
0.901605
0.9004126
0.8865893
0.894405
0.8996666
0.900642
0.8874623
0.8970023
0.8954047
0.9057233
0.8996766
0.8247578
0.8973349
0.890397
0.9193814
0.8949441
0.8621223
0.9077576
0.9064104
0.9068554
0.901276
0.906452
0.9055011
0.8433504
0.9082173
0.9041592
0.9101155
0.8921418
0.904136
0.9058647
0.5317864
0.8985523
0.8955456
0.8956046
0.9050211
0.8914992
0.9064447
0.8946687
0.8995301
0.9005224
0.9133499
0.9128259
0.9073976
0.9097063
0.9116988
0.9096848
0.9221682
0.8428694
0.841999
0.9017027
0.8418999
0.8674288
0.8951493
0.8809481
0.9088291
0.9135293
0.9119303
0.8850724
0.9150492
0.8894483
0.8994394
0.892738
0.8680662
0.8805233
0.8995355
0.9160527
0.8942657
0.904662
0.8814516
0.9083901
0.8944903
0.9122188
0.8767946
0.8724353
0.8747875
0.9174429
0.9142503
0.9157596
0.8589327
0.9106325
0.860596
0.915692
0.9126609
0.9127708
0.9143834
0.9234427
0.9120899
0.9081549
0.917077
0.8916161
0.9117858
0.8707532
0.9148402
0.8869409
0.8767094
0.8900977
0.8760117
0.899572
0.9130584
0.8726105
0.9157608
0.9123603
0.8810281
0.9094005
0.8417899
0.9080341
0.8855986
0.9101501
0.8889286
0.8901746
0.9139036
0.9004408
0.9216699
0.890763
0.8694702
0.9110567
0.8951905
0.9156975
0.9072234
0.9069301
0.9048899
0.9090041
0.9089944
0.9030515
0.9124386
0.9079852
0.8953691
0.9150357
0.8588513
0.8502527
0.8981253
0.9057519
0.9108676
0.8500911
0.9094127
0.9118066
0.917597
0.8806941
0.9112724
0.7518142
0.9097497
0.9108181
0.9094254
0.9113719
0.9103785
0.9109874
0.9071556
0.8940356
0.8950205
0.906386
0.9008622
0.9171961
0.9038667
0.904609
0.9124574
0.9126375
0.9109513
0.8976337
0.9035655
0.8986749
0.8443413
0.9001625
0.8931092
0.8960134
0.9081411
0.8987302
0.9264143
0.9348674
0.9130058
0.9261977
0.9157757
0.9348867
0.9070931
0.916863
0.9048885
0.9038664
0.9027705
0.9032235
0.8934331
0.9073654
0.9080476
0.8927191
0.8892178
0.8908986
0.893039
0.9069309
0.8851076
0.8931214
0.9029615
0.8998715
0.8911374
0.9088437
0.8924883
0.8998782
0.9137719
0.8983423
0.9085149
0.9123487
0.8979321
0.9062869
0.8993376
0.9010689
0.891199
0.8995052
0.8944916
0.9000281
0.8897521
0.899124
0.8967812
0.9053261
0.8923884
0.8606581
0.8995754
0.8921371
0.9150365
0.8904218
0.8634803
0.9047077
0.9015714
0.9044604
0.9019499
0.9070583
0.904153
0.8547995
0.9038313
0.9063566
0.9079886
0.897786
0.8996476
0.9016913
0.852879
0.8996508
0.8975541
0.8920201
0.9054784
0.8968974
0.90745
0.8961093
0.8980026
0.8981123
0.9002471
0.9009161
0.8959757
0.900416
0.8977813
0.9014027
0.9236602
0.8378061
0.835382
0.8986474
0.8436662
0.8673639
0.8936551
0.8822412
0.8966493
0.9008776
0.8967553
0.8846308
0.9046252
0.8867033
0.8973936
0.8877503
0.8700007
0.8679384
0.8976684
0.9084793
0.8932138
0.9047115
0.87846
0.9133405
0.8946135
0.9042998
0.8795067
0.8728256
0.8690502
0.9059962
0.9064852
0.9028803
0.8499624
0.9056778
0.8578442
0.9181396
0.9159353
0.9155726
0.9122497
0.916133
0.9167538
0.9141264
0.9138567
0.893387
0.9117796
0.8715855
0.9140472
0.8741113
0.877864
0.8857609
0.8703245
0.8941026
0.9126874
0.8526229
0.9153626
0.9129716
0.8841707
0.9081238
0.8375469
0.8965617
0.8798065
0.9106199
0.8858291
0.8867734
0.912023
0.9009719
0.9253912
0.8893153
0.8747122
0.9062409
0.8890807
0.9089431
0.8932866
0.8961412
0.896046
0.8951074
0.8954841
0.9030887
0.9029899
0.8947845
0.8923232
0.9093921
0.843513
0.8463187
0.8968886
0.8994827
0.9106197
0.8108779
0.8999604
0.9195316
0.9132089
0.8831448
0.9054578
0.8534026
0.915497
0.9163262
0.9136602
0.912904
0.9214003
0.9156388
0.9142109
0.9006523
0.9017962
0.9083371
0.9017551
0.9128963
0.901135
0.9023451
0.9117448
0.9174121
0.9187015
0.8954615
0.912699
0.9026971
0.841293
0.89971
0.8892315
0.8928559
0.9041289
0.9012097
0.9245823
0.9297999
0.9119213
0.9259335
0.9162918
0.9330065
0.9030842
0.9153935
0.9007406
0.9141168
0.9126086
0.9138533
0.891421
0.9078864
0.9087408
0.8929252
0.8902052
0.8911457
0.8978274
0.9073843
0.8890727
0.8960124
0.9044984
0.8981972
0.8969358
0.9134504
0.8933671
0.8961526
0.9097913
0.8983938
0.9079505
0.9110809
0.8980501
0.902624
0.9046628
0.9009869
0.8913668
0.891548
0.9004064
0.9027186
0.8891258
0.898924
0.8967974
0.9030545
0.8976214
0.8273549
0.8990982
0.8917655
0.9171271
0.8976663
0.8615977
0.9107011
0.9085018
0.9111979
0.9030185
0.9108249
0.9075278
0.8469775
0.9138877
0.909191
0.9061364
0.901284
0.9055867
0.9038079
0.7222983
0.9066813
0.8985398
0.897633
0.9081411
0.8971963
0.9060483
0.892706
0.9028656
0.8988267
0.920375
0.922633
0.9154062
0.9144573
0.9205107
0.9176948
0.9250603
0.9148907
0.919035
0.9243761
0.9176605
0.9182472
0.9198294
0.9136574
0.9159059
0.9162866
0.9159436
0.915674
0.9170343
0.915722
0.9053353
0.9174422
0.9119558
0.9118548
0.9182936
0.9159578
0.9252492
0.931341
0.9182673
0.9289739
0.9242445
0.9324885
0.9131327
0.9220598
0.9116104
0.9179191
0.914596
0.9132334
0.9132141
0.864862
0.9164846
0.9141933
0.914016
0.9168907
0.9135735
0.9217452
0.9134625
0.9141311
0.9132068
0.9224307
0.9109208
0.920442
0.9169632
0.916521
0.9204069
0.9162833
0.9172246
0.9223885
0.9075736
0.9142896
0.9124591
0.9027256
0.9156736
0.9126431
0.914145
0.9138558
0.9152972
0.9064629
0.9196094
0.9161974
0.9110576
0.9110467
0.9168629
0.9146084
0.9227794
0.9158412
0.907052
0.9167057
0.9149209
0.9077105
0.9067196
0.9092607
0.916177
0.9139921
0.9148965
0.9137212
0.9169067
0.9168284
0.9132241
0.9150943
0.9112482
0.9110276
0.915632
0.913252
0.91537
0.9160357
0.9202221
0.916277
0.9123752
0.9176969
0.9197794
0.9208887
0.9177378
0.9178765
0.9211258
0.9161261
0.923202
0.9175063
0.9168042
0.9243759
0.9162217
0.9198735
0.9154042
0.9130594
0.9191974
0.9186141
0.9181689
0.9139741
0.9161295
0.9174625
0.9066753
0.9135086
0.9116397
0.9099939
0.9160216
0.916976
0.9253912
0.9315285
0.9187688
0.9291574
0.9265807
0.933793
0.9132222
0.9182655
0.9099713
0.9185702
0.915059
0.9183173
0.9116819
0.8643925
0.9165067
0.910797
0.9147485
0.9159408
0.9161562
0.9227117
0.9114151
0.9124065
0.9140406
0.9156922
0.9113854
0.9221651
0.9127412
0.914277
0.9225528
0.9151372
0.9154021
0.9230973
0.9089192
0.9155182
0.9141443
0.9014941
0.9107724
0.9102848
0.9170178
0.9123931
0.9100749
0.9053431
0.9130464
0.9138848
0.911514
0.90901
0.9182545
0.9161051
0.9221283
0.9157133
0.9056897
0.9204526
0.9168803
0.9128734
0.9088751
0.9116399
0.9156117
0.9074496
0.9194558
0.9158733
0.9160567
0.9148893
0.9172342
0.9171608
0.9095578
0.9129949
0.914029
0.9104295
0.9147284
0.9115205
0.921695
0.913443
0.9132122
0.9155314
0.9141608
0.9071315
0.9115694
0.9138796
0.9150142
0.9119218
0.9228584
0.8893554
0.8935828
0.7968336
0.8883811
0.8990284
0.8444379
0.8964755
0.9091426
0.9117273
0.9129697
0.8104176
0.9149702
0.7818289
0.8990992
0.8833691
0.8621371
0.8634835
0.8962069
0.9087508
0.9145317
0.9209584
0.9010612
0.9143459
0.9054542
0.9222466
0.9079188
0.910853
0.896597
0.9164423
0.9165518
0.9147578
0.8855226
0.9187933
0.8948082
0.906939
0.9063168
0.9030523
0.9128342
0.9111265
0.9106841
0.9055096
0.911255
0.8144208
0.9028451
0.8937222
0.9119564
0.8373828
0.9053159
0.8289379
0.8983726
0.8032781
0.9104851
0.8964964
0.9122564
0.9111833
0.7348689
0.9100602
0.8893474
0.9079994
0.7564103
0.9128326
0.844194
0.8449768
0.9069446
0.9028085
0.9188346
0.852348
0.9051931
0.9047585
0.9017052
0.9107686
0.9086547
0.9119501
0.9053219
0.9113531
0.9098071
0.8981415
0.9157925
0.9072538
0.8506928
0.9072386
0.8920361
0.8873199
0.8998646
0.9050992
0.911949
0.8816917
0.9101481
0.9108766
0.9191389
0.7571199
0.9123621
0.8895459
0.9034977
0.9002073
0.8999964
0.9032327
0.9001405
0.9021308
0.9195119
0.878659
0.8784918
0.8339998
0.8802153
0.8962295
0.8289935
0.8936636
0.9007543
0.9009154
0.9022713
0.7551596
0.9075222
0.8057085
0.8950884
0.8818286
0.8551046
0.852151
0.8928262
0.9013608
0.9096315
0.9144337
0.8926507
0.9178834
0.9036089
0.9195767
0.8987877
0.9053987
0.8918977
0.9048252
0.9011799
0.9038531
0.8774699
0.9158817
0.8899073
0.9034388
0.8955372
0.8988505
0.9066638
0.9089378
0.9071811
0.9038448
0.9066523
0.7319309
0.8998215
0.892003
0.9040169
0.8305515
0.9058381
0.7755829
0.89458
0.8395891
0.9121721
0.8905688
0.9041843
0.9136623
0.7838711
0.9107961
0.879061
0.9021217
0.7740507
0.9130658
0.835164
0.8249346
0.9013924
0.9011672
0.9120553
0.8340455
0.9030818
0.9024692
0.8961731
0.9051648
0.8949161
0.901299
0.894927
0.8978298
0.8961482
0.8907723
0.9063218
0.897516
0.8276918
0.9020689
0.8814396
0.8773194
0.8938969
0.8983087
0.9078816
0.8776394
0.9016944
0.9123196
0.9139576
0.7780592
0.9046004
0.8845779
0.896013
0.8912478
0.8947022
0.8987232
0.9050465
0.9030898
0.9014106
0.9109628
0.9151199
0.9192641
0.9115334
0.9242795
0.9172978
0.9127082
0.9013823
0.8992651
0.8996388
0.9018999
0.866459
0.8959138
0.8941826
0.9061172
0.9025803
0.8980705
0.9132946
0.8336569
0.9322057
0.9402867
0.9135665
0.9331628
0.9210208
0.9371858
0.9212211
0.928837
0.9095519
0.8643349
0.8632841
0.8617421
0.9045933
0.9161411
0.9213112
0.8594103
0.8517153
0.8502117
0.832891
0.8877845
0.8471259
0.8478361
0.8631611
0.9113102
0.8480233
0.9181734
0.8308307
0.9082621
0.926332
0.9051095
0.9237083
0.9203028
0.9038793
0.9159253
0.848385
0.9091622
0.8988296
0.8513359
0.9106759
0.8942389
0.8969377
0.898565
0.9047208
0.9168945
0.8465024
0.9041988
0.8692119
0.8910679
0.9298652
0.8836309
0.9008876
0.8908438
0.8879645
0.8924704
0.8892095
0.891965
0.8875413
0.8811681
0.8648557
0.8908577
0.9182588
0.8296444
0.90828
0.9113779
0.8986803
0.8888115
0.8587385
0.9138961
0.8937415
0.8477483
0.9001149
0.9023545
0.8216666
0.9044118
0.9090262
0.9037168
0.9058053
0.9088864
0.9089328
0.9071923
0.9136079
0.8820775
0.8866755
0.896817
0.8812017
0.9013032
0.8881977
0.8972675
0.905366
0.9087093
0.9073582
0.8762834
0.906306
0.8789873
0.8911526
0.8846222
0.8657813
0.8644327
0.8918844
0.9003759
0.9153909
0.9212793
0.8990292
0.9185947
0.908605
0.9270699
0.9020989
0.9012107
0.8874951
0.909666
0.9076601
0.9086287
0.8773004
0.9079894
0.8956587
0.8983818
0.897264
0.8991456
0.9017989
0.911341
0.9009032
0.9040613
0.9052902
0.8835344
0.8973559
0.8967639
0.8970146
0.8774096
0.9002387
0.8784407
0.904123
0.8969347
0.9020135
0.8958889
0.9021289
0.9070889
0.8685725
0.8996648
0.882031
0.9043389
0.866112
0.9027157
0.8810541
0.8848767
0.9010006
0.8958879
0.9071263
0.8790584
0.9017162
0.8980813
0.8907614
0.9046401
0.8949168
0.899396
0.8992317
0.8950597
0.8991641
0.8892685
0.9096304
0.8966736
0.8873712
0.8981169
0.8867444
0.8815586
0.8879075
0.8999681
0.9088817
0.8843305
0.9040261
0.9017598
0.9135242
0.8746696
0.9010321
0.8868431
0.9059592
0.9004485
0.9007463
0.906204
0.9040897
0.9076738
0.9176639
0.8779979
0.8794031
0.907376
0.8816285
0.8946025
0.902851
0.8879307
0.9009901
0.9054406
0.9028377
0.8884462
0.9123224
0.8909531
0.9029024
0.892984
0.8856889
0.8821641
0.9023337
0.9085383
0.9035362
0.9155456
0.8884229
0.9155069
0.89874
0.9192174
0.8951246
0.8978123
0.8798629
0.9116184
0.9082015
0.9097043
0.8792849
0.9134612
0.893143
0.913147
0.907848
0.90694
0.910508
0.9139874
0.9067158
0.913323
0.9072815
0.8960879
0.9051542
0.8944511
0.9078442
0.8880748
0.906199
0.8962015
0.8972054
0.9068587
0.9097844
0.8915192
0.906627
0.9141159
0.8924544
0.90638
0.8774681
0.9062908
0.8864743
0.9062585
0.8985059
0.8972357
0.9101155
0.9069825
0.9168662
0.8920652
0.8984284
0.9017796
0.9010524
0.9053061
0.8961209
0.9006002
0.9021006
0.9009775
0.8995615
0.9009299
0.9107761
0.9027714
0.9024322
0.905019
0.8795834
0.8844189
0.9042928
0.9040321
0.9071063
0.8823403
0.9033897
0.9120316
0.9144594
0.890554
0.9069337
0.8764295
0.8941776
0.8894183
0.8936489
0.8971603
0.9034035
0.901349
0.8993892
0.9088427
0.9107194
0.9171218
0.9125803
0.9252585
0.9169439
0.9108604
0.900416
0.8995819
0.8998359
0.897077
0.8624066
0.8950667
0.8922103
0.9048215
0.901588
0.900292
0.9126103
0.8332233
0.9314211
0.9403437
0.9122662
0.9322638
0.9231915
0.9389607
0.9204473
0.9279599
0.9100899
0.8625355
0.860968
0.8587229
0.9053395
0.9136315
0.9228672
0.8551204
0.8509259
0.8488842
0.8334113
0.8852908
0.8463805
0.8414183
0.8636002
0.9085381
0.8495531
0.9191984
0.8281238
0.9050344
0.9260193
0.904553
0.9238483
0.9195358
0.9008215
0.9129656
0.8461007
0.909389
0.8978682
0.8504303
0.9083199
0.8915552
0.8933455
0.89895
0.9043616
0.9153072
0.8461216
0.9019172
0.8670781
0.8899627
0.9298523
0.8805621
0.9000144
0.8880204
0.8864554
0.892429
0.8855876
0.8896094
0.8885218
0.8812963
0.8627131
0.8914263
0.9152127
0.8299848
0.9088622
0.9107072
0.8960291
0.8927855
0.8591373
0.9131882
0.8948311
0.8463433
0.8981932
0.9019537
0.8174013
0.9040513
0.907024
0.8987983
0.899779
0.9040397
0.9072512
0.9015606
0.9054069
0.9127086
0.9156781
0.9180518
0.9126567
0.9263043
0.918488
0.9153609
0.9028971
0.9066806
0.9054913
0.9046167
0.8808795
0.9039271
0.9001402
0.9074574
0.9046563
0.90783
0.9157475
0.8490998
0.9303936
0.9383034
0.9169318
0.9333242
0.9232616
0.9398002
0.9194624
0.9286089
0.9112208
0.8804933
0.8751862
0.877434
0.9048955
0.9138181
0.9217216
0.8711944
0.8644942
0.8604553
0.7910982
0.8995255
0.8592646
0.8526787
0.8722266
0.9137002
0.8634893
0.9190181
0.8442416
0.9083893
0.9244261
0.9076363
0.9221838
0.9236041
0.9043302
0.9147049
0.8598081
0.9124894
0.902603
0.8637505
0.9129273
0.897532
0.8977586
0.9062958
0.9107854
0.9144112
0.8538818
0.9087728
0.8799389
0.8958965
0.9268942
0.8997677
0.904497
0.9046583
0.8979171
0.8957867
0.8931289
0.89374
0.8983659
0.8951378
0.8837735
0.8960265
0.9180345
0.8432879
0.9098126
0.9125383
0.903851
0.899823
0.8686571
0.9113992
0.9000652
0.8575767
0.9031961
0.9036521
0.771218
0.9136005
0.9059313
0.9006758
0.9009794
0.9062979
0.9114197
0.9095388
0.9056722
0.9135028
0.9153794
0.9214343
0.9122551
0.9235796
0.9181786
0.9108603
0.9076216
0.906109
0.9050804
0.9037823
0.8826517
0.903957
0.9034847
0.905884
0.9044094
0.9060546
0.9166069
0.8568898
0.9291228
0.9389248
0.9150816
0.9327328
0.9211842
0.9374829
0.917932
0.9281046
0.9105975
0.8802765
0.8759951
0.877232
0.9057427
0.9121138
0.9216988
0.8724195
0.8684818
0.8650516
0.7967405
0.9033704
0.8647137
0.8563575
0.872847
0.9121834
0.8619748
0.9201458
0.8456518
0.9072697
0.9252866
0.9075305
0.9241803
0.9249862
0.9068701
0.9157552
0.8640889
0.9153406
0.9042857
0.8663641
0.9131036
0.9003431
0.8968655
0.902888
0.9102015
0.9141578
0.8593966
0.90913
0.8822528
0.8959288
0.9256467
0.9003447
0.9042515
0.906353
0.9008253
0.8979153
0.8994443
0.8948224
0.8989408
0.8999271
0.8818927
0.8986469
0.9182584
0.8511575
0.9093465
0.91125
0.9066633
0.9001113
0.8729818
0.9091427
0.9025661
0.8631393
0.9073082
0.9032915
0.7803202
0.9124256
0.9045957
0.9085104
0.90325
0.9059884
0.9073372
0.9039109
0.9256139
0.8660317
0.8673735
0.9069474
0.8739391
0.8887006
0.9016648
0.8868614
0.9065214
0.9034571
0.903011
0.8921973
0.9104987
0.8927403
0.8976406
0.8996958
0.8827243
0.8800304
0.9066324
0.9095977
0.9017655
0.9107934
0.8803843
0.9185124
0.9007879
0.9128248
0.8895024
0.8832043
0.8811774
0.9106505
0.9082038
0.9081633
0.8689663
0.9120417
0.8841234
0.9108205
0.9119169
0.9087908
0.9112409
0.917021
0.9170041
0.9134253
0.9125348
0.8981827
0.9119438
0.8873811
0.908971
0.8910664
0.8942489
0.8943624
0.8937877
0.9065777
0.9095796
0.8783666
0.9148482
0.915666
0.8897561
0.9088126
0.8654037
0.9009329
0.8880246
0.9079704
0.8976075
0.8983611
0.9130665
0.9052884
0.9194753
0.8952353
0.8919664
0.9068352
0.8959696
0.9114523
0.9014471
0.9020324
0.8994869
0.8992811
0.9001288
0.9034635
0.9120534
0.904626
0.9012372
0.9106613
0.8683747
0.8763292
0.8980089
0.9058527
0.9120657
0.8723342
0.9009015
0.9146789
0.9096725
0.8926509
0.9111159
0.8631292
0.9070505
0.9072477
0.9055673
0.9056503
0.9078248
0.9042016
0.9248762
0.8721929
0.8699596
0.9072701
0.8740504
0.8855111
0.9049252
0.8897375
0.9057118
0.9060458
0.9043912
0.8967309
0.9067824
0.8915493
0.9021793
0.898163
0.8796182
0.8836419
0.90113
0.9130901
0.8959014
0.9058063
0.8820321
0.9174404
0.8961641
0.9122532
0.8802365
0.8862392
0.8822402
0.9095053
0.9086151
0.9061398
0.8663046
0.912532
0.883699
0.9156319
0.9157289
0.9174822
0.9153265
0.9156868
0.9177147
0.9162842
0.9133078
0.9043852
0.9138609
0.8896916
0.913887
0.8898702
0.8940652
0.8956438
0.8887339
0.9080085
0.9084334
0.8719013
0.9151219
0.9158613
0.8966037
0.9118653
0.8716095
0.9009288
0.8886632
0.9068939
0.9002245
0.9020298
0.906592
0.9030935
0.9229894
0.8948514
0.895027
0.9108488
0.8966574
0.9123621
0.8993192
0.8974808
0.9000679
0.8964996
0.9018167
0.9067163
0.9082938
0.905574
0.9004129
0.9104156
0.8745193
0.8712105
0.8999319
0.9025018
0.9123307
0.8738042
0.9046324
0.914254
0.9142651
0.8913427
0.9107927
0.8656788
0.8467521
0.8313207
0.8343771
0.8427967
0.8487251
0.8412517
0.9064425
0.9033205
0.9027783
0.9187295
0.905879
0.9158115
0.919317
0.9129904
0.8292918
0.840997
0.8358118
0.9064805
0.8960401
0.8969693
0.9068023
0.9041814
0.9018727
0.8959768
0.913864
0.9023993
0.9202741
0.9290445
0.9058088
0.927187
0.920465
0.9307753
0.9131218
0.9205266
0.9034713
0.8990406
0.8962295
0.8943567
0.904963
0.9067257
0.9113767
0.9067288
0.8993296
0.9047706
0.912215
0.8997473
0.9096421
0.9059574
0.8966572
0.9159392
0.8966214
0.9107174
0.9019417
0.9069618
0.9225573
0.9130573
0.9158237
0.9178816
0.9074428
0.9045916
0.9080704
0.9171693
0.9030355
0.9065987
0.9033873
0.8398369
0.900601
0.9064678
0.9092005
0.9145052
0.9050159
0.9113203
0.9118908
0.8945664
0.9223389
0.8882835
0.9062732
0.8505623
0.8161759
0.8306985
0.8226338
0.8280526
0.8202733
0.9032891
0.8965982
0.7855097
0.9210646
0.8958311
0.9006242
0.9074133
0.9017594
0.7910383
0.9091398
0.9060302
0.4225643
0.9120397
0.9053566
0.9056806
0.9005539
0.9053292
0.8573373
0.846302
0.8499623
0.8542571
0.8455182
0.8449698
0.9078511
0.9015459
0.9053195
0.9225714
0.9054847
0.9111506
0.9195897
0.9162085
0.8109937
0.8507586
0.8473048
0.9028404
0.8946924
0.9009236
0.9047347
0.9097453
0.9021805
0.8955701
0.915466
0.8982441
0.9177088
0.925908
0.9078088
0.9243843
0.9168465
0.9272915
0.9123179
0.9224608
0.9031155
0.8959405
0.8965003
0.8954739
0.9027987
0.9048227
0.9086284
0.9072045
0.9026389
0.9002909
0.9080447
0.9008025
0.9063445
0.9059549
0.9015709
0.9167077
0.8997689
0.9147894
0.9026494
0.9057909
0.920687
0.9114426
0.9190095
0.9208945
0.9010244
0.9043136
0.9065734
0.9126727
0.906435
0.900437
0.9011407
0.7408005
0.9037529
0.8975122
0.909626
0.9154274
0.9052481
0.9090158
0.9110293
0.8980066
0.9186737
0.8896258
0.8984612
0.8622598
0.832844
0.8393733
0.8420278
0.8397297
0.8388152
0.8996825
0.8928349
0.835573
0.9158684
0.8964247
0.9032951
0.9018526
0.8985873
0.8372473
0.9045029
0.9023411
0.8375052
0.9087037
0.9044327
0.9082494
0.9038252
0.9035649
0.9030045
0.9002614
0.9015483
0.9048534
0.9079994
0.9029649
0.9125434
0.9128546
0.9139997
0.9212942
0.9168665
0.9244458
0.917484
0.9137482
0.9094837
0.9041512
0.9039034
0.9056175
0.8781094
0.9057182
0.8963175
0.9088801
0.9047619
0.9068246
0.915122
0.8693618
0.9292469
0.9413143
0.9164246
0.9345139
0.9273241
0.9390856
0.9205629
0.9301241
0.9088089
0.8838336
0.879631
0.8827503
0.9094297
0.9122764
0.9190222
0.8691382
0.8662057
0.8646696
0.8742204
0.9051949
0.8418324
0.8630908
0.8731946
0.9133017
0.8646073
0.9218919
0.8620754
0.9115041
0.9217741
0.9136724
0.9241785
0.923053
0.9058029
0.9156737
0.8739191
0.911147
0.9039775
0.8625279
0.9127256
0.9036758
0.9041512
0.9021743
0.9119842
0.9151115
0.8665805
0.9021716
0.8758061
0.9007821
0.9262361
0.8955262
0.9008367
0.9022032
0.8969808
0.9001816
0.8962764
0.903349
0.901725
0.890768
0.8844927
0.9046173
0.9181297
0.8637587
0.917045
0.9123786
0.8984218
0.8972925
0.8467547
0.9100538
0.9043808
0.8690343
0.9085669
0.9046637
0.8641323
0.9141589
0.9160351
0.911097
0.9119481
0.9123084
0.913005
0.9146115
0.9213988
0.8849612
0.8882642
0.8483425
0.8916461
0.898422
0.8416565
0.8981967
0.9109955
0.9153125
0.915182
0.769624
0.9129474
0.8371263
0.9020335
0.8879053
0.8675685
0.8647348
0.8968008
0.9132729
0.9105308
0.9184088
0.9007634
0.9224274
0.9054226
0.9208931
0.9052724
0.9065732
0.8956054
0.9130466
0.9107352
0.9100021
0.8820279
0.9160364
0.8960148
0.9082388
0.9092418
0.9086448
0.9103067
0.9160457
0.9094693
0.9097102
0.9112895
0.8093637
0.9096327
0.8939093
0.9119893
0.8526848
0.9045186
0.7919904
0.906238
0.8551463
0.911489
0.8978554
0.914212
0.9106097
0.8225788
0.9131324
0.8853549
0.9113208
0.8222248
0.9137144
0.852462
0.8370904
0.9120605
0.908039
0.9180502
0.8568187
0.9031951
0.9111326
0.9061811
0.9140611
0.9032098
0.9063247
0.904866
0.9035184
0.9093442
0.896969
0.9168522
0.9081459
0.8391254
0.9096928
0.8865783
0.8887178
0.9036635
0.910076
0.9156601
0.8825523
0.9127925
0.9104855
0.9169582
0.8258765
0.9128592
0.8895447
0.9164482
0.9168068
0.9135442
0.9168211
0.9166019
0.9138082
0.915307
0.8869247
0.88747
0.8405105
0.8892241
0.9
0.8351308
0.8958531
0.9165463
0.9152644
0.91708
0.7819702
0.9128961
0.8332202
0.8937231
0.88266
0.8679643
0.8621421
0.8946424
0.9092397
0.9119385
0.9200399
0.900425
0.9215015
0.9066394
0.9212213
0.9005724
0.9093105
0.8915294
0.9133814
0.9111072
0.9131576
0.8801231
0.9143682
0.8919247
0.9064525
0.9052727
0.9028827
0.9058389
0.914818
0.9058773
0.9050285
0.9122421
0.7262012
0.9046966
0.8945855
0.9043785
0.8426862
0.905227
0.7921785
0.9010356
0.8529455
0.9075099
0.8976714
0.9103438
0.908843
0.8110958
0.9096187
0.8874767
0.9153743
0.8034489
0.9106203
0.8466017
0.8300071
0.9065054
0.896179
0.9103982
0.8514459
0.9017019
0.9060504
0.8997214
0.9114732
0.9065965
0.9103683
0.9038013
0.9069085
0.9088276
0.8893905
0.9116466
0.9085152
0.8311498
0.9109189
0.8892157
0.8903526
0.8950999
0.9085235
0.9130066
0.8842814
0.9118985
0.9053227
0.9154768
0.8120571
0.9077463
0.8921274
0.8508216
0.8344259
0.8427656
0.840852
0.8483564
0.8478501
0.9144078
0.9061277
0.9055819
0.9227195
0.9066532
0.9152005
0.9152213
0.9136287
0.8335391
0.8437583
0.837595
0.9087788
0.8975935
0.897224
0.9104196
0.9080125
0.9007327
0.8966623
0.9145699
0.8979935
0.9174191
0.92172
0.9060332
0.9262173
0.9155812
0.9276466
0.9125724
0.9215859
0.9046207
0.8928348
0.8961191
0.8941129
0.9020209
0.9078461
0.9064034
0.914865
0.9086199
0.9082124
0.9160107
0.8989151
0.9202589
0.915766
0.9040966
0.9143323
0.9045346
0.9106946
0.9086022
0.9046423
0.92094
0.9143223
0.9174692
0.9177109
0.9091163
0.9013709
0.9078733
0.9208001
0.9048576
0.9087962
0.9059191
0.8507803
0.9040092
0.9053139
0.9067915
0.9174208
0.9153111
0.9197427
0.9238846
0.9023229
0.9197585
0.8891994
0.9035288
0.8598655
0.8285319
0.8395797
0.8362437
0.8313799
0.8277778
0.91217
0.894789
0.8228928
0.9186642
0.9002375
0.9005413
0.9005156
0.9112782
0.8295787
0.9137677
0.9030643
0.8210028
0.9191404
0.9045361
0.9023601
0.9044854
0.9067259
0.8475549
0.8298682
0.8327636
0.8355464
0.8400338
0.8314392
0.9061805
0.8993724
0.8988683
0.9228381
0.9012012
0.9127428
0.9156206
0.9129247
0.8352566
0.8401846
0.8311939
0.902496
0.8934499
0.899339
0.9041635
0.9064109
0.8955826
0.8953551
0.9120819
0.8960222
0.9196429
0.9262591
0.9059061
0.9275172
0.9175594
0.9283864
0.916207
0.9196199
0.9007699
0.8949143
0.8938218
0.8938783
0.9001552
0.9079901
0.9080743
0.9066316
0.9021222
0.9004545
0.9075184
0.897434
0.9071671
0.9075967
0.8997739
0.9128878
0.8965581
0.912379
0.8990295
0.9016847
0.91727
0.9107473
0.9194549
0.9215686
0.9003721
0.8989494
0.9063201
0.9159762
0.9020954
0.9015533
0.8994411
0.8326658
0.8980072
0.9000525
0.9057278
0.9137149
0.9064857
0.911715
0.9120935
0.8950195
0.9218211
0.8786194
0.8981004
0.8472675
0.8140674
0.8264251
0.8217177
0.8212641
0.8226736
0.9034566
0.8895066
0.8013331
0.9203126
0.8975419
0.9002235
0.9020961
0.9019975
0.809535
0.9028929
0.9007675
0.8129319
0.9131847
0.8997235
0.9004606
0.8976843
0.9005002
0.9248207
0.9229334
0.9231571
0.9225095
0.9304338
0.9206444
0.9103712
0.9095785
0.9134716
0.9074307
0.9140936
0.9237789
0.9025802
0.9131454
0.9273087
0.9230742
0.9249416
0.9002117
0.9167063
0.9073387
0.8852859
0.9058344
0.9060769
0.9087332
0.9160722
0.9040571
0.9348969
0.9424111
0.9219313
0.9347629
0.9245782
0.9407936
0.9152701
0.9273971
0.9118884
0.9176162
0.9147696
0.9176218
0.9014481
0.9124135
0.9172924
0.889182
0.8890952
0.8890951
0.8910758
0.9134436
0.8844858
0.8929447
0.906651
0.9016203
0.8915277
0.9199343
0.8962114
0.9045854
0.9243352
0.897494
0.9198039
0.9142014
0.9029188
0.9197054
0.8997895
0.8930514
0.8949994
0.8964728
0.9096047
0.9168509
0.8893292
0.8981393
0.9023141
0.9088941
0.9006152
0.8879243
0.8966018
0.898015
0.92676
0.8978805
0.8951857
0.912435
0.9168348
0.9167294
0.9138316
0.9167358
0.9157541
0.874078
0.9181706
0.9169348
0.9074984
0.9032079
0.9206315
0.9176792
0.8934916
0.9142558
0.9019702
0.912781
0.9219149
0.8920482
0.9132186
0.8938092
0.9023133
0.9096239
0.919276
0.9218495
0.922326
0.9184835
0.9204788
0.9177602
0.9255657
0.8935853
0.8948189
0.7374094
0.8969529
0.9067065
0.8613046
0.9078181
0.9209047
0.9200348
0.9227021
0.8322102
0.9271632
0.8247828
0.9070939
0.8940663
0.8753325
0.8796147
0.9043197
0.919686
0.9154551
0.9200301
0.9102397
0.9235372
0.9133787
0.9246866
0.9108125
0.9112169
0.9025501
0.9241895
0.9233802
0.9238158
0.8899714
0.9205132
0.9025574
0.9181013
0.9155452
0.9164646
0.9210221
0.9236049
0.9194593
0.9189426
0.9227379
0.8379191
0.9162878
0.9008882
0.9185172
0.8592002
0.9125683
0.845881
0.9070454
0.7550626
0.9157223
0.90546
0.9180316
0.9171038
0.7910592
0.9197447
0.8935762
0.917515
0.7990175
0.9224611
0.8665338
0.8645119
0.9180647
0.912038
0.9246367
0.8693327
0.9107435
0.9180357
0.9077903
0.9200923
0.9161764
0.916453
0.9171959
0.9167973
0.9187176
0.9065764
0.9247556
0.9200432
0.8666015
0.9176251
0.8996997
0.8995198
0.9082288
0.9179501
0.922951
0.896531
0.9190582
0.9184836
0.925623
0.8015217
0.9147619
0.8961563
0.9053829
0.9005183
0.8953261
0.9030917
0.9038336
0.9044301
0.9149786
0.9111601
0.9132809
0.9262045
0.9155105
0.9243234
0.9228057
0.914479
0.9031734
0.9024171
0.9016861
0.9102929
0.7810083
0.9081104
0.9074674
0.9143881
0.9087683
0.906761
0.9173644
0.8817776
0.9292625
0.9328677
0.9124607
0.9334247
0.9218145
0.9364683
0.9155853
0.9285814
0.9097989
0.6448117
0.6838404
0.6908108
0.9089514
0.913238
0.9212665
0.8880572
0.8840574
0.8835166
0.8890689
0.9004387
0.8807268
0.88444
0.8852713
0.9182403
0.8792059
0.9204322
0.875407
0.9139701
0.9226533
0.917131
0.9251025
0.9276098
0.90604
0.9103664
0.8884163
0.9190439
0.911374
0.8767851
0.9106431
0.9006615
0.9102953
0.9035784
0.9131787
0.9214807
0.8813621
0.9156046
0.8934243
0.9061542
0.9272854
0.8972688
0.9054227
0.9036766
0.8909467
0.8960922
0.8916477
0.8964533
0.8915435
0.9028501
0.6519512
0.8997582
0.9232734
0.8807003
0.9095508
0.9120352
0.907882
0.8993595
0.884367
0.9122925
0.9010664
0.8903169
0.9049987
0.9149411
0.8791654
0.9086054
0.9123939
0.9085865
0.9058983
0.9090071
0.909016
0.908029
0.9104756
0.8766393
0.8816158
0.8288983
0.8816758
0.8986779
0.8191518
0.8904343
0.9106129
0.9140478
0.9146835
0.7522891
0.9066816
0.8154748
0.8826342
0.8743606
0.8552368
0.8539363
0.8887919
0.9038649
0.9150052
0.9236697
0.8984248
0.9168514
0.9042121
0.9239138
0.9009073
0.9076239
0.8885775
0.9112011
0.9086707
0.9081999
0.8741613
0.9102515
0.8954994
0.892579
0.8950026
0.8952448
0.9008597
0.9082491
0.8960806
0.8961608
0.903998
0.7361747
0.8968056
0.8892403
0.8995314
0.8320382
0.902845
0.7649061
0.897435
0.8373887
0.901382
0.8933857
0.9002853
0.9032852
0.7833768
0.9043933
0.8768394
0.9096977
0.7758696
0.9041466
0.837612
0.8257466
0.9030136
0.8918389
0.9035561
0.8328291
0.9034091
0.8995941
0.8943969
0.9040626
0.9033467
0.9032613
0.9027535
0.8994908
0.9003012
0.8809137
0.9104627
0.9066081
0.8234242
0.8987782
0.8825731
0.8846684
0.8882771
0.903853
0.9079107
0.8805666
0.9108038
0.8990679
0.9143569
0.7846372
0.9044224
0.8821116
0.9045494
0.8981448
0.9013596
0.9015389
0.9030114
0.8998737
0.9144687
0.8839987
0.88564
0.8093203
0.8836096
0.8995644
0.8494353
0.8941168
0.9023962
0.8992479
0.9014701
0.8057704
0.9077843
0.7222176
0.8935318
0.879637
0.8565627
0.8532341
0.8935794
0.9033603
0.9130015
0.913402
0.8945128
0.9189916
0.9001142
0.9223521
0.9036848
0.911264
0.8888252
0.904536
0.9048302
0.9028927
0.8775748
0.9151885
0.8938678
0.9060442
0.8988793
0.899279
0.9057052
0.9032211
0.9064162
0.9029652
0.9067958
0.8231272
0.8987637
0.8914327
0.9035713
0.8365595
0.9062478
0.8229876
0.9010756
0.8126542
0.9078421
0.8908724
0.9091819
0.909493
0.7515674
0.9094273
0.8837495
0.9022257
0.7580619
0.9069479
0.8387653
0.8477614
0.9034534
0.899849
0.9116531
0.8318807
0.9023681
0.898529
0.8978426
0.9058073
0.8942666
0.8963095
0.8951887
0.8930974
0.8979928
0.8917281
0.905169
0.8983318
0.8462569
0.8996351
0.884337
0.8823444
0.8940804
0.8963998
0.9105885
0.8750411
0.8990826
0.9075443
0.9120649
0.761752
0.904468
0.8815708
0.9307556
0.9268259
0.9277508
0.926596
0.9271875
0.925711
0.9322777
0.8996791
0.8993024
0.861055
0.9070559
0.9063464
0.8546918
0.9015996
0.9243514
0.9280742
0.9286529
0.8335075
0.9243306
0.8636132
0.9047452
0.9020579
0.882311
0.8903169
0.9076845
0.9202154
0.9179638
0.9240381
0.9086078
0.9212612
0.9124813
0.9257352
0.907792
0.9104763
0.9095584
0.9241447
0.9290441
0.9238467
0.8961596
0.9204011
0.9062369
0.9177602
0.9184819
0.9186261
0.9205658
0.9264716
0.9165516
0.918453
0.9238228
0.8248744
0.9204662
0.901807
0.9187463
0.8723128
0.9110773
0.8384798
0.9063855
0.8689298
0.9193532
0.9060615
0.9222614
0.9181524
0.8525403
0.9212475
0.8999401
0.9238327
0.8408676
0.921624
0.8749327
0.8514706
0.9196072
0.9093311
0.9221416
0.8723521
0.9084448
0.9217057
0.9101595
0.9192006
0.9238493
0.9206781
0.9229099
0.9227603
0.9247356
0.9061332
0.9263938
0.9235964
0.8526012
0.9194883
0.9011306
0.9017622
0.9097402
0.9230743
0.9249263
0.8990648
0.9266356
0.9157839
0.9258777
0.8492818
0.9249099
0.8995033
0.9184432
0.9157418
0.9153378
0.9144271
0.9174824
0.9146373
0.9231848
0.8817768
0.8821322
0.8630684
0.8863849
0.893999
0.857436
0.8950511
0.9175392
0.9184962
0.9176905
0.8409771
0.915642
0.8537563
0.8974669
0.8833357
0.8603022
0.8628197
0.8937362
0.9102783
0.9130166
0.9217906
0.9021708
0.9204709
0.9085168
0.9198186
0.9005519
0.9007488
0.8912602
0.9179139
0.9148785
0.9160792
0.8774709
0.9114843
0.8895101
0.9078962
0.9073987
0.9081042
0.9075892
0.9178791
0.9027753
0.9106927
0.9145524
0.8515536
0.9064992
0.8945179
0.9097299
0.8182754
0.8992704
0.847973
0.8980333
0.8676359
0.9116185
0.892316
0.9093272
0.9126021
0.8365453
0.9081002
0.8816493
0.908865
0.8344987
0.9091564
0.8182959
0.8623857
0.910275
0.8942041
0.9147331
0.8669352
0.9021874
0.9138451
0.8962709
0.9142738
0.9064677
0.9069473
0.9062996
0.9072829
0.9090491
0.8967952
0.9198276
0.9105116
0.8615047
0.9101348
0.8866213
0.8852441
0.8962571
0.9084746
0.909491
0.8819404
0.9124682
0.9060138
0.9178019
0.8415916
0.9103137
0.8890762
0.9177449
0.9155743
0.9130189
0.9172283
0.9143558
0.9133847
0.9269485
0.8494479
0.8490067
0.9010459
0.8534724
0.8778934
0.8999434
0.8877225
0.9134571
0.9102864
0.9138078
0.896187
0.9166726
0.8962626
0.9032967
0.9020535
0.8804568
0.8803888
0.9062832
0.9194662
0.9048049
0.9092972
0.8969773
0.9155801
0.9039801
0.9094831
0.8925508
0.8871234
0.886592
0.9208934
0.9172455
0.9170661
0.8676741
0.910999
0.8672998
0.9208751
0.9191375
0.91905
0.9179721
0.9263689
0.9171055
0.9164924
0.9178082
0.8981725
0.9191713
0.8777468
0.9159497
0.8887051
0.8876822
0.896837
0.8815931
0.902077
0.917214
0.8728243
0.9132121
0.9179928
0.8929724
0.9166637
0.8488919
0.910032
0.893898
0.9162767
0.8919973
0.8957213
0.915351
0.9045318
0.9234392
0.9031147
0.8745231
0.9215847
0.9025889
0.9179237
0.9113285
0.9085237
0.9115347
0.9052209
0.9104435
0.9121324
0.9190981
0.9106738
0.8987283
0.9156108
0.8613521
0.8616111
0.9064554
0.9122516
0.914635
0.856523
0.9152459
0.9196324
0.9210827
0.8927611
0.9147993
0.867256
0.8989178
0.9005938
0.8953623
0.9027738
0.9041869
0.9001234
0.9118663
0.8406044
0.8432712
0.8958905
0.8592811
0.8844415
0.893559
0.890532
0.9030907
0.9034391
0.9033456
0.8786848
0.9002229
0.880438
0.8870325
0.8831803
0.877209
0.8667133
0.8981948
0.9039039
0.9053062
0.9145637
0.882867
0.9128218
0.9025238
0.9148068
0.8872526
0.8904421
0.8798152
0.9026655
0.8995028
0.9007661
0.8577834
0.9051354
0.8718081
0.9052536
0.9002948
0.9009792
0.9040404
0.9049135
0.9025461
0.9021566
0.9035215
0.8897751
0.9024676
0.8808104
0.8997104
0.8821064
0.8875171
0.8869033
0.8817449
0.8998052
0.9009479
0.8710844
0.9051145
0.9098717
0.880675
0.9050257
0.8388063
0.8973094
0.8789037
0.9020845
0.8886599
0.8899592
0.9025363
0.8884579
0.9053441
0.8823768
0.8863249
0.8926591
0.889537
0.9043744
0.8892922
0.8932263
0.8885909
0.8895915
0.8914591
0.8839973
0.9014739
0.8924407
0.8977399
0.9015548
0.8558666
0.8601354
0.8880841
0.8906137
0.904465
0.8638355
0.8986025
0.9044339
0.9057555
0.8847777
0.9002664
0.8581912
0.907718
0.9072996
0.9040845
0.9075977
0.9110312
0.9087794
0.9077365
0.8964033
0.8985186
0.9072834
0.8939389
0.9121876
0.9043416
0.9019101
0.9136512
0.9086244
0.9101321
0.8986991
0.9024005
0.8980144
0.8401906
0.8980995
0.8912968
0.8942647
0.9044919
0.8985649
0.9234592
0.9291656
0.90558
0.9280499
0.916411
0.9309409
0.9080648
0.917155
0.9018207
0.9022457
0.8985066
0.9008773
0.8914152
0.9015539
0.9057129
0.8899174
0.8896406
0.8860528
0.8908396
0.9070098
0.8878305
0.892571
0.9011918
0.9009121
0.887027
0.911433
0.889487
0.8984886
0.9112876
0.902355
0.9059753
0.9109122
0.8945262
0.9025907
0.8986673
0.8999828
0.8911309
0.896376
0.896432
0.9027204
0.8881364
0.8928801
0.8952196
0.9062018
0.8953966
0.8562468
0.8991712
0.8940442
0.910568
0.8939851
0.8598647
0.9057746
0.903169
0.9024457
0.896089
0.9028253
0.906444
0.8466723
0.9016353
0.9046977
0.9079442
0.8954568
0.8994009
0.8992248
0.8449299
0.9012696
0.8929911
0.8908241
0.9018099
0.8898398
0.9057566
0.8934706
0.8965213
0.896731
0.9236046
0.9215395
0.9217896
0.9213572
0.9222747
0.9228044
0.9356436
0.8893264
0.8862716
0.9059823
0.8910845
0.8958583
0.9040506
0.9059632
0.9223941
0.919658
0.9216026
0.8957563
0.927198
0.8989401
0.9148613
0.9066016
0.8823613
0.8852261
0.909048
0.9257513
0.9093046
0.9147043
0.9082617
0.9219121
0.9121643
0.9230222
0.9105553
0.9066482
0.9073971
0.9301514
0.9314455
0.929485
0.892094
0.9269703
0.8951448
0.9304327
0.928614
0.9276614
0.927576
0.9347574
0.9248713
0.9300883
0.9283885
0.8993737
0.9253407
0.8995244
0.9279211
0.892658
0.9043475
0.9004552
0.9024077
0.9067126
0.9283307
0.9017302
0.9266528
0.9280106
0.8972239
0.9236274
0.8886484
0.9245981
0.8976406
0.9256107
0.8997725
0.902428
0.9291223
0.9134084
0.9366496
0.908141
0.9013489
0.9293797
0.913382
0.9224512
0.9206415
0.9179605
0.9215639
0.9208509
0.9214853
0.9209909
0.9295249
0.9179793
0.9042861
0.9268716
0.8935035
0.8907417
0.9145825
0.9217991
0.9290905
0.8952105
0.9220856
0.9291281
0.932999
0.8985665
0.9248902
0.8947999
0.901816
0.8999143
0.8990727
0.9035225
0.9049291
0.8989719
0.9198988
0.8426478
0.8472611
0.8978656
0.8538653
0.8634556
0.8892617
0.8859201
0.9022713
0.898615
0.8974774
0.8807688
0.9042223
0.8769304
0.892944
0.8862312
0.8663596
0.8642156
0.8935463
0.909691
0.8951825
0.9060445
0.8812978
0.9110494
0.8980298
0.9117045
0.8863955
0.8830151
0.8722129
0.9071541
0.9053295
0.9019382
0.8510416
0.9057015
0.864716
0.9067432
0.9069919
0.9044415
0.9061657
0.9114557
0.9087697
0.904842
0.9091656
0.8884231
0.9045066
0.8753307
0.9018737
0.8725994
0.8840715
0.8808543
0.8846511
0.8961167
0.9044672
0.8667695
0.9083866
0.9084433
0.8742716
0.9058735
0.8420441
0.8976423
0.8765833
0.9016048
0.8815339
0.8880487
0.9059371
0.8930081
0.9147381
0.8842746
0.8777283
0.9020491
0.8936079
0.9072571
0.8956954
0.8965861
0.8931754
0.8940568
0.8971236
0.8933096
0.9043328
0.9011256
0.8917298
0.8999098
0.8524218
0.8541813
0.8913794
0.89904
0.907348
0.8458835
0.8978576
0.9036795
0.9093338
0.881067
0.9036284
0.8534713
0.8982154
0.9021188
0.900444
0.9014186
0.901788
0.9005165
0.9194084
0.8389888
0.8380194
0.8945282
0.8480344
0.8642695
0.8963875
0.8832567
0.9016465
0.8986706
0.8982418
0.8822478
0.9044913
0.8857518
0.8910655
0.8851239
0.8674015
0.8718241
0.8926635
0.9064634
0.8965687
0.9065533
0.8786705
0.9136889
0.8971262
0.9086314
0.8764809
0.8771757
0.8725954
0.9062229
0.9026731
0.9025434
0.8476834
0.9026275
0.8578406
0.9118362
0.9091275
0.9093601
0.9067692
0.9125971
0.9137069
0.9058259
0.9089269
0.8923487
0.9065786
0.8676243
0.9052461
0.8736494
0.8759464
0.8862267
0.870639
0.8950872
0.9059102
0.8605189
0.9088878
0.9119412
0.8810481
0.9040652
0.8382442
0.8975689
0.8797722
0.9054674
0.8835417
0.8874009
0.9066485
0.8955088
0.9161153
0.8870204
0.8801633
0.9065103
0.8861377
0.906189
0.8977142
0.900927
0.8960908
0.8984195
0.8974044
0.897327
0.9050775
0.8948667
0.8883144
0.9053192
0.8477884
0.8512235
0.8919302
0.8956783
0.9083492
0.815869
0.897268
0.9123136
0.9109606
0.8836887
0.9048485
0.8537745
0.9110538
0.913592
0.9056994
0.9128088
0.9129335
0.9109541
0.9232131
0.860361
0.859915
0.9035912
0.8624847
0.8788408
0.9014154
0.8932811
0.9090066
0.9121825
0.9078487
0.8908581
0.913187
0.8920778
0.8989561
0.8943943
0.8792916
0.8812089
0.9037251
0.9139
0.9040796
0.9132509
0.8942978
0.9139736
0.9010452
0.9178906
0.8904306
0.8929452
0.8870892
0.9124317
0.9099871
0.9102615
0.8681703
0.9108897
0.8737042
0.9203518
0.9142299
0.9185201
0.9120135
0.9175303
0.9175062
0.914115
0.9135367
0.894859
0.9131124
0.8838626
0.9122208
0.8871224
0.8967364
0.8939041
0.8873999
0.9013778
0.9100217
0.8784921
0.9140325
0.9120895
0.8865622
0.9117877
0.8594323
0.9057494
0.8912478
0.9112615
0.8937243
0.8900082
0.915935
0.9014196
0.9207037
0.8962114
0.8872383
0.9130497
0.8945325
0.9144916
0.9059969
0.9069447
0.9031066
0.9044786
0.9037611
0.9026155
0.9133274
0.9050814
0.8941185
0.9161621
0.8675784
0.8732502
0.8994881
0.9094838
0.9162977
0.8676054
0.9149876
0.9169931
0.9154311
0.8901162
0.9093459
0.8699491
0.9145741
0.9100665
0.9140529
0.9133007
0.916837
0.9139393
0.9247093
0.89125
0.8927325
0.7891125
0.8876965
0.9009775
0.8489532
0.9008253
0.9087625
0.9103842
0.9124273
0.8138044
0.9173817
0.7824772
0.9003814
0.8869896
0.8638318
0.8644259
0.8997704
0.9136968
0.9160407
0.9183294
0.9028909
0.9185401
0.9054721
0.9184065
0.9092276
0.9096749
0.8969939
0.9200479
0.9205279
0.9180732
0.8875251
0.9209328
0.89541
0.9130031
0.9121874
0.9097127
0.9157954
0.9177247
0.9143
0.9137188
0.9183904
0.8164605
0.909443
0.8963212
0.9146741
0.8388891
0.9090688
0.829216
0.9005362
0.8020084
0.9165278
0.899049
0.9149785
0.9174772
0.7402303
0.9167953
0.8912811
0.9153448
0.7585155
0.9165903
0.8493227
0.8492014
0.9138179
0.9069231
0.9214774
0.8525024
0.9029772
0.9080063
0.9034294
0.9166205
0.909851
0.912555
0.9097539
0.9123842
0.9131793
0.899928
0.9179565
0.9094244
0.8503426
0.9120965
0.8899578
0.88871
0.9041421
0.9077784
0.917486
0.8851211
0.9127179
0.9154252
0.9222963
0.7600527
0.9135566
0.8888611
0.9080199
0.9054373
0.9008394
0.9072977
0.91387
0.9102511
0.9060034
0.9141175
0.9139557
0.920997
0.9176108
0.9271417
0.9152669
0.9132785
0.9127962
0.9100738
0.9103568
0.9070044
0.8794286
0.9080589
0.8901002
0.9047123
0.905383
0.9042089
0.9135927
0.8519911
0.9366001
0.9438144
0.9186067
0.9367719
0.9259509
0.9428591
0.9195975
0.9239665
0.9122631
0.8778675
0.8777353
0.8804987
0.9018075
0.9144495
0.9234843
0.8576054
0.855073
0.8555737
0.83625
0.901775
0.8509656
0.8403885
0.8735823
0.9117668
0.857005
0.9248833
0.8335341
0.9115334
0.9249023
0.9085414
0.9246518
0.9208565
0.8976926
0.9179107
0.8574808
0.9082441
0.9006101
0.8547158
0.9139862
0.9047654
0.8988456
0.8997137
0.9112418
0.9165181
0.8469357
0.8981638
0.8705325
0.8973434
0.9273151
0.895719
0.9013917
0.9055011
0.8986009
0.8989339
0.895512
0.9007976
0.9033384
0.8826753
0.8794706
0.9003249
0.9218412
0.8441563
0.9144109
0.9162011
0.8970508
0.8974312
0.8589505
0.9166577
0.9044831
0.8453832
0.9083426
0.9048101
0.8317372
0.9116199
0.8541193
0.8327919
0.8387748
0.8452107
0.8418377
0.8381946
0.914715
0.9041174
0.9042409
0.9249913
0.9033022
0.9142239
0.9198039
0.9140764
0.7514182
0.8380056
0.831566
0.9069253
0.9022433
0.898959
0.9121253
0.9089175
0.9004685
0.8968895
0.9167123
0.9032842
0.9173957
0.9234375
0.9038524
0.9262671
0.9157574
0.9313365
0.9201321
0.9198035
0.9070255
0.8981242
0.8986776
0.898701
0.9037199
0.911257
0.9057257
0.9117028
0.9079963
0.9061492
0.9144318
0.9031014
0.914477
0.913341
0.9026619
0.9175319
0.9041281
0.9132401
0.9088134
0.9058866
0.917309
0.9146574
0.9179376
0.9203574
0.9128659
0.9022071
0.9095815
0.9219313
0.9059454
0.9077138
0.903988
0.8373169
0.9034542
0.9060274
0.9109977
0.9231577
0.9104983
0.9172045
0.9177311
0.9019296
0.9207486
0.8917299
0.9048904
0.8604015
0.830945
0.8417144
0.839114
0.8335052
0.8354256
0.9120907
0.8996909
0.8287932
0.9190908
0.900571
0.9008297
0.8997378
0.9103493
0.8342546
0.9089245
0.9049885
0.8308412
0.9162392
0.9019184
0.9073731
0.9012035
0.9025997
0.8997646
0.8979907
0.8958686
0.9036612
0.8983443
0.9005354
0.9131149
0.8778754
0.8768906
0.8953678
0.8761978
0.8921216
0.8896764
0.8936448
0.8992829
0.8978697
0.8977584
0.8796613
0.9066214
0.877811
0.8867054
0.8864386
0.8647646
0.8648629
0.8966808
0.9065618
0.9119782
0.9155855
0.8953089
0.9163723
0.9047788
0.9192317
0.8959077
0.8990969
0.8896102
0.9014263
0.8988334
0.9015193
0.8761473
0.9075411
0.8891611
0.910486
0.906587
0.906143
0.9098915
0.9092276
0.9091632
0.9132557
0.9032688
0.8856741
0.9028571
0.8897542
0.9053914
0.8730176
0.8989795
0.8852098
0.8962887
0.8978684
0.9093326
0.8847116
0.9069751
0.909401
0.8736657
0.9052372
0.8775019
0.8949765
0.8790237
0.9088497
0.8776281
0.8926002
0.907445
0.8920733
0.9181228
0.8825189
0.8966982
0.9005037
0.8796474
0.9004292
0.8903156
0.8940983
0.8933238
0.894805
0.8939459
0.8910721
0.9012314
0.8949209
0.8946842
0.9030955
0.8755115
0.874726
0.8875892
0.9000715
0.9066781
0.8714149
0.9008244
0.9093683
0.910952
0.8773904
0.9057094
0.8776766
0.8998788
0.8940119
0.8958448
0.8983371
0.9051039
0.8996676
0.9027409
0.9090255
0.9126186
0.9168107
0.9110847
0.9270855
0.9126631
0.9121162
0.9016381
0.8993594
0.8952172
0.9031047
0.866066
0.897573
0.8839751
0.9062913
0.9011322
0.9015389
0.9153052
0.8270688
0.9296231
0.9400303
0.9162443
0.9356975
0.917621
0.9383906
0.918683
0.9250572
0.9071117
0.8656603
0.8652089
0.8673639
0.9019899
0.9097101
0.9201876
0.8507151
0.849825
0.8510448
0.834003
0.8930865
0.8422139
0.8296547
0.8646602
0.9105139
0.849479
0.9163143
0.8126405
0.908869
0.9242116
0.9097553
0.9251691
0.91976
0.899364
0.913774
0.8523287
0.907232
0.9017105
0.8508839
0.9079525
0.8946963
0.8935602
0.8979563
0.907957
0.9162639
0.8353018
0.8965024
0.8687377
0.8886178
0.9277117
0.883132
0.8956211
0.8933435
0.8874009
0.8936873
0.8890148
0.8916099
0.8880394
0.8773025
0.8629555
0.8935477
0.9180531
0.8199362
0.9109643
0.9092477
0.8900132
0.8892675
0.8528617
0.911072
0.8987102
0.8364936
0.8974321
0.9021719
0.8220048
0.9137913
0.9019558
0.8980695
0.8964463
0.9011913
0.9041973
0.9051366
0.9041468
0.9073775
0.9128372
0.9206939
0.9097858
0.9238388
0.9173697
0.9122949
0.9028555
0.9032468
0.9011193
0.9056014
0.8756623
0.9017489
0.8926732
0.9062578
0.9037151
0.9006903
0.9197476
0.8552912
0.92908
0.9398618
0.914702
0.9337445
0.923564
0.9374979
0.913385
0.923607
0.9108858
0.8795306
0.8781032
0.8749486
0.900738
0.9099762
0.9184644
0.8707455
0.867537
0.8619857
0.8482695
0.8991461
0.8612236
0.8565362
0.8772578
0.9131393
0.8616725
0.9176308
0.8454042
0.9095688
0.9260049
0.9101392
0.9200604
0.9243522
0.9031001
0.9112288
0.8650898
0.9081295
0.9009776
0.8673305
0.9070511
0.8968361
0.8994667
0.9022749
0.9085033
0.9160849
0.8527879
0.9037505
0.8791389
0.897939
0.9261068
0.8923523
0.8986351
0.898836
0.8915206
0.8946531
0.8908535
0.891298
0.8977153
0.8908263
0.8791594
0.8937149
0.9200085
0.8505105
0.9108773
0.9122826
0.8943134
0.8923211
0.8666367
0.9080926
0.8989396
0.8551774
0.905856
0.9050305
0.8390497
0.9093414
0.8963303
0.8900824
0.8852249
0.8936447
0.8955088
0.8924917
0.8970621
0.9080611
0.9113161
0.9127905
0.9106444
0.9204453
0.9102166
0.9080911
0.8911126
0.895009
0.8934021
0.8999498
0.8904881
0.8938354
0.8885997
0.8997901
0.9026694
0.8979278
0.9121622
0.8909769
0.9299754
0.9376283
0.9069217
0.9299227
0.9179228
0.9344049
0.9153163
0.9232515
0.9086082
0.8954027
0.8946774
0.8963446
0.904859
0.9073963
0.9170341
0.8929664
0.8864255
0.8834734
0.8905705
0.885183
0.8914271
0.8906701
0.8955463
0.9100432
0.8800463
0.9165905
0.8841993
0.9043627
0.9238794
0.9059142
0.9200307
0.9163473
0.8931185
0.9113006
0.8932322
0.9037663
0.8976505
0.8976344
0.9072312
0.8886009
0.8905955
0.8956436
0.9080138
0.914479
0.8924614
0.8976004
0.8948678
0.8900581
0.9266711
0.8476875
0.898091
0.8868897
0.875468
0.8795558
0.8748626
0.8752987
0.882454
0.8767725
0.8970952
0.8799985
0.9135432
0.8865885
0.9080415
0.9087481
0.8924692
0.8755782
0.8960577
0.9059265
0.8848724
0.8965794
0.8994237
0.9015425
0.8882544
0.9038571
0.9094158
0.9028491
0.9048509
0.9076731
0.9098302
0.9057777
0.9147057
0.9129431
0.9173174
0.9227398
0.9164007
0.9253522
0.9195306
0.9155052
0.9088492
0.9069409
0.9059543
0.9099865
0.8780852
0.9079182
0.8982954
0.9109089
0.9042204
0.9080835
0.9192178
0.8635596
0.9318298
0.938324
0.9204558
0.9359163
0.9273772
0.9410063
0.9206544
0.9286659
0.9172411
0.8808687
0.8776659
0.880438
0.9074332
0.9134341
0.9184192
0.8665835
0.8570772
0.8588361
0.8654049
0.90577
0.8248893
0.8568952
0.8766569
0.9150408
0.8549157
0.9224437
0.8601658
0.9097277
0.9251722
0.9112609
0.9258205
0.9259131
0.9041722
0.9155853
0.8708079
0.9110719
0.9082745
0.8599423
0.9126589
0.9040701
0.9062354
0.905295
0.9125296
0.9181498
0.8581844
0.9030347
0.8727015
0.9004061
0.9233868
0.8959263
0.9035952
0.9057408
0.8996403
0.8979519
0.8963134
0.8979651
0.8998522
0.8955317
0.8807075
0.9008294
0.918208
0.8618976
0.9184193
0.9141611
0.895443
0.9022044
0.8279533
0.9124902
0.907485
0.8611122
0.9084345
0.9135999
0.8647121
0.9128291
0.9047309
0.8943548
0.8976801
0.901468
0.9026699
0.9024545
0.9082751
0.8744589
0.8800408
0.8827023
0.8805059
0.8945642
0.8778266
0.8961613
0.9014577
0.9013796
0.9027823
0.8652262
0.9007397
0.8626476
0.8928225
0.8714864
0.8449775
0.8366677
0.8843707
0.9005577
0.9050244
0.9191737
0.8892896
0.916982
0.9042006
0.9183865
0.9006136
0.9021024
0.8867244
0.9000689
0.9011319
0.8971647
0.8724187
0.9106765
0.8895595
0.9011583
0.8936603
0.8949254
0.9033522
0.8994505
0.8966972
0.9004014
0.9054493
0.8714212
0.8982728
0.8867468
0.9002239
0.8633338
0.905699
0.8665513
0.8987
0.8890435
0.9054125
0.8905453
0.9068336
0.9084616
0.8552632
0.9081081
0.8737109
0.9013267
0.8547191
0.9014653
0.863467
0.8780204
0.9025667
0.8936503
0.9100642
0.8672131
0.8995571
0.8955229
0.8942039
0.8974807
0.8881033
0.8947859
0.8890937
0.8918205
0.8905893
0.8839048
0.901069
0.8942569
0.8833732
0.8960656
0.8802658
0.8798073
0.8885501
0.8934734
0.9086904
0.880457
0.8942189
0.9029921
0.9068158
0.8573023
0.9026198
0.8822095
0.9029997
0.89782
0.900386
0.9014393
0.8992952
0.9007442
0.9149841
0.8744851
0.876755
0.8797569
0.8793559
0.8908709
0.877207
0.8951012
0.8957568
0.9025364
0.9026775
0.8636313
0.9004275
0.8616708
0.890892
0.8613098
0.8357446
0.8332448
0.8841831
0.903234
0.9059235
0.9166579
0.8929494
0.9178578
0.903904
0.9225574
0.8965975
0.8983433
0.8906306
0.9058849
0.8999456
0.899691
0.8749724
0.9049462
0.8905458
0.9018122
0.9028866
0.9005783
0.9068267
0.905851
0.9016664
0.9058047
0.9080771
0.8704037
0.9013455
0.8898152
0.9041985
0.8587644
0.8983456
0.8652176
0.8948873
0.8806949
0.9068035
0.8826667
0.9076063
0.9132596
0.8540435
0.9000831
0.8737353
0.8978719
0.8521111
0.9027008
0.8604746
0.8793223
0.90388
0.8929561
0.9126893
0.8657392
0.8990112
0.8957634
0.8888569
0.90737
0.8888082
0.8876982
0.8896374
0.8863529
0.8912988
0.8855642
0.9039458
0.8950917
0.8827716
0.8997598
0.8785413
0.8772592
0.8890142
0.8945447
0.9091496
0.8701208
0.8994803
0.908595
0.9114117
0.8556224
0.9049073
0.8786138
0.8571699
0.8492887
0.8462909
0.8502483
0.8506743
0.8498824
0.9132576
0.9034515
0.9044397
0.922439
0.8988703
0.9128114
0.9175892
0.911164
0.8223965
0.8427611
0.8444385
0.9044278
0.8957484
0.9006196
0.9070199
0.906373
0.9007019
0.8954923
0.916064
0.9015727
0.9144851
0.9258951
0.9039336
0.921868
0.9118391
0.9239002
0.9123534
0.9200183
0.9066045
0.8976754
0.8945293
0.8950313
0.89822
0.9053492
0.9093177
0.9108065
0.9038667
0.9018828
0.908745
0.9002421
0.9137074
0.9101116
0.9006259
0.9145311
0.9024023
0.9139089
0.9064235
0.9065167
0.9165701
0.9099282
0.9165176
0.9213968
0.9020754
0.9007845
0.9100241
0.915084
0.9050499
0.9047293
0.9037151
0.7653829
0.9037714
0.8968602
0.9040886
0.9159284
0.909965
0.9115905
0.9140467
0.8988948
0.9200915
0.890727
0.8982717
0.8631159
0.8302956
0.8401754
0.8410373
0.8324146
0.8385609
0.9039414
0.893642
0.8364234
0.9179346
0.8998068
0.9003922
0.9039923
0.9026374
0.8430704
0.9068511
0.9033022
0.8398613
0.9122345
0.9007869
0.902285
0.9052402
0.9015364
0.8614159
0.849102
0.8487234
0.8483757
0.8498713
0.8482481
0.9156688
0.9054411
0.9030232
0.9212683
0.9045151
0.9082402
0.9177891
0.9116201
0.8230953
0.8488713
0.8468053
0.9070288
0.8985988
0.9018877
0.9051344
0.9078984
0.9004743
0.8973791
0.9169309
0.9020926
0.9152964
0.9213612
0.8996573
0.9272702
0.912415
0.9222479
0.9126939
0.9198293
0.9006302
0.8937985
0.8924304
0.8940984
0.9011221
0.91238
0.9069999
0.9120688
0.9076609
0.9038152
0.9115837
0.9058511
0.9145589
0.9069057
0.9018671
0.9118363
0.9057188
0.9090973
0.9065628
0.9078578
0.9151439
0.9140096
0.920604
0.917981
0.9067629
0.9019327
0.9090126
0.9138482
0.9021436
0.9046406
0.9048434
0.7777377
0.9016011
0.8981543
0.9077703
0.9129286
0.9072878
0.9133367
0.9176475
0.8989106
0.9185757
0.8891806
0.9001316
0.8651298
0.8305447
0.8393718
0.8398793
0.8406932
0.8435528
0.9052052
0.8927529
0.8367324
0.9158908
0.9000979
0.8982302
0.9017126
0.9014953
0.8446529
0.9091787
0.9027887
0.8384794
0.91379
0.9022009
0.906698
0.9035992
0.897205
0.9018865
0.8943779
0.8945533
0.8987492
0.9025293
0.8981861
0.9090439
0.8734835
0.877372
0.8798014
0.8783287
0.8952281
0.8786786
0.8913075
0.9005948
0.9017097
0.900775
0.863817
0.9003881
0.8617692
0.8864016
0.8652628
0.835976
0.8341817
0.8839188
0.8995268
0.9068523
0.9162318
0.8924923
0.9177003
0.9034782
0.9247602
0.8970276
0.9017653
0.8875213
0.8997959
0.9009843
0.8983663
0.8723058
0.9106125
0.8890382
0.8971639
0.8959778
0.8946236
0.9036935
0.8986751
0.8953467
0.8993311
0.9059557
0.8676823
0.895384
0.8875847
0.8968716
0.8672193
0.8992469
0.8673345
0.8968523
0.885329
0.9084137
0.8869527
0.905644
0.9088911
0.8519353
0.9016743
0.8723985
0.8999057
0.8510678
0.90071
0.8655425
0.8789162
0.9003679
0.8899022
0.9105876
0.8643559
0.89897
0.8936714
0.890119
0.8981485
0.8903627
0.892176
0.8896589
0.8889253
0.8894641
0.8802264
0.8995991
0.8920248
0.885538
0.8949238
0.8810082
0.8762682
0.8852159
0.892931
0.9072013
0.8738985
0.895245
0.9006125
0.904809
0.8508528
0.9000293
0.8815679
0.916014
0.9123751
0.9083062
0.9115974
0.9123653
0.9087811
0.9145494
0.894427
0.8966462
0.9081981
0.8965111
0.9084822
0.9040365
0.9000105
0.9122422
0.9094697
0.9102074
0.9005067
0.9058595
0.8962799
0.8344334
0.899648
0.8910387
0.8942414
0.9057325
0.9035361
0.9137559
0.9261249
0.905537
0.9210085
0.9108963
0.9272356
0.8999046
0.9121558
0.9010613
0.9052929
0.9024137
0.9013408
0.8921512
0.9010981
0.9049014
0.8959916
0.8986004
0.8986373
0.9012235
0.9093525
0.8950011
0.9005513
0.9033932
0.901408
0.8982466
0.9078763
0.8997461
0.8934312
0.908123
0.9035843
0.9034913
0.9071821
0.9018788
0.8995061
0.8992323
0.9010351
0.8939524
0.8963281
0.8939443
0.8996211
0.890868
0.903866
0.8959657
0.901855
0.9027714
0.8573658
0.9057036
0.8938554
0.9098903
0.9009277
0.6306646
0.912222
0.9033355
0.904564
0.9013097
0.9036055
0.9018765
0.850821
0.9054527
0.9073851
0.9030395
0.9045949
0.9015777
0.903804
0.8588457
0.9012705
0.9015492
0.8933662
0.9090427
0.8996043
0.903858
0.8956717
0.9029056
0.8986901
0.8463885
0.8319328
0.8287282
0.8374298
0.8364396
0.8356934
0.911054
0.907029
0.9068757
0.9237897
0.9009986
0.9146916
0.9196138
0.9138556
0.8262514
0.8305578
0.8298943
0.9091943
0.8977688
0.8990251
0.9105922
0.9111972
0.9016306
0.8974717
0.917085
0.9023128
0.917734
0.9248112
0.9041091
0.925332
0.9170259
0.9270141
0.9154131
0.9221061
0.9046333
0.8939682
0.8980251
0.89447
0.9026393
0.9126853
0.9057821
0.9120672
0.9067725
0.9004929
0.91658
0.9018619
0.9127145
0.9099946
0.9068803
0.9137919
0.9030666
0.9120576
0.9071413
0.9083929
0.9200698
0.9164229
0.9179389
0.9187789
0.9049641
0.901363
0.9121348
0.9177708
0.9081818
0.9086676
0.9069386
0.8379204
0.9030022
0.9029228
0.9098123
0.9192603
0.9072784
0.9175922
0.9170342
0.8967271
0.9191164
0.8874091
0.9056851
0.8511074
0.8027905
0.8185623
0.8194055
0.8181678
0.8168796
0.907768
0.896269
0.7960794
0.9222669
0.900915
0.8995511
0.9043621
0.9065036
0.810373
0.9065071
0.9039886
0.8060063
0.9175225
0.8996843
0.9067655
0.9008671
0.901718
0.9217305
0.9194563
0.9191368
0.9215055
0.9193868
0.9234125
0.9216367
0.8884482
0.8871503
0.8648422
0.8929895
0.9013547
0.8662506
0.8966318
0.921344
0.9188685
0.9203496
0.8496162
0.9202963
0.8649167
0.8916526
0.8844816
0.8694001
0.8631475
0.8961686
0.9089544
0.918804
0.9227611
0.9043413
0.9210644
0.9150801
0.9241914
0.9065744
0.9092987
0.901095
0.9192084
0.9199618
0.9183695
0.8810251
0.9130511
0.8968954
0.9052776
0.9073495
0.9051156
0.9076591
0.921629
0.9026295
0.9048387
0.9137562
0.8552846
0.9010337
0.8941076
0.9080562
0.8364472
0.9081149
0.8569844
0.8997033
0.8710795
0.9108747
0.8924117
0.911192
0.9130298
0.8445468
0.9055593
0.8880796
0.9173855
0.8376518
0.9104278
0.8322143
0.8688985
0.9102373
0.8974156
0.9119911
0.8712966
0.9067345
0.9149525
0.8997024
0.9181099
0.9143532
0.9103232
0.9093381
0.910176
0.9139789
0.8917932
0.9224976
0.9144807
0.8706633
0.9080641
0.8922192
0.8912848
0.8955738
0.9132444
0.9125879
0.8898934
0.9151273
0.9049367
0.922354
0.8464873
0.9090615
0.8908372
0.9104177
0.9089485
0.9050841
0.909446
0.9151024
0.9093733
0.9118476
0.8968243
0.8992875
0.9077967
0.8949133
0.9134513
0.9016079
0.9004225
0.9128046
0.9100071
0.912422
0.894489
0.9063349
0.8968271
0.8329039
0.8923132
0.8874621
0.8879556
0.9026698
0.8927674
0.9254926
0.9314668
0.9083527
0.926779
0.9160548
0.9355433
0.9088787
0.9171691
0.9023844
0.9058794
0.906014
0.9076619
0.8871588
0.9104961
0.9087393
0.8858042
0.8835813
0.8859917
0.8953229
0.9046336
0.8852793
0.8906022
0.8999928
0.8954283
0.8921269
0.909823
0.8901147
0.8998069
0.9131959
0.8959386
0.9062522
0.911888
0.9015371
0.8999606
0.8996091
0.899623
0.8879604
0.8941211
0.8961403
0.9027698
0.887261
0.8950296
0.8963098
0.9050914
0.893511
0.8249836
0.8998146
0.8901936
0.9151421
0.8929861
0.8576018
0.9083239
0.9041345
0.9068827
0.8973293
0.9051124
0.9034522
0.8422302
0.9080476
0.9022613
0.9099866
0.8912082
0.9020491
0.9005689
0.5340605
0.9017004
0.8934974
0.8930516
0.9031657
0.8927932
0.904279
0.8951813
0.8956636
0.8990583
0.9188182
0.9202483
0.9161607
0.9174544
0.9226311
0.9232778
0.9188219
0.9157467
0.9151095
0.9188233
0.9152566
0.9247542
0.9133288
0.9144839
0.9182327
0.9148221
0.9152157
0.9137229
0.9180447
0.9124614
0.8963891
0.9131793
0.9107259
0.9127794
0.9178082
0.9147399
0.9265353
0.9348345
0.9202082
0.9300982
0.9259472
0.9366813
0.9153304
0.9241637
0.9124936
0.9218712
0.9168763
0.9187168
0.9098262
0.8630639
0.9225003
0.9063236
0.9078752
0.9070982
0.9061462
0.9188103
0.9067618
0.9073694
0.9103918
0.9145407
0.9006578
0.9212913
0.9051377
0.9154012
0.9204883
0.9128994
0.9179188
0.9251612
0.9037541
0.914804
0.9111073
0.8944254
0.9092065
0.9065446
0.9151024
0.9113299
0.9105599
0.9032931
0.9143403
0.9163295
0.9098047
0.8991118
0.9136596
0.9088449
0.922494
0.9147598
0.9032646
0.916514
0.9131389
0.9132023
0.9101293
0.9135612
0.9126968
0.8968439
0.9215032
0.915534
0.9169016
0.9145341
0.9189816
0.911454
0.9048327
0.9106001
0.9126143
0.9144217
0.9161981
0.9069021
0.913769
0.9124033
0.9104826
0.9168542
0.9144032
0.9161828
0.9123567
0.9177372
0.9211993
0.9156421
0.9076838
0.914727
0.9161845
0.9134094
0.9163789
0.9290257
0.9130235
0.9131623
0.9236652
0.9168567
0.9200114
0.9057226
0.8864582
0.9111063
0.8854801
0.9096321
0.9074761
0.9120259
0.9176499
0.8509958
0.9349266
0.9427408
0.9227515
0.9372408
0.9293915
0.9453952
0.9175207
0.9318965
0.9153082
0.8845627
0.8830578
0.8864392
0.9076526
0.9114
0.9263894
0.8498749
0.846124
0.8434461
0.8376988
0.9036701
0.8456575
0.7882348
0.8735426
0.9050104
0.8475316
0.9221409
0.836479
0.9133265
0.926569
0.9045521
0.9247087
0.9214333
0.90153
0.9229954
0.8595603
0.9017267
0.8999604
0.8559568
0.9144423
0.9095262
0.8939151
0.8968039
0.90581
0.9162217
0.7963131
0.8844353
0.8611006
0.8963477
0.9288887
0.8932042
0.9025863
0.9071596
0.9081889
0.9079656
0.9025223
0.9098757
0.9169724
0.8723188
0.8863393
0.9125188
0.9153604
0.8508471
0.9189803
0.9182885
0.8888483
0.9038282
0.8636568
0.913152
0.9112282
0.7974749
0.9098187
0.9023978
0.8481464
0.9151892
0.9036036
0.9029002
0.8984821
0.9011479
0.9078415
0.902402
0.9092339
0.8954705
0.8947745
0.9117493
0.8970894
0.909805
0.9034035
0.9039759
0.9049119
0.9034123
0.9026121
0.8982367
0.9013737
0.8955904
0.8053248
0.8967218
0.8880069
0.8886975
0.9067407
0.8956191
0.9237308
0.9307487
0.9092722
0.9252272
0.9159368
0.9320584
0.9076315
0.918672
0.8976319
0.8979201
0.8994232
0.9002814
0.8889932
0.9076009
0.9081456
0.8927773
0.8876716
0.8883301
0.8932255
0.9030203
0.8915716
0.893429
0.8981415
0.9010291
0.8894448
0.9088444
0.8929812
0.897272
0.9160803
0.8966022
0.9111787
0.9141667
0.8966828
0.9000571
0.8962861
0.9041468
0.8885847
0.8955165
0.8953026
0.8950161
0.882877
0.8973325
0.8980704
0.9033069
0.8951433
0.848916
0.8982375
0.8891192
0.9140381
0.8880534
0.8367737
0.9010444
0.8925156
0.8969377
0.8958587
0.8945666
0.8921929
0.8294442
0.8973255
0.8973816
0.9090845
0.8929532
0.8972662
0.8992898
0.8336936
0.8949333
0.8909743
0.893811
0.9003044
0.8964529
0.9034839
0.8884126
0.8965016
0.8942673
0.9071485
0.9067993
0.9078126
0.9099777
0.9109719
0.9094033
0.922366
0.8304853
0.8351003
0.8963118
0.8556666
0.8698212
0.8926477
0.8926255
0.9112396
0.9083262
0.9075068
0.8809818
0.9153954
0.8874669
0.8984311
0.8935798
0.8744439
0.8741703
0.8980243
0.9118268
0.8978926
0.9123248
0.8866122
0.9145647
0.8980814
0.9120833
0.8798447
0.8797159
0.8784426
0.9135427
0.911873
0.9107072
0.8581317
0.9128572
0.8579063
0.9170951
0.91806
0.9172297
0.9151917
0.9172502
0.9186297
0.9116964
0.9119269
0.8894284
0.9167357
0.8697577
0.9116598
0.8823914
0.882891
0.8897334
0.8824313
0.8938873
0.9122172
0.8680476
0.9120781
0.9171709
0.8810069
0.9135491
0.8299136
0.9085318
0.8817
0.912291
0.8866318
0.8897318
0.9074681
0.9036643
0.9209392
0.8890632
0.8784575
0.9107111
0.8985198
0.9096226
0.9005978
0.9039227
0.9062611
0.9033042
0.9077461
0.9023328
0.9117552
0.9058277
0.8927842
0.9118417
0.8520345
0.7963753
0.9020373
0.9059226
0.9141698
0.8577378
0.9107696
0.9161754
0.9228068
0.882825
0.9114006
0.8536458
0.9149208
0.9172743
0.9108285
0.9170981
0.9121144
0.9113136
0.9282776
0.8457867
0.8486087
0.9042788
0.8509705
0.8706934
0.896409
0.8817678
0.9119532
0.911333
0.9129206
0.8927781
0.9177361
0.8958497
0.8995215
0.892985
0.8743755
0.8766257
0.9024064
0.9198604
0.8946229
0.9045073
0.8839108
0.9112549
0.8920467
0.9100232
0.8805041
0.8764973
0.8762001
0.9177336
0.9187941
0.9186564
0.8621756
0.9109288
0.8641093
0.9172643
0.9188037
0.9191424
0.9204417
0.9274728
0.9150367
0.9136777
0.9183248
0.9001344
0.9149309
0.8728353
0.9174651
0.8898672
0.8791161
0.8945382
0.8743433
0.9041072
0.9155343
0.8712467
0.9215452
0.9162438
0.8873209
0.9153128
0.8441525
0.9060088
0.8898683
0.9115586
0.8915989
0.8968403
0.9160262
0.902487
0.9217259
0.8992537
0.8713145
0.9179315
0.8976598
0.9201164
0.9081445
0.9070798
0.9046172
0.9071067
0.9082549
0.9071026
0.9179279
0.9096407
0.8963181
0.9156767
0.8596168
0.8509533
0.8973837
0.9106822
0.9181038
0.8507075
0.9111001
0.9164273
0.9215896
0.8922406
0.9170279
0.8101655
0.9091333
0.9143472
0.9090005
0.9092227
0.9130775
0.9085384
0.9240447
0.7396102
0.733481
0.9004228
0.8253853
0.8584864
0.891702
0.8826463
0.9089224
0.909278
0.9112193
0.8843014
0.9113815
0.8893737
0.8958564
0.8848153
0.8659858
0.8698475
0.8923066
0.9150464
0.8937789
0.9095225
0.8804149
0.9102252
0.8911699
0.9086446
0.873623
0.8661745
0.8717268
0.9175188
0.9131595
0.9110318
0.8375359
0.9090845
0.8403349
0.9124883
0.913276
0.9134251
0.9112632
0.9227961
0.912388
0.9121708
0.9149557
0.8843246
0.9153261
0.8468492
0.9128289
0.8741256
0.874408
0.8850645
0.8633993
0.8992155
0.911439
0.8562577
0.9138274
0.9100189
0.8838033
0.9123187
0.7408783
0.9038283
0.8812141
0.909044
0.884129
0.8853125
0.9169511
0.8932769
0.9249213
0.8920584
0.8684739
0.9103314
0.8953282
0.9127315
0.902762
0.9038836
0.9033403
0.9060345
0.9085844
0.9001123
0.9159051
0.9085806
0.8881796
0.9144099
0.8336107
0.8266357
0.8984683
0.9057207
0.9139777
0.842915
0.9055065
0.9114408
0.9184112
0.8817309
0.9117236
0.8410208
0.9101011
0.9097616
0.9105792
0.9129852
0.9143884
0.9143339
0.9121565
0.9185887
0.9219045
0.9246455
0.9201433
0.9262449
0.9212886
0.9206809
0.9182561
0.9128218
0.9138011
0.914529
0.8900737
0.912004
0.9083136
0.9147985
0.9133947
0.9154604
0.9231575
0.8288897
0.9358238
0.9421238
0.9233285
0.9360603
0.9290358
0.938496
0.9239062
0.9290824
0.9174382
0.8889619
0.8889334
0.8911255
0.9110254
0.9203451
0.9260626
0.8731574
0.8660047
0.868532
0.8626246
0.9121345
0.8649898
0.8576614
0.8773133
0.9176429
0.8664988
0.9253731
0.8315246
0.9154544
0.9274653
0.9145206
0.9304611
0.9254968
0.9156891
0.9213412
0.8717588
0.9161777
0.9120387
0.8700978
0.9185736
0.9103696
0.9084542
0.9116576
0.9157319
0.9201898
0.867136
0.9093212
0.8735995
0.9095196
0.931943
0.9052979
0.9103136
0.9126503
0.9059802
0.9101258
0.9070138
0.9108269
0.911822
0.8962882
0.8912315
0.9090747
0.9226139
0.8230311
0.919065
0.9219739
0.9030831
0.9081524
0.8676612
0.9177649
0.9112388
0.8611662
0.9133429
0.9158083
0.8608617
0.9214575
0.9027333
0.8972465
0.8956078
0.9040247
0.9052254
0.9019793
0.9013719
0.9125351
0.915765
0.9120011
0.9127959
0.9252606
0.9100862
0.9117585
0.9069106
0.9033456
0.9025692
0.9011472
0.8743323
0.9021968
0.8883145
0.9061009
0.902588
0.9032328
0.9172953
0.8549604
0.9327789
0.9427565
0.9135829
0.9342972
0.9244101
0.9387692
0.9191585
0.9248665
0.905547
0.8718036
0.8732543
0.8705971
0.9074255
0.9076173
0.9241977
0.784395
0.7717455
0.7666485
0.86032
0.8932079
0.8442172
0.8482541
0.8375939
0.9079501
0.7614383
0.9203241
0.8478378
0.9032737
0.9179136
0.90402
0.9233887
0.9142716
0.8926673
0.913847
0.8678396
0.9046471
0.8965316
0.8567026
0.912169
0.8976204
0.8887003
0.8903435
0.9054093
0.9130108
0.8519604
0.8960236
0.8334508
0.8936461
0.9267353
0.8859081
0.894303
0.8972288
0.8905619
0.8954572
0.8916386
0.8924952
0.8956356
0.8774055
0.8774475
0.8973551
0.9174475
0.8512047
0.9119289
0.9106397
0.8899562
0.8880215
0.8585447
0.9127024
0.9000548
0.8566007
0.9019098
0.8972014
0.8551305
0.910423
0.901249
0.8992133
0.8965242
0.9023909
0.9041205
0.9078228
0.908477
0.9123799
0.9142665
0.923366
0.9133732
0.9201795
0.9189094
0.9128702
0.9009962
0.9016328
0.9002208
0.9084459
0.7154395
0.9056989
0.9056489
0.9126895
0.9078915
0.9083283
0.9177243
0.8812588
0.9272116
0.9351533
0.909241
0.9325573
0.9237837
0.9339302
0.9163373
0.9277646
0.908849
0.7828486
0.7780961
0.7798361
0.9088894
0.9117242
0.9197389
0.8848573
0.8837035
0.8802674
0.8862636
0.8988031
0.8798654
0.8817038
0.8831529
0.9204358
0.8780451
0.9208428
0.8762081
0.9148778
0.9227628
0.9162013
0.9267827
0.9253845
0.9034907
0.9118977
0.8824528
0.9157632
0.9106959
0.8774606
0.9122114
0.8939797
0.9075787
0.9017492
0.9142382
0.921892
0.8854669
0.9129484
0.8943525
0.903276
0.9268011
0.8963329
0.901765
0.9012989
0.8891232
0.8929847
0.8925213
0.8929284
0.8936672
0.9024177
0.777589
0.898687
0.9259428
0.8730313
0.9108886
0.9100787
0.9057423
0.8979724
0.8845122
0.9114222
0.902141
0.8859231
0.904809
0.9138873
0.8793476
0.9128072
0.9000621
0.8998626
0.8969701
0.9001948
0.9049813
0.9031545
0.908879
0.9092763
0.9144737
0.9276702
0.9152826
0.9245916
0.9217434
0.9139084
0.9011332
0.8993444
0.8994769
0.9089122
0.7141386
0.9062399
0.9049341
0.9106972
0.910995
0.9063382
0.9172643
0.8773908
0.9284389
0.9347819
0.9107316
0.9311474
0.921196
0.934106
0.9206724
0.9280022
0.9077991
0.7675665
0.7686159
0.7699213
0.9079887
0.9110757
0.9197679
0.884288
0.8781942
0.8793396
0.8842125
0.8965453
0.8740813
0.8741663
0.8808392
0.9188665
0.8761812
0.9215583
0.8746932
0.9169326
0.9226111
0.920353
0.9272784
0.9246437
0.9045886
0.9128372
0.8810512
0.9176914
0.9090259
0.8736576
0.9094583
0.8981225
0.9094954
0.9022675
0.91763
0.9175851
0.8752634
0.9124901
0.8918231
0.9011457
0.9263974
0.8896002
0.9021766
0.9013167
0.8941467
0.8967705
0.8958386
0.8952547
0.8970359
0.897075
0.7698902
0.8956939
0.9258753
0.8746964
0.9116712
0.9101982
0.9030897
0.8968639
0.8800266
0.9117784
0.9013672
0.8826303
0.9033468
0.9145184
0.8745969
0.9108003
0.9015234
0.9013881
0.8955511
0.9029384
0.9083917
0.9075806
0.9112954
0.914976
0.9162383
0.9258551
0.9146194
0.9238498
0.9234994
0.9162159
0.9055152
0.9024988
0.9027195
0.9101212
0.7281854
0.9112849
0.9049049
0.9099657
0.9045782
0.9078643
0.915434
0.8788216
0.9262391
0.9336803
0.9087346
0.9297163
0.9203408
0.93198
0.9176869
0.9273019
0.9091232
0.7773142
0.780296
0.7811995
0.9068584
0.9098413
0.9192198
0.885081
0.8819155
0.8791403
0.8848364
0.895909
0.8806718
0.8785667
0.8796437
0.9173283
0.8793569
0.9215797
0.873667
0.9165781
0.9230447
0.9169407
0.9215556
0.9286751
0.9035643
0.9119817
0.8838686
0.9143966
0.9058664
0.8768867
0.9149231
0.8981438
0.9063634
0.901629
0.9143242
0.9204685
0.8794587
0.9119411
0.8915694
0.9034713
0.9242642
0.8939517
0.9000715
0.9058664
0.8943746
0.8957208
0.8919036
0.8947597
0.8927675
0.8998426
0.7824035
0.8955988
0.9240826
0.8759317
0.9104275
0.9114808
0.9044829
0.8978833
0.8812352
0.9127849
0.9013037
0.8857755
0.8991154
0.9116537
0.8728016
0.9094022
0.89895
0.8923475
0.8950988
0.8986203
0.9025667
0.9010696
0.9089329
0.9097962
0.91201
0.9211943
0.9128929
0.9202593
0.9186812
0.9117482
0.9040133
0.8991597
0.8961635
0.9028886
0.7712611
0.9045221
0.8989561
0.9094744
0.9056381
0.9029832
0.9171271
0.8740157
0.9283383
0.9365877
0.9114097
0.9329226
0.9217413
0.9348476
0.9150255
0.9244793
0.9103343
0.7531753
0.7533025
0.7556949
0.9038344
0.9111269
0.9190911
0.8776008
0.8751135
0.8724308
0.882029
0.8973457
0.8666262
0.8741431
0.8769374
0.9151264
0.8714847
0.9166136
0.8687397
0.9101448
0.924842
0.9128812
0.9249311
0.9229323
0.9040266
0.9103229
0.8817734
0.9085128
0.9030403
0.8702344
0.9093542
0.8967728
0.9035284
0.9008583
0.9128768
0.9158353
0.8763618
0.9092089
0.8895048
0.8997196
0.9255412
0.8932003
0.9025044
0.9014095
0.8920717
0.8919134
0.8860279
0.8910025
0.8927128
0.8938797
0.7619947
0.8951466
0.919601
0.8682025
0.9088013
0.9073232
0.9022727
0.8916215
0.8752182
0.9107022
0.8964728
0.8772709
0.9013005
0.9097629
0.8705502
0.9063261
0.9010139
0.9048355
0.89916
0.9019636
0.9059944
0.9031799
0.9063507
0.9094871
0.912977
0.9207686
0.9122319
0.9234107
0.9228749
0.9153596
0.9035072
0.9048407
0.9047911
0.9043541
0.7492917
0.9074751
0.9035446
0.9066903
0.9051767
0.9041306
0.915448
0.8771604
0.9278039
0.9352773
0.9119567
0.9295862
0.9234784
0.9367913
0.9152902
0.9272067
0.9124969
0.7832574
0.7766224
0.7773773
0.90589
0.9115899
0.9207229
0.8774339
0.8705074
0.8726949
0.8786489
0.8978173
0.8714728
0.8779484
0.8783171
0.9137394
0.8715364
0.9209508
0.875969
0.9132443
0.9252014
0.9141135
0.9223999
0.9237424
0.8999193
0.9110247
0.8787834
0.9161704
0.9080287
0.876268
0.9093961
0.8979139
0.9055891
0.8994464
0.9123355
0.9207879
0.8765719
0.9091335
0.887932
0.8995344
0.9259013
0.8889839
0.9013788
0.9041237
0.8959042
0.8954519
0.8928752
0.8961307
0.8957487
0.8936985
0.7837565
0.8971708
0.9232685
0.8756013
0.9105186
0.9118045
0.9033512
0.8954192
0.8814479
0.9111698
0.8996455
0.8849584
0.901071
0.9101929
0.8752105
0.910154
0.9057655
0.9038836
0.9074807
0.9063998
0.9087131
0.9048773
0.9230493
0.846597
0.8537377
0.8996881
0.8590372
0.8728059
0.8966795
0.8924773
0.9047162
0.9065229
0.9021186
0.8812644
0.9088601
0.8830336
0.8972506
0.8879969
0.868337
0.8692955
0.8976024
0.9089036
0.8993791
0.9077228
0.8875622
0.9146279
0.902984
0.9148285
0.8915286
0.8862842
0.8776611
0.9107631
0.9131188
0.9096109
0.8596194
0.9100575
0.8669608
0.9119845
0.9080182
0.9133431
0.9124342
0.9140747
0.9112615
0.910479
0.9134053
0.8883184
0.9089636
0.8790482
0.9073141
0.8837026
0.8905104
0.8865515
0.8855163
0.9019081
0.9085362
0.8726189
0.9133986
0.9129165
0.8853441
0.9104393
0.8459994
0.9023999
0.8839131
0.90746
0.8853831
0.8934313
0.908142
0.8981498
0.9162769
0.8856843
0.8790473
0.9062264
0.8945749
0.906683
0.9025512
0.8996008
0.9012267
0.8973903
0.9034659
0.8989226
0.9099147
0.901429
0.8914519
0.907513
0.855583
0.860174
0.8950974
0.9054159
0.9116307
0.8482159
0.9060156
0.9117584
0.9131104
0.8859325
0.9123888
0.8570798
0.9059178
0.9032442
0.9017079
0.907134
0.9078661
0.900115
0.9234096
0.8444461
0.8477142
0.9005035
0.8590261
0.867946
0.8959213
0.8897379
0.9038434
0.9013677
0.8987037
0.8819763
0.9071827
0.884966
0.8975144
0.8894437
0.870889
0.8699978
0.8956489
0.9127603
0.8941358
0.9100512
0.8847888
0.9116198
0.8979111
0.9108395
0.8887853
0.8840528
0.8760815
0.910435
0.9091201
0.9074803
0.8565227
0.9082388
0.8680289
0.9098181
0.9090547
0.9082173
0.9075039
0.9154182
0.9126559
0.9085557
0.9115811
0.8899309
0.9050241
0.877113
0.9061864
0.8785582
0.886578
0.8872834
0.8822876
0.8997611
0.9064733
0.8682125
0.9107238
0.9119222
0.8769628
0.9094527
0.8442764
0.9020233
0.8809472
0.9039564
0.8834612
0.8935973
0.9059392
0.8985398
0.9191772
0.8875959
0.8820517
0.9068572
0.8965505
0.9107062
0.9022168
0.9010853
0.8955453
0.9001749
0.9020797
0.8955593
0.9100489
0.9027733
0.8906172
0.9059887
0.8589388
0.85899
0.8926119
0.9042425
0.9076622
0.8477595
0.9010078
0.9081984
0.9152536
0.8850566
0.9069031
0.855577
0.9112705
0.9110358
0.9056235
0.9123659
0.9084522
0.9068894
0.9245093
0.8421723
0.8399985
0.8972216
0.8453192
0.8658519
0.8964894
0.8832996
0.9061575
0.9089654
0.9063657
0.8822616
0.9172662
0.8884968
0.8988245
0.8901068
0.8743883
0.8723172
0.8959362
0.9176779
0.8870741
0.9032156
0.8752746
0.9094632
0.8891764
0.9062108
0.8730902
0.8647001
0.8677857
0.9131455
0.9150723
0.9128054
0.8559303
0.9067074
0.8569794
0.9164819
0.9131062
0.9147803
0.9148618
0.9208929
0.9115957
0.9112327
0.912468
0.889842
0.9112909
0.8693595
0.9131251
0.8806332
0.8786518
0.8861987
0.8785986
0.8985777
0.9092972
0.8670749
0.9156985
0.9126776
0.8836983
0.9105345
0.8410045
0.9044629
0.8803823
0.9079544
0.8888968
0.893188
0.910696
0.9013181
0.9230579
0.8928158
0.8650921
0.9088713
0.8953175
0.9108561
0.9038632
0.9051298
0.9023785
0.9044457
0.9047044
0.9035767
0.9130327
0.9042671
0.8931358
0.9139697
0.8575442
0.8488818
0.9005702
0.9066936
0.9145393
0.8453204
0.9083821
0.9157251
0.9187344
0.8833652
0.9147798
0.7690105
0.8520942
0.8376834
0.8473973
0.8425137
0.8426004
0.8441006
0.9174658
0.9049001
0.9061573
0.9241897
0.9060114
0.9114871
0.9190612
0.916507
0.6840462
0.8453639
0.8412359
0.9043444
0.90352
0.9003386
0.9128261
0.9124595
0.9015238
0.8950531
0.9163898
0.9057798
0.9203231
0.9224828
0.903454
0.9243945
0.9145363
0.9271585
0.9169488
0.9187935
0.9078415
0.9028358
0.9030575
0.9015333
0.9052896
0.9113012
0.9109791
0.917684
0.9143232
0.9115005
0.9177177
0.9113061
0.9162929
0.9144782
0.9083652
0.9145997
0.9097134
0.9150131
0.9129204
0.9045167
0.9175872
0.9102701
0.9174579
0.9225105
0.9121572
0.900662
0.9189701
0.9233808
0.9075852
0.9094399
0.9052017
0.8424624
0.9077353
0.904999
0.915159
0.9156903
0.9152295
0.9207614
0.920768
0.9048617
0.9191692
0.8963329
0.9068711
0.8656793
0.8382314
0.8438618
0.8414482
0.8380807
0.8426348
0.9154686
0.9001238
0.8291482
0.918154
0.9033594
0.9012581
0.9032408
0.9112483
0.8392172
0.9149719
0.9083116
0.8348634
0.9212097
0.9080086
0.9094763
0.9068255
0.9050685
0.9121833
0.9104217
0.907418
0.9131223
0.9177181
0.9133619
0.9088831
0.9149668
0.9196303
0.9168446
0.9192977
0.9262082
0.9179217
0.9151467
0.9155322
0.9131907
0.911221
0.9082938
0.8176528
0.9117469
0.8987401
0.9099258
0.907468
0.9083319
0.9186114
0.8780397
0.9286399
0.9401724
0.9176726
0.9335757
0.9293941
0.9394508
0.9213594
0.927087
0.9112464
0.8231401
0.8130167
0.8274405
0.9078392
0.9145624
0.9253841
0.875122
0.8680384
0.8727513
0.8755551
0.9023702
0.8648638
0.8711828
0.8862121
0.9145622
0.8698064
0.9230715
0.8647123
0.9149554
0.924149
0.9078676
0.9255474
0.9196199
0.9006163
0.9189419
0.8749954
0.9092389
0.9038737
0.8715627
0.914683
0.9068437
0.9027463
0.903745
0.9141625
0.9162259
0.8723444
0.9034042
0.8810646
0.9008957
0.9280329
0.8970334
0.903881
0.9083531
0.9051286
0.9048791
0.9009937
0.9032015
0.9062937
0.8901257
0.8246569
0.9062478
0.9191802
0.875986
0.919511
0.9157574
0.9015331
0.9040275
0.8727266
0.9127018
0.9086351
0.8749767
0.9111127
0.9103718
0.8673915
0.9167315
0.9117022
0.910685
0.9076488
0.9130327
0.9164612
0.9145113
0.9082336
0.9146825
0.9202169
0.9149309
0.9190087
0.9248569
0.9185089
0.9128219
0.9148967
0.9130621
0.9128447
0.9082497
0.8136054
0.9090585
0.8950264
0.9118372
0.9082393
0.913108
0.9225984
0.8726569
0.9274688
0.9426498
0.9211823
0.9368471
0.9284215
0.9386058
0.921524
0.9282112
0.9138849
0.82277
0.8224266
0.8281558
0.9111396
0.9140133
0.9251279
0.8790323
0.8739442
0.8767437
0.8757264
0.9013143
0.8668554
0.8707734
0.885667
0.912515
0.8744841
0.923647
0.8675655
0.9120941
0.9261754
0.9111529
0.9257409
0.9200486
0.9025029
0.9180038
0.8757089
0.9093865
0.906143
0.8720323
0.9145529
0.9040055
0.9012883
0.9027159
0.9127284
0.9159418
0.8752576
0.9037227
0.8832538
0.9004636
0.928223
0.8966393
0.902557
0.9059086
0.9060278
0.9058531
0.9013141
0.9077885
0.906448
0.888635
0.8221816
0.9071075
0.9184376
0.8692679
0.9212779
0.9163544
0.9018932
0.904421
0.8778085
0.9116079
0.9092924
0.8744789
0.9076889
0.9105957
0.8661302
0.916905
0.915954
0.9172203
0.9133385
0.9170456
0.9167163
0.9155576
0.9236663
0.8751442
0.8759941
0.9070573
0.8758347
0.8904938
0.9016456
0.9002115
0.9161679
0.9184057
0.9172662
0.8924064
0.9190884
0.9033473
0.8963851
0.9054773
0.8874095
0.8901796
0.908888
0.9148129
0.9110057
0.9207542
0.8938751
0.9175655
0.9117832
0.9204549
0.8983301
0.9030725
0.8921801
0.9233428
0.917895
0.9228943
0.8797468
0.9116405
0.8920251
0.9156357
0.9137186
0.9142918
0.912496
0.9192647
0.9131485
0.914071
0.9148375
0.8972347
0.9155874
0.8969605
0.9130404
0.9004924
0.8932274
0.9017619
0.8905898
0.9085391
0.9156418
0.8867109
0.9157426
0.916273
0.8955688
0.913374
0.87445
0.9134824
0.894922
0.9115492
0.8989139
0.9043092
0.9121182
0.9049169
0.9195152
0.8972613
0.8951471
0.912593
0.8994186
0.9194098
0.9144707
0.9159196
0.9121732
0.9149388
0.9098395
0.8981136
0.921048
0.9151276
0.9053271
0.9146801
0.8837317
0.8803974
0.9033883
0.9115542
0.9164918
0.8845975
0.9161814
0.9088945
0.9176387
0.8992917
0.9152159
0.8819971
0.9048608
0.9054298
0.9043373
0.9051608
0.904818
0.9038235
0.9184167
0.8748865
0.875621
0.9063176
0.8773376
0.8905533
0.8960345
0.8856294
0.9049841
0.9025561
0.9046873
0.8930331
0.906591
0.8935356
0.8980135
0.8976892
0.8827713
0.8869011
0.9033959
0.9164663
0.9022632
0.9118157
0.8789744
0.9174776
0.9002876
0.9143182
0.8927605
0.8918294
0.8430025
0.9077774
0.9052955
0.9073202
0.8722101
0.9068171
0.8835619
0.9128894
0.912541
0.9137063
0.9146871
0.9176611
0.9196384
0.9136851
0.9120657
0.8965212
0.9132662
0.8904217
0.9114148
0.8832949
0.8965091
0.897928
0.8926903
0.9048067
0.9043991
0.8806235
0.9141795
0.909469
0.893576
0.9080884
0.8741869
0.9043837
0.8888089
0.905884
0.8949257
0.8940336
0.9132117
0.9032051
0.9192863
0.8937941
0.8951613
0.9082724
0.8964273
0.9095486
0.8977354
0.9005199
0.8994998
0.8994125
0.8989233
0.9061334
0.9050072
0.9055492
0.8989106
0.9142594
0.8742047
0.8798569
0.902801
0.9034727
0.9148261
0.8730436
0.9043037
0.9163565
0.9159989
0.8924962
0.9107666
0.8716204
0.9164745
0.909062
0.9128762
0.9087478
0.9143627
0.9111258
0.9233287
0.8847832
0.8882946
0.9134148
0.8876522
0.8971789
0.9129207
0.8989429
0.9064615
0.9080285
0.9065913
0.8998544
0.9132671
0.9033758
0.9105751
0.9018649
0.8948211
0.8867154
0.9088863
0.919
0.9110216
0.9185794
0.893185
0.9175989
0.907077
0.9195849
0.906881
0.9041028
0.8933348
0.9142522
0.9133272
0.9161825
0.8894801
0.9180089
0.8985353
0.9218217
0.9194011
0.9203578
0.9252926
0.9184936
0.9191887
0.9201183
0.9186084
0.908826
0.9159928
0.9015722
0.9178618
0.8969358
0.9057748
0.9057276
0.9042762
0.9105804
0.915733
0.893767
0.9182117
0.9213223
0.9017202
0.9159382
0.8848566
0.910863
0.901571
0.9133538
0.9023287
0.9075415
0.9176747
0.9130635
0.9258463
0.8996519
0.9046897
0.9118419
0.9071333
0.9145645
0.9074205
0.9024916
0.9052044
0.9001461
0.9059408
0.9116018
0.9111238
0.9016043
0.9075258
0.9164214
0.888006
0.8888689
0.910999
0.9090396
0.9208936
0.8911438
0.9105723
0.9212265
0.9141401
0.9043088
0.9185811
0.8885819
0.9161375
0.9140235
0.9116204
0.9164771
0.9146419
0.9186605
0.9214345
0.8838442
0.8903889
0.8403081
0.8860728
0.8954265
0.8302453
0.9032202
0.9120147
0.9167076
0.9165434
0.7686226
0.9161028
0.8298694
0.8957459
0.8836652
0.8645263
0.8621724
0.8973997
0.9108203
0.9116696
0.9179151
0.8995421
0.9165261
0.9063958
0.9197404
0.9029993
0.9074256
0.8933954
0.9150709
0.9134919
0.9123792
0.8845335
0.9148921
0.8906703
0.9077787
0.9140822
0.9088938
0.9082937
0.9187362
0.9097574
0.9098017
0.9129307
0.7755158
0.9053156
0.8970322
0.9093039
0.8367967
0.9070142
0.7859126
0.8990848
0.8444412
0.912847
0.8958415
0.912153
0.9148336
0.8076509
0.9115764
0.8836765
0.9138376
0.8043563
0.9143276
0.8439162
0.8254154
0.9110813
0.8984145
0.9182711
0.8549405
0.9030812
0.9122051
0.9028398
0.9090273
0.9099366
0.912724
0.907457
0.9102519
0.9099354
0.8930336
0.9159196
0.9092775
0.8303192
0.9102898
0.8859087
0.8885739
0.8977589
0.9115867
0.9179751
0.8876186
0.9154885
0.9108893
0.9191119
0.8100376
0.9096504
0.8903173
0.912904
0.9091885
0.9058198
0.9111634
0.9132668
0.9124523
0.911467
0.8849816
0.8857008
0.8815723
0.889261
0.9001008
0.8814772
0.8946021
0.910133
0.9128961
0.912483
0.8638557
0.9065274
0.8721966
0.8806542
0.8701227
0.845963
0.8535638
0.8834722
0.9005053
0.9187731
0.9247092
0.90339
0.9221004
0.9108791
0.9281032
0.9039375
0.9082162
0.8968066
0.9111552
0.9081368
0.9087266
0.8778954
0.9120867
0.8969481
0.9010675
0.8937853
0.8955871
0.9010291
0.9064039
0.8930815
0.8974266
0.9122719
0.8698436
0.8970334
0.897905
0.8962093
0.8722613
0.9053953
0.8683744
0.8981703
0.8859955
0.905189
0.8955094
0.9030013
0.9035819
0.8635368
0.90038
0.8842013
0.9079955
0.8586468
0.9022619
0.8733253
0.8802129
0.899632
0.8832216
0.9016226
0.8693542
0.9033549
0.8992308
0.8969408
0.9047534
0.9015568
0.904733
0.8997377
0.9013937
0.9057159
0.872621
0.911433
0.9026711
0.8874606
0.8954301
0.8906636
0.8884689
0.8807016
0.9042339
0.9078838
0.8835994
0.9109895
0.9003098
0.9133438
0.8632345
0.8996855
0.8853844
0.9008848
0.9038759
0.8981187
0.9009271
0.8983335
0.8960761
0.917179
0.8495279
0.8509401
0.8987189
0.8605606
0.8778357
0.8959341
0.8911191
0.8948691
0.8950192
0.894576
0.8871812
0.9004278
0.8856497
0.8953187
0.8903952
0.8782955
0.8717177
0.8964291
0.903991
0.8955377
0.9075778
0.8800118
0.9097889
0.8961123
0.9077718
0.8800219
0.8844411
0.8777543
0.9046601
0.8991859
0.8992101
0.8544848
0.9063099
0.8674013
0.91099
0.9084718
0.9065845
0.9105471
0.9098524
0.9095011
0.9065984
0.9121298
0.8909301
0.9046417
0.8793248
0.9082605
0.8813566
0.8884289
0.8911582
0.8842725
0.8975807
0.905016
0.8673337
0.9119296
0.912732
0.8855884
0.9066882
0.8488372
0.8945415
0.880614
0.8996713
0.8872826
0.8966866
0.9085089
0.8967348
0.9180457
0.8882245
0.879406
0.901516
0.8869622
0.9081499
0.8943866
0.8966038
0.8900725
0.8954111
0.8938663
0.8975504
0.9048223
0.8935227
0.893257
0.9020392
0.8580019
0.8615379
0.8922725
0.8968555
0.9091562
0.8525858
0.8986047
0.912337
0.9078827
0.884237
0.9030754
0.8656788
0.9142989
0.9095997
0.913016
0.9134467
0.9164493
0.9139331
0.9252423
0.8900926
0.8928431
0.7876004
0.8865294
0.9001914
0.8494924
0.8982862
0.9075952
0.911298
0.914335
0.8141522
0.9168766
0.782747
0.9001801
0.8838875
0.8629103
0.8646641
0.8989334
0.9122291
0.9164789
0.9182494
0.9006948
0.9189421
0.9050794
0.9185122
0.909145
0.9080291
0.8962848
0.9197001
0.9199536
0.917037
0.8874372
0.9192495
0.8950885
0.9115975
0.9114379
0.9092743
0.9143658
0.9177188
0.9138288
0.9121765
0.9170871
0.8158175
0.9090844
0.8942798
0.9136734
0.8387904
0.90716
0.8300391
0.8999509
0.8004875
0.9156368
0.8984555
0.9150491
0.9149925
0.7381117
0.9170175
0.8899653
0.9149572
0.7583467
0.9170257
0.8497786
0.8491478
0.911713
0.9069553
0.9208633
0.8520633
0.9025841
0.9072536
0.9022292
0.9166147
0.9102276
0.9115993
0.9094416
0.9119196
0.9130969
0.8996832
0.918027
0.9083783
0.8502045
0.9105443
0.8901484
0.8875081
0.9038638
0.9064241
0.9167955
0.8848724
0.9117171
0.9136122
0.9222526
0.7592415
0.9121583
0.8880183
0.9131694
0.9125296
0.9147325
0.9118624
0.9101891
0.910567
0.9329443
0.878087
0.8777976
0.904412
0.8790331
0.8834814
0.8999078
0.8929379
0.9106137
0.9057989
0.9064956
0.8953551
0.9160016
0.8953493
0.9074159
0.8987916
0.8885576
0.8840799
0.903359
0.9236175
0.9007642
0.9064461
0.8993959
0.9147778
0.9078369
0.9138128
0.8936528
0.8951647
0.8897689
0.9168179
0.9136488
0.9124924
0.8769354
0.9107882
0.8794769
0.9277292
0.9242012
0.9251521
0.9259272
0.9243142
0.9240421
0.9237007
0.9197559
0.9002097
0.9235985
0.8938793
0.9220518
0.8897323
0.8957275
0.9017384
0.890738
0.9055441
0.9165724
0.8834198
0.9221445
0.9156765
0.8957811
0.9147323
0.8774685
0.9093502
0.8975473
0.9151887
0.8926641
0.896034
0.9214276
0.9098951
0.9286798
0.9058748
0.8889248
0.9238898
0.8954469
0.9199109
0.9081817
0.9101931
0.9109009
0.9107402
0.9102296
0.9144892
0.9129923
0.9098404
0.9013485
0.9209434
0.8792445
0.8825683
0.9035031
0.9108476
0.9219653
0.8692714
0.9111907
0.9249346
0.919452
0.8960839
0.919849
0.8798852
0.8435756
0.8293002
0.8350302
0.8394817
0.842079
0.8282772
0.9086665
0.9084848
0.9055859
0.9242398
0.9052404
0.9155978
0.9132729
0.9134477
0.8245935
0.8285858
0.830266
0.9055344
0.8983625
0.9020401
0.905978
0.9079406
0.8992298
0.8944268
0.9120693
0.8991194
0.919871
0.9257531
0.905246
0.9291322
0.9166726
0.9309249
0.9139712
0.9211833
0.9044281
0.8932367
0.8950647
0.8936616
0.9006328
0.9085897
0.909965
0.9096423
0.9012734
0.9048357
0.9071369
0.9018744
0.9061412
0.9093505
0.9029413
0.9147276
0.902764
0.9134093
0.9027047
0.9056671
0.9217495
0.9097983
0.9176719
0.9216514
0.9039588
0.900141
0.9105233
0.9167373
0.9044282
0.905805
0.9084328
0.8408769
0.8983629
0.9015951
0.9090585
0.9168584
0.9107335
0.9147117
0.9137738
0.8907841
0.9199633
0.8847838
0.9047449
0.8531414
0.8125244
0.8235905
0.8245337
0.8186059
0.8238165
0.9090115
0.8930778
0.7947617
0.9169556
0.8969704
0.9022068
0.8994835
0.9022002
0.8126683
0.907774
0.9052757
0.804681
0.9105343
0.901225
0.904649
0.8990964
0.9044128
0.8522084
0.8390935
0.8381183
0.8450435
0.8489904
0.8421114
0.9033884
0.9026363
0.9030342
0.9179975
0.9009579
0.9158451
0.911908
0.9107317
0.8378954
0.8446167
0.8433166
0.8989506
0.8882772
0.8949599
0.9012837
0.9025708
0.898772
0.8910472
0.9134986
0.8954234
0.921837
0.9274296
0.903778
0.9267599
0.9150375
0.9272914
0.9173898
0.9198215
0.9027906
0.8907389
0.8905455
0.8899093
0.8984635
0.9068432
0.9078873
0.9037938
0.8930822
0.8943436
0.9002464
0.8939799
0.8988912
0.9012381
0.8967104
0.9089787
0.8927064
0.909856
0.8945846
0.9005771
0.9184348
0.9090363
0.9201068
0.9190647
0.9003722
0.9039803
0.9027628
0.9126047
0.8976834
0.8995688
0.9025858
0.8396663
0.8965641
0.8956082
0.9021049
0.9127915
0.8950679
0.9092402
0.9064976
0.890008
0.9220019
0.8798722
0.8969072
0.8364591
0.6932088
0.7732773
0.7752461
0.7677569
0.7584883
0.8947157
0.8905812
0.8142393
0.9155546
0.8916251
0.9003428
0.9033693
0.8989541
0.8259709
0.9012536
0.9024877
0.8241312
0.9033433
0.8977173
0.8999501
0.8932039
0.8996361
0.9072964
0.9096191
0.9048417
0.9052774
0.9074028
0.9067296
0.9225327
0.8374793
0.8386175
0.9047485
0.843872
0.8744113
0.8967023
0.8778132
0.9074067
0.9038756
0.9066001
0.8843459
0.9119314
0.8895378
0.8913098
0.8927161
0.8752133
0.870635
0.9003274
0.9102852
0.8960666
0.9103624
0.8756557
0.9110609
0.8920899
0.9080396
0.8800202
0.8796086
0.8736976
0.9130838
0.9107213
0.9095946
0.8503864
0.912409
0.8664269
0.9072642
0.9021319
0.9051241
0.9078626
0.9172812
0.9053017
0.904062
0.9080427
0.8905596
0.9065735
0.8773404
0.9040375
0.8860212
0.885612
0.8887532
0.879301
0.9035389
0.9090784
0.8664828
0.9094869
0.9140221
0.8835654
0.9035326
0.8362566
0.9021034
0.8825197
0.9066409
0.8877397
0.8924462
0.9075356
0.8982612
0.9152573
0.8877893
0.8749319
0.910885
0.8963521
0.9119728
0.8969552
0.9029549
0.899045
0.9020972
0.9028645
0.8961181
0.9120785
0.9070305
0.8993148
0.9079145
0.8510432
0.8510591
0.895547
0.9043624
0.9058336
0.8574552
0.9043001
0.9100021
0.9182591
0.8848848
0.9024434
0.8346855
0.8965189
0.894192
0.8913416
0.89618
0.9006369
0.8946733
0.9060855
0.9075937
0.9102066
0.9218494
0.906905
0.9182834
0.9145369
0.9123791
0.8984173
0.895511
0.893011
0.9011005
0.8696684
0.9015466
0.8987082
0.9096511
0.9007962
0.9013585
0.9146501
0.8318502
0.9281643
0.9364096
0.9118998
0.9306862
0.9183536
0.936898
0.916808
0.918276
0.9069801
0.8656761
0.8615506
0.8628449
0.9051606
0.9136103
0.9181123
0.8665428
0.8605524
0.8607367
0.8472158
0.8980782
0.8556172
0.845299
0.8651089
0.9121425
0.8576836
0.9183508
0.8278571
0.9104387
0.9223342
0.9110447
0.9203515
0.9207306
0.9008212
0.9091364
0.8618468
0.9110103
0.9046799
0.859281
0.9072682
0.8925713
0.896633
0.8984175
0.9110037
0.91616
0.8464366
0.9063945
0.8757992
0.890707
0.9214685
0.89229
0.8977301
0.8986811
0.8906955
0.8860239
0.8854163
0.8855585
0.8852002
0.892894
0.8665765
0.889567
0.9188551
0.8329267
0.9066734
0.9073471
0.8974108
0.8915755
0.8652384
0.9053293
0.8959029
0.8506221
0.9026624
0.9058415
0.8381818
0.9065464
0.9108341
0.9082265
0.908921
0.9115875
0.9118531
0.9087786
0.9249687
0.8659342
0.8642471
0.8907436
0.874315
0.881232
0.8839257
0.8944495
0.9067154
0.9119559
0.908506
0.8776828
0.9155339
0.8854485
0.895442
0.8894558
0.8627551
0.8690342
0.8946336
0.9116585
0.9022941
0.9145193
0.8939394
0.9137
0.9048223
0.9114666
0.8922334
0.8874769
0.8888494
0.9174538
0.9121275
0.9126327
0.8671536
0.9095754
0.8732665
0.9191356
0.9165832
0.91843
0.9179389
0.9190454
0.9149179
0.9155163
0.9159433
0.8818283
0.916551
0.8862574
0.9105711
0.86664
0.8938347
0.8754646
0.8884404
0.8918149
0.9131635
0.8812912
0.9163145
0.9152977
0.8769364
0.9094503
0.8659734
0.9077429
0.8728709
0.9137146
0.8772043
0.886559
0.913665
0.8983741
0.9207865
0.890786
0.8935702
0.9108652
0.8960494
0.9123996
0.9037735
0.9070297
0.9065004
0.9051268
0.9081233
0.905605
0.914856
0.9051056
0.8853553
0.9100884
0.8720407
0.8719158
0.8999894
0.9044292
0.9148555
0.8626927
0.9066893
0.9154999
0.9181851
0.8763185
0.9159816
0.8788698
0.9087805
0.909036
0.9072878
0.9072857
0.9081
0.9127939
0.9223333
0.8541574
0.8531581
0.9055038
0.8577434
0.8780879
0.902058
0.8985492
0.9065377
0.9069842
0.90702
0.8886203
0.9095825
0.8892384
0.895306
0.8991486
0.8831652
0.8798579
0.9028788
0.9154879
0.9013863
0.9102483
0.8910173
0.9161208
0.8999249
0.9099372
0.8870358
0.8891362
0.8870863
0.9127807
0.9086545
0.9104911
0.8653761
0.9106183
0.8667182
0.9157047
0.916233
0.9133978
0.9131433
0.9215444
0.9135731
0.9161244
0.9151654
0.8986886
0.913387
0.8740576
0.9138446
0.8836123
0.892025
0.8956939
0.8853229
0.9042904
0.9123454
0.8787614
0.9106938
0.9152489
0.8862362
0.9101568
0.853304
0.9073418
0.8857309
0.9122692
0.8889169
0.8982392
0.9106687
0.9032954
0.9204088
0.8957835
0.8818376
0.9097823
0.8946599
0.9131609
0.8996027
0.9001211
0.9006244
0.8981335
0.9032754
0.9043054
0.9119668
0.9063582
0.9015526
0.9125595
0.8672928
0.8680862
0.9010419
0.9056335
0.9155335
0.8563672
0.9076035
0.9187351
0.9189811
0.886265
0.9073326
0.864836
0.9093529
0.9064075
0.9006191
0.906017
0.9116814
0.9076278
0.9100459
0.9116008
0.9141766
0.9159535
0.9110439
0.9225389
0.9172535
0.9129753
0.9117142
0.9093407
0.9103976
0.9028755
0.8734778
0.9066505
0.8903077
0.9095394
0.9052205
0.9071722
0.9149998
0.8597084
0.9344836
0.9413909
0.9174954
0.9331098
0.9247221
0.9390825
0.9147145
0.9258808
0.9086986
0.8765519
0.8764656
0.8748702
0.9035411
0.9090684
0.9214915
0.8550863
0.8527855
0.854906
0.8498896
0.9076095
0.8423019
0.8463144
0.8650996
0.9138205
0.8541396
0.9246119
0.8544175
0.9106314
0.9208463
0.9175552
0.9188322
0.9206035
0.9005239
0.9167373
0.8617265
0.9049864
0.9046702
0.5675765
0.9118576
0.9005774
0.9025669
0.9020427
0.9098439
0.9142595
0.8512443
0.8990557
0.8635612
0.8960883
0.9265997
0.8977965
0.8970478
0.9061515
0.8997954
0.901844
0.8991256
0.9036106
0.9070441
0.8894855
0.8778041
0.9036646
0.9182048
0.8597508
0.9145871
0.9101175
0.8930922
0.8994361
0.8580802
0.9122676
0.906175
0.850689
0.9038658
0.9106003
0.8567912
0.9106775
0.906486
0.9050857
0.9007848
0.9049711
0.9107156
0.9074754
0.9122144
0.9103735
0.9143797
0.917629
0.9105891
0.9212249
0.9188943
0.9104029
0.912036
0.9091169
0.9095107
0.9029619
0.8729298
0.9063862
0.8897513
0.9111995
0.90285
0.9056282
0.9125189
0.8588032
0.9320689
0.9403617
0.9145768
0.9332717
0.9249623
0.9388471
0.9128869
0.9271652
0.9061148
0.8759273
0.8742169
0.8739926
0.9026847
0.9108471
0.9195693
0.8535078
0.8510148
0.8521305
0.8489617
0.90774
0.8384877
0.8432313
0.865861
0.9127964
0.8514155
0.9244005
0.8543682
0.9096362
0.9197292
0.9153529
0.9166142
0.9199042
0.8994929
0.9162511
0.8633845
0.9046454
0.9053427
0.5649656
0.9106312
0.9007435
0.9042275
0.8995604
0.9091972
0.9154935
0.8512372
0.895144
0.8630446
0.8947694
0.9240635
0.8959782
0.8946069
0.9049966
0.9002368
0.9006358
0.899527
0.9033437
0.9044684
0.8872793
0.8774724
0.9033973
0.9177611
0.8596174
0.9122875
0.9097015
0.8920954
0.9002728
0.8557147
0.9085212
0.9059489
0.8480569
0.9043148
0.9091394
0.8550076
0.9071978
0.9088188
0.9064221
0.9016193
0.9054455
0.911387
0.9087371
0.9101033
0.9116958
0.9142342
0.9154427
0.9119519
0.9227902
0.9167427
0.9134481
0.9119657
0.9095128
0.9107264
0.9032016
0.8755736
0.9079525
0.8901924
0.9103626
0.9056235
0.9070321
0.9145732
0.861278
0.9350566
0.9418941
0.9180933
0.9334679
0.9247097
0.9388985
0.9151927
0.926131
0.9094478
0.8765482
0.8770022
0.8744476
0.9030038
0.9092001
0.9204909
0.8561148
0.8539541
0.8559838
0.8500438
0.9086721
0.8434793
0.8474731
0.8658108
0.9139542
0.8540776
0.9239985
0.8553478
0.9109188
0.9210948
0.9175381
0.9186274
0.9209257
0.9013027
0.915953
0.8620121
0.9052329
0.9038228
0.5636784
0.9117981
0.9006283
0.9023821
0.9016719
0.909706
0.9156546
0.8532488
0.8996635
0.8639765
0.8972991
0.9266634
0.8972389
0.8979621
0.9059332
0.8993318
0.9017382
0.8993726
0.9035056
0.9058461
0.8887539
0.8786735
0.9039138
0.9186818
0.8612804
0.9155283
0.9109857
0.8940194
0.9
0.8579791
0.9130574
0.9061504
0.8502755
0.9042398
0.91054
0.8570779
0.91054
0.910156
0.9115183
0.904825
0.9098843
0.9119299
0.9101518
0.9135297
0.9133864
0.9139569
0.9199903
0.910557
0.9202236
0.9176746
0.9109794
0.9138226
0.9098256
0.9111531
0.9063378
0.8785404
0.910363
0.891
0.9107839
0.9073399
0.9052956
0.9137849
0.8643359
0.9337721
0.9399843
0.9172311
0.9321391
0.9226021
0.9337613
0.9133481
0.9250113
0.9108339
0.8783749
0.8771263
0.8762437
0.9060728
0.9102397
0.9225463
0.8569477
0.8544057
0.8559921
0.8559767
0.9067472
0.8481197
0.8535768
0.8707711
0.9143279
0.8554419
0.9224273
0.8541964
0.9114569
0.9217452
0.9172552
0.9201127
0.919817
0.8984454
0.9158252
0.8667114
0.9072551
0.9076541
0.6588514
0.9133725
0.9043225
0.9055397
0.9000104
0.9119763
0.9157946
0.8544204
0.8976603
0.8671954
0.9038413
0.9237049
0.9018226
0.8999111
0.9046658
0.905205
0.903204
0.9017558
0.9055964
0.9074959
0.8923471
0.8790004
0.9046358
0.9194948
0.8669728
0.9140979
0.9115242
0.8969239
0.9021494
0.861647
0.909036
0.9069028
0.8582185
0.9068854
0.9102696
0.8577309
0.9100379
0.9088688
0.9065584
0.90421
0.9071015
0.9080316
0.9029144
0.9160233
0.8539602
0.852619
0.9013801
0.8651465
0.8826672
0.891071
0.8904338
0.9052145
0.9066824
0.9099144
0.8850928
0.9071893
0.8900531
0.8962656
0.8921254
0.877946
0.8779593
0.8987889
0.9046094
0.903808
0.9123879
0.8824347
0.9131915
0.9031522
0.9150531
0.885201
0.8920119
0.8798871
0.9104526
0.9065887
0.904695
0.86017
0.9079411
0.869104
0.9071074
0.9051252
0.9083467
0.9044314
0.9102841
0.9075591
0.9036214
0.910784
0.8940099
0.9038678
0.8796608
0.9046594
0.8866895
0.8900565
0.8898244
0.8861739
0.9030297
0.90731
0.8654095
0.9107034
0.9082646
0.8784192
0.9042313
0.8535768
0.9015386
0.8766396
0.9015551
0.8856019
0.8912958
0.90246
0.8980793
0.9098199
0.8863968
0.8893683
0.8969295
0.8958526
0.9054904
0.8955422
0.8970284
0.8970146
0.8951308
0.8957051
0.8920511
0.9099089
0.8992958
0.8933071
0.9068178
0.8640863
0.8282451
0.8903669
0.8979921
0.9078265
0.8615903
0.9024495
0.9041501
0.9108513
0.8838153
0.9089173
0.860188