0.9178261
0.9148855
0.9240737
0.9237624
0.9276749
0.9290719
0.9297732
0.9216997
0.909685
0.9401876
0.924653
0.9218904
0.9138089
0.9142491
0.9143103
0.8931446
0.9257331
0.902264
0.8969132
0.8998884
0.9082249
0.9041679
0.9007831
0.9020691
0.8991343
0.9010977
0.9027509
0.9017876
0.9032593
0.9003495
0.9017621
0.9051965
0.9044075
0.9008306
0.9015875
0.8991439
0.9016158
0.9040223
0.8990578
0.9015336
0.9005654
0.8993088
0.9029329
0.9013563
0.9079055
0.8904069
0.9089198
0.9011741
0.900735
0.9028286
0.9007961
0.9001904
0.9024881
0.9029422
0.9012708
0.912529
0.8998493
0.9051037
0.9093692
0.9219119
0.8936155
0.8946226
0.9134366
0.9035038
0.9038572
0.9042302
0.9279314
0.9337512
0.9109237
0.8988208
0.9091565
0.921184
0.9219365
0.9214048
0.9143338
0.9095065
0.9284391
0.9143446
0.9121702
0.890369
0.8902289
0.9006058
0.9019565
0.9054744
0.9014368
0.9079785
0.9159848
0.9084642
0.9100976
0.9026149
0.9096353
0.9091877
0.90933
0.9191204
0.9158645
0.9043376
0.937246
0.9376486
0.9102769
0.9059394
0.9154098
0.909126
0.9194995
0.9212344
0.9224216
0.9195801
0.9309272
0.9230769
0.9088344
0.9350139
0.9204092
0.9201655
0.9034937
0.9136963
0.9087249
0.9021882
0.9195577
0.9031421
0.8991734
0.9011958
0.9097039
0.9076389
0.9017748
0.9053112
0.9021387
0.9037085
0.9041027
0.9034942
0.9043372
0.9007457
0.904449
0.9017825
0.8980556
0.9006723
0.9028198
0.9012412
0.8985995
0.9016689
0.8998844
0.8996356
0.8987709
0.9042576
0.9019073
0.9057834
0.8988042
0.8975359
0.8991354
0.897665
0.8978614
0.8959082
0.8981236
0.8964018
0.8981969
0.8968268
0.8981863
0.9022459
0.903009
0.8912589
0.9078891
0.9159161
0.8948166
0.8872302
0.9134998
0.9048166
0.9042672
0.9055079
0.9198531
0.928394
0.9092863
0.9002374
0.9074182
0.9174118
0.9164951
0.919471
0.9137505
0.9078261
0.9179758
0.9056177
0.9001751
0.8802216
0.8951476
0.8917558
0.8938811
0.8983298
0.8965405
0.9080932
0.9194081
0.9092045
0.9101059
0.9027432
0.9099928
0.909775
0.9084766
0.9137101
0.9231255
0.9004801
0.9292714
0.9283268
0.9061828
0.9084857
0.9213929
0.920203
0.9226962
0.9210453
0.9266596
0.9213148
0.9320863
0.923138
0.9108876
0.9375043
0.9223019
0.926133
0.9136929
0.9160554
0.9183897
0.9093101
0.9239104
0.9121406
0.9094931
0.9076023
0.9128622
0.9118325
0.9084369
0.9080681
0.9117626
0.9082337
0.9117574
0.9127936
0.9120287
0.9127667
0.9083769
0.9096118
0.9103273
0.9077126
0.9082225
0.9091556
0.9078206
0.9072775
0.9079805
0.9094332
0.9088638
0.9102975
0.9054204
0.9141111
0.9087245
0.9064063
0.9041071
0.9095061
0.9092694
0.911157
0.9089384
0.9088612
0.9089287
0.9113047
0.9101144
0.903595
0.9055932
0.9033003
0.9127755
0.915337
0.8972076
0.8921735
0.9149167
0.9114844
0.9116093
0.9120965
0.9242001
0.9290526
0.9170952
0.90593
0.9131526
0.9204938
0.9218087
0.9230661
0.9153574
0.9103281
0.9171573
0.9105062
0.9101815
0.8904892
0.904055
0.89639
0.9047825
0.9029262
0.9094728
0.9093037
0.9234794
0.9121765
0.9128376
0.9066648
0.9122732
0.9126625
0.9092974
0.9181917
0.9241612
0.9087577
0.9300329
0.9304694
0.9094299
0.9151242
0.9163011
0.9147654
0.9164705
0.9196589
0.9194425
0.9171242
0.9280462
0.9174029
0.9049674
0.9326454
0.9206568
0.9133183
0.9068319
0.9084847
0.9163267
0.8914754
0.9211029
0.8398027
0.8292711
0.8376979
0.8435341
0.8379205
0.8319732
0.8359405
0.8380362
0.8379495
0.8368816
0.8390862
0.8384086
0.8286698
0.8354779
0.8359045
0.8300294
0.8341538
0.8364732
0.8292184
0.8343773
0.8317818
0.8291874
0.8318411
0.828567
0.8319464
0.8992363
0.9100783
0.8977965
0.8479426
0.8971286
0.8904903
0.8900385
0.8878614
0.8890031
0.8897992
0.8898548
0.8885141
0.8912675
0.9014453
0.8945551
0.8953685
0.9041625
0.9115263
0.8894021
0.882663
0.9119958
0.8994318
0.8985896
0.8999638
0.9176074
0.9240582
0.9132624
0.895563
0.8469254
0.9136599
0.9149551
0.9173566
0.9116281
0.9009437
0.9200611
0.9062467
0.9016223
0.8783296
0.8954007
0.889956
0.8576687
0.868866
0.8924071
0.9035871
0.9205378
0.9053831
0.9071954
0.897558
0.9031966
0.9010676
0.903815
0.9184809
0.9152134
0.8985959
0.9280434
0.9294971
0.8422897
0.9010434
0.9131111
0.8773628
0.9189942
0.920757
0.9222416
0.9263733
0.9185655
0.9235671
0.9133885
0.9342897
0.921578
0.9173747
0.9116633
0.9106398
0.8792734
0.9026226
0.9159675
0.9145772
0.9148759
0.9137167
0.9186944
0.9168532
0.9155295
0.9145701
0.912064
0.9136387
0.9143894
0.9140484
0.9151038
0.9151538
0.916055
0.9209106
0.9104753
0.9134096
0.914351
0.916819
0.9130585
0.9175854
0.9136225
0.9146447
0.9132864
0.9136534
0.9093332
0.9235478
0.9215653
0.9138712
0.9195446
0.9091796
0.9085298
0.9077196
0.9090434
0.9067646
0.9082732
0.9070286
0.9085875
0.9264988
0.9085484
0.9206404
0.9119236
0.9143529
0.9135191
0.9137423
0.9169136
0.9201222
0.9188027
0.9176746
0.919043
0.9311197
0.8939194
0.9104927
0.9183069
0.9213571
0.9167871
0.9141944
0.916496
0.9128956
0.9229268
0.9193248
0.9212272
0.9103524
0.9084488
0.91716
0.9138454
0.9209926
0.9102845
0.9232347
0.9069355
0.9212545
0.922777
0.9187625
0.9216812
0.9204631
0.9224607
0.8845205
0.9252632
0.9183371
0.9263444
0.9262958
0.9222306
0.907045
0.8943488
0.9145718
0.8807391
0.884441
0.9050497
0.8801475
0.8988612
0.8908496
0.8905217
0.9102858
0.8882488
0.8979854
0.8838889
0.888178
0.9112753
0.9072017
0.8808124
0.9108468
0.9040804
0.9064693
0.9104483
0.9097417
0.9060491
0.9063903
0.9096296
0.9078756
0.9071988
0.9091373
0.9077557
0.9058643
0.9059926
0.907575
0.9075424
0.9050216
0.9067465
0.9069479
0.9020025
0.9069759
0.903338
0.9037232
0.9054807
0.9086367
0.902165
0.9199142
0.9075107
0.9047778
0.9040901
0.8943529
0.8939804
0.8955064
0.8957625
0.8975123
0.8943258
0.8959117
0.8937565
0.9067775
0.8892507
0.9005441
0.8870166
0.8826974
0.9038874
0.8965733
0.898214
0.8896985
0.8880359
0.8876763
0.8837209
0.8851361
0.9124273
0.8883221
0.9134679
0.8868244
0.8832038
0.8886984
0.8984074
0.8814612
0.8867253
0.9111819
0.9074736
0.8987422
0.9071026
0.8984845
0.9007696
0.9079908
0.8954166
0.8894145
0.9134078
0.8901849
0.8900624
0.8877828
0.8894495
0.8909131
0.8905471
0.9159638
0.9185193
0.8869614
0.8928152
0.8926409
0.908704
0.9013037
0.9108196
0.9041787
0.9166815
0.9181857
0.9222238
0.9194158
0.9294225
0.9213405
0.9059599
0.9335404
0.9241188
0.9083688
0.9088641
0.9101317
0.9095388
0.8863552
0.9211464
0.8634513
0.8588673
0.8584626
0.8634317
0.8627495
0.8559558
0.8639501
0.8597194
0.8666468
0.8610955
0.8614895
0.8612462
0.8582499
0.8608787
0.8655503
0.8563557
0.8592659
0.8586924
0.8578774
0.8579635
0.8650492
0.860533
0.8625322
0.859692
0.8597682
0.8971726
0.9169225
0.9039376
0.851788
0.9007342
0.8932949
0.8929679
0.8916524
0.8918998
0.8936062
0.892461
0.8923783
0.8934321
0.9071259
0.8937938
0.9030746
0.905554
0.9098822
0.8929101
0.8949244
0.9162331
0.8997763
0.9012012
0.898676
0.9231501
0.9291361
0.9101124
0.897792
0.8650698
0.9144916
0.9203142
0.9169854
0.9156096
0.8986543
0.9206046
0.910686
0.9057852
0.8877646
0.8973119
0.8938404
0.8652458
0.8729
0.8972732
0.9039566
0.9138411
0.9033497
0.904849
0.9035502
0.9004374
0.8995858
0.9042232
0.9131707
0.913199
0.9014074
0.9285914
0.9284316
0.8685646
0.9008666
0.8711052
0.9089927
0.8424781
0.8503765
0.8905719
0.8650808
0.8710186
0.867344
0.8735132
0.9010687
0.8439187
0.871492
0.8591388
0.8661729
0.9075798
0.9042838
0.8477042
0.9118064
0.9069767
0.9118858
0.9130665
0.9115376
0.9085702
0.9113767
0.9113906
0.9120408
0.9106516
0.9084342
0.9104976
0.9114257
0.9108686
0.9120641
0.9094089
0.9080804
0.9076561
0.9077739
0.9065141
0.9102428
0.9093945
0.9077825
0.9082575
0.9070099
0.8933697
0.9199218
0.913308
0.9124487
0.9107951
0.8942269
0.8938632
0.8940777
0.8946855
0.8927373
0.8938408
0.8948336
0.8947292
0.9052647
0.8789194
0.8999133
0.8710306
0.8586678
0.9057948
0.8994865
0.8887816
0.8775644
0.8802362
0.8786894
0.8596108
0.8652722
0.9061678
0.8809896
0.9118396
0.8634413
0.8662244
0.8581308
0.8890361
0.8693774
0.8574508
0.9096824
0.9045365
0.9054672
0.90796
0.9061915
0.9035012
0.9094581
0.8937913
0.8866744
0.9034771
0.8891574
0.8890372
0.8844965
0.8884338
0.8908292
0.8866573
0.9082927
0.9134328
0.8812917
0.8560811
0.856027
0.9093296
0.8920104
0.8781887
0.9050037
0.853294
0.8607483
0.8917159
0.8703428
0.8811446
0.8811036
0.8847786
0.9078693
0.8580643
0.8737128
0.8592831
0.8694656
0.9041584
0.9027552
0.8525641
0.9129509
0.906763
0.9092755
0.9137067
0.9096687
0.9080869
0.9108988
0.9073079
0.9131836
0.9083502
0.9103581
0.9081168
0.9098203
0.9112017
0.9090683
0.9092761
0.9061518
0.9074437
0.9081066
0.9060268
0.9077443
0.9103088
0.9072209
0.9049955
0.9083164
0.8926793
0.9216493
0.9123005
0.9102759
0.9055496
0.8867842
0.8862932
0.8872533
0.8844483
0.8845272
0.886923
0.8868494
0.8878238
0.9007159
0.8761661
0.901438
0.8775831
0.8662821
0.900353
0.8941742
0.8902151
0.8812775
0.8811304
0.8802804
0.8651756
0.8727612
0.9042261
0.8770662
0.9098691
0.870471
0.8669173
0.8678909
0.8911861
0.8708653
0.8656524
0.9076783
0.9042835
0.8956554
0.9026094
0.9020579
0.9068296
0.9079574
0.8864008
0.8874819
0.9055694
0.8852174
0.8874742
0.8813609
0.8857288
0.8913545
0.8875457
0.9092499
0.9144131
0.8792442
0.8672482
0.8672073
0.9098171
0.891092
0.8777385
0.9104804
0.8545644
0.8572795
0.8906978
0.8813121
0.8773098
0.8834113
0.8900565
0.9068277
0.8637935
0.8756155
0.8709984
0.8693249
0.9116376
0.9048563
0.8515323
0.917063
0.9159566
0.9146966
0.9145209
0.9153372
0.9161231
0.9146083
0.9146191
0.9182397
0.9163351
0.916602
0.9146939
0.9133978
0.9171529
0.9188039
0.9141368
0.9176359
0.9171777
0.9169807
0.9168194
0.9171154
0.917693
0.9163647
0.915718
0.9155133
0.9024982
0.9280503
0.9174883
0.9154904
0.9169562
0.8980839
0.8978029
0.8973355
0.8996842
0.8986499
0.8985309
0.8971349
0.8983235
0.9163514
0.8894175
0.9153953
0.8885679
0.8803932
0.9102438
0.9125323
0.8927441
0.8938393
0.8930729
0.8940821
0.8720102
0.8773592
0.9101496
0.8882726
0.9175775
0.8821242
0.8706038
0.86452
0.8932398
0.8832181
0.8731163
0.917025
0.9180973
0.9147239
0.9096688
0.9163671
0.9163766
0.919641
0.8993803
0.8905356
0.903733
0.8927559
0.8954529
0.8921968
0.8898522
0.8942542
0.8906003
0.9141388
0.9170771
0.8898794
0.8646669
0.8651224
0.9148344
0.8959302
0.8850483
0.9077303
0.8617733
0.8603073
0.8916279
0.8854263
0.8850097
0.8853948
0.891045
0.9107741
0.8721316
0.8718727
0.8753907
0.8745097
0.9110951
0.896135
0.8645868
0.9130588
0.9109691
0.912254
0.9155662
0.9133256
0.9108806
0.9125534
0.9139463
0.9180633
0.9158158
0.9167312
0.9155892
0.9125288
0.9117387
0.9160733
0.912457
0.9131327
0.9090845
0.9145881
0.9125822
0.915795
0.9157624
0.9150824
0.9115029
0.9138425
0.8948286
0.9259426
0.9146961
0.9137171
0.9164385
0.8929396
0.892176
0.8923537
0.8891102
0.8917342
0.8918743
0.8936285
0.8924708
0.9192304
0.8847893
0.9186393
0.8913208
0.8778993
0.9106841
0.9117793
0.8877547
0.8933917
0.8921466
0.8929175
0.8785196
0.8850823
0.9049786
0.8896639
0.9144244
0.8805895
0.8748906
0.8684697
0.8882059
0.8813003
0.8761985
0.9170392
0.9169802
0.9097696
0.9078375
0.9184977
0.917506
0.9220523
0.8911091
0.8945408
0.8933055
0.8936185
0.896389
0.8899076
0.8926822
0.8968498
0.8961494
0.9145976
0.9138305
0.892906
0.8754985
0.8755081
0.9175185
0.891044
0.8934696
0.9210013
0.8801128
0.8820309
0.8946337
0.8856787
0.8911584
0.8866322
0.8977656
0.9137066
0.8818345
0.9009073
0.8867263
0.8901233
0.9147888
0.9198333
0.8767039
0.9254291
0.9226766
0.9245066
0.9261501
0.9265572
0.9230475
0.9220078
0.9252281
0.9253037
0.9244077
0.9233688
0.9251606
0.9234795
0.9224351
0.9239229
0.9249293
0.9235272
0.9246852
0.923176
0.9212546
0.9228548
0.9222625
0.923833
0.9241685
0.9220036
0.9120399
0.9324001
0.9206113
0.927087
0.9193818
0.9146929
0.9148045
0.9150102
0.9135228
0.9148809
0.9153835
0.9142014
0.9153555
0.9131216
0.9052093
0.9155711
0.8997726
0.8843491
0.9132272
0.9182452
0.9070392
0.9056311
0.9046271
0.9035218
0.8867674
0.8657968
0.9128405
0.9036893
0.9268524
0.8957081
0.8878729
0.8900703
0.907201
0.8953905
0.8811724
0.9172238
0.9179533
0.922024
0.9232929
0.9189075
0.9171195
0.9252245
0.9099788
0.8990953
0.9196759
0.9044813
0.9042542
0.8978901
0.9002597
0.9006301
0.8985368
0.919798
0.9284365
0.8990251
0.8759327
0.8763887
0.9211324
0.912706
0.8802057
0.9082534
0.8565629
0.8586692
0.8869982
0.8735915
0.8791597
0.8822771
0.8809749
0.9022103
0.8463727
0.8747163
0.8662624
0.8726054
0.9086553
0.908171
0.8466147
0.9169817
0.9127111
0.9162215
0.9190081
0.9161698
0.9149267
0.9150576
0.9167901
0.9143736
0.9157924
0.914755
0.9156801
0.9155409
0.9142403
0.915744
0.9142014
0.911749
0.9113645
0.9127136
0.9127798
0.9161546
0.9152021
0.9140979
0.9126648
0.9117678
0.8988603
0.9255785
0.9172569
0.916843
0.9137018
0.8974322
0.8972296
0.8960061
0.896655
0.8966547
0.8971262
0.8960037
0.8984279
0.9067339
0.8839743
0.9102959
0.8768978
0.8669277
0.9121422
0.9073949
0.8935428
0.88829
0.88662
0.8885266
0.8631416
0.8681024
0.908639
0.8849288
0.9159099
0.8713921
0.8708872
0.865341
0.8926186
0.8780023
0.8683852
0.9157385
0.9120177
0.9090547
0.9091038
0.9111151
0.91129
0.9190684
0.8935264
0.8909399
0.9052974
0.893721
0.8925281
0.8892351
0.8930222
0.8952996
0.8922434
0.9120101
0.9156673
0.8862143
0.8615928
0.8617551
0.9141716
0.8975821
0.8838768
0.9068172
0.8502147
0.8555224
0.8864442
0.8719618
0.8766959
0.8782437
0.8791632
0.9043561
0.8468052
0.8724089
0.8642886
0.8689533
0.9032358
0.9046024
0.8529532
0.916467
0.91413
0.9152106
0.9171635
0.9147415
0.915259
0.9156567
0.9150555
0.9133672
0.9143633
0.9142837
0.915551
0.9142604
0.9121612
0.9142746
0.9112588
0.9116699
0.9112866
0.9146647
0.9124284
0.9133842
0.9118905
0.9116723
0.9096465
0.9111875
0.8969826
0.9237068
0.9164422
0.9144178
0.9102428
0.8952127
0.8946515
0.8966495
0.8965827
0.8952357
0.89435
0.8964886
0.8957579
0.9055776
0.8862397
0.9050592
0.8713307
0.8664481
0.9043608
0.9047975
0.8903685
0.8855511
0.8852085
0.8840464
0.8607866
0.8627545
0.9072359
0.8852151
0.9120561
0.8725867
0.8661643
0.8619946
0.8905849
0.875316
0.8616742
0.9145566
0.9087303
0.9047533
0.9102646
0.908032
0.9068052
0.9153252
0.8930655
0.8881683
0.906833
0.8896001
0.8895604
0.8887042
0.8881175
0.8911865
0.8888329
0.9091437
0.9190159
0.8845192
0.861004
0.8596143
0.9118613
0.8949228
0.8776223
0.9105522
0.8477076
0.8514421
0.8816887
0.8652652
0.8793903
0.8693944
0.8785176
0.9065665
0.8514551
0.8764858
0.8639511
0.8644718
0.910252
0.9060078
0.8425971
0.9131462
0.9079672
0.9117668
0.9079166
0.9118808
0.9115497
0.9082156
0.9120798
0.9109998
0.9109613
0.9110695
0.9111158
0.9062355
0.909062
0.9086305
0.9092233
0.9084432
0.9078663
0.91053
0.9061091
0.9092066
0.9089012
0.9076825
0.907185
0.9069132
0.89913
0.9218284
0.9112397
0.909708
0.9022954
0.8921169
0.8917535
0.895192
0.8915771
0.8937002
0.8921713
0.8955465
0.8918047
0.8983871
0.8772848
0.8962356
0.8762016
0.8593097
0.9008964
0.8982432
0.8896
0.8746631
0.8748359
0.8743066
0.8542152
0.8677764
0.9112825
0.8749546
0.9140842
0.8653741
0.8658228
0.8692481
0.8886671
0.8721953
0.8608356
0.9038502
0.9080234
0.8989715
0.9111244
0.8982427
0.9075324
0.9136782
0.8914475
0.8839408
0.908096
0.8870666
0.8861042
0.8804127
0.8845611
0.8853356
0.8848485
0.9090134
0.9061961
0.8782235
0.8552593
0.8569746
0.9106078
0.8907429
0.8853765
0.9123304
0.8598562
0.8654664
0.8956452
0.8746136
0.8886937
0.8821478
0.8874443
0.9117443
0.8639309
0.8870556
0.8744157
0.8805667
0.9108211
0.9092695
0.8609622
0.9154811
0.9083304
0.9139588
0.9137871
0.9125009
0.9108289
0.913146
0.9130817
0.9151371
0.9122739
0.9140666
0.9115855
0.9113562
0.9120667
0.9103392
0.9114368
0.9105005
0.9148704
0.9087311
0.90783
0.9091423
0.9098768
0.9115795
0.9086722
0.9094412
0.9010985
0.9237947
0.9079992
0.9135763
0.908082
0.8947841
0.8943834
0.8952289
0.895358
0.8966244
0.8949162
0.895029
0.8947672
0.9055846
0.8860012
0.8986518
0.889312
0.8762598
0.9032896
0.8979993
0.8966952
0.8835456
0.8803694
0.8822402
0.8690264
0.8766227
0.9138903
0.8818034
0.91405
0.8754463
0.8751408
0.8733509
0.8978151
0.8778587
0.8735394
0.9080308
0.9110103
0.8984029
0.9122413
0.9020319
0.9065734
0.9117585
0.895221
0.891505
0.9103066
0.8930791
0.8910601
0.8858494
0.8918249
0.8906541
0.8910536
0.9145345
0.9134652
0.8835201
0.8719565
0.8722486
0.9137168
0.8986898
0.8930546
0.9107436
0.883207
0.8807942
0.89869
0.889088
0.8889914
0.8546367
0.8916947
0.9142269
0.8838609
0.8881621
0.8818017
0.8867952
0.9132402
0.9083124
0.8766627
0.9173841
0.9155018
0.9160725
0.9155554
0.9143274
0.9150638
0.9180504
0.9134291
0.9187673
0.9166291
0.9170052
0.914975
0.9122181
0.9142004
0.9174102
0.9149962
0.9151988
0.9158784
0.9157602
0.9132571
0.9164584
0.9145421
0.9153419
0.913828
0.9143096
0.902838
0.9287174
0.913684
0.9153428
0.9160781
0.898658
0.8984203
0.899244
0.8954694
0.8987083
0.8997985
0.8993573
0.898936
0.9154375
0.8915402
0.9167308
0.89608
0.8808021
0.9104006
0.9108703
0.8965602
0.8950624
0.8939185
0.8931092
0.8834699
0.8794544
0.9112416
0.8903338
0.9153073
0.8866111
0.8769568
0.878453
0.8970907
0.8875348
0.8852038
0.918561
0.9172106
0.9085602
0.9152325
0.9139222
0.9169378
0.9225132
0.8984949
0.9012675
0.907786
0.8980044
0.900562
0.8996189
0.8993646
0.8998911
0.9017976
0.92
0.9142561
0.8958783
0.8837185
0.8855187
0.9163921
0.9008311
0.8982858
0.9249991
0.8760183
0.8811711
0.8963043
0.885073
0.8944815
0.8745744
0.8969546
0.9071608
0.8779341
0.8983449
0.8944858
0.8985735
0.9204946
0.9251004
0.8682289
0.9290374
0.9301129
0.9310572
0.9307751
0.9281506
0.9291612
0.9295023
0.9290539
0.9316115
0.9307242
0.9307047
0.9303622
0.9318324
0.9302832
0.929956
0.9293003
0.9247533
0.9290054
0.9262338
0.9263422
0.9280733
0.9274874
0.9268462
0.9280145
0.928281
0.9182597
0.9372888
0.9261485
0.9300271
0.9243134
0.9136665
0.9136635
0.9165056
0.9137968
0.913247
0.9134408
0.9167632
0.9139026
0.9167224
0.9062434
0.9172677
0.8978675
0.8903903
0.9230289
0.9203809
0.9040443
0.9071673
0.9057011
0.9059544
0.8777364
0.8690095
0.9232511
0.9099606
0.9280522
0.8963039
0.8879868
0.8913498
0.9044711
0.8963887
0.8828904
0.9249571
0.9267529
0.9230797
0.9268208
0.922353
0.9232608
0.9267184
0.914541
0.9033218
0.922446
0.9059775
0.9084117
0.9069982
0.9043392
0.9056177
0.9017563
0.9233744
0.9316333
0.9042753
0.8742359
0.8734283
0.9256506
0.9161968
0.8805429
0.9119958
0.8631773
0.8643214
0.8883159
0.8765108
0.880961
0.8829169
0.8945523
0.9089387
0.4992244
0.8637434
0.8619689
0.8809012
0.9106354
0.9154413
0.8603366
0.9239423
0.9188133
0.920254
0.920733
0.9226043
0.9187814
0.9203097
0.9224644
0.9232166
0.921786
0.918992
0.9210361
0.9187896
0.9196094
0.920537
0.9216927
0.9230069
0.9202469
0.9209568
0.9202693
0.9194238
0.9214348
0.9210195
0.9233114
0.920833
0.9052842
0.9254635
0.9214698
0.918117
0.918276
0.9038578
0.903463
0.9035775
0.9041878
0.904359
0.9049604
0.9039242
0.9047926
0.9133942
0.8990907
0.9117616
0.8925314
0.8766269
0.9139924
0.9118427
0.8942781
0.8966873
0.8961666
0.8949557
0.8752544
0.8768662
0.9149894
0.8958661
0.9211728
0.886192
0.8686687
0.8732596
0.8955578
0.887888
0.8648748
0.9185154
0.9158657
0.9146442
0.9155626
0.9144727
0.9185565
0.9227442
0.9022747
0.8926511
0.9082211
0.8935919
0.895333
0.897042
0.8941679
0.8980762
0.8936285
0.9133997
0.9162771
0.8920843
0.8688638
0.8687425
0.9184453
0.8998064
0.9151489
0.9183574
0.9215589
0.9203614
0.9272346
0.9228895
0.927421
0.9204103
0.9145451
0.9359313
0.9234388
0.9141853
0.9120774
0.9127004
0.9135262
0.9030252
0.9198238
0.8323573
0.8280829
0.8270356
0.8392329
0.842171
0.8267774
0.8296404
0.8302327
0.833537
0.8314396
0.8318144
0.832881
0.8296931
0.8316904
0.8353188
0.8286562
0.8331292
0.8340152
0.8314443
0.8312067
0.8346499
0.8301142
0.8301121
0.8299958
0.8301228
0.903706
0.9187309
0.9102514
0.8613606
0.9070763
0.8985518
0.8984284
0.8966803
0.8994864
0.8988419
0.8982045
0.8968375
0.8993562
0.9112415
0.9000468
0.911223
0.9094349
0.9134537
0.9019454
0.8928001
0.9129777
0.9032779
0.9052824
0.903534
0.9226607
0.9266511
0.9128241
0.9016993
0.8390026
0.9180242
0.919066
0.9163486
0.914145
0.9043541
0.9212615
0.9161685
0.908354
0.8878709
0.899012
0.9010873
0.8779927
0.878714
0.8978677
0.9087409
0.9198287
0.9076709
0.911134
0.9074956
0.9068492
0.9074635
0.9080333
0.9170657
0.9199424
0.9053715
0.9310728
0.9298747
0.8619881
0.9052078
0.9111689
0.9109433
0.9072128
0.9109809
0.916496
0.9069119
0.9222441
0.9148624
0.8984647
0.9303721
0.9100884
0.917524
0.9034975
0.9087687
0.9054561
0.9006772
0.9120026
0.9005797
0.8969576
0.89831
0.8978498
0.8980694
0.8970238
0.8988792
0.9001331
0.9019002
0.8977826
0.9011301
0.8977383
0.8963768
0.8967084
0.8942336
0.8933445
0.8955105
0.8954397
0.8930487
0.8965081
0.8944874
0.8954447
0.8942422
0.8895976
0.8970902
0.8966025
0.9110805
0.8527788
0.8968705
0.8459772
0.8944846
0.8938381
0.8936926
0.8941424
0.8957889
0.8941369
0.8945729
0.8934965
0.8395777
0.8966077
0.7641563
0.8998237
0.8995172
0.8304982
0.8155626
0.9135885
0.8920504
0.8903085
0.8903214
0.908939
0.9162287
0.9130907
0.8947008
0.9032035
0.904493
0.9078816
0.9144887
0.9132653
0.8946242
0.9070781
0.8566586
0.8526821
0.8667246
0.8918636
0.8178549
0.8853285
0.8919984
0.8968845
0.8948489
0.9326577
0.8979761
0.9015735
0.8939246
0.8984916
0.8993108
0.8943169
0.9095726
0.9164028
0.8943254
0.9184813
0.9187641
0.891554
0.9085528
0.9032994
0.9038236
0.9086748
0.9058464
0.9160573
0.9088902
0.9136029
0.9126696
0.899089
0.9252977
0.9107583
0.912841
0.9046589
0.8998799
0.9005327
0.8961113
0.9064834
0.9129147
0.9102816
0.9102573
0.9137327
0.9132914
0.9116026
0.9116581
0.9096207
0.9125379
0.9130299
0.9149158
0.9126528
0.909419
0.9138063
0.9159252
0.9115205
0.9138207
0.9114331
0.9138561
0.9121032
0.9151612
0.9123314
0.9147976
0.9141522
0.9122091
0.9021865
0.9221282
0.9163649
0.902817
0.9117668
0.9037282
0.9032997
0.9006667
0.8979209
0.8998202
0.9040073
0.9002752
0.9040688
0.9126529
0.8967294
0.9114565
0.8958326
0.9045212
0.9092109
0.9023772
0.9079097
0.9070223
0.9077908
0.9071624
0.9090276
0.9143262
0.9003918
0.8987484
0.9114638
0.9111487
0.9005096
0.9068581
0.9087135
0.9002543
0.9074359
0.9147289
0.913012
0.9022548
0.9055918
0.9098444
0.9128511
0.9174952
0.8983254
0.9030246
0.9177707
0.9035082
0.9047402
0.9049358
0.9051464
0.9050299
0.9032462
0.9071778
0.9221255
0.9031589
0.9138497
0.9152858
0.9171257
0.9012053
0.9075117
0.907351
0.9165652
0.9176596
0.9203035
0.9143424
0.9258748
0.9152465
0.9034266
0.9288208
0.923486
0.9075597
0.9027798
0.9036223
0.9094118
0.8921576
0.9190653
0.8956779
0.8910322
0.8930746
0.8950111
0.8945427
0.8948081
0.8949177
0.8906938
0.8971114
0.8940458
0.8952297
0.8929866
0.8899083
0.8978737
0.8919752
0.8902048
0.893148
0.8880212
0.8903662
0.8935547
0.8913825
0.8901172
0.891786
0.8904599
0.8910975
0.8920083
0.9094814
0.8906956
0.884207
0.8944029
0.8861602
0.8857851
0.8870486
0.886593
0.8886314
0.8877404
0.8877055
0.8855984
0.8948218
0.8862976
0.8933703
0.8977331
0.907388
0.879717
0.8709822
0.9049084
0.8997311
0.8986452
0.8993445
0.917475
0.9252882
0.9061844
0.8921357
0.8947524
0.9088471
0.9104381
0.9100399
0.9045212
0.8963421
0.9183192
0.8997885
0.9000684
0.7998625
0.8875037
0.8882819
0.891388
0.8976401
0.8886844
0.8974023
0.9162362
0.8985107
0.9016269
0.8898691
0.8965794
0.8977397
0.8976309
0.9120902
0.9118151
0.895189
0.9240605
0.9248057
0.902951
0.8931475
0.8548911
0.9099627
0.8716391
0.8816297
0.8974252
0.8880391
0.8960241
0.8922985
0.8807895
0.9014808
0.8863531
0.8860156
0.8808002
0.8836571
0.9141508
0.908148
0.8761829
0.9134507
0.9138658
0.9116582
0.9149538
0.9155368
0.9127795
0.9119186
0.9134181
0.9148206
0.9158071
0.9187208
0.9163404
0.9125431
0.9113769
0.9189387
0.9116277
0.9134099
0.9134494
0.9140173
0.9123288
0.9146478
0.9111064
0.9110815
0.9119076
0.9117089
0.8982079
0.9265292
0.916467
0.90789
0.9125219
0.8954295
0.8954258
0.8950037
0.8949741
0.8950184
0.8954029
0.8948834
0.8962098
0.9162397
0.8793271
0.9124496
0.8793091
0.8828959
0.9124215
0.9100356
0.8837507
0.8821877
0.8813981
0.8809214
0.8850838
0.8874808
0.9148922
0.8789561
0.9179911
0.8898077
0.8845076
0.8814826
0.8842345
0.8787406
0.8826621
0.9149684
0.9125994
0.910389
0.911248
0.9113713
0.9158054
0.9199972
0.8999041
0.8869229
0.9105391
0.887394
0.8926256
0.8886497
0.8853049
0.8880229
0.8882208
0.9151472
0.9085604
0.8764456
0.885646
0.8860642
0.9139367
0.8984545
0.8605914
0.9148257
0.8704162
0.883619
0.9003124
0.891322
0.897138
0.8892801
0.8784471
0.903978
0.8832718
0.8906963
0.8883742
0.8857811
0.9154357
0.9116008
0.8702354
0.9191299
0.9178154
0.9160369
0.9181177
0.9170065
0.9139205
0.9168935
0.9171286
0.9181071
0.9169748
0.9185239
0.9166376
0.918246
0.9139642
0.9196083
0.9154114
0.9178862
0.9172052
0.9166317
0.917682
0.9183133
0.916166
0.9142408
0.9154925
0.9136928
0.9044582
0.92559
0.9153325
0.9147243
0.9130905
0.9028172
0.9026969
0.9030065
0.9022113
0.9026987
0.9032155
0.9022636
0.9038201
0.9121165
0.8861136
0.9126025
0.8754934
0.889052
0.9123828
0.9094621
0.8890343
0.8860297
0.8839684
0.8841382
0.881595
0.8879068
0.9163803
0.8835383
0.9210665
0.8921902
0.8865378
0.884671
0.8890109
0.8762572
0.8850224
0.9157862
0.9136915
0.9109357
0.9139819
0.9117189
0.912352
0.9193062
0.9000745
0.8890595
0.916326
0.8896062
0.8923729
0.8896727
0.887657
0.8911402
0.890035
0.9162399
0.9103895
0.8806234
0.8790464
0.8787781
0.914086
0.9016423
0.9062958
0.8354776
0.912828
0.9139612
0.9162038
0.9185425
0.9170913
0.9158274
0.9092834
0.9250786
0.9126981
0.9169396
0.9054284
0.9100321
0.8400014
0.9028009
0.9159777
0.9162746
0.9141298
0.9138733
0.9180773
0.9172014
0.9174499
0.9157789
0.918069
0.9162347
0.9169458
0.9180685
0.9159001
0.9156518
0.918567
0.9213019
0.9160385
0.914884
0.913039
0.9130736
0.9125725
0.9166264
0.9146814
0.9156647
0.9148382
0.9153905
0.9093306
0.9222135
0.9199617
0.9151375
0.9177021
0.9084524
0.9082585
0.9077138
0.9065201
0.904885
0.9088402
0.9082412
0.9082382
0.9198479
0.9057676
0.9150845
0.9048218
0.9136449
0.9154309
0.9122758
0.914703
0.9130375
0.9117657
0.9130344
0.9131996
0.9195804
0.8931948
0.9066671
0.9141145
0.9169463
0.9135773
0.9102945
0.9152827
0.9102855
0.9092172
0.9142526
0.915779
0.9159892
0.9107495
0.9139138
0.9157454
0.9180151
0.9062107
0.9163161
0.9151028
0.9143853
0.9160029
0.9157465
0.9156539
0.9169507
0.9174334
0.8517798
0.9259851
0.9134775
0.9199125
0.9200411
0.9181661
0.9058502
0.9042052
0.907616
0.9142959
0.9149101
0.9213366
0.9155885
0.9239659
0.9143899
0.8983032
0.9327438
0.9144653
0.9095849
0.9020593
0.9044749
0.9118493
0.8933211
0.9131749
0.8989936
0.8926407
0.8975475
0.8963311
0.896749
0.893082
0.8985596
0.8938272
0.8990129
0.895819
0.8987507
0.897134
0.8963661
0.8963794
0.8931275
0.8958227
0.894733
0.8972685
0.897078
0.8968182
0.8937461
0.8963516
0.897703
0.8957825
0.8935086
0.8963211
0.9076375
0.8916504
0.8901571
0.8894628
0.892488
0.89212
0.8958023
0.8938001
0.8938088
0.8920982
0.8968021
0.8925398
0.8916746
0.8892006
0.8831847
0.8985533
0.9050635
0.88179
0.8754996
0.9065527
0.8961547
0.8962268
0.8936348
0.9139009
0.9213744
0.9083883
0.8918762
0.8972281
0.9101873
0.9121612
0.9148601
0.9077644
0.8950894
0.9138846
0.8941286
0.8941405
0.7695348
0.888246
0.8850396
0.8895389
0.8977844
0.8920111
0.8984226
0.92044
0.8971358
0.9012275
0.894668
0.8966105
0.895051
0.8988882
0.9133278
0.9159717
0.8952298
0.922166
0.9223004
0.9049091
0.8995134
0.9181147
0.9186624
0.9232439
0.9259234
0.9303293
0.9239089
0.9285987
0.9277749
0.9158369
0.9318906
0.9231118
0.9216709
0.9160557
0.9185366
0.9191179
0.9081431
0.923965
0.8419068
0.8359871
0.8409761
0.8472124
0.8451
0.8378614
0.8397266
0.837139
0.8355993
0.8375803
0.8387914
0.8377704
0.832603
0.8375571
0.840571
0.8384598
0.8367455
0.8393769
0.8372824
0.8350218
0.8446591
0.8349573
0.837897
0.8354743
0.8392904
0.9100365
0.9222338
0.9113082
0.8709449
0.913091
0.9067899
0.9066695
0.9072841
0.9037938
0.9061131
0.9078497
0.9068889
0.9071111
0.9139594
0.9087525
0.9170428
0.9145046
0.9161757
0.9031514
0.9053803
0.9186475
0.9095225
0.9096067
0.9076918
0.9259762
0.9315031
0.9215016
0.9090427
0.8471495
0.9179573
0.9230366
0.9207666
0.9192415
0.9114963
0.9278623
0.9165278
0.9132033
0.9012413
0.9035297
0.9077591
0.8806655
0.8860644
0.9059448
0.9149588
0.921267
0.9157376
0.9173458
0.913065
0.9137772
0.9167896
0.9157572
0.9197234
0.9268614
0.9131296
0.9331335
0.9335333
0.8677412
0.9107575
0.8991837
0.8935797
0.9214517
0.9117016
0.9209917
0.9249043
0.9189926
0.9119345
0.9072392
0.9281797
0.9175179
0.8931739
0.9020222
0.9004686
0.9006211
0.864671
0.9168729
0.9055872
0.9011234
0.901114
0.9069725
0.9073338
0.9023604
0.9049801
0.8994362
0.9029669
0.9026421
0.9031924
0.9038974
0.9010192
0.9042962
0.9139619
0.901538
0.9010658
0.8996841
0.8999369
0.9003676
0.9103205
0.902008
0.903171
0.9034844
0.8953458
0.8939367
0.9159896
0.9184154
0.8973486
0.9195582
0.8901917
0.8903543
0.8867023
0.8857746
0.8847616
0.890166
0.8866611
0.891949
0.9317779
0.8856864
0.9259679
0.9091177
0.9137368
0.9074386
0.9126488
0.8984922
0.9004148
0.9006561
0.9003079
0.9236387
0.9310073
0.898183
0.8906541
0.9048545
0.916048
0.9139034
0.9010137
0.8997797
0.9006174
0.9194177
0.9257251
0.9249408
0.8968642
0.8966182
0.9206963
0.9102103
0.9214487
0.8849804
0.9137887
0.8957922
0.9107025
0.9125027
0.9065131
0.9107163
0.9072475
0.9127109
0.9093841
0.9116437
0.9018453
0.9292575
0.9298623
0.9164233
0.882188
0.9199027
0.9215456
0.9273173
0.9234685
0.9292007
0.9231978
0.9337121
0.9255984
0.9082787
0.9390745
0.9263945
0.926549
0.915261
0.9180196
0.9190949
0.9048915
0.9292734
0.9061959
0.9046757
0.9033247
0.9076529
0.9072123
0.9064547
0.9040581
0.9016127
0.9088141
0.906327
0.9068766
0.9070896
0.903721
0.9045868
0.906021
0.9037934
0.9036011
0.9046179
0.9053477
0.9052919
0.9045304
0.9020238
0.9034254
0.9034549
0.9053202
0.9115349
0.9109601
0.9034031
0.89962
0.9019803
0.9095259
0.9092014
0.9045985
0.9070085
0.9064926
0.9086089
0.904472
0.9097099
0.9033058
0.9016152
0.8933614
0.9089109
0.9140331
0.8921402
0.8878606
0.9205075
0.9042784
0.9034719
0.9034518
0.927915
0.9290191
0.9176184
0.8989742
0.9118791
0.9199971
0.9265569
0.9251117
0.9201537
0.9067581
0.9249955
0.9081544
0.9053379
0.8906499
0.9014427
0.8910372
0.8981834
0.9046083
0.9048269
0.9065571
0.9305146
0.9108499
0.9088647
0.9032044
0.9091844
0.9098016
0.9077515
0.9228488
0.9202536
0.9014964
0.931289
0.9318157
0.9084876
0.9121711
0.9061613
0.8774357
0.9121977
0.9112652
0.9131382
0.9171265
0.9191969
0.913683
0.9104351
0.9253885
0.9127562
0.9068301
0.9059364
0.9081829
0.8785515
0.8989073
0.9099404
0.911644
0.9104753
0.9109907
0.9167134
0.9156262
0.9121598
0.9112926
0.9150621
0.9127995
0.9138727
0.9123334
0.913223
0.9118815
0.9142374
0.9147413
0.9131591
0.9150198
0.9080872
0.9158184
0.9121672
0.9142726
0.9143925
0.9152799
0.9139755
0.9095358
0.9043917
0.9197007
0.9165618
0.9115788
0.9206471
0.9039506
0.9032027
0.9044123
0.9015748
0.9023425
0.903842
0.9042121
0.9032339
0.921135
0.9051574
0.9224987
0.9116629
0.912223
0.9103096
0.9102446
0.9081072
0.9158143
0.915179
0.9144781
0.9165032
0.9217161
0.8845756
0.9073131
0.915785
0.9146588
0.9108523
0.9087963
0.9068142
0.908868
0.9159227
0.9181689
0.9178149
0.9048843
0.9069595
0.9181957
0.9165514
0.9187423
0.9014643
0.9177679
0.9065719
0.9158829
0.9172598
0.9108319
0.9142726
0.9148787
0.9202267
0.8855068
0.9228473
0.9121295
0.9208485
0.9210554
0.9224801
0.9001327
0.9138764
0.8627752
0.9201618
0.9203331
0.9239446
0.9207481
0.9213653
0.9241515
0.9156965
0.9325604
0.9227888
0.916886
0.9130209
0.9140535
0.8588848
0.9039295
0.9196207
0.9131208
0.9130389
0.91373
0.9191494
0.9193208
0.9141952
0.9181254
0.9139957
0.9153496
0.9153119
0.915612
0.9156911
0.9142299
0.9173219
0.9193984
0.9163208
0.9165189
0.9145195
0.912889
0.9146944
0.9161198
0.9139377
0.9140226
0.9159468
0.9126051
0.910429
0.9255337
0.9257207
0.9140393
0.9244194
0.9070176
0.9068223
0.9090718
0.9079931
0.9079201
0.9075238
0.9090655
0.9074891
0.9236945
0.9134983
0.924037
0.9120393
0.9201564
0.9166437
0.915004
0.9204988
0.9209954
0.9212381
0.9212291
0.9213216
0.9260096
0.8992224
0.9149025
0.9182736
0.9194566
0.9156931
0.9121572
0.9201616
0.9153281
0.9185262
0.921616
0.9225773
0.9165813
0.909265
0.9189757
0.9174302
0.9224383
0.9094375
0.9184696
0.9143991
0.9161243
0.9178939
0.9189948
0.9190154
0.9188788
0.9202596
0.8729224
0.9235087
0.9157865
0.9259588
0.925836
0.9222226
0.9092026
0.8910712
0.9153899
0.8759381
0.8736823
0.8937447
0.8797104
0.890898
0.8503113
0.8947917
0.9148929
0.8818963
0.8937732
0.8827172
0.8867835
0.9132837
0.9074468
0.8671815
0.9172316
0.9178106
0.9147836
0.916784
0.9161905
0.9143717
0.9176807
0.9168871
0.9203502
0.9190578
0.9163486
0.9189475
0.9156387
0.9169016
0.9172964
0.9158414
0.9157377
0.9147015
0.9164223
0.9167579
0.9149109
0.9171372
0.9174095
0.9148846
0.9174409
0.9061267
0.9289449
0.9164796
0.9152688
0.9101852
0.9086334
0.9090974
0.9064753
0.9070898
0.9088452
0.9084065
0.905845
0.9091203
0.9123955
0.8906092
0.9108255
0.8934414
0.8819928
0.9114732
0.9117647
0.8994085
0.9004078
0.8980764
0.8982911
0.8793003
0.8761336
0.9127706
0.889542
0.9159697
0.8859157
0.8827739
0.8822797
0.9006911
0.8946475
0.8754573
0.9123909
0.9138692
0.908327
0.9164175
0.913241
0.9137217
0.9149739
0.9007746
0.8936392
0.9135794
0.8997177
0.9008999
0.8936316
0.8981022
0.8973826
0.8948976
0.9164397
0.9215857
0.8937121
0.8781877
0.8762005
0.9158404
0.905584
0.9147328
0.9122185
0.9254154
0.9232266
0.9280561
0.9257174
0.9275842
0.9237373
0.9168837
0.9342978
0.9242255
0.9135441
0.9113705
0.9167964
0.9151027
0.8989584
0.9264265
0.8417535
0.8328056
0.8370831
0.8450345
0.837569
0.8391979
0.8400091
0.8367154
0.8442897
0.8408002
0.8464084
0.8374356
0.8380667
0.8402927
0.8492909
0.8387869
0.8381288
0.8323242
0.842911
0.8371564
0.8432037
0.8404291
0.8398883
0.839155
0.8371078
0.9090689
0.9224072
0.9095914
0.8719241
0.9152489
0.9041734
0.9045232
0.9034601
0.902067
0.9024033
0.9038289
0.9037299
0.9051526
0.9196129
0.905655
0.9221998
0.9172747
0.919056
0.9098934
0.9042511
0.9151194
0.9143069
0.9127049
0.9128448
0.9285789
0.9319424
0.9132207
0.9070007
0.8439262
0.9207272
0.9198469
0.9178446
0.915863
0.9112376
0.928041
0.9191748
0.9155358
0.9005215
0.9073825
0.9095705
0.8884913
0.8936834
0.9025839
0.9181019
0.9189713
0.9164409
0.919416
0.9126165
0.9144071
0.9150525
0.919012
0.9183486
0.9221417
0.9111773
0.9341235
0.9351115
0.8706181
0.904837
0.8870113
0.9129017
0.8708857
0.8719784
0.8919637
0.8773989
0.8899416
0.8868131
0.8891782
0.9144569
0.8798693
0.8902596
0.885439
0.8862648
0.9148605
0.9137742
0.8663104
0.9248303
0.9158175
0.9205764
0.9205266
0.9205512
0.9222303
0.9219797
0.9217216
0.9211221
0.9197344
0.9217273
0.9195506
0.9185584
0.9208728
0.9227672
0.9196688
0.9193295
0.9222191
0.9167946
0.917919
0.9220013
0.918292
0.9169772
0.9178925
0.9183289
0.904894
0.9321895
0.9211843
0.9187679
0.9169969
0.9028428
0.9031892
0.9023717
0.8990362
0.9019095
0.9034737
0.9023674
0.9043129
0.915411
0.8926182
0.9128102
0.8906378
0.881166
0.9181242
0.9158101
0.8970222
0.8954058
0.8937851
0.8938784
0.8757164
0.8798106
0.9106693
0.8936888
0.9218317
0.887114
0.8808959
0.8834664
0.8974782
0.8853668
0.8755964
0.9184387
0.9196542
0.9145561
0.9184042
0.9145399
0.919805
0.9211657
0.9013491
0.8970463
0.9122758
0.8961352
0.8961766
0.8960304
0.8970285
0.8975311
0.8978544
0.9165433
0.9264746
0.8929208
0.8706022
0.8679484
0.9231249
0.9030325
0.9081062
0.9085119
0.9156274
0.9172983
0.9203823
0.9161773
0.9214023
0.9174074
0.899899
0.9340974
0.9166755
0.9101831
0.9053686
0.9070111
0.9106554
0.8928756
0.918196
0.8990799
0.8942588
0.8963512
0.9009077
0.8971137
0.897381
0.8980072
0.8947139
0.8999747
0.8989398
0.8993952
0.8975391
0.8941571
0.9000903
0.8974275
0.896994
0.8972655
0.898034
0.8991998
0.8972638
0.8981964
0.8984352
0.8993422
0.8976736
0.8945989
0.8987311
0.9095533
0.8943339
0.8909805
0.8897056
0.8952357
0.8952721
0.8984109
0.8950131
0.8967819
0.8962944
0.8997247
0.8955853
0.8935782
0.8948418
0.8907405
0.8988784
0.9073562
0.8861419
0.876323
0.9109713
0.8986733
0.8983094
0.8976478
0.9152669
0.9236346
0.9059282
0.8907102
0.9021076
0.9109353
0.91616
0.9140981
0.9110261
0.8999819
0.9137458
0.8985487
0.8936262
0.7778051
0.8908708
0.8873448
0.8900298
0.8992353
0.8950756
0.8971141
0.9176161
0.9011919
0.9030135
0.8949933
0.8951311
0.8970115
0.8988151
0.9150619
0.9170994
0.8997902
0.9246448
0.9251966
0.9066102
0.9004393
0.9125553
0.9102447
0.9149292
0.9159563
0.9220887
0.9178812
0.9259701
0.9189104
0.9045024
0.9305195
0.9172443
0.9154534
0.9076101
0.9119542
0.9076357
0.8943833
0.9141559
0.8515781
0.8374282
0.8436752
0.8491418
0.8454088
0.8440228
0.8438662
0.8427222
0.8527409
0.8497548
0.8508792
0.8498604
0.8397678
0.8458048
0.8473826
0.8405825
0.8454621
0.8422894
0.8414648
0.8451035
0.8451398
0.8423991
0.8428636
0.8424501
0.8440503
0.9032247
0.9151836
0.900043
0.8587465
0.9018389
0.8990792
0.8981569
0.8968855
0.8978592
0.8958582
0.8976926
0.8974823
0.8986036
0.9030522
0.8919939
0.898593
0.9037383
0.9103784
0.8906742
0.8906187
0.9097075
0.8970339
0.8961086
0.8960846
0.9144944
0.9236901
0.9121686
0.8900744
0.8546222
0.9148974
0.9173076
0.9151075
0.9109163
0.8983763
0.9185944
0.903419
0.9027763
0.8797021
0.8976327
0.8925071
0.8653276
0.8676636
0.8991502
0.9024171
0.9217456
0.9030314
0.907232
0.8998627
0.9026561
0.9032952
0.9026441
0.9062759
0.9144139
0.8999783
0.9263143
0.9260763
0.856045
0.9028923
0.8809654
0.9163697
0.8480021
0.8457215
0.888436
0.8651231
0.8856306
0.8737153
0.8800233
0.9080178
0.8608352
0.8796229
0.8740749
0.8780488
0.9119091
0.9102822
0.8374618
0.9152824
0.9140891
0.9137888
0.9157958
0.914204
0.9136082
0.9150064
0.9137133
0.9130173
0.9151663
0.9158542
0.9145169
0.9157194
0.9131541
0.9161899
0.914883
0.9132823
0.9115873
0.9123951
0.9106851
0.9148004
0.9101459
0.9112795
0.9122682
0.915069
0.9000904
0.9300847
0.9094501
0.9118367
0.9075663
0.8981928
0.8979114
0.8987896
0.8979731
0.8999821
0.8976094
0.8991027
0.8991104
0.904617
0.8885116
0.908374
0.878403
0.8633621
0.9053087
0.9041101
0.8937502
0.8824512
0.882631
0.8816225
0.8516754
0.863352
0.9132312
0.8817126
0.9185222
0.8686275
0.868392
0.8761492
0.8952313
0.878072
0.8677586
0.9117524
0.911168
0.9053269
0.9157728
0.9029336
0.9121754
0.910525
0.8983051
0.8855757
0.9161165
0.8880228
0.8897459
0.8884462
0.8879385
0.891853
0.8863645
0.9159263
0.9134845
0.8834394
0.8508632
0.8489203
0.9138528
0.9022578
0.9176362
0.9129919
0.9242344
0.922344
0.9266566
0.9244785
0.9308338
0.9234976
0.9203113
0.9343221
0.9263919
0.9159474
0.9134214
0.9181741
0.9178068
0.9069271
0.9261954
0.879008
0.8761845
0.8751842
0.8844727
0.8804709
0.8792768
0.8776289
0.8764408
0.8798741
0.8793407
0.8800718
0.878589
0.8752537
0.8786203
0.8805921
0.8783077
0.8782334
0.8760212
0.8788924
0.8772555
0.8786523
0.8750138
0.8748714
0.8784211
0.8753683
0.909865
0.9261775
0.9098668
0.8784615
0.9085993
0.9014709
0.9009126
0.8986543
0.8985905
0.8981475
0.901481
0.8993656
0.9016488
0.9189669
0.9045099
0.9162049
0.9157365
0.9146458
0.9049315
0.9023838
0.9201018
0.9092657
0.9092724
0.9084776
0.9253569
0.9341791
0.9191361
0.9054363
0.8805379
0.9174441
0.923647
0.9216784
0.9190768
0.9103934
0.9274033
0.9187269
0.9189416
0.8966936
0.9073402
0.9056727
0.885962
0.8883646
0.8999136
0.9152309
0.9214538
0.9176956
0.9171698
0.910967
0.914778
0.9162281
0.9151504
0.9190129
0.9209872
0.9091687
0.9340367
0.9342543
0.8837277
0.9079268
0.8873048
0.9225976
0.8874718
0.8939212
0.9070778
0.8897324
0.9002296
0.8977154
0.8838953
0.9088137
0.8907195
0.9049681
0.8969174
0.8941954
0.9159246
0.9154999
0.8853309
0.9180854
0.9168417
0.9177522
0.9212031
0.9149003
0.9174956
0.9168673
0.9183091
0.9213507
0.9148289
0.9192137
0.9151346
0.9165149
0.9174938
0.9188285
0.9173238
0.9186529
0.9182748
0.9199624
0.9187879
0.9149219
0.9176897
0.9179957
0.9184986
0.9178015
0.9079537
0.9257478
0.9175994
0.9172367
0.9173361
0.9057425
0.9053518
0.9034085
0.9050232
0.9063866
0.9045495
0.903559
0.9057443
0.9141152
0.8893137
0.9063544
0.8848792
0.8930712
0.9118262
0.9108549
0.8967733
0.8819996
0.8807267
0.8801285
0.8879572
0.8955974
0.9236047
0.8828742
0.9183386
0.895837
0.8914748
0.8963657
0.8964923
0.8859816
0.8890636
0.9133299
0.9136282
0.9129288
0.9202426
0.9083286
0.9174141
0.9165847
0.9054865
0.8934604
0.9245649
0.8949031
0.8954149
0.8909592
0.8950069
0.8984897
0.8945479
0.9206509
0.9132036
0.8849844
0.8873194
0.8883314
0.9175405
0.9047703
0.8835998
0.9180283
0.8838872
0.890839
0.902959
0.889391
0.9000812
0.8926968
0.8812219
0.9058615
0.8876048
0.9006784
0.8926608
0.8916723
0.9133503
0.9107656
0.8812233
0.9149442
0.9147526
0.9128941
0.9182787
0.9140292
0.9115336
0.9136839
0.9135815
0.9174769
0.9118265
0.9134592
0.9123231
0.912518
0.9129523
0.9152738
0.9101456
0.9122776
0.9149435
0.9138758
0.9111969
0.9119574
0.9134087
0.9124685
0.9119983
0.9154161
0.9033863
0.9245627
0.9123247
0.9145059
0.9152619
0.9028758
0.9027167
0.8991689
0.8998116
0.9011257
0.9022626
0.8996735
0.9032143
0.9119012
0.8886904
0.9068248
0.8832093
0.8916583
0.9076406
0.9049318
0.8947257
0.8751808
0.8735995
0.8717203
0.8862216
0.8893593
0.9229036
0.8804801
0.9160839
0.8905686
0.8872439
0.8925768
0.8949074
0.8790182
0.885532
0.914753
0.9127254
0.9103283
0.9144111
0.9088747
0.9129038
0.9168129
0.9024701
0.8915002
0.9207094
0.891688
0.8942472
0.8892628
0.8908675
0.8952948
0.8929842
0.9164703
0.9116174
0.880979
0.8850718
0.8866405
0.9147815
0.9017407
0.8970001
0.9213205
0.8963469
0.8988249
0.9120853
0.8998329
0.9111343
0.9059039
0.8951738
0.9115482
0.8954198
0.9089957
0.9050213
0.9007879
0.9193456
0.9198318
0.8922266
0.9254956
0.9242561
0.9255822
0.9254362
0.9229124
0.9238391
0.9233664
0.924963
0.9237773
0.9254081
0.9231168
0.9267823
0.9237479
0.9231565
0.9246696
0.923285
0.9226777
0.9246833
0.926042
0.9223241
0.9218248
0.925584
0.9266121
0.923463
0.9261111
0.9179643
0.9333537
0.9240446
0.9224722
0.9225471
0.9174155
0.9174127
0.9153487
0.9140262
0.9145025
0.9177572
0.9158312
0.9179324
0.9215448
0.8930659
0.918712
0.8936902
0.8998624
0.9172909
0.9215157
0.8992121
0.8962301
0.8954801
0.8950259
0.8923039
0.9016147
0.9270646
0.8915454
0.9234986
0.9018281
0.8968377
0.9019282
0.9003977
0.8944057
0.8960667
0.9227681
0.9238443
0.9196488
0.9256666
0.9208025
0.9236952
0.9248084
0.914838
0.9004958
0.9273697
0.9025254
0.9060609
0.9017901
0.9023883
0.9046652
0.9016059
0.9231794
0.9184874
0.8923853
0.8944276
0.8949629
0.9239093
0.9168934
0.8971305
0.9217775
0.8958134
0.8994161
0.9117295
0.9
0.910999
0.9082926
0.8945228
0.9104401
0.8947313
0.9078676
0.9061824
0.9011905
0.9193267
0.9198121
0.8924351
0.9272164
0.9237535
0.9257125
0.9261929
0.9241187
0.9242665
0.9250181
0.925056
0.9259081
0.926056
0.9229865
0.9275028
0.9248089
0.9225063
0.9237227
0.9240129
0.9250768
0.924368
0.9277975
0.9243518
0.9230344
0.9261211
0.92759
0.9244128
0.9261673
0.917872
0.9344952
0.9247636
0.9241527
0.9221943
0.9185634
0.9184853
0.9159324
0.9163529
0.9177978
0.9186783
0.9164144
0.9187828
0.920139
0.8954664
0.9184273
0.8933891
0.9006912
0.9185778
0.9235477
0.8994945
0.8973734
0.8969772
0.8957042
0.8947406
0.9015905
0.9285352
0.8924994
0.9239684
0.9024552
0.8962277
0.9041144
0.9001431
0.8963021
0.8984551
0.9248353
0.9236054
0.9208468
0.9249476
0.922403
0.9236391
0.9254984
0.9160258
0.9009737
0.9280162
0.9044234
0.906841
0.9016497
0.9018613
0.9027598
0.9010023
0.9231974
0.9192489
0.8931449
0.893662
0.8935735
0.9257424
0.9174773
0.880065
0.907821
0.8909676
0.8903551
0.9019819
0.8939933
0.8975532
0.8981883
0.8821561
0.9070212
0.8968133
0.8941876
0.8854025
0.8850649
0.9048206
0.8932779
0.8900546
0.9059717
0.9016288
0.9041479
0.9124563
0.9038197
0.9035867
0.9069357
0.901378
0.9043967
0.9026126
0.9032555
0.9030762
0.9016463
0.9050845
0.9048748
0.9058819
0.9058079
0.9019302
0.9038012
0.9036302
0.9044505
0.9016946
0.9029634
0.9053609
0.9009697
0.8948517
0.9187729
0.9109132
0.9004543
0.9126815
0.8849807
0.8846543
0.8890525
0.8833484
0.8833093
0.8867265
0.8890126
0.8857609
0.9125458
0.8717464
0.9015303
0.8808028
0.8857873
0.8998729
0.8940255
0.8843445
0.8739115
0.8720757
0.8719554
0.8940783
0.8997775
0.9094499
0.8666934
0.9064096
0.8923246
0.8898502
0.8851202
0.8845113
0.8710773
0.8865887
0.9128391
0.9089293
0.8948076
0.9054306
0.9029293
0.905737
0.9099919
0.8860094
0.8849246
0.9105843
0.8898571
0.8883881
0.8820279
0.8871472
0.8909973
0.8865462
0.9102599
0.9022744
0.8764008
0.8999753
0.8991564
0.9096693
0.8890569
0.8805335
0.9129867
0.88396
0.8876855
0.9045577
0.8877764
0.8948919
0.8908266
0.8848222
0.9031629
0.883895
0.8924195
0.8858174
0.8888051
0.9114406
0.9029442
0.8827792
0.9193447
0.9151086
0.9136305
0.9184446
0.9113782
0.9150864
0.9165794
0.9142398
0.9199402
0.9151843
0.9157136
0.9153005
0.9136756
0.9122795
0.9195218
0.9142556
0.9135863
0.9111064
0.9127463
0.9136118
0.9155048
0.9087967
0.9110698
0.9131947
0.9162265
0.9055712
0.9231008
0.9102108
0.9118119
0.9129265
0.9005796
0.9002632
0.8975263
0.8974615
0.8996488
0.8994557
0.8973665
0.901261
0.9106476
0.8803185
0.9093133
0.8819144
0.8873623
0.9046198
0.9047451
0.8813034
0.8804755
0.8783466
0.8789204
0.89121
0.8912897
0.9157725
0.871543
0.9162515
0.8946384
0.8852441
0.8862234
0.880427
0.8755451
0.8839648
0.9142798
0.9130012
0.9058798
0.9103219
0.9053847
0.9152154
0.9165993
0.8990835
0.8901534
0.9147216
0.8883214
0.8903035
0.8860664
0.8902295
0.8929384
0.891009
0.9152051
0.9082847
0.8823
0.8849857
0.8827717
0.9169136
0.8979454
0.8973172
0.9205341
0.9041462
0.901982
0.9094897
0.9031642
0.9055468
0.9054988
0.8995739
0.9097615
0.9017015
0.9033776
0.9057197
0.9037411
0.9178728
0.9196998
0.900636
0.926962
0.9239801
0.9209486
0.9247937
0.9229707
0.9235634
0.9240196
0.9265758
0.927279
0.9257269
0.9271443
0.9260663
0.92537
0.9225087
0.9257304
0.9268445
0.9262301
0.9251882
0.926731
0.9259872
0.9254868
0.9245316
0.9245641
0.9246021
0.9237578
0.9142103
0.9338153
0.9238079
0.9238917
0.9230875
0.9059561
0.9056444
0.9089762
0.9057415
0.9074782
0.9064644
0.909161
0.9068105
0.9191634
0.8977971
0.9207319
0.8963943
0.9051267
0.918504
0.9166928
0.9017854
0.8974042
0.8970859
0.8960864
0.9047486
0.9034673
0.9230011
0.8959687
0.922843
0.9051232
0.9001831
0.9033342
0.9021296
0.9011311
0.9009294
0.9223119
0.9201743
0.9204301
0.9218389
0.9219536
0.9243911
0.9288456
0.9066999
0.90639
0.9223106
0.9050704
0.9085926
0.9041939
0.9067898
0.9077734
0.9068034
0.9234871
0.9224014
0.8967007
0.8974971
0.8970645
0.9219608
0.9078017
0.8903041
0.9177514
0.8903918
0.8895081
0.905569
0.8855723
0.9009226
0.8969332
0.8823783
0.9044866
0.8901052
0.8975042
0.8967105
0.8922774
0.9152416
0.911817
0.8840621
0.9202552
0.9168975
0.914925
0.9172443
0.9138136
0.9154673
0.9177929
0.9153028
0.9173069
0.9179493
0.9181399
0.9176881
0.9133692
0.9160759
0.9180935
0.9159726
0.9142336
0.9158319
0.9149152
0.9142967
0.9133392
0.9144859
0.9154053
0.9140337
0.9142516
0.9046965
0.9261106
0.9145671
0.9125071
0.9101427
0.8985626
0.8986376
0.8979766
0.8959823
0.8985353
0.8993195
0.8983268
0.8991184
0.9122931
0.8854619
0.9063568
0.8826793
0.8898405
0.9031043
0.9032967
0.8925168
0.8760546
0.8737786
0.8748865
0.890786
0.8910243
0.9199396
0.8752442
0.9148333
0.8924613
0.8889962
0.8923889
0.893478
0.8752093
0.8894375
0.9148041
0.9108814
0.9050822
0.9172961
0.9030251
0.9139515
0.915725
0.8989471
0.8894489
0.9248551
0.889004
0.8942219
0.8867117
0.8884062
0.8885196
0.8896714
0.9184567
0.9074372
0.8801995
0.8866983
0.8855265
0.9142257
0.8999287
0.8877464
0.9151385
0.8952763
0.894985
0.9068607
0.8966224
0.8959803
0.8974705
0.8917299
0.9030077
0.8923331
0.8974233
0.894471
0.8919015
0.9157023
0.910772
0.8888222
0.9207443
0.9172039
0.916456
0.9204066
0.9167415
0.9186717
0.9194677
0.9190269
0.9194349
0.9187642
0.9199228
0.9184321
0.9191283
0.917026
0.9228123
0.9195928
0.9167128
0.9211179
0.9183899
0.9174099
0.9198994
0.9141432
0.9172992
0.9194413
0.9183398
0.900283
0.9286732
0.918247
0.9158117
0.9181749
0.9037658
0.9033006
0.9049869
0.9023576
0.9028011
0.9042743
0.9046369
0.9047233
0.920919
0.890832
0.916472
0.8907084
0.8971913
0.9153073
0.9159565
0.8950374
0.8912199
0.8892431
0.8905525
0.8946758
0.9005721
0.9155342
0.8851035
0.9204961
0.8969942
0.8922627
0.889921
0.895526
0.8856848
0.8928937
0.9176391
0.9188044
0.9138746
0.9185631
0.9169342
0.9208526
0.9226061
0.9018624
0.8975618
0.9110563
0.8972399
0.8993662
0.8979168
0.8965359
0.8986974
0.8996357
0.9166416
0.9176205
0.8883765
0.8955375
0.895065
0.9195331
0.8995099
0.8844586
0.9097078
0.8895556
0.8905727
0.9071347
0.8949227
0.8990444
0.8981546
0.8787923
0.9110015
0.8919286
0.8978029
0.8920086
0.8827241
0.9096041
0.8996504
0.884845
0.9086312
0.9032879
0.9026117
0.9075204
0.904114
0.9027901
0.9035533
0.9064059
0.9056624
0.9062821
0.9062688
0.9074415
0.9029534
0.9018849
0.9022516
0.9032178
0.9017059
0.9037806
0.9012491
0.9019747
0.9065685
0.8996758
0.8996656
0.9008565
0.9038345
0.8949618
0.9195155
0.9052431
0.9033224
0.9024477
0.8853076
0.8851824
0.8864613
0.887383
0.8868904
0.8851236
0.8861404
0.8854023
0.9073062
0.8767879
0.8934494
0.8782347
0.8836184
0.8958948
0.8959184
0.887996
0.8744543
0.8735603
0.8723303
0.8951343
0.900722
0.9125494
0.8745007
0.9062836
0.8905772
0.8900681
0.8879482
0.8891973
0.8704994
0.8899534
0.905948
0.9062894
0.8914505
0.9006064
0.8918566
0.9051398
0.9062277
0.8825468
0.8870921
0.9161342
0.8866853
0.8918223
0.8842859
0.8881202
0.8915352
0.8881147
0.9116707
0.9079141
0.8738377
0.8974922
0.8974077
0.9053872
0.8901959
0.8892487
0.9105491
0.886371
0.8880597
0.9042135
0.8878727
0.902631
0.8963649
0.8737754
0.9095722
0.8923885
0.8995229
0.8883791
0.8857298
0.9081178
0.8992886
0.8865034
0.908215
0.9015257
0.9014768
0.9056731
0.9030264
0.8999322
0.9020327
0.9065278
0.9060162
0.9042293
0.9054587
0.9047332
0.9001288
0.9026643
0.9034623
0.90161
0.9014306
0.9026892
0.8991681
0.9006029
0.9026854
0.8985714
0.9002885
0.8992412
0.9039536
0.8979422
0.9157337
0.90517
0.9018955
0.8990891
0.8916336
0.8912298
0.8912895
0.8920526
0.8932596
0.891888
0.8919269
0.8916401
0.9012977
0.8776066
0.8931958
0.8741884
0.8870158
0.8891634
0.891816
0.8874996
0.8723994
0.8712922
0.8712947
0.8910093
0.8995884
0.914635
0.8769912
0.9087167
0.8888572
0.8923568
0.8922216
0.8883857
0.8742955
0.8873762
0.9005372
0.8993393
0.8887503
0.9047265
0.8913983
0.9008158
0.8998744
0.8898858
0.8803809
0.9185112
0.8816322
0.8858594
0.8802863
0.881926
0.8860135
0.8814142
0.9084517
0.9055767
0.8726422
0.8957615
0.8951246
0.9054691
0.8991684
0.8975517
0.9266129
0.8975617
0.8975588
0.9126697
0.8974591
0.9061453
0.9050707
0.8940507
0.9085021
0.8950391
0.9066639
0.9042932
0.9020306
0.922799
0.925904
0.8949335
0.9295272
0.9282344
0.9274435
0.9302572
0.9268108
0.9290617
0.9289218
0.9277799
0.9304253
0.9293989
0.929635
0.9303234
0.9271016
0.9276038
0.9289663
0.9298995
0.9277336
0.9279871
0.9298474
0.9272327
0.9279854
0.929392
0.9300041
0.928296
0.9282645
0.917548
0.935235
0.9246116
0.9289473
0.9249674
0.9171365
0.9172467
0.9150336
0.9166232
0.9172014
0.9169508
0.9154405
0.9179543
0.9226454
0.9017453
0.9172583
0.8961631
0.9027665
0.9201431
0.9202258
0.9027701
0.8936215
0.8916483
0.8911106
0.8983873
0.9000385
0.9242378
0.8937109
0.9292652
0.9024033
0.8964167
0.8990504
0.9029622
0.8935906
0.8923992
0.9254865
0.9217249
0.9213783
0.9290938
0.9210095
0.9275869
0.9283494
0.9136538
0.9048069
0.9306517
0.9052878
0.9083461
0.9036826
0.9031997
0.9058877
0.9039162
0.9254832
0.9246437
0.8974431
0.8920232
0.8929087
0.9265479
0.9116463
0.8924486
0.9219085
0.8916673
0.8930085
0.9047158
0.8893674
0.9005223
0.8977761
0.8902117
0.9077328
0.8847172
0.9032883
0.9030637
0.8949303
0.9206483
0.920775
0.8888176
0.9213307
0.9218336
0.9193475
0.9223318
0.9200014
0.9195794
0.9214311
0.9238626
0.9256121
0.9215843
0.9243196
0.9224497
0.9212461
0.9192354
0.9223314
0.9223555
0.9209217
0.9206195
0.9208358
0.9209794
0.9219021
0.9199596
0.9210106
0.9194905
0.924792
0.9119469
0.9320958
0.9189956
0.9203843
0.915991
0.9071903
0.9073799
0.9091389
0.9076309
0.9086723
0.9075832
0.9098995
0.90813
0.9203043
0.8952976
0.9112832
0.8895719
0.895499
0.9138465
0.9137321
0.8955171
0.8872312
0.884937
0.8855471
0.8939023
0.8936645
0.925006
0.8899102
0.9234331
0.898112
0.8945331
0.9002776
0.8958553
0.8838031
0.8901617
0.9175966
0.9147692
0.9171873
0.9255748
0.9105504
0.9212554
0.9215933
0.9102343
0.8996643
0.9282113
0.8983273
0.9001978
0.8958793
0.9006698
0.9035504
0.9003534
0.9211664
0.9205643
0.8885667
0.8885337
0.8874493
0.9181919
0.9085775
0.9048056
0.9295622
0.8971163
0.9076521
0.9150888
0.8997971
0.904219
0.9140684
0.9014721
0.9079467
0.8951267
0.9115249
0.906124
0.9081226
0.9248825
0.9357088
0.8922311
0.9374743
0.9353706
0.9355614
0.9349343
0.9329739
0.9326956
0.9355923
0.9356563
0.9338346
0.9329553
0.9340758
0.930943
0.9357479
0.9315987
0.9330053
0.9330317
0.9356667
0.9346347
0.9362227
0.934616
0.9312861
0.9344893
0.9357126
0.9334115
0.9367753
0.9239189
0.9392295
0.9332741
0.9360568
0.9280377
0.9252528
0.9252129
0.9224054
0.9230207
0.9237999
0.9251398
0.9230315
0.9251301
0.9215775
0.9152448
0.9223281
0.9012948
0.9092635
0.9260572
0.9278918
0.9099046
0.908002
0.9055826
0.9056803
0.8995445
0.8986413
0.927123
0.9094411
0.9353092
0.9137973
0.9009964
0.9084226
0.909388
0.9001563
0.8969127
0.925854
0.9274227
0.9338019
0.9327486
0.9261874
0.9301356
0.9297436
0.9210316
0.9073352
0.9354175
0.9113667
0.9105355
0.9109425
0.9102731
0.9127976
0.9096263
0.9260941
0.9340581
0.9057089
0.8983761
0.8963861
0.9270373
0.9202711
0.8982548
0.9264179
0.904151
0.9024458
0.9167007
0.9019096
0.906356
0.906939
0.9049772
0.910031
0.8993107
0.9055731
0.907023
0.9070225
0.9258739
0.9274969
0.9000211
0.9310629
0.9314687
0.9287977
0.9314211
0.9280511
0.9312582
0.9307505
0.9319544
0.930566
0.9315191
0.932197
0.9317839
0.930303
0.9281813
0.9299512
0.9321765
0.934589
0.9291563
0.9311623
0.9329563
0.9305127
0.9294207
0.9298871
0.9306096
0.9307216
0.919558
0.9413768
0.9317005
0.9281895
0.931857
0.9180836
0.91842
0.9149196
0.9165882
0.913656
0.9182366
0.9156299
0.9183766
0.9255312
0.9070631
0.9270385
0.9023798
0.9083167
0.9273978
0.9308863
0.9078729
0.9077101
0.907868
0.9073152
0.9004041
0.9048135
0.9270268
0.9024433
0.9299635
0.9085103
0.9050074
0.9042689
0.9069735
0.9012516
0.9002361
0.9270378
0.9282016
0.9323009
0.9288283
0.92725
0.9313207
0.93019
0.9163736
0.9092972
0.9250733
0.9114431
0.9120565
0.9113256
0.9109261
0.913397
0.9108887
0.9282135
0.9278569
0.9050397
0.9008192
0.8990803
0.9299582
0.9123637
0.8758878
0.9104138
0.8848256
0.886881
0.9028914
0.8879603
0.895789
0.8899574
0.8792152
0.9059511
0.8874674
0.8898778
0.889376
0.8833749
0.9134867
0.9034187
0.8774398
0.9106609
0.9093027
0.9110837
0.9124869
0.908173
0.9093726
0.9135586
0.9126183
0.9115066
0.9123084
0.910006
0.91292
0.905494
0.9085059
0.9124464
0.9075812
0.9086581
0.909968
0.9072761
0.9071081
0.9119815
0.9049117
0.9088991
0.9070976
0.9099458
0.9003343
0.9255323
0.9070525
0.9085933
0.9064786
0.896219
0.8963731
0.8923931
0.89446
0.8962385
0.8949684
0.8919558
0.8973586
0.9089271
0.8773008
0.9027029
0.8778087
0.8845448
0.9060855
0.9087671
0.8862467
0.8732215
0.8706846
0.8713037
0.8848841
0.8879175
0.913207
0.8730659
0.9124601
0.8886244
0.8830636
0.886289
0.887642
0.8693489
0.8782612
0.9139948
0.9121838
0.9023757
0.9110193
0.9024539
0.9081803
0.9147467
0.892585
0.8859652
0.9159143
0.883599
0.8859979
0.886532
0.8855055
0.8871476
0.8867864
0.91555
0.9091703
0.8782351
0.8885409
0.8880493
0.9109255
0.8945483
0.8758445
0.9108278
0.8800811
0.886666
0.9002752
0.8834284
0.8983027
0.8913181
0.876825
0.9064743
0.8853759
0.8922494
0.8888889
0.885609
0.9112689
0.8988578
0.8782118
0.9097774
0.9088366
0.9080813
0.9120721
0.9072813
0.908985
0.9089273
0.9103264
0.9105891
0.908398
0.9121924
0.9094756
0.9047044
0.9091934
0.9119915
0.9074968
0.9078431
0.9062611
0.9065728
0.9077957
0.9108357
0.9047433
0.9056557
0.9050325
0.908326
0.8969197
0.9257523
0.9081948
0.9081581
0.9062764
0.8924553
0.8924515
0.8886809
0.8906407
0.8903805
0.8910752
0.8887609
0.8925061
0.9073371
0.8735043
0.9022521
0.873849
0.8826676
0.9024072
0.9037642
0.8841246
0.8706243
0.8682738
0.8693506
0.8861827
0.8901264
0.9129502
0.8695668
0.909438
0.8893634
0.8850471
0.8864722
0.8842515
0.8650867
0.8789546
0.9138528
0.9081565
0.9003693
0.9083779
0.8980091
0.9043519
0.9126835
0.8910312
0.8836598
0.9174081
0.880997
0.8860991
0.8808273
0.8808014
0.8848518
0.8854481
0.9145334
0.909549
0.8773828
0.8856663
0.8847284
0.9096224
0.8939938
0.9112059
0.9308639
0.9055637
0.9076424
0.9129387
0.9077727
0.9064161
0.9172353
0.9052375
0.9162979
0.9069784
0.9178054
0.9170214
0.9134148
0.9290372
0.9350342
0.9009317
0.9370063
0.9357561
0.9364497
0.9402337
0.9350847
0.9384563
0.9370193
0.9383747
0.9382378
0.9372672
0.9371483
0.9368457
0.9364183
0.9376585
0.9379701
0.9376169
0.9356143
0.9400703
0.9371018
0.9362742
0.9350165
0.9383439
0.9355877
0.936646
0.9362056
0.9273518
0.9413065
0.9367319
0.9386682
0.9362917
0.9264575
0.9267497
0.9268903
0.9265069
0.9271888
0.9283683
0.9273194
0.9274533
0.932138
0.9126764
0.9274733
0.9052999
0.91328
0.9308756
0.9314344
0.9127443
0.9122594
0.9114016
0.9104799
0.9078998
0.9047702
0.9321228
0.9120879
0.9383578
0.9141691
0.9083082
0.9084044
0.9136945
0.9065306
0.9024518
0.934424
0.9329854
0.9353524
0.9352897
0.9356928
0.9335527
0.9388227
0.924729
0.917183
0.9352955
0.9177927
0.9174293
0.9181504
0.9170496
0.9221868
0.9175531
0.9298904
0.9295846
0.9106975
0.9031296
0.902367
0.9353691
0.9253629
0.8956365
0.9226102
0.8940409
0.8986354
0.9107149
0.9004873
0.9081009
0.9043965
0.8968134
0.909755
0.8926096
0.9077816
0.9034944
0.9010636
0.9195001
0.9209006
0.8924628
0.9262476
0.9246393
0.9239224
0.9254475
0.9228487
0.9230689
0.9235629
0.92601
0.9245303
0.9240851
0.9225316
0.9242022
0.9244663
0.923427
0.9246436
0.9233705
0.9220168
0.9243973
0.9241258
0.9229679
0.9233982
0.922029
0.9233661
0.9225411
0.922667
0.9146065
0.9339463
0.9260806
0.9268531
0.9225575
0.9210334
0.9208433
0.9164143
0.9182679
0.9188777
0.9207721
0.9167073
0.9213777
0.9200181
0.9004331
0.920081
0.8952978
0.8986219
0.9186812
0.9214137
0.9003658
0.9015125
0.9000388
0.9000952
0.8970267
0.9031175
0.9272943
0.8926056
0.9233967
0.9031336
0.8978131
0.8972883
0.9012449
0.8969566
0.8958738
0.9245719
0.9252876
0.9203821
0.9262309
0.9215289
0.9226562
0.9261608
0.9152997
0.9021212
0.9241603
0.9047586
0.9066401
0.9024132
0.9037446
0.9036723
0.903614
0.9239786
0.9230189
0.8972055
0.8941181
0.8932891
0.9263259
0.9132626
0.9165492
0.9172771
0.9253862
0.918282
0.9259335
0.9246124
0.9300833
0.9242289
0.9138466
0.9338962
0.9237099
0.9170418
0.915444
0.917426
0.9175655
0.9098252
0.9211401
0.8635455
0.8588779
0.859919
0.8672007
0.8631023
0.8634446
0.862189
0.8622105
0.8644087
0.8628125
0.8673134
0.8616986
0.8559211
0.8604909
0.8633991
0.8624293
0.8617274
0.8625954
0.8638532
0.8619616
0.862314
0.8649058
0.8652357
0.8610512
0.8596856
0.9129539
0.924103
0.9163776
0.8761427
0.9158021
0.910094
0.9097415
0.9130496
0.9121617
0.9099134
0.9107975
0.9131959
0.9106255
0.9157638
0.9088653
0.9181934
0.9154969
0.9197932
0.9125647
0.9079097
0.9185319
0.9108312
0.9109938
0.9119043
0.9250383
0.9283138
0.9185857
0.909965
0.8687847
0.9210032
0.9241625
0.920154
0.9187496
0.9098282
0.9224171
0.9202367
0.9182756
0.9058977
0.9128014
0.910143
0.8805789
0.8904712
0.9087031
0.9151086
0.9227775
0.9150097
0.9177611
0.9130235
0.9132359
0.9130833
0.9157543
0.9182904
0.927936
0.9160405
0.931659
0.931505
0.8699405
0.9149261
0.9141819
0.9154067
0.9263977
0.919489
0.9261527
0.9227524
0.928631
0.9242654
0.9141569
0.9336728
0.9216049
0.9165494
0.9165119
0.9184595
0.9174202
0.910066
0.9221206
0.8603279
0.8579308
0.8596954
0.8669361
0.863215
0.8619157
0.86327
0.8609764
0.8643949
0.8629676
0.8674654
0.8618967
0.8575316
0.8608583
0.8626282
0.8631348
0.8636953
0.8610215
0.8632513
0.8635489
0.8620907
0.8649337
0.8640071
0.8603614
0.8584018
0.9114633
0.9232801
0.9154693
0.8764992
0.914164
0.9113006
0.9110653
0.9131697
0.9115484
0.9097648
0.9126193
0.9132005
0.9118372
0.915076
0.9084851
0.9177348
0.9141223
0.9197947
0.9123399
0.9092751
0.9177068
0.9120681
0.9129236
0.9128713
0.9255238
0.9283486
0.9183631
0.910356
0.8691898
0.9208541
0.923899
0.9211835
0.9179232
0.9115371
0.9209825
0.9191164
0.9186168
0.9059851
0.9128061
0.9088204
0.8805992
0.8898416
0.9083994
0.9138125
0.9242106
0.9148989
0.9175735
0.9126434
0.9118543
0.9130496
0.9138466
0.9195757
0.9280451
0.9148959
0.9312867
0.9316856
0.8697999
0.9142371
0.9132528
0.9086724
0.9238973
0.9188172
0.9196624
0.9188328
0.9279399
0.9213248
0.9125325
0.9328961
0.9204193
0.9139115
0.9112178
0.9148298
0.9094883
0.8966377
0.9198347
0.8253686
0.8253938
0.8259325
0.8357532
0.8323952
0.8242225
0.8262931
0.8244504
0.8262126
0.8275225
0.8251805
0.8245011
0.8221006
0.8315519
0.8308934
0.8271486
0.8305704
0.8221878
0.8230814
0.8250174
0.8277468
0.8228244
0.8255075
0.8251432
0.8235977
0.9006799
0.9206779
0.9063113
0.8615607
0.9058807
0.8961842
0.89606
0.8960709
0.8970455
0.8961241
0.896999
0.8963089
0.8973844
0.9080178
0.8985774
0.9052506
0.9103554
0.9120506
0.8998994
0.8974796
0.9147311
0.9017066
0.9019424
0.9014069
0.921805
0.9279938
0.9147616
0.8999244
0.8368633
0.9173065
0.9154644
0.9169318
0.9146393
0.9013927
0.9203596
0.911133
0.909381
0.8853938
0.9005539
0.8921234
0.8758051
0.8757429
0.8974628
0.9088018
0.9163789
0.9080024
0.9134085
0.903657
0.9040311
0.9063484
0.9092631
0.9195512
0.9201435
0.9042033
0.9301799
0.9303583
0.8583517
0.9037565
0.9183118
0.9181834
0.9223622
0.9215385
0.9251986
0.9212064
0.9293584
0.9207186
0.9118732
0.9297085
0.920757
0.919907
0.9137188
0.9183529
0.9161233
0.9066455
0.9216161
0.8390159
0.8333015
0.8344396
0.841722
0.8371034
0.8295829
0.8305946
0.839465
0.8351406
0.8336318
0.8334732
0.8343554
0.8275942
0.8322792
0.8313585
0.8318632
0.8319761
0.8341534
0.8343495
0.8327352
0.8286327
0.8319591
0.83191
0.8353247
0.8339757
0.9100844
0.9224831
0.9063377
0.8654636
0.9058312
0.9036028
0.9034416
0.9043042
0.9031864
0.9026149
0.9032177
0.9046527
0.9037912
0.9081534
0.9080967
0.9028677
0.911292
0.9146354
0.8998785
0.90009
0.9204264
0.9066914
0.9045046
0.9055436
0.9195584
0.9241688
0.9164111
0.9065627
0.8355985
0.9170903
0.9179339
0.9208987
0.9197807
0.9055406
0.9196334
0.9114412
0.9116197
0.8902182
0.9059729
0.8941623
0.8797209
0.8746346
0.9060162
0.9097467
0.9301154
0.9136619
0.9161252
0.9073009
0.9096583
0.9099074
0.9100505
0.9198829
0.9254085
0.9068629
0.9284945
0.928559
0.8526383
0.9118214
0.9218795
0.9234222
0.9260091
0.9296102
0.9289098
0.9341485
0.9306829
0.9268164
0.9191764
0.9433303
0.932274
0.9282288
0.9196588
0.9205379
0.9192976
0.9021338
0.9277224
0.9145012
0.9111893
0.9142702
0.9156133
0.9139099
0.9142032
0.9151198
0.9138789
0.9130906
0.9126589
0.9132823
0.9147379
0.9137675
0.9166667
0.9103986
0.9124342
0.9157918
0.9132054
0.9114327
0.9124837
0.9100782
0.9123663
0.9124175
0.9132324
0.9116486
0.9071529
0.9130637
0.916315
0.9098038
0.9161941
0.9126242
0.9125027
0.9102745
0.9114563
0.91137
0.9131805
0.9107415
0.9132177
0.9165884
0.9134806
0.9142317
0.9194231
0.9223165
0.9063324
0.9046803
0.9233649
0.9190865
0.9177836
0.9180835
0.932368
0.9359556
0.9207435
0.9146635
0.9174492
0.9263355
0.9260235
0.9248609
0.923632
0.916122
0.9287973
0.918918
0.914662
0.9021917
0.9001965
0.9105438
0.9108824
0.9141861
0.9110073
0.9184792
0.9256561
0.9206576
0.9192769
0.9179349
0.9174887
0.9201015
0.9186322
0.9256724
0.9262156
0.9203257
0.9377079
0.9361045
0.9204012
0.9130608
0.9155948
0.9234169
0.9116747
0.913767
0.9231698
0.9094812
0.9264495
0.9171919
0.9040929
0.9330698
0.9110055
0.928936
0.9111804
0.9124559
0.9167954
0.914028
0.9167137
0.9140186
0.9076311
0.9088212
0.9145021
0.9122015
0.9124493
0.9097522
0.9132519
0.9108872
0.9091006
0.9125467
0.9069169
0.9097185
0.9081931
0.9066213
0.9127577
0.9099057
0.9120832
0.9113058
0.910634
0.9090001
0.9112179
0.9107276
0.9114087
0.913455
0.9136164
0.9221138
0.8543884
0.9093446
0.8460555
0.9111961
0.9109205
0.9115256
0.9093414
0.9128703
0.9107347
0.9122551
0.9111095
0.5864149
0.9085985
0.834794
0.9037621
0.9055428
0.8478082
0.8384703
0.9182825
0.9047313
0.9030835
0.9034179
0.9116365
0.91338
0.9214162
0.906908
0.9144274
0.9133955
0.913025
0.9241106
0.9186523
0.9064372
0.9105301
0.8609634
0.8581411
0.8853792
0.9070968
0.8356929
0.9004134
0.8987461
0.9113139
0.905892
0.9381948
0.9054449
0.9068159
0.9051424
0.9057104
0.9080816
0.9057668
0.921688
0.9264291
0.9006472
0.9213806
0.9214003
0.9068738
0.9183927
0.9155609
0.9132119
0.9237109
0.9209909
0.9200886
0.9175265
0.9280817
0.9205102
0.9128382
0.9338286
0.9211156
0.9162506
0.9095945
0.9134653
0.9160935
0.9061583
0.9208757
0.836954
0.828999
0.8291222
0.8386277
0.832366
0.8290428
0.8299682
0.839836
0.8306032
0.8324353
0.8329891
0.8309282
0.8293921
0.8314804
0.8354643
0.830968
0.8356818
0.830227
0.8342689
0.8363019
0.8332378
0.8356593
0.8335177
0.8331034
0.8339387
0.9054529
0.9171972
0.9058585
0.8663045
0.9042135
0.9022006
0.902197
0.8995416
0.8974461
0.898239
0.9019728
0.8996969
0.9011871
0.9094363
0.9001977
0.9055055
0.9101252
0.9137906
0.9019769
0.8988732
0.9182903
0.903427
0.9035453
0.9034864
0.9221172
0.9277235
0.9152454
0.901416
0.831281
0.9183158
0.9206545
0.9198806
0.9183573
0.9019756
0.9245482
0.9093723
0.9098106
0.8916072
0.9043568
0.8944481
0.8807702
0.8758056
0.901552
0.912143
0.9255948
0.9114648
0.9172441
0.9057233
0.909575
0.9080382
0.9112091
0.9200818
0.9238192
0.9013456
0.930277
0.9300084
0.8537152
0.9126766
0.9111364
0.9150009
0.9205146
0.9240678
0.9223954
0.9190018
0.9297066
0.9190456
0.9150817
0.9321853
0.9182647
0.910831
0.9128515
0.9138262
0.9139389
0.9007814
0.9211755
0.8303886
0.8263312
0.8249702
0.8409649
0.8362511
0.8290778
0.832055
0.8313942
0.8302326
0.8326853
0.8316779
0.83145
0.8249634
0.8311535
0.8342419
0.8258171
0.8355246
0.8261721
0.8339368
0.8316521
0.8333524
0.8343491
0.8377015
0.8331294
0.8290038
0.902816
0.9207626
0.9104926
0.8655744
0.907211
0.9002596
0.8998593
0.895049
0.8990471
0.8974128
0.8980064
0.8954862
0.9004313
0.9159706
0.9054233
0.9137641
0.9150105
0.9117166
0.9042432
0.901255
0.9177259
0.9121008
0.9126514
0.9115545
0.9243745
0.9289741
0.9099702
0.9062289
0.6911294
0.916079
0.9152315
0.9173066
0.9177919
0.9079851
0.9223441
0.9154074
0.914387
0.8978477
0.9029816
0.9048153
0.8773396
0.880374
0.8979092
0.9116959
0.9180195
0.912446
0.9164078
0.9069659
0.9093244
0.9100394
0.9126551
0.9163566
0.9201554
0.908517
0.929511
0.9286087
0.8572441
0.907076
0.9134554
0.9085142
0.925153
0.9213127
0.9250043
0.9269228
0.9235579
0.9215056
0.9121892
0.9348742
0.9253532
0.9115133
0.9137765
0.912544
0.9136431
0.9025309
0.9197463
0.8312214
0.8236757
0.8246308
0.8346402
0.8349808
0.8312989
0.8275356
0.8288125
0.8296225
0.8260954
0.8294565
0.8280985
0.8218789
0.8340489
0.8321401
0.8278978
0.8287944
0.8241132
0.8235476
0.830513
0.8322762
0.8254294
0.8297283
0.82884
0.8287888
0.9005377
0.9207827
0.9090714
0.8604172
0.9048852
0.8977525
0.8977086
0.8921981
0.8911482
0.892581
0.8972426
0.8930058
0.8987597
0.9195144
0.8969068
0.91779
0.9149081
0.9123674
0.9044083
0.9012395
0.9125177
0.9057126
0.905873
0.9050658
0.9248017
0.9322775
0.9079008
0.9002526
0.8315228
0.9171729
0.9174462
0.9129371
0.9120357
0.9020845
0.9205408
0.9134754
0.9126258
0.8905878
0.8993356
0.9068194
0.8785102
0.8837106
0.8923538
0.9101256
0.9112657
0.90913
0.913921
0.9003407
0.9053581
0.9089217
0.9108216
0.9144009
0.9198659
0.9047001
0.9274225
0.9287266
0.8675134
0.8997489
0.9146463
0.9180299
0.9212392
0.9235595
0.9257953
0.9213731
0.9321204
0.9200908
0.9075832
0.9360441
0.9206938
0.9182667
0.9094669
0.9129251
0.9126926
0.9046977
0.9210247
0.8353771
0.830169
0.8294789
0.8377328
0.8317477
0.8229167
0.8308668
0.8347686
0.836996
0.8365958
0.8319241
0.8333078
0.8319593
0.8302293
0.8333845
0.8265302
0.8280653
0.8315769
0.826909
0.8260769
0.8294794
0.8270595
0.8284604
0.8310011
0.8275622
0.9050049
0.9217107
0.9069651
0.8661489
0.9020511
0.8975665
0.8971214
0.8971705
0.8990266
0.8975419
0.896696
0.897408
0.897645
0.9073012
0.900148
0.9000875
0.9067888
0.9138744
0.8958311
0.896296
0.9198695
0.9009776
0.9021249
0.9017477
0.9201372
0.9276348
0.9151811
0.9026355
0.8385115
0.9134789
0.9188892
0.9218355
0.9206979
0.905657
0.9224675
0.9107836
0.9056066
0.8874735
0.9022364
0.8950633
0.8778882
0.8716216
0.8968009
0.9083653
0.9280728
0.9094385
0.9128265
0.9085653
0.9078787
0.905868
0.9094129
0.9206664
0.9179784
0.9019353
0.9286288
0.9283564
0.8563918
0.9068298
0.8878948
0.9187056
0.8600197
0.8656598
0.8948045
0.8859572
0.8840006
0.8836873
0.8901673
0.9107094
0.8756419
0.8913614
0.8831914
0.8841599
0.9119488
0.9143411
0.8626054
0.9234465
0.9180682
0.9169769
0.9182925
0.9206695
0.9195769
0.9189152
0.918472
0.9222821
0.9215368
0.9205711
0.9210189
0.919324
0.9216607
0.9187641
0.9188878
0.9196029
0.9199764
0.9199681
0.919474
0.9178871
0.9202924
0.9186848
0.9188494
0.9193196
0.9057022
0.9274521
0.9192932
0.9195042
0.919187
0.9040748
0.904342
0.9042991
0.9069064
0.9059922
0.9046243
0.9044485
0.9050774
0.9148297
0.8999824
0.9145626
0.8908328
0.884402
0.9127736
0.9144342
0.8986529
0.8990091
0.8963162
0.8987105
0.8644707
0.8779623
0.9152624
0.8958628
0.9197167
0.8873603
0.8805275
0.8833291
0.8996856
0.8831411
0.8722367
0.9211074
0.9169505
0.913776
0.9172204
0.9136893
0.9193988
0.9215454
0.9034757
0.8959305
0.9171879
0.9009243
0.9008122
0.8960873
0.8979014
0.9004886
0.8970095
0.9163452
0.9182908
0.8956953
0.8699813
0.8694556
0.9152242
0.8995249
0.8894973
0.9175145
0.8618188
0.8638658
0.8955069
0.8865293
0.88494
0.8824545
0.8935997
0.9119395
0.8773281
0.8919283
0.8823823
0.8838652
0.9134852
0.9116122
0.8600073
0.9228697
0.9171511
0.9176422
0.9190262
0.9186364
0.9198615
0.9191258
0.9189451
0.9219295
0.9213708
0.9196577
0.9209653
0.9189339
0.92075
0.9184877
0.9176684
0.9178244
0.9204475
0.9196163
0.9181471
0.9177242
0.9191174
0.9184839
0.9175943
0.9206899
0.9061872
0.9262206
0.9200591
0.9184241
0.9187994
0.902569
0.9027979
0.9013647
0.9044415
0.9045328
0.9028106
0.9012833
0.9028655
0.9160683
0.8989045
0.9142486
0.8909685
0.8853437
0.9131429
0.9162
0.9007689
0.8983577
0.8955467
0.8982524
0.8621278
0.8764278
0.9164388
0.8963026
0.9209109
0.8852157
0.8801962
0.8820692
0.9004986
0.8845285
0.8739823
0.9217522
0.9182399
0.9161865
0.9163841
0.9168799
0.9177594
0.9230636
0.903556
0.8947331
0.916574
0.8996556
0.9000457
0.8960598
0.8982614
0.9001089
0.8961635
0.9173864
0.9178681
0.8952381
0.8713209
0.870839
0.9177318
0.9008171
0.8880499
0.9150316
0.8613645
0.8601267
0.8935298
0.8844606
0.8847552
0.8838044
0.8915001
0.9108427
0.8775795
0.8905296
0.881837
0.8850785
0.9095346
0.911908
0.862948
0.923348
0.9149887
0.9195865
0.9184957
0.9179169
0.9199293
0.9205399
0.9218124
0.921551
0.9217746
0.9183758
0.9197631
0.9186633
0.9211163
0.9186301
0.9211578
0.9204423
0.9212631
0.9208431
0.9186272
0.9160616
0.9185853
0.919935
0.9179626
0.9186975
0.9042695
0.9280477
0.9206093
0.9171575
0.9183808
0.9028626
0.902588
0.9035529
0.9038855
0.9036318
0.9033748
0.9033939
0.9035884
0.9132548
0.898265
0.9139717
0.8877446
0.8795904
0.9107546
0.9152094
0.9000627
0.8944407
0.8934511
0.8947201
0.86035
0.8749058
0.9147603
0.897566
0.9202241
0.8855059
0.8800874
0.8792966
0.9009797
0.8859404
0.8713465
0.919723
0.9176745
0.9115579
0.9156998
0.9125612
0.9158168
0.9222346
0.9000177
0.8961562
0.9116867
0.8986696
0.898944
0.894356
0.8967995
0.8977673
0.8969618
0.9152713
0.9201278
0.8951004
0.8714901
0.8704803
0.9165973
0.8993976
0.9154123
0.9157884
0.9226989
0.9227746
0.9264781
0.9248253
0.9308272
0.9244034
0.9143513
0.9353625
0.9241863
0.9200604
0.9150336
0.9167493
0.9113611
0.9072291
0.9218783
0.9115255
0.9087177
0.9046359
0.9136714
0.9116813
0.9077789
0.9083434
0.9051288
0.9094011
0.9071482
0.9104387
0.9075367
0.9083833
0.9086516
0.9088773
0.9083432
0.9056078
0.9051823
0.906396
0.9075903
0.9095724
0.9085279
0.9087775
0.9065651
0.9080861
0.9126588
0.9156377
0.9064858
0.904226
0.9057087
0.9102482
0.9099729
0.9074689
0.9051508
0.9064517
0.9104483
0.9074239
0.9104301
0.9119909
0.9032523
0.9049231
0.9134329
0.9180195
0.8979599
0.8996622
0.9183211
0.9089747
0.9105691
0.9085377
0.9221697
0.9312818
0.9137012
0.9049601
0.9076723
0.9229752
0.9226806
0.9194845
0.9180482
0.910797
0.9226669
0.914686
0.9100697
0.8934685
0.9066274
0.9014655
0.9073435
0.9043494
0.9048368
0.9123545
0.9218541
0.9119488
0.9118407
0.9098186
0.9114261
0.9111654
0.911849
0.9177159
0.9217246
0.9091879
0.9319211
0.9316931
0.914944
0.9110651
0.9191411
0.9220436
0.91447
0.9201159
0.9266219
0.9155516
0.9309413
0.920687
0.9046588
0.9356131
0.9141591
0.9290914
0.9102516
0.9148131
0.9166363
0.9136006
0.9205531
0.9119094
0.9082946
0.9123651
0.9145608
0.9108405
0.9097391
0.9120684
0.9140109
0.9153162
0.9102234
0.9126882
0.908984
0.9105521
0.9104145
0.9077192
0.9081858
0.9100467
0.910463
0.9086838
0.910738
0.9083804
0.9077204
0.9085673
0.9078722
0.9110176
0.9138978
0.9156762
0.9043459
0.9100405
0.8944344
0.9073509
0.9068472
0.9090805
0.9122201
0.9119628
0.9070255
0.9089079
0.9067332
0.8911117
0.9063793
0.8810113
0.904684
0.9117881
0.8894091
0.8848544
0.920736
0.905046
0.902585
0.9051534
0.9136434
0.9209859
0.9200679
0.9064879
0.9170892
0.9143999
0.9211659
0.92727
0.9214516
0.9059425
0.914403
0.8983875
0.8958721
0.8893218
0.9062749
0.8821889
0.8990153
0.897241
0.909767
0.9012379
0.9362167
0.9050979
0.9083343
0.9009216
0.9006465
0.9030052
0.9007663
0.9206584
0.9217188
0.9013369
0.9270097
0.9246474
0.9048705
0.921466
0.916197
0.9192856
0.9138665
0.91702
0.9222325
0.9111466
0.9298688
0.9181848
0.902375
0.9326561
0.9163781
0.9222998
0.9082838
0.9123977
0.9110145
0.9100943
0.9204186
0.9099288
0.9066405
0.9094869
0.9095284
0.9075221
0.9079326
0.9082356
0.9099006
0.9099746
0.9069158
0.9100863
0.9046896
0.9081553
0.9066627
0.9037713
0.9050275
0.9057233
0.9082345
0.9066208
0.90608
0.9048694
0.9066923
0.9063896
0.9050111
0.9068374
0.911077
0.9135438
0.8998892
0.9047046
0.8932632
0.9021747
0.901803
0.9078135
0.908209
0.9084133
0.9034908
0.9074841
0.9024034
0.885107
0.9035253
0.8698216
0.9007648
0.9071933
0.8873313
0.8812211
0.9202867
0.905344
0.9042931
0.9041517
0.911671
0.9155309
0.9217675
0.9049305
0.9144353
0.9140801
0.9164809
0.9245972
0.9204763
0.9019834
0.909606
0.8922544
0.89455
0.8859565
0.908065
0.8787101
0.8958027
0.8959444
0.9098923
0.8976445
0.9301888
0.90114
0.9019572
0.8956333
0.898696
0.9010473
0.8981647
0.9185117
0.9227603
0.9007617
0.9236404
0.9228461
0.900297
0.9156666
0.9104021
0.9195578
0.9101824
0.9120643
0.9200996
0.9121427
0.9251927
0.9191698
0.8997846
0.9318808
0.913568
0.9169554
0.9076015
0.9051346
0.9085343
0.9030466
0.9152411
0.9079827
0.8998411
0.9025241
0.9087286
0.9044739
0.9015604
0.9019397
0.9056152
0.9059985
0.900532
0.9067287
0.9009239
0.9009701
0.9039914
0.9005795
0.9032549
0.9010945
0.9046099
0.9012656
0.901604
0.9006651
0.8999136
0.9035286
0.9001552
0.9013137
0.9039164
0.9171733
0.8496449
0.9018398
0.8370497
0.9021516
0.9021876
0.8995745
0.9013775
0.9008487
0.9016866
0.8996504
0.902333
0.8248524
0.8970212
0.8157237
0.8996007
0.9042668
0.8228042
0.7985592
0.9188698
0.8998707
0.8982025
0.8992114
0.913005
0.918256
0.9145033
0.894439
0.9064717
0.9087276
0.9096797
0.9192013
0.9181809
0.8962821
0.9081021
0.8553044
0.8432665
0.8733066
0.8988804
0.8199899
0.8913433
0.893631
0.9005149
0.8953836
0.9322827
0.8992966
0.9022163
0.8981314
0.8986657
0.9009816
0.8961268
0.9138776
0.9206599
0.8966973
0.9198135
0.9200211
0.8994247
0.9138595
0.9143317
0.9169761
0.9157819
0.9161532
0.9241113
0.9170955
0.9240538
0.9205966
0.9101406
0.9346374
0.9171793
0.9165002
0.9087427
0.90706
0.9131356
0.9018479
0.9153896
0.880838
0.8746601
0.8769944
0.8800088
0.876513
0.8767103
0.8802364
0.8770079
0.8805507
0.8770273
0.8809577
0.8760983
0.8720791
0.8760505
0.8743728
0.8734083
0.8717098
0.8795796
0.8736478
0.873405
0.8767458
0.8740666
0.8736315
0.8729022
0.8775957
0.9020042
0.9147606
0.9047773
0.8764362
0.9013693
0.9046997
0.9043784
0.9042153
0.9030466
0.9037801
0.9041126
0.9040516
0.905494
0.9015493
0.9087119
0.897814
0.9107233
0.9092938
0.8964019
0.8957451
0.9218558
0.9085517
0.9070237
0.9090124
0.9191934
0.9254063
0.9171616
0.9043297
0.8831885
0.9189218
0.9155809
0.9211618
0.9221949
0.9028816
0.9152912
0.9035119
0.9038875
0.8852895
0.898175
0.8930337
0.771369
0.8796072
0.9043604
0.9041284
0.9276588
0.9072224
0.9093844
0.9018925
0.903144
0.9044549
0.9046331
0.912809
0.9258595
0.9071143
0.9288594
0.9290377
0.878911
0.9127067
0.9143452
0.9174921
0.9151387
0.9178252
0.9230662
0.9176915
0.9253943
0.9214627
0.9093167
0.9341209
0.9183593
0.9176824
0.9086991
0.9072483
0.9123871
0.9008505
0.9161426
0.878413
0.8719284
0.8779708
0.8799926
0.8776525
0.8755958
0.8784336
0.8780234
0.8792496
0.87625
0.880903
0.8760693
0.8731762
0.8756456
0.8717719
0.8721026
0.8703565
0.8788543
0.8728542
0.8725256
0.8732851
0.8741569
0.8739718
0.8713847
0.8766521
0.9012424
0.9135367
0.9042078
0.878358
0.8982663
0.9038448
0.9039211
0.9020821
0.9023839
0.9050312
0.9040931
0.9017181
0.9046783
0.8987087
0.9078017
0.8959861
0.90935
0.9103928
0.8965179
0.8960217
0.9231825
0.9058241
0.9043995
0.9063631
0.9196454
0.9251503
0.9171838
0.9035979
0.8799145
0.9182212
0.914899
0.9206936
0.923638
0.9001351
0.9151133
0.9050949
0.9026065
0.8808751
0.893877
0.8933462
0.7699035
0.8791295
0.9063666
0.9030378
0.9272572
0.9069373
0.908793
0.9022652
0.902643
0.9035652
0.9021136
0.914887
0.9224891
0.9059965
0.9292194
0.9288707
0.8743861
0.9122433
0.918882
0.9176724
0.9233852
0.9238375
0.9255684
0.9242526
0.9327202
0.9248075
0.9147228
0.9381565
0.9263498
0.9266555
0.9145606
0.9148574
0.9160353
0.9056145
0.9230467
0.9083642
0.9074304
0.9066939
0.9099483
0.9098349
0.9075872
0.9088369
0.9084579
0.9123581
0.9097565
0.9115249
0.9085696
0.9076861
0.9079238
0.9063638
0.9066862
0.9083173
0.9084796
0.9080042
0.9062011
0.9047706
0.9038938
0.905949
0.9062682
0.9053921
0.9077384
0.9094409
0.9068222
0.8992669
0.9058725
0.9050873
0.9053239
0.9073103
0.9047845
0.9061135
0.9055357
0.9074236
0.9053672
0.9061233
0.906791
0.8976218
0.9132775
0.9118062
0.8992939
0.8937456
0.9224373
0.9105444
0.9107104
0.909114
0.9246466
0.9294767
0.9164806
0.9043538
0.9092812
0.9200996
0.9202408
0.9266621
0.9230851
0.9110223
0.9231594
0.9067869
0.9039475
0.8895994
0.8985513
0.8950202
0.8983777
0.9006181
0.9021823
0.9083964
0.9241838
0.9106633
0.9133396
0.9056171
0.9073879
0.9076132
0.9088638
0.9223224
0.9248723
0.910843
0.9313798
0.93175
0.9087218
0.9103054
0.9222845
0.9173939
0.9274199
0.9248856
0.9294482
0.9278182
0.9345618
0.9234513
0.9159862
0.9364672
0.9292257
0.925494
0.9155445
0.9164053
0.9192863
0.8975348
0.9277212
0.9018226
0.8993438
0.9000296
0.9054752
0.9029755
0.9001773
0.9016629
0.9003909
0.9030916
0.9036969
0.9036393
0.9032911
0.8987093
0.9023986
0.9024561
0.9008972
0.9014849
0.9024642
0.9036415
0.9027762
0.902501
0.9026232
0.9034156
0.8984421
0.899841
0.9062767
0.9116869
0.9052347
0.8964257
0.9046694
0.9013918
0.9016321
0.9006174
0.9010847
0.9022044
0.9016866
0.9013039
0.9026358
0.9113019
0.9007589
0.9045782
0.9159939
0.9172818
0.8952549
0.8928478
0.9224726
0.9052319
0.905395
0.9040471
0.9319959
0.9362284
0.9160344
0.9020861
0.9082208
0.9189102
0.9237591
0.9256869
0.9218543
0.9058967
0.9257993
0.9162309
0.9135834
0.8855052
0.8976297
0.9007682
0.8964538
0.9058515
0.9046129
0.9114035
0.9246632
0.913914
0.9124199
0.9071014
0.9129101
0.9127937
0.9115567
0.922168
0.9183085
0.9084946
0.9371327
0.937057
0.9121316
0.909786
0.8803323
0.9163967
0.8572011
0.8383944
0.8929162
0.8777562
0.8788856
0.8805155
0.8908895
0.9106254
0.8686315
0.8837319
0.8776241
0.882276
0.9143296
0.9167644
0.8444312
0.9251508
0.9228397
0.9208313
0.9220585
0.9205411
0.9206849
0.921188
0.9226232
0.9219454
0.9221337
0.9225928
0.9234179
0.9196739
0.9220326
0.9217553
0.9241957
0.9222988
0.9205593
0.9228135
0.9199762
0.9190174
0.9220471
0.9224971
0.9204845
0.9192139
0.9050755
0.9315643
0.9209913
0.9234998
0.9215297
0.9049316
0.904694
0.90539
0.9049485
0.9032476
0.90494
0.905268
0.9055564
0.921303
0.8949778
0.9190087
0.8923187
0.8763349
0.9187003
0.9161474
0.8948505
0.8982452
0.8966639
0.895811
0.873982
0.8782826
0.9174008
0.8934816
0.9245316
0.8811372
0.8768895
0.8735041
0.8950335
0.8888407
0.8688663
0.9263133
0.9218815
0.9165206
0.9207545
0.9242398
0.9215797
0.9269761
0.9059592
0.9030473
0.9102446
0.9025645
0.9028413
0.9033452
0.9038318
0.9078975
0.903038
0.9182652
0.9196413
0.8972213
0.8578464
0.8573742
0.9242213
0.901756
0.8796741
0.9086261
0.8600622
0.8601981
0.8875673
0.864793
0.8874396
0.8819494
0.8841272
0.9104925
0.8707073
0.8804095
0.8727869
0.8836558
0.9107063
0.9033212
0.8628064
0.911119
0.9078123
0.9089941
0.9101147
0.9091939
0.9099383
0.9122305
0.9101267
0.9126227
0.9137736
0.9116169
0.9123551
0.9096144
0.9079055
0.9141444
0.9091492
0.9103419
0.909107
0.9077125
0.9078929
0.9125627
0.9082458
0.9088816
0.9069892
0.9084257
0.8942704
0.9235068
0.9059409
0.9073132
0.906405
0.8937191
0.8939148
0.8935312
0.8941372
0.8936675
0.8938924
0.8938483
0.8940575
0.907082
0.8815718
0.9016128
0.8819215
0.8683
0.9020505
0.8994053
0.8957757
0.8766764
0.8747579
0.8764467
0.8629406
0.8746409
0.9104181
0.8761056
0.9152222
0.8770065
0.8734293
0.8751378
0.8963523
0.8757464
0.8692494
0.9149187
0.9113897
0.9020306
0.9118994
0.9011615
0.9059262
0.9081465
0.8897678
0.8848934
0.9117283
0.8878602
0.8900597
0.8825047
0.8841826
0.8876121
0.8827344
0.912252
0.9109168
0.8845791
0.8602668
0.8589583
0.9121915
0.895581
0.9150175
0.9160757
0.9215391
0.9182037
0.923979
0.9216304
0.9269532
0.9235592
0.9108102
0.9325439
0.9208852
0.9186361
0.9157836
0.9146631
0.9143014
0.9068788
0.9197395
0.8625301
0.8595949
0.8593204
0.8667377
0.8657377
0.862387
0.8607919
0.8632567
0.8642778
0.8620919
0.8662211
0.8625361
0.8581333
0.8586263
0.8634361
0.8606444
0.86206
0.8622109
0.8638902
0.8619565
0.8612974
0.8598887
0.8601015
0.8582023
0.8582378
0.9113053
0.9245113
0.9170955
0.8817069
0.9165231
0.9090812
0.9095053
0.9098404
0.9119653
0.910606
0.9102131
0.910337
0.9099986
0.9109404
0.9068471
0.9155722
0.9087973
0.9184974
0.9091455
0.9051001
0.9160803
0.910211
0.9101028
0.9112843
0.9221446
0.9276046
0.9151265
0.9062112
0.8681474
0.9189321
0.9218247
0.9190441
0.915727
0.9076101
0.9207896
0.9198975
0.9178579
0.9013941
0.9096854
0.906496
0.8805745
0.8849173
0.9082729
0.9111951
0.9220565
0.9122504
0.9152441
0.9095849
0.9123472
0.9132335
0.9127273
0.918104
0.9252178
0.9113906
0.9279953
0.9279104
0.8677732
0.9154615
0.8842972
0.918983
0.8464585
0.8420055
0.8923261
0.8594616
0.883617
0.879157
0.8844462
0.9060426
0.8611581
0.8823593
0.877424
0.8875276
0.917375
0.9162047
0.8292139
0.9236998
0.91865
0.9214506
0.9231973
0.9225887
0.9202465
0.9231226
0.9209809
0.9244383
0.9192425
0.9211364
0.9195113
0.9223008
0.923436
0.9200322
0.9232657
0.9241191
0.9223104
0.9215467
0.9225581
0.9183516
0.9196835
0.9197609
0.9197416
0.9210084
0.9052131
0.932782
0.9176598
0.9199531
0.9154989
0.9086489
0.9081031
0.9091746
0.9074245
0.9078551
0.9088878
0.9091295
0.9083155
0.9126591
0.8950886
0.9084196
0.884147
0.8666789
0.9133403
0.9128762
0.8933947
0.8940175
0.8943241
0.8928315
0.8542961
0.85982
0.9191714
0.8915736
0.9229112
0.8704261
0.8746862
0.882935
0.8934577
0.8827053
0.864428
0.9183554
0.9160088
0.9162674
0.9196401
0.9109836
0.9194237
0.9195026
0.9068374
0.8944905
0.9193904
0.8990007
0.8984161
0.8944066
0.8964814
0.8973044
0.8961345
0.9194502
0.9247364
0.893733
0.8434188
0.841538
0.9174871
0.903273
0.8913137
0.9175711
0.8653338
0.8605746
0.8996305
0.8709538
0.8874821
0.8884999
0.8944534
0.9145042
0.8710323
0.8888769
0.8825813
0.8920589
0.920126
0.921945
0.8603746
0.9240281
0.9255501
0.9271065
0.9255769
0.9229565
0.9259864
0.9255848
0.9249878
0.923904
0.926034
0.9249243
0.9254805
0.9234988
0.924736
0.9247667
0.9256634
0.9222684
0.9236937
0.9234575
0.9223254
0.9233234
0.9227311
0.9228038
0.9214026
0.9245
0.9077525
0.9333059
0.9183007
0.9225893
0.9204122
0.909284
0.9092808
0.9085732
0.9077147
0.9077962
0.9096763
0.9084512
0.9099253
0.9155401
0.9009335
0.9136214
0.8945356
0.8790627
0.9147904
0.9180311
0.9005129
0.8955197
0.8967325
0.8958028
0.8716103
0.8744976
0.9188724
0.897177
0.9257436
0.8822855
0.8786738
0.8816985
0.8996196
0.8895692
0.8799291
0.9164509
0.9166522
0.9156519
0.9229007
0.9165486
0.9182399
0.922532
0.906354
0.902673
0.9177612
0.8997375
0.9029724
0.9026964
0.8996259
0.9009743
0.9034793
0.9203221
0.9270586
0.9003487
0.8621836
0.8626777
0.9233633
0.9088589
0.8749863
0.9081348
0.8421389
0.8433053
0.89062
0.8543696
0.8789376
0.8669831
0.8781837
0.9068717
0.8543027
0.8813664
0.8664394
0.8730987
0.9112712
0.9056108
0.8325391
0.9140484
0.9121176
0.9138218
0.9148345
0.9129713
0.9134493
0.9136579
0.9130558
0.9147383
0.9145851
0.9144674
0.9131679
0.9133671
0.9128808
0.9160669
0.9132195
0.914123
0.9156958
0.9127374
0.9118022
0.9144108
0.9124576
0.9118541
0.9111056
0.9120638
0.8927935
0.9250512
0.9099105
0.9098736
0.9086117
0.8959031
0.8955412
0.8964265
0.8949266
0.8969934
0.8955977
0.8960273
0.8958922
0.9069278
0.8847936
0.9055141
0.8751599
0.855888
0.9054681
0.902745
0.885931
0.8805335
0.8793662
0.8778601
0.8568044
0.8589195
0.9112574
0.8836873
0.9093519
0.8658652
0.863182
0.8649751
0.8874172
0.8744862
0.8600984
0.908592
0.9089089
0.9016292
0.9079781
0.9048356
0.9109286
0.9112607
0.890358
0.8843941
0.9074008
0.8856782
0.8920424
0.8860934
0.8855837
0.886676
0.8864318
0.9130731
0.9105768
0.8802578
0.8492703
0.8489942
0.9125044
0.8878719
0.887889
0.907091
0.8745373
0.8738528
0.8939495
0.8796604
0.8894722
0.8885009
0.8936125
0.9142532
0.8835091
0.8925617
0.8830382
0.8886253
0.9083242
0.9108978
0.8721407
0.9225551
0.9194067
0.9201591
0.9216094
0.9205107
0.9212552
0.9215673
0.9191289
0.9205946
0.9199554
0.9198089
0.9209748
0.9188158
0.919631
0.9234059
0.917465
0.9189085
0.9213186
0.9200683
0.9176076
0.9213264
0.9190009
0.9191166
0.9199259
0.9187745
0.9035395
0.930933
0.9236768
0.9183008
0.9187939
0.9015507
0.9011955
0.9002986
0.90063
0.9012801
0.9002705
0.9006465
0.9018837
0.9163479
0.8914441
0.9188333
0.8936929
0.8814355
0.9140448
0.9151122
0.8961126
0.8944013
0.8923379
0.8912025
0.8810671
0.8894947
0.913051
0.8908624
0.9205779
0.8849321
0.882573
0.8823252
0.8966853
0.8917572
0.8784956
0.9192113
0.9192763
0.9173571
0.9140543
0.9193026
0.9198763
0.9227864
0.8968786
0.8978506
0.911222
0.8998266
0.9004139
0.8980928
0.8991289
0.8996603
0.8970954
0.9175539
0.9217412
0.8941189
0.8754456
0.8738313
0.9223048
0.8996648
0.8859385
0.9172166
0.8651185
0.8616647
0.8926638
0.8679544
0.8839033
0.8897131
0.8888651
0.9121372
0.8705065
0.8944808
0.8806896
0.8853874
0.9123956
0.9160017
0.86222
0.9209831
0.919679
0.92163
0.9197435
0.9188278
0.919156
0.9206713
0.9211257
0.9211248
0.9172154
0.9188003
0.9188766
0.9196553
0.9176843
0.9210847
0.9208028
0.9191064
0.9210224
0.9201502
0.9161457
0.9181378
0.9177295
0.9179598
0.9215502
0.9194998
0.9042218
0.9310251
0.9184627
0.9196495
0.9136013
0.9034292
0.9030372
0.9015197
0.9043389
0.9025338
0.9033606
0.9017879
0.9040823
0.9093376
0.899165
0.9066383
0.8886585
0.8721488
0.9116438
0.9103654
0.9016485
0.8918688
0.8910654
0.8910785
0.8727549
0.875054
0.914382
0.8998235
0.9206974
0.8824767
0.8754831
0.8816123
0.9013404
0.8909573
0.8697184
0.9113098
0.9103887
0.9123926
0.9204667
0.9086102
0.9143643
0.9192803
0.9041077
0.8974795
0.919283
0.8948078
0.8940249
0.8961912
0.8990279
0.8997141
0.8966079
0.917202
0.9215213
0.8911064
0.8661064
0.8673791
0.9185214
0.9033082
0.8854238
0.9182063
0.8476504
0.8585228
0.8910919
0.8568025
0.8806581
0.8825419
0.878117
0.9082713
0.8628122
0.8881119
0.8776472
0.8785112
0.9129676
0.9159718
0.8447361
0.9154825
0.9149839
0.9147216
0.913744
0.9117616
0.9151532
0.9147098
0.9159806
0.9146402
0.9139129
0.913449
0.9153307
0.9159955
0.9159575
0.9120175
0.9121187
0.9116793
0.915329
0.9121027
0.9110899
0.9126642
0.9105904
0.91072
0.9119368
0.9155759
0.8999028
0.9277321
0.9136776
0.9177622
0.9082874
0.9017509
0.9020226
0.8989932
0.9034956
0.9032396
0.9018787
0.8989505
0.9023636
0.9044932
0.8869757
0.8987876
0.8809809
0.871824
0.9029343
0.9066781
0.8945128
0.8839903
0.8839282
0.8826818
0.8534921
0.8679687
0.9128667
0.8846237
0.9192924
0.8782989
0.8658039
0.8771949
0.8944993
0.8789439
0.8657935
0.9109346
0.9105372
0.9079285
0.9148667
0.9059246
0.9133143
0.9125969
0.9005578
0.8860536
0.9182956
0.8912068
0.8902509
0.8877518
0.8880492
0.8911186
0.8876028
0.9161913
0.9162679
0.881654
0.8569481
0.8561778
0.9104087
0.8995368
0.8901332
0.9156597
0.8632887
0.8659977
0.9024042
0.8771118
0.8944759
0.8866601
0.8975764
0.9141907
0.8792705
0.8890484
0.883313
0.8906368
0.9154503
0.9099672
0.8543514
0.9163156
0.9161651
0.916207
0.9205935
0.9191097
0.9172423
0.9175601
0.9176438
0.9169966
0.9174518
0.9202169
0.9173791
0.9203589
0.9177335
0.9195282
0.9174118
0.9184053
0.9164677
0.9188139
0.9184653
0.918038
0.9176273
0.917594
0.9184777
0.919256
0.9018159
0.9274249
0.9139454
0.9139224
0.9158709
0.9023068
0.9020685
0.9001498
0.902559
0.9024234
0.9022382
0.900107
0.9027624
0.9124629
0.8913051
0.9120645
0.8947876
0.8728514
0.9110504
0.9093738
0.8967305
0.890546
0.8900937
0.8897873
0.8664596
0.8817135
0.9169225
0.8917528
0.9154354
0.8779505
0.8816773
0.8834532
0.8985891
0.8853236
0.8828478
0.9157651
0.9111972
0.9079918
0.9102888
0.9128781
0.9127781
0.9204781
0.9049393
0.8963195
0.9133709
0.896661
0.8981936
0.89565
0.8982688
0.8965726
0.8969755
0.9175031
0.9200194
0.8932755
0.8712975
0.8703596
0.9151235
0.9034362
0.8770067
0.9149047
0.8313775
0.8351154
0.8833695
0.8515939
0.8776416
0.8705938
0.8767213
0.9083692
0.8556716
0.8762763
0.8734698
0.8768217
0.9116507
0.9102872
0.8170288
0.915128
0.9115057
0.9119033
0.9130435
0.9134761
0.9141464
0.9112409
0.9123322
0.9122503
0.911211
0.9145501
0.9128283
0.9126796
0.9095383
0.9118501
0.9136885
0.9113183
0.9100845
0.9107016
0.9101486
0.9117283
0.9107687
0.9103199
0.909175
0.9101008
0.8925686
0.9239742
0.9107991
0.9139484
0.9084637
0.8963878
0.8961455
0.895481
0.8924984
0.893627
0.8961619
0.8962332
0.8966591
0.9083752
0.8860119
0.9055994
0.8709595
0.8512817
0.9089498
0.9040054
0.8878094
0.8862091
0.8847367
0.8847061
0.8506457
0.856863
0.9097062
0.8800494
0.9131026
0.8626754
0.8628565
0.8733846
0.8879428
0.8756919
0.8594334
0.9106925
0.9090302
0.9063292
0.9106053
0.9048818
0.9117122
0.9123519
0.8940016
0.8847656
0.9108529
0.8912129
0.8908947
0.8858593
0.8887362
0.8914434
0.88644
0.9136715
0.912418
0.8838028
0.838804
0.8367654
0.9097766
0.8941057
0.8736865
0.9124475
0.8315857
0.8417988
0.8837003
0.8542104
0.8774069
0.8694158
0.8783258
0.9043689
0.8541419
0.8765729
0.8680731
0.8690423
0.9062349
0.9116804
0.8232333
0.9160755
0.9123442
0.9141634
0.9135307
0.9161061
0.9140211
0.9178608
0.9134734
0.913277
0.9129313
0.914118
0.9136627
0.9149019
0.9139117
0.914416
0.9132149
0.9131959
0.9163431
0.9133095
0.9103297
0.9148283
0.9124912
0.9141143
0.9119119
0.9160162
0.8964856
0.9263931
0.9127012
0.9142888
0.9083345
0.8980355
0.8975559
0.8961758
0.9003087
0.9001396
0.8977301
0.8964513
0.8983946
0.9033194
0.8882389
0.905034
0.8756717
0.8625898
0.9093988
0.9096756
0.8909953
0.8827479
0.8836171
0.882002
0.8480687
0.8585937
0.9125409
0.8837091
0.9163486
0.8676181
0.868041
0.8716889
0.8910149
0.8709392
0.8559165
0.9139029
0.9123809
0.9086472
0.9114389
0.905851
0.9118949
0.9127278
0.8961674
0.8849007
0.9133065
0.8852981
0.8872284
0.8862375
0.8856064
0.8868197
0.8854879
0.9102069
0.9149972
0.8826395
0.8438223
0.8441423
0.9121536
0.8958401
0.876286
0.9098805
0.8449304
0.8444345
0.889262
0.8621055
0.8815198
0.8795918
0.8858639
0.905034
0.8688525
0.8787857
0.8759445
0.8783981
0.9130212
0.9049042
0.8325587
0.9157676
0.9097565
0.9154666
0.914143
0.9157606
0.9147878
0.9159886
0.9140873
0.9152309
0.9138916
0.9153822
0.9149274
0.9124007
0.9152501
0.9152967
0.9134476
0.9143877
0.914427
0.9123502
0.9121466
0.911104
0.9118011
0.9123129
0.9101758
0.9131773
0.9007181
0.9264156
0.9182847
0.9151444
0.9136432
0.9040029
0.9035684
0.9033697
0.9007204
0.9015709
0.9035025
0.9039518
0.9040348
0.9107346
0.8913106
0.9104803
0.884437
0.8665119
0.9098274
0.9122677
0.8928762
0.886742
0.8849497
0.8845554
0.8589152
0.8623162
0.9153718
0.8843528
0.9176956
0.8747736
0.8714965
0.8724916
0.8924655
0.8775189
0.8682993
0.9164268
0.9168554
0.907313
0.9130511
0.9117248
0.9143365
0.9179226
0.8963883
0.8944464
0.9077901
0.8926906
0.8938031
0.8878843
0.8924274
0.8919268
0.8952647
0.9142536
0.9141607
0.887688
0.8514074
0.851007
0.9181151
0.8986018
0.880138
0.9117423
0.8451195
0.8433771
0.8891046
0.8677521
0.8778354
0.8796439
0.8868713
0.9039007
0.8626442
0.8824913
0.8735912
0.8773468
0.9105705
0.9093546
0.8343507
0.9180195
0.9150064
0.9142847
0.9158629
0.9180081
0.9177678
0.9145031
0.9142465
0.9156554
0.9175971
0.9151193
0.9181703
0.9129481
0.9148734
0.9156071
0.9162574
0.9166109
0.9155039
0.9166813
0.9165582
0.9137621
0.9182291
0.9167135
0.9162228
0.9139903
0.9026423
0.9281844
0.9200557
0.9165446
0.9122739
0.9008841
0.9008412
0.9009218
0.9016487
0.9021809
0.9014447
0.9008787
0.9014135
0.9128664
0.8875915
0.9115006
0.8865376
0.8660826
0.9125934
0.9112369
0.8906272
0.8916619
0.8896132
0.8876214
0.8643987
0.8682932
0.9142104
0.8864078
0.9213388
0.8744255
0.8711482
0.8738385
0.8898157
0.878517
0.8649136
0.9164675
0.9159526
0.9114939
0.9131351
0.91595
0.9148438
0.9192222
0.8992597
0.8891126
0.9082305
0.8936764
0.8930439
0.8925257
0.8942132
0.8965493
0.8900151
0.9127446
0.9137871
0.8898937
0.8487747
0.8484128
0.9156444
0.8978375
0.8905626
0.909632
0.8651911
0.8725824
0.8945167
0.8760487
0.8937146
0.8852477
0.8843547
0.9149428
0.8750596
0.8897878
0.8800423
0.8911944
0.9082817
0.9133629
0.8669943
0.913825
0.910789
0.9127443
0.9173793
0.9140148
0.9136084
0.9161313
0.9133665
0.9148672
0.9156374
0.9143243
0.9162556
0.9111556
0.9145787
0.914933
0.9148518
0.9154068
0.9134756
0.9114962
0.9124933
0.9140358
0.9117574
0.9128147
0.9131149
0.9109706
0.9043821
0.9290982
0.9074884
0.912614
0.904014
0.8994177
0.899215
0.9025883
0.8994359
0.9006553
0.8999855
0.9027023
0.8992654
0.9072398
0.8882428
0.9037981
0.8796744
0.8779358
0.9092652
0.9014881
0.8947425
0.8892883
0.8892726
0.8906971
0.87774
0.8813973
0.911094
0.8859968
0.9168042
0.8831606
0.884255
0.8818399
0.8947293
0.8811168
0.8753952
0.9099441
0.9073359
0.9070335
0.9115893
0.8994757
0.9096605
0.9156454
0.8988123
0.8926259
0.918397
0.891975
0.89597
0.8922127
0.8901743
0.8938459
0.8916893
0.9122536
0.9220074
0.8936995
0.8758857
0.8747026
0.9102153
0.9002857
0.8924108
0.9143679
0.8757314
0.8788941
0.8986555
0.8872328
0.8950934
0.8903964
0.8935383
0.9142439
0.8837891
0.8926773
0.8874964
0.8953572
0.9137258
0.9140139
0.8716251
0.9195087
0.9192518
0.9178396
0.9245612
0.9211615
0.9203966
0.9194978
0.9180213
0.9201096
0.9201475
0.919734
0.9204553
0.9195329
0.9192891
0.9246453
0.9206932
0.9221309
0.9216362
0.9185125
0.9192662
0.921
0.9186525
0.9207424
0.9209933
0.9180802
0.9073767
0.9325405
0.9245349
0.9221446
0.9165055
0.9064509
0.9060959
0.9062444
0.9074041
0.9060474
0.9065758
0.9066676
0.9064172
0.9165487
0.8973881
0.9197461
0.8948125
0.8902659
0.9198042
0.9216707
0.9014408
0.9010463
0.8999821
0.8987383
0.8833514
0.8907798
0.911819
0.8969157
0.922348
0.8931796
0.8894539
0.8881251
0.9017895
0.8894165
0.8808554
0.9201426
0.9217137
0.9191977
0.9184232
0.9166815
0.9224757
0.9204144
0.9048248
0.897301
0.9157988
0.8968936
0.9005959
0.8978603
0.8986688
0.8994038
0.8966172
0.9179771
0.9204435
0.9030922
0.8830808
0.8829372
0.9208532
0.9089839
0.8790929
0.910544
0.8483717
0.8400313
0.8883315
0.8630257
0.8810566
0.8766446
0.8878851
0.9052919
0.8634528
0.877712
0.8744233
0.8791613
0.9123311
0.9065843
0.8395724
0.9136386
0.9095847
0.911336
0.9121332
0.9145149
0.9128486
0.9125587
0.9130312
0.9165027
0.912835
0.9137505
0.91433
0.9104515
0.9138896
0.9153486
0.9130404
0.9135593
0.9111394
0.9129821
0.9110875
0.9124682
0.912933
0.9130205
0.9139333
0.9105006
0.8955484
0.925448
0.9140527
0.9125524
0.9111338
0.8965505
0.8963088
0.8945742
0.8958154
0.8972799
0.8970778
0.8950883
0.8971008
0.912144
0.8832978
0.9081261
0.8842939
0.8675979
0.9066954
0.9052025
0.889573
0.8834955
0.8827451
0.8829564
0.8624936
0.8727537
0.9105173
0.8840088
0.9127222
0.8753344
0.8716984
0.8721957
0.8894316
0.8778342
0.8657627
0.9160258
0.9152436
0.9062331
0.9084654
0.9127909
0.9110636
0.9177797
0.8944873
0.8913168
0.904435
0.889954
0.8920634
0.8891414
0.8925141
0.8947462
0.8905054
0.915558
0.9107487
0.8873
0.851856
0.851882
0.9157295
0.8858429
0.8711463
0.9101994
0.8541333
0.8448237
0.8909598
0.8622779
0.882502
0.8688673
0.8832537
0.9051643
0.8583724
0.8769987
0.8701242
0.8712715
0.9079902
0.9040513
0.8450867
0.9073462
0.9076759
0.9080827
0.9097877
0.9096379
0.9080611
0.9070726
0.9048754
0.9097928
0.9087106
0.9098227
0.9087492
0.9037884
0.9065295
0.9097744
0.9057386
0.9085806
0.909049
0.9089329
0.9062022
0.9043754
0.9051957
0.9071591
0.9091459
0.9071248
0.8914626
0.9239017
0.910348
0.90816
0.9079329
0.8886835
0.8881555
0.8881005
0.8860796
0.8867576
0.8876115
0.8884226
0.8886743
0.9134919
0.878126
0.9082743
0.8807169
0.8661014
0.9009377
0.903
0.888663
0.8803226
0.8795632
0.8794479
0.8654157
0.8714525
0.9053254
0.8758739
0.910267
0.8703212
0.8679418
0.8707952
0.8887182
0.8680463
0.8671838
0.9127862
0.9101494
0.900931
0.9098835
0.9066236
0.9091917
0.9121665
0.8855568
0.8862775
0.9038743
0.883572
0.8895167
0.8843851
0.8808258
0.8825552
0.8867025
0.9102275
0.9100176
0.8824064
0.8638695
0.8646994
0.9112501
0.8853109
0.8901091
0.9150057
0.8709428
0.8763006
0.8964303
0.8773278
0.8949559
0.8932851
0.891486
0.9151492
0.8842452
0.8948049
0.8842136
0.8834555
0.9116707
0.9157195
0.8737712
0.9156916
0.9141143
0.9162718
0.9165083
0.9149958
0.9174283
0.9163725
0.9145825
0.9173717
0.9136955
0.9153819
0.9131204
0.915438
0.9151346
0.9111371
0.9157943
0.9147693
0.9136166
0.9136899
0.9141411
0.9129819
0.9122931
0.9108016
0.9139907
0.9173936
0.9042634
0.9261444
0.9107798
0.9147927
0.9052579
0.8949859
0.8946227
0.8953534
0.8968377
0.8969161
0.8941606
0.8962662
0.8958923
0.902712
0.8950338
0.9011842
0.8905624
0.8745737
0.9085027
0.9007497
0.9030562
0.889202
0.8889853
0.8886757
0.8785288
0.8883607
0.9139744
0.8909012
0.9163869
0.8820983
0.8833841
0.8913288
0.9030582
0.8867678
0.8784154
0.9076573
0.9086237
0.9023191
0.9130067
0.9016844
0.9054725
0.9143091
0.9003765
0.8914461
0.9169461
0.894937
0.8973927
0.8947065
0.8927282
0.8973404
0.892429
0.9132869
0.9230394
0.8951442
0.8797349
0.8773071
0.9129174
0.9030649
0.8813326
0.9153483
0.8537708
0.8497767
0.8934766
0.8766971
0.8899642
0.8829727
0.8941971
0.9087679
0.8749909
0.8888889
0.8746827
0.8856595
0.9124377
0.9088568
0.8425044
0.9154652
0.9161529
0.9146681
0.916127
0.9182302
0.9161279
0.9163712
0.9158098
0.9181614
0.9165292
0.9174798
0.9175959
0.9159004
0.9157869
0.9151863
0.9193429
0.9161889
0.9162653
0.9174006
0.9156029
0.9144896
0.9178063
0.9168624
0.9179354
0.9143743
0.9006123
0.9262021
0.9130952
0.9158845
0.9120871
0.89961
0.8995671
0.8996893
0.8973798
0.9020459
0.8994242
0.8994501
0.9000144
0.9085102
0.8901931
0.91046
0.8933677
0.8724648
0.9096561
0.9093548
0.8954121
0.8839795
0.8853678
0.8840077
0.8678453
0.8657262
0.9127058
0.8897293
0.9189582
0.8789493
0.878711
0.8797009
0.8962211
0.8817568
0.8728625
0.9168395
0.916064
0.9111869
0.9111135
0.912282
0.9097418
0.9182241
0.89554
0.8950657
0.9120914
0.8935935
0.8941088
0.8932788
0.8971351
0.8978757
0.8949737
0.9167598
0.9153795
0.8896165
0.8539371
0.8554852
0.9141954
0.9005867
0.8764627
0.9089235
0.8263122
0.8251719
0.8858813
0.8651077
0.8730031
0.8753367
0.88587
0.9016025
0.8547151
0.8726941
0.8643732
0.8655267
0.9100638
0.9054093
0.8097255
0.9189531
0.9178184
0.9184664
0.9178955
0.9176495
0.9167986
0.9209503
0.9142656
0.9179982
0.9180742
0.9168192
0.9183817
0.9133513
0.9176347
0.9163145
0.9203241
0.9168223
0.9164025
0.9165493
0.9179123
0.9180541
0.9161563
0.9139868
0.9172749
0.9149672
0.8945442
0.9240129
0.9150128
0.9141977
0.9151185
0.9004622
0.9002222
0.8974644
0.8966459
0.8954581
0.9011811
0.897264
0.9005547
0.9155741
0.8867516
0.9131843
0.8841209
0.8648599
0.9076256
0.9078896
0.8857561
0.8904317
0.8912957
0.8878657
0.8562394
0.8597415
0.9084345
0.8851247
0.9143601
0.8659613
0.8650805
0.8615745
0.8838085
0.8740331
0.8607941
0.9158866
0.9143834
0.908881
0.9105104
0.9127225
0.9140531
0.9229335
0.8939666
0.8931388
0.90549
0.8933663
0.8952282
0.8903754
0.8904317
0.8926434
0.8942352
0.9093083
0.9120925
0.888255
0.8464426
0.8447865
0.9159693
0.8932323