0.8728347
0.8702146
0.8793804
0.874655
0.8546433
0.9164109
0.8960413
0.8668637
0.909391
0.8995537
0.9000072
0.8278985
0.9115811
0.7956926
0.9130514
0.8805672
0.8681407
0.9078091
0.8713023
0.9133645
0.9103966
0.9182951
0.9071013
0.9208286
0.9178146
0.9141998
0.9098337
0.8586578
0.8559164
0.8388492
0.9158951
0.9164667
0.9278718
0.8691308
0.9133565
0.9171082
0.8931993
0.9138986
0.6671587
0.9163782
0.8782209
0.868393
0.9166489
0.895372
0.8602695
0.8988057
0.8888452
0.9091561
0.8978844
0.9131285
0.9092802
0.8628281
0.8652347
0.8470971
0.8740023
0.9177434
0.8734924
0.9059025
0.9123766
0.8174986
0.8525164
0.8503594
0.8441899
0.9180984
0.9142054
0.9276432
0.877759
0.9166577
0.9018354
0.9035548
0.9075679
0.8468087
0.9148952
0.9043671
0.8741528
0.9040763
0.8631885
0.913045
0.8757949
0.8122051
0.8828921
0.8786182
0.872243
0.9084691
0.8984003
0.8880377
0.9068919
0.868856
0.9097591
0.852001
0.8472923
0.8529892
0.9060972
0.8545815
0.8446135
0.9100301
0.8612188
0.8621892
0.8569168
0.9006937
0.8865991
0.8848983
0.8927233
0.8838621
0.8757855
0.9108051
0.9032135
0.8834529
0.9110366
0.9084092
0.9063103
0.8591445
0.9154793
0.8529226
0.9144957
0.8930586
0.8868378
0.914243
0.8956081
0.9160911
0.9116533
0.9156935
0.9116012
0.9223684
0.915791
0.9168218
0.9066723
0.8746861
0.8735043
0.8668469
0.9116819
0.913699
0.9253625
0.8863653
0.9138152
0.9182108
0.9022586
0.9130098
0.8451917
0.9167863
0.89234
0.881857
0.9186929
0.9105014
0.8863563
0.9045142
0.9000141
0.9092077
0.9018754
0.9101913
0.9127507
0.8783902
0.8819011
0.8701441
0.8933187
0.9169119
0.8876315
0.9161142
0.9134099
0.8589625
0.8776598
0.8760603
0.8731422
0.9143959
0.9170347
0.9222697
0.8923875
0.911335
0.9105293
0.9101132
0.9062567
0.8675295
0.9180644
0.9106795
0.8897921
0.9073759
0.8817874
0.9137039
0.8902536
0.8563061
0.8983396
0.8959828
0.8880685
0.9085636
0.9033778
0.8967955
0.9083147
0.8853287
0.9119051
0.8744273
0.8655819
0.8739883
0.9019185
0.8718023
0.8691039
0.9117878
0.8757371
0.8768142
0.8738358
0.9035251
0.8817388
0.8801733
0.8862682
0.8844533
0.8751097
0.9101767
0.9035432
0.8815713
0.9081804
0.9023091
0.9061796
0.8601326
0.9071722
0.8500873
0.9090975
0.8959216
0.8851029
0.9107015
0.8926883
0.9070191
0.9130012
0.9114433
0.9102683
0.9186082
0.9090389
0.9112641
0.9074343
0.875691
0.8742274
0.8693892
0.911248
0.9128059
0.9229015
0.8840663
0.9083157
0.9099545
0.9027521
0.9161306
0.8511923
0.9104003
0.8884882
0.8853896
0.9146208
0.9073826
0.8929459
0.901565
0.9039736
0.9072843
0.8970567
0.9069966
0.9093184
0.8804949
0.8859637
0.8662371
0.8933821
0.9087726
0.8854058
0.9121509
0.9093948
0.8601236
0.8743773
0.8771822
0.8682702
0.9104117
0.9164486
0.923704
0.886474
0.9090226
0.9083476
0.9022655
0.9060865
0.873541
0.9108062
0.9062167
0.8877757
0.9056161
0.8767544
0.9047222
0.8858096
0.8598359
0.8909182
0.8849275
0.8928711
0.9092186
0.9058647
0.8967808
0.9092331
0.8845534
0.9112331
0.8760718
0.8671089
0.8760507
0.8982623
0.8729616
0.8721592
0.9111928
0.8780995
0.8771239
0.880808
0.9038968
0.8886047
0.8894864
0.8898311
0.8897123
0.8828868
0.913682
0.9113911
0.888127
0.9177155
0.9097267
0.9081829
0.8682006
0.9147412
0.85796
0.9191303
0.89294
0.8851594
0.9174032
0.8951773
0.9188101
0.9190169
0.9217563
0.9158888
0.9267095
0.9208481
0.9182657
0.9155202
0.8808369
0.8827031
0.8661841
0.9178125
0.9197114
0.9293959
0.8860455
0.9167111
0.9206094
0.9031559
0.9191434
0.8539468
0.9207365
0.8940713
0.8893322
0.9233661
0.9084826
0.8861972
0.9080933
0.899123
0.9155139
0.9102308
0.9203854
0.9159947
0.8859036
0.8849431
0.8711735
0.8932794
0.9208536
0.8907098
0.9134707
0.91753
0.8648051
0.8752951
0.8766304
0.8746552
0.9226312
0.9215693
0.9278006
0.8911891
0.9190579
0.9127279
0.9145729
0.9146962
0.8723257
0.9223042
0.9098311
0.8902312
0.9110828
0.8806589
0.9178621
0.8890094
0.8609511
0.8944709
0.8933233
0.8913113
0.9157899
0.914732
0.8967171
0.9147243
0.8937251
0.9173814
0.8791177
0.876936
0.8730476
0.9099469
0.8811149
0.8776688
0.9177305
0.8790823
0.8799185
0.8837084
0.9032938
0.8857708
0.8849995
0.8863377
0.8869863
0.8762624
0.910962
0.9074521
0.881788
0.9081723
0.9068022
0.9067652
0.8649635
0.9116218
0.8570326
0.9139743
0.8955875
0.8825046
0.9126503
0.8930755
0.9153415
0.9127807
0.9137634
0.9104038
0.9203429
0.9077454
0.9100914
0.9119196
0.8732507
0.8730107
0.875221
0.9140003
0.9182748
0.9235019
0.8854234
0.912338
0.9108367
0.9010627
0.9136499
0.8521385
0.9115917
0.8938103
0.8851841
0.9181243
0.9102839
0.8807602
0.9061405
0.8989556
0.908639
0.9007456
0.9118891
0.9075564
0.880029
0.879897
0.8642664
0.8960645
0.9081016
0.8853201
0.9127727
0.9111179
0.86264
0.8758534
0.876208
0.8804281
0.9123135
0.9197405
0.9233119
0.8901817
0.9106394
0.9098421
0.908046
0.9093947
0.8733534
0.9117584
0.9112588
0.8842378
0.9095134
0.8726977
0.9137315
0.8894084
0.8624358
0.8904472
0.8870103
0.8869272
0.9101417
0.904549
0.8933522
0.9101445
0.8867743
0.9111316
0.875269
0.8667449
0.8771873
0.9026751
0.8818702
0.8731583
0.9116708
0.875644
0.8772032
0.877421
0.9031446
0.8717291
0.8753205
0.8761614
0.874743
0.863934
0.9088686
0.9015844
0.8691383
0.9089639
0.9017486
0.9031134
0.8425176
0.9072508
0.8116511
0.9052076
0.8855589
0.8638047
0.9113702
0.8847561
0.9103333
0.9103588
0.911609
0.9052647
0.9198471
0.9081823
0.9104235
0.9059966
0.8600089
0.8523347
0.8450084
0.9136693
0.9125473
0.9238917
0.8635897
0.9078862
0.9085375
0.8971641
0.9130465
0.8013632
0.9081156
0.8801989
0.8748541
0.9146346
0.9042146
0.8709806
0.8996235
0.8940184
0.903002
0.890363
0.9076972
0.9061883
0.8657185
0.8698418
0.8469114
0.8844664
0.9115809
0.8753514
0.9111947
0.911259
0.8323715
0.8572855
0.8567523
0.8569054
0.9076572
0.9144277
0.9233164
0.8763185
0.912731
0.9031531
0.9011361
0.9033663
0.8563796
0.9070273
0.9032477
0.875885
0.9047941
0.8677481
0.90844
0.8761273
0.8313912
0.8786058
0.8765224
0.8717633
0.9089859
0.9012726
0.8888092
0.9007395
0.8711353
0.9037618
0.8564031
0.8474513
0.8573221
0.8965704
0.8591508
0.8525032
0.9030039
0.8590076
0.8590995
0.8610207
0.8953344
0.9122227
0.9098712
0.912199
0.9112127
0.9081802
0.9125508
0.9131943
0.9073176
0.9127183
0.9131637
0.9148428
0.9104765
0.9122721
0.9114716
0.9120178
0.9157269
0.9122831
0.9174207
0.9223984
0.9152384
0.9010152
0.9113459
0.9127759
0.9074985
0.9149054
0.9151773
0.9143123
0.9030055
0.9066338
0.9137146
0.9163757
0.9163377
0.923101
0.9134941
0.9117196
0.9122708
0.9081671
0.9173041
0.9104246
0.9129334
0.9124424
0.9120804
0.9161023
0.927196
0.9222583
0.9131531
0.9262741
0.910442
0.9081693
0.9179549
0.9133308
0.9073721
0.9132288
0.9105842
0.9146337
0.9133275
0.9110743
0.9222496
0.9139849
0.9104694
0.9167635
0.9184731
0.9187081
0.9179989
0.9191498
0.9195267
0.911603
0.914864
0.9189106
0.9098814
0.9085225
0.910801
0.9123688
0.9162827
0.9070057
0.9165207
0.9152901
0.9154441
0.9112281
0.9118884
0.9154818
0.9173596
0.9115971
0.904513
0.9027676
0.9150251
0.9054638
0.9149298
0.9083674
0.9144596
0.9097585
0.9134958
0.9074372
0.9127159
0.9104314
0.9088211
0.9124375
0.9133117
0.9151091
0.9194815
0.8737453
0.881392
0.8777547
0.8826142
0.8768816
0.9033482
0.9039304
0.879612
0.9027404
0.9051642
0.8999521
0.8784442
0.9043023
0.8737868
0.9058236
0.8932142
0.874461
0.9063546
0.9008214
0.9069853
0.9072464
0.9088506
0.906436
0.9199958
0.9101362
0.9085727
0.9079674
0.8788037
0.8771142
0.8790968
0.9073383
0.9096086
0.9225311
0.8773004
0.908155
0.9035349
0.8920601
0.908817
0.8700098
0.9029358
0.8917084
0.8895565
0.9131637
0.9118421
0.8987282
0.9034796
0.9010565
0.9026699
0.8878456
0.9059232
0.9012451
0.880636
0.8840303
0.8763071
0.8941241
0.9066598
0.8776066
0.9118544
0.9091926
0.8732511
0.8940349
0.8892441
0.8882024
0.9058806
0.9154382
0.9167669
0.885152
0.9094414
0.9080695
0.8975453
0.9004067
0.8851409
0.905289
0.9085885
0.8806964
0.9078545
0.8860559
0.900787
0.8837192
0.8771563
0.8920572
0.8849327
0.8823313
0.9034475
0.90468
0.8961205
0.9009996
0.887533
0.903246
0.8806887
0.8728702
0.8781619
0.8887479
0.8858238
0.877511
0.9027926
0.8833138
0.8781855
0.8834196
0.9009719
0.9040328
0.911472
0.9097808
0.907138
0.9134506
0.8742484
0.9113007
0.9110598
0.8534993
0.9126507
0.9158067
0.9215686
0.9002553
0.9156665
0.9015312
0.9240665
0.9214318
0.8769282
0.9343778
0.8828254
0.9204959
0.871991
0.8547269
0.9249711
0.8614232
0.8434992
0.8584291
0.9140881
0.9106743
0.9176046
0.8630405
0.8643039
0.9153031
0.9211188
0.875519
0.876225
0.9080537
0.8439465
0.9189322
0.8771674
0.9161013
0.9211588
0.8796694
0.9333086
0.9273048
0.9122925
0.928067
0.9060456
0.9035997
0.8603021
0.906873
0.9148627
0.9129917
0.9141841
0.9229514
0.8585696
0.9080247
0.9179603
0.9149966
0.9179923
0.9244137
0.9253508
0.9251393
0.8667755
0.8819218
0.8837132
0.9081309
0.8617261
0.9136461
0.8990087
0.9022654
0.9187678
0.8755788
0.9079833
0.9119303
0.9121861
0.9232725
0.8974293
0.9079351
0.9201449
0.9131189
0.9103841
0.9211167
0.9074671
0.9079478
0.9166258
0.9025188
0.9139043
0.9064916
0.9207463
0.9223592
0.9193492
0.9050995
0.9190276
0.9146961
0.9066436
0.9187912
0.9174876
0.9175728
0.9244728
0.9107326
0.9124067
0.9114435
0.9113515
0.9140677
0.8778037
0.9062478
0.9087558
0.8593545
0.9093332
0.9098492
0.9218428
0.9034957
0.917673
0.9058126
0.9267896
0.9248068
0.8782714
0.9348525
0.8778214
0.9179721
0.8759957
0.8577043
0.9241663
0.86603
0.8406457
0.8660849
0.9195957
0.9180063
0.9183481
0.8584937
0.8647065
0.9145198
0.9225558
0.8792285
0.8730989
0.9112382
0.842965
0.9223936
0.8733284
0.9195957
0.9241036
0.8827866
0.9341717
0.9264812
0.9065314
0.9253983
0.9027763
0.9005555
0.8574142
0.9037176
0.9158556
0.9150805
0.9137271
0.9226592
0.8647744
0.9104783
0.9205328
0.9147361
0.9189664
0.9253482
0.9275799
0.9286307
0.8732907
0.8845706
0.8862781
0.906132
0.8686557
0.9147243
0.8981839
0.9023504
0.918865
0.8724587
0.9080068
0.9125529
0.9114631
0.9226416
0.9012216
0.904998
0.9201611
0.9097018
0.9097806
0.9260766
0.9063482
0.9065707
0.9141147
0.9062043
0.9166667
0.9053836
0.9175376
0.9231605
0.9191799
0.9027344
0.9166522
0.9148461
0.9059663
0.9190367
0.9205514
0.9169967
0.9254369
0.9049466
0.9104303
0.9102081
0.9111103
0.915368
0.8776538
0.9123565
0.9146389
0.8646956
0.9168405
0.9121294
0.9233184
0.903791
0.917371
0.9045571
0.9223183
0.9228389
0.8728
0.9336033
0.8814131
0.920517
0.8783597
0.861993
0.9258593
0.8680465
0.8426459
0.864781
0.9154974
0.9137986
0.9208791
0.8661938
0.8689145
0.9178657
0.9239138
0.8772163
0.8796472
0.9114215
0.8479026
0.9180063
0.8813717
0.9202392
0.9228377
0.8842363
0.9333042
0.9261267
0.9150246
0.9234833
0.9031469
0.9059433
0.862402
0.9071588
0.9137437
0.9194547
0.9150572
0.9260551
0.8629866
0.9119695
0.9148085
0.9173851
0.9218898
0.9279367
0.9279698
0.9244036
0.874416
0.8840664
0.8867137
0.9104669
0.8694116
0.9121386
0.8995184
0.9002637
0.9216311
0.8766195
0.909775
0.9133136
0.9089037
0.9254917
0.8993506
0.9092268
0.9245072
0.9154537
0.9083733
0.9258325
0.9071214
0.9053421
0.9176771
0.9039143
0.9203574
0.9046164
0.9236781
0.9225283
0.9192974
0.9063711
0.9190517
0.919489
0.9037811
0.9218804
0.9196849
0.9197417
0.9263412
0.9086972
0.9118075
0.9109608
0.9122957
0.9143211
0.8714663
0.9097405
0.9127833
0.8551914
0.9176362
0.9162521
0.923316
0.9014156
0.9201681
0.9049756
0.9259864
0.9235478
0.8772027
0.9347811
0.881369
0.9222268
0.8720226
0.8565848
0.9252747
0.8598456
0.8387121
0.8632915
0.9138053
0.9155532
0.9184195
0.861948
0.8662707
0.9160281
0.9230501
0.8770431
0.8742327
0.9099415
0.8373624
0.9205831
0.8750093
0.9169168
0.9215144
0.8814155
0.9350309
0.9279798
0.9148605
0.9281118
0.9010676
0.9013372
0.8588586
0.9032782
0.9167638
0.9167336
0.9116423
0.9236739
0.8567726
0.9101828
0.9185143
0.9153506
0.9166373
0.9267079
0.9251374
0.92642
0.8662661
0.8849215
0.8827465
0.9094436
0.8628773
0.9141712
0.8978823
0.8998806
0.9209844
0.8709315
0.9104949
0.9138004
0.914941
0.9251181
0.8967865
0.9094828
0.922357
0.9127975
0.9103343
0.9249403
0.9029327
0.9066519
0.9172148
0.904796
0.9149531
0.9071913
0.9192993
0.9231688
0.9188754
0.9022922
0.9191951
0.9187672
0.906833
0.9216154
0.9195269
0.9201487
0.9260449
0.8706705
0.8775495
0.8747204
0.8699949
0.8598548
0.9126775
0.9040869
0.8726247
0.9116155
0.9081907
0.9093197
0.8686747
0.9123571
0.8668537
0.9120595
0.8967178
0.685671
0.9146488
0.9014208
0.9123086
0.9120636
0.9137993
0.9095493
0.9209252
0.9154213
0.9111603
0.9102325
0.877276
0.8749727
0.8697922
0.9150963
0.9152436
0.9249841
0.6807071
0.911794
0.9078147
0.8986012
0.9110135
0.8624119
0.9079852
0.8781012
0.8826936
0.9175892
0.8994767
0.8941089
0.9071042
0.8848024
0.9101837
0.8988474
0.9139921
0.9151637
0.8805922
0.8689259
0.8715477
0.8806802
0.9170341
0.8735386
0.914641
0.9124416
0.8759662
0.8816258
0.8823297
0.8844309
0.9124638
0.9175363
0.920124
0.8803667
0.9149961
0.9119907
0.909492
0.9098952
0.8808623
0.9110148
0.9074898
0.8736613
0.9080877
0.8887465
0.9125241
0.8772906
0.8730147
0.8788098
0.8779241
0.6899147
0.9023608
0.9015443
0.8854449
0.9120635
0.8891413
0.9141705
0.878763
0.8706742
0.8798448
0.9022795
0.8857062
0.8769971
0.9140561
0.888602
0.8799609
0.8829355
0.8867074
0.8934894
0.8937005
0.9000142
0.8949681
0.8860943
0.9031293
0.779031
0.8945724
0.8985298
0.8167933
0.821116
0.9017378
0.8821943
0.9022303
0.8828247
0.9185933
0.9083198
0.8902408
0.9146962
0.8983637
0.9186919
0.9073818
0.8838528
0.9265474
0.905529
0.8998071
0.8915533
0.9069092
0.8994667
0.905593
0.8977058
0.8989885
0.9085652
0.9054092
0.8929624
0.9037455
0.9089719
0.8990278
0.8955898
0.9041977
0.9059982
0.9120933
0.9054397
0.9220722
0.9161039
0.8160299
0.915329
0.8811547
0.8993281
0.8960291
0.8871527
0.9056335
0.9014124
0.8963758
0.9106843
0.9101108
0.8981809
0.8356403
0.9073555
0.8996139
0.9108646
0.9095423
0.9116273
0.9108907
0.9106469
0.9237318
0.8921279
0.9079788
0.8244807
0.871427
0.8790263
0.9013177
0.8999163
0.7859483
0.8920434
0.8165353
0.9012822
0.8873462
0.8904318
0.9028307
0.8959983
0.8950149
0.9083547
0.8996727
0.8926431
0.9097332
0.882398
0.9080791
0.8825361
0.9032235
0.9003831
0.9075301
0.903842
0.9042497
0.8979259
0.8824694
0.9023687
0.9073732
0.8992158
0.9205348
0.8974478
0.9008967
0.9059458
0.9000752
0.8975994
0.9018728
0.8321111
0.9008064
0.899203
0.8481677
0.8483047
0.9078199
0.8879548
0.9085362
0.886556
0.9155442
0.9130465
0.9008866
0.9228961
0.8989961
0.9133784
0.9058999
0.8901123
0.9235288
0.9048131
0.9041442
0.8960848
0.9092513
0.9035406
0.9074733
0.9000178
0.9030594
0.9107941
0.9111992
0.8968938
0.9035786
0.9076073
0.9016528
0.9047704
0.9037917
0.907946
0.9184374
0.9041385
0.9276804
0.9220074
0.8476705
0.9192115
0.8868337
0.9050149
0.8974967
0.8906824
0.9062467
0.9056922
0.9000213
0.9122666
0.9060754
0.9033863
0.8658672
0.9031838
0.9035266
0.9099296
0.9135417
0.9147357
0.9062545
0.9060827
0.9163617
0.8977338
0.9047876
0.8555775
0.8801481
0.8841274
0.9097296
0.902547
0.8369721
0.9047873
0.8541248
0.9058073
0.8919622
0.8966954
0.9092259
0.9014636
0.9008964
0.915974
0.902142
0.9011272
0.9124694
0.8887682
0.9146533
0.8898219
0.9090464
0.9060532
0.9116966
0.9041882
0.9093189
0.9064455
0.8902466
0.9068914
0.9092583
0.9079228
0.9223754
0.8873913
0.8966461
0.8987378
0.8964447
0.8904224
0.9088486
0.8161834
0.8950895
0.896583
0.8396402
0.8439326
0.9064797
0.8806147
0.9004925
0.8788978
0.9137628
0.9108653
0.8896975
0.9162794
0.8921258
0.9155361
0.9069869
0.885288
0.9252613
0.9047773
0.8981658
0.8921827
0.90141
0.9019278
0.9062888
0.8971236
0.9006196
0.9034433
0.9095016
0.896179
0.9060122
0.9072348
0.9005408
0.8991178
0.9060657
0.9056884
0.9141485
0.9037058
0.9282523
0.9197967
0.8415594
0.9195402
0.8800368
0.9010965
0.8936756
0.8841421
0.9046137
0.8987427
0.9004743
0.9082081
0.9073036
0.8989823
0.8554221
0.8987407
0.9039554
0.9092228
0.9065013
0.9112232
0.9072431
0.9047961
0.9202319
0.8899489
0.9101035
0.8428723
0.865088
0.8806647
0.9040422
0.9036193
0.8271732
0.8980741
0.8402843
0.9021237
0.8873614
0.8887233
0.9041893
0.896201
0.8926597
0.9138257
0.9000912
0.8936378
0.9089754
0.883499
0.9148139
0.8818359
0.9090686
0.904496
0.9120755
0.9048596
0.907201
0.9010252
0.8818506
0.9061358
0.9072602
0.9064789
0.9223429
0.8975663
0.8973481
0.9025022
0.8960175
0.8943389
0.9045986
0.8206103
0.8965379
0.9025291
0.8485079
0.8407131
0.9077503
0.8906512
0.9092993
0.8902083
0.9166785
0.9114357
0.8957229
0.9194629
0.9002667
0.9153497
0.9089836
0.8906446
0.9274814
0.9067254
0.8996409
0.8967437
0.9087354
0.903241
0.9102468
0.9027547
0.9068242
0.909934
0.9085385
0.898059
0.9055379
0.9095349
0.9031092
0.9026693
0.9049059
0.9053421
0.9137099
0.9066705
0.9235741
0.9204589
0.8446583
0.9162409
0.8892869
0.9031763
0.8985412
0.8924104
0.9091466
0.9026102
0.8979533
0.911343
0.9094308
0.9011399
0.8593414
0.9072698
0.9068652
0.9127347
0.913217
0.9130776
0.9046098
0.9100965
0.9238164
0.8926519
0.9071022
0.8473923
0.877571
0.8896409
0.9044632
0.9033982
0.8291787
0.8988687
0.8430594
0.9064882
0.8945863
0.8925169
0.9108232
0.8985775
0.8968268
0.9129634
0.9026627
0.9005859
0.9085908
0.8889502
0.914387
0.8920274
0.9127833
0.8996653
0.9133948
0.90625
0.9114322
0.9056503
0.8922958
0.9117949
0.9112109
0.9082438
0.922464
0.890882
0.8906444
0.8941427
0.8920892
0.8876939
0.9010276
0.7875924
0.8892699
0.8917956
0.8248073
0.8201467
0.902348
0.8806986
0.9033958
0.8746455
0.9146147
0.9120848
0.8835951
0.9143925
0.8919672
0.9145653
0.9020542
0.8789882
0.9271507
0.9028833
0.8945765
0.8841504
0.9060833
0.9002964
0.9026748
0.8895913
0.8961058
0.9017575
0.9117198
0.8839382
0.902051
0.9046798
0.8953455
0.8921287
0.9031961
0.9080811
0.913925
0.903874
0.9262004
0.9188222
0.8257643
0.9139653
0.8769099
0.8950436
0.889438
0.8813534
0.9080134
0.9017411
0.8951415
0.9127581
0.9025313
0.8958876
0.8321221
0.9005531
0.9015548
0.9086888
0.9086732
0.911055
0.9050285
0.9019146
0.9234863
0.8909496
0.90445
0.8250145
0.8643224
0.8767878
0.9025565
0.8988209
0.8001577
0.8895766
0.8174933
0.903416
0.8817498
0.8884169
0.904084
0.89339
0.8921833
0.910605
0.9014059
0.8923605
0.9099144
0.8772774
0.9135624
0.8805178
0.9084602
0.8997899
0.9102122
0.8996903
0.9047602
0.8998354
0.8811962
0.9048446
0.9084323
0.9015214
0.9241399
0.8683052
0.8763512
0.8812692
0.8750778
0.8676822
0.9036076
0.9017655
0.8767817
0.9047499
0.9007552
0.9049442
0.8557322
0.9006858
0.8323713
0.9017971
0.8864624
0.8713066
0.9066958
0.8849402
0.9031576
0.9109751
0.9067122
0.9034782
0.9181793
0.9069468
0.90626
0.9055498
0.8638986
0.8640322
0.8544199
0.9040499
0.9051795
0.9197599
0.8734756
0.8994619
0.9028787
0.8957424
0.9056845
0.8311034
0.9022545
0.881681
0.8752275
0.9117062
0.9014367
0.885843
0.8983555
0.8971455
0.9029492
0.8899723
0.9031083
0.905148
0.8641934
0.8744309
0.8592473
0.8839324
0.9064838
0.8720263
0.9122435
0.9073232
0.8522105
0.8644515
0.8642075
0.8653128
0.9074008
0.9131591
0.9168383
0.8756628
0.9036227
0.9050947
0.8977621
0.9046901
0.8669528
0.9025248
0.9049499
0.8802104
0.9073404
0.8735174
0.9048981
0.8737811
0.8494014
0.8807589
0.8730275
0.871039
0.8996877
0.8971201
0.8875116
0.9024608
0.8759161
0.9057104
0.8682674
0.8646653
0.8665059
0.8925725
0.8716849
0.8622871
0.9060573
0.8675986
0.8712621
0.8703744
0.8959623
0.8686374
0.8759775
0.8352449
0.8749034
0.8741727
0.902603
0.9082275
0.8719873
0.8972153
0.9053231
0.911463
0.9001072
0.8914267
0.8916205
0.8944709
0.9069875
0.891603
0.9084173
0.9198286
0.90317
0.910645
0.8902032
0.9033736
0.9200041
0.9041797
0.901078
0.9041272
0.886492
0.8901047
0.8951232
0.902151
0.9041854
0.9044359
0.8934394
0.8977351
0.8940817
0.8875163
0.9020288
0.894071
0.8951144
0.8880474
0.9059564
0.9022001
0.9159247
0.9116109
0.9053991
0.9102281
0.8960337
0.8797978
0.8963038
0.892027
0.8937231
0.8839839
0.8866855
0.8953741
0.9025641
0.8757184
0.9145787
0.9091532
0.8966932
0.9023799
0.9027244
0.9033267
0.9039035
0.9114371
0.9107386
0.8226464
0.9008953
0.9061359
0.8931646
0.8922852
0.9026672
0.8920302
0.9046189
0.8905827
0.9069842
0.9012978
0.891406
0.8218016
0.8980471
0.8309977
0.8199892
0.8932458
0.8948411
0.8946683
0.8354502
0.8968782
0.8985708
0.8969985
0.8944595
0.8978996
0.8919239
0.8802975
0.90006
0.8960821
0.8967447
0.901303
0.8993284
0.8990282
0.878144
0.8946898
0.8980628
0.8992671
0.8964825
0.8987821
0.9081885
0.9220482
0.8948197
0.9139743
0.9197936
0.9248002
0.8830883
0.9157022
0.8766438
0.9186488
0.8978853
0.8832101
0.9238706
0.9063168
0.9181074
0.9134605
0.9124364
0.9200099
0.9184938
0.9132396
0.9141451
0.918776
0.87871
0.8810172
0.8875045
0.9185917
0.9209387
0.9289805
0.8852565
0.9168913
0.9082377
0.8971863
0.9178778
0.8800246
0.9109239
0.8946137
0.8898928
0.9197805
0.9178268
0.9045665
0.9194346
0.9082035
0.9148898
0.8997192
0.9186206
0.9130558
0.8826024
0.8954912
0.8902238
0.9021055
0.9142097
0.8926564
0.9316313
0.9144358
0.8869142
0.8924313
0.8900243
0.8922205
0.9135829
0.9236269
0.9172836
0.9010773
0.9124194
0.9259311
0.917164
0.9136859
0.8949905
0.9096043
0.9229615
0.8954248
0.9239108
0.8983147
0.9148258
0.898909
0.8857287
0.9045324
0.9004991
0.8887861
0.905459
0.9130757
0.9025818
0.9144481
0.8918727
0.9140262
0.8859709
0.8860604
0.8868039
0.8978659
0.8913743
0.8909873
0.914451
0.8941795
0.8790047
0.8956331
0.8966893
0.8956748
0.8968773
0.896608
0.8968754
0.8990541
0.9080281
0.9243858
0.8950946
0.9140048
0.9195184
0.9228636
0.8861792
0.9172788
0.8785162
0.9195291
0.8973349
0.8836525
0.9257502
0.9058131
0.9185559
0.9118708
0.910582
0.9195427
0.9166411
0.9111443
0.9131826
0.9183502
0.8770067
0.8812226
0.8886982
0.9172982
0.9186258
0.9277172
0.8854573
0.9194496
0.9081526
0.8952537
0.9155147
0.8812437
0.9108383
0.8934359
0.8884981
0.9170663
0.9130583
0.9027149
0.919425
0.9069402
0.9163396
0.9003488
0.9172414
0.9135114
0.8840197
0.8945505
0.8906596
0.8998592
0.9138163
0.8933286
0.9309507
0.9142441
0.8855091
0.8921138
0.8907371
0.8926536
0.9121528
0.924106
0.9155079
0.9034978
0.9129924
0.926706
0.9174643
0.9117846
0.893804
0.9088521
0.921935
0.8937639
0.9241622
0.9008405
0.9138845
0.9015768
0.8851271
0.906387
0.9031146
0.8892602
0.9071082
0.9147541
0.9017255
0.9144783
0.8918717
0.9115472
0.8901625
0.8859808
0.8876409
0.8954788
0.8934452
0.8894862
0.9117783
0.8924192
0.8793335
0.8937947
0.8940723
0.8570897
0.8637443
0.6142806
0.8539738
0.8571056
0.9066671
0.9016193
0.8555174
0.8970209
0.9005213
0.9033895
0.8887246
0.8926579
0.8783985
0.8884154
0.8956068
0.8781833
0.9020607
0.9138046
0.9006386
0.910907
0.8943113
0.9006795
0.9212477
0.9026775
0.8952689
0.8952522
0.884731
0.8788721
0.883546
0.9012914
0.9021879
0.9129414
0.876268
0.8948902
0.8951064
0.8946914
0.8975372
0.8787746
0.8941055
0.8826498
0.8902114
0.9056671
0.9080317
0.9022915
0.9002479
0.8958814
0.8964805
0.8791558
0.8942742
0.89361
0.8849136
0.8700546
0.8776245
0.8814903
0.9005423
0.8725652
0.9066619
0.9046849
0.8874184
0.8968836
0.8954637
0.8954428
0.8993622
0.9063217
0.9095218
0.7649076
0.9023296
0.9054693
0.8894176
0.8941087
0.8893142
0.8928545
0.8999031
0.8767679
0.9019755
0.8966354
0.8908857
0.7602237
0.8893268
0.7770303
0.7622067
0.8806029
0.8963044
0.8947559
0.7988191
0.8936085
0.8908922
0.898961
0.8873411
0.8827823
0.8839276
0.8803164
0.8860746
0.8860891
0.8988296
0.8872887
0.8850069
0.8892305
0.8524729
0.8591675
0.8649149
0.6127209
0.8538914
0.8557413
0.9082096
0.9021511
0.8570525
0.8965005
0.8987374
0.902988
0.8853591
0.8911575
0.8824808
0.8905598
0.8940267
0.8784058
0.900387
0.9137871
0.9000793
0.9116899
0.8954135
0.9019834
0.9211865
0.9036986
0.8996599
0.8966817
0.8832886
0.8785221
0.8850094
0.9038646
0.9032005
0.9128459
0.8783264
0.8960166
0.8972141
0.8963983
0.9018291
0.8799781
0.8970674
0.8845117
0.8930894
0.9076538
0.907343
0.9048005
0.8976729
0.8952165
0.8984748
0.8801237
0.8958724
0.8952606
0.8870704
0.8742613
0.8780523
0.8879903
0.9027177
0.8740348
0.9078596
0.9056545
0.8822459
0.8952643
0.8961354
0.894654
0.9020073
0.9081097
0.9134832
0.7698699
0.9040661
0.9051077
0.8921194
0.894272
0.891042
0.8967069
0.9019461
0.8790396
0.9014986
0.8958876
0.8933343
0.7654814
0.8902562
0.7813837
0.7673858
0.8807406
0.8936763
0.8922381
0.7922276
0.8967246
0.8887138
0.8984008
0.8889405
0.8816145
0.8841824
0.8843929
0.8888612
0.8879369
0.8987873
0.891217
0.8874434
0.8897537
0.8552656
0.8954307
0.8978427
0.9007934
0.8951227
0.896538
0.8999101
0.8377504
0.8982323
0.8968647
0.7495276
0.8566853
0.9081945
0.8855319
0.9013358
0.888587
0.9127958
0.9090329
0.8948234
0.9193926
0.9007393
0.910399
0.9001771
0.8899806
0.9219848
0.8995565
0.8970991
0.8983955
0.9026888
0.9021872
0.9047314
0.8968085
0.8980607
0.9097359
0.9092456
0.8971447
0.897708
0.9010381
0.9009527
0.9007911
0.8989401
0.9041329
0.9104361
0.9039336
0.9280131
0.9169762
0.7522312
0.9203484
0.8834322
0.8956979
0.894949
0.8880679
0.9048833
0.9033278
0.8996237
0.9100656
0.9017595
0.9020347
0.8567462
0.9020294
0.9040649
0.911171
0.9103414
0.9117845
0.9004122
0.9108769
0.917818
0.8998195
0.9013603
0.848981
0.8761858
0.8813415
0.9011234
0.8956131
0.8523573
0.8986358
0.8389341
0.9076394
0.8916411
0.8990564
0.9052409
0.9023007
0.9004253
0.9125968
0.9048401
0.8953518
0.9084075
0.8853258
0.9102143
0.8900946
0.9072314
0.9062982
0.9076573
0.8984838
0.9055879
0.9010829
0.890523
0.9062136
0.9066003
0.9053973
0.9189066
0.9101281
0.9117879
0.9156079
0.9141565
0.9108979
0.9076492
0.8999681
0.9088261
0.9063023
0.9037193
0.9055021
0.9220237
0.9042948
0.918754
0.8992205
0.9212776
0.9250668
0.9067642
0.9284841
0.9042077
0.9176025
0.9074675
0.9036162
0.9246342
0.9092789
0.9102067
0.9057182
0.9105839
0.9112556
0.9204284
0.9059267
0.9097828
0.895916
0.9252839
0.9029982
0.904546
0.9165449
0.9081365
0.9180532
0.9043985
0.9181045
0.9254564
0.909413
0.9382348
0.9324362
0.9055021
0.9272372
0.9049143
0.9094474
0.9060973
0.9065866
0.9154466
0.9160837
0.913946
0.9239828
0.9061909
0.9141153
0.910792
0.9050813
0.9169849
0.9217413
0.9231149
0.9231664
0.9127493
0.9128179
0.9176878
0.9095919
0.9081514
0.9124227
0.8965453
0.9019658
0.9161916
0.9032959
0.9053464
0.9173256
0.9094993
0.9187584
0.900694
0.9086875
0.9158488
0.9160482
0.9120181
0.9253763
0.9021975
0.9059764
0.9197075
0.9014254
0.9265185
0.9058032
0.9223621
0.9145992
0.9190547
0.9119604
0.9198305
0.9140802
0.9060759
0.9207289
0.9167827
0.916458
0.9298203
0.8741602
0.8759536
0.8846113
0.875222
0.876292
0.9056915
0.9004245
0.8760155
0.9026004
0.9054421
0.9076814
0.8778045
0.9006428
0.87009
0.9023757
0.8847427
0.8876126
0.9111496
0.898751
0.909434
0.9069928
0.9020259
0.9057005
0.9119386
0.9053278
0.9048155
0.9069563
0.8668795
0.8693708
0.8759014
0.9050105
0.9046682
0.91233
0.8860786
0.9032729
0.904979
0.893321
0.9039361
0.8664096
0.9056996
0.8866629
0.8731774
0.9027571
0.9072544
0.8993849
0.9031985
0.900404
0.8991698
0.8838927
0.9014873
0.8977805
0.8754612
0.8786302
0.8760236
0.8892181
0.9051403
0.877681
0.9150103
0.9051058
0.8768126
0.8896106
0.8897788
0.8918795
0.9043933
0.9105428
0.9113513
0.8843999
0.903042
0.9096627
0.8927976
0.8960593
0.8832749
0.9041543
0.9041699
0.8811839
0.9038062
0.8835753
0.8971861
0.8833369
0.8759106
0.8891779
0.8819427
0.8860751
0.8991802
0.8889008
0.8927475
0.896894
0.8858823
0.8960263
0.8810918
0.8609247
0.8814188
0.8877885
0.8824631
0.8804657
0.8960913
0.8813301
0.8679156
0.8863291
0.8977058
0.9055135
0.9081573
0.9086201
0.9119203
0.909363
0.9088922
0.9002261
0.907218
0.8994281
0.9033504
0.9036233
0.9218072
0.89195
0.9224453
0.8882212
0.9232117
0.9225906
0.9049821
0.9360475
0.9012501
0.9212794
0.899359
0.8991721
0.9338385
0.9027721
0.9043106
0.9035354
0.9148475
0.9138476
0.922083
0.899014
0.9038363
0.8406954
0.9246165
0.8995126
0.9003154
0.9116034
0.9028724
0.9198471
0.8993387
0.9197657
0.9240947
0.9067622
0.9374098
0.9358217
0.9045575
0.9289141
0.8945663
0.8960259
0.897507
0.9012277
0.9161164
0.9169859
0.9110162
0.9219952
0.9029011
0.9099902
0.9154766
0.901922
0.9195103
0.9270242
0.9283197
0.9283325
0.9061628
0.9101132
0.9144271
0.9046274
0.9036359
0.9040653
0.8846066
0.8933214
0.9158895
0.8962743
0.9037982
0.9118106
0.9066657
0.9215118
0.8911762
0.9035768
0.9236463
0.9096269
0.9080745
0.9258957
0.8999925
0.9003946
0.917791
0.8969526
0.9265964
0.8976504
0.9210779
0.9189904
0.9234315
0.900704
0.9235615
0.9184528
0.8981702
0.9221816
0.9183304
0.9230578
0.9265701
0.9000389
0.8942722
0.8998525
0.8958408
0.886036
0.9230077
0.9170126
0.8948584
0.9267307
0.9197241
0.9205994
0.8794087
0.9275997
0.8763354
0.929961
0.8939667
0.8899001
0.9272202
0.8993805
0.9272917
0.9164181
0.9305331
0.9203543
0.9262031
0.9236516
0.9238401
0.9216746
0.8855959
0.8819255
0.8848634
0.9275213
0.9271092
0.9337804
0.8927334
0.9216264
0.9253473
0.9120338
0.9213098
0.8726733
0.92532
0.9012238
0.8918218
0.9266084
0.9054114
0.8995908
0.9175588
0.9073497
0.9233345
0.9119652
0.92232
0.920765
0.8870575
0.8950199
0.8837201
0.9014768
0.9258317
0.9025395
0.9244021
0.9193154
0.8804434
0.8858548
0.8892714
0.8888573
0.9259555
0.9275588
0.9315824
0.9002906
0.9288748
0.9210691
0.924172
0.9209273
0.8887661
0.9234457
0.920625
0.899244
0.9213483
0.8909998
0.9249912
0.901102
0.8779679
0.9051151
0.9013118
0.8920775
0.9225377
0.924182
0.9037527
0.921486
0.8907204
0.9243032
0.8835874
0.8760411
0.8831711
0.9164589
0.8886701
0.8883856
0.9245751
0.8875181
0.8829489
0.8915837
0.9069767
0.9048896
0.906997
0.9121206
0.9098257
0.9079972
0.9112729
0.896905
0.9086766
0.9029654
0.9068077
0.9053324
0.9184482
0.8949702
0.919702
0.8990928
0.9215443
0.9238688
0.9027446
0.9335383
0.9041907
0.9217657
0.9081167
0.898833
0.9283595
0.9093694
0.9077001
0.9052731
0.9127141
0.9108052
0.9181536
0.9059588
0.909127
0.8575839
0.9231341
0.900792
0.9072047
0.9079447
0.9057677
0.9098719
0.9091144
0.921796
0.9219947
0.9064038
0.9354574
0.9264142
0.9070814
0.9311994
0.8995075
0.905343
0.9005303
0.9039357
0.9179056
0.918781
0.9123467
0.9199618
0.9084206
0.912042
0.9127388
0.9039591
0.9166098
0.9248006
0.924382
0.9224875
0.9113213
0.909451
0.9182934
0.9033691
0.9115415
0.9047671
0.8950021
0.8974804
0.9144118
0.9055837
0.9038636
0.9064139
0.904404
0.9149634
0.9011466
0.9010812
0.9196553
0.9072366
0.908933
0.9225151
0.9047232
0.9048937
0.9200043
0.9020754
0.9248043
0.9040709
0.9167139
0.9159286
0.9215345
0.9061803
0.919745
0.9170101
0.9042643
0.9216742
0.9192791
0.9208305
0.9323319
0.9061873
0.906553
0.90413
0.9062878
0.9180423
0.8958986
0.9269787
0.9050529
0.8987295
0.924267
0.9334003
0.9218739
0.8995772
0.9133594
0.9029862
0.9134497
0.9158432
0.9239545
0.9355088
0.909151
0.9090877
0.8865968
0.9095287
0.908798
0.8961102
0.9032624
0.9120576
0.9023463
0.9088852
0.9114002
0.9031504
0.9063527
0.9121637
0.9159836
0.9057357
0.8916169
0.8903653
0.9052335
0.9187843
0.8924292
0.9121413
0.9171747
0.9028868
0.9349428
0.9275547
0.9233127
0.9293168
0.9020449
0.8848861
0.9003504
0.9028508
0.9027757
0.9154243
0.9106147
0.9175928
0.8964465
0.9020398
0.9337881
0.904626
0.918876
0.9266674
0.9266268
0.9242635
0.9001403
0.9135275
0.8954317
0.9075876
0.8972161
0.9261953
0.8951865
0.8967391
0.9213374
0.8954416
0.9249128
0.9081971
0.9273887
0.9187184
0.8923884
0.9079063
0.9226289
0.9107299
0.9049485
0.9166249
0.870068
0.8715194
0.9064052
0.9008557
0.9084972
0.9003448
0.9160917
0.9175699
0.910973
0.8828246
0.9141001
0.9131169
0.9011494
0.9176789
0.9064191
0.917818
0.9066186
0.9131124
0.9133719
0.9095649
0.9166155
0.9109807
0.9122794
0.9027471
0.9131863
0.9036977
0.9064242
0.9056245
0.9244887
0.8915234
0.9203227
0.8940009
0.9261386
0.922047
0.9056119
0.9365135
0.9077626
0.9254072
0.9090673
0.9038454
0.9304516
0.9109424
0.9050976
0.9069928
0.9172221
0.9148361
0.922385
0.9064863
0.9073275
0.8474087
0.923107
0.9062454
0.909807
0.9122155
0.9067329
0.9211327
0.9101427
0.9216895
0.9236938
0.9094452
0.9370942
0.9339817
0.9068981
0.9316386
0.898695
0.9050331
0.9060643
0.9025324
0.9177495
0.9168594
0.9152184
0.9280211
0.9100738
0.914261
0.911624
0.907032
0.9243848
0.9275588
0.9283896
0.9296511
0.9160308
0.913034
0.922362
0.9057332
0.9089743
0.9075288
0.9006253
0.8974748
0.9196106
0.9092721
0.9078503
0.9103782
0.9096506
0.9221236
0.8981578
0.9038525
0.9262003
0.9128083
0.9099804
0.9239706
0.9035975
0.9029829
0.9211219
0.9033249
0.9231069
0.8999595
0.9251101
0.9214504
0.9279477
0.9110601
0.9246065
0.9203521
0.9010025
0.9255484
0.92118
0.926119
0.9316143
0.9024963
0.9067405
0.9074335
0.9052369
0.8997963
0.9156741
0.8436985
0.9057508
0.9085159
0.8557384
0.7865351
0.9085749
0.9017718
0.9081356
0.8896298
0.9177571
0.9167044
0.8954246
0.9195868
0.9062232
0.9231087
0.9165197
0.9022664
0.9307985
0.915297
0.9087822
0.9031443
0.9145935
0.907456
0.9125513
0.9110008
0.9115603
0.9194914
0.9176339
0.9024048
0.9120582
0.9179661
0.9076683
0.9014812
0.9123843
0.912582
0.9189454
0.9152542
0.9234464
0.920753
0.8570261
0.9189283
0.8980187
0.9158912
0.9048774
0.9043706
0.9151748
0.9114503
0.9066083
0.9136886
0.9138378
0.9078338
0.8597382
0.9117537
0.9092163
0.9146491
0.9156121
0.9197423
0.9200563
0.9155084
0.9285915
0.9072791
0.9176429
0.8547413
0.8897655
0.8965854
0.9075933
0.9122763
0.851182
0.9028671
0.8538444
0.9109709
0.9043516
0.9046295
0.9114027
0.9086377
0.9076301
0.9189601
0.9111223
0.9078339
0.9161695
0.8982163
0.9216603
0.9017466
0.9121101
0.9061944
0.9155195
0.9173276
0.9099102
0.9089603
0.9019742
0.9115549
0.9148884
0.9087095
0.9273883
0.8982608
0.9041042
0.9050953
0.9060704
0.9011343
0.9089105
0.8463512
0.9041272
0.9025216
0.8566473
0.7978749
0.9096366
0.8912238
0.9095435
0.8848251
0.9177248
0.9150768
0.8983713
0.9250873
0.8989436
0.9142986
0.903102
0.8923809
0.9270286
0.9059909
0.9042974
0.8981229
0.9112209
0.9059963
0.9074381
0.9031731
0.9070668
0.9088739
0.9158208
0.8978364
0.9044917
0.9082305
0.9064843
0.9021119
0.9053813
0.9105922
0.9194843
0.9082828
0.92743
0.9217759
0.853797
0.9217022
0.8853333
0.9019728
0.8999354
0.8895209
0.9097816
0.9098369
0.9020033
0.9123169
0.9058405
0.9022487
0.8693008
0.912264
0.911517
0.9156373
0.9145473
0.9120439
0.9073876
0.9088542
0.9217173
0.9007595
0.9092637
0.8550508
0.880098
0.8844534
0.9082312
0.9014228
0.8503666
0.9029524
0.8519694
0.9078512
0.8929108
0.8989369
0.91561
0.9030603
0.9021836
0.9167479
0.9077279
0.9035558
0.9125965
0.8866347
0.9157303
0.891245
0.9078283
0.9073006
0.9122049
0.9102926
0.9129679
0.9060232
0.8913882
0.9137805
0.9138132
0.9044301
0.9215476
0.8987238
0.9017629
0.9014561
0.8995755
0.8912131
0.9054064
0.8392772
0.8993277
0.9020556
0.8536812
0.7709808
0.9036731
0.8893188
0.9091228
0.8866279
0.9172608
0.9123566
0.8921079
0.9195732
0.8973522
0.9131066
0.909045
0.8915306
0.9295585
0.9069883
0.9029721
0.8980384
0.9062247
0.9016271
0.9045307
0.9027871
0.9056537
0.9106009
0.9124533
0.8977129
0.9064214
0.9100819
0.906774
0.896919
0.9061981
0.9095982
0.9156854
0.9077098
0.9217473
0.9190207
0.8539935
0.9146177
0.8893591
0.9088254
0.8968873
0.892058
0.9093187
0.9007169
0.896833
0.9118465
0.9062935
0.9015557
0.8581468
0.9086985
0.9054221
0.9108519
0.911519
0.9090559
0.9136812
0.914324
0.9261025
0.8934882
0.9089937
0.8520862
0.8778082
0.8880949
0.9019788
0.9042089
0.8396308
0.8974532
0.8419969
0.9060231
0.8937038
0.8920055
0.9059609
0.9000639
0.8972173
0.9131688
0.9041994
0.9014069
0.9100315
0.8876656
0.9127139
0.8895164
0.9027525
0.9046014
0.9083009
0.9119492
0.9070527
0.8998838
0.889537
0.9090372
0.9084589
0.8997296
0.9239937
0.9053515
0.9091799
0.9055567
0.9093136
0.9074333
0.9025391
0.9146192
0.9089291
0.9055544
0.9131117
0.9216265
0.9142827
0.903794
0.9087939
0.9026596
0.9132628
0.9110205
0.9218576
0.9277305
0.9098729
0.8926928
0.8949216
0.91058
0.8970154
0.9036196
0.9098892
0.9094999
0.900014
0.8991999
0.9140431
0.9066485
0.9099335
0.9160249
0.9137455
0.9064191
0.9017963
0.8951232
0.9098575
0.9114096
0.9010618
0.9135072
0.9134895
0.9119798
0.9304331
0.921957
0.9109381
0.9276823
0.899191
0.8926808
0.9104138
0.9029618
0.9017311
0.9113431
0.9084277
0.9167152
0.9034324
0.9029534
0.923061
0.9065799
0.9086815
0.9210608
0.92077
0.9177017
0.9044703
0.9179107
0.9098274
0.9118027
0.9074656
0.9176712
0.900541
0.9000923
0.9111443
0.8994802
0.9165597
0.9123276
0.9143542
0.9139114
0.9045359
0.9095966
0.9133741
0.9117177
0.9087192
0.9099935
0.9011688
0.8995585
0.9128184
0.9012071
0.9121659
0.9011488
0.9101959
0.9088747
0.9107396
0.8919102
0.9150753
0.9108443
0.9011391
0.9145018
0.9034601
0.9136226
0.914073
0.90309
0.9118847
0.9094244
0.9111736
0.9145901
0.9054232
0.9226339
0.908493
0.9105007
0.9204233
0.9249612
0.9145603
0.9071426
0.9146959
0.9095103
0.9133692
0.9138766
0.92357
0.9306354
0.9119032
0.8803903
0.8989936
0.9177658
0.8887638
0.9072531
0.9105541
0.9189046
0.9086498
0.9105469
0.9121757
0.9157139
0.9202445
0.9191002
0.9136314
0.9102882
0.9022156
0.901336
0.9155581
0.9139454
0.9026303
0.9099916
0.9160859
0.9075101
0.9329878
0.92464
0.9194146
0.9264493
0.9070593
0.9006618
0.9107416
0.9040686
0.90715
0.9171492
0.9136724
0.9191427
0.9043488
0.9054516
0.9316406
0.9058165
0.9120315
0.922322
0.9265564
0.9212483
0.9049683
0.9167583
0.9081504
0.9146977
0.9039988
0.9276403
0.9086991
0.9036479
0.9156244
0.9040573
0.9231876
0.910453
0.9247444
0.9168417
0.9056385
0.9138934
0.9158585
0.9152524
0.9139994
0.9178626
0.9052006
0.9080562
0.9167221
0.9081203
0.9097681
0.9091496
0.9125341
0.9087088
0.9080699
0.8986802
0.9158531
0.9163114
0.9101236
0.9179081
0.9098949
0.9184206
0.915632
0.8741038
0.8762274
0.838126
0.8683845
0.8635181
0.9140821
0.9183937
0.8737625
0.9155302
0.9165325
0.9163389
0.8934857
0.913325
0.8904421
0.9145879
0.8952411
0.8836222
0.9211551
0.9141395
0.9147963
0.9175498
0.9117299
0.9153575
0.9252582
0.9175486
0.9162134
0.9156778
0.8943839
0.8906842
0.8944576
0.9188139
0.9166347
0.9239242
0.8835475
0.9132588
0.9146842
0.9048826
0.9161814
0.8901742
0.9155472
0.8897106
0.9013791
0.9206388
0.9069054
0.9049146
0.9170481
0.9029393
0.9131109
0.9011684
0.9176343
0.911163
0.8948437
0.8822587
0.8836486
0.8929566
0.9163734
0.8833937
0.9187256
0.9148227
0.8884197
0.9013202
0.9027422
0.9042978
0.9158954
0.9220544
0.9201025
0.842577
0.9156784
0.9215065
0.9112921
0.9112527
0.8997385
0.9131535
0.9145715
0.8823107
0.9166696
0.9027203
0.9134153
0.8400075
0.8928686
0.8457427
0.8397158
0.8892778
0.9135183
0.9120365
0.8459071
0.9126767
0.8985645
0.9133994
0.8945056
0.8894901
0.8917281
0.9028169
0.8977682
0.8954856
0.9132846
0.8998045
0.8919266
0.904196
0.8536221
0.8791144
0.8900938
0.8895108
0.8886929
0.8874569
0.9138147
0.9161578
0.8872056
0.9091932
0.9139101
0.9212457
0.8793953
0.9050119
0.8759129
0.9044593
0.8956336
0.8891391
0.9176339
0.9090101
0.9148959
0.9167603
0.9070171
0.9110331
0.9149528
0.9106949
0.9107867
0.9122222
0.8742836
0.8767555
0.8864092
0.9108886
0.9101285
0.9212787
0.8889858
0.9122979
0.9094046
0.9012618
0.9111836
0.8772416
0.9106573
0.891059
0.8877435
0.91212
0.9164217
0.9019601
0.9137424
0.9125658
0.9039505
0.8940605
0.9133654
0.9080898
0.8827217
0.8910379
0.8848347
0.8984571
0.9095162
0.8839233
0.9255183
0.918532
0.8811578
0.8986779
0.896447
0.895987
0.9097603
0.9153517
0.9123506
0.8880359
0.9112748
0.920377
0.9007755
0.8995459
0.8985224
0.9107502
0.913693
0.8867033
0.9174695
0.8951989
0.9027123
0.8869959
0.8839781
0.8897376
0.8878165
0.8923366
0.9045695
0.9030327
0.8984547
0.9005786
0.8895408
0.9036022
0.8862269
0.884886
0.8847193
0.8939166
0.8941839
0.8863735
0.9034342
0.8916682
0.8842163
0.8958528
0.8993767
0.8800988
0.8830054
0.8886102
0.8833905
0.874183
0.917118
0.9065227
0.8739845
0.9182734
0.9098148
0.9103787
0.8578066
0.9174255
0.8387478
0.9201092
0.8911678
0.8772657
0.9177623
0.8924165
0.9145573
0.9108076
0.9241021
0.9139176
0.9209599
0.9228401
0.916937
0.9128598
0.8734051
0.8655321
0.8553608
0.9162488
0.919485
0.9277742
0.8774731
0.9136902
0.9240264
0.9026705
0.9149704
0.8381644
0.9253208
0.8916868
0.8768169
0.9184492
0.8979226
0.8838257
0.9064621
0.8968444
0.9168585
0.9046074
0.9167264
0.9167628
0.8744987
0.8783394
0.8624199
0.8883943
0.9194412
0.8866923
0.9131465
0.9199877
0.8507401
0.8698551
0.8722729
0.8678252
0.9213335
0.9258983
0.9317382
0.8912805
0.9191301
0.9085465
0.913191
0.913408
0.8668826
0.9254959
0.9099989
0.8804212
0.9101354
0.8754089
0.9163818
0.8912661
0.8492352
0.8944497
0.8920311
0.8808613
0.916246
0.9132184
0.8971272
0.9133264
0.8818384
0.915907
0.8652938
0.8559396
0.8653775
0.9069126
0.8725519
0.8649269
0.9155575
0.8706107
0.8685211
0.8795787
0.901993
0.9156219
0.9125031
0.9178896
0.9114086
0.9145876
0.9207067
0.9252671
0.9147021
0.923096
0.9235199
0.926717
0.9133357
0.9209578
0.9088661
0.9233386
0.9116488
0.9108605
0.9280634
0.9191603
0.922613
0.9219892
0.918878
0.9261059
0.9224012
0.9229003
0.9202273
0.9263279
0.9045117
0.9051945
0.9137042
0.9291735
0.9272696
0.9283026
0.9133256
0.9195823
0.9196342
0.9158161
0.9234428
0.911332
0.918948
0.9169861
0.9129102
0.9264628
0.9260274
0.915627
0.921796
0.9244294
0.9211326
0.9143611
0.9252245
0.9232972
0.9052508
0.9143825
0.9095334
0.9151006
0.9229057
0.9079083
0.9335048
0.9173338
0.9097966
0.9171718
0.9164624
0.917273
0.9259155
0.9262197
0.9254985
0.9203462
0.9240184
0.9283292
0.9239956
0.917262
0.9141307
0.9217612
0.9292109
0.9171587
0.9270888
0.9125035
0.9240583
0.9197083
0.9105222
0.9237786
0.9242647
0.9138888
0.9187585
0.9178551
0.9238247
0.92204
0.9113773
0.9221142
0.9093742
0.9038826
0.9087706
0.9167318
0.9108618
0.90873
0.9215492
0.9124329
0.9004256
0.9137715
0.9191656
0.8873538
0.8915082
0.8914392
0.8913771
0.8872015
0.9055742
0.9139814
0.8857102
0.9089127
0.91236
0.9188189
0.8662134
0.9057895
0.8583205
0.9106222
0.8931548
0.8799827
0.9180496
0.9031816
0.9110496
0.9069638
0.9006743
0.9116497
0.9192737
0.9086405
0.9095206
0.9124283
0.8692908
0.8759105
0.8720293
0.9121496
0.9131688
0.9214375
0.881596
0.9125436
0.9012346
0.8945657
0.9088342
0.8664613
0.9009297
0.8904689
0.890433
0.9121366
0.91252
0.8940756
0.9120429
0.9080263
0.9075909
0.8889454
0.9126687
0.8993417
0.8777107
0.8901724
0.8713289
0.8963837
0.9059954
0.8847762
0.9228188
0.9077122
0.8693408
0.8876505
0.8846706
0.8856907
0.9081549
0.915655
0.9100759
0.8944725
0.9081552
0.920739
0.9034253
0.9021205
0.8833754
0.9044574
0.9123419
0.8935493
0.9177324
0.8904017
0.9071712
0.8920747
0.8683864
0.8965357
0.8946482
0.8826516
0.9026664
0.9057858
0.8968426
0.9040935
0.8856041
0.9061227
0.8776016
0.875766
0.8733201
0.8916661
0.8821581
0.8806243
0.9059215
0.8863822
0.8697196
0.8871255
0.8997361
0.9119647
0.9108859
0.9160938
0.9101857
0.9047552
0.9271464
0.9125064
0.9108615
0.9248571
0.9174353
0.9150568
0.9053885
0.9281016
0.9014355
0.9247402
0.915683
0.909923
0.9225049
0.9108734
0.9247892
0.9231108
0.9331776
0.9222573
0.9314646
0.9307756
0.930127
0.9244344
0.9131157
0.9085836
0.9038709
0.9253017
0.9255844
0.9355632
0.9094901
0.9243803
0.9287185
0.9209893
0.9312261
0.8999789
0.9282048
0.9150607
0.9102359
0.931199
0.9155312
0.9130897
0.9135815
0.9214914
0.9251677
0.921737
0.9255638
0.9264309
0.9095157
0.9110362
0.904742
0.9169943
0.9322879
0.9176097
0.9196805
0.9227197
0.9017146
0.9051562
0.9035076
0.9025316
0.9335135
0.9316943
0.9388111
0.9158716
0.9309155
0.9201605
0.9233086
0.9242078
0.8988776
0.9274705
0.9190869
0.9137495
0.9223358
0.9049304
0.9297025
0.9150858
0.9049764
0.9175325
0.9151872
0.9117112
0.9251841
0.9239625
0.922018
0.9270357
0.9148805
0.9245662
0.9059039
0.9065813
0.9083954
0.9239827
0.9070862
0.905296
0.9241652
0.9063059
0.9092746
0.9041858
0.9233904
0.8841574
0.8836981
0.8942342
0.8876086
0.8819604
0.9177788
0.9071846
0.888559
0.9184269
0.9097549
0.9109349
0.8679495
0.9202232
0.8683158
0.9188819
0.889524
0.8823189
0.9151792
0.8956243
0.9194074
0.9176524
0.9257321
0.9150893
0.9247864
0.9259063
0.9179814
0.9125739
0.8820584
0.8755865
0.8729163
0.9210895
0.9204961
0.9288483
0.8821212
0.9215742
0.9240375
0.9118542
0.9193571
0.8627161
0.9231623
0.8960891
0.8839713
0.9226833
0.9034077
0.8963508
0.9109492
0.9018301
0.916797
0.9124835
0.9186581
0.9200497
0.8799825
0.8851211
0.8776275
0.8936026
0.9251528
0.8948938
0.9130497
0.922489
0.8737024
0.8822059
0.8795111
0.8790045
0.9226675
0.926077
0.9312115
0.8928326
0.9250133
0.9156182
0.9151664
0.9157099
0.879034
0.9241478
0.9121401
0.8913083
0.9118106
0.8823997
0.919356
0.8908537
0.8719586
0.9006509
0.8967155
0.8827782
0.914632
0.9138537
0.9001493
0.9168084
0.8939318
0.9189756
0.8795993
0.8673741
0.8805722
0.9164146
0.8843995
0.8780258
0.9191341
0.8820954
0.8733801
0.8855227
0.9062698
0.878369
0.8820108
0.8833483
0.8836896
0.8780684
0.9106133
0.9058758
0.8803984
0.9057659
0.9101526
0.9086888
0.8698798
0.903227
0.8632271
0.9062977
0.89475
0.8848295
0.9129675
0.8991552
0.9090196
0.9192073
0.9108656
0.9044954
0.92241
0.908935
0.9105079
0.9085692
0.8733596
0.870596
0.8723536
0.9108395
0.9113991
0.9176723
0.8836716
0.9102812
0.9102434
0.8979424
0.9105142
0.8656486
0.9107285
0.8884166
0.8813602
0.9178561
0.9151854
0.8947219
0.9084807
0.9047152
0.9082336
0.8944277
0.9066196
0.9090194
0.8779687
0.8836142
0.8715697
0.8924078
0.9089415
0.8823444
0.9141252
0.9152554
0.8730931
0.8854478
0.8863857
0.8866061
0.9170816
0.9163867
0.9237204
0.8783942
0.9105961
0.9083603
0.898878
0.9052352
0.8878683
0.9129731
0.90987
0.886981
0.9073365
0.8898941
0.9093172
0.8766873
0.8766984
0.884831
0.8797786
0.8922896
0.9055656
0.9000752
0.8910364
0.9073421
0.8940336
0.9078585
0.882159
0.8761428
0.8832997
0.8943254
0.886438
0.8806045
0.9091039
0.8835548
0.8770061
0.8871641
0.902056
0.884488
0.8900672
0.8850704
0.8886379
0.8910456
0.8997379
0.9141134
0.887285
0.9009352
0.9111611
0.9190371
0.8876945
0.8984
0.8833188
0.8999963
0.8974185
0.8871974
0.917179
0.9158201
0.9092051
0.9120034
0.8976459
0.9113352
0.9161419
0.9031243
0.905446
0.9122402
0.8783009
0.8765981
0.8910649
0.9043153
0.90467
0.9134494
0.8856761
0.9060252
0.8995595
0.8937644
0.90557
0.8867122
0.9001798
0.8921368
0.8903912
0.9090192
0.9238209
0.9091838
0.912277
0.9109404
0.8936612
0.8798935
0.9077298
0.8952107
0.8812461
0.8889727
0.8865487
0.899065
0.9007066
0.8830965
0.9243994
0.9077124
0.8940237
0.900429
0.8992852
0.898831
0.8998014
0.9108018
0.9045415
0.8867299
0.897421
0.9181415
0.8913621
0.8916715
0.9046769
0.8990876
0.9093988
0.8885626
0.9179395
0.8995041
0.8920932
0.8835754
0.895031
0.8926829
0.8846855
0.8889128
0.8952857
0.8968647
0.8940518
0.8979968
0.8889607
0.8985223
0.8914521
0.8906165
0.8861903
0.882866
0.8922721
0.8911328
0.8979095
0.8907182
0.8797466
0.8974277
0.8981761
0.8856272
0.8880459
0.8931847
0.8894418
0.8959925
0.9066439
0.9195857
0.8905849
0.9062444
0.9144713
0.9203458
0.8882553
0.9068402
0.884419
0.9085748
0.8947105
0.8932918
0.9251248
0.913441
0.9140942
0.9140339
0.9051188
0.9173668
0.922113
0.9082878
0.9103397
0.9198817
0.8787702
0.8819495
0.8862956
0.9140923
0.9130081
0.9214119
0.8950831
0.9144002
0.9104656
0.8943467
0.9117366
0.8877618
0.9113076
0.8952846
0.8907039
0.9127816
0.9198527
0.9031597
0.9141124
0.9167653
0.9080146
0.8936612
0.9100603
0.9084507
0.8831765
0.8920252
0.8837285
0.9014159
0.9049917
0.890806
0.9277104
0.9130019
0.8914505
0.9006349
0.8993368
0.8992762
0.9091266
0.9191994
0.9113756
0.8961264
0.9081519
0.9232937
0.907051
0.9063422
0.8976482
0.9099794
0.9204874
0.8958678
0.9200437
0.896255
0.9057708
0.8966736
0.8895397
0.8971238
0.8943095
0.8930699
0.9026236
0.9069393
0.8964446
0.9077061
0.8898718
0.9069308
0.8881094
0.8825484
0.8824445
0.8927142
0.8969641
0.8916792
0.9081042
0.8930375
0.8882524
0.8950907
0.8974869
0.8921385
0.8874579
0.8983304
0.8924165
0.8855352
0.9257117
0.9074966
0.8887887
0.9253716
0.9152267
0.9157954
0.8699068
0.924525
0.8621666
0.9261412
0.8969813
0.8809979
0.9193548
0.8925282
0.9242051
0.9217307
0.9308775
0.920902
0.9291386
0.9286842
0.9265489
0.9165436
0.8823508
0.878853
0.8753266
0.926488
0.9270398
0.9339283
0.8842211
0.9248879
0.9309331
0.9081513
0.9247192
0.861864
0.9301847
0.8957025
0.8813473
0.9307684
0.9016099
0.8912494
0.913065
0.9002323
0.9210591
0.9176487
0.9222394
0.9234489
0.8880573
0.8893764
0.8727061
0.8965932
0.9280874
0.8978637
0.9193866
0.9250252
0.8692316
0.8820937
0.8834847
0.8765043
0.9307808
0.9289186
0.9366629
0.8958318
0.9287849
0.9164431
0.9199185
0.9203737
0.8778715
0.9296637
0.9134778
0.897391
0.9154076
0.8872159
0.9273398
0.8967735
0.8633934
0.9023635
0.9010145
0.8831057
0.9201526
0.9170988
0.901543
0.9209036
0.8946901
0.9255297
0.8763871
0.8665536
0.8795346
0.9183897
0.8871386
0.8772379
0.9249718
0.8831034
0.8821714
0.8815638
0.907508
0.8553433
0.8617419
0.6263965
0.849895
0.8537322
0.9069165
0.9019177
0.8566226
0.8973051
0.9039348
0.9073359
0.8844196
0.892797
0.8773976
0.8941254
0.8973071
0.8799032
0.9051693
0.9151266
0.9023313
0.9126156
0.8964364
0.9041101
0.9226555
0.9011242
0.9024842
0.900393
0.8798752
0.8801137
0.88704
0.9057219
0.9012773
0.9123136
0.8774313
0.8998156
0.8968963
0.8909241
0.9010028
0.8782194
0.8978793
0.8841391
0.8943314
0.907328
0.9081191
0.9015456
0.9037384
0.8965139
0.8956088
0.8751569
0.8994472
0.8943072
0.8847103
0.8756913
0.873885
0.8837851
0.8991879
0.8663798
0.9128356
0.9049693
0.8847088
0.8950754
0.8958274
0.8952157
0.8995186
0.9064566
0.908788
0.7711152
0.9020818
0.9074001
0.8916865
0.8913463
0.893485
0.8994061
0.9060054
0.8774447
0.9034534
0.8917914
0.8949255
0.7643599
0.8880707
0.7839747
0.7721807
0.8805739
0.8922699
0.8925321
0.7960475
0.8958956
0.8893295
0.8988411
0.8859012
0.8839652
0.8827221
0.8847067
0.8897884
0.881756
0.8989884
0.888153
0.8854907
0.8907997
0.8522694
0.9030215
0.9014642
0.9047448
0.9021099
0.898955
0.9009029
0.8929872
0.9016506
0.8972794
0.8974499
0.8931174
0.9123234
0.8881459
0.9102408
0.8910208
0.9206051
0.9189218
0.8895312
0.9232392
0.9012643
0.9135606
0.9082613
0.8965403
0.9209333
0.9020454
0.8989136
0.8950421
0.9045679
0.9046274
0.9133597
0.9000905
0.9031055
0.9017969
0.9175656
0.8932426
0.9076742
0.9029119
0.8979198
0.9087505
0.9072047
0.9159286
0.914301
0.9027261
0.9304401
0.9269403
0.8999053
0.9250122
0.890989
0.901001
0.9000984
0.8947213
0.9100544
0.9096413
0.9048424
0.9160859
0.9017713
0.9039532
0.9063688
0.898118
0.9078516
0.916729
0.9160085
0.9187156
0.9040105
0.9053072
0.9176177
0.8990525
0.9059851
0.8990478
0.8872073
0.8908943
0.9106733
0.9061396
0.8989157
0.8999383
0.8974583
0.9082096
0.8949013
0.8979189
0.9086327
0.9043007
0.8988641
0.9178851
0.8980264
0.8947812
0.9097632
0.8904836
0.9157809
0.8930323
0.91644
0.9094289
0.9142928
0.9036945
0.914586
0.9069011
0.8926065
0.9153344
0.9141463
0.9132376
0.9268941
0.9132735
0.9124047
0.912557
0.9140581
0.9220053
0.8651025
0.925162
0.9119701
0.8728708
0.9218344
0.9262517
0.923043
0.8986684
0.9154006
0.8983464
0.9185292
0.9228936
0.906186
0.939831
0.8868534
0.9135599
0.8507445
0.8852807
0.9152487
0.86829
0.8721668
0.8915681
0.9056067
0.9149333
0.9185592
0.8722338
0.8748746
0.9128631
0.9229612
0.8811439
0.863029
0.8981803
0.8761321
0.9238264
0.8625972
0.9141414
0.9221378
0.8914533
0.9363527
0.9274129
0.9222927
0.9334704
0.9046735
0.8827268
0.8773402
0.9023369
0.9108132
0.9178173
0.9168515
0.9222421
0.862054
0.9064479
0.9323267
0.9040263
0.9239235
0.928229
0.9237008
0.9278848
0.8646098
0.8910198
0.8734514
0.911997
0.8654111
0.9302086
0.8957705
0.9006784
0.9233293
0.8648949
0.9204701
0.9157906
0.9264896
0.926083
0.8924681
0.9116324
0.9225485
0.9178382
0.9162881
0.9229112
0.8984988
0.8991014
0.9205527
0.9052687
0.9156666
0.9018526
0.916789
0.9217272
0.9164051
0.8837191
0.9205551
0.916777
0.9027619
0.9210968
0.9096151
0.9225463
0.9182851
0.9019743
0.9013712
0.9033497
0.9055135
0.9057081
0.8687456
0.8931066
0.9067839
0.8562184
0.8961148
0.8960791
0.9144629
0.8904726
0.9133226
0.8928478
0.9196814
0.9166962
0.8702296
0.927745
0.8725857
0.913451
0.8739729
0.8490544
0.9229734
0.8659498
0.8621284
0.8654975
0.9081647
0.9063086
0.9106512
0.8641773
0.8673606
0.9054591
0.9162972
0.868824
0.8719283
0.9055441
0.859831
0.9083717
0.8737014
0.9123137
0.9177044
0.8749161
0.9316577
0.92636
0.8974097
0.9272467
0.8966453
0.8974368
0.8599185
0.8955323
0.9097127
0.912746
0.9102637
0.9191788
0.8650608
0.9040542
0.9058726
0.9027942
0.9107297
0.9185353
0.9179694
0.916986
0.8739511
0.885387
0.8901664
0.9009624
0.8653628
0.9013992
0.8864274
0.8949382
0.9119699
0.8720494
0.8977855
0.906106
0.9010471
0.9170032
0.8896225
0.9000364
0.9125935
0.9089668
0.9069197
0.9180357
0.8993207
0.8959094
0.9139964
0.8956817
0.9165871
0.8967302
0.9123739
0.9110503
0.9132925
0.8965998
0.9153914
0.9092916
0.8967569
0.9135375
0.9165565
0.9129742
0.9214509
0.9001874
0.9072047
0.9044322
0.9060801
0.9090551
0.8573515
0.9045279
0.904435
0.8544606
0.9050879
0.9120859
0.9167374
0.8945369
0.9132209
0.8950237
0.9234171
0.9186754
0.8779935
0.9325139
0.871641
0.9142256
0.8605346
0.8554764
0.9175521
0.8631472
0.8576029
0.8669045
0.9073082
0.9103495
0.9127631
0.8579266
0.8582975
0.9109744
0.9183573
0.8631067
0.8621084
0.8991276
0.8600463
0.9138901
0.860914
0.9126399
0.9177728
0.8698926
0.9347995
0.9255608
0.9063848
0.9276006
0.8934777
0.8906451
0.8529889
0.8964068
0.9077895
0.9144477
0.906405
0.9186707
0.8602844
0.9006048
0.9205267
0.9043415
0.9147891
0.9175294
0.920169
0.9199169
0.8655054
0.8820558
0.8744078
0.9036153
0.8562106
0.9115498
0.890385
0.8907054
0.9168882
0.8625565
0.9092439
0.9094383
0.9122212
0.9169222
0.8872857
0.9032153
0.9172786
0.908496
0.9051591
0.9181777
0.8944961
0.8967358
0.9150807
0.9007857
0.9096443
0.8946117
0.9133113
0.9180479
0.9162989
0.8893256
0.915167
0.9149371
0.8945557
0.9179198
0.9101216
0.9161195
0.9205189
0.8932504
0.8981522
0.8971878
0.8989179
0.8990879
0.8708052
0.8926705
0.8956468
0.8516842
0.8975804
0.895318
0.9136474
0.8815621
0.9060337
0.8787637
0.9188565
0.9127222
0.8585388
0.9293347
0.8667145
0.9169722
0.8682786
0.8498522
0.9249404
0.8607518
0.85758
0.858664
0.9062117
0.9017026
0.9094267
0.8580356
0.8583239
0.9021409
0.9138688
0.8579183
0.8689985
0.9069734
0.860861
0.9018483
0.8703138
0.9082231
0.9173692
0.8784994
0.9345644
0.9318428
0.8960934
0.926468
0.8863299
0.8908295
0.8537978
0.892024
0.9086305
0.9041607
0.9045902
0.9146701
0.8645205
0.9026247
0.9032927
0.9060038
0.9149402
0.9167767
0.9169427
0.9169575
0.8732442
0.8792885
0.8904018
0.8916991
0.863095
0.8986175
0.8752893
0.8865573
0.9127423
0.8684803
0.9008917
0.8995128
0.8945231
0.9154709
0.8866904
0.8899698
0.913095
0.8970143
0.8948852
0.9160936
0.888136
0.8864485
0.909016
0.8880594
0.9160189
0.8927872
0.9116706
0.9120598
0.9150324
0.8940065
0.914744
0.9090389
0.892729
0.9135733
0.9118421
0.9121578
0.9248876
0.9130774
0.9090682
0.9134693
0.9082293
0.910477
0.8665755
0.9036128
0.9088123
0.8618801
0.9023338
0.9053616
0.9203005
0.9025262
0.9161734
0.900147
0.9231871
0.9249443
0.8729923
0.9334986
0.8729294
0.9201013
0.8784047
0.8557591
0.9244446
0.8668708
0.8616053
0.8587289
0.916699
0.9127669
0.9175797
0.8647291
0.8648198
0.9175403
0.9240347
0.8740008
0.875075
0.9120411
0.8629248
0.9137369
0.8756418
0.9132191
0.9229178
0.8836058
0.9323001
0.9271097
0.9025713
0.9259464
0.9008572
0.9036306
0.8622618
0.9028361
0.9166017
0.912081
0.914192
0.9234217
0.8670922
0.909343
0.9131239
0.9121462
0.916245
0.9240613
0.9242128
0.9238128
0.8762301
0.8882035
0.8903327
0.9084414
0.8698459
0.9089544
0.8999597
0.9029692
0.9169136
0.8732057
0.9066162
0.9117031
0.9074563
0.9210738
0.9039233
0.9075817
0.9172258
0.910654
0.9099202
0.92106
0.9060354
0.9075552
0.9183459
0.9021923
0.92024
0.904554
0.9200125
0.9184511
0.9198949
0.9020061
0.917539
0.9181589
0.9037155
0.9192573
0.9196781
0.9142507
0.9276575
0.9012184
0.8982286
0.8984622
0.9005316
0.9125556
0.8535267
0.9144146
0.8978568
0.8515992
0.9084886
0.9143262
0.9186084
0.8887135
0.9105591
0.8935682
0.9142488
0.9163927
0.883652
0.9319035
0.8695274
0.9121946
0.844343
0.858783
0.9171182
0.8534344
0.852034
0.8636535
0.9031027
0.907581
0.9128765
0.8562935
0.8583994
0.9047619
0.9167649
0.8600061
0.8441375
0.8947407
0.8502482
0.9168315
0.8457017
0.9110379
0.9142919
0.866851
0.9367859
0.9252303
0.9084033
0.9298559
0.89358
0.8817124
0.8555611
0.887773
0.9047324
0.9112805
0.9045739
0.9163968
0.8483081
0.8984686
0.920354
0.9004504
0.9149297
0.9195612
0.9189131
0.9176138
0.8526663
0.8773496
0.8617302
0.9023659
0.8482713
0.9103827
0.8813206
0.8894066
0.9169779
0.8456877
0.9121531
0.9053897
0.9150348
0.9173598
0.8862144
0.9016369
0.9170232
0.9056199
0.9030951
0.9166281
0.8927501
0.8955394
0.9076829
0.8901938
0.9105371
0.8933754
0.9139344
0.9162003
0.9125301
0.8794036
0.9156562
0.9148845
0.8946314
0.913093
0.9083022
0.9158513
0.9099592
0.8928125
0.8990758
0.898421
0.9013785
0.9047098
0.8574953
0.9008604
0.8996303
0.850498
0.9025382
0.9025654
0.9138756
0.8843409
0.9110382
0.8861801
0.9160486
0.9172562
0.8712725
0.9339107
0.8364125
0.9121258
0.7718138
0.859494
0.9151568
0.8581886
0.8567086
0.8652555
0.9033442
0.9067118
0.9099096
0.8564338
0.8576743
0.9006003
0.9151474
0.8229121
0.7729698
0.8946963
0.8536269
0.9105294
0.7751519
0.9050022
0.9209076
0.8737425
0.9332692
0.9252482
0.9014136
0.9248608
0.8837201
0.8837959
0.8551772
0.8881793
0.9074465
0.9070219
0.9052121
0.9153267
0.8520402
0.8941803
0.9113942
0.8982782
0.915723
0.9228877
0.9246135
0.922636
0.8598857
0.8785117
0.8733386
0.8952118
0.8562084
0.9042133
0.8684291
0.883945
0.9141807
0.7778882
0.901342
0.9008795
0.9051677
0.9134519
0.8806253
0.893855
0.91567
0.8984155
0.8940895
0.9168328
0.885309
0.8867546
0.9048858
0.8856834
0.9110132
0.8875863
0.9131692
0.9139361
0.9112094
0.8816579
0.9134315
0.9108481
0.8886442
0.9142237
0.9141463
0.9112883
0.9157883
0.9062455
0.9080484
0.9075347
0.909549
0.9139548
0.8651211
0.9160065
0.9086501
0.8508526
0.9106716
0.9158525
0.9189702
0.8978538
0.9148313
0.8981921
0.9239772
0.9203555
0.8751856
0.9356303
0.8771515
0.9188241
0.8621097
0.8472934
0.9226429
0.8497441
0.8308591
0.8552415
0.9114749
0.9096224
0.9196648
0.8595182
0.8564443
0.9099554
0.9198136
0.8648993
0.8622011
0.9049252
0.8281441
0.9169966
0.8629555
0.9153107
0.9217071
0.8455645
0.9325926
0.9275573
0.9086784
0.9289114
0.9022372
0.8966358
0.8554863
0.8987613
0.9147138
0.9147086
0.9126917
0.9213972
0.8464756
0.9076271
0.9205345
0.9090784
0.9180803
0.9224032
0.9213125
0.9222319
0.8566015
0.8767846
0.8755752
0.9070675
0.8541201
0.9135715
0.8926899
0.8983759
0.9190475
0.8629054
0.9091428
0.9154317
0.9148084
0.9236324
0.897034
0.906831
0.9197039
0.9099509
0.9098752
0.9209087
0.9013545
0.9012137
0.9161016
0.9020243
0.9149362
0.906598
0.920124
0.9216946
0.9149123
0.8975309
0.9201666
0.9186486
0.906908
0.9177872
0.9149261
0.9182634
0.9197742
0.8609384
0.8660807
0.6224694
0.8530369
0.8555295
0.9127102
0.8978005
0.8593002
0.8988541
0.9003552
0.9008493
0.8842429
0.8980351
0.8801451
0.8985746
0.8991067
0.8782218
0.9017322
0.9071639
0.9030392
0.9154143
0.9032447
0.9007501
0.9248649
0.9058169
0.8996567
0.8997997
0.8839893
0.8834733
0.8874267
0.9030779
0.9056899
0.9162655
0.8763107
0.9004882
0.9030778
0.8982147
0.904014
0.8737647
0.9029321
0.8860841
0.8949179
0.9097069
0.9055615
0.9008446
0.8996485
0.8952179
0.9003784
0.8873456
0.9013771
0.9002492
0.8856666
0.8716692
0.8771343
0.8869248
0.9055486
0.8772601
0.9072642
0.9072571
0.8871155
0.8955816
0.8948741
0.8926386
0.9047517
0.9086043
0.9137759
0.7642201
0.9063837
0.9008178
0.8949238
0.8967578
0.8919648
0.9020842
0.9037426
0.8822313
0.8982656
0.89079
0.8993107
0.7595403
0.8879777
0.7799707
0.7709884
0.8805959
0.8991587
0.8955165
0.8066703
0.8966847
0.895085
0.9060694
0.8899783
0.8872284
0.8895584
0.8929907
0.8946084
0.8869892
0.9064172
0.8931891
0.8890616
0.8871014
0.8630852
0.9016971
0.9093606
0.9030023
0.9077973
0.9153744
0.8605204
0.9112747
0.908509
0.8412711
0.9113475
0.9129047
0.9224343
0.8852484
0.9145844
0.8891358
0.9158338
0.9194986
0.8765748
0.9368274
0.8713807
0.9158099
0.8535845
0.8515277
0.9164255
0.8441207
0.8310633
0.8581099
0.9105916
0.9137372
0.9133047
0.8441028
0.8483208
0.9027201
0.9179091
0.8662539
0.8528179
0.9007889
0.8332883
0.9164694
0.8535526
0.9104222
0.9205206
0.8650407
0.9375085
0.927267
0.9107085
0.9272154
0.8897909
0.8846585
0.8475628
0.8910366
0.9084884
0.910509
0.9086986
0.9199491
0.8419402
0.8987581
0.9207942
0.9055201
0.9203948
0.9264607
0.924368
0.9246098
0.8448084
0.8724131
0.8622568
0.9014809
0.8426522
0.9167867
0.8827813
0.8890334
0.9226716
0.8553821
0.9120384
0.914219
0.9135051
0.9239311
0.8905202
0.899305
0.9198356
0.9054861
0.9023698
0.921741
0.8960744
0.8968539
0.9124249
0.8947601
0.9141515
0.8940968
0.9177374
0.9219701
0.914706
0.8878446
0.9199986
0.9186879
0.893876
0.9212055
0.9134678
0.9195207
0.918568
0.8779649
0.8822841
0.8866501
0.8847475
0.888392
0.8983971
0.9067634
0.8845369
0.8929966
0.9039649
0.9090289
0.8934279
0.8897086
0.8846251
0.8976097
0.9051816
0.8946596
0.911771
0.9162349
0.9030664
0.9054586
0.8910656
0.8989734
0.9149075
0.8995068
0.9047432
0.90273
0.887251
0.8866283
0.8953255
0.9010655
0.9034174
0.9127004
0.8942745
0.9029348
0.8925736
0.8876315
0.9041625
0.893395
0.8925894
0.893174
0.8993082
0.9018971
0.9185879
0.9115218
0.9038855
0.9140999
0.8963601
0.8743734
0.9005262
0.8956186
0.8883354
0.8938641
0.8882869
0.8973446
0.8958705
0.8791068
0.9154564
0.903681
0.8941894
0.9062567
0.9034026
0.905523
0.8964593
0.9135987
0.907623
0.8824218
0.8947292
0.9087365
0.8866449
0.8921644
0.8956137
0.8934987
0.9079586
0.8798437
0.906106
0.9005665
0.8921818
0.8804739
0.8965083
0.8869404
0.8843699
0.8930498
0.8922828
0.8949122
0.8950082
0.8947254
0.9010443
0.8951584
0.8989382
0.892795
0.8955363
0.8797447
0.8997207
0.8979759
0.8940554
0.8988234
0.8932885
0.8986074
0.9036353
0.9068016
0.9068476
0.9082734
0.9069411
0.9121638
0.8627176
0.9098185
0.9074107
0.8515083
0.9065444
0.9086166
0.9233398
0.8958501
0.9153787
0.8976748
0.9198184
0.9206465
0.8699915
0.9315323
0.8701895
0.9207999
0.866236
0.8413549
0.9240528
0.8509258
0.7191091
0.848714
0.9123092
0.9142837
0.9167075
0.857291
0.8545529
0.9110534
0.9205215
0.8663684
0.8671658
0.9080109
0.7224298
0.915818
0.8681224
0.916533
0.9195753
0.8783754
0.9332504
0.9263696
0.9058387
0.9260254
0.9047893
0.8989654
0.8520836
0.9003575
0.9174836
0.9123679
0.9147382
0.9204471
0.8509804
0.9097603
0.9170168
0.9090785
0.9187649
0.921105
0.9233259
0.9223643
0.8644307
0.8753586
0.8791205
0.9038736
0.8549748
0.9106552
0.8946694
0.9021559
0.9174102
0.862816
0.9072414
0.912801
0.9125959
0.9214731
0.8949064
0.9040263
0.9171885
0.9073548
0.9078559
0.9213082
0.9021068
0.9003015
0.9141726
0.9052353
0.9169921
0.9040135
0.9159035
0.9187903
0.9174681
0.9032513
0.9175011
0.91232
0.9036114
0.9163598
0.9184528
0.9188635
0.923577
0.906627
0.9063588
0.905193
0.9069634
0.9121103
0.908883
0.8979743
0.9107532
0.9014033
0.8986017
0.9043107
0.9221999
0.8915792
0.9163867
0.8872136
0.9224801
0.9220602
0.9037763
0.927021
0.9041314
0.9194605
0.9027015
0.9020697
0.9230585
0.9067303
0.9074869
0.8998341
0.9127207
0.9112604
0.9195876
0.9051773
0.9074545
0.9062135
0.9194331
0.9008891
0.9014048
0.9083926
0.9073763
0.9162939
0.9015405
0.9164382
0.9209524
0.9066364
0.9342243
0.9291093
0.8963704
0.9255954
0.8950789
0.8982414
0.9044735
0.897317
0.9155837
0.9149572
0.9142058
0.9184918
0.9049154
0.9075829
0.9041308
0.9067053
0.9201798
0.9224117
0.9206344
0.923902
0.9084864
0.9116054
0.9172703
0.9045425
0.9073423
0.9012181
0.8864499
0.8922377
0.9212179
0.9007269
0.8985005
0.9043316
0.899123
0.9191802
0.889297
0.9020472
0.9213055
0.9089025
0.9049022
0.922306
0.9061759
0.9006292
0.9127144
0.8977355
0.9172813
0.8943943
0.9212934
0.9169425
0.9214481
0.9027672
0.9216321
0.9182262
0.8948235
0.9227504
0.9183724
0.9195816
0.9248495
0.8979459
0.9017458
0.9016311
0.9029021
0.9023898
0.859518
0.899023
0.9012973
0.6957817
0.9003546
0.9025256
0.9117887
0.8886582
0.9085531
0.8872919
0.9149042
0.9162906
0.8605678
0.9315662
0.8650725
0.9159905
0.8628305
0.8369247
0.9188742
0.7700354
0.8461015
0.8455337
0.903687
0.9031898
0.9078292
0.7418201
0.7498771
0.9054153
0.9146673
0.8555868
0.8654686
0.901604
0.8434018
0.9068668
0.8664364
0.9106979
0.918594
0.8755378
0.9315961
0.9229131
0.897409
0.9243341
0.8945522
0.8965492
0.6973114
0.8931936
0.9037984
0.9085469
0.9032166
0.9178154
0.7702543
0.8968145
0.9095146
0.9044372
0.9123301
0.9210156
0.92159
0.9212247
0.8603394
0.8741137
0.8762798
0.8962778
0.786657
0.9033992
0.8818253
0.8921943
0.9099922
0.8675797
0.901953
0.9027194
0.9055242
0.91587
0.8863171
0.8947024
0.9121651
0.9002593
0.9034453
0.9172837
0.8875445
0.8892178
0.9105991
0.8959311
0.9107812
0.8925693
0.9114526
0.9113679
0.9119388
0.8984921
0.9126728
0.9078369
0.8932825
0.9124231
0.907915
0.9122807
0.9195157
0.9046533
0.9078151
0.9101163
0.9066228
0.9133208
0.8608435
0.9088321
0.9082213
0.8471654
0.9068114
0.9083393
0.9202241
0.8948602
0.9115934
0.9003224
0.9184667
0.9206571
0.8663558
0.9326573
0.8696764
0.9236394
0.8624772
0.8437286
0.9237738
0.8486304
0.7201699
0.853704
0.914647
0.9125549
0.9153447
0.8559923
0.8558025
0.913056
0.9209461
0.8687181
0.8660835
0.9067254
0.7247074
0.9140222
0.8667018
0.9159329
0.9214011
0.8796096
0.9337773
0.9240813
0.9054406
0.9243361
0.9004727
0.9012975
0.8439826
0.8993485
0.9140398
0.9127115
0.912754
0.9229276
0.8484241
0.9097966
0.9179413
0.9108278
0.9174011
0.9215686
0.9213475
0.9229402
0.8603914
0.8778337
0.8795341
0.9066414
0.8533887
0.9099555
0.8981644
0.8992834
0.916388
0.865108
0.9084798
0.9084812
0.9096236
0.9211838
0.8963017
0.9061316
0.9149785
0.9083969
0.9106439
0.9192555
0.9022146
0.9000108
0.9168358
0.9000288
0.9154841
0.9021065
0.9146597
0.9169642
0.9190644
0.9023318
0.9160414
0.9092604
0.9019785
0.9155733
0.9168578
0.912747
0.9247449
0.9059248
0.9063952
0.9060521
0.9081944
0.9127292
0.8653084
0.9060066
0.9081939
0.8532819
0.9075678
0.9102892
0.9199819
0.8990752
0.9127691
0.9001785
0.9195882
0.9239972
0.8664417
0.9323918
0.8711993
0.9221257
0.870471
0.8390792
0.9221321
0.8492084
0.7226126
0.8483911
0.9152691
0.9132319
0.9179609
0.8588313
0.8580192
0.9138976
0.9214122
0.8670278
0.8664693
0.907826
0.7245336
0.9166667
0.8669563
0.9180453
0.9192321
0.8736197
0.9352931
0.9238217
0.9065938
0.9235211
0.9028897
0.899251
0.8505885
0.8991324
0.914019
0.9109909
0.9122832
0.9189077
0.8513792
0.9083369
0.9175189
0.9097128
0.9177415
0.9254667
0.9245734
0.9240651
0.8649287
0.876582
0.8810631
0.9043673
0.8553973
0.9063933
0.8946965
0.9018742
0.9176051
0.8662204
0.9096852
0.910068
0.9083548
0.9177477
0.8946908
0.9020188
0.9178394
0.910523
0.9081351
0.9212226
0.899195
0.899832
0.9149493
0.9010294
0.9155311
0.9039997
0.9161409
0.9190175
0.9189791
0.9014312
0.9143974
0.9105614
0.9041886
0.9162948
0.9182264
0.9163894
0.9251478
0.8697186
0.8686258
0.8458784
0.8650091
0.8653775
0.9081778
0.9126361
0.8693236
0.9031526
0.9111593
0.9191955
0.8868244
0.9101338
0.8857277
0.9101364
0.8960937
0.8815861
0.9156863
0.9106686
0.9142562
0.9089956
0.9029804
0.9147458
0.9131406
0.9038261
0.9095035
0.9120031
0.8834691
0.8796891
0.8902684
0.913832
0.9103986
0.9186601
0.8817111
0.9114908
0.9053681
0.8949447
0.9132862
0.8862451
0.9041465
0.8844496
0.8913513
0.9133713
0.9022078
0.9027601
0.9119233
0.898353
0.9144088
0.8938661
0.9080144
0.910929
0.8807544
0.8794012
0.8805943
0.8851354
0.9063128
0.8813011
0.9188827
0.9086211
0.8846991
0.8951192
0.8985074
0.8967178
0.9050431
0.919198
0.9147281
0.8473627
0.9037983
0.9183414
0.9086928
0.9113702
0.897053
0.9046115
0.9140321
0.8799578
0.9164228
0.9006815
0.910142
0.8463132
0.8885878
0.8500897
0.8472227
0.8835338
0.9026118
0.9060223
0.8500557
0.9116486
0.8922583
0.9135785
0.890066
0.8849287
0.8893276
0.8953282
0.8945412
0.891805
0.9138891
0.8911528
0.8839026
0.8974804
0.8426084
0.8960652
0.9020298
0.8973442
0.8983575
0.9062078
0.853813
0.9009905
0.8967279
0.8538325
0.9027951
0.9055627
0.9093113
0.8847041
0.9110284
0.8833676
0.9183768
0.9188049
0.8740996
0.9291258
0.832478
0.9107978
0.7667621
0.8549542
0.9113327
0.8594823
0.8544622
0.8635297
0.9024817
0.9040971
0.9111159
0.8572783
0.8596917
0.9022116
0.9174364
0.8196428
0.767947
0.8946169
0.8542986
0.9109927
0.7658127
0.9070731
0.9141022
0.8686685
0.9358226
0.9235104
0.9016285
0.924305
0.8862081
0.878892
0.8568151
0.8879617
0.9063139
0.9081064
0.9061446
0.9133064
0.8528062
0.8962112
0.914936
0.8929256
0.9131301
0.9193479
0.9188918
0.9202974
0.8566836
0.8787378
0.8697439
0.8929681
0.8527354
0.9079125
0.8703377
0.8850165
0.9161323
0.7686679
0.9007916
0.9035376
0.9041481
0.912509
0.8748281
0.8915605
0.9165284
0.8981006
0.8965327
0.9194535
0.8853364
0.887281
0.9060929
0.8879917
0.9091628
0.8899836
0.9122688
0.9162112
0.9121014
0.880164
0.9133872
0.9090746
0.8898808
0.9136388
0.9113047
0.9121752
0.9198707
0.9000715
0.900927
0.904708
0.8997487
0.8940905
0.9229208
0.9133812
0.8996171
0.9241472
0.9151625
0.9176912
0.8781427
0.9269565
0.8727691
0.9262474
0.9013529
0.895474
0.9240721
0.9045237
0.9261226
0.9194786
0.9259418
0.9205411
0.9250238
0.9245969
0.9238005
0.9208154
0.8894328
0.8896278
0.8830302
0.9297552
0.9300539
0.9335548
0.8969017
0.9260541
0.927162
0.9076497
0.9245955
0.8782213
0.9270959
0.9063358
0.8897649
0.9247134
0.9168174
0.9033418
0.9144202
0.9122263
0.9239341
0.9179728
0.9228308
0.9237022
0.8944734
0.899221
0.8893001
0.9057752
0.9252468
0.904474
0.9186817
0.9197387
0.8799621
0.8959554
0.8965874
0.8993527
0.9246953
0.9266589
0.9338027
0.9065963
0.9233574
0.9185985
0.9216751
0.9206237
0.8877463
0.925049
0.9169721
0.903421
0.9185862
0.8946862
0.9229315
0.9072959
0.8776611
0.9101271
0.9063657
0.8954413
0.9192464
0.9179934
0.9083448
0.9232014
0.8927808
0.9213757
0.8862661
0.880836
0.8866235
0.9179851
0.8926686
0.8851317
0.9218025
0.8896638
0.8902848
0.8922294
0.9108336
0.895356
0.894973
0.9000464
0.9005483
0.8976173
0.8994355
0.8299566
0.8990277
0.8928767
0.6652798
0.8496326
0.9048757
0.884514
0.9016094
0.8869442
0.9148914
0.9102963
0.8970042
0.9197121
0.8971453
0.9148015
0.900744
0.8857889
0.9227004
0.9005551
0.9009446
0.8962506
0.9012319
0.9001692
0.9029303
0.8984353
0.8982215
0.9043897
0.9098535
0.8963428
0.8987644
0.9007609
0.8973879
0.8973842
0.8997098
0.9068813
0.911701
0.9028219
0.9263076
0.9164653
0.6630297
0.9202896
0.8845588
0.890969
0.8947941
0.8844765
0.9047209
0.905111
0.8955916
0.9090172
0.9018372
0.9009293
0.8485523
0.8990947
0.9037462
0.9114292
0.9114484
0.9098831
0.9020775
0.9076575
0.9191129
0.8989462
0.9045825
0.8414249
0.8740618
0.8807007
0.8998995
0.8959429
0.8446881
0.8974082
0.8277422
0.9044471
0.8873772
0.8969859
0.9056267
0.898705
0.8991963
0.9130038
0.9014326
0.8946357
0.9107522
0.8842391
0.9101651
0.8849196
0.9104152
0.9048781
0.9069123
0.8960798
0.9066216
0.9010426
0.8846494
0.9053582
0.9087014
0.905198
0.9216356
0.8571429
0.8664279
0.776425
0.8577074
0.8543439
0.9067429
0.9025845
0.8568506
0.8955976
0.9057143
0.9017767
0.8866727
0.8958387
0.8806062
0.8972995
0.8935714
0.8796557
0.9084876
0.9124213
0.9071416
0.9088814
0.8988772
0.906527
0.9204832
0.9035126
0.9021091
0.9026836
0.8796673
0.8807624
0.8840313
0.9000463
0.901018
0.9105717
0.8794963
0.9014995
0.89981
0.8904105
0.9041496
0.8795615
0.8997844
0.8828945
0.8914779
0.9108142
0.9074259
0.9055814
0.9041478
0.8983961
0.9009116
0.8806091
0.9016317
0.8970402
0.8833715
0.8738086
0.8752275
0.8818983
0.9027693
0.8692762
0.9115497
0.9095166
0.8859617
0.8954802
0.8946146
0.8976661
0.9049272
0.911305
0.9095144
0.7373513
0.9022567
0.9097541
0.8905928
0.8984516
0.8904652
0.8987374
0.9069983
0.8757986
0.9058128
0.8942503
0.8956633
0.7339089
0.8872297
0.7398567
0.7145967
0.8797234
0.8960807
0.8972827
0.7382397
0.8994787
0.8888968
0.8997292
0.886978
0.8879301
0.8863383
0.8850739
0.8924697
0.88288
0.8997181
0.8892647
0.8834666
0.8925026
0.8552777
0.894311
0.8944853
0.9007854
0.8983553
0.8903184
0.9012062
0.8277089
0.8992979
0.8956138
0.6702012
0.8498826
0.9026378
0.8874783
0.9027406
0.8860646
0.9146174
0.9114832
0.8939327
0.9156905
0.8973381
0.9117173
0.90308
0.8877839
0.924058
0.9056699
0.9018447
0.8923255
0.9039334
0.8984567
0.9022581
0.9015032
0.9030327
0.9068581
0.9120805
0.8971001
0.8998898
0.9046461
0.9015364
0.8940692
0.9003488
0.9066426
0.9087124
0.9085655
0.9248399
0.9168768
0.6667978
0.9169664
0.8871281
0.899229
0.8961481
0.8834808
0.9017986
0.9028113
0.8969316
0.9084718
0.9064665
0.8999749
0.8438708
0.8994313
0.9025983
0.9104578
0.9098994
0.9088717
0.9060557
0.9107028
0.9228387
0.9001298
0.9078201
0.8378337
0.8748969
0.8834157
0.8966051
0.8968686
0.8419616
0.899461
0.8278638
0.9053353
0.8944596
0.897178
0.9029923
0.901464
0.903733
0.9119654
0.899978
0.8996172
0.9089332
0.8843941
0.9082718
0.8870405
0.9064453
0.9017568
0.9065563
0.9009133
0.9025605
0.9018562
0.8861588
0.9041531
0.9065474
0.9041062
0.9201256
0.8934654
0.8931162
0.8988157
0.9008947
0.8948112
0.8995036
0.8266642
0.897706
0.8916871
0.6740228
0.850337
0.9026352
0.8853231
0.9018745
0.8854318
0.9159587
0.908437
0.8944926
0.9187657
0.8970129
0.9095791
0.9003686
0.8864263
0.9215922
0.9030926
0.8976069
0.8958394
0.9026764
0.8990879
0.9047178
0.8962044
0.901415
0.9086475
0.9067893
0.8958463
0.8984286
0.9023271
0.8986462
0.8944629
0.8989702
0.9055955
0.9095663
0.900709
0.9262359
0.9168039
0.6730627
0.9159849
0.8824852
0.8956896
0.893375
0.882027
0.9030983
0.9047146
0.8962928
0.9098184
0.9021455
0.8980312
0.8439313
0.9004956
0.9034225
0.9106902
0.9092811
0.9089877
0.9028594
0.9093355
0.91969
0.897103
0.9042164
0.8398842
0.8739534
0.8805148
0.8996911
0.8965796
0.8420654
0.8993385
0.8290421
0.9047501
0.8919628
0.8950937
0.9060098
0.8991294
0.8983112
0.9081247
0.9027864
0.8947827
0.9097827
0.8813497
0.9110813
0.8858856
0.9056324
0.9052628
0.9062056
0.8980734
0.9041067
0.9022439
0.8857395
0.904809
0.9087727
0.9050349
0.9201298
0.8932851
0.8932966
0.8986426
0.9009604
0.8945117
0.8994888
0.8253927
0.8982066
0.8918275
0.6737113
0.8500152
0.9028195
0.8855435
0.9019797
0.8850291
0.9154224
0.9084687
0.8935828
0.9183888
0.8970358
0.9094582
0.9002324
0.8858668
0.922114
0.9029615
0.8970732
0.8962602
0.9028608
0.8993109
0.9040046
0.8964648
0.9011649
0.9091174
0.9067809
0.8954645
0.898453
0.9019601
0.8989481
0.8942036
0.898914
0.9059741
0.9088998
0.9012917
0.9262803
0.9169938
0.67379
0.9161739
0.8820838
0.8949446
0.8926297
0.8815001
0.9030076
0.9045879
0.8960768
0.9102356
0.902332
0.8985309
0.8435139
0.9005203
0.9035686
0.9106078
0.9096232
0.9092522
0.9030454
0.9092117
0.9198471
0.8968464
0.9044043
0.8397255
0.8739572
0.8803169
0.8993996
0.8964806
0.8421732
0.8993235
0.8288717
0.904389
0.891654
0.8948744
0.9053348
0.8988367
0.8980963
0.9083489
0.9026539
0.8949642
0.9094291
0.8813597
0.9114607
0.8858584
0.9050418
0.9049382
0.9061966
0.897616
0.9042121
0.9016061
0.8857122
0.9049924
0.9084147
0.9053351
0.9202835
0.8962094
0.899177
0.8992412
0.8969453
0.8919086
0.8999316
0.8230622
0.8953842
0.8909824
0.6425705
0.847361
0.8990845
0.8845997
0.9017115
0.8832442
0.9144704
0.9111394
0.8923336
0.9167251
0.8922897
0.9099241
0.8980037
0.8865718
0.9203421
0.9007373
0.896284
0.8953097
0.9027892
0.8982451
0.9020932
0.8955977
0.8980821
0.9052178
0.9115066
0.8951489
0.8989066
0.897932
0.8920908
0.8953703
0.8991241
0.9060584
0.9105364
0.9013784
0.9262488
0.9174929
0.6381999
0.9185255
0.885792
0.8934558
0.8927584
0.8836145
0.9018294
0.9035832
0.895568
0.9076221
0.8995855
0.899212
0.8438769
0.8977364
0.9018804
0.912891
0.9095135
0.9098003
0.9058946
0.9105875
0.9176483
0.8958545
0.9025002
0.8384093
0.8708693
0.8832195
0.9019334
0.8959599
0.8416138
0.8969894
0.8260936
0.9075842
0.8884975
0.8943202
0.9058899
0.8977326
0.8943095
0.9108949
0.9012151
0.8944099
0.9102464
0.8850596
0.9080004
0.8849639
0.9067901
0.9025787
0.9065145
0.8953722
0.9042963
0.9021994
0.885351
0.9041086
0.9081479
0.9058066
0.9186278
0.896134
0.8959527
0.8971946
0.8957887
0.8919057
0.9010514
0.8274916
0.8969061
0.8939832
0.6045006
0.849162
0.9016611
0.8843347
0.9013706
0.8866472
0.9129664
0.9100486
0.888496
0.9153914
0.8971697
0.9119031
0.9036145
0.8868057
0.9226464
0.9050518
0.8984005
0.894191
0.9019383
0.8994472
0.9044593
0.8975107
0.9001946
0.9063586
0.9098751
0.8937326
0.8986721
0.8998847
0.8995203
0.8940921
0.8999042
0.9043673
0.9086593
0.9022271
0.9266305
0.9181777
0.6093893
0.9200768
0.8837226
0.898021
0.8950929
0.8844221
0.9027142
0.9030926
0.8938973
0.9089977
0.9049
0.8992611
0.8456312
0.9032057
0.9060706
0.9118807
0.9077542
0.9098661
0.9062309
0.9115546
0.9218264
0.8959785
0.9066149
0.8376435
0.8755404
0.8814225
0.9003274
0.8991723
0.842665
0.8959584
0.8271458
0.901005
0.890508
0.8939592
0.9072423
0.8988132
0.8987886
0.9115001
0.9020333
0.8942504
0.9098875
0.8849629
0.9130711
0.8890074
0.9065411
0.901008
0.9053664
0.8987144
0.9014005
0.9013522
0.8885371
0.9062953
0.9076245
0.9057105
0.9215022
0.8918497
0.8856515
0.8915845
0.8914019
0.8792653
0.9226235
0.9026088
0.88749
0.916251
0.9057256
0.9097815
0.8686671
0.9166426
0.8531516
0.9220892
0.8955138
0.8873199
0.9122598
0.8844303
0.9166279
0.9155615
0.9265565
0.9096223
0.9240159
0.9189624
0.9183977
0.9134215
0.8812623
0.8782545
0.8737429
0.9186659
0.9189017
0.9299921
0.8842144
0.9159715
0.9232212
0.9083825
0.9199349
0.8438104
0.9229992
0.8927942
0.8813113
0.9222127
0.9019252
0.8854242
0.9040277
0.8981511
0.9153849
0.9126347
0.9152591
0.9161043
0.8846675
0.8856471
0.8677921
0.8930276
0.9197412
0.8949235
0.9094234
0.9223304
0.8605329
0.8756652
0.8730532
0.8736143
0.9232297
0.921775
0.9320546
0.8898985
0.9211336
0.906385
0.9121818
0.912995
0.8691212
0.9187441
0.9098358
0.8858123
0.9060212
0.8786309
0.9205296
0.8877708
0.8604547
0.8908952
0.8925052
0.886595
0.9150346
0.9124195
0.8996634
0.9133438
0.8908489
0.9143945
0.8763828
0.8660255
0.8787027
0.9154263
0.8754899
0.8701985
0.9142004
0.8751681
0.8809533
0.8784422
0.9072665
0.8936031
0.8963534
0.8931273
0.8992801
0.8938289
0.9138682
0.9202722
0.8932099
0.9169097
0.9184264
0.9241003
0.880844
0.9197366
0.8687977
0.918849
0.8904542
0.8861883
0.9257684
0.8994518
0.9221615
0.9171139
0.9173789
0.920307
0.9183448
0.9193566
0.9220839
0.9208554
0.8749631
0.877391
0.8823809
0.9197052
0.9185227
0.9270357
0.8867217
0.9229252
0.9164572
0.9005349
0.9218218
0.8714169
0.9171005
0.8971143
0.8866469
0.9213074
0.9112052
0.9001396
0.9179462
0.9080729
0.9166637
0.9038539
0.9171528
0.9134754
0.8823985
0.8940715
0.8813249
0.9034008
0.9181194
0.8919765
0.9246442
0.9153796
0.8742402
0.8909441
0.8903493
0.8890787
0.9150219
0.9197096
0.9182381
0.8972633
0.9172585
0.9213087
0.9157236
0.9116796
0.886711
0.9191806
0.9216202
0.896678
0.9218617
0.8920738
0.9147247
0.896852
0.8746901
0.9041407
0.8973576
0.8959149
0.910829
0.9103247
0.8993959
0.91516
0.8897008
0.9139909
0.883926
0.8739084
0.8857799
0.9050891
0.8919559
0.8871032
0.9146971
0.8868626
0.8761661
0.8931039
0.9029784
0.8734608
0.8817042
0.8832726
0.87746
0.8700703
0.9168379
0.9119841
0.8780831
0.9147601
0.9142857
0.9151142
0.8762292
0.9126628
0.872362
0.9166726
0.894344
0.7323077
0.9192523
0.8998739
0.9129179
0.9170611
0.9195157
0.914626
0.9214416
0.9217492
0.9160188
0.9160505
0.8795644
0.883506
0.8779157
0.9185825
0.9179107
0.9252053
0.728713
0.9157464
0.9156455
0.902525
0.9153063
0.8716935
0.9155416
0.8842285
0.8865383
0.9206316
0.9022253
0.9002764
0.9116057
0.8918662
0.9145985
0.9014034
0.9157707
0.9146535
0.8850756
0.8764266
0.8782415
0.8901052
0.9230366
0.8775606
0.9155412
0.9162043
0.8771366
0.8882914
0.8887783
0.8925371
0.9182403
0.9214448
0.9219878
0.8868981
0.9202445
0.9161387
0.9093022
0.9102078
0.8891425
0.9170069
0.9112934
0.8823572
0.9148475
0.8958319
0.9176896
0.8847968
0.879027
0.8893609
0.884083
0.471006
0.9097138
0.9114587
0.8882182
0.9144651
0.8930108
0.9146582
0.8859338
0.8729824
0.8816274
0.9068629
0.8921603
0.8850473
0.9152716
0.8900039
0.884527
0.8878045
0.8912193
0.8859576
0.8865972
0.8873696
0.8877503
0.887821
0.9089586
0.9098162
0.8868869
0.9111636
0.9113996
0.9124265
0.8693851
0.9105738
0.8590877
0.9126702
0.8965246
0.8808852
0.9187449
0.9015036
0.9122137
0.9124996
0.9098447
0.9090388
0.9213859
0.9112017
0.9067947
0.9084545
0.8719291
0.8739999
0.8681926
0.9110789
0.9124881
0.9255759
0.8812125
0.9123567
0.911473
0.8955363
0.9138333
0.8649677
0.9111312
0.8905417
0.8900263
0.9132648
0.9063751
0.8883919
0.9092204
0.9016538
0.9031643
0.8941836
0.9106253
0.9051733
0.8809037
0.8850216
0.8725666
0.8890717
0.9108574
0.8854223
0.9164869
0.9102691
0.8689134
0.8832386
0.8813989
0.8797985
0.9103935
0.9168735
0.9180223
0.8921714
0.9131773
0.916708
0.9009374
0.9039245
0.8801164
0.9127926
0.9106883
0.8894064
0.9101267
0.8802779
0.9066705
0.889425
0.8635171
0.8937464
0.8901874
0.8872412
0.9056371
0.9063003
0.8952592
0.9067539
0.8830411
0.9073875
0.876504
0.8692379
0.8814442
0.8968852
0.8813407
0.8771136
0.9078536
0.8835185
0.8758378
0.8855033
0.8975605
0.894697
0.8980997
0.9011589
0.8990942
0.8958815
0.9071452
0.8079528
0.899241
0.8966446
0.8347849
0.8354149
0.9002612
0.8830103
0.9062734
0.884439
0.916992
0.9096469
0.8991859
0.9201996
0.9021818
0.9135902
0.9070321
0.8916371
0.9261848
0.9062782
0.90214
0.8994427
0.9044986
0.9019608
0.9034888
0.8968687
0.9023831
0.9122197
0.9113991
0.8970845
0.9042954
0.9063437
0.9041111
0.8996982
0.9043895
0.9094724
0.9155507
0.9051628
0.9248384
0.9206582
0.832371
0.9194598
0.8825348
0.9013272
0.8950935
0.8884732
0.9053589
0.9038407
0.9025434
0.9082158
0.9054561
0.9023203
0.8532848
0.9058216
0.9028928
0.9138558
0.9109909
0.9125446
0.9104141
0.9107922
0.9199586
0.8946568
0.9058998
0.8477957
0.8772153
0.8815998
0.9055264
0.9019737
0.8042382
0.8986528
0.8391184
0.907987
0.8862482
0.8927198
0.9078596
0.8988393
0.8975838
0.9148735
0.9033681
0.8977704
0.9134815
0.8835727
0.914379
0.8837577
0.9085018
0.9041809
0.911746
0.9022061
0.9056683
0.9031228
0.8848008
0.9073703
0.9072658
0.9077547
0.9206172
0.8712678
0.873961
0.8785369
0.8766081
0.8594204
0.9112514
0.8960217
0.8705839
0.9075346
0.8999712
0.9019721
0.8300654
0.9073477
0.8057473
0.910393
0.8824041
0.8702566
0.9074021
0.8745462
0.908563
0.9071366
0.9150324
0.9061038
0.9207484
0.9140938
0.9116865
0.9070629
0.8626248
0.8575797
0.8384899
0.9128607
0.9126953
0.9249571
0.8701712
0.908731
0.9147906
0.8912996
0.9111521
0.6927665
0.9147637
0.8764823
0.8698129
0.9155997
0.9012946
0.8606898
0.8983509
0.8886229
0.9074586
0.8933246
0.9082625
0.9104022
0.8700081
0.8682221
0.8503599
0.88027
0.9146041
0.8741615
0.9058095
0.9143695
0.8196166
0.8473625
0.8455379
0.8449618
0.9125013
0.9160476
0.926806
0.8778108
0.9133878
0.9018974
0.9051743
0.9049542
0.8580717
0.912022
0.9019566
0.8730462
0.9019411
0.8613486
0.912327
0.874977
0.8223424
0.8841638
0.8805965
0.8693323
0.9035719
0.900403
0.8895717
0.9049173
0.8739187
0.9083758
0.8545394
0.8449369
0.8526034
0.9014593
0.8568913
0.8480881
0.9088819
0.8585473
0.8590999
0.8621953
0.8992342
0.8987971
0.9031794
0.9067965
0.906773
0.8947635
0.9169648
0.8372076
0.9095486
0.9081559
0.8386555
0.8419988
0.9111663
0.9040666
0.9119608
0.8981693
0.9212947
0.9188297
0.899636
0.9187382
0.9082826
0.9211413
0.9211003
0.9020817
0.93346
0.9173344
0.9131254
0.9036391
0.9165635
0.9084958
0.9109269
0.909702
0.911816
0.9218452
0.91817
0.9084896
0.9165399
0.9144398
0.9134793
0.9030649
0.9165912
0.9167749
0.9182354
0.9187111
0.9266533
0.9169266
0.8394836
0.9173946
0.8979525
0.9174693
0.9059399
0.9015798
0.9181567
0.9052195
0.9036566
0.915485
0.9168754
0.9086012
0.7110885
0.9123379
0.9089448
0.9101144
0.911949
0.9101514
0.9191995
0.9140181
0.9317644
0.9051417
0.9172582
0.762623
0.8937168
0.8969076
0.9055875
0.9146695
0.8404756
0.9034374
0.7465008
0.9090587
0.9045862
0.9034036
0.9088216
0.9082048
0.9033754
0.9177641
0.9109047
0.9058591
0.9164261
0.8981522
0.9211354
0.9014769
0.9136665
0.9062455
0.9150055
0.915739
0.9119812
0.906096
0.9013476
0.9109659
0.9172903
0.9108583
0.9282991
0.8898239
0.8916806
0.8927817
0.8887818
0.8824794
0.9192478
0.9105383
0.8882481
0.9200865
0.9155607
0.9174081
0.8624805
0.9199254
0.8512251
0.9219257
0.8944368
0.8832233
0.9196688
0.8966698
0.9196531
0.918144
0.9211587
0.91848
0.920852
0.9214368
0.9201562
0.9172703
0.878815
0.8765437
0.8684021
0.9194443
0.9220609
0.9327345
0.8842184
0.9205018
0.9218166
0.9057231
0.9226182
0.8591868
0.9218277
0.8933745
0.8823424
0.9244754
0.9063359
0.8906058
0.9156228
0.9055632
0.9164453
0.9100169
0.9193291
0.9180569
0.8849399
0.8871104
0.8751254
0.8954196
0.9209536
0.8883124
0.9172574
0.919258
0.8626466
0.8613107
0.8638319
0.8637333
0.921623
0.9233035
0.9282892
0.8982464
0.9240762
0.9171363
0.9139153
0.9151092
0.8807251
0.922385
0.9180157
0.8866111
0.9178044
0.8838174
0.9220738
0.8962853
0.8599971
0.9005696
0.8990754
0.8897129
0.9164962
0.9127929
0.9013057
0.9149077
0.8892526
0.9173776
0.8755734
0.8718051
0.876474
0.9096604
0.8787193
0.8803209
0.9179112
0.8772589
0.8780593
0.8805679
0.9008865
0.8742845
0.8721846
0.8809326
0.876877
0.868511
0.9126897
0.9003205
0.8737765
0.9067945
0.9026489
0.9032258
0.8332768
0.9092773
0.7987512
0.9184303
0.8788799
0.8713824
0.9093183
0.8865957
0.9127055
0.9144846
0.9163967
0.9088865
0.921338
0.9117385
0.9146886
0.9087307
0.8572273
0.8564854
0.83713
0.9111885
0.9107111
0.9235202
0.8701899
0.9124233
0.9106808
0.8996509
0.9104804
0.8106817
0.9117922
0.8844295
0.8715657
0.914673
0.9015975
0.8715593
0.9021797
0.8956399
0.9058209
0.8977256
0.9066681
0.9068785
0.8649047
0.8747473
0.846045
0.8872601
0.9089481
0.8839192
0.9114359
0.9124524
0.8200321
0.8528486
0.8508739
0.8493252
0.9131297
0.9198183
0.9240502
0.8797058
0.9124652
0.9068924
0.9049531
0.9059915
0.8543527
0.9144558
0.9029686
0.8755915
0.9063376
0.8581138
0.9095984
0.8799271
0.8198601
0.8897997
0.8823423
0.874982
0.9058531
0.9004471
0.8927248
0.9050913
0.8699137
0.9075934
0.8524181
0.8426299
0.8529792
0.8987292
0.8535158
0.8513793
0.9075498
0.8556279
0.8585077
0.8646182
0.8937075
0.894254
0.8996316
0.8986173
0.8961663
0.9013254
0.8958972
0.8905185
0.8989796
0.8891776
0.8900969
0.8999267
0.9084041
0.8504684
0.9053562
0.8570101
0.9181967
0.9100701
0.8965237
0.9268481
0.8929639
0.9139412
0.8873585
0.8937687
0.9204581
0.8974888
0.8949753
0.8957252
0.90129
0.9040877
0.9059678
0.8931543
0.893163
0.902337
0.9100902
0.8894506
0.8858552
0.8907418
0.8958706
0.905973
0.8862918
0.9131131
0.9141434
0.8958839
0.9304342
0.9251916
0.8899893
0.9238249
0.724449
0.8787209
0.8902938
0.7043693
0.9077151
0.9045468
0.9039114
0.9135456
0.894525
0.8938347
0.9079743
0.8961053
0.9072433
0.915494
0.9148496
0.9139735
0.8975186
0.9037683
0.9006727
0.8988567
0.8927062
0.8982474
0.7890351
0.7154325
0.9115248
0.8856907
0.8878085
0.8993054
0.8917987
0.9112779
0.8316719
0.8962662
0.9115636
0.9000545
0.8966148
0.9146255
0.8852896
0.8878384
0.9032734
0.7240341
0.910599
0.7214703
0.9115482
0.9067668
0.9128167
0.8791472
0.917034
0.9107844
0.7195858
0.9134517
0.9092419
0.9116873
0.9132365
0.9074442
0.9052307
0.9094464
0.9107531
0.9103857
0.907987
0.9074166
0.9076695
0.9033891
0.9067486
0.9117113
0.9190828
0.8939224
0.9186789
0.8903352
0.9218672
0.9246837
0.9079808
0.9346688
0.9035704
0.9168343
0.9039521
0.9042997
0.9215686
0.9047567
0.9049086
0.9048569
0.9144086
0.9106672
0.9215505
0.9023728
0.9046773
0.8902882
0.9247878
0.9000442
0.9025178
0.909894
0.9025285
0.915449
0.9022062
0.9158729
0.9222032
0.9077377
0.9362697
0.9333287
0.906943
0.9345603
0.8992869
0.9015405
0.9020775
0.899315
0.913241
0.9171486
0.9129111
0.9209708
0.9050844
0.9055238
0.9180711
0.9057394
0.9179094
0.9281979
0.9271334
0.9253246
0.9078584
0.9096687
0.9174096
0.9053037
0.9078967
0.9128235
0.8961789
0.8963226
0.9181178
0.9002005
0.9073786
0.9118653
0.9128696
0.9186067
0.8941945
0.9041445
0.9211766
0.9083225
0.9080043
0.9237844
0.9001149
0.8987003
0.9200213
0.9012138
0.9199858
0.9014762
0.921204
0.9141878
0.9245657
0.9019881
0.9220013
0.9140191
0.901991
0.9203228
0.9188705
0.9229766
0.9241166
0.9062657
0.9055215
0.90924
0.9037911
0.9121265
0.9020691
0.910136
0.905937
0.9000877
0.9099028
0.914778
0.9199688
0.8902684
0.9135266
0.8928878
0.9151965
0.916587
0.9124032
0.9342101
0.9061004
0.9094313
0.8943265
0.9032822
0.913388
0.8984409
0.8986158
0.9081402
0.9017693
0.9033645
0.9177612
0.8999098
0.902203
0.9007158
0.9169558
0.899366
0.8880664
0.8979932
0.8992214
0.9152839
0.8885817
0.9095044
0.9139658
0.903851
0.9346556
0.9273647
0.9092283
0.9280223
0.8976882
0.8910037
0.901035
0.8893689
0.9065441
0.911871
0.9104728
0.913065
0.8924498
0.9010691
0.9159928
0.8879602
0.9196927
0.9226235
0.921334
0.9243085
0.8988674
0.9049518
0.9022057
0.9080787
0.8922657
0.9140387
0.8849766
0.8950152
0.9157794
0.8903406
0.9091465
0.9089507
0.9100273
0.9162802
0.8936644
0.9073292
0.9158615
0.9128445
0.9107066
0.9173155
0.8905983
0.8927539
0.9113798
0.8946272
0.9114831
0.8906659
0.9175142
0.9132898
0.9146913
0.8923331
0.9208208
0.917199
0.8915054
0.9173632
0.9113175
0.9192114
0.9136409
0.9021441
0.8993505
0.9013108
0.8945716
0.9039344
0.8978763
0.8872312
0.8998588
0.887961
0.8934732
0.8966652
0.9108112
0.8521181
0.9077534
0.8613284
0.9172924
0.9166844
0.903061
0.9249396
0.8951474
0.9127557
0.8927851
0.8944895
0.9206103
0.8941375
0.8963226
0.8935736
0.9057755
0.9059977
0.9089384
0.8934688
0.8958091
0.8997674
0.9143252
0.8866652
0.8864725
0.8942147
0.8979703
0.9102118
0.887364
0.9101076
0.914645
0.896185
0.9326053
0.9218142
0.8897964
0.9237726
0.6403536
0.8812128
0.8898955
0.7083423
0.9104167
0.9060018
0.9032965
0.9135091
0.8941859
0.8999819
0.9011567
0.9012367
0.9057841
0.91737
0.9160373
0.9154755
0.8958782
0.9037841
0.900384
0.8956496
0.8969708
0.8950768
0.7822854
0.6468789
0.9097451
0.8859331
0.8882786
0.8970316
0.8946219
0.9115242
0.8290394
0.8941065
0.9106017
0.8996527
0.8963486
0.9161907
0.886822
0.8896142
0.9115566
0.6577628
0.9099205
0.5668253
0.9115993
0.9079085
0.911546
0.8816717
0.9125167
0.9077772
0.5621296
0.9153651
0.9128598
0.9111599
0.9162645
0.9018766
0.905622
0.9081889
0.90356
0.9007993
0.904615
0.8862522
0.9026165
0.9010411
0.8914623
0.8881176
0.9117858
0.8966236
0.9114952
0.8939803
0.9166012
0.9134708
0.8984646
0.9227591
0.8999376
0.9107961
0.9093065
0.8955069
0.9208633
0.9128774
0.9055372
0.8978884
0.912381
0.9092061
0.910722
0.9042311
0.906139
0.9082085
0.9147348
0.8980007
0.9037312
0.9064582
0.9053853
0.9076795
0.9040303
0.9092796
0.9159528
0.9064586
0.9307386
0.9256469
0.8891432
0.9248445
0.8974094
0.8973923
0.8964225
0.9004382
0.9092654
0.9091332
0.9032375
0.9154169
0.9112204
0.9072199
0.9010812
0.898227
0.9070121
0.9199216
0.9176949
0.9170145
0.9095994
0.9092298
0.9229992
0.900738
0.9110429
0.8966593
0.8900353
0.8954103
0.9104015
0.9028396
0.8958051
0.9072989
0.8966817
0.9108627
0.899974
0.8995242
0.913067
0.9091861
0.904864
0.9178782
0.9075228
0.904189
0.9148222
0.8989477
0.9151481
0.9035216
0.916581
0.9083587
0.9140385
0.9042315
0.9122938
0.9060648
0.9033526
0.9143941
0.9155695
0.9100707
0.9283158
0.8713894
0.8685278
0.8770651
0.8751437
0.8618069
0.9087979
0.8898981
0.8704913
0.9025003
0.8951642
0.8927787
0.8498326
0.9083978
0.8361249
0.9040884
0.8824796
0.8656093
0.9010797
0.8827351
0.9048689
0.9086131
0.9140716
0.8993653
0.9201847
0.9120023
0.9087685
0.8995302
0.8670722
0.8594893
0.8475513
0.9046919
0.9066212
0.9176965
0.8650999
0.9038272
0.9133557
0.8934495
0.9110762
0.8287713
0.9135267
0.8769669
0.8750046
0.9110695
0.8994574
0.8793072
0.8921915
0.8926458
0.9026304
0.8927469
0.8995682
0.9048173
0.8707089
0.8648569
0.8537773
0.87731
0.912832
0.8738043
0.900344
0.9130868
0.8456814
0.8652298
0.863002
0.8616756
0.9108715
0.9109385
0.9239697
0.8741521
0.9100224
0.8993615
0.8970865
0.8984289
0.8550148
0.9109597
0.8979133
0.8705926
0.8965817
0.8669079
0.9054841
0.8715279
0.8441292
0.8825341
0.873444
0.8784138
0.9011017
0.896085
0.8870389
0.9006637
0.8797567
0.904672
0.8594999
0.8538058
0.8707681
0.8999891
0.8586816
0.8500692
0.9038287
0.8619
0.8658964
0.867519
0.8991501
0.8862319
0.8859434
0.8875934
0.8890973
0.8845458
0.9123492
0.9140934
0.8851873
0.9144083
0.9155396
0.917713
0.8702193
0.9180678
0.8649618
0.9172612
0.8945721
0.8876264
0.9213701
0.9015229
0.9186493
0.9137716
0.915342
0.914966
0.9228631
0.9135588
0.9168185
0.9151394
0.8835459
0.8840396
0.87773
0.9158771
0.9190966
0.9277326
0.8879914
0.9190843
0.9171975
0.8987364
0.9159508
0.8622898
0.9156186
0.8949083
0.8892793
0.9213049
0.9087985
0.8881338
0.9144185
0.9029028
0.915744
0.8994998
0.9151598
0.9179104
0.8853354
0.8912758
0.8777332
0.8957207
0.915873
0.8871026
0.920517
0.9155473
0.8626809
0.8825245
0.8803314
0.8779282
0.9153559
0.9265651
0.9217968
0.8897734
0.9174403
0.9186161
0.910636
0.9158902
0.877628
0.918598
0.917149
0.8871026
0.9202293
0.8823149
0.9146416
0.8883956
0.8632705
0.8929415
0.8951232
0.8861563
0.9080712
0.9091585
0.8991442
0.9138065
0.8867568
0.9159203
0.8793709
0.875889
0.8740135
0.9018744
0.8823571
0.8764316
0.9162682
0.8803758
0.8780568
0.884625
0.8994651
0.869628
0.8638366
0.8770537
0.8735492
0.8668131
0.9084013
0.8922383
0.8673382
0.9024612
0.893362
0.8979904
0.854887
0.9054005
0.8384122
0.9041277
0.8846574
0.8627124
0.9029606
0.887758
0.9028422
0.904206
0.9123121
0.8946174
0.9177075
0.9038978
0.905944
0.8969061
0.8596786
0.8587278
0.8550151
0.9033946
0.905833
0.9191671
0.8635051
0.9036272
0.9108459
0.8924567
0.9059507
0.8404365
0.9121292
0.8799782
0.8698369
0.9115302
0.8995769
0.8814076
0.8932523
0.8926576
0.9003964
0.8930838
0.9020395
0.9029843
0.8623874
0.8642731
0.8559746
0.8805591
0.9043421
0.8776058
0.901023
0.9025566
0.8465352
0.8694625
0.8668711
0.8668957
0.9083942
0.9071998
0.9197851
0.8694973
0.9060583
0.9021507
0.8961164
0.8996391
0.859218
0.9060123
0.8966417
0.8718404
0.9012835
0.8691603
0.905121
0.8691704
0.8402889
0.8814926
0.8767619
0.8753328
0.8988826
0.8936806
0.8880643
0.8991112
0.8771284
0.9047895
0.8601817
0.8521329
0.8660902
0.8964586
0.8648807
0.8587001
0.9044646
0.8641205
0.856789
0.8681827
0.8999394
0.8658355
0.8663658
0.8745824
0.8718301
0.8653229
0.9047516
0.8902461
0.8663588
0.8991676
0.8938676
0.8946329
0.8491717
0.9037517
0.8392057
0.9043235
0.8862504
0.8633299
0.905345
0.887813
0.9017984
0.9002666
0.9070743
0.8923275
0.9159949
0.9026954
0.9015217
0.8950501
0.8588934
0.8566487
0.8532769
0.9018509
0.9039001
0.9187095
0.8650899
0.9000548
0.9053285
0.8889253
0.9025181
0.8358745
0.9042964
0.8776136
0.8692447
0.9099258
0.9007973
0.8747945
0.8914154
0.8934318
0.900466
0.8840043
0.8982417
0.9005362
0.8658532
0.865391
0.8540239
0.8813381
0.9031812
0.8745017
0.9035531
0.9027778
0.8409229
0.8631109
0.857649
0.8618345
0.9080787
0.9086944
0.9167685
0.8710877
0.9033845
0.9008297
0.8947933
0.8975756
0.860009
0.9050464
0.8985843
0.873254
0.8970141
0.8646338
0.9028242
0.869037
0.8429325
0.875226
0.871218
0.876236
0.8969623
0.8930565
0.8839942
0.8973771
0.8742131
0.9030722
0.8585604
0.8505412
0.8619115
0.8889298
0.8625317
0.8543856
0.9025447
0.8610087
0.8577971
0.8665514
0.8977256
0.8639979
0.8658163
0.8692689
0.8680573
0.8517371
0.9158143
0.9015257
0.8661858
0.9153253
0.9054459
0.9037573
0.8761261
0.9102453
0.8713619
0.9127657
0.9019906
0.8554843
0.9118738
0.8988796
0.9133523
0.913573
0.921248
0.907898
0.9238629
0.9220614
0.9171203
0.9057341
0.8850662
0.8804597
0.8791252
0.9179204
0.9171261
0.9233673
0.8530194
0.9134218
0.9161459
0.9046673
0.917012
0.8717573
0.9170912
0.882391
0.8888849
0.9228687
0.8957436
0.8997917
0.9048196
0.8940906
0.9113762
0.9082352
0.9136174
0.9101429
0.8916348
0.8668413
0.8734223
0.8847186
0.9206955
0.8786106
0.908526
0.9157991
0.8754425
0.8854489
0.8819287
0.8881239
0.9223987
0.9154576
0.9293387
0.8743317
0.9195121
0.9083541
0.9070734
0.9084797
0.8873879
0.9182907
0.9063787
0.8682898
0.9069041
0.8889406
0.9146722
0.8721545
0.876416
0.8737176
0.8736322
0.8670858
0.9101669
0.9061832
0.8823741
0.9095885
0.8960712
0.9092565
0.8869069
0.8785248
0.8875063
0.9091234
0.886716
0.8824966
0.9103438
0.8878455
0.8881588
0.8865291
0.8896245
0.8687413
0.8657044
0.8765428
0.8716507
0.8498366
0.9220378
0.89785
0.8681828
0.9179756
0.9090781
0.9012663
0.8709794
0.9156412
0.8719528
0.9174551
0.8970053
0.8664393
0.9132205
0.8963247
0.9181888
0.914459
0.9253212
0.9074949
0.920218
0.9250866
0.919047
0.9116842
0.8919477
0.8855355
0.8864545
0.9197209
0.9221311
0.9299553
0.8687337
0.9170933
0.9242156
0.9053678
0.9204063
0.8670366
0.924531
0.887342
0.8836475
0.9277791
0.894355
0.8992876
0.9093024
0.8945518
0.9137602
0.9075188
0.9162721
0.9155014
0.8905332
0.8725945
0.8788576
0.8878173
0.9235484
0.8865429
0.9078134
0.9190887
0.8733924
0.8809755
0.8876609
0.8882753
0.9259298
0.9175645
0.9316861
0.8736348
0.9247651
0.906753
0.911831
0.9113623
0.8788371
0.9247422
0.9076457
0.8702626
0.9100847
0.8881378
0.9153098
0.8719212
0.8737121
0.87763
0.8768221
0.8753765
0.9115379
0.9059469
0.8834816
0.9123283
0.9001615
0.9156201
0.8860782
0.8728597
0.8922793
0.909294
0.8854576
0.8795263
0.9154308
0.8840929
0.8891875
0.8887788
0.8924678
0.8736386
0.8661446
0.8678558
0.8702895
0.8536866
0.9235456
0.90056
0.8677177
0.9196851
0.9072516
0.9028786
0.8735244
0.9120481
0.8741289
0.9171716
0.9003468
0.8612818
0.9145038
0.8963458
0.9165754
0.9156735
0.9239991
0.9144539
0.9245296
0.9209376
0.9234841
0.9114196
0.8921102
0.8863185
0.8798559
0.9183239
0.9218374
0.9290863
0.8579714
0.9143091
0.9207776
0.9091294
0.921875
0.8687649
0.9211737
0.8861763
0.8854264
0.9250315
0.894943
0.8996302
0.9072859
0.8956571
0.9118054
0.9084029
0.916065
0.9174393
0.8913692
0.8684764
0.8762939
0.8812346
0.9231067
0.8814938
0.9091939
0.9182447
0.8724585
0.8881923
0.8849342
0.8901703
0.9236208
0.9253533
0.9306848
0.874018
0.9231528
0.9127225
0.9102707
0.9117909
0.8803298
0.9235766
0.9090234
0.8697256
0.9094665
0.8874115
0.916878
0.8719273
0.8740123
0.8781063
0.8758653
0.8635339
0.9141488
0.9106896
0.8816068
0.9093649
0.8930978
0.9146402
0.8845098
0.8727459
0.886454
0.9108781
0.8881213
0.881089
0.9156802
0.8929354
0.8840815
0.8860787
0.8929052
0.872219
0.8711945
0.8789891
0.8760438
0.8563299
0.9208143
0.8987578
0.8735462
0.9181194
0.9072056
0.8994068
0.8784916
0.9168727
0.8782811
0.9168353
0.905584
0.8746554
0.9126668
0.9030474
0.9166667
0.9116758
0.9243591
0.9081665
0.9239284
0.9242519
0.9164439
0.9115615
0.8966259
0.8898903
0.8861999
0.9194049
0.9207578
0.9306249
0.876386
0.9174708
0.9217796
0.9062774
0.9194877
0.8706993
0.9239544
0.8951613
0.8908117
0.9257091
0.8983057
0.9024908
0.9072397
0.8955693
0.9132053
0.9108862
0.9165388
0.9158888
0.8943519
0.8786327
0.8819229
0.8946114
0.924332
0.8917385
0.9081339
0.9163959
0.8786757
0.8871489
0.8890934
0.8915846
0.925058
0.9209849
0.931192
0.8781991
0.9243428
0.9088069
0.9115504
0.9107414
0.8848225
0.9226521
0.9104858
0.8755848
0.9103899
0.8888575
0.9150489
0.8770403
0.8790653
0.8813225
0.879043
0.882355
0.9147649
0.9091196
0.8865271
0.910599
0.9002583
0.9154742
0.8906415
0.8818711
0.8976726
0.9112566
0.8927673
0.8851014
0.9151715
0.8902332
0.8926656
0.8922181
0.8984825
0.8655906
0.8693294
0.8788758
0.8679569
0.8495759
0.9212004
0.8980193
0.8697296
0.9174015
0.9051706
0.8988452
0.875063
0.9156058
0.8746487
0.9162569
0.9003971
0.8702282
0.9086462
0.9007447
0.9183738
0.9143161
0.9236958
0.9105332
0.9253586
0.9238611
0.9222592
0.9122697
0.8881921
0.8856692
0.8873365
0.9182521
0.9224884
0.9253195
0.8694915
0.9149529
0.9226717
0.9020444
0.9209942
0.8647505
0.9232536
0.8858511
0.8862979
0.9252876
0.8964723
0.8991076
0.9054388
0.8938028
0.9121607
0.9072359
0.915135
0.9136691
0.8898978
0.8753488
0.8733557
0.8849467
0.92255
0.8855978
0.9064152
0.915776
0.8710298
0.8850353
0.8848936
0.8865407
0.9250451
0.9201689
0.9320499
0.8724974
0.9224059
0.9045414
0.9140519
0.9093741
0.8765272
0.9206136
0.9052483
0.8713861
0.9096073
0.8857326
0.9143883
0.872796
0.872456
0.8793637
0.8764963
0.8748569
0.9107779
0.9084443
0.8822669
0.9106961
0.8975088
0.9141338
0.8861297
0.8706966
0.8898777
0.9077713
0.8842908
0.8797175
0.9145555
0.8850965
0.8872821
0.8886261
0.8937456
0.859121
0.8571747
0.8619689
0.8578661
0.836557
0.9172026
0.8954418
0.8577314
0.9124403
0.9033388
0.8981909
0.8661628
0.9097853
0.8634041
0.9106147
0.895846
0.8479537
0.907438
0.8937902
0.9097232
0.9128319
0.9180859
0.9080238
0.9224959
0.9192588
0.9152698
0.9074876
0.8788165
0.8749497
0.8740913
0.9139452
0.9150083
0.9235074
0.8499462
0.9107143
0.9156176
0.9020194
0.9164967
0.8646148
0.9152786
0.8791494
0.8862267
0.919928
0.8919654
0.8928673
0.9019664
0.8916894
0.9099896
0.9023055
0.9098084
0.9099979
0.8799519
0.863369
0.8667497
0.8751535
0.9183833
0.8714448
0.9036635
0.9151523
0.8677628
0.8818063
0.8824336
0.8830996
0.9183522
0.9177743
0.9285036
0.8668266
0.9191876
0.9034461
0.8999162
0.9058642
0.875
0.9147752
0.9027966
0.8592519
0.9034453
0.8832085
0.9130873
0.8625496
0.8679696
0.8684781
0.8661676
0.860916
0.9091171
0.9050576
0.8805803
0.9064474
0.8899993
0.9071958
0.8777546
0.8666224
0.8813486
0.9030972
0.8791614
0.8757279
0.9076217
0.8800158
0.8787857
0.8798303
0.8895738