0.8711352
0.9146144
0.9116292
0.8732857
0.8990682
0.9155853
0.908873
0.9197831
0.8914582
0.9031547
0.8980006
0.9218064
0.8889168
0.9152855
0.9127522
0.9209631
0.8856998
0.886453
0.8900295
0.9099093
0.8156256
0.9103856
0.9110763
0.8553661
0.8685148
0.9172788
0.915052
0.8635569
0.9046874
0.8467966
0.9169164
0.8804596
0.9139431
0.9071217
0.883688
0.8908087
0.889903
0.8786501
0.9026217
0.9010598
0.9170966
0.9177799
0.8639119
0.9136306
0.9124787
0.8556824
0.9189046
0.8944871
0.9234688
0.8898066
0.8902862
0.8828901
0.8828903
0.8878029
0.8834009
0.8880309
0.8826783
0.8888808
0.8818105
0.883862
0.8887272
0.8864562
0.8852243
0.8888283
0.8849593
0.8831155
0.8839813
0.9093278
0.865529
0.8691082
0.9146169
0.8596316
0.8543877
0.859923
0.8577148
0.9108883
0.8611284
0.9161604
0.8626078
0.90404
0.9129939
0.8487064
0.8864352
0.8915346
0.9061736
0.9224792
0.9170811
0.8885759
0.8901178
0.8816989
0.8626598
0.8905995
0.8869416
0.8902361
0.8875582
0.867086
0.8668362
0.869562
0.8750269
0.8873199
0.8898049
0.9109184
0.910546
0.8951644
0.9003298
0.918603
0.9096622
0.9223437
0.8932196
0.9067179
0.892905
0.9233312
0.9051115
0.9114089
0.9160757
0.920755
0.8752973
0.903163
0.9066737
0.9119332
0.8725323
0.9087356
0.9124044
0.8955007
0.8914339
0.9135196
0.9166315
0.8916353
0.9101893
0.8891186
0.9187826
0.9027505
0.911898
0.906768
0.8851861
0.8926236
0.8850595
0.898368
0.9093126
0.9026567
0.912687
0.9180674
0.8883898
0.9182862
0.9184427
0.8805086
0.9182311
0.8950372
0.9209713
0.8899089
0.8900692
0.8758666
0.8812124
0.8791098
0.8758281
0.8833822
0.886314
0.8900747
0.8766198
0.8797175
0.8775947
0.8815424
0.8792377
0.8862663
0.877114
0.8777625
0.8743507
0.9058019
0.8848152
0.8923448
0.9133503
0.8953817
0.8950709
0.8937068
0.8890511
0.9092289
0.8946796
0.9108992
0.8907465
0.9063365
0.9113509
0.880625
0.9010675
0.8855508
0.9039713
0.9225552
0.9135919
0.8820765
0.8862278
0.8815439
0.8899158
0.8909716
0.895501
0.8942386
0.879186
0.8929712
0.8931707
0.8906939
0.9041394
0.9027925
0.9060371
0.9024069
0.9047467
0.9121037
0.8953422
0.9057789
0.9088897
0.9081516
0.9134447
0.900488
0.9118699
0.9050752
0.9172722
0.9059509
0.8890399
0.9058946
0.9056223
0.9025107
0.9036274
0.8996894
0.9077027
0.9039348
0.9109336
0.9100527
0.9055414
0.8936998
0.9069359
0.9063371
0.9043632
0.9053872
0.8996999
0.9096033
0.9093909
0.9036945
0.9007019
0.9178068
0.906815
0.9148454
0.9018628
0.8962264
0.9080468
0.9057974
0.9047551
0.8969535
0.9019931
0.9073713
0.9058815
0.9109373
0.9097534
0.9151762
0.9147171
0.8965579
0.9041617
0.8965222
0.9032865
0.8997007
0.9038085
0.8995031
0.8938414
0.8937362
0.8916452
0.8958978
0.8948092
0.8958581
0.8965617
0.8979254
0.8980091
0.9201573
0.9040212
0.9102691
0.9062511
0.9151337
0.9154444
0.9156131
0.9102876
0.9012754
0.9104478
0.9064119
0.9123998
0.8946548
0.9104041
0.9082071
0.9198684
0.90103
0.8966615
0.9116058
0.9093261
0.8989538
0.9078632
0.8936078
0.8993144
0.8952989
0.8988261
0.9086378
0.900523
0.9104678
0.911692
0.912647
0.9147541
0.9099115
0.9118827
0.8926895
0.8964515
0.9170742
0.8995257
0.8519536
0.8918889
0.8560911
0.9199986
0.8871219
0.9203368
0.847121
0.9224457
0.8989329
0.8907882
0.8499102
0.9025803
0.9031767
0.9010348
0.8966493
0.9109801
0.8915416
0.897714
0.915195
0.9127519
0.8858966
0.8426168
0.9113801
0.8893301
0.913073
0.8608476
0.9169886
0.8917082
0.8950307
0.909758
0.9195581
0.9049018
0.918353
0.9019636
0.8963744
0.8998657
0.8366952
0.9079014
0.9068536
0.9121831
0.9073848
0.8477258
0.9201663
0.9007113
0.9214592
0.9215273
0.8915354
0.9040163
0.9018359
0.9076455
0.9012003
0.9099131
0.895342
0.8918096
0.8872518
0.8903501
0.8939045
0.8913643
0.8929291
0.892793
0.8892356
0.8945984
0.9166696
0.9074818
0.9078656
0.8971976
0.9225888
0.9209827
0.9228214
0.9185737
0.8861666
0.9156448
0.851564
0.9178747
0.8847109
0.9067044
0.9102293
0.9237036
0.9020308
0.8884664
0.8949901
0.8992063
0.8990162
0.9108396
0.8979807
0.9096509
0.8943845
0.9040213
0.91461
0.9017928
0.9117279
0.912462
0.9170545
0.9245956
0.9196432
0.9136529
0.8942941
0.901761
0.9173324
0.8921822
0.8547343
0.8991955
0.8664774
0.9189333
0.8943719
0.9190043
0.8561578
0.9245276
0.9033813
0.8923755
0.8548393
0.8975983
0.8993736
0.8949543
0.8992717
0.9143455
0.8952647
0.9087281
0.913883
0.9167992
0.8885329
0.8634845
0.9110136
0.8992223
0.9114694
0.8512041
0.9093098
0.8996641
0.9057654
0.9052788
0.92251
0.9072521
0.9230417
0.8966686
0.8912129
0.9056947
0.8564806
0.9092561
0.9003984
0.9057398
0.9071103
0.8592652
0.9162544
0.8996005
0.9210182
0.9203239
0.8948956
0.910606
0.9018407
0.9105551
0.9027934
0.9076032
0.9016201
0.8951319
0.8957168
0.8899493
0.8936937
0.8932649
0.8955614
0.8939204
0.8952398
0.892111
0.9210321
0.9144461
0.9099497
0.8968089
0.922154
0.9209963
0.9202738
0.9193048
0.8910503
0.9184237
0.818463
0.918678
0.8848907
0.9122603
0.9131547
0.9177166
0.9025152
0.8848162
0.8965647
0.9037532
0.8988019
0.9124239
0.901334
0.9016621
0.8994465
0.9000478
0.9167407
0.8974023
0.9128529
0.9106544
0.9143636
0.9230178
0.9187583
0.9147038
0.8918889
0.9010596
0.9207663
0.8930997
0.8555509
0.8938243
0.8597852
0.9208171
0.8958867
0.9198148
0.8565853
0.9203322
0.9022413
0.8921969
0.8539391
0.8998141
0.8995884
0.8973999
0.8969053
0.9124411
0.891708
0.9065441
0.9168376
0.9144301
0.882574
0.8637126
0.9159207
0.896215
0.9157914
0.8472427
0.9126887
0.8965709
0.9020132
0.906582
0.9206824
0.9054338
0.923477
0.897161
0.8902927
0.9047306
0.8510778
0.9123968
0.9006541
0.9081953
0.9057611
0.8541499
0.9155111
0.9002734
0.9204913
0.9202924
0.8940759
0.9073309
0.9029786
0.9048379
0.8972448
0.9074855
0.8974634
0.889594
0.889648
0.8869533
0.8897119
0.8904996
0.8917157
0.8910432
0.8948708
0.8893049
0.9186954
0.9143532
0.9136401
0.8991141
0.9227812
0.9223561
0.9212069
0.9195402
0.8906627
0.9168859
0.8253679
0.9203015
0.8771619
0.9119213
0.9146271
0.9201304
0.8994522
0.8825184
0.8945701
0.8986813
0.8981681
0.9109944
0.9003881
0.9048942
0.8975531
0.8975792
0.9181232
0.8996174
0.911735
0.9106271
0.9145447
0.9300804
0.9167357
0.9132453
0.9035179
0.9129442
0.9181995
0.8969035
0.8627214
0.900676
0.8505913
0.9175755
0.904157
0.9155049
0.8492956
0.9198296
0.9115715
0.8932599
0.854709
0.9043678
0.9026376
0.9003781
0.903031
0.9154854
0.9028877
0.9106368
0.9109158
0.9116462
0.8938999
0.8542228
0.9161242
0.9056448
0.9112791
0.8687098
0.9141652
0.90856
0.9115038
0.9104951
0.922753
0.9121437
0.9204876
0.8977791
0.9001305
0.9113181
0.840491
0.9082195
0.9012943
0.9077639
0.9087173
0.8457554
0.9194149
0.9059087
0.9166462
0.9164117
0.9028501
0.9125018
0.9003954
0.9121172
0.9043335
0.9062309
0.9023549
0.8987029
0.8964336
0.8951381
0.8957167
0.8979592
0.8975235
0.8988335
0.9006414
0.8981303
0.9221973
0.9127452
0.9121742
0.9065327
0.9224008
0.9209503
0.9203871
0.91958
0.9024258
0.916731
0.8603039
0.9176213
0.8948235
0.9197185
0.9130264
0.9186112
0.9064952
0.8956398
0.8996148
0.9106907
0.9047722
0.9125346
0.9062904
0.904731
0.9044572
0.9040355
0.9179907
0.9083577
0.913076
0.9129179
0.9152266
0.923327
0.9171965
0.9143216
0.9050878
0.9157487
0.9215225
0.8982553
0.8657282
0.9037021
0.8523279
0.918845
0.9059041
0.9143381
0.8557817
0.9226453
0.9132722
0.8941311
0.8555202
0.9049918
0.9048134
0.903883
0.9054664
0.9180893
0.904429
0.9142806
0.9139636
0.9110456
0.8961795
0.8567218
0.919654
0.9070855
0.9142045
0.8698491
0.9148011
0.9083137
0.9148008
0.9124591
0.9218925
0.9098885
0.9244869
0.9001889
0.9040216
0.9135587
0.8404104
0.9106412
0.9031416
0.9109769
0.9130141
0.8521292
0.9178708
0.909786
0.9213986
0.9207121
0.9044717
0.9131384
0.9034683
0.9107492
0.9037814
0.909783
0.9023948
0.8998659
0.898326
0.8963146
0.8980472
0.9002869
0.8984508
0.9003949
0.9029463
0.9008064
0.9231496
0.9120276
0.9126227
0.9101593
0.9242982
0.9224071
0.920932
0.9227493
0.9048049
0.9166345
0.8628213
0.9182485
0.8965693
0.9206943
0.9134369
0.9202501
0.9068412
0.8983458
0.9025011
0.9113784
0.9064926
0.9183048
0.9053811
0.9065007
0.9044938
0.9034365
0.9183101
0.9067909
0.9148725
0.9130574
0.9171265
0.9224415
0.918556
0.9193714
0.8969966
0.9028135
0.9156491
0.9096222
0.9105423
0.8968472
0.9206641
0.9275618
0.8946602
0.9233201
0.9152707
0.9218788
0.902874
0.9151008
0.9170105
0.9111707
0.9161766
0.9188404
0.9054174
0.9130774
0.8937785
0.9058302
0.9224947
0.9188317
0.8976778
0.9068833
0.91525
0.8983566
0.9187471
0.9085453
0.9155641
0.9026392
0.8918236
0.9176359
0.9261084
0.9166112
0.918508
0.9141616
0.9103048
0.8994113
0.9144582
0.9144258
0.9166813
0.9140334
0.91345
0.9154545
0.9288824
0.9066871
0.9272395
0.92723
0.9063874
0.9115143
0.9107118
0.9135411
0.9135185
0.9180374
0.9095847
0.9072486
0.9039386
0.903499
0.909544
0.9086551
0.9074636
0.9060095
0.9065214
0.9024058
0.9250356
0.9098343
0.9127925
0.901937
0.9191552
0.9219779
0.919188
0.9175884
0.8956887
0.9207186
0.9043045
0.9221532
0.9006462
0.901804
0.9145997
0.9254324
0.9165933
0.9036613
0.9068359
0.8998639
0.9108855
0.9161964
0.9091846
0.9114604
0.9069975
0.911286
0.9250667
0.908898
0.9172758
0.9200169
0.9228619
0.9201665
0.9237555
0.9039722
0.9143308
0.9196266
0.9112218
0.897875
0.9169654
0.9120102
0.9157167
0.9137557
0.9147149
0.9129287
0.9114522
0.9163816
0.9214757
0.9063767
0.9128665
0.9124632
0.9066909
0.9069962
0.9119753
0.9071574
0.9156427
0.9233521
0.9082174
0.9006931
0.9113518
0.9199784
0.9106832
0.9142397
0.9094545
0.9115613
0.9117584
0.9164457
0.9216985
0.9060197
0.9205775
0.9140365
0.9140247
0.9005505
0.9022993
0.9195353
0.919272
0.9049477
0.9104863
0.9101941
0.9116568
0.9150627
0.9157741
0.9208928
0.9195089
0.9186606
0.9081336
0.9096977
0.9066623
0.9053893
0.903102
0.9063643
0.9081309
0.9018311
0.9102192
0.9049668
0.9012409
0.9004475
0.9022938
0.9055236
0.9040921
0.9054895
0.9213555
0.9073528
0.9146503
0.9179118
0.9119817
0.9128341
0.9152676
0.909562
0.9162423
0.9118264
0.9154663
0.9108982
0.9061301
0.9236902
0.9099606
0.9170088
0.9058002
0.9036524
0.9177725
0.9175391
0.9110799
0.911474
0.9053927
0.9064045
0.9087144
0.9001618
0.9097178
0.9094113
0.9119782
0.9102869
0.9102089
0.91752
0.9159851
0.9023665
0.8818198
0.8913201
0.9139717
0.8943665
0.8971387
0.883137
0.9029678
0.9213774
0.8832168
0.9155668
0.8943729
0.9177133
0.8951118
0.8952637
0.8972201
0.902384
0.8984064
0.9016405
0.8904403
0.9089053
0.8772959
0.8974619
0.9148566
0.9116813
0.6586579
0.897573
0.9092997
0.8821556
0.9095701
0.8822637
0.9093749
0.8841062
0.8822465
0.907112
0.9191628
0.9072257
0.9181923
0.8999746
0.8959286
0.8920432
0.8981914
0.9107693
0.9023789
0.9044579
0.9071635
0.8933474
0.9183659
0.9052388
0.9175778
0.9174958
0.8952606
0.9097325
0.9045459
0.9069171
0.9062656
0.9135183
0.8978309
0.8944497
0.8892098
0.8897295
0.8934709
0.8949421
0.8917323
0.894419
0.8939141
0.8897644
0.9217498
0.9089079
0.9078367
0.8920683
0.918918
0.9185188
0.9193315
0.9145417
0.8867087
0.9140521
0.8915632
0.9138864
0.8860024
0.8989396
0.9082395
0.9173022
0.8989136
0.8867071
0.9010255
0.8956427
0.9001832
0.9089393
0.8938515
0.9024953
0.8967983
0.897062
0.9125947
0.9023081
0.9109041
0.9108199
0.9107416
0.9193035
0.9170239
0.915482
0.9023915
0.9106212
0.9198236
0.9041375
0.8597693
0.9056543
0.8682474
0.9245627
0.9016276
0.9221493
0.8673636
0.9239566
0.9085558
0.9033189
0.8661537
0.9047804
0.9097989
0.9120346
0.9037761
0.9145814
0.9005101
0.9110687
0.9195491
0.915177
0.9032883
0.8600676
0.9148651
0.9052271
0.916454
0.875405
0.9143485
0.907469
0.9037121
0.9140165
0.9202301
0.912358
0.9200152
0.9102336
0.9048736
0.9042039
0.7984685
0.9160736
0.9147801
0.9178511
0.9115137
0.859837
0.9233583
0.9128777
0.9213495
0.9213421
0.907065
0.9127094
0.9059814
0.913474
0.9095573
0.9159304
0.9070206
0.9037578
0.9042853
0.907237
0.9030238
0.906014
0.9041686
0.9071956
0.903034
0.9045181
0.926339
0.9159053
0.9154984
0.9060621
0.9241355
0.9235419
0.9236959
0.9236906
0.8994557
0.9193031
0.8670302
0.9201209
0.9038867
0.915775
0.9136483
0.9196952
0.9168851
0.9018519
0.90788
0.9098921
0.9039012
0.9156593
0.9109145
0.9106366
0.9068173
0.9112327
0.9200221
0.9081704
0.9176003
0.9149876
0.9179276
0.9233338
0.9193379
0.8849216
0.9134018
0.9150533
0.8823339
0.9066741
0.9279541
0.9176475
0.9270782
0.9049188
0.9083735
0.9053551
0.9307365
0.8970536
0.9135253
0.9215269
0.9303389
0.8946019
0.9015943
0.9035276
0.9199066
0.8476198
0.9142213
0.9117606
0.8683191
0.8740879
0.9204377
0.9234683
0.8711938
0.9091516
0.86541
0.9306799
0.8946733
0.9165337
0.9145676
0.8974505
0.8958577
0.9015676
0.8830775
0.9158159
0.9117211
0.9148001
0.9281511
0.8755848
0.9224481
0.9231138
0.8652121
0.9293369
0.9059541
0.9283359
0.902457
0.9028411
0.8976378
0.8954692
0.8972802
0.887113
0.8982924
0.8983969
0.9057357
0.8984216
0.897412
0.8980762
0.9036868
0.9038661
0.9045196
0.8974846
0.8979322
0.89263
0.9132843
0.8791349
0.8830101
0.9163338
0.8614608
0.8599389
0.861921
0.8598618
0.9121925
0.8802459
0.9231854
0.8738722
0.916861
0.9136266
0.8601917
0.9015531
0.8999681
0.9164458
0.9266453
0.9198309
0.8964854
0.8993635
0.8934776
0.8790557
0.8972981
0.8972033
0.9033062
0.896336
0.8843484
0.8842162
0.8824313
0.8774734
0.8896782
0.8815583
0.9184762
0.9153539
0.8809797
0.9023799
0.9276679
0.9157327
0.9281032
0.9048169
0.9086146
0.9004364
0.9297698
0.8944608
0.9169594
0.925888
0.926721
0.8981183
0.8990649
0.9002503
0.9166899
0.8481617
0.9155924
0.9144785
0.8681463
0.8759228
0.921338
0.9243183
0.8751369
0.913086
0.8661115
0.9329788
0.8947424
0.918939
0.9153086
0.8942571
0.8977574
0.9005786
0.8894205
0.9156966
0.9108782
0.9166608
0.929512
0.8767952
0.9236243
0.9221028
0.8689301
0.9258407
0.9044698
0.9294101
0.9043171
0.9038556
0.8965197
0.8981781
0.8963278
0.8883091
0.8991748
0.8970085
0.9046178
0.8992323
0.896648
0.8997929
0.9016358
0.9036076
0.9038325
0.8997537
0.8977995
0.8982367
0.9148692
0.8829741
0.8847793
0.9153041
0.8580432
0.8590229
0.8588736
0.8575629
0.915795
0.8762491
0.9260793
0.8688638
0.9153626
0.9155029
0.8634179
0.8985645
0.9023234
0.9166696
0.9277656
0.9201966
0.896983
0.9045678
0.8967841
0.8824807
0.9042625
0.897586
0.9018596
0.8985127
0.882831
0.8831389
0.8812352
0.8790026
0.8910275
0.9094154
0.8918355
0.89784
0.9120143
0.891066
0.8555687
0.8903238
0.8633312
0.918274
0.8863806
0.9162665
0.8636816
0.9215797
0.8972299
0.8962619
0.8658657
0.9008447
0.902795
0.9058532
0.8984779
0.9096636
0.8934887
0.8963267
0.9192378
0.9132988
0.8867263
0.8574535
0.9103011
0.8881675
0.9110759
0.8591742
0.906837
0.8898028
0.8933736
0.902584
0.9187096
0.9037449
0.9175758
0.8998788
0.8963936
0.9010284
0.8556488
0.9087408
0.9018361
0.9096653
0.9061247
0.8609068
0.9163644
0.9010432
0.9162616
0.9158713
0.8915263
0.9019911
0.9022837
0.9071779
0.8980512
0.9079204
0.8940109
0.8887697
0.8839508
0.8874153
0.8892168
0.8911082
0.8925203
0.8861412
0.8872817
0.8870437
0.9176496
0.909114
0.9079108
0.8952855
0.9175364
0.9198315
0.917952
0.9179462
0.8875709
0.9154261
0.8241325
0.9152312
0.8837044
0.9065441
0.9089102
0.9177099
0.9064465
0.8868268
0.8942546
0.9028812
0.8964411
0.9103943
0.9001385
0.9015478
0.8941887
0.9004999
0.9180403
0.8970107
0.9107387
0.9112415
0.9128018
0.9240956
0.9154136
0.9114067
0.8910423
0.8968903
0.9120226
0.8928584
0.8538986
0.8883702
0.8653446
0.9177805
0.8853634
0.9154629
0.8614972
0.9182484
0.8929426
0.8962787
0.8598522
0.8980637
0.9048451
0.9045063
0.896002
0.9070628
0.8927337
0.899046
0.9134184
0.9119663
0.8856269
0.85723
0.9084504
0.8892877
0.9107714
0.8580051
0.9092018
0.8921307
0.8900413
0.9027959
0.9178691
0.9032828
0.916584
0.8986812
0.8981878
0.8944744
0.8556002
0.9073226
0.9016512
0.9079312
0.9058594
0.8608132
0.915831
0.9019571
0.9170358
0.9162235
0.8924838
0.9023199
0.8987117
0.9087607
0.8998258
0.9044459
0.8940695
0.8911264
0.8867442
0.8889998
0.8887454
0.8946418
0.8898405
0.8910124
0.8881253
0.8899786
0.9181928
0.9075759
0.9086665
0.892509
0.9184276
0.9222198
0.9179573
0.9190702
0.8873861
0.9157399
0.8170103
0.9148115
0.8855973
0.9028352
0.909747
0.9177153
0.9016179
0.8880472
0.8941066
0.9021368
0.8980238
0.9080171
0.8945537
0.8985878
0.8947755
0.9036961
0.917547
0.8995467
0.9067787
0.9079883
0.9100744
0.9212043
0.9160423
0.8801075
0.8983476
0.9050592
0.8884607
0.8891243
0.8990038
0.9019028
0.9012666
0.8836857
0.8995972
0.8811684
0.8953433
0.902075
0.9056015
0.8923783
0.8991636
0.8641761
0.8864225
0.8898404
0.9052403
0.8734858
0.8987214
0.9084258
0.8807945
0.8804851
0.8920093
0.8983566
0.887366
0.8972605
0.8802389
0.8903216
0.8933515
0.9015799
0.9018726
0.8626886
0.8839753
0.8656426
0.8986268
0.882178
0.8844764
0.905402
0.8988136
0.8774001
0.905962
0.9049524
0.877837
0.8973488
0.8832167
0.9090545
0.8867119
0.8867166
0.8525237
0.8652503
0.8581382
0.8679821
0.8595399
0.8646138
0.8620033
0.8502354
0.8575868
0.8481314
0.8559835
0.8529091
0.861457
0.8570359
0.8524652
0.8568651
0.8927332
0.8818719
0.8903755
0.9015572
0.8926714
0.8899841
0.8926735
0.8882268
0.8980484
0.8886465
0.9009829
0.8899489
0.8806684
0.9096019
0.8773329
0.9005058
0.8680412
0.8792748
0.907375
0.9048622
0.86079
0.8699455
0.8066815
0.8783799
0.8400714
0.873754
0.8853414
0.8632305
0.8848175
0.8845232
0.885676
0.900512
0.8941833
0.9108832
0.8927543
0.8989686
0.9147982
0.8948682
0.8535533
0.8910136
0.8662973
0.9176358
0.8895273
0.9182793
0.8633003
0.9210461
0.8967964
0.8983985
0.8607033
0.899052
0.9039006
0.9054339
0.8962809
0.9095108
0.8943631
0.8989943
0.9173566
0.9147793
0.889704
0.8558761
0.9124256
0.8890634
0.9110753
0.8604452
0.9096663
0.8922229
0.8935234
0.9047499
0.9200198
0.9019156
0.9188494
0.8992753
0.8970921
0.898824
0.8560363
0.9069683
0.9034485
0.9073122
0.9061026
0.8609254
0.9179933
0.9020989
0.9199084
0.9189875
0.891883
0.901748
0.9002132
0.9068381
0.9002097
0.9050905
0.8942767
0.8936209
0.8882496
0.8888152
0.8916193
0.8950905
0.8957502
0.8911485
0.8939327
0.8899548
0.9159369
0.9090415
0.9073344
0.8952221
0.921875
0.9226731
0.9201548
0.9214894
0.8876579
0.9170928
0.8217927
0.9134358
0.887568
0.9078303
0.9105647
0.9203866
0.9014395
0.8893038
0.8954331
0.9012399
0.8964941
0.9115622
0.9008567
0.899581
0.8953846
0.9024676
0.9183205
0.90144
0.9079609
0.9086953
0.9125228
0.9231518
0.9158625
0.8795394
0.8979438
0.9038324
0.8890607
0.8898013
0.9007443
0.896886
0.9020067
0.8816382
0.8966269
0.8816203
0.8970701
0.8993666
0.9035833
0.8951722
0.9014979
0.8623565
0.8873163
0.8906472
0.9012359
0.8738739
0.8979188
0.907784
0.8776151
0.8852411
0.893903
0.8979887
0.8858664
0.8963838
0.8757077
0.8920212
0.8916
0.8996156
0.9036765
0.8627147
0.8862696
0.8682003
0.8995537
0.8837405
0.8825248
0.9036239
0.8994422
0.8790592
0.905403
0.9063945
0.875881
0.9001188
0.8867131
0.9089554
0.8865543
0.8858403
0.8546231
0.8667226
0.8595622
0.8654624
0.8605812
0.8624509
0.8644453
0.8549698
0.8542331
0.8521984
0.8592557
0.8516928
0.860126
0.8574527
0.8517698
0.8532564
0.8944288
0.8821245
0.8902544
0.8991829
0.8931437
0.8913827
0.8915944
0.8912277
0.8976415
0.8861797
0.9026808
0.8867448
0.8791516
0.9103613
0.8726872
0.8999894
0.8719622
0.8829444
0.9069581
0.9035564
0.859298
0.8719848
0.8054203
0.8792529
0.8436767
0.8770946
0.886944
0.8616197
0.8834064
0.8821754
0.8839441
0.8992669
0.8954897
0.9106391
0.8905684
0.8986209
0.9123164
0.8915816
0.8511576
0.8912177
0.861784
0.9183298
0.8864643
0.9151326
0.8596814
0.9188365
0.8944567
0.8949305
0.8625517
0.8967458
0.8997188
0.9021779
0.8939532
0.9053476
0.8933133
0.8997301
0.9163148
0.9066424
0.888959
0.8597264
0.9095849
0.8869425
0.9082466
0.8565943
0.9116848
0.8936595
0.8924841
0.9031885
0.9184195
0.9011009
0.9149479
0.901343
0.8987943
0.8984751
0.8551867
0.9083028
0.9023616
0.908617
0.9048238
0.8584104
0.9180369
0.9034209
0.9173948
0.9168907
0.8898018
0.9023953
0.9004667
0.903234
0.8969488
0.9049946
0.8909762
0.8923632
0.8843288
0.8891391
0.8913347
0.8932243
0.8902646
0.884698
0.8907619
0.8864266
0.9160156
0.9081996
0.9062612
0.8940175
0.9191693
0.9201539
0.9185483
0.9193508
0.8875694
0.9138353
0.822224
0.9103579
0.8850387
0.9056294
0.9051169
0.9166196
0.9049872
0.8896294
0.8973803
0.9010969
0.895699
0.9083969
0.8972235
0.9013592
0.8951483
0.9008361
0.9169854
0.8984703
0.9081064
0.9095883
0.9115054
0.9231653
0.9154758
0.8775067
0.9022583
0.9024503
0.8865542
0.8942452
0.9051588
0.8999424
0.9092533
0.8834711
0.8975056
0.8808382
0.9053214
0.9006493
0.9044331
0.8989149
0.9079023
0.8664244
0.8897909
0.8939498
0.90005
0.871925
0.8985882
0.9020155
0.8850025
0.8785064
0.8992293
0.9014363
0.8874632
0.8947237
0.8756199
0.8995033
0.8910511
0.9043293
0.8959234
0.8659093
0.881181
0.8684971
0.893129
0.8931109
0.888909
0.9050965
0.9067103
0.8823229
0.907049
0.9109835
0.8761207
0.9034604
0.8840872
0.9105143
0.8841339
0.8837793
0.8546542
0.8683397
0.8635695
0.8630944
0.8663337
0.8728059
0.8688312
0.8563263
0.8549938
0.8571215
0.8596602
0.8588081
0.8578941
0.8568387
0.8557933
0.8582443
0.897965
0.8796086
0.8855064
0.9023189
0.8931088
0.8926647
0.893588
0.8881605
0.8981548
0.8864749
0.9007634
0.8872013
0.8885365
0.9040801
0.873636
0.9021521
0.8709713
0.8935051
0.9055434
0.9033086
0.8627292
0.8769359
0.812053
0.8831202
0.8421092
0.8763825
0.8865208
0.8635227
0.8864104
0.8843855
0.8841261
0.8962466
0.8925103
0.9107156
0.8924224
0.8987333
0.9120034
0.8908853
0.8528871
0.8919427
0.8611111
0.9195162
0.8879009
0.9174413
0.8624446
0.9178389
0.8978875
0.896439
0.8654123
0.8997355
0.9011566
0.9024524
0.8953145
0.9057398
0.8906146
0.8987984
0.9185212
0.9130891
0.8847617
0.8581814
0.9089887
0.8908334
0.9114183
0.8567901
0.9084419
0.8929524
0.8925567
0.9031826
0.9206034
0.9049298
0.9166372
0.8987156
0.8927968
0.896292
0.8566023
0.9087348
0.901087
0.9077611
0.9041853
0.8614936
0.9168471
0.9007219
0.9177782
0.9171975
0.8939077
0.9005749
0.9021287
0.9059934
0.8996592
0.9057027
0.8931717
0.8917406
0.8883962
0.8898239
0.8944937
0.893907
0.89315
0.8897048
0.8927075
0.8885898
0.9186661
0.9083149
0.9083764
0.8946945
0.9174788
0.9213467
0.9204339
0.9193904
0.8887081
0.9147957
0.8220864
0.9128491
0.8858534
0.9055448
0.9092188
0.9152776
0.904428
0.8887118
0.8945198
0.9028045
0.8966145
0.9090192
0.8983811
0.9015127
0.8955038
0.9029624
0.9162176
0.9006551
0.9085348
0.9095067
0.9119323
0.9214024
0.9150088
0.9106172
0.8926383
0.9001343
0.9112825
0.891988
0.8523192
0.889545
0.8625203
0.9180687
0.8834868
0.9127899
0.8593834
0.9186891
0.8954694
0.8970588
0.8600068
0.898022
0.9025135
0.9037677
0.8969289
0.9067193
0.8913243
0.9001238
0.9177163
0.909875
0.88711
0.8588678
0.9091699
0.8895137
0.9095218
0.855442
0.910261
0.8930883
0.8932375
0.9053504
0.9194593
0.9019629
0.9179842
0.9006911
0.89911
0.8980284
0.85555
0.9081655
0.9026278
0.9073214
0.9071349
0.8583762
0.9153571
0.9045451
0.915295
0.9145214
0.8924573
0.9024635
0.9008163
0.9063758
0.8968657
0.904545
0.8926955
0.8896336
0.8846325
0.8871778
0.8902399
0.8931857
0.8896171
0.88747
0.8894613
0.8879968
0.9169472
0.9086559
0.9056956
0.8934935
0.9210107
0.921845
0.9188238
0.9207369
0.8877438
0.9131558
0.8209867
0.9136793
0.8843067
0.9047376
0.906683
0.9167431
0.9035496
0.8895544
0.896182
0.9021235
0.8959788
0.9086908
0.8977422
0.9017896
0.8964823
0.9007069
0.9161505
0.9003758
0.9068705
0.9094896
0.9103905
0.9200865
0.9129593
0.8948617
0.9160702
0.919374
0.9023274
0.9064338
0.9144039
0.9180316
0.9125716
0.8609585
0.9159679
0.8097776
0.9120668
0.906032
0.9227197
0.9062287
0.9121303
0.7787156
0.8950666
0.8937891
0.9138969
0.8901138
0.9189066
0.9228168
0.8917587
0.8911869
0.9079735
0.9165551
0.8999322
0.9212041
0.8907695
0.9063391
0.9066293
0.9184149
0.9199526
0.8462053
0.7939518
0.7836383
0.9080524
0.8954211
0.8994796
0.9209057
0.914856
0.8930418
0.9140339
0.9141626
0.8952347
0.9102859
0.8603659
0.9229429
0.8027356
0.8031842
0.816903
0.8502256
0.8534168
0.8445888
0.8511746
0.8488057
0.8402592
0.8277146
0.8240702
0.8135561
0.8255615
0.8208675
0.8272192
0.8253847
0.8135737
0.8182896
0.8741987
0.897835
0.8996928
0.9164919
0.8994812
0.9006691
0.8975895
0.8984804
0.9151581
0.8982135
0.9139705
0.8978025
0.9070016
0.9228426
0.8952659
0.905192
0.8573531
0.9017337
0.9205369
0.9214089
0.7725961
0.832641
0.8820279
0.8891846
0.8872813
0.8907994
0.843563
0.7747333
0.8930874
0.8935639
0.8939583
0.91092
0.9046442
0.9113592
0.8999605
0.9077308
0.9169102
0.8976257
0.8580314
0.8990393
0.8517103
0.9226047
0.9012323
0.9171961
0.8483202
0.9226626
0.9116427
0.8875111
0.8478005
0.9034505
0.8972623
0.9018083
0.9022327
0.9153477
0.8990716
0.9109063
0.9121117
0.9119123
0.88966
0.8469667
0.9135838
0.9002902
0.9100736
0.8593961
0.9127669
0.9017812
0.9051149
0.9072312
0.9210056
0.9076546
0.9212747
0.896746
0.9000506
0.9072191
0.8322847
0.9061848
0.8996781
0.9049262
0.9070099
0.8460692
0.919113
0.907685
0.9192325
0.9193013
0.8993097
0.9112668
0.899172
0.9069974
0.8997992
0.9071056
0.9001992
0.8978705
0.8943618
0.8983591
0.8953337
0.8956825
0.8932039
0.895881
0.8965767
0.8975797
0.9230528
0.9164171
0.9132801
0.9025834
0.9216346
0.9228038
0.9219392
0.9175221
0.8985576
0.9093438
0.8541564
0.9180484
0.8908406
0.9145421
0.9106519
0.9160049
0.9043584
0.8939245
0.9012378
0.9072618
0.9041267
0.9158184
0.9027693
0.9000072
0.8972129
0.9019139
0.9142335
0.9035702
0.9122925
0.9097319
0.9134775
0.9231273
0.9155563
0.8960657
0.9104321
0.9126156
0.8997004
0.9012853
0.9129697
0.9097853
0.9183258
0.8675265
0.9099048
0.8188198
0.9187162
0.9052256
0.9148226
0.9080271
0.920139
0.7832624
0.8966982
0.8992965
0.9104959
0.8878629
0.911774
0.9136006
0.8964231
0.8958154
0.9088615
0.9155455
0.9005269
0.9126322
0.8937093
0.9120552
0.9112405
0.9151044
0.9099324
0.8468095
0.7957101
0.7874257
0.9012073
0.9052104
0.9031571
0.9121655
0.919879
0.8971318
0.9157175
0.9129896
0.8920622
0.9146813
0.8676864
0.9181526
0.8107924
0.8111414
0.8122262
0.8444264
0.8535383
0.8511979
0.8491779
0.8536126
0.8314381
0.8199565
0.820741
0.8114653
0.8351024
0.8203254
0.835256
0.8153291
0.8094725
0.8129414
0.8729073
0.8935361
0.9005531
0.9114976
0.8996441
0.8979874
0.8988474
0.8976319
0.9115447
0.8995729
0.9103671
0.8970333
0.9035316
0.9172142
0.8935472
0.9043139
0.8623578
0.9027565
0.9201669
0.9167917
0.7821371
0.825204
0.8815785
0.8910799
0.8905054
0.8937732
0.8427617
0.7847396
0.8941273
0.8945253
0.8940529
0.9075344
0.9054549
0.8958475
0.9147638
0.9137925
0.902612
0.9062085
0.918201
0.9149617
0.9179005
0.8685605
0.9117605
0.8168435
0.9166017
0.9048119
0.9193684
0.9068203
0.9215659
0.7861785
0.8968345
0.89829
0.9140325
0.8867335
0.9131488
0.9182263
0.89605
0.8935781
0.9124173
0.917407
0.9000711
0.9137295
0.889392
0.9144563
0.9048704
0.9173953
0.9144039
0.8519051
0.8020355
0.7867427
0.9074447
0.9022176
0.9020783
0.9160433
0.920059
0.8955736
0.9155247
0.9155253
0.8943277
0.9169206
0.8659384
0.923475
0.8144668
0.815482
0.8280067
0.8597707
0.8535689
0.8550671
0.8572685
0.8581928
0.8484555
0.828922
0.8300087
0.8180045
0.8425103
0.8294385
0.8416342
0.8278045
0.82363
0.82201
0.8748968
0.8930031
0.9008372
0.9180533
0.9017073
0.8997562
0.9029307
0.9010292
0.9152149
0.9010475
0.9162548
0.8977128
0.908553
0.9230662
0.8921887
0.908842
0.8620034
0.9071657
0.9198874
0.9208488
0.7830709
0.8348111
0.8818974
0.8931265
0.8905712
0.8952241
0.8567111
0.7876928
0.8952854
0.8970541
0.8927392
0.9077272
0.9060015
0.9156627
0.8115587
0.8639906
0.9126498
0.9055482
0.9098837
0.8436551
0.9222588
0.9235603
0.8618643
0.9196977
0.9182922
0.9219122
0.8117692
0.9183977
0.9184276
0.9074204
0.9177113
0.9201934
0.9086186
0.9021778
0.8565831
0.8099377
0.9173027
0.9149768
0.9006124
0.9088944
0.911491
0.8466864
0.9124248
0.9136299
0.9153608
0.8461191
0.8548583
0.9174494
0.9227695
0.9134187
0.9110741
0.9182792
0.9080346
0.8111158
0.9152213
0.9104383
0.9200277
0.919759
0.9079261
0.9155167
0.9238013
0.9083777
0.9206136
0.9204581
0.9083975
0.911729
0.91401
0.9085242
0.9153404
0.9222434
0.9136655
0.9075895
0.902758
0.907334
0.9109719
0.9087497
0.9108824
0.9067899
0.9082595
0.9055168
0.9220386
0.9110327
0.9088907
0.8090543
0.9160274
0.9180727
0.9176716
0.9140047
0.8029956
0.9205412
0.9027594
0.9178838
0.9052058
0.8185722
0.9077952
0.9218187
0.9160393
0.9062633
0.9083306
0.7837912
0.9039715
0.9188385
0.9068505
0.9101832
0.9075345
0.9095003
0.9213703
0.9060021
0.9191986
0.9166812
0.9154218
0.9184488
0.9204782
0.8908106
0.9093944
0.9131121
0.899714
0.8989774
0.9091458
0.9130926
0.9104023
0.860919
0.9110242
0.8006142
0.9132186
0.9072057
0.9154766
0.9049948
0.9147725
0.7634708
0.8956789
0.8948011
0.9085377
0.8821379
0.9105826
0.9125704
0.8903085
0.888399
0.90264
0.9124819
0.896527
0.9077815
0.8855307
0.9017851
0.9002471
0.9146099
0.9131173
0.842674
0.787263
0.7676276
0.9012623
0.9025383
0.8975742
0.916018
0.9117637
0.8900295
0.9113681
0.9152747
0.8860587
0.9103122
0.8640544
0.9196703
0.8004137
0.8005895
0.7981222
0.8372922
0.840638
0.8442388
0.8417111
0.850297
0.8260455
0.806273
0.8060066
0.7952999
0.8161365
0.8108641
0.8181226
0.8103142
0.7960044
0.7962876
0.8654998
0.8884235
0.8924762
0.9105391
0.8970484
0.8976062
0.8942369
0.8958008
0.9106574
0.8949352
0.9081858
0.8946527
0.9020631
0.9156206
0.8872683
0.9065505
0.8541051
0.8988812
0.9142867
0.9158149
0.749053
0.8198577
0.8745999
0.8882406
0.8864121
0.8878017
0.8405142
0.7582036
0.8908922
0.8873103
0.8907404
0.9083917
0.9025349
0.8992717
0.9087256
0.9132979
0.9027699
0.9001852
0.9028631
0.9106727
0.907271
0.9143659
0.9076546
0.9130939
0.9014136
0.9136359
0.9164209
0.9027403
0.8985234
0.9062556
0.8942332
0.8973104
0.914695
0.9018727
0.9121
0.9203987
0.9031831
0.9025112
0.9065545
0.9093845
0.9055655
0.9127745
0.8983282
0.8978374
0.9038913
0.9112622
0.916436
0.9016341
0.9180977
0.9090748
0.9092828
0.9012216
0.900688
0.9171183
0.9073867
0.9016435
0.9026205
0.9091005
0.8995593
0.9071877
0.9086255
0.9152352
0.9144299
0.9143107
0.9033104
0.9073343
0.8991771
0.903951
0.9029438
0.9016493
0.8971729
0.896362
0.89901
0.8926001
0.8970609
0.8946508
0.894464
0.8961321
0.8951084
0.8961926
0.9195133
0.9043797
0.9015189
0.9128615
0.9091199
0.9073145
0.9062934
0.9077634
0.913771
0.9015715
0.9089499
0.9062977
0.9000616
0.9204146
0.9014165
0.9098125
0.9015707
0.9003476
0.9130292
0.9196233
0.9038489
0.9086952
0.8950827
0.8977868
0.9006023
0.8949975
0.9100831
0.9056342
0.9037357
0.9023832
0.901265
0.9097778
0.9064417
0.893255
0.9170653
0.923109
0.8982841
0.9053215
0.9175167
0.916558
0.9125787
0.8672198
0.9134772
0.8388308
0.9168296
0.9079095
0.9182756
0.9090909
0.9176251
0.8219417
0.8985673
0.8963957
0.9146277
0.8890968
0.9168334
0.9232862
0.8952979
0.893365
0.9137484
0.9145372
0.8960611
0.9183666
0.8872512
0.9129438
0.9038198
0.9198418
0.9203562
0.8597406
0.838849
0.8222659
0.8997295
0.9012553
0.9026829
0.9211859
0.9168612
0.8941396
0.9091355
0.9102995
0.8928966
0.9191228
0.8660228
0.9234984
0.832662
0.8332961
0.8439012
0.8608696
0.8621674
0.8570063
0.863342
0.862069
0.8586912
0.8424197
0.8446212
0.8378939
0.847822
0.8406005
0.8510012
0.8464045
0.8375679
0.8358868
0.8842594
0.894975
0.8987902
0.916655
0.89994
0.9010911
0.9014393
0.8978853
0.9170011
0.8994806
0.9160197
0.892969
0.9090618
0.9185024
0.8916538
0.9074029
0.862241
0.9085639
0.9247419
0.9230769
0.8218897
0.8505976
0.8874298
0.8932697
0.8921417
0.8921838
0.815638
0.8211293
0.8955139
0.8941021
0.8950457
0.9068224
0.9050682
0.88395
0.9102758
0.9108204
0.8869314
0.9018787
0.9219118
0.9140537
0.9233437
0.9042046
0.9078778
0.9003978
0.9231258
0.8976244
0.914333
0.9142888
0.9223206
0.8925428
0.8970956
0.8975692
0.9191497
0.854679
0.9152548
0.916655
0.8718425
0.8771456
0.9156929
0.9185707
0.8819452
0.9104614
0.8667202
0.9213613
0.8903299
0.9161501
0.9087412
0.8911351
0.9013276
0.896763
0.8900071
0.9080345
0.9041495
0.9151834
0.9238821
0.878341
0.9181746
0.9158
0.8643665
0.9189531
0.900345
0.9228278
0.9010495
0.900972
0.8965184
0.896508
0.8943251
0.8953352
0.8975733
0.8966537
0.8989331
0.8913912
0.889646
0.890558
0.8966515
0.8961295
0.8966529
0.8913998
0.8905834
0.8917861
0.9122666
0.8808147
0.8887937
0.9115735
0.4798224
0.5126792
0.4242317
0.463072
0.9151126
0.8805725
0.916463
0.8761241
0.9067142
0.9152788
0.8666911
0.8979061
0.8966253
0.907499
0.9212669
0.9192991
0.8922171
0.8984519
0.8961924
0.8730049
0.8994106
0.892371
0.9015133
0.8953819
0.8810939
0.8792567
0.8771049
0.8793525
0.8870012
0.8818751
0.9114473
0.9109572
0.8865539
0.9056477
0.9206534
0.913397
0.9235779
0.9055808
0.9051761
0.902891
0.9230551
0.8980896
0.9152548
0.9161925
0.9241068
0.8955975
0.8965728
0.8979217
0.9178851
0.8508975
0.9128788
0.9145997
0.8751231
0.8763773
0.914077
0.9190508
0.8826767
0.9074401
0.8661013
0.9210841
0.8907262
0.9159664
0.9081953
0.8958936
0.9008744
0.8970682
0.8907156
0.9110367
0.9026884
0.9155322
0.924537
0.8781979
0.9161509
0.9163698
0.8653196
0.923266
0.9012865
0.9215974
0.9012942
0.9011001
0.8961114
0.897708
0.8926424
0.8914804
0.8953235
0.8966048
0.9020951
0.8923166
0.8917296
0.8924828
0.8950946
0.8969533
0.8964053
0.8911235
0.8905036
0.8885832
0.9129036
0.8800293
0.8889845
0.9100202
0.5978108
0.5026673
0.5899763
0.5995833
0.9129215
0.8807645
0.9156631
0.8740092
0.9091753
0.9169735
0.8612086
0.8956417
0.8990158
0.908168
0.9209534
0.9197405
0.8931785
0.8971979
0.8958244
0.8751877
0.8998098
0.8951464
0.9031531
0.896548
0.8805608
0.8787119
0.876875
0.8840251
0.8880675
0.9120208
0.7816988
0.8419328
0.9070828
0.9050984
0.9061815
0.8382801
0.9279238
0.9218376
0.8378337
0.9196948
0.9193571
0.9195603
0.7773427
0.9195036
0.9226199
0.9034929
0.9199802
0.924646
0.89721
0.9000323
0.843363
0.7357891
0.9171242
0.9122207
0.8957864
0.905613
0.9042313
0.8326145
0.9064452
0.9182014
0.9114209
0.8440283
0.8364388
0.9184504
0.9165034
0.9095621
0.9068541
0.9223133
0.9098612
0.7739499
0.9190688
0.9077368
0.9167367
0.9213968
0.9043522
0.9182345
0.9237629
0.9063934
0.9179894
0.9180961
0.8983051
0.9079414
0.9074179
0.9021623
0.9103914
0.9222651
0.9068743
0.9023716
0.8956911
0.9074828
0.9082069
0.9082487
0.912651
0.9015551
0.9008938
0.8971377
0.9187879
0.9011116
0.9075488
0.7779721
0.914391
0.9139341
0.9188251
0.914711
0.764418
0.9146392
0.8988467
0.9113429
0.904981
0.7836017
0.9044836
0.9194796
0.9141669
0.9094553
0.902339
0.7839452
0.9016651
0.9152263
0.9014417
0.9036114
0.9018418
0.9116575
0.918567
0.9041957
0.915808
0.9154274
0.9160635
0.9125558
0.9180149
0.9079531
0.9297533
0.9267206
0.9089861
0.9185034
0.9327066
0.9301471
0.9388577
0.9147464
0.9231902
0.9152237
0.9351862
0.9173359
0.9290119
0.9344571
0.9364202
0.9133845
0.9224042
0.9234126
0.9301118
0.9036038
0.9307379
0.9276883
0.9061961
0.9064539
0.937234
0.933024
0.9075095
0.9258762
0.8985917
0.941272
0.9137949
0.9323314
0.9283456
0.9070935
0.9144116
0.915776
0.909848
0.9201906
0.9209682
0.9263891
0.9343137
0.9061006
0.9298829
0.9299875
0.9085235
0.9343448
0.911778
0.9365124
0.9145465
0.9147664
0.9184209
0.9094444
0.9085564
0.9076675
0.91343
0.9106886
0.9194311
0.9155849
0.9163334
0.9187931
0.9191651
0.9166315
0.9178801
0.9145707
0.9163514
0.9165762
0.9265961
0.9056483
0.9165597
0.9277849
0.9145388
0.9116567
0.9123242
0.9111018
0.929827
0.9131712
0.929399
0.905952
0.9257075
0.9271
0.9057016
0.9193515
0.9139387
0.9287032
0.9368115
0.9325565
0.9147371
0.9124596
0.91285
0.9141053
0.9193244
0.9181112
0.9098426
0.9163279
0.9076146
0.9097858
0.9071113
0.9145799
0.9153317
0.9054394
0.8454065
0.8413949
0.9073747
0.8968514
0.8896023
0.8121229
0.9092015
0.9190498
0.8311073
0.9186671
0.9037158
0.9185685
0.8486879
0.9089135
0.9043112
0.8973974
0.9062243
0.9098446
0.8946915
0.8998133
0.827808
0.8496639
0.9132478
0.9065524
0.8805866
0.8950803
0.9045657
0.8169192
0.906311
0.8944287
0.9061272
0.8060494
0.8240836
0.9108683
0.917893
0.9048328
0.9099421
0.9061816
0.8964809
0.8482777
0.8974536
0.8993806
0.9107313
0.9140017
0.8997535
0.9055597
0.917592
0.8989143
0.9146141
0.9144574
0.8913366
0.9043052
0.9000784
0.9009298
0.9053469
0.911256
0.9
0.8914068
0.8895672
0.8926177
0.8983746
0.8966615
0.898498
0.8929813
0.8926801
0.8887477
0.9138511
0.9017626
0.9044326
0.8430723
0.916091
0.9157187
0.9142455
0.9128994
0.8389673
0.9096451
0.8910978
0.9108673
0.8884549
0.8645248
0.9027431
0.9167247
0.9039872
0.8921829
0.8930339
0.8447219
0.9005071
0.9117782
0.8948543
0.8988202
0.8971464
0.8993636
0.916594
0.8985435
0.9064452
0.9068586
0.9112288
0.916333
0.917013
0.907611
0.8452746
0.839275
0.9084259
0.8991754
0.9064568
0.8167638
0.9210823
0.9190136
0.8317055
0.9222272
0.9148298
0.9177056
0.8422917
0.9164047
0.9190555
0.9016382
0.9153165
0.9186576
0.8981891
0.8974166
0.8350758
0.8389629
0.9094376
0.9086732
0.8905693
0.9007828
0.9033791
0.8153234
0.9045477
0.9123083
0.9069554
0.8301358
0.8266181
0.9126278
0.9140821
0.9111953
0.9045514
0.916534
0.9105826
0.8469258
0.9134814
0.9035577
0.9135137
0.9138743
0.9041275
0.9172749
0.9229172
0.9085315
0.9215375
0.9211199
0.8980997
0.9036394
0.9067208
0.9008939
0.9106452
0.9178212
0.906951
0.9012487
0.8965666
0.9061943
0.9064932
0.9030433
0.906745
0.8986583
0.8996563
0.8963029
0.9193806
0.9021552
0.9013172
0.8441631
0.9143996
0.9163805
0.9191567
0.9151747
0.840617
0.9136661
0.9010601
0.9084894
0.8982025
0.8462639
0.9058123
0.9181604
0.9101963
0.904327
0.9029954
0.8468381
0.9015666
0.9141698
0.9008736
0.9032316
0.900129
0.9071638
0.9176589
0.9032349
0.9136037
0.9144413
0.9119528
0.9128336
0.9136706
0.9083743
0.8416379
0.8381379
0.905524
0.899473
0.9040109
0.8143421
0.9211398
0.9174567
0.8313927
0.9212004
0.9182896
0.9191557
0.8390961
0.9175854
0.9183111
0.9021296
0.9172479
0.9205818
0.8958534
0.8966123
0.8289108
0.8351378
0.9138689
0.9084627
0.8904359
0.9022265
0.9035598
0.8122843
0.9045714
0.9123704
0.9065164
0.8291934
0.8322425
0.9123818
0.9179569
0.9094964
0.9057649
0.9196501
0.9097936
0.8486468
0.9147772
0.9044034
0.9123551
0.9154341
0.9055469
0.9175243
0.9232339
0.9071705
0.9204746
0.9202435
0.8960279
0.9042788
0.904464
0.9017364
0.9069767
0.9152167
0.9079088
0.8994626
0.897108
0.9058278
0.9081071
0.9054966
0.9075845
0.9023449
0.8996421
0.896527
0.9184992
0.8996987
0.9047922
0.8410362
0.9147241
0.9165528
0.9189878
0.9143969
0.837055
0.9150066
0.9016393
0.9091261
0.9000503
0.8450869
0.9078491
0.9172813
0.9114076
0.9054093
0.900095
0.8503148
0.9008494
0.9120614
0.9033612
0.9060644
0.9010592
0.9081625
0.9180169
0.9018601
0.9133579
0.9128202
0.9118598
0.913379
0.9152941
0.8977715
0.8955614
0.8939628
0.8888371
0.8885431
0.9089642
0.8958777
0.920762
0.9046195
0.8891724
0.9023512
0.9181731
0.9045872
0.8928623
0.9051456
0.9217846
0.8797697
0.8973309
0.9057663
0.8985016
0.8812825
0.8932161
0.8933343
0.9039076
0.8979945
0.8999278
0.9062098
0.889243
0.8886813
0.890469
0.9123218
0.8983015
0.8984375
0.8879973
0.8904685
0.8980309
0.8861391
0.8934388
0.9021248
0.8943142
0.9005683
0.9142694
0.8918323
0.9110097
0.9156547
0.8880012
0.9149952
0.9058509
0.913619
0.8984626
0.8984243
0.8735552
0.8838208
0.8799074
0.8807044
0.8856186
0.8984238
0.8777493
0.8728275
0.871254
0.8759212
0.8846349
0.881069
0.8828691
0.8737008
0.8719644
0.8721865
0.9034704
0.8872825
0.8879162
0.8955325
0.8995458
0.8988592
0.9004266
0.8994805
0.8889896
0.8970645
0.9001084
0.8895222
0.8925296
0.8923517
0.8828966
0.904249
0.8909953
0.8974128
0.9059123
0.8974781
0.8805494
0.8901012
0.8746437
0.8900773
0.8800073
0.8798738
0.8991234
0.8813198
0.8987567
0.8968007
0.8960854
0.907151
0.9042697
0.8873372
0.9232262
0.9291632
0.9004582
0.9023491
0.9190064
0.9193011
0.9158859
0.9054342
0.9215535
0.9011031
0.9159121
0.9015932
0.9250966
0.9098516
0.9157583
0.8987548
0.895217
0.8964776
0.9219824
0.8771739
0.9248643
0.9243294
0.8833813
0.8813935
0.9150276
0.9176781
0.896696
0.921256
0.8802954
0.9132329
0.8997496
0.9188512
0.9252096
0.893133
0.9069092
0.9036407
0.8996878
0.8992453
0.9016213
0.9238473
0.9160249
0.8814358
0.9071674
0.9132832
0.8864809
0.9139126
0.8958532
0.9254388
0.9069581
0.9068795
0.9022995
0.8988871
0.8943444
0.8987127
0.8996146
0.8888411
0.8996535
0.8976319
0.9017304
0.8944407
0.8997296
0.894045
0.9008724
0.898783
0.8987951
0.9013439
0.9186517
0.8851065
0.8973869
0.9255924
0.8936563
0.8896591
0.8899907
0.8883173
0.923136
0.8881022
0.9198872
0.8835793
0.9042204
0.927621
0.8874897
0.9000035
0.897111
0.9013294
0.9280856
0.9266503
0.9018693
0.9046884
0.8972305
0.8868597
0.9046182
0.8974414
0.9032902
0.8993037
0.8880149
0.8895207
0.8891348
0.904085
0.8927896
0.8836465
0.926468
0.924823
0.8992226
0.9028222
0.9184673
0.9199031
0.9149192
0.9047202
0.9170116
0.90281
0.9138164
0.904034
0.923222
0.9131025
0.9150967
0.8985651
0.8953363
0.8951717
0.9193144
0.8747358
0.9240798
0.9256037
0.8806644
0.8834465
0.9154391
0.9192697
0.8979614
0.920879
0.8832968
0.9132584
0.901076
0.9179661
0.9231348
0.8932887
0.9068105
0.9018364
0.8980302
0.8998425
0.8992793
0.9263904
0.9168581
0.8810925
0.9112703
0.9139073
0.8854701
0.9155053
0.8990063
0.9241433
0.905599
0.9054059
0.8987825
0.8980015
0.8922567
0.8953538
0.8991534
0.8899882
0.9011931
0.8948293
0.8987953
0.8917752
0.8995011
0.8924905
0.9011157
0.8964616
0.8994684
0.899276
0.9175965
0.8847297
0.8973124
0.9257448
0.8949496
0.8908824
0.8909746
0.8909273
0.9235504
0.887975
0.9201878
0.8848441
0.9043897
0.9297922
0.8850364
0.9021659
0.8943637
0.9042792
0.9267218
0.9289198
0.8999716
0.9049325
0.8994308
0.8882925
0.9038523
0.9004085
0.9026477
0.8980619
0.8864508
0.8851616
0.8880143
0.9019295
0.8954703
0.885489
0.9082323
0.9097766
0.8927961
0.8942253
0.9130836
0.906745
0.9191055
0.8859364
0.9041474
0.8840912
0.9152681
0.9008294
0.9136404
0.9105114
0.9189065
0.8737484
0.8894739
0.8965938
0.9069866
0.8723124
0.9069825
0.9098366
0.8886735
0.8824878
0.9060734
0.9100437
0.8885236
0.9033705
0.8833934
0.9116929
0.8906919
0.909691
0.9065856
0.8685641
0.8853515
0.8831933
0.8989583
0.8997239
0.8935062
0.9104325
0.914923
0.8795571
0.9149693
0.912311
0.8809833
0.9128837
0.8842399
0.9161138
0.8827313
0.8826576
0.8678968
0.8759793
0.8718852
0.8668905
0.8713678
0.8783372
0.8789781
0.8696562
0.8664922
0.8634247
0.8725824
0.8725123
0.8695189
0.8669122
0.8645829
0.8630511
0.8971857
0.8799519
0.8887976
0.9104551
0.8914778
0.8897965
0.8902478
0.8877738
0.9038907
0.8929884
0.9101613
0.8871782
0.8992423
0.9108904
0.8869812
0.9040123
0.8717734
0.8958401
0.9141294
0.9164243
0.8720655
0.8766016
0.8645619
0.8876336
0.8765653
0.8812575
0.887334
0.8768174
0.8859113
0.8867436
0.8856014
0.9008244
0.8954244
0.9036368
0.8838051
0.893219
0.9134966
0.8941418
0.8930746
0.8868612
0.9007309
0.9173615
0.8804194
0.9136413
0.8937756
0.9164872
0.8972578
0.8887198
0.8944959
0.9000899
0.8914267
0.8964247
0.8863952
0.9063647
0.8831709
0.8973242
0.9126016
0.9089532
0.410228
0.8951775
0.9075049
0.8849506
0.907634
0.8819904
0.9061184
0.8846724
0.8840842
0.9048865
0.9170665
0.9056732
0.9154498
0.8975163
0.895947
0.8944287
0.8936045
0.9060684
0.9027281
0.8997905
0.9001261
0.8935611
0.9168781
0.900997
0.9165465
0.9160834
0.8912805
0.9010378
0.9012425
0.9024539
0.9017135
0.908247
0.8941482
0.8923234
0.889455
0.8907886
0.8889499
0.8928545
0.8903202
0.8912789
0.8920695
0.8927633
0.9190263
0.9045775
0.9054662
0.8927611
0.9174672
0.9180194
0.9159989
0.9163772
0.8873985
0.9120871
0.8911209
0.9118274
0.886734
0.8998472
0.9071536
0.9188148
0.9005258
0.8844804
0.8964454
0.8930116
0.9009648
0.9092623
0.894186
0.8979888
0.8936784
0.8972448
0.9132691
0.9005678
0.9092499
0.908616
0.9106424
0.9187415
0.9143966
0.8836872
0.9180305
0.9191054
0.8924388
0.902177
0.9192516
0.9185973
0.9167429
0.9021552
0.912968
0.8976392
0.9198415
0.9017298
0.9171197
0.9147596
0.922087
0.8904964
0.8968965
0.8991029
0.9203503
0.8687002
0.9178423
0.9184009
0.8799827
0.8831635
0.9153525
0.9153683
0.8880121
0.9140096
0.8765178
0.9212005
0.8962284
0.9184487
0.9178909
0.8940612
0.8961961
0.897502
0.8924462
0.9037749
0.9018374
0.9169349
0.9158129
0.8805282
0.9124055
0.9145729
0.8758768
0.915343
0.8978586
0.9246541
0.8998842
0.8999614
0.8964778
0.8939779
0.8872973
0.8940416
0.8981557
0.8900183
0.8993998
0.8938221
0.8933606
0.8960458
0.8935714
0.8920387
0.8941223
0.8935537
0.8929774
0.8917533
0.9146921
0.8800683
0.893065
0.921049
0.8855398
0.8852624
0.8842445
0.8852353
0.9138186
0.8868259
0.9153154
0.8781401
0.9064234
0.9197741
0.8777726
0.8955009
0.8964281
0.9043649
0.9258563
0.9237229
0.8940758
0.8934496
0.8924831
0.8899224
0.9001497
0.8934538
0.902081
0.8922792
0.8856488
0.8871968
0.8891982
0.8994235
0.8922198
0.8989415
0.922423
0.9201409
0.8984933
0.9129024
0.9278468
0.9200209
0.9282778
0.9002857
0.9163598
0.9012896
0.9254461
0.9092358
0.9248713
0.9252964
0.9273546
0.8923528
0.9081629
0.9122862
0.9201449
0.8869009
0.9254941
0.9199709
0.8960054
0.8974778
0.920183
0.9270217
0.9006257
0.918904
0.8924089
0.9297823
0.9092613
0.9203342
0.9246733
0.8959977
0.8955103
0.8961486
0.9000765
0.9140146
0.9146682
0.9262625
0.9265905
0.8937238
0.9235431
0.9219991
0.8919464
0.9247364
0.8994729
0.9304744
0.8979108
0.8979499
0.8956256
0.8951655
0.8936125
0.8899618
0.8969119
0.8897613
0.9008674
0.8925126
0.8955166
0.8932284
0.8961108
0.8949224
0.8979881
0.8922058
0.8923832
0.8940023
0.91632
0.8974941
0.9018032
0.9227349
0.8980128
0.8974052
0.8962447
0.8965869
0.920342
0.8986813
0.9252271
0.8957213
0.918685
0.9203604
0.8894101
0.9114664
0.9002739
0.9168007
0.9353927
0.9244932
0.8973348
0.8977082
0.8946008
0.8973306
0.9014129
0.9004793
0.9020099
0.8951278
0.895362
0.8941584
0.8936118
0.9060476
0.9071628
0.9116698
0.8910594
0.8986646
0.916462
0.8986282
0.8671857
0.8963529
0.8871016
0.9238541
0.8921612
0.9195512
0.8783713
0.9257745
0.893567
0.9064764
0.8831483
0.9042707
0.9096765
0.9126706
0.8997386
0.9098595
0.888422
0.8970787
0.9237875
0.9151349
0.8967069
0.871819
0.9080852
0.8909702
0.9162081
0.8830756
0.9114544
0.8988801
0.8924464
0.9104783
0.9213682
0.9091756
0.9178271
0.9120951
0.9033655
0.8952144
0.8754086
0.9094532
0.9136842
0.9139732
0.9090419
0.8798646
0.9231529
0.902121
0.9228089
0.9223838
0.8970389
0.9045591
0.9059721
0.9085554
0.9085681
0.9138816
0.9042844
0.8984049
0.8933995
0.8987777
0.9005102
0.9034896
0.899152
0.8981332
0.8970174
0.8977077
0.9205799
0.9092723
0.9107277
0.8949502
0.9196707
0.9201182
0.9208955
0.9171184
0.8835672
0.918322
0.86323
0.9167646
0.8963271
0.8964656
0.9087532
0.926521
0.9061756
0.8932802
0.8969307
0.8974966
0.8996299
0.9132296
0.9019544
0.9078495
0.8938937
0.9080874
0.9213812
0.905141
0.9179591
0.918312
0.9184088
0.9254499
0.9191176
0.9144681
0.7726136
0.850067
0.9085797
0.9029824
0.90446
0.8439727
0.9194413
0.9198711
0.8433402
0.9226697
0.9142847
0.9210828
0.7937817
0.9176773
0.9163715
0.9063702
0.9163847
0.9192639
0.9019106
0.9026094
0.8451635
0.7860524
0.9190891
0.9121979
0.8905364
0.8974617
0.9060764
0.8419302
0.9073348
0.9132988
0.9071871
0.839516
0.8439826
0.915218
0.9180841
0.9140499
0.9071981
0.9161094
0.9042936
0.7228556
0.9123963
0.9077328
0.9132839
0.9166839
0.9058345
0.912865
0.9232471
0.9054427
0.9204137
0.920332
0.8994845
0.9059467
0.9086845
0.9090973
0.9132814
0.9217871
0.9087026
0.9003866
0.8968491
0.904947
0.9083171
0.9088255
0.9099262
0.9006336
0.9006829
0.8984817
0.9235981
0.9060728
0.9034549
0.736226
0.9129156
0.9161878
0.9153302
0.9116273
0.7909836
0.9155105
0.8972476
0.9144857
0.9007795
0.8011579
0.9043376
0.9186059
0.9094274
0.9029147
0.9040757
0.8008547
0.9049912
0.9165156
0.9016598
0.9074798
0.902412
0.9068521
0.9206893
0.9044388
0.9106967
0.912759
0.9129825
0.9162314
0.9150423
0.8837866
0.9112844
0.9103018
0.8867998
0.9008876
0.9191618
0.9133312
0.922862
0.9015992
0.902992
0.9001824
0.9241939
0.8993178
0.9050366
0.9167169
0.9245889
0.8894742
0.9009623
0.9020668
0.910014
0.8664741
0.9076033
0.908444
0.8836258
0.8827384
0.9137748
0.9150187
0.8815466
0.9046248
0.8772391
0.9228864
0.8932908
0.912808
0.9088839
0.892329
0.8987128
0.8948429
0.8876663
0.9096437
0.9023257
0.9066939
0.9241507
0.8807153
0.9143314
0.9168752
0.8759517
0.9248766
0.9062685
0.9219576
0.9015242
0.9012164
0.8926808
0.8884606
0.8901177
0.8872566
0.896
0.8930289
0.8976181
0.8914017
0.8916535
0.8910095
0.8940832
0.8935896
0.8980195
0.893077
0.8936497
0.8915969
0.9126544
0.8823231
0.8897218
0.91006
0.8895124
0.8894911
0.8926606
0.8886275
0.9099058
0.8878997
0.9141584
0.8760301
0.9066293
0.9069009
0.8741441
0.8995491
0.8970854
0.9102709
0.9204372
0.9133886
0.8929727
0.8983588
0.8928788
0.8805393
0.8969182
0.8953976
0.9034049
0.8936939
0.8923952
0.8918447
0.8900751
0.8932729
0.8968575
0.8839282
0.9004489
0.9081568
0.8951009
0.8909286
0.9063609
0.9000539
0.9084158
0.8461396
0.9006462
0.8286274
0.9040804
0.9018088
0.9051241
0.8993894
0.9033336
0.786104
0.889074
0.8919878
0.9021952
0.8776442
0.9035392
0.9063457
0.8892331
0.8866523
0.8998989
0.9002807
0.8930584
0.9035427
0.8845014
0.8943806
0.8974094
0.8993636
0.9015972
0.8274618
0.8216984
0.7931464
0.9005503
0.8922308
0.8877895
0.9085035
0.9015318
0.8858753
0.9049083
0.9067048
0.8762692
0.8999067
0.8527132
0.9146566
0.8212299
0.8212597
0.6922421
0.8325465
0.8271666
0.8338234
0.8268822
0.8349346
0.7858248
0.7456733
0.7455476
0.7280804
0.7624995
0.7501635
0.7712683
0.7407453
0.7155176
0.7251018
0.8338525
0.8871237
0.8901508
0.9035587
0.8972069
0.8951645
0.8955267
0.8898068
0.899655
0.8911158
0.9009933
0.8918716
0.8848514
0.9124853
0.8781776
0.9009824
0.8356154
0.8821656
0.9089061
0.908698
0.781816
0.7368721
0.8569571
0.8826484
0.872881
0.8754974
0.8511055
0.7840101
0.8858194
0.8847628
0.8886333
0.9040838
0.898764
0.907232
0.8358153
0.8346939
0.9076305
0.8969508
0.9002053
0.8027921
0.9182461
0.9195614
0.8310508
0.9171484
0.9141497
0.9185564
0.8389465
0.9147176
0.916971
0.9039776
0.9160634
0.9149622
0.8984659
0.8991154
0.8249828
0.8373624
0.9150874
0.9096965
0.8902803
0.9007082
0.9005951
0.8090766
0.9054873
0.9114095
0.9085437
0.8056078
0.8228007
0.9108049
0.9166754
0.909909
0.9079735
0.9144013
0.9023021
0.8406573
0.9137698
0.8991563
0.9105537
0.9141174
0.9017984
0.9129988
0.9196888
0.9033386
0.9162001
0.9161945
0.8984571
0.9043787
0.905262
0.9034681
0.9097381
0.9132642
0.904968
0.8975815
0.8952546
0.9027594
0.9056469
0.903718
0.9034737
0.9009497
0.8987914
0.8978076
0.9187648
0.8989253
0.9041963
0.8333459
0.9143037
0.9125858
0.914857
0.913097
0.8326475
0.9096623
0.8956837
0.9088091
0.8965729
0.8418862
0.9032522
0.9162676
0.9095178
0.8976551
0.9033223
0.8372567
0.9002029
0.9114448
0.9015838
0.9022194
0.9017474
0.9059612
0.9201193
0.8989507
0.9123214
0.9117803
0.9105891
0.9155448
0.9144144
0.8725985
0.9018311
0.9016312
0.8704931
0.8952868
0.9077385
0.9015676
0.9206674
0.8973905
0.8967602
0.895279
0.9205022
0.8915108
0.9023928
0.9124381
0.9191723
0.8809343
0.8914244
0.8945297
0.9048936
0.8328145
0.9015907
0.9006831
0.8621046
0.8727815
0.9078731
0.9090812
0.8645617
0.8948214
0.8568416
0.9183933
0.8801054
0.9050751
0.8972007
0.8883415
0.888873
0.8860878
0.878304
0.9056833
0.8970013
0.9040393
0.9167584
0.8685162
0.9121773
0.9099823
0.8509017
0.9181918
0.9000318
0.915869
0.8939152
0.8938389
0.8761026
0.884409
0.8812328
0.8776916
0.8870103
0.8910392
0.8853784
0.8765744
0.8756737
0.8783789
0.8879323
0.880199
0.8869909
0.8804745
0.8763309
0.876837
0.906617
0.8651802
0.865398
0.9018519
0.8744149
0.8726875
0.8702987
0.8704542
0.9024679
0.8663012
0.9066494
0.8632328
0.9017501
0.9019158
0.8487621
0.8868577
0.8888689
0.9010068
0.9148176
0.9075446
0.8800928
0.886105
0.881663
0.8642984
0.8843958
0.8874117
0.8922984
0.8820768
0.8719034
0.8710043
0.8734845
0.8831141
0.8874225
0.9103786
0.8362627
0.7822056
0.9066777
0.8975597
0.8997071
0.8163602
0.9164177
0.9189742
0.8259388
0.9198842
0.9090843
0.9197483
0.8367622
0.9114511
0.9156627
0.9004621
0.9139642
0.9169783
0.8958212
0.8951424
0.8261764
0.8360018
0.9104445
0.9040827
0.8867651
0.9016645
0.9005464
0.8206816
0.9045715
0.908779
0.9090129
0.8202039
0.8183314
0.9113099
0.9165367
0.9070042
0.9043404
0.9132821
0.899563
0.8372638
0.9088397
0.8961443
0.9156571
0.9129056
0.8987869
0.9144398
0.9200183
0.8991381
0.9167814
0.917043
0.8949082
0.9039609
0.9013414
0.8977133
0.9051318
0.9152839
0.9031565
0.8962744
0.8926041
0.8944225
0.9036175
0.8990313
0.9037505
0.8987813
0.8920505
0.8921791
0.9174361
0.8990102
0.8995816
0.8329487
0.9130435
0.9117952
0.9148815
0.9145272
0.8330495
0.9120354
0.8944533
0.910452
0.8947136
0.8471286
0.9016583
0.9174209
0.9061994
0.8965872
0.8969799
0.8410576
0.8963953
0.9116473
0.8997168
0.8995194
0.8963361
0.9057607
0.9172906
0.9005846
0.9112932
0.9092933
0.9087488
0.9113537
0.9129158
0.8864634
0.8908717
0.8969046
0.8932397
0.8856053
0.8983959
0.892922
0.905634
0.8495345
0.8930863
0.827346
0.9
0.9017505
0.8957408
0.8962226
0.902963
0.7772093
0.8828858
0.8858239
0.8996638
0.8720905
0.8936962
0.8981935
0.8903368
0.8900699
0.890468
0.8969912
0.8922887
0.8897453
0.8799622
0.8899461
0.8936246
0.8882864
0.8933422
0.8258084
0.82213
0.7733444
0.8974841
0.8904464
0.8882105
0.8980656
0.8935504
0.8859675
0.9030322
0.9047836
0.868776
0.9009495
0.8555441
0.9090744
0.819464
0.8197637
0.6964583
0.8210422
0.8203932
0.8232533
0.8207316
0.8322114
0.7596682
0.7016992
0.6536342
0.666361
0.7355577
0.7092664
0.742937
0.6555487
0.4732482
0.6157952
0.8241792
0.8822064
0.8788935
0.892235
0.8907994
0.8921809
0.8907965
0.8881071
0.8880428
0.8861797
0.8922206
0.8915425
0.876504
0.9010922
0.8750412
0.9021628
0.8313079
0.8767619
0.9033167
0.8979292
0.7621672
0.7528344
0.8517423
0.8752986
0.8635451
0.8705917
0.8515174
0.7666067
0.8857494
0.8847298
0.890373
0.9020397
0.9024713
0.8944318
0.9020135
0.9067363
0.8952557
0.8933863
0.9054006
0.9049196
0.9047636
0.8619812
0.9079464
0.8109538
0.9031225
0.9068512
0.9075124
0.899682
0.9021887
0.7495174
0.8871008
0.8893222
0.9050997
0.8848292
0.9029071
0.9088725
0.8935836
0.8880252
0.9003446
0.9045633
0.89525
0.9047703
0.8845974
0.8958933
0.8983698
0.9038716
0.9040801
0.8395426
0.8085821
0.7505513
0.9001334
0.886869
0.8907862
0.9099309
0.9044402
0.8895376
0.9099878
0.9080822
0.8818339
0.9030501
0.8578947
0.9145869
0.8046947
0.8041379
0.7920746
0.8367559
0.8413975
0.8435769
0.8396177
0.8389443
0.8190856
0.800537
0.7902301
0.7891199
0.8092686
0.7901176
0.8092001
0.7925792
0.785793
0.7852251
0.8665965
0.8910545
0.8884328
0.9086105
0.9047134
0.9002516
0.9003291
0.9008665
0.9019832
0.8955077
0.8990608
0.8940917
0.8924281
0.9153439
0.883123
0.9063502
0.8465512
0.8875806
0.9106377
0.9123029
0.7301886
0.8149922
0.8693634
0.8834829
0.8799244
0.8823208
0.8488984
0.7350441
0.8923044
0.8909988
0.8938472
0.9098112
0.9029906
0.9137063
0.7862107
0.8490644
0.9099834
0.9075755
0.9124477
0.8377956
0.9285714
0.9211571
0.8493437
0.9203642
0.9218934
0.9207585
0.7737894
0.921889
0.9230361
0.9057904
0.9221054
0.9285413
0.9038057
0.9021564
0.8459071
0.6569785
0.9188637
0.9171465
0.8977368
0.9071488
0.9085416
0.8378929
0.9087006
0.9177937
0.9131216
0.846549
0.8406942
0.9158855
0.9198197
0.9121088
0.9072829
0.9235664
0.9091331
0.783569
0.9178253
0.9117165
0.9203973
0.9232893
0.9074666
0.9200212
0.9240608
0.9110853
0.9197103
0.9197035
0.9013841
0.9103262
0.9068431
0.9073371
0.9129805
0.9244522
0.9071936
0.9024083
0.8983467
0.900562
0.9094215
0.9074346
0.9096394
0.9013137
0.9024276
0.8965679
0.920625
0.903517
0.9057735
0.7950842
0.9167719
0.9149875
0.916608
0.9151897
0.7768641
0.9172298
0.903102
0.9136959
0.9055348
0.7845172
0.9038977
0.9231009
0.9143392
0.9089181
0.9071457
0.7881661
0.9000501
0.9159705
0.9048521
0.9068645
0.90168
0.9128009
0.91882
0.9026744
0.9144147
0.9155636
0.9147871
0.917153
0.9235785
0.9096793
0.7875389
0.8531748
0.9106181
0.9014459
0.9034592
0.8383416
0.9180671
0.9199903
0.8492466
0.9195723
0.9098505
0.9195883
0.7438644
0.9173264
0.9108649
0.9050828
0.9135325
0.9150826
0.9012592
0.9035684
0.8442073
0.7772415
0.9150159
0.9103886
0.8898584
0.8976583
0.9086434
0.8383454
0.9062067
0.9041288
0.9106854
0.8400275
0.8405234
0.9151302
0.9199317
0.9106307
0.9103709
0.9131287
0.8998312
0.7844807
0.9092148
0.9057771
0.9126156
0.9162276
0.9032947
0.9100559
0.9220319
0.9075804
0.9198221
0.9199278
0.8978262
0.9052061
0.9088018
0.9056209
0.9115759
0.9169778
0.9090162
0.9
0.8955693
0.8982275
0.9055506
0.9025127
0.9051366
0.8982282
0.8991518
0.8970556
0.9196447
0.9075895
0.9071954
0.7848676
0.919086
0.9194866
0.919308
0.9158087
0.7447219
0.9178739
0.8943134
0.9129823
0.8989235
0.7969181
0.9013863
0.9167275
0.9085435
0.9005987
0.9025354
0.7678528
0.902756
0.915788
0.8992331
0.9019566
0.8993885
0.9042515
0.9192724
0.9022431
0.9100901
0.909812
0.911006
0.9196149
0.9194874
0.9069316
0.8518214
0.6856421
0.9052822
0.9017721
0.9041506
0.8340605
0.9188508
0.9198968
0.837614
0.916261
0.9130247
0.9213044
0.8492877
0.9157437
0.9156798
0.900532
0.9130342
0.9176349
0.8974883
0.900514
0.8395582
0.8474033
0.9109834
0.9058447
0.8919126
0.9016027
0.9005368
0.8311886
0.9029933
0.9120447
0.9069009
0.8254989
0.8321963
0.9142958
0.9163921
0.9073884
0.9067211
0.9191905
0.9049667
0.8529302
0.913154
0.9018641
0.9155979
0.9143523
0.9033132
0.9111404
0.9208159
0.9044155
0.9163697
0.9165154
0.8935608
0.9046493
0.905305
0.9044774
0.9095321
0.9177928
0.9053248
0.8958333
0.8926433
0.9008538
0.9031414
0.9009454
0.9027992
0.8958032
0.8979695
0.8931455
0.9156504
0.897943
0.9038837
0.8482676
0.9112491
0.913125
0.9149836
0.9121784
0.8419873
0.9139172
0.8953989
0.9117574
0.8996091
0.8572125
0.9031681
0.9179084
0.9072553
0.9018815
0.9014648
0.8534744
0.8982115
0.9121305
0.9032212
0.905628
0.9008642
0.904628
0.9176676
0.9023765
0.9144702
0.9135864
0.9151103
0.915297
0.915268
0.9108695
0.7748706
0.8518297
0.9088308
0.8983666
0.9012136
0.8311808
0.9169066
0.9205123
0.8393683
0.9215611
0.9118335
0.9184123
0.7243855
0.914788
0.9127934
0.9041627
0.9113144
0.9151873
0.9006005
0.9017322
0.8368425
0.7724539
0.9187449
0.9095136
0.8847962
0.8962644
0.9101416
0.829885
0.9036119
0.9058011
0.9075089
0.8397706
0.8336854
0.9135498
0.9194748
0.9064104
0.9080173
0.9135411
0.9007869
0.7817047
0.9080976
0.9037896
0.9155024
0.9166696
0.9020153
0.9121333
0.9216553
0.9002712
0.9207563
0.9204115
0.8926425
0.9011533
0.9057621
0.9038851
0.9068109
0.9188761
0.904844
0.8949557
0.8893858
0.8981926
0.9024661
0.8985586
0.9003058
0.8936047
0.8954609
0.890621
0.9171852
0.9051771
0.903448
0.7749591
0.9155903
0.9149476
0.9167956
0.9142706
0.7393531
0.9156034
0.8905107
0.9123938
0.8911879
0.7874871
0.9026125
0.9194652
0.9077873
0.8993347
0.8990775
0.7512201
0.9011997
0.9131857
0.8990022
0.9026752
0.8977273
0.902644
0.9169284
0.9037751
0.9097635
0.9110678
0.9112202
0.9170377
0.9166255
0.9116422
0.8353265
0.8359641
0.9069111
0.9001239
0.9043603
0.8138661
0.9196369
0.919764
0.826586
0.9218577
0.9147467
0.9181568
0.8372692
0.9138759
0.9196675
0.9051141
0.9164224
0.9215154
0.8913551
0.8980602
0.821819
0.8381925
0.9114648
0.9103696
0.8874936
0.9018248
0.9019446
0.8084213
0.9067389
0.9095875
0.9080565
0.8214963
0.8241788
0.9132698
0.913924
0.9096152
0.9063004
0.919593
0.90747
0.839997
0.9159081
0.9015336
0.9161656
0.9161219
0.9049628
0.9129741
0.9215775
0.9029109
0.9195964
0.9194398
0.898428
0.9067728
0.9063571
0.902663
0.9092897
0.9191104
0.9076764
0.8991744
0.8982819
0.9021027
0.9090393
0.904946
0.9074298
0.9018266
0.9012456
0.895161
0.9162163
0.899885
0.9032772
0.8394894
0.9117265
0.9127526
0.9154421
0.9100842
0.8325519
0.9141883
0.8976532
0.911621
0.8957851
0.8392457
0.9066492
0.9167332
0.9104156
0.8982219
0.9014908
0.8435788
0.9037274
0.9144677
0.9017125
0.9021129
0.8996699
0.907891
0.9220784
0.9043404
0.910533
0.9087919
0.9128998
0.9165663
0.9185019
0.9088488
0.7963473
0.8553861
0.9096411
0.8954311
0.899046
0.8392547
0.9117449
0.918889
0.8485942
0.9178727
0.9085054
0.9175108
0.8033289
0.9122237
0.9086321
0.9031701
0.9084123
0.9121089
0.9016173
0.9055782
0.8438962
0.8019468
0.9140466
0.9057154
0.8891104
0.8982474
0.9097532
0.838859
0.9050204
0.9029489
0.909479
0.8380266
0.8487491
0.9116514
0.9212936
0.9087759
0.9103865
0.9145429
0.8984763
0.803845
0.9046802
0.9023218
0.912045
0.9126833
0.9044865
0.9072932
0.9212533
0.9037828
0.9215146
0.9216928
0.8975458
0.9066741
0.909556
0.9044014
0.9107437
0.9157305
0.9033281
0.8992326
0.8954234
0.9022618
0.9037397
0.9037235
0.9042595
0.899361
0.8987441
0.8970567
0.9189928
0.904479
0.9037365
0.8035287
0.9127402
0.9170968
0.9156757
0.9120652
0.7942604
0.9128853
0.8943357
0.9153634
0.8936753
0.8135678
0.9056231
0.919492
0.9084198
0.8986411
0.9030912
0.7582959
0.9011607
0.912094
0.8997263
0.9014515
0.90667
0.9029445
0.9158529
0.9037906
0.9155849
0.9129262
0.9150065
0.916641
0.9125754
0.9101569
0.8432993
0.8367254
0.904686
0.8975061
0.9070093
0.8154342
0.9217121
0.9181213
0.835033
0.9228498
0.9197072
0.918393
0.8386093
0.9130544
0.9178773
0.905169
0.9190678
0.9227512
0.8985155
0.9004304
0.8252751
0.8359603
0.9133797
0.9147764
0.8880761
0.9021097
0.9001367
0.8197605
0.9098532
0.9129718
0.9070762
0.8223868
0.8254112
0.9137652
0.9196805
0.9120203
0.9108387
0.916267
0.9048351
0.846258
0.9128896
0.9043354
0.915448
0.9161263
0.9052897
0.9162061
0.922906
0.9034025
0.9216707
0.9214761
0.9004453
0.9079446
0.9105826
0.9025561
0.9107023
0.9191603
0.9079333
0.9005211
0.8992728
0.9036862
0.9076265
0.9053153
0.9083871
0.9046272
0.8992775
0.8964263
0.9221357
0.9037965
0.9043383
0.8448302
0.9146988
0.9147407
0.9173481
0.9113433
0.8318422
0.9130511
0.8994091
0.9134517
0.8980942
0.8455893
0.9065524
0.919932
0.9116379
0.9012007
0.9010151
0.8486347
0.9033498
0.9159514
0.9008554
0.9052214
0.8974516
0.9086967
0.917175
0.9037321
0.9127522
0.912326
0.9142354
0.9130856
0.9164172
0.8785242
0.9081936
0.90874
0.876233
0.8981728
0.9134119
0.9049
0.9170416
0.9015039
0.898622
0.9015518
0.9205468
0.8899066
0.9103412
0.9124376
0.9216967
0.8939952
0.891887
0.8906658
0.9134859
0.8460729
0.9079883
0.9063101
0.8699428
0.8739923
0.9108362
0.9121845
0.8751468
0.9056804
0.858231
0.9171766
0.8820176
0.9109839
0.906539
0.8910749
0.8984741
0.8973994
0.8791628
0.9014302
0.8998745
0.909784
0.9189515
0.8747108
0.9133971
0.9138726
0.8678277
0.9197209
0.8987351
0.9181312
0.9028986
0.9028203
0.89046
0.8939297
0.8907533
0.8864291
0.8892681
0.8918588
0.8955348
0.8894443
0.890944
0.884719
0.8878308
0.8894416
0.8906335
0.8903772
0.8846727
0.8867049
0.9116668
0.8696647
0.8748366
0.9083791
0.8787802
0.8776134
0.8827165
0.8802391
0.9063795
0.874116
0.9149103
0.8666862
0.9003961
0.9065785
0.8588998
0.8911074
0.8931914
0.9015898
0.9176721
0.910708
0.8907693
0.8977248
0.8849596
0.8632055
0.8903891
0.8913509
0.8980849
0.8922587
0.8783808
0.8803949
0.8786813
0.8901386
0.8847851
0.9123139
0.8349107
0.8375761
0.9086061
0.9024771
0.9051371
0.8147918
0.9174094
0.9196115
0.8329426
0.9185511
0.9170218
0.9193588
0.8346862
0.9152597
0.9189746
0.9046384
0.9156802
0.9166164
0.9006109
0.9005598
0.8275321
0.8134733
0.9152764
0.9111936
0.8899079
0.9057484
0.9013335
0.813498
0.907084
0.9129112
0.9092128
0.8152225
0.8275428
0.9145112
0.9170952
0.9121912
0.9054092
0.9172497
0.9079361
0.8339038
0.915507
0.9062701
0.9143249
0.9127514
0.9035887
0.9170711
0.9238274
0.905734
0.917938
0.9173663
0.9000611
0.9095694
0.9031249
0.9016697
0.9075931
0.9181546
0.9098996
0.8980754
0.8970185
0.9056624
0.9072911
0.9035586
0.9080521
0.9037372
0.8988918
0.897071
0.9192648
0.904203
0.905516
0.835878
0.9115845
0.909841
0.9144336
0.9103602
0.8246593
0.9124236
0.9001377
0.9135086
0.9021559
0.8394597
0.9038359
0.9195418
0.9143421
0.9053593
0.9021138
0.8335738
0.902072
0.913572
0.9013389
0.905431
0.9025669
0.9087128
0.9182144
0.9043679
0.9158691
0.9133046
0.9131446
0.9153192
0.9149845
0.8823508
0.9111839
0.9123437
0.8858516
0.9024614
0.9193047
0.9106185
0.9261232
0.9023231
0.9033846
0.9002401
0.9256248
0.89318
0.9106763
0.9176949
0.9280434
0.8972069
0.9000429
0.9053128
0.9166637
0.8541977
0.9094131
0.9059957
0.8713023
0.8782246
0.9165809
0.9172058
0.8737305
0.9035876
0.8635379
0.9239908
0.8920404
0.9131039
0.9080878
0.8979744
0.9039986
0.9008104
0.8813881
0.9057143
0.9034156
0.9106208
0.9276487
0.8787237
0.9174306
0.9179333
0.869897
0.927307
0.9015445
0.9221591
0.9034422
0.9033255
0.8960293
0.8969232
0.8950538
0.8909715
0.8975627
0.8953771
0.8996376
0.9000143
0.8961576
0.8938439
0.9014808
0.9053383
0.8988929
0.8923704
0.8931875
0.8941485
0.9147238
0.8784223
0.8782788
0.9119481
0.884556
0.8803561
0.8827666
0.8806995
0.9098725
0.8803523
0.917622
0.8738886
0.9064175
0.9105772
0.8615311
0.897819
0.8983015
0.907868
0.923753
0.9159351
0.8954339
0.9026061
0.8912575
0.8750229
0.9011767
0.8957837
0.9017848
0.8976036
0.8812371
0.8821913
0.8847538
0.8855841
0.8963029
0.9058992
0.84149
0.8414336
0.9093248
0.8981455
0.9028833
0.8113743
0.9165395
0.9199221
0.8388378
0.9202936
0.9135005
0.9193318
0.8466782
0.9111759
0.9141351
0.9041266
0.9178029
0.9170536
0.9011589
0.901779
0.8333524
0.8431831
0.9159803
0.9081421
0.8872024
0.9005764
0.9066686
0.8134486
0.9095474
0.9078134
0.9073512
0.8134124
0.8311424
0.9140322
0.9191479
0.9098753
0.9081661
0.9104632
0.9038627
0.8449703
0.9105941
0.9041071
0.9139238
0.913753
0.9034667
0.9105338
0.9207635
0.9043298
0.9178378
0.9176057
0.8997055
0.905298
0.903782
0.9025257
0.9088949
0.9162997
0.903942
0.8990291
0.8968637
0.8986431
0.9101922
0.902884
0.9035838
0.901016
0.8986559
0.8972339
0.9195014
0.9023874
0.9054307
0.8403618
0.9113385
0.9138217
0.910198
0.9097683
0.835295
0.9146031
0.8990217
0.9102347
0.8976685
0.8476079
0.904884
0.9182023
0.9099459
0.8967189
0.899857
0.8420597
0.9035138
0.9121408
0.9009441
0.9042496
0.9040169
0.9069784
0.9167944
0.9011274
0.9134033
0.9122881
0.914578
0.9185443
0.9158421
0.9128697
0.7804675
0.8444185
0.9063794
0.904703
0.9067237
0.8381054
0.9220136
0.9208248
0.8397005
0.919392
0.9198186
0.9221928
0.7755535
0.9189992
0.9214749
0.9023522
0.9163833
0.9213392
0.8991702
0.903564
0.8392465
0.7486008
0.920125
0.9142674
0.8901267
0.9048577
0.9067306
0.833806
0.9074462
0.9142773
0.9128707
0.8439011
0.8306028
0.9144085
0.9184308
0.9083622
0.9085355
0.9192571
0.9058411
0.7835522
0.9165241
0.906753
0.9185151
0.9165337
0.905317
0.9160847
0.9255164
0.9062659
0.9188531
0.9186585
0.8962271
0.9053188
0.9050846
0.9065878
0.9117315
0.9219243
0.9047089
0.898368
0.8943198
0.899766
0.9069925
0.9047534
0.9050551
0.8997265
0.8992627
0.8952154
0.918786
0.9073537
0.9073485
0.7788683
0.9162138
0.9143129
0.9181404
0.9148599
0.7692649
0.916034
0.899913
0.9161899
0.8999892
0.7873981
0.9027535
0.918502
0.9159214
0.9041914
0.9026507
0.7895753
0.9024382
0.9159452
0.9011957
0.9058357
0.9001331
0.9086868
0.9188662
0.9023158
0.9164147
0.9147735
0.9148397
0.9148436
0.9208227
0.9152041
0.7844821
0.8490977
0.9068391
0.9037623
0.9095836
0.8388425
0.9264877
0.9247058
0.8476715
0.9226108
0.922154
0.9215406
0.7233678
0.9238048
0.9233712
0.9071707
0.9217922
0.9271017
0.9017876
0.9009129
0.8450667
0.7739905
0.9185866
0.9157467
0.8950226
0.9060702
0.9044883
0.831302
0.9055757
0.9180987
0.9094959
0.8483351
0.8395947
0.9177812
0.9183731
0.9142002
0.9075737
0.9209631
0.9107894
0.7844376
0.9192405
0.9125553
0.9185712
0.9232071
0.9069834
0.9192463
0.9250999
0.9084915
0.9198509
0.9194301
0.9017189
0.9068931
0.9086077
0.9077851
0.9145004
0.9274546
0.9096019
0.9058119
0.9006272
0.9056692
0.9118893
0.9091788
0.9117228
0.9023206
0.9061806
0.9017395
0.9226456
0.90688
0.9043169
0.7917192
0.9154276
0.9167342
0.9191458
0.914718
0.7462152
0.9196661
0.9015305
0.9136442
0.9058315
0.7891094
0.9059512
0.9209238
0.9147095
0.9058777
0.9055285
0.7626407
0.9051233
0.9159203
0.9066705
0.9061818
0.9043019
0.9098217
0.9203164
0.9057348
0.9155501
0.9149763
0.9149274
0.9143659
0.9188685
0.919871
0.8970088
0.9033708
0.9204609
0.9090525
0.9101192
0.8998018
0.9175243
0.925667
0.8934256
0.9217848
0.9133652
0.9216916
0.9021353
0.9133484
0.9134591
0.9092516
0.9160646
0.9181908
0.9067472
0.914929
0.8986049
0.9061898
0.9221553
0.9164921
0.9006402
0.9073218
0.9155229
0.9027565
0.9166198
0.90444
0.9126688
0.902847
0.8920033
0.9175243
0.9252872
0.915322
0.92035
0.914243
0.908835
0.9026511
0.9132206
0.9118024
0.9186164
0.9165222
0.9124956
0.9136473
0.9244962
0.9061373
0.9249741
0.9248911
0.9051826
0.9104896
0.9095245
0.9146916
0.9131783
0.9184586
0.9104083
0.9071388
0.9049291
0.9055496
0.9062812
0.9076069
0.9052816
0.9058217
0.90563
0.9046137
0.9220445
0.9108512
0.9157341
0.9001789
0.9197233
0.9214498
0.9217592
0.9187673
0.8967385
0.9187331
0.9034822
0.9210618
0.9045307
0.9035504
0.9123372
0.9245035
0.9152608
0.9031968
0.9088328
0.9029379
0.9119299
0.914869
0.9071721
0.9098772
0.9056361
0.908325
0.9215571
0.9103297
0.9186079
0.919677
0.9234259
0.9243467
0.9208855
0.9047397
0.8389827
0.8386598
0.9097977
0.89645
0.894159
0.8194166
0.9135781
0.9152141
0.8306582
0.917169
0.9072432
0.9156677
0.8413316
0.9082026
0.9064403
0.896521
0.9081364
0.9138262
0.8916307
0.8992834
0.8328518
0.8376414
0.9114304
0.9087796
0.8820594
0.8970296
0.9008427
0.817636
0.9041417
0.9027091
0.9053204
0.8119438
0.820254
0.9114745
0.9149918
0.9045313
0.9068014
0.909775
0.8988877
0.842246
0.9058731
0.9000359
0.9127109
0.9150764
0.9018102
0.906464
0.9192976
0.8982945
0.9186281
0.9182838
0.8939399
0.9007197
0.8998258
0.8992278
0.9033345
0.9112085
0.8989924
0.8938519
0.8879251
0.8952948
0.8999785
0.8984406
0.8971371
0.8936616
0.891642
0.8899255
0.9119717
0.9003987
0.9025012
0.8405148
0.9118452
0.9107622
0.914686
0.9122356
0.8311892
0.9099452
0.8927181
0.908825
0.8889131
0.8501767
0.9042792
0.9179032
0.9042312
0.8943519
0.8943786
0.8433839
0.89888
0.9092028
0.8948502
0.8996344
0.8945508
0.9012492
0.9137353
0.8959746
0.9103062
0.910183
0.9094917
0.9149288
0.9115975
0.911729
0.7775084
0.8481326
0.9089882
0.9079685
0.9052109
0.840827
0.9283353
0.9198008
0.8452467
0.9182875
0.9195768
0.9188688
0.7693856
0.9217304
0.9213893
0.9029181
0.9199689
0.92274
0.9048314
0.9008291
0.8409452
0.6415831
0.9175675
0.9157213
0.893617
0.9049177
0.9063607
0.8351536
0.9065364
0.9168433
0.911209
0.8420792
0.8355592
0.9138211
0.9173985
0.9096556
0.9066371
0.9215416
0.9088283
0.7815196
0.9165121
0.9085712
0.9183152
0.9174986
0.9054155
0.9166873
0.9239051
0.9046906
0.9194446
0.9197385
0.8989055
0.9094899
0.9081286
0.9045894
0.9120243
0.9216127
0.9084923
0.8987821
0.8942948
0.8985539
0.9086891
0.9023293
0.9083214
0.896406
0.897932
0.8936732
0.9177934
0.9047482
0.9016184
0.7861998
0.915441
0.912727
0.9169127
0.9143501
0.7674663
0.9175308
0.9001704
0.9141571
0.902941
0.7816322
0.9042215
0.9242869
0.9143029
0.9050788
0.9028312
0.780879
0.8993956
0.9134943
0.9018436
0.9038971
0.9029154
0.911131
0.9164775
0.9010049
0.9167458
0.9159086
0.9148269
0.9167788
0.9184586
0.9193669
0.896506
0.9036622
0.9186038
0.9076891
0.9117805
0.900411
0.9188988
0.9245119
0.8961705
0.9256703
0.9150303
0.9206715
0.9017177
0.9142744
0.9171589
0.9104694
0.9162857
0.9202521
0.9062233
0.9136481
0.8954378
0.9032316
0.9256929
0.9165601
0.8989412
0.9074605
0.9163593
0.9008559
0.9161913
0.9084144
0.9135742
0.9025864
0.8935728
0.9177827
0.9251746
0.9185774
0.9190675
0.9145025
0.9075714
0.8988825
0.9175842
0.9132987
0.9163714
0.9189142
0.9122137
0.9161789
0.9253157
0.9092198
0.9257914
0.9257082
0.9074312
0.9140559
0.9135046
0.916854
0.9140471
0.9209601
0.9093412
0.9074332
0.9063988
0.9035258
0.9101168
0.9098548
0.9092077
0.9060766
0.9042382
0.9044362
0.9256304
0.9122732
0.9157625
0.89905
0.9226182
0.9241985
0.9233753
0.9202383
0.8936702
0.9167682
0.9051229
0.9197732
0.9036418
0.899332
0.9144009
0.9246509
0.9149064
0.9032537
0.9077417
0.9015027
0.9102982
0.9174431
0.9107244
0.9088899
0.9069476
0.9110435
0.9250277
0.909197
0.9201178
0.9212253
0.9227462
0.9226094
0.9225078
0.8939498
0.9300528
0.9271234
0.9025345
0.9161398
0.9284316
0.9298172
0.9304318
0.8998029
0.9270234
0.9046734
0.9281669
0.9109807
0.9299806
0.9225158
0.9276725
0.903244
0.9070213
0.9061143
0.928527
0.8822741
0.9319669
0.9290994
0.8936185
0.892265
0.9279585
0.9304003
0.8986445
0.9275357
0.8840246
0.9329595
0.9088328
0.9309634
0.9315064
0.8920743
0.9030987
0.9048641
0.9031004
0.9161609
0.91161
0.9270902
0.933888
0.8950693
0.9252701
0.9263416
0.8949637
0.9269015
0.898204
0.937399
0.9055013
0.9053846
0.9050934
0.895643
0.892819
0.8957578
0.898972
0.8926182
0.907689
0.8994998
0.906786
0.9025703
0.9040483
0.9041115
0.9061246
0.90732
0.9058097
0.9063154
0.9156652
0.8976059
0.9046211
0.9286357
0.8971135
0.8958667
0.8937883
0.8959044
0.933837
0.8966318
0.9302635
0.8912098
0.9244926
0.9349785
0.8925031
0.9094355
0.8994748
0.9220419
0.9386335
0.9325699
0.9052275
0.9043331
0.9017902
0.9001533
0.9092261
0.9030585
0.9072262
0.9054092
0.8968262
0.8940794
0.8983153
0.8985406
0.9049319
0.8968957
0.9322191
0.9248535
0.9003633
0.9148375
0.9319699
0.9292174
0.9315411
0.9018101
0.9286364
0.9055871
0.9328134
0.9109654
0.9305695
0.9264701
0.9315502
0.9047451
0.9121731
0.9122137
0.9304809
0.887289
0.931775
0.9278701
0.8970494
0.8929535
0.9286313
0.9335854
0.9004136
0.9291959
0.8853688
0.9339391
0.9118294
0.932448
0.9318787
0.8916114
0.9025933
0.9035865
0.9029041
0.9175113
0.9143108
0.9293922
0.9353954
0.8964209
0.9261606
0.9252072
0.8972848
0.9292856
0.8990212
0.9384637
0.9039625
0.9035395
0.9084544
0.9013003
0.8961665
0.8968206
0.8990124
0.896257
0.909767
0.9020466
0.9088657
0.9058385
0.9086864
0.9034419
0.909017
0.9077354
0.9075824
0.9096653
0.9169207
0.8998929
0.9084127
0.9298167
0.8989089
0.899277
0.8981472
0.9016034
0.9343803
0.9008858
0.9318261
0.8920111
0.9271248
0.9333426
0.8951984
0.9101416
0.8999433
0.9245765
0.941403
0.9327089
0.906492
0.9056339
0.9051273
0.9016784
0.9098685
0.9041893
0.9113568
0.9069008
0.9014313
0.8974277
0.8982396
0.8985427
0.9070087
0.9133278
0.8912401
0.8979043
0.9119755
0.8971983
0.865728
0.8976104
0.8773775
0.9206467
0.8911942
0.9168613
0.8770313
0.9237787
0.8956436
0.9026321
0.8790647
0.9043747
0.9074402
0.908221
0.9007705
0.9088876
0.8929657
0.8984884
0.9197823
0.9121939
0.8914514
0.8662773
0.9091271
0.8890875
0.909948
0.8724855
0.9123151
0.8977858
0.8918787
0.9108
0.9221874
0.9052367
0.9179328
0.9106833
0.9013199
0.8932841
0.8691539
0.9080447
0.9057794
0.9116755
0.9088202
0.8745665
0.9189857
0.9020305
0.9197916
0.9194803
0.8969622
0.9039966
0.9058359
0.9027913
0.9077994
0.9152033
0.896928
0.895988
0.8902376
0.8945806
0.898784
0.8988665
0.8995918
0.8944206
0.8939527
0.8927433
0.9178542
0.9061581
0.9086323
0.8931047
0.916282
0.9186055
0.9193852
0.9146789
0.8903449
0.9125327
0.7641404
0.9157183
0.8938558
0.9004199
0.9101786
0.9200422
0.9087482
0.89488
0.897798
0.8919008
0.8988699
0.9139666
0.9015478
0.9041439
0.9006738
0.9061954
0.9180519
0.9007397
0.916447
0.916527
0.917514
0.922323
0.9185665
0.8982374
0.9255572
0.923396
0.8997716
0.9098235
0.932669
0.9249087
0.9339727
0.9067932
0.9235907
0.9096559
0.9335119
0.9072628
0.9267955
0.9250974
0.9323992
0.9051356
0.9122992
0.9136011
0.9280214
0.8922978
0.9240318
0.9224895
0.8960754
0.8995159
0.9299837
0.9277631
0.8919054
0.9220766
0.8891143
0.9327155
0.9096828
0.9245316
0.9257681
0.8994148
0.9084899
0.9074229
0.9038736
0.9174228
0.9148065
0.9233914
0.9321294
0.8988588
0.9257786
0.9243578
0.8972474
0.9294057
0.9067558
0.9329967
0.907131
0.9074697
0.910324
0.9052189
0.9026813
0.8984568
0.9062139
0.9002014
0.9105576
0.9107111
0.9091998
0.907924
0.9084069
0.9111784
0.9096186
0.9078442
0.9099568
0.9105688
0.92304
0.8994523
0.910189
0.9247609
0.8996382
0.8995026
0.9019401
0.9035134
0.926418
0.9038896
0.9316753
0.8976572
0.9197088
0.9255474
0.897088
0.9093707
0.9093547
0.9187684
0.9338153
0.928478
0.9108047
0.9083815
0.9047854
0.8994786
0.9093917
0.9042765
0.9112588
0.9125248
0.9000211
0.898753
0.8940643
0.9033237
0.905777
0.9140839
0.889918
0.8981841
0.9118736
0.8953308
0.8637753
0.8970873
0.8755733
0.920949
0.8919427
0.915756
0.8755076
0.9234313
0.8944367
0.9023413
0.8792661
0.9033394
0.9068314
0.9082818
0.90144
0.9096927
0.8944294
0.8974452
0.9186307
0.9116979
0.8899889
0.8667619
0.9078068
0.8899523
0.9114851
0.8725336
0.9126383
0.8973813
0.8923476
0.9103101
0.9216522
0.9047534
0.9177079
0.9101489
0.9017523
0.8947445
0.8675457
0.9077507
0.9064702
0.9113835
0.9076272
0.8734352
0.919635
0.9018607
0.9201715
0.9195572
0.8961593
0.905352
0.9064885
0.9032165
0.9085248
0.9153668
0.898138
0.896475
0.88964
0.8944654
0.8970187
0.8987041
0.8982662
0.8948311
0.8935556
0.8937235
0.918507
0.906698
0.9076384
0.8942409
0.9169795
0.9193371
0.9190032
0.9150359
0.8897059
0.9131985
0.7647664
0.91457
0.8938225
0.8999745
0.9090615
0.9187529
0.907006
0.8945611
0.8975113
0.8923155
0.8980316
0.9127421
0.9007061
0.9044501
0.8989075
0.9055842
0.916796
0.9004575
0.9161836
0.9168031
0.9177105
0.9224685
0.9194912
0.8993047
0.9237911
0.9253046
0.9046669
0.9107037
0.9288295
0.9235001
0.9301126
0.9046308
0.9228884
0.9072746
0.9350848
0.9064332
0.9225178
0.9273345
0.9319716
0.9050289
0.9116986
0.9110093
0.9244489
0.8868608
0.92412
0.9211167
0.8947499
0.893297
0.9259298
0.93097
0.8986878
0.9231671
0.8895533
0.9308713
0.9077524
0.9253345
0.9250569
0.8998872
0.9062151
0.9047952
0.8994757
0.9160672
0.9093979
0.9231063
0.9321822
0.9022229
0.9201242
0.9224666
0.8921635
0.9318205
0.9062696
0.9315141
0.9088829
0.9085015
0.9045583
0.9048464
0.9009528
0.8985022
0.9098873
0.9031155
0.9103757
0.9073016
0.9056624
0.9076635
0.9080706
0.9125295
0.9088988
0.9061562
0.9091996
0.9087007
0.9212027
0.8976159
0.9053581
0.9262951
0.8986389
0.9020277
0.9009817
0.8998908
0.9234436
0.9018358
0.927293
0.8952889
0.9146294
0.9254494
0.889222
0.9114134
0.9086774
0.9184017
0.9313184
0.926571
0.9078782
0.9056834
0.9042921
0.9001879
0.9101305
0.9045961
0.9102502
0.9074799
0.9003769
0.8982536
0.8945394
0.9066121
0.9055934
0.8915645
0.9200278
0.9195611
0.8946305
0.905519
0.9267696
0.9168513
0.9277302
0.8995678
0.9140863
0.8996129
0.9263051
0.9034626
0.9178822
0.9226256
0.9282202
0.8978754
0.9046014
0.9082335
0.9217041
0.8774732
0.9162517
0.9158629
0.888674
0.8885158
0.9225958
0.9284819
0.8909222
0.9159409
0.8824037
0.9310308
0.9015885
0.9184524
0.918982
0.892045
0.9009675
0.9014967
0.8940019
0.9111434
0.9094344
0.9195852
0.9279024
0.8908228
0.9200512
0.9219247
0.8871742
0.9286409
0.9009908
0.9272489
0.9034594
0.9036498
0.898559
0.8984402
0.8949498
0.8916735
0.9030461
0.8959009
0.9080981
0.9026671
0.8987288
0.9024842
0.9008817
0.9013632
0.8982615
0.9015454
0.9015933
0.9025716
0.9175868
0.8888608
0.8991561
0.918721
0.8941043
0.8947705
0.894935
0.8965346
0.9237969
0.8986077
0.9223786
0.8866657
0.9126128
0.9200435
0.8843026
0.9061118
0.9006405
0.914424
0.9259009
0.9239527
0.9012271
0.9031668
0.9002237
0.894799
0.9027279
0.9017554
0.9052245
0.8988931
0.8951427
0.8927845
0.8906556
0.8985396
0.9025572
0.9084014
0.9030752
0.9125022
0.9180282
0.8976107
0.860034
0.9014662
0.8441608
0.9190774
0.9059776
0.9180449
0.8477317
0.9217828
0.9138561
0.8904282
0.8474777
0.9064722
0.8974061
0.8953938
0.9032583
0.9165122
0.9061971
0.9157925
0.9108239
0.911279
0.8921889
0.8560239
0.9190432
0.9059471
0.9111095
0.861408
0.9174082
0.9071607
0.9127287
0.9065832
0.9217483
0.9131313
0.9199762
0.8971301
0.8995252
0.9146833
0.8357788
0.9091105
0.8988401
0.9072129
0.9093667
0.8483709
0.9148583
0.9115766
0.9215185
0.9216619
0.9048598
0.9097949
0.8978541
0.908144
0.9030662
0.9040958
0.9006719
0.8984965
0.8984738
0.8973445
0.8969547
0.8966272
0.8956718
0.898867
0.9027396
0.8984041
0.9253408
0.9144055
0.9106902
0.9063251
0.9210526
0.9215776
0.9167345
0.9184908
0.9065377
0.9144284
0.8629925
0.9155722
0.8978438
0.9203925
0.912235
0.9164298
0.9044442
0.8986147
0.9044741
0.9119212
0.9039366
0.9145586
0.9039562
0.9046812
0.9029808
0.9041847
0.9139281
0.9046733
0.911861
0.9110794
0.9131284
0.9240122
0.9167939
0.9090184
0.9173483
0.920094
0.9176339
0.9060756
0.9139391
0.9182321
0.9127867
0.9247456
0.9095841
0.9236258
0.9121817
0.9201894
0.9203434
0.9112523
0.9120172
0.9181169
0.9155994
0.915984
0.9186272
0.916024
0.9164924
0.9197417
0.919345
0.9116671
0.9149805
0.9183168
0.9191985
0.9127806
0.9120597
0.911913
0.9125691
0.9200979
0.9177611
0.9197051
0.92546
0.9193319
0.9161513
0.905027
0.9083998
0.9214437
0.9134785
0.9113527
0.8833847
0.8990196
0.9158139
0.9168354
0.9239335
0.9217207
0.9255162
0.9262992
0.9223814
0.9171901
0.9188877
0.917004
0.917537
0.9152212
0.918866
0.9137528
0.9152338
0.9134718
0.9106349
0.9136914
0.9099071
0.9170471
0.9180025
0.9179991
0.9305351
0.912835
0.9183376
0.9213319
0.919557
0.9208274
0.9219692
0.9195843
0.9194035
0.920597
0.9136269
0.91394
0.9133515
0.9226374
0.9130673
0.91949
0.9183687
0.9101938
0.9213589
0.918883
0.915566
0.9231626
0.9120819
0.9133858
0.9158278
0.9124009
0.924812
0.9182238
0.9194672
0.9181858
0.9204804
0.9235806
0.9165927
0.8882836
0.9133781
0.9198153
0.8976462
0.8984707
0.9118212
0.911985
0.9043242
0.8528589
0.9109112
0.8630637
0.9048872
0.9050789
0.9180166
0.8974965
0.9062925
0.8466892
0.8912455
0.8909472
0.9127545
0.8863242
0.9146587
0.920665
0.8907159
0.8781479
0.9042679
0.9112533
0.8967957
0.9120312
0.8850007
0.8961799
0.9021958
0.9092307
0.9156448
0.8235898
0.8670407
0.8498093
0.9037773
0.887525
0.8924867
0.9202187
0.9063138
0.8841891
0.9015141
0.908351
0.8915598
0.9056933
0.84295
0.920053
0.8651783
0.8643242
0.843242
0.8358504
0.8088303
0.8290582
0.8260886
0.7417343
0.8583876
0.8357841
0.8430057
0.8336753
0.8416259
0.8352525
0.8442296
0.8446693
0.8359141
0.8415998
0.886839
0.8899142
0.8938346
0.9198796
0.8970808
0.8981119
0.8981929
0.8974797
0.9142837
0.8913945
0.9112595
0.8940463
0.8974451
0.9223519
0.8855791
0.9050837
0.8342881
0.8968165
0.9160608
0.9228729
0.8421486
0.8567013
0.8661936
0.8818568
0.8788465
0.8845158
0.8711907
0.8414128
0.8892318
0.8889089
0.8936033
0.9036048
0.8949703
0.8828543
0.9156487
0.91669
0.8959043
0.8965774
0.9104584
0.912631
0.9031555
0.8457616
0.9075967
0.8623217
0.9061512
0.9021889
0.9179585
0.9015789
0.9073863
0.8447942
0.890558
0.8895759
0.9097212
0.8796091
0.9146449
0.9182542
0.8868793
0.8836702
0.906155
0.9114391
0.8964602
0.9109918
0.8806153
0.900431
0.8957756
0.9109377
0.9153546
0.819777
0.8628202
0.8444139
0.8985354
0.8872009
0.8921174
0.9199678
0.9072533
0.8850837
0.9087306
0.9093337
0.8871338
0.9079877
0.8386004
0.9192176
0.8583008
0.858191
0.8406294
0.8278369
0.7975997
0.8256759
0.8245654
0.6939646
0.853886
0.8355781
0.8357808
0.8332954
0.8396237
0.8360183
0.8450947
0.8415346
0.8323099
0.8386781
0.8825721
0.8888648
0.8934671
0.920723
0.896905
0.8945134
0.8930228
0.8947106
0.9147306
0.8869741
0.9112521
0.8893693
0.8997595
0.9228529
0.8847374
0.9017491
0.8307425
0.8961221
0.9161997
0.9208138
0.8431446
0.8512327
0.8670652
0.8855459
0.8827288
0.8830563
0.8650298
0.841027
0.888869
0.8893831
0.8931959
0.9017829
0.8996694
0.8802589
0.9055718
0.9091103
0.8870793
0.8947368
0.9087322
0.9073809
0.9087914
0.8978714
0.896969
0.8952418
0.9079708
0.8972293
0.9095904
0.9026652
0.9111501
0.8839971
0.8888324
0.8855179
0.9105207
0.8540848
0.9047244
0.9079234
0.8791073
0.8752675
0.906708
0.9047071
0.8505042
0.9030823
0.8666176
0.9080892
0.8921769
0.9097607
0.9040618
0.8836796
0.8942497
0.8918463
0.8904565
0.8969736
0.8919761
0.9099641
0.9085193
0.8743689
0.910175
0.9080608
0.8719856
0.9072604
0.8954255
0.9102862
0.9001807
0.8999079
0.8814514
0.8875237
0.8883562
0.8812452
0.8865361
0.8862367
0.8865603
0.8833547
0.8816054
0.8795039
0.882587
0.8863562
0.8848469
0.8870633
0.8813913
0.878368
0.9056604
0.8712684
0.8857895
0.907273
0.8793529
0.8803086
0.8803372
0.8766953
0.9083104
0.8801843
0.9044471
0.8754054
0.8971627
0.9089022
0.8689261
0.8937131
0.8877201
0.8991645
0.9112719
0.9108131
0.8861942
0.893646
0.8825865
0.8768858
0.8956443
0.888966
0.8983063
0.8869076
0.8825749
0.8806481
0.8818983
0.8935045
0.8946365
0.8747824
0.8965009
0.8957327
0.8677103
0.889644
0.9109149
0.8993813
0.9243808
0.9003803
0.8846976
0.8931002
0.9203939
0.8922801
0.8936348
0.9130984
0.9203628
0.8809186
0.8901059
0.897448
0.9068657
0.8282569
0.8920626
0.8910959
0.8706398
0.8695264
0.9034465
0.905909
0.8150251
0.8901484
0.8535902
0.9212294
0.8861574
0.903034
0.8898428
0.8869237
0.887427
0.8873524
0.8716137
0.9094399
0.8992388
0.8961794
0.9186739
0.8668601
0.9162622
0.9159155
0.8550119
0.918683
0.9011165
0.9107156
0.8926784
0.8926019
0.8763031
0.8781548
0.8787315
0.8761783
0.8828275
0.8907682
0.8845336
0.8800382
0.8744597
0.8806541
0.8891354
0.88277
0.8903771
0.8805378
0.8785974
0.8776613
0.9048277
0.862811
0.8706046
0.890599
0.8694009
0.8696693
0.8750503
0.8679558
0.8891362
0.8696175
0.9045843
0.8564264
0.8945529
0.8911458
0.8568229
0.8904222
0.8882208
0.8974108
0.9106322
0.9017857
0.8774503
0.8911707
0.8811204
0.8705595
0.8821933
0.8807495
0.896109
0.8788497
0.8718693
0.8716288
0.8722624
0.880196
0.8860746
0.8698929
0.8931891
0.8958913
0.8660836
0.8852044
0.9044498
0.8958652
0.9144822
0.8969326
0.8900776
0.8910602
0.912101
0.8832626
0.8985182
0.9050589
0.9115394
0.8780095
0.8845533
0.888278
0.9035657
0.8321895
0.8941843
0.8977849
0.8677652
0.8613426
0.9000328
0.9034418
0.8169042
0.8919368
0.8494175
0.9101298
0.8782812
0.9004154
0.8896585
0.8820223
0.8851865
0.8857547
0.8721215
0.8981788
0.8879833
0.8934548
0.9087002
0.8609987
0.914211
0.9088099
0.8538649
0.912944
0.8945877
0.9096025
0.892788
0.8930286
0.8714943
0.8764727
0.8760533
0.8714081
0.8813634
0.8810405
0.8830633
0.8730165
0.8681495
0.8753054
0.8802118
0.8753152
0.8807201
0.8715559
0.8697994
0.8706122
0.9035266
0.8565455
0.8734734
0.8916301
0.8727259
0.8700114
0.8735438
0.8687115
0.8871618
0.8704096
0.9015367
0.8628787
0.8845289
0.892347
0.8516374
0.890128
0.8887638
0.8867931
0.9120257
0.899546
0.8748805
0.8902364
0.875967
0.8644182
0.8777786
0.871943
0.8893966
0.8761723
0.8682159
0.8684279
0.8699915
0.8812758
0.8865333
0.8788715
0.9028683
0.9039997
0.8795434
0.8925227
0.9089117
0.9034807
0.9162581
0.9012988
0.8968046
0.9020858
0.9116875
0.8908635
0.9050857
0.9113938
0.914585
0.885417
0.8930961
0.8955272
0.9050397
0.8572014
0.9002693
0.9063883
0.8802635
0.8762795
0.9046057
0.9100204
0.8501598
0.9011968
0.867103
0.9124775
0.8875535
0.9064064
0.9007808
0.8856668
0.8997869
0.8910128
0.8879591
0.9045361
0.8991875
0.9055129
0.9147364
0.8742222
0.9130313
0.9124913
0.8724199
0.9102829
0.8996949
0.915032
0.899823
0.8996673
0.8824431
0.8885234
0.8861545
0.8855389
0.8911457
0.8904253
0.8933478
0.8849112
0.8848805
0.8870645
0.8926107
0.8931486
0.8895503
0.8849183
0.8836463
0.8801872
0.9093436
0.8726655
0.8869202
0.9028125
0.8833724
0.8843367
0.8843594
0.8792427
0.9013056
0.88361
0.9053835
0.8763232
0.8985937
0.9041445
0.8713598
0.8943014
0.8886884
0.8996352
0.9146425
0.9093651
0.8808589
0.8924966
0.8855577
0.8817817
0.8907548
0.893733
0.8999398
0.8862308
0.8837184
0.8817181
0.8860682
0.8934259
0.8928841
0.8781152
0.9051988
0.9066012
0.8767213
0.9007238
0.9184754
0.9028397
0.9241243
0.9000035
0.8950278
0.9023863
0.9247147
0.8960733
0.900036
0.9177802
0.9246549
0.8885767
0.8988198
0.9054587
0.9137998
0.8477329
0.9020325
0.9026967
0.8805356
0.874193
0.9125519
0.9143966
0.8240972
0.8982821
0.8690848
0.9243018
0.8895794
0.9077338
0.8977248
0.8944102
0.8960895
0.8904837
0.886633
0.9114078
0.9059429
0.9057762
0.9244022
0.8757401
0.9192534
0.9193264
0.8743834
0.9222555
0.9034973
0.9198619
0.8997345
0.8996567
0.8874268
0.8887499
0.8881484
0.8846807
0.8933223
0.8968661
0.8955386
0.8891512
0.8847459
0.8914518
0.8992816
0.8953008
0.9000791
0.8896031
0.8878515
0.886647
0.9135006
0.8711514
0.884296
0.9028412
0.8761358
0.8796973
0.8817173
0.8753054
0.8990376
0.8840377
0.9114968
0.8719597
0.9080579
0.9004217
0.87176
0.8962889
0.8953334
0.9042943
0.9156539
0.9097037
0.8868729
0.8988716
0.8889733
0.8764354
0.8898973
0.8889984
0.9022235
0.8872625
0.8896574
0.889294
0.8856131
0.8931026
0.8925138
0.8716316
0.9031982
0.9049145
0.872991
0.8882112
0.9141798
0.9052673
0.9166963
0.892973
0.8966231
0.8911497
0.9186263
0.888494
0.9038083
0.9082237
0.917262
0.8740925
0.8867554
0.8923401
0.9058347
0.8330415
0.9044946
0.9073018
0.8690091
0.8662432
0.9065928
0.9119421
0.8285649
0.8976814
0.8584395
0.9166636
0.8844031
0.9089766
0.9016888
0.8818878
0.884632
0.8817702
0.8759216
0.9010015
0.8959115
0.9061152
0.9152935
0.8618007
0.9130083
0.9124687
0.8619072
0.9147834
0.8923648
0.9125729
0.8895835
0.8901024
0.8803803
0.8831537
0.878976
0.8740562
0.8861207
0.8859007
0.8858967
0.8741398
0.8728988
0.8786767
0.8810688
0.8778676
0.8823916
0.8744342
0.8794599
0.8757707
0.9067447
0.859431
0.8760953
0.9042375
0.8703846
0.8743697
0.8732559
0.8733701
0.9012048
0.8744307
0.9077631
0.8617742
0.9002021
0.903453
0.8555419
0.8876071
0.8895498
0.8965455
0.9155607
0.9103478
0.8783951
0.8868182
0.8798468
0.8685037
0.881527
0.8761578
0.891399
0.8807193
0.8759662
0.873678
0.875082
0.8839308
0.8865726
0.8795962
0.9047415
0.9001864
0.8826512
0.8925347
0.9129035
0.904385
0.9198225
0.9028476
0.8966258
0.9011048
0.9192624
0.8967352
0.907477
0.9086498
0.9197768
0.8866225
0.889608
0.8956263
0.9067938
0.8615568
0.905144
0.9042363
0.8769709
0.8768351
0.9053171
0.9090159
0.7915478
0.8978445
0.8681837
0.9170326
0.8877952
0.9045123
0.8971481
0.893005
0.897617
0.8924943
0.8838004
0.9037069
0.8959523
0.9083256
0.9144483
0.875189
0.9101314
0.90855
0.8745744
0.9184447
0.9035436
0.9159974
0.8980527
0.8978968
0.8825552
0.8905143
0.8895659
0.8875885
0.8901951
0.8945926
0.8890834
0.884621
0.8816455
0.8852747
0.8911372
0.890379
0.8920145
0.8844241
0.8829445
0.8826691
0.9091999
0.8730077
0.8875622
0.9043366
0.8829599
0.882017
0.8869358
0.8805297
0.896724
0.8870419
0.9054245
0.879363
0.8958992
0.9017712
0.873066
0.8924256
0.8946479
0.8928103
0.9111095
0.9082882
0.8862393
0.8986335
0.8880621
0.879761
0.8911661
0.8864086
0.8983647
0.8850596
0.8867412
0.8872178
0.887837
0.891953
0.8906561
0.8712068
0.8966049
0.897503
0.8735192
0.8862558
0.9021751
0.8976082
0.9177168
0.8917934
0.8873337
0.8942411
0.9153515
0.8910075
0.8965032
0.9058265
0.9149293
0.8750319
0.8813033
0.8884719
0.9028451
0.8322089
0.8962944
0.8969677
0.8718222
0.8621307
0.9022619
0.9034649
0.8292926
0.8927032
0.8482627
0.9111544
0.8834773
0.8992602
0.8953157
0.883549
0.8848343
0.8812032
0.8742892
0.8986706
0.8898723
0.8998888
0.9132192
0.8641145
0.9133706
0.907237
0.8607998
0.9119835
0.8954102
0.910302
0.8892305
0.8894329
0.8721663
0.8806599
0.8755831
0.8742976
0.8832989
0.8855391
0.8799281
0.8703909
0.8724354
0.8746271
0.8822113
0.8809934
0.8831264
0.8745121
0.8698992
0.8718724
0.9003584
0.8559973
0.8680199
0.8945134
0.8751046
0.8740765
0.8764942
0.874927
0.894773
0.8697247
0.9030404
0.8565768
0.8912434
0.899112
0.8519321
0.8877693
0.8867031
0.8880532
0.9138518
0.9028145
0.8734265
0.8880219
0.8750825
0.867951
0.879764
0.8756142
0.893617
0.8753736
0.8701503
0.8667846
0.8730217
0.8856352
0.8869379
0.8834279
0.9072977
0.9110545
0.8881219
0.8907737
0.9097612
0.9082165
0.9140864
0.9060519
0.9042365
0.8981383
0.9152658
0.895409
0.9127793
0.9115793
0.9153079
0.8908614
0.8945297
0.8961203
0.9078271
0.8672135
0.9113969
0.9102286
0.8826605
0.8772298
0.9065276
0.9115663
0.8011366
0.9043883
0.8776268
0.9128252
0.8900653
0.9096163
0.9065304
0.8960392
0.9003656
0.8956013
0.8879554
0.9005009
0.9000503
0.9092784
0.9101756
0.879789
0.9101096
0.908418
0.8816678
0.9167168
0.9044289
0.9189637
0.9005941
0.9003218
0.8907003
0.8969957
0.8922652
0.8882247
0.8922955
0.8970293
0.89702
0.8895623
0.8850403
0.8885173
0.8888728
0.8957859
0.8892236
0.8910198
0.8907603
0.8894407
0.9124702
0.8785421
0.8924196
0.9118126
0.8871061
0.8862297
0.8884165
0.8842676
0.9043709
0.886123
0.9079335
0.8855226
0.8978699
0.9088764
0.8780336
0.8948451
0.8977891
0.89688
0.9168653
0.9115564
0.8894096
0.9018453
0.8946194
0.8805539
0.8979033
0.8884388
0.9027302
0.8903903
0.8911026
0.8895823
0.8905508
0.8968786
0.8887203
0.871445
0.8969327
0.8963261
0.8738785
0.8842492
0.9017554
0.8958635
0.9171318
0.8932638
0.8877443
0.893934
0.9136251
0.8909737
0.8980667
0.9052509
0.9132128
0.8739127
0.8816276
0.8879889
0.9022744
0.8304612
0.895628
0.8980121
0.8712711
0.8610031
0.9026753
0.9039957
0.8264479
0.8898778
0.8473211
0.9124991
0.8839605
0.8983543
0.8946295
0.8820068
0.8861999
0.8787219
0.8766821
0.9004729
0.8880605
0.9002585
0.9113756
0.8607888
0.9135116
0.9074489
0.8584097
0.910223
0.8954202
0.9084225
0.8903468
0.8904296
0.8711131
0.8788776
0.8745071
0.8734649
0.8796013
0.8836346
0.8805406
0.8702101
0.871465
0.8719976
0.8779057
0.8800441
0.8799311
0.8725494
0.8665332
0.8695668
0.9018161
0.8536906
0.8673394
0.8958745
0.8720964
0.8725393
0.8757072
0.8716615
0.8950228
0.8711879
0.902462
0.8579468
0.8893878
0.8992847
0.8501798
0.8837001
0.8867453
0.8883814
0.9114706
0.904046
0.875064
0.8853772
0.8745779
0.8652048
0.8769169
0.875938
0.8916089
0.8754879
0.8678926
0.8640027
0.8703242
0.8832556
0.8878268
0.8781117
0.9029771
0.8985247
0.8804237
0.8988428
0.9124678
0.9027228
0.9192758
0.9012092
0.8911764
0.8996551
0.9190592
0.8914681
0.9018917
0.9102212
0.9173433
0.8870257
0.8963075
0.8990169
0.9062044
0.8534593
0.8978768
0.9048199
0.8841164
0.8733077
0.9064561
0.9062646
0.8439015
0.8958259
0.8618648
0.9162304
0.8893168
0.9017284
0.8929647
0.8907681
0.8892562
0.8916182
0.8868046
0.9046094
0.9009926
0.9019369
0.9152548
0.8720337
0.9174267
0.9139018
0.8751143
0.9137011
0.8998365
0.9113032
0.8960891
0.8966008
0.8801408
0.885012
0.8857505
0.8797818
0.8873871
0.8924754
0.8890428
0.8825403
0.8829581
0.8842567
0.8853582
0.8851799
0.8828522
0.8844664
0.880819
0.8745674
0.9076918
0.8695862
0.8813098
0.9018611
0.8806122
0.8778974
0.8819641
0.8794729
0.9010957
0.8788917
0.9071563
0.8729758
0.899573
0.901569
0.865947
0.8925428
0.8921364
0.9029151
0.9150896
0.9055163
0.8827185
0.8920306
0.8837286
0.8798871
0.8890668
0.8858787
0.8979309
0.8854641
0.881643
0.8812195
0.8818188
0.8906582
0.8893712
0.8709737
0.8982821
0.8994901
0.8807558
0.8885157
0.9072386
0.8982637
0.909557
0.9009063
0.8917269
0.8963549
0.9120312
0.8874051
0.8995736
0.8985002
0.9109718
0.8873963
0.884808
0.8915096
0.9014785
0.8542279
0.8965987
0.9042208
0.8696893
0.8696599
0.8993724
0.9063203
0.8410781
0.8953526
0.865948
0.9076003
0.8855655
0.9010201
0.8969744
0.8934549
0.8969774
0.8937353
0.8821929
0.8983307
0.889848
0.8985227
0.9127075
0.874615
0.9091995
0.9127075
0.8701417
0.9095074
0.8978262
0.9086105
0.8994744
0.8992806
0.882879
0.8882516
0.8871692
0.8830654
0.8875157
0.8903435
0.8874691
0.8871938
0.8823422
0.8831471
0.8885598
0.8870241
0.8836998
0.8832345
0.8812332
0.8834786
0.9044703
0.8714485
0.8807085
0.8941126
0.8804587
0.8831094
0.8836975
0.8787572
0.8977861
0.8810768
0.9042209
0.8718396
0.8896028
0.9036576
0.8716402
0.8934235
0.8906867
0.8891673
0.9069387
0.9034368
0.8883776
0.8939459
0.8828688
0.8749817
0.8883015
0.8848399
0.8945577
0.8874448
0.8865542
0.8840124
0.8834727
0.8898669
0.8908046
0.8768788
0.9086033
0.9146324
0.8879397
0.8889248
0.9052749
0.906048
0.9032107
0.8984106
0.9037787
0.8945582
0.9020549
0.8976125
0.9118874
0.8978062
0.8980894
0.8881225
0.8779941
0.8749538
0.9063757
0.8616146
0.9084774
0.9137833
0.8711208
0.8725657
0.898929
0.9089083
0.8551383
0.9067405
0.8707758
0.8980078
0.8890089
0.9087439
0.9131784
0.8896992
0.8982175
0.8907542
0.8919044
0.8921044
0.8906318
0.9143759
0.9032748
0.8724175
0.906045
0.9090941
0.8656606
0.9020722
0.8966341
0.9144358
0.8976328
0.8976728
0.8827725
0.8917944
0.8849551
0.8848215
0.8847784
0.8844713
0.8893386
0.8809943
0.8804272
0.8747602
0.879981
0.8772169
0.8791717
0.8829258
0.8789814
0.8807178
0.9093633
0.8763457
0.8832645
0.9083241
0.881434
0.8826801
0.8805514
0.8788298
0.9068249
0.8763472
0.9057115
0.8773355
0.885998
0.9207784
0.8720438
0.8896273
0.8907096
0.8862512
0.9162471
0.9134425
0.8846349
0.8972674
0.8833327
0.8769338
0.8900891
0.8787778
0.8984539
0.8861204
0.8768759
0.873473
0.8794277
0.8934901
0.8882973
0.871103
0.8995094
0.9003297
0.8780905
0.8905751
0.912069
0.9006135
0.9158416
0.8974843
0.8929054
0.8971343
0.9154393
0.8871037
0.8999027
0.9053843
0.9187593
0.8818403
0.8897976
0.8940489
0.9036183
0.8434286
0.8995716
0.9028844
0.8729215
0.8716657
0.900261
0.907001
0.8413819
0.8964479
0.8666323
0.913795
0.8904233
0.9036249
0.8952112
0.8846419
0.8913956
0.8871701
0.8829458
0.9033757
0.8925374
0.8983697
0.9148191
0.8708925
0.9159348
0.9069662
0.8672684
0.9170451
0.9000995
0.9145268
0.8958422
0.8958437
0.8766272
0.8863204
0.8772914
0.8807863
0.8843101
0.8897777
0.8863503
0.8773078
0.8753686
0.8842848
0.886482
0.881934
0.8850831
0.8830247
0.877104
0.8790113
0.9053246
0.8665452
0.8810128
0.8981432
0.8777907
0.8773102
0.8792645
0.8763918
0.8994982
0.874289
0.907816
0.872591
0.8964065
0.9017168
0.8650509
0.8949726
0.8876344
0.8945685
0.9155915
0.9052327
0.8831523
0.8895483
0.8813931
0.8740561
0.8792641
0.8833689
0.8961932
0.8829459
0.8759911
0.8758007
0.8758855
0.8879705
0.8891985
0.8878293
0.9015538
0.9036278
0.888605
0.8906216
0.9091724
0.9033418
0.920938
0.9073931
0.8933547
0.903968
0.9161286
0.8968421
0.9062824
0.9150245
0.9175148
0.8942911
0.8959801
0.9000397
0.9054891
0.8696086
0.8981055
0.9042572
0.8858552
0.886445
0.9043098
0.9125
0.87123
0.8933985
0.8802679
0.9137052
0.8982301
0.9029084
0.896687
0.8968854
0.9031171
0.897823
0.8979027
0.90432
0.8939049
0.9007428
0.915506
0.8837915
0.9152763
0.9117627
0.8792978
0.9142999
0.9051928
0.9133758
0.9074654
0.9075781
0.8868296
0.894735
0.8910791
0.8876259
0.8919862
0.8979174
0.8936348
0.8861664
0.8882051
0.889087
0.8950143
0.8912213
0.8943731
0.8917919
0.8900828
0.8892843
0.9104824
0.8816132
0.8897202
0.8970361
0.8901466
0.8898473
0.8902619
0.8884518
0.8989822
0.8900985
0.906944
0.8842718
0.8915039
0.9027833
0.8827576
0.8944263
0.8967397
0.8971366
0.9114407
0.9051899
0.8900956
0.9003844
0.8886634
0.8874259
0.8933295
0.895427
0.9085855
0.894416
0.8957242
0.8946195
0.8914757
0.8985991
0.8968254
0.8733005
0.901148
0.9043214
0.8787251
0.8912357
0.9082645
0.9017883
0.9146311
0.8964092
0.8924044
0.8944792
0.9152713
0.8871276
0.9051752
0.904376
0.9158939
0.8861515
0.8880029
0.8917394
0.8999928
0.8478056
0.900942
0.90558
0.875586
0.8679975
0.9018791
0.9062017
0.8381373
0.8986835
0.8629656
0.9124251
0.8914043
0.9040868
0.8991572
0.8864426
0.8921748
0.8871136
0.8848559
0.9010255
0.8936848
0.9052899
0.9139912
0.8690737
0.9123691
0.9105802
0.8666224
0.9137956
0.8988328
0.9144751
0.8957095
0.8960253
0.8781769
0.8855439
0.8772736
0.8776284
0.8824298
0.8927282
0.8884875
0.8804607
0.877213
0.8784837
0.8861815
0.8873502
0.8852698
0.8823529
0.8799677
0.8773464
0.9040703
0.8634397
0.8810362
0.899591
0.8789145
0.878071
0.8782666
0.8767428
0.897892
0.8776461
0.9066594
0.8717883
0.895389
0.9060827
0.870049
0.8926344
0.8861264
0.895236
0.9138469
0.9066244
0.8840274
0.8900514
0.881784
0.8723341
0.8842455
0.8815843
0.8969248
0.8823615
0.879576
0.8777546
0.8792645
0.8864533
0.8839721
0.8716911
0.8951781
0.9021665
0.8763803
0.8851081
0.8991661
0.8975334
0.9092311
0.8934482
0.8864547
0.8902689
0.9114463
0.8901593
0.9004037
0.9073201
0.9113978
0.8813627
0.8877915
0.8914105
0.9019601
0.8495012
0.890886
0.9005829
0.8667208
0.8720021
0.8976868
0.9029301
0.8322163
0.8930949
0.8561215
0.907936
0.8824361
0.897827
0.8916946
0.8818136
0.888501
0.8842856
0.8809008
0.8996346
0.8927976
0.9013614
0.9078597
0.8674121
0.9093385
0.9113867
0.865342
0.9124884
0.8937502
0.9077944
0.8943275
0.8940929
0.8765091
0.8821578
0.877216
0.8747806
0.8816856
0.8843381
0.8823983
0.8733331
0.8786418
0.8739102
0.8788979
0.8802576
0.8793211
0.8759124
0.8764492
0.8716888
0.9010344
0.8676804
0.8768631
0.8931937
0.8797951
0.878137
0.8768989
0.8731863
0.894691
0.8784003
0.9020639
0.8734182
0.8890433
0.897605
0.8603198
0.8924317
0.885065
0.890512
0.9093794
0.9024783
0.8795783
0.8912012
0.8800527
0.8737277
0.8821891
0.8784722
0.8965296
0.879786
0.8784982
0.8772456
0.8764246
0.88972
0.8896572
0.8730679
0.8892482
0.8958145
0.8706034
0.8813048
0.9063642
0.8902479
0.9150095
0.8996537
0.8823006
0.8970583
0.9110555
0.8923487
0.8908407
0.9049114
0.9135918
0.8795128
0.8832329
0.8918919
0.9013695
0.8391195
0.8859623
0.8932184
0.8703354
0.8685812
0.8960155
0.9040878
0.821552
0.8844697
0.8567691
0.9140475
0.8785941
0.8946577
0.8844285
0.8840093
0.8928456
0.884614
0.8776764
0.90198
0.8898466
0.8934554
0.9107246
0.8666642
0.9139633
0.9139047
0.8559246
0.9140527
0.8975185
0.9093803
0.8963519
0.8967871
0.872477
0.8815451
0.8776415
0.8737504
0.8809837
0.8925629
0.8842458
0.8744996
0.8713648
0.8771599
0.8805696
0.8805336
0.8815731
0.871198
0.8713702
0.8703373
0.9019335
0.8641744
0.8690524
0.886493
0.8739043
0.8748942
0.8779406
0.8742187
0.8886242
0.8739254
0.9009446
0.8646998
0.8842323
0.8917792
0.8625112
0.8855248
0.8866152
0.8867049
0.9074924
0.8981221
0.8767632
0.886815
0.881066
0.8690348
0.8804115
0.8796561
0.8943707
0.8805071
0.8744345
0.8738251
0.8773827
0.8826269
0.8879866