0.9073641
0.7887108
0.787452
0.7953767
0.7949636
0.7958771
0.8914839
0.8864914
0.9029098
0.8902513
0.8989409
0.7487923
0.8916858
0.8189378
0.8872726
0.8989993
0.885783
0.7461046
0.8997381
0.8902022
0.8849593
0.8808695
0.7501022
0.885203
0.9059691
0.8743975
0.9070135
0.899717
0.8582887
0.7434167
0.8804642
0.8934975
0.8975765
0.8934196
0.8846814
0.7711824
0.9112787
0.893743
0.9061244
0.8976409
0.8953426
0.8887202
0.8815991
0.8928341
0.8809766
0.7363922
0.900699
0.8913239
0.8832446
0.7418385
0.9003935
0.8825523
0.8957212
0.737473
0.7642371
0.7468759
0.8973981
0.8156143
0.8024036
0.8143936
0.8014364
0.8204167
0.8084736
0.8895383
0.8916076
0.9061434
0.903248
0.9014727
0.900401
0.9017256
0.910966
0.8951806
0.8961582
0.9037527
0.8985687
0.8906678
0.9053263
0.9085681
0.8909585
0.9169302
0.8986898
0.9095981
0.8803954
0.8851401
0.88501
0.7816028
0.9354078
0.702832
0.9079636
0.9065431
0.8146495
0.8733892
0.8877603
0.8829939
0.8898824
0.8908112
0.9062278
0.8938603
0.8892732
0.8762122
0.9133429
0.7972973
0.7963743
0.8021594
0.8022586
0.8043945
0.8970721
0.8950038
0.9104886
0.8929492
0.9014633
0.7690539
0.8960452
0.8255013
0.8928584
0.9028
0.8923022
0.77189
0.9039001
0.8972983
0.8914586
0.8906605
0.7674642
0.8908411
0.913731
0.8826874
0.9116644
0.9049685
0.8645178
0.7672918
0.8847853
0.8978814
0.9014914
0.8979556
0.8946139
0.7861158
0.9133231
0.8992836
0.9147834
0.9024622
0.8980305
0.8941618
0.88674
0.8940679
0.8865083
0.754778
0.9115659
0.8906754
0.8969551
0.7604993
0.9089196
0.8875522
0.8948889
0.7627926
0.7835425
0.772816
0.8978535
0.8239891
0.8155485
0.8184453
0.8107744
0.8249064
0.8216253
0.8999497
0.8957529
0.9098725
0.9097341
0.9090293
0.90237
0.9121054
0.9200452
0.9012846
0.9050005
0.9080202
0.908371
0.9027244
0.9137358
0.9136517
0.8940885
0.9181978
0.901358
0.9115427
0.884717
0.8879899
0.8917516
0.7933002
0.9334875
0.7329009
0.9163694
0.9115262
0.8176103
0.8795435
0.892519
0.894716
0.8926254
0.8953571
0.9084552
0.8974995
0.8903463
0.8827454
0.894308
0.8955777
0.894456
0.9177863
0.9174306
0.9187736
0.9105111
0.8993837
0.8272686
0.9138749
0.9197612
0.9082275
0.9052977
0.9071127
0.9127759
0.9146889
0.9042705
0.8971531
0.9037285
0.9069218
0.899374
0.8955063
0.8992996
0.9109417
0.8305272
0.9079429
0.9022931
0.9018839
0.8967563
0.8955004
0.8956466
0.9213746
0.8265228
0.9064959
0.8988724
0.8982694
0.9193983
0.901218
0.8303658
0.9108276
0.9113893
0.9049791
0.9032671
0.9102645
0.8965689
0.895793
0.8982964
0.9084854
0.9059197
0.9000822
0.8237211
0.9055922
0.9070768
0.8913161
0.896628
0.8983942
0.9107181
0.9030363
0.9083878
0.9156281
0.9073145
0.9156807
0.9089118
0.9087572
0.8992801
0.8307165
0.8880627
0.9029492
0.9030631
0.8995377
0.8966911
0.8902784
0.8923372
0.9054753
0.8896949
0.8904821
0.8945947
0.9092452
0.9062325
0.9215329
0.9124131
0.8364277
0.8975158
0.9152865
0.9136993
0.9034034
0.9526189
0.8973058
0.8958249
0.9167688
0.9085441
0.8885634
0.9041383
0.9172239
0.8990839
0.9036444
0.9223803
0.9065369
0.901949
0.8929649
0.9179831
0.9142002
0.910095
0.9184299
0.9175546
0.9186275
0.9003682
0.9019455
0.918848
0.9263605
0.9324549
0.9216383
0.9149335
0.9110043
0.9101408
0.9132803
0.9141596
0.9152821
0.9019938
0.9132825
0.9117668
0.9029515
0.9104577
0.914119
0.9239425
0.9117842
0.9175847
0.9119499
0.9075253
0.911197
0.9094426
0.9159187
0.9146008
0.9154386
0.9060535
0.9067445
0.7703701
0.904002
0.9172015
0.9194889
0.9143755
0.915513
0.9128959
0.9163499
0.9124263
0.9125574
0.9175461
0.9122519
0.9025501
0.908159
0.9195873
0.9137148
0.9187147
0.9067082
0.912963
0.9120629
0.9158321
0.910804
0.9097628
0.9155772
0.9121305
0.9158551
0.9145578
0.9023426
0.9055395
0.9232967
0.9120272
0.9055202
0.909839
0.9117212
0.9229747
0.9050646
0.9098921
0.9077766
0.9083176
0.904428
0.9196085
0.9187758
0.9137627
0.930933
0.9192045
0.9255759
0.9086462
0.9059334
0.9084532
0.9094386
0.9350292
0.911403
0.9182354
0.9089009
0.912644
0.9057184
0.9136238
0.9099609
0.9142518
0.9154361
0.9283781
0.909512
0.9146875
0.9131196
0.91392
0.9111741
0.9081463
0.9182857
0.9179231
0.9189858
0.889964
0.8926523
0.9207306
0.928188
0.9337594
0.916551
0.9119382
0.9119414
0.9014983
0.918347
0.9184492
0.9138787
0.8563987
0.9144326
0.9143361
0.8963055
0.9072519
0.9178944
0.9257479
0.9191109
0.8792357
0.8685135
0.906559
0.9100636
0.9162928
0.9203345
0.9164542
0.9173763
0.8955022
0.9082483
0.9124139
0.9048407
0.9204998
0.9194879
0.9175772
0.9243197
0.913145
0.9199434
0.9174302
0.9102092
0.9024655
0.9224765
0.893098
0.9068183
0.9208297
0.9189102
0.9246265
0.9049198
0.9105577
0.9117806
0.9220298
0.9115035
0.9125489
0.91388
0.9138394
0.9150224
0.9132983
0.8901708
0.900385
0.9239383
0.8807831
0.873106
0.8728432
0.8774894
0.9069259
0.8763666
0.8753095
0.8696828
0.8810764
0.8698604
0.8948509
0.9131169
0.9198519
0.9333079
0.9279311
0.926276
0.9145877
0.9078176
0.9174417
0.9124169
0.9321217
0.9082347
0.9122891
0.8745798
0.9125353
0.9021466
0.921092
0.9079619
0.9189932
0.9227244
0.9315837
0.9082831
0.917221
0.9163378
0.9162986
0.8843491
0.8857164
0.9004686
0.9009613
0.9015742
0.9035043
0.8952074
0.905468
0.8953732
0.9001096
0.8988182
0.8835071
0.8905396
0.8941309
0.894085
0.8776184
0.8911114
0.9118821
0.8838186
0.8773959
0.8948492
0.8904477
0.8764745
0.904593
0.8828131
0.913523
0.9147475
0.8839832
0.8895429
0.883827
0.8895068
0.9007079
0.8860998
0.9018826
0.8894158
0.919453
0.89557
0.9053205
0.890711
0.8875022
0.8714469
0.8805916
0.8924035
0.8755526
0.8906963
0.9198591
0.8679662
0.9054176
0.8923255
0.9025707
0.8576481
0.8705239
0.8855512
0.8892785
0.8883118
0.8814301
0.8914201
0.892351
0.9008285
0.8912863
0.898498
0.8926698
0.904659
0.8963173
0.9019234
0.9028884
0.912287
0.9126865
0.9080921
0.9025791
0.9082296
0.911929
0.9160653
0.9019266
0.9095544
0.9074008
0.925792
0.8726804
0.9097234
0.8886723
0.9083429
0.8830249
0.8910521
0.8923367
0.8861936
0.9339692
0.890236
0.9154899
0.919825
0.8922182
0.8681889
0.8698663
0.8832919
0.8749129
0.8690196
0.8992403
0.9023409
0.8859516
0.8647286
0.9122496
0.7843384
0.7769798
0.7895862
0.786861
0.789054
0.8859752
0.8910261
0.9089776
0.8878508
0.8968377
0.7423818
0.8916425
0.813763
0.8883819
0.901228
0.8879083
0.7634499
0.9018341
0.8858551
0.8861255
0.8835721
0.7448788
0.8848728
0.9101163
0.8791713
0.9105057
0.905787
0.8529654
0.7397727
0.877869
0.8935233
0.9036342
0.8931292
0.8879073
0.7639017
0.9135566
0.8955022
0.9085768
0.893617
0.8928077
0.8902089
0.8835574
0.89168
0.8796145
0.7421821
0.9057937
0.8902483
0.8846322
0.7349249
0.9081804
0.8794739
0.8933643
0.728134
0.7681813
0.7497256
0.8920493
0.8144772
0.7984194
0.8059298
0.7977808
0.8100261
0.7993176
0.8891029
0.8897689
0.9065277
0.9032583
0.9039773
0.9033032
0.9051955
0.9173817
0.8954366
0.899946
0.903917
0.9032526
0.8976813
0.909492
0.9124446
0.8912348
0.9135229
0.8985296
0.9085246
0.8755439
0.8827421
0.8847202
0.7794321
0.9309052
0.6957295
0.9123773
0.9088794
0.8055588
0.874358
0.8871364
0.8831613
0.8925994
0.8866537
0.9064913
0.8945043
0.8901182
0.8858188
0.9131204
0.7834946
0.776852
0.7894143
0.7866412
0.7890704
0.8858614
0.8900308
0.9091783
0.8880563
0.8970396
0.7424537
0.8917295
0.8127777
0.8880275
0.9010003
0.8881979
0.7635684
0.9016826
0.8867843
0.8862953
0.8840675
0.7463319
0.8858485
0.9104319
0.8793016
0.9105509
0.9056367
0.8526757
0.7402592
0.8784917
0.8938478
0.903602
0.8929785
0.8879154
0.7639702
0.9135248
0.8960604
0.9087812
0.8933891
0.892658
0.8904557
0.8842532
0.8925164
0.8792172
0.7448197
0.9062008
0.8903756
0.8849251
0.7355712
0.9082258
0.8790346
0.8934907
0.7298979
0.7681506
0.7493393
0.8926146
0.8129003
0.7978736
0.8058526
0.7972347
0.81036
0.7985413
0.8891916
0.889017
0.9070804
0.9034627
0.90363
0.9036636
0.9062567
0.9174644
0.8966003
0.9008241
0.9040023
0.9035758
0.8978877
0.9096148
0.9126861
0.891006
0.9133782
0.8979875
0.9089971
0.8755118
0.8829942
0.8849715
0.7781918
0.9301646
0.6957552
0.91262
0.9088464
0.8041909
0.8746149
0.8879472
0.8841432
0.8935605
0.8875441
0.906228
0.8948605
0.8902849
0.885706
0.9112156
0.7803888
0.7793349
0.7935991
0.7918768
0.7957305
0.8884072
0.8919426
0.9076846
0.8892672
0.8998593
0.7448686
0.893339
0.8167697
0.8877337
0.9019238
0.8893904
0.7581947
0.9027768
0.8894465
0.8874529
0.8866454
0.7481894
0.882161
0.910261
0.8772629
0.9096804
0.9041667
0.8546012
0.7397654
0.8803596
0.8913753
0.9038605
0.8920147
0.8905539
0.7612066
0.9139617
0.896715
0.9120367
0.8951002
0.8942945
0.8888889
0.8845653
0.8910828
0.880181
0.7444318
0.9060648
0.8884498
0.8832458
0.7375164
0.906144
0.8764933
0.8921309
0.7282356
0.7675272
0.7493598
0.8931188
0.811538
0.801289
0.8065039
0.7962119
0.8159481
0.8041615
0.8874013
0.8904036
0.9071036
0.9052991
0.9043229
0.9033344
0.9087707
0.9179067
0.9011068
0.9012443
0.9035951
0.9050995
0.8998991
0.9089389
0.9117276
0.88981
0.9175272
0.8989148
0.9103375
0.8763651
0.8856553
0.8829327
0.7788823
0.9306067
0.6955694
0.9129569
0.9069632
0.8000774
0.8743169
0.8888969
0.8834024
0.8915199
0.8874923
0.9057496
0.8953896
0.8917798
0.8835927
0.9266586
0.9014254
0.9020143
0.9062762
0.9059165
0.9070922
0.9006028
0.8986129
0.9276206
0.9077741
0.90529
0.902482
0.8961739
0.9030621
0.8929187
0.9012368
0.8873757
0.9028947
0.9126659
0.8964844
0.8904469
0.9045961
0.9019371
0.8826608
0.9249312
0.8934575
0.9251836
0.9232364
0.8957115
0.9016236
0.9011349
0.8868209
0.9204978
0.8943549
0.906384
0.8994243
0.9206956
0.9038597
0.9240457
0.89362
0.8862763
0.8924827
0.8874186
0.8939281
0.8890955
0.9008073
0.9278906
0.8804685
0.9014976
0.9012706
0.9262956
0.8772655
0.8847893
0.8949827
0.9004857
0.9003737
0.8820129
0.8997417
0.9010245
0.9014851
0.9011904
0.9050179
0.9023925
0.9024268
0.9009367
0.9264634
0.9225298
0.9181629
0.9193378
0.9211421
0.9310189
0.9198326
0.9243365
0.9175986
0.9208788
0.9224253
0.9256002
0.9282556
0.886836
0.9173662
0.9038733
0.9252966
0.9011454
0.8938411
0.897992
0.8970001
0.9203056
0.9007742
0.928716
0.9192173
0.8993457
0.8874892
0.8832354
0.8765019
0.8929631
0.8881242
0.8996397
0.901142
0.898461
0.8863382
0.9104308
0.8779834
0.8768346
0.8949165
0.8949032
0.895606
0.8948584
0.886746
0.9106025
0.8986188
0.9037158
0.8848311
0.8925692
0.8894006
0.8922453
0.9015844
0.8903864
0.8838525
0.9025637
0.8956409
0.8855318
0.8870015
0.875823
0.8839374
0.9123316
0.8876543
0.906875
0.9052066
0.8874104
0.8770307
0.8766683
0.8975451
0.9059934
0.8937125
0.8905096
0.8799632
0.9169067
0.8921569
0.9062592
0.8973249
0.8920698
0.8880964
0.8876261
0.8981216
0.8874286
0.8818727
0.9072676
0.8926889
0.8880388
0.875634
0.9076734
0.8873918
0.8972222
0.8722452
0.8820124
0.8800074
0.8982339
0.8901266
0.8868124
0.8891837
0.8828354
0.8943705
0.8837862
0.8889951
0.8876843
0.9116632
0.8990305
0.9048864
0.9025727
0.9044519
0.9188947
0.9025507
0.9011725
0.9075097
0.9042774
0.8944455
0.9074281
0.9113896
0.8989571
0.9242714
0.9055564
0.9099478
0.873559
0.8856315
0.8910819
0.878934
0.9323482
0.8767108
0.9111568
0.9094954
0.8886792
0.8804697
0.8957994
0.8936069
0.8917297
0.8963834
0.9065934
0.8949739
0.8931527
0.8859572
0.9131477
0.9124965
0.9101407
0.9203555
0.9199233
0.9201032
0.9006013
0.9005764
0.9172054
0.9253561
0.9322738
0.9172547
0.9138963
0.9136316
0.9087466
0.9202812
0.9167198
0.9157425
0.8741956
0.9127566
0.9141152
0.900216
0.9089548
0.9186206
0.9200664
0.9181104
0.8442614
0.8317293
0.9087883
0.9093148
0.9172358
0.9204549
0.9130481
0.9174605
0.8991103
0.9089228
0.9163584
0.9062988
0.9167179
0.9192426
0.9152738
0.9211809
0.912323
0.9180677
0.9148418
0.9103139
0.9105593
0.920641
0.8994795
0.9100467
0.9194143
0.917525
0.9204278
0.9064733
0.914007
0.9106634
0.9238303
0.9149641
0.9143897
0.9148539
0.914317
0.9169648
0.9151206
0.8993451
0.9034125
0.9178233
0.8660257
0.8612392
0.865333
0.8722044
0.890998
0.8610529
0.8587254
0.867422
0.8694337
0.864498
0.8883624
0.9163236
0.917492
0.9321964
0.9215274
0.9228298
0.9159405
0.9105998
0.9129816
0.9131082
0.9359119
0.9123156
0.9150536
0.8731183
0.9175326
0.9052349
0.9204433
0.9112085
0.9212219
0.9241703
0.9305912
0.9084867
0.9197717
0.913167
0.8411197
0.914944
0.9117796
0.9270279
0.9270081
0.9273028
0.9077053
0.9014766
0.9103842
0.9294007
0.9375391
0.9211051
0.9232874
0.9241693
0.9135677
0.9219503
0.9204023
0.9169609
0.9045584
0.9206943
0.9158966
0.9039585
0.9104218
0.9247377
0.914453
0.919779
0.9149067
0.9070944
0.9145643
0.9166065
0.921852
0.9239289
0.9082685
0.9238895
0.8998644
0.9103069
0.9190635
0.9062556
0.9115732
0.9234298
0.9199617
0.9244316
0.9206508
0.9235914
0.9188687
0.9149412
0.8607926
0.9240376
0.90214
0.9118467
0.909571
0.921128
0.9235916
0.9102167
0.9163226
0.9147869
0.9276203
0.9224141
0.9183812
0.9245323
0.9211279
0.9229158
0.9211089
0.9029736
0.9075295
0.916341
0.911683
0.9068498
0.9077136
0.9077192
0.9162944
0.9021603
0.9079236
0.9106747
0.9048338
0.9023843
0.9096798
0.8741977
0.9261802
0.9333055
0.9240921
0.9166576
0.9199626
0.9143332
0.9205624
0.9162351
0.9455384
0.9146131
0.8372111
0.913945
0.9207339
0.9058111
0.9199541
0.9171024
0.9174147
0.9238666
0.9361471
0.914325
0.9192726
0.9166126
0.8513889
0.9159643
0.9150132
0.9266033
0.9265464
0.9276593
0.9074624
0.9033738
0.9112842
0.9293215
0.9362668
0.922869
0.9181946
0.9193787
0.9138393
0.9192544
0.919858
0.9183427
0.9049507
0.9178638
0.9135048
0.9013051
0.9162395
0.9217502
0.9135498
0.9216768
0.9155116
0.91041
0.9143573
0.9121099
0.9165302
0.9246722
0.9018334
0.9194356
0.9061308
0.911008
0.9177847
0.9095724
0.9101251
0.9242102
0.9238763
0.921418
0.9167673
0.9221129
0.9165074
0.9161596
0.8370155
0.9266258
0.9061292
0.9143143
0.9113824
0.9195073
0.9264505
0.9081375
0.9135535
0.9115902
0.924081
0.9188073
0.9211864
0.9212149
0.9208445
0.9230661
0.9206746
0.9078178
0.9056462
0.9144054
0.9101721
0.9150181
0.9119833
0.9114355
0.9144694
0.9036162
0.9050672
0.9147254
0.9097034
0.9014873
0.915147
0.8477338
0.921941
0.9347916
0.9263025
0.916
0.9175793
0.9185683
0.9241062
0.9143508
0.9485423
0.9140975
0.8504275
0.9140591
0.9191246
0.9072462
0.9209829
0.9207865
0.9179044
0.9255562
0.9378265
0.9140889
0.9145384
0.9132498
0.9022107
0.8985708
0.8989589
0.9188739
0.9186687
0.9186228
0.915309
0.9049214
0.7920504
0.9160158
0.9201324
0.9118276
0.9117101
0.9086148
0.9175613
0.9176524
0.9100527
0.897043
0.9076636
0.9119854
0.9061478
0.9013144
0.9016218
0.9184967
0.7910219
0.9141698
0.9026923
0.9058617
0.9058501
0.899696
0.9017965
0.9273515
0.8533879
0.9132462
0.9044076
0.904218
0.9227483
0.9072575
0.8573864
0.914499
0.9131343
0.9091869
0.9105126
0.9164435
0.9068939
0.8963159
0.9080636
0.9158211
0.9082621
0.9012667
0.7813034
0.9081496
0.9151908
0.8942852
0.900558
0.8974955
0.9147418
0.9079865
0.9126138
0.919862
0.9063141
0.9157568
0.9120143
0.9116686
0.9026105
0.8467896
0.8953598
0.9055456
0.9012611
0.9039429
0.8991219
0.8907721
0.8945087
0.9103365
0.8903132
0.893064
0.8968676
0.9143822
0.9153854
0.9288907
0.9180717
0.8519003
0.9034095
0.918525
0.9191582
0.9042651
0.9541995
0.901043
0.8976144
0.9171587
0.9105012
0.8924197
0.9126302
0.9237736
0.9067266
0.9061693
0.9269556
0.9136507
0.9055926
0.8967393
0.9181406
0.8896945
0.8878188
0.9032338
0.9034507
0.9040966
0.9126483
0.9035417
0.9096634
0.8882775
0.8952687
0.8986074
0.8850967
0.8909241
0.9013419
0.8808669
0.8724886
0.8880495
0.9162956
0.8809378
0.8742445
0.9004332
0.897276
0.8286409
0.9096779
0.8822766
0.9202188
0.9247119
0.8871659
0.8925379
0.8888488
0.8887012
0.905262
0.8777915
0.9048264
0.894148
0.9242513
0.9011698
0.9093543
0.8814337
0.8801537
0.8724389
0.8788386
0.8864352
0.868006
0.8865495
0.9265202
0.8649987
0.9110929
0.8992051
0.9063749
0.8482133
0.8654396
0.8841023
0.8907883
0.8895145
0.8790645
0.8868996
0.8923292
0.8997475
0.8913098
0.8939696
0.8938328
0.9099237
0.9052841
0.9047959
0.9144221
0.922982
0.9139117
0.9151751
0.9112688
0.9097618
0.9169001
0.9214175
0.912571
0.9142156
0.9108735
0.9276624
0.8747926
0.9056946
0.890383
0.9095595
0.8866088
0.8925947
0.8882253
0.8917685
0.9316676
0.8952367
0.9200288
0.9245371
0.8972817
0.8703349
0.8525987
0.8788354
0.8678387
0.866921
0.8716354
0.9038348
0.8741513
0.8368797
0.9154874
0.8593377
0.8588661
0.8862226
0.8870445
0.8883789
0.9044057
0.8973349
0.9051383
0.8767608
0.8835777
0.8769497
0.8948621
0.8736964
0.8986772
0.8996235
0.8844944
0.8684095
0.9167909
0.8941507
0.883635
0.8983984
0.8654807
0.882712
0.901578
0.8519926
0.9110867
0.9125693
0.8667527
0.8669681
0.864491
0.8948081
0.89924
0.8914944
0.9012689
0.8717593
0.9189478
0.8974759
0.9024408
0.8920736
0.88965
0.8866205
0.885227
0.8955916
0.8803752
0.864998
0.9193676
0.8788601
0.903485
0.8656173
0.9014009
0.8710466
0.8776255
0.8606186
0.8669835
0.8691383
0.8887332
0.8712619
0.8719956
0.8756475
0.862288
0.8761551
0.8704249
0.9072617
0.8950769
0.9018179
0.9070499
0.9132917
0.9108346
0.9121442
0.9032535
0.9043283
0.9082523
0.918437
0.9045791
0.9065434
0.9002967
0.9242279
0.8849866
0.9123487
0.8936678
0.9050381
0.8624553
0.8841785
0.8809282
0.87044
0.9388371
0.8668889
0.9160102
0.9197232
0.8714068
0.8706957
0.8733251
0.8905362
0.8736854
0.8789293
0.8999364
0.9019683
0.883942
0.8635628
0.9167564
0.8731509
0.8689797
0.8835861
0.8843336
0.8844807
0.8982996
0.8940081
0.9131696
0.8825435
0.8947517
0.8750634
0.8961989
0.8749004
0.8900231
0.9002168
0.8857763
0.8748267
0.9129148
0.896
0.8860883
0.8909425
0.871762
0.8792572
0.9098277
0.8619137
0.9150336
0.9135934
0.8661818
0.8691469
0.8784649
0.8903374
0.9078668
0.8946918
0.8980928
0.871367
0.9134542
0.8971283
0.9130028
0.8917195
0.8892127
0.8902413
0.8869067
0.8964541
0.8861946
0.8669703
0.9176386
0.8817972
0.900233
0.8720258
0.911186
0.8788033
0.8829864
0.8659744
0.8698938
0.8675774
0.8864456
0.872757
0.8716453
0.8764041
0.8674593
0.8778411
0.8703198
0.8998636
0.8940911
0.9108992
0.9088993
0.9141215
0.9108138
0.9128943
0.9146575
0.908398
0.9133814
0.9129896
0.9107341
0.9096351
0.9118303
0.9218042
0.8878338
0.9164568
0.8941814
0.9087424
0.8784782
0.8776677
0.8729682
0.8719016
0.9292792
0.8713331
0.91969
0.9191295
0.8768124
0.8789038
0.883479
0.8864828
0.8792997
0.8838056
0.9011874
0.9022823
0.8882847
0.8713502
0.9130498
0.912435
0.9082628
0.9223975
0.921812
0.9225216
0.9081781
0.9044777
0.9151606
0.9265482
0.9303631
0.9150806
0.9139613
0.9141185
0.9079872
0.9193223
0.914832
0.9148146
0.8803728
0.9162799
0.9144155
0.9058925
0.9105484
0.9174521
0.9179445
0.9201524
0.86909
0.8630752
0.9079095
0.9072633
0.9081005
0.9208358
0.917371
0.9173603
0.9050644
0.9085598
0.9171263
0.9088414
0.9159768
0.9175243
0.9165699
0.9189706
0.9122989
0.9191148
0.9168765
0.9086305
0.9104803
0.9212896
0.9029916
0.9085155
0.9132325
0.9183094
0.9219886
0.9084967
0.9111262
0.9091791
0.9152615
0.9144207
0.9162341
0.9151959
0.9148876
0.9192297
0.9172301
0.9022617
0.9092114
0.9159799
0.8627977
0.8632508
0.8632244
0.8657751
0.8820454
0.8593667
0.8492942
0.8643597
0.8642741
0.8558521
0.8759701
0.9154617
0.9178491
0.9323192
0.9225235
0.9186545
0.9099914
0.9117731
0.9157996
0.9079037
0.9416085
0.9093287
0.9138973
0.8784484
0.9135127
0.9058675
0.920978
0.9156123
0.9189295
0.920886
0.9308527
0.9116773
0.9191555
0.9136932
0.9181014
0.877056
0.8725651
0.8849542
0.88542
0.8854475
0.8966188
0.898076
0.9143915
0.8849372
0.8956384
0.8748103
0.8964625
0.879185
0.8900648
0.9005106
0.8877525
0.876373
0.9136834
0.8963817
0.8846084
0.8960235
0.8733637
0.8842481
0.9107527
0.8668995
0.9142968
0.9166225
0.8661484
0.8724555
0.8834351
0.8942119
0.9084129
0.8971548
0.8998859
0.8714062
0.9156289
0.898521
0.9130372
0.8943766
0.8929077
0.891233
0.8893116
0.8986606
0.8882368
0.8711562
0.9199209
0.8865436
0.8998998
0.8738328
0.9121474
0.879233
0.8863245
0.868362
0.8735474
0.8716357
0.8900086
0.8762559
0.876264
0.8801989
0.8696524
0.8801653
0.8711808
0.9018129
0.8968022
0.9109759
0.9076176
0.9133839
0.9109679
0.9133119
0.9126103
0.9080533
0.9136454
0.9147481
0.9115876
0.9107606
0.9129038
0.923659
0.8906748
0.9172286
0.8987988
0.9109453
0.8829633
0.878998
0.8775154
0.8766462
0.9293511
0.873631
0.9183549
0.9189964
0.8770835
0.8822612
0.8895382
0.8875752
0.8861724
0.886464
0.9024064
0.9021083
0.8918111
0.8748817
0.9152298
0.8666301
0.868638
0.8884056
0.8886315
0.8891343
0.9017613
0.8940207
0.9054464
0.8823068
0.8895116
0.8755071
0.8917607
0.8777834
0.895495
0.8970572
0.882993
0.8699098
0.914416
0.8934546
0.8840338
0.892111
0.8721262
0.8873752
0.9031327
0.8631471
0.914065
0.9136233
0.8666716
0.8701337
0.8675368
0.891499
0.9012275
0.8923352
0.9006682
0.8748953
0.9156693
0.8997235
0.9051007
0.8951778
0.8915868
0.8886178
0.8853045
0.8962732
0.8823827
0.8644118
0.9168505
0.8822023
0.9040263
0.8726793
0.9051918
0.8707684
0.8833514
0.865332
0.8708747
0.8670246
0.8879761
0.8718481
0.8771293
0.8834871
0.8720324
0.8805879
0.8746145
0.9038585
0.8958825
0.9032984
0.9061873
0.9173805
0.9081262
0.912654
0.900999
0.9052624
0.9095769
0.9201703
0.905636
0.9062288
0.9019741
0.9234168
0.8868899
0.9133746
0.8938388
0.9040177
0.869712
0.880929
0.8781413
0.8700776
0.9358146
0.8705818
0.9152842
0.9221091
0.877703
0.868669
0.878658
0.8908632
0.8767726
0.8793203
0.9054649
0.9059533
0.8889286
0.8692717
0.9209084
0.877628
0.8758377
0.8932959
0.8932832
0.8936253
0.9133668
0.9054102
0.9092234
0.8865485
0.8846003
0.8850728
0.8941667
0.8841908
0.9057961
0.9055695
0.8857763
0.8767418
0.9249206
0.89499
0.8876193
0.907152
0.8802763
0.8891329
0.9058254
0.866579
0.9176766
0.9232044
0.8827579
0.8808952
0.8716746
0.8989504
0.9032637
0.8975344
0.9091683
0.8856081
0.9222943
0.8951004
0.9108775
0.9008515
0.8959358
0.8869356
0.8905115
0.9003248
0.8882347
0.8784945
0.92722
0.8829618
0.9135492
0.8839529
0.9080779
0.8752003
0.8826606
0.8736173
0.8779125
0.8760674
0.8897726
0.8761331
0.8788319
0.8896458
0.8772242
0.887994
0.8790804
0.9169291
0.9067092
0.9041615
0.9148671
0.9273384
0.9194458
0.9182904
0.9066981
0.9150037
0.9205492
0.9307148
0.9118551
0.9170446
0.9085737
0.9325203
0.8934316
0.9114943
0.8981254
0.9052305
0.8751096
0.8881584
0.8848874
0.8790135
0.9410298
0.8832024
0.9226745
0.927348
0.8797617
0.8806106
0.8779575
0.9013964
0.8805916
0.8822296
0.9041923
0.9082639
0.8925322
0.8733955
0.8987046
0.8941206
0.8959082
0.9168753
0.9175828
0.918603
0.9042937
0.8963744
0.8977716
0.9182337
0.9259272
0.9102281
0.9170946
0.9071513
0.9059474
0.9149565
0.9167887
0.8987222
0.8639909
0.9140664
0.9123304
0.8953683
0.8981007
0.9130233
0.9030075
0.9113365
0.8682118
0.8641975
0.9010909
0.8970915
0.8985186
0.924515
0.8966747
0.9175737
0.8968216
0.8992111
0.9161944
0.8997445
0.902576
0.9170126
0.914564
0.9203709
0.9116141
0.9179946
0.9072774
0.8955794
0.8981987
0.9183326
0.9009613
0.8998549
0.8996759
0.909218
0.9187303
0.8946039
0.9029063
0.9004167
0.9215923
0.9053337
0.9053457
0.9115003
0.9068073
0.9093565
0.9088994
0.9023875
0.897605
0.900302
0.8628898
0.8739251
0.8692331
0.865614
0.8806586
0.8670824
0.8596518
0.8784416
0.8603989
0.8637959
0.8734352
0.9034874
0.9191628
0.9251173
0.920034
0.9040649
0.9021169
0.9158354
0.911417
0.9015245
0.9493412
0.8997105
0.8986871
0.884598
0.908682
0.8990325
0.9118163
0.9111518
0.9143622
0.9144516
0.9284914
0.9073346
0.9081822
0.9068645
0.9111424
0.8579219
0.8573595
0.8838765
0.8846635
0.8853683
0.9020326
0.8931053
0.9025837
0.8809999
0.8865946
0.8715583
0.8936572
0.8690936
0.8927916
0.8990571
0.8795492
0.8643481
0.9150594
0.8927055
0.8822184
0.8893139
0.8670856
0.8794704
0.9004249
0.8525056
0.9102701
0.9151911
0.8608896
0.8637706
0.8627089
0.8931647
0.8974487
0.8911093
0.8966456
0.8656169
0.9167446
0.8929755
0.9044577
0.8883438
0.8870882
0.8836179
0.8838605
0.8954901
0.8755396
0.8606155
0.9185551
0.8748684
0.9008386
0.8670565
0.8995341
0.8683459
0.8750952
0.8590659
0.8624251
0.8608484
0.8865775
0.8672508
0.8681447
0.8811577
0.8641001
0.8735828
0.8686397
0.9018884
0.8919239
0.9010163
0.9023654
0.9148318
0.9095529
0.9111009
0.9040645
0.9054508
0.9024521
0.9154631
0.9015277
0.9047329
0.9022046
0.9232824
0.8848308
0.9110641
0.8913082
0.9020147
0.8610013
0.8815073
0.8777437
0.8639874
0.9359291
0.8639523
0.9120943
0.9205438
0.8745425
0.8676043
0.8715861
0.890746
0.872113
0.8702507
0.8993733
0.9029446
0.8808486
0.8661299
0.9118358
0.8598117
0.8584989
0.8854643
0.8862087
0.8866733
0.9035173
0.8943697
0.9021409
0.8807546
0.8860332
0.8719233
0.892544
0.8690494
0.8923044
0.8993599
0.8782795
0.865391
0.9137698
0.8924597
0.8813596
0.8890653
0.8677901
0.8806824
0.9008456
0.8544101
0.9107986
0.9152921
0.8597468
0.8637689
0.8640902
0.8920871
0.8972019
0.8882001
0.8961612
0.8674434
0.9157917
0.8933609
0.9032516
0.88952
0.8883079
0.8821217
0.883894
0.8945018
0.8763499
0.8610352
0.9188907
0.8733106
0.9005519
0.8681775
0.8996417
0.8690467
0.8759875
0.8590654
0.8644267
0.8617304
0.8874122
0.8651357
0.8667326
0.8805054
0.8650145
0.8729664
0.8661164
0.9013262
0.8920343
0.8991148
0.9030636
0.9159703
0.9110102
0.9130896
0.9045625
0.9056341
0.9030305
0.9167107
0.9030576
0.9042504
0.9021149
0.9228824
0.885698
0.9107112
0.8922104
0.9016505
0.8630162
0.8810544
0.8781066
0.8614325
0.9363663
0.866493
0.9136506
0.9206827
0.8729865
0.8695572
0.8728579
0.889978
0.8723559
0.8707418
0.8990511
0.9036186
0.8802781
0.8666691
0.9151123
0.8635581
0.862225
0.8851166
0.8853044
0.8860475
0.9041037
0.8959208
0.9014724
0.8818441
0.8848547
0.8748417
0.893692
0.8721074
0.8944175
0.9018968
0.8814272
0.8694075
0.9166903
0.8936481
0.8843286
0.8895938
0.8681045
0.8841699
0.8991573
0.8569276
0.9104817
0.9146657
0.8655003
0.8659282
0.8627769
0.8947387
0.8975587
0.8916613
0.8956893
0.8701972
0.918141
0.8951352
0.9025321
0.8903148
0.8902097
0.883623
0.8867999
0.8953665
0.87783
0.8635376
0.9172772
0.87704
0.9020849
0.8701499
0.90039
0.8687386
0.8757606
0.8629817
0.8648688
0.8653995
0.891093
0.8683041
0.8727796
0.8835804
0.8701313
0.8767277
0.8691126
0.9029362
0.8941782
0.8997853
0.9043983
0.9131515
0.9091458
0.9110796
0.9045201
0.9057472
0.9041267
0.9168135
0.9025425
0.9047568
0.9019566
0.9241681
0.8866596
0.912851
0.8938741
0.9020413
0.8633366
0.8826087
0.8788981
0.8676309
0.9376355
0.8664345
0.9141889
0.9221741
0.8771176
0.8702433
0.8726723
0.89206
0.8734435
0.8743733
0.9007631
0.9030457
0.8801311
0.8659442
0.9126752
0.8615955
0.8599985
0.8853255
0.8857918
0.8865744
0.9032987
0.8971638
0.9025113
0.8820513
0.8872399
0.8726422
0.8941001
0.8709631
0.8933194
0.8994952
0.8790765
0.8684133
0.9136691
0.8921628
0.8831654
0.8928404
0.8676066
0.8820402
0.9018818
0.8530421
0.9109691
0.9147298
0.8623065
0.8654682
0.8627747
0.8940043
0.8979694
0.889215
0.8967728
0.8666789
0.9157311
0.8947967
0.9034285
0.8883954
0.8880905
0.8809326
0.8849625
0.895147
0.8749456
0.8622368
0.9176564
0.8760283
0.9001756
0.8682848
0.9005655
0.8686983
0.8785293
0.8579879
0.8659073
0.8638524
0.8885931
0.8656165
0.8683729
0.8800823
0.8642066
0.8768142
0.8679183
0.9033873
0.8943116
0.9017302
0.9055177
0.9128289
0.9099432
0.9125668
0.9041483
0.9056509
0.9052045
0.9171454
0.903627
0.9044636
0.9027594
0.9225508
0.885361
0.9126116
0.8923088
0.9028828
0.8621606
0.8795303
0.8784965
0.8642193
0.9371464
0.8673069
0.9142538
0.9221267
0.8723142
0.8699133
0.8729632
0.8897978
0.8732009
0.8716706
0.9000035
0.9042055
0.8827948
0.8659021
0.9023354
0.9007809
0.8961204
0.9171685
0.9173795
0.9177518
0.8972763
0.8904436
0.9013435
0.919543
0.9260547
0.9086696
0.9143171
0.9041773
0.9052365
0.9133999
0.9091105
0.9006443
0.8548172
0.9106933
0.9077427
0.8876009
0.8979503
0.9142562
0.9045952
0.9115629
0.868427
0.8621888
0.9011767
0.8980637
0.9034587
0.9203098
0.8970065
0.9161023
0.8927659
0.899935
0.913471
0.9028674
0.9053686
0.9195064
0.9187851
0.9148309
0.9048305
0.9177146
0.9087986
0.8983942
0.8987838
0.9156314
0.892306
0.896222
0.897277
0.9077673
0.9141822
0.8947388
0.900101
0.8963889
0.918893
0.9090455
0.9056218
0.9100963
0.9044112
0.9106324
0.9058129
0.8959301
0.8974155
0.8994289
0.863286
0.8696581
0.8620845
0.8674446
0.8844162
0.8616191
0.8575919
0.8691704
0.8626553
0.8599365
0.874019
0.9017518
0.9197546
0.9276286
0.9191015
0.9061258
0.9019232
0.9124064
0.912504
0.8987484
0.9447353
0.8966867
0.8995546
0.8797763
0.9040286
0.8972782
0.912354
0.9112634
0.9154739
0.917678
0.9301132
0.9064892
0.9083357
0.9064311
0.9105982
0.8596969
0.8588891
0.8846429
0.8850304
0.8856949
0.9030244
0.8937104
0.9031786
0.8818457
0.8870773
0.8725914
0.8926789
0.8684028
0.8937945
0.9000036
0.8791505
0.8671126
0.9145247
0.8909727
0.8820241
0.8904031
0.8677194
0.8803725
0.9006675
0.8543356
0.9122091
0.9155049
0.8617443
0.864116
0.8620893
0.892935
0.8977716
0.8897677
0.8983506
0.8662925
0.9172753
0.8945982
0.9037882
0.8882332
0.88773
0.8831033
0.884514
0.8958887
0.8762416
0.8604153
0.9193798
0.8772813
0.9006093
0.8675244
0.9002507
0.8700515
0.8754714
0.8597124
0.8641468
0.8618678
0.888389
0.8666813
0.8682786
0.8808028
0.8645684
0.8735511
0.8674523
0.902446
0.8916933
0.9015344
0.9035154
0.9147993
0.9105659
0.9126482
0.9057562
0.9047925
0.9041483
0.9163874
0.9042588
0.9052492
0.9015051
0.9241691
0.8876556
0.9097851
0.8909195
0.9028447
0.8619786
0.8804186
0.877548
0.8632032
0.9356529
0.86438
0.9135143
0.9210526
0.8755295
0.8693207
0.8745949
0.8902742
0.874217
0.8716192
0.8986786
0.9026847
0.8810184
0.8665564
0.9175435
0.8644749
0.8678432
0.8827709
0.88288
0.8838238
0.906221
0.8948746
0.9079498
0.8807398
0.8831935
0.8733999
0.8944249
0.8732776
0.8973269
0.8966363
0.8843849
0.869069
0.9189705
0.8932419
0.8858627
0.8962595
0.8668548
0.8875803
0.900662
0.8552641
0.9142837
0.9184041
0.8655419
0.8680477
0.8675312
0.8930302
0.8988348
0.8907431
0.8984303
0.8753538
0.9193882
0.8960593
0.9043689
0.894065
0.8922043
0.8865086
0.8873998
0.8987355
0.8823656
0.8704718
0.9219955
0.8864296
0.9024869
0.8706777
0.9046281
0.8734191
0.8795893
0.8665046
0.8673965
0.869341
0.890489
0.8719092
0.8719869
0.8790785
0.8688871
0.8784435
0.8717289
0.9050164
0.8964474
0.9030914
0.9062824
0.9158278
0.9103399
0.914027
0.9024887
0.9086648
0.9080304
0.919645
0.9042038
0.9071416
0.9020062
0.9271054
0.8894988
0.9141902
0.898913
0.9055599
0.8646346
0.8821316
0.8830915
0.8711746
0.9377562
0.8705655
0.9183388
0.9191735
0.8767716
0.8772249
0.8777609
0.8962079
0.8773448
0.8783422
0.9037522
0.9008846
0.8869839
0.8696733
0.9209492
0.8702949
0.8718454
0.8905701
0.8908336
0.892709
0.9106793
0.9010318
0.9089812
0.8830661
0.8865855
0.8784437
0.897952
0.880301
0.9004426
0.9020768
0.8905868
0.8749635
0.9222948
0.8975987
0.8895012
0.9021236
0.877482
0.8916362
0.9056289
0.8623565
0.9165784
0.9203146
0.8742173
0.8774038
0.8676525
0.8946862
0.9050965
0.896336
0.9038051
0.8808146
0.9194673
0.8967682
0.9105495
0.8953144
0.8926334
0.8859769
0.8914984
0.8985108
0.8884312
0.8711753
0.9288162
0.8823275
0.9087808
0.8781552
0.9034352
0.8756767
0.8843168
0.8740195
0.8756123
0.8717377
0.891001
0.8760357
0.8790938
0.8838104
0.8733685
0.8821227
0.8758546
0.9091232
0.9025566
0.9071231
0.9112116
0.9216259
0.9154457
0.9185646
0.9104647
0.9102018
0.9154725
0.9211662
0.9116063
0.9141763
0.9070139
0.9317428
0.8889402
0.9138485
0.8970834
0.9094968
0.8694505
0.8838917
0.8757798
0.8751182
0.9371261
0.8760676
0.9186134
0.9278317
0.8809472
0.8800145
0.88292
0.8955005
0.8765428
0.8846943
0.9014085
0.9089341
0.8897534
0.8706657
0.9195081
0.8795848
0.8813854
0.892984
0.8935604
0.8936668
0.9096392
0.903807
0.9070447
0.8832621
0.8880918
0.8866375
0.8977418
0.8873159
0.9032569
0.9035106
0.8835599
0.8800175
0.9230117
0.9018372
0.8866177
0.899721
0.8849843
0.8920073
0.9088492
0.8673354
0.9203777
0.9211809
0.8757236
0.8843518
0.8713129
0.8966353
0.9073489
0.8974177
0.9068007
0.8863767
0.9209845
0.8980831
0.9089429
0.8984102
0.8916261
0.8863399
0.8915511
0.9003635
0.8842344
0.8813922
0.9262871
0.8850984
0.9097571
0.8842822
0.9046446
0.8768453
0.8788263
0.8772155
0.8778798
0.8806089
0.8877356
0.8823402
0.8822041
0.8918735
0.8764576
0.8867634
0.8763675
0.911611
0.8993052
0.907787
0.9154018
0.922909
0.9187912
0.9146522
0.9092692
0.9146523
0.9185196
0.9277904
0.9122005
0.9168851
0.9060429
0.9257903
0.8923355
0.9118677
0.8958489
0.9106643
0.8740909
0.8842948
0.8813239
0.880119
0.9385091
0.8865924
0.9186381
0.9284085
0.8852011
0.8836669
0.8786988
0.8997068
0.8778742
0.8796045
0.902177
0.9068246
0.8901598
0.8711355
0.9205414
0.8746242
0.8728206
0.889674
0.8895832
0.8911463
0.9137185
0.9061801
0.911903
0.8853011
0.8864418
0.8784266
0.9005615
0.8840943
0.9032189
0.9050208
0.8926651
0.8757687
0.9243576
0.9012607
0.8928981
0.9045776
0.8822572
0.8924777
0.9075208
0.8653818
0.9210868
0.9240088
0.8756439
0.8819437
0.8778468
0.895714
0.906022
0.892763
0.9106506
0.8830953
0.9201915
0.901133
0.912027
0.8968746
0.8969319
0.890924
0.8932122
0.9002182
0.888006
0.8774784
0.9285179
0.8849935
0.9152788
0.8812681
0.9069759
0.8822341
0.8822472
0.8748308
0.8774292
0.8748088
0.8931126
0.8781297
0.8818651
0.8849094
0.8722917
0.8849415
0.8739684
0.9148177
0.9063118
0.9061445
0.9143283
0.9246275
0.918937
0.9213475
0.9119222
0.9135064
0.9170637
0.9241603
0.9131811
0.9188322
0.9101012
0.9302761
0.8939324
0.9142088
0.8965774
0.9096797
0.8761458
0.8877683
0.8839809
0.8764106
0.939527
0.8799971
0.920335
0.9295525
0.8789527
0.8836864
0.8810014
0.9009721
0.8871008
0.8863122
0.9051903
0.910839
0.8915032
0.872387
0.9118771
0.8634298
0.8619281
0.8786322
0.879186
0.8801779
0.8958063
0.8905918
0.9093942
0.881846
0.8895579
0.8684115
0.8876006
0.8747602
0.8844481
0.8959923
0.8830092
0.8725465
0.9056671
0.8923121
0.8797484
0.8894779
0.8665638
0.8769572
0.9125648
0.8616511
0.9120369
0.9081305
0.8638196
0.8605563
0.8703534
0.8881636
0.9069058
0.8917452
0.8920814
0.8653042
0.9117207
0.892385
0.9103799
0.8899255
0.8860227
0.887829
0.8819294
0.8924704
0.8841685
0.8624032
0.9179535
0.8786236
0.8926252
0.8651574
0.9087163
0.8706368
0.8786455
0.8603192
0.8695478
0.8628875
0.8852979
0.8700732
0.8687422
0.8739383
0.8655361
0.8773765
0.8663041
0.8926044
0.8900571
0.9104028
0.9053095
0.9090585
0.9081858
0.9097774
0.9157373
0.9029373
0.9073011
0.9135706
0.9073457
0.9062522
0.9123744
0.9184126
0.8864647
0.9133877
0.8973384
0.9112983
0.8734205
0.8722291
0.8740632
0.864718
0.925825
0.8651001
0.9111778
0.9150032
0.8708763
0.8730548
0.8793709
0.8786798
0.8765934
0.8801923
0.8999151
0.8993873
0.8883804
0.871416
0.9149481
0.8744315
0.8733192
0.8900257
0.8901718
0.8913059
0.902525
0.8988659
0.9108323
0.8903731
0.8921054
0.8837846
0.8940534
0.8836238
0.8940676
0.9014195
0.8874661
0.8797567
0.9130109
0.8922301
0.8830499
0.9005191
0.8811636
0.8870479
0.9096456
0.8682943
0.916286
0.9184657
0.8760315
0.8766728
0.8728565
0.8960111
0.9058141
0.894827
0.8999714
0.8783096
0.9142668
0.8971111
0.9082143
0.8908632
0.8916652
0.8888929
0.8885923
0.9025853
0.8806715
0.8784842
0.9173545
0.8825123
0.9021162
0.8799636
0.9097669
0.8770295
0.8829772
0.8743889
0.8798549
0.8787989
0.8920881
0.8790906
0.8823529
0.8869302
0.8778654
0.8866368
0.8788679
0.9021037
0.8935911
0.9098282
0.9106249
0.9148755
0.9115629
0.9169815
0.91298
0.9079774
0.9107665
0.9150857
0.911488
0.9112403
0.9090197
0.9214957
0.8882317
0.9171561
0.8989184
0.9101084
0.8755482
0.8813621
0.8827338
0.8741328
0.9339682
0.8822655
0.9119757
0.9212587
0.8833045
0.879049
0.881284
0.891302
0.8811519
0.8837176
0.9049418
0.9060852
0.8912289
0.8758903
0.9023952
0.8663399
0.8692381
0.8944268
0.8951236
0.89527
0.8953653
0.8850764
0.8954769
0.8944734
0.900813
0.8795741
0.8923298
0.8805098
0.8873624
0.8983714
0.8822498
0.8733058
0.9026549
0.8923243
0.8836657
0.8853733
0.8700838
0.8933805
0.8993518
0.8841854
0.9051268
0.8998404
0.8776931
0.8738251
0.8678386
0.9009795
0.8939125
0.8905546
0.8863578
0.8711862
0.9114306
0.8823999
0.8984809
0.8989358
0.8980955
0.884335
0.8825074
0.8906575
0.8839108
0.8726382
0.9020013
0.8908914
0.8854632
0.8727233
0.8946528
0.879379
0.8844788
0.8634192
0.8716941
0.8679099
0.8911801
0.8779697
0.8799475
0.8879211
0.8739736
0.8849308
0.8786853
0.8922561
0.8875553
0.8954807
0.8904797
0.9034587
0.8996495
0.8974804
0.9007565
0.8883609
0.893107
0.9030052
0.8930113
0.8902292
0.8965729
0.9059012
0.8899739
0.9124307
0.8978656
0.9003208
0.868314
0.8853529
0.8842459
0.8733005
0.9385344
0.870736
0.9058035
0.9053014
0.8799012
0.8684757
0.8896612
0.8878012
0.8850487
0.8872025
0.9070427
0.8953468
0.8859507
0.8744898
0.9044167
0.8799718
0.8798211
0.897811
0.8984766
0.8994636
0.9002589
0.8889591
0.8993773
0.9028666
0.909325
0.8961878
0.896184
0.8924266
0.8995073
0.9050338
0.8910301
0.8811283
0.9066775
0.894889
0.8921717
0.8856175
0.881067
0.8986442
0.9037322
0.8905034
0.9036242
0.901345
0.8852814
0.877385
0.877438
0.9037608
0.8961149
0.8986681
0.887779
0.8814776
0.9175023
0.8909071
0.9027783
0.9027688
0.898221
0.8958699
0.8912305
0.9005255
0.8921986
0.8784016
0.9039467
0.8978846
0.8903931
0.8814243
0.901743
0.8877917
0.8957251
0.8747078
0.880516
0.8780114
0.8950833
0.8862203
0.8921605
0.8978809
0.8875919
0.8982742
0.8909411
0.8925135
0.8939355
0.9022123
0.8945429
0.9020765
0.9032851
0.902533
0.9028822
0.8996197
0.8967025
0.9093564
0.8975236
0.8934588
0.899068
0.9071237
0.9009247
0.9211576
0.9000365
0.9035168
0.8761055
0.8965911
0.8979351
0.8853784
0.9436667
0.8841069
0.9014079
0.9075803
0.8854877
0.878014
0.8915432
0.8969364
0.8914486
0.8991117
0.9157257
0.9006291
0.8958037
0.8812738
0.9042198
0.9166162
0.9152342
0.9349325
0.9352818
0.9355714
0.9249148
0.9189713
0.9096276
0.9289642
0.9338585
0.9272759
0.9243184
0.9274648
0.9248922
0.9260452
0.9252988
0.9149372
0.9165367
0.9241455
0.9193929
0.9138496
0.9154975
0.9273242
0.9058491
0.9267648
0.916246
0.9172538
0.9192518
0.9210997
0.9148172
0.936813
0.9033581
0.9256394
0.9178976
0.9151389
0.9284916
0.9195402
0.9113598
0.9282869
0.9281816
0.9264441
0.929145
0.9295494
0.9235673
0.9139368
0.9026049
0.9276063
0.9220151
0.9169446
0.9053248
0.9235578
0.9285639
0.9107634
0.9148518
0.9118664
0.9284374
0.9204344
0.923822
0.9274902
0.9192606
0.9284108
0.9228809
0.9234877
0.9233721
0.9101046
0.9080959
0.919539
0.9159097
0.9146131
0.9114595
0.906871
0.9098736
0.9220937
0.9042136
0.9046645
0.9134921
0.909121
0.9284591
0.9364641
0.9314284
0.9131799
0.9159552
0.9287082
0.9280588
0.9161597
0.9575056
0.9174174
0.9051897
0.9244966
0.9233081
0.9078099
0.9246522
0.9330223
0.9166756
0.9235244
0.9391229
0.9227533
0.9248659
0.9149799
0.9163888
0.8791137
0.8781115
0.8945656
0.8941617
0.8946196
0.8860612
0.8792696
0.9134656
0.8987147
0.9040737
0.887984
0.8950451
0.8868309
0.8880554
0.9026436
0.8889049
0.8812068
0.9097624
0.89512
0.8864916
0.8860476
0.8769175
0.8910341
0.913622
0.8835867
0.912331
0.9032362
0.8771027
0.8804659
0.8766456
0.8973858
0.9084064
0.8908909
0.8922955
0.8744321
0.9123117
0.8862173
0.9140067
0.8925328
0.891175
0.8905915
0.8853829
0.8961631
0.8878705
0.8778681
0.9124846
0.8934359
0.8869052
0.8755463
0.9125256
0.8842302
0.8983976
0.8756354
0.8790748
0.8777741
0.8932556
0.8823868
0.8821302
0.8840517
0.8812624
0.8919034
0.8856887
0.8918997
0.8889606
0.9138138
0.9067134
0.9107923
0.9061966
0.905777
0.9166755
0.9077749
0.9051884
0.9030614
0.9090942
0.905153
0.9119757
0.9124488
0.8949318
0.9201578
0.9034933
0.9141256
0.8744079
0.8851015
0.8898287
0.878062
0.9292047
0.8749319
0.9178058
0.9091369
0.8791371
0.8814414
0.8939324
0.8873666
0.8974231
0.8971843
0.9092787
0.8965145
0.8956553
0.8885892
0.9077981
0.8772688
0.8732052
0.8963492
0.8954425
0.8968293
0.8965196
0.8906188
0.9085545
0.8975022
0.9026225
0.8870129
0.8914316
0.8863385
0.8951014
0.9024158
0.8876848
0.8787835
0.9036213
0.8930369
0.8874362
0.8889527
0.8759606
0.894278
0.9045582
0.8848171
0.9111864
0.9070974
0.8791189
0.8766959
0.8751179
0.8952594
0.9002945
0.8936917
0.89475
0.8730331
0.9138211
0.8907509
0.9073241
0.8987395
0.8937196
0.8873144
0.8874082
0.9010269
0.8867386
0.8761367
0.9070113
0.8894548
0.8924828
0.8776486
0.9057894
0.8829405
0.8933362
0.8720442
0.8784407
0.8722406
0.8944765
0.8815855
0.8832544
0.8906361
0.8792526
0.8899024
0.8818452
0.8957945
0.890166
0.9051923
0.9014236
0.9089137
0.9021414
0.9032853
0.9084462
0.9025493
0.90163
0.9080659
0.9008244
0.8986042
0.9067497
0.9110538
0.8903239
0.9148315
0.9018344
0.9047012
0.8721856
0.8836455
0.8880069
0.8742574
0.9348068
0.8769926
0.9087829
0.9073452
0.8825171
0.8792566
0.8904555
0.8912117
0.8875452
0.8876344
0.9091829
0.8943907
0.8913367
0.8828021
0.9073485
0.8867099
0.8833333
0.9007913
0.9011634
0.9014619
0.8873592
0.8847087
0.9049297
0.9060793
0.9121348
0.8918678
0.900205
0.8899312
0.8892212
0.9031562
0.8932898
0.888577
0.902368
0.9015259
0.8932056
0.8810379
0.8809463
0.8936155
0.9090234
0.8901961
0.9035297
0.8999353
0.8828122
0.8839111
0.882338
0.8998547
0.9023219
0.9014811
0.8867836
0.8784278
0.9114909
0.8899155
0.9081356
0.9017773
0.8994445
0.8965885
0.8911789
0.9007145
0.8904966
0.8777875
0.9037605
0.9019691
0.8858189
0.8802786
0.9062333
0.890191
0.8998477
0.8736993
0.8829929
0.8790375
0.8986972
0.890606
0.8920426
0.8921348
0.8868866
0.8980617
0.8886784
0.8854685
0.8910732
0.9108641
0.8985345
0.9048895
0.8979314
0.9015306
0.9114567
0.8985757
0.8987901
0.9015814
0.9044476
0.8931022
0.9017768
0.9095622
0.8961446
0.917942
0.9069735
0.9137153
0.8806495
0.8930211
0.8928225
0.8844116
0.9337002
0.8812769
0.906199
0.9010753
0.8880312
0.8841168
0.8947669
0.8934758
0.8954633
0.8989917
0.9122219
0.895018
0.8955436
0.8871119
0.9058291
0.8708329
0.8697065
0.8902417
0.8899144
0.8902573
0.8863769
0.8836872
0.9011605
0.8956131
0.9001506
0.8820656
0.8878528
0.8833889
0.8867223
0.8941831
0.8812896
0.8734865
0.9012479
0.8872872
0.8800987
0.8762571
0.8680199
0.882943
0.9009259
0.8824163
0.9055844
0.8991304
0.8739708
0.8688813
0.870516
0.8885348
0.8944862
0.8911205
0.8885767
0.8632676
0.9079094
0.8888334
0.903289
0.895881
0.8901847
0.8843266
0.882032
0.8923202
0.8769253
0.8686166
0.9002929
0.8874046
0.8849182
0.8698151
0.8972006
0.8773876
0.8856692
0.863196
0.8718079
0.8700073
0.8926936
0.8801642
0.8791308
0.8849646
0.8749637
0.8883379
0.8790543
0.8889251
0.8845115
0.8987654
0.8973694
0.9007527
0.8975223
0.89853
0.9081847
0.8959082
0.8924149
0.9037578
0.8954808
0.8932891
0.9030143
0.9047757
0.8880608
0.9146779
0.8999929
0.9007102
0.8651359
0.8790618
0.8836325
0.869862
0.9342071
0.8679273
0.907451
0.9031789
0.8810628
0.868705
0.8857266
0.8857514
0.8867965
0.8859677
0.9060931
0.8937308
0.8828089
0.8786603
0.9106446
0.8950221
0.8938982
0.9071511
0.9064461
0.9068578
0.8882261
0.8864172
0.9164608
0.9143856
0.9228997
0.9013018
0.8993124
0.897949
0.8938359
0.9018425
0.9001142
0.8963578
0.9010312
0.9016492
0.8991311
0.8860246
0.8886966
0.9007723
0.9167986
0.8969962
0.9147965
0.9047875
0.8856583
0.89363
0.8933022
0.9054957
0.9089009
0.9031197
0.8910905
0.8902299
0.9090877
0.8923922
0.912564
0.9035946
0.9030026
0.8996022
0.8960412
0.908075
0.8992292
0.8961048
0.9008768
0.9062004
0.8876515
0.8907257
0.9159839
0.8979708
0.9084123
0.8858783
0.8934268
0.888937
0.9028464
0.8935184
0.8955506
0.8974031
0.8995697
0.9000884
0.8983634
0.8920512
0.8929646
0.9137034
0.9047397
0.9044328
0.9044643
0.904006
0.915497
0.9004738
0.8990288
0.9064782
0.906112
0.89752
0.9147824
0.9088776
0.9060302
0.9272976
0.910602
0.9161229
0.8911636
0.8930497
0.895196
0.8942074
0.9339451
0.8927534
0.9102564
0.8995537
0.8970943
0.8898076
0.9059523
0.8967569
0.9035691
0.9012994
0.9197748
0.8958224
0.9043034
0.8954609
0.9250999
0.9041206
0.9039795
0.9099227
0.9094533
0.9104638
0.9044353
0.9004257
0.9240339
0.9109688
0.9139988
0.904547
0.9045054
0.9038569
0.9053148
0.9101041
0.9013083
0.9039676
0.9133647
0.9043168
0.8971335
0.8975698
0.905374
0.8990845
0.9238207
0.9020364
0.924292
0.9190251
0.8981814
0.9014653
0.8999681
0.9030173
0.9181641
0.9088245
0.9022139
0.8981504
0.919545
0.9048785
0.9236782
0.9043167
0.9033112
0.9066032
0.9002367
0.9078842
0.9050872
0.9040637
0.9229892
0.9040289
0.9028985
0.9027061
0.9235691
0.9009311
0.9055421
0.8961641
0.9036191
0.9058364
0.9058195
0.8985104
0.9056908
0.9055223
0.9048923
0.9065988
0.9029623
0.9010137
0.9032587
0.9214129
0.9193373
0.9236082
0.9209627
0.9170628
0.9249181
0.9173354
0.9162278
0.9155285
0.9206461
0.9156677
0.9221642
0.9220651
0.9055143
0.9259033
0.9155306
0.9220495
0.900368
0.8961265
0.902571
0.8966348
0.9269587
0.9014358
0.9274886
0.9197223
0.9030201
0.8984797
0.9082691
0.8983785
0.9086357
0.9091513
0.9159777
0.9099435
0.9089136
0.8992813
0.9104067
0.890062
0.8893196
0.9004777
0.9013064
0.9013344
0.8990845
0.8948005
0.9083524
0.9078354
0.9088058
0.8933456
0.8973062
0.8969224
0.8945292
0.9025511
0.897189
0.8906573
0.9134527
0.8985431
0.896405
0.8899515
0.8849209
0.8991327
0.9079492
0.8902435
0.9146329
0.9097163
0.8856138
0.8889167
0.8799252
0.9047436
0.9011396
0.8986123
0.8982901
0.8841097
0.916541
0.8921198
0.9069676
0.9046926
0.901746
0.8931487
0.89729
0.9027372
0.8946124
0.8899729
0.9100752
0.8952156
0.8991976
0.8863417
0.9072183
0.8930305
0.8939084
0.8818949
0.8846579
0.8876673
0.8988253
0.8882113
0.8946587
0.8969232
0.8953353
0.9009302
0.8950019
0.9010572
0.900556
0.9029933
0.9049173
0.909594
0.9085374
0.9100351
0.9128861
0.9046255
0.9095106
0.9117327
0.9034726
0.9051547
0.9105451
0.9127744
0.9007862
0.9222724
0.9038159
0.9065601
0.8802602
0.8893723
0.8922557
0.8887584
0.9400071
0.8880578
0.9129425
0.9139716
0.8957256
0.8855791
0.8973101
0.9014224
0.8935869
0.8965542
0.9136959
0.8966649
0.8958934
0.8870282
0.916237
0.907329
0.9081935
0.9165981
0.9168906
0.9170197
0.8975578
0.898341
0.9240648
0.9194151
0.9238545
0.9156259
0.9112636
0.9110927
0.9042312
0.9106348
0.9103484
0.9118384
0.9011007
0.9129368
0.9073303
0.8985904
0.9022644
0.9115073
0.9228077
0.9113209
0.9210316
0.9120644
0.9046878
0.9096562
0.9056848
0.9072373
0.913236
0.914878
0.900169
0.9063154
0.9139305
0.9040858
0.9215044
0.9162773
0.9080288
0.9142192
0.907821
0.9139277
0.9111779
0.908277
0.9133296
0.914385
0.8996803
0.9034003
0.9230892
0.9049937
0.913221
0.9079079
0.9098195
0.9067269
0.9092399
0.9085727
0.9078905
0.9102137
0.9105209
0.9114235
0.9092072
0.9003491
0.9027006
0.9253342
0.9142451
0.9093413
0.9115749
0.9111885
0.9221557
0.9099819
0.9107114
0.9091291
0.9131998
0.9075355
0.9182438
0.9159448
0.9100321
0.928487
0.9168866
0.9232068
0.9037111
0.9035162
0.9026724
0.9088893
0.9257132
0.9085881
0.9169253
0.9079528
0.9056876
0.9065774
0.9133871
0.900867
0.9144136
0.9134532
0.9248284
0.9059017
0.9152946
0.9081978
0.9174867
0.8938774
0.8916029
0.9045819
0.9047202
0.9057824
0.9049166
0.8964037
0.9108683
0.9001677
0.9037918
0.8991804
0.8988657
0.9032871
0.9074625
0.907382
0.891256
0.8947312
0.9112946
0.8997209
0.8947406
0.8955747
0.8953422
0.8981297
0.9102646
0.8976481
0.9160265
0.9203661
0.8931728
0.8952923
0.8862875
0.905572
0.9069595
0.8989349
0.9008862
0.8928176
0.9210798
0.9009524
0.9165474
0.8969688
0.8944974
0.8951633
0.8938252
0.9045851
0.8945142
0.8899175
0.920079
0.8956713
0.9078485
0.8971486
0.9086496
0.8869983
0.8972559
0.8882387
0.8910559
0.8930489
0.898211
0.8959523
0.8978584
0.8998479
0.896499
0.9026981
0.8982697
0.9069867
0.8989809
0.9125631
0.9113591
0.9182171
0.9137846
0.9142394
0.915769
0.9098872
0.912577
0.9179574
0.9103574
0.9098821
0.911108
0.9238876
0.8986902
0.918609
0.9021636
0.9163533
0.8852559
0.8972776
0.8975183
0.8945998
0.9330479
0.8961881
0.9179329
0.9237022
0.8985256
0.8868564
0.8896092
0.8965493
0.8931644
0.8947031
0.9103648
0.9072382
0.8990427
0.8885096
0.9218529
0.8970215
0.8940827
0.9072637
0.9069832
0.9079954
0.8983033
0.8971966
0.9223773
0.915792
0.9217042
0.8997863
0.9101701
0.9036279
0.8994232
0.9088721
0.9073275
0.9026555
0.9085694
0.9104421
0.9080609
0.9015959
0.8951641
0.9057715
0.9236594
0.9047984
0.9207576
0.9110258
0.8972965
0.8912563
0.8992404
0.910805
0.9191421
0.9081665
0.8957919
0.8906527
0.9145722
0.9039207
0.9230199
0.9107358
0.9098253
0.907169
0.9006727
0.9110451
0.9019766
0.8993822
0.9165087
0.9113018
0.895633
0.8939798
0.9205996
0.9055209
0.9155739
0.8902208
0.8989124
0.8997281
0.9103602
0.9007256
0.8989049
0.9010276
0.9010433
0.9029668
0.9022743
0.8973054
0.9013327
0.9264792
0.9175551
0.9112855
0.913473
0.9154418
0.9261342
0.912665
0.9153612
0.9110869
0.9194306
0.9094051
0.9229409
0.9187392
0.9092133
0.9236639
0.9194649
0.9275482
0.8953097
0.9000071
0.9002086
0.8924277
0.9278557
0.8935001
0.9226058
0.9089507
0.8975521
0.8974786
0.9060793
0.9037087
0.9106028
0.9150773
0.9196754
0.9069059
0.9109069
0.9060153
0.9080349
0.8823613
0.8800644
0.8928334
0.8930536
0.8931199
0.8930116
0.8826611
0.9071712
0.900398
0.9037598
0.8854643
0.8946629
0.887317
0.8894433
0.8991393
0.8911074
0.8856725
0.9031078
0.8958626
0.8825595
0.8803075
0.8823024
0.8882848
0.904583
0.8844259
0.9079882
0.901405
0.8826256
0.8837934
0.8720191
0.8993404
0.8996509
0.8949979
0.890794
0.8752246
0.9115434
0.8851715
0.9066266
0.898344
0.8910659
0.8911146
0.8888573
0.8973911
0.8841177
0.8777754
0.9035066
0.8921704
0.8896633
0.8808021
0.9067674
0.8843508
0.8937115
0.8745881
0.87897
0.8810607
0.8910438
0.8839159
0.8838261
0.8925964
0.8849957
0.8908495
0.8889831
0.8874512
0.8891491
0.9007634
0.8955075
0.905982
0.9035388
0.9025457
0.9059401
0.8998653
0.8943521
0.906339
0.901423
0.8960812
0.900152
0.9064062
0.8906797
0.9171519
0.9034883
0.9051873
0.8706865
0.8836178
0.8854446
0.8757097
0.9342894
0.8803064
0.9065873
0.9035785
0.8853882
0.8764697
0.8915607
0.8919994
0.8918622
0.8924534
0.9072448
0.8930685
0.8958487
0.8806981
0.9119925
0.0338865
0.3998552
0.8273973
0.825989
0.8279949
0.8920611
0.8896062
0.9023877
0.8843682
0.9001227
0.8023636
0.8933552
0.7755431
0.8917704
0.9004684
0.8898201
0.7919227
0.9087595
0.8953166
0.8868476
0.8860014
0.7810896
0.8897183
0.9021499
0.8752259
0.9069229
0.9080923
0.8604039
0.7849289
0.8786327
0.898953
0.8991866
0.8942835
0.8924132
0.8022369
0.9178096
0.8976576
0.9044944
0.8935486
0.8933687
0.8899539
0.8875018
0.8936607
0.8833052
0.7886501
0.9111555
0.8897153
0.8895155
0.7993929
0.9035019
0.8764473
0.888702
0.7689996
0.8092128
0.7915851
0.8983401
0.7732549
0.7496671
0.7718264
0.7255458
0.7698689
0.7561522
0.8987764
0.889156
0.9019601
0.8995214
0.9041439
0.9005689
0.9052785
0.9097538
0.8960357
0.8980736
0.9050196
0.894329
0.8982307
0.9069627
0.9176706
0.8908215
0.9159687
0.8955829
0.9039701
0.8793786
0.892021
0.8944046
0.6875928
0.9366885
0.7779797
0.9127079
0.9092258
0.767652
0.874525
0.8824294
0.8867591
0.8884381
0.8928533
0.9054534
0.9017253
0.8842513
0.8808523
0.9116084
0.881715
0.8801227
0.8944343
0.8944993
0.8953062
0.8817298
0.8820123
0.9126758
0.9037452
0.9086338
0.8889364
0.8884576
0.8849671
0.886696
0.8961011
0.8942218
0.8870562
0.8973076
0.8883305
0.8899731
0.881259
0.8821768
0.8897593
0.9154253
0.887618
0.9092679
0.9037473
0.8788881
0.8835992
0.8832396
0.8993918
0.9085493
0.8937598
0.8846986
0.8763028
0.9082476
0.8901455
0.9160769
0.8960259
0.891952
0.8922448
0.8875103
0.89859
0.8890633
0.8826308
0.9069362
0.8913763
0.8835634
0.8802185
0.9122739
0.8843625
0.8972426
0.8729985
0.8830059
0.8837075
0.8937179
0.8844433
0.8819065
0.8845438
0.8832908
0.885969
0.8823825
0.8813036
0.8827656
0.9125256
0.9065117
0.9053467
0.9004565
0.9090973
0.917787
0.905708
0.9006469
0.8969868
0.9077197
0.8982832
0.9127219
0.9105157
0.8951108
0.924168
0.9030316
0.9149773
0.876365
0.8809601
0.885987
0.8782929
0.9251002
0.8769632
0.9118123
0.9019138
0.8792831
0.8764997
0.8970233
0.8880903
0.8925655
0.8978276
0.911053
0.8924135
0.8950517
0.8855519
0.9072388
0.8769978
0.8777742
0.8981683
0.8973036
0.8988394
0.8963205
0.8886694
0.9007042
0.8958042
0.9034188
0.888482
0.8916696
0.889745
0.8917797
0.9008999
0.8848905
0.8745239
0.9062723
0.8914671
0.8874812
0.8843951
0.8742608
0.8906885
0.8986748
0.8787868
0.9065854
0.9031936
0.8812799
0.8762195
0.8685679
0.9001693
0.8948437
0.8936924
0.8912305
0.8762239
0.9162392
0.8899265
0.9029754
0.8997378
0.8947313
0.8860479
0.8877317
0.8940115
0.8869426
0.8793545
0.9045025
0.8917853
0.8932387
0.8759923
0.8973096
0.8827881
0.8881724
0.8712354
0.8800244
0.8780461
0.8973395
0.8817147
0.884822
0.89056
0.8837609
0.892655
0.8874684
0.8952401
0.8929334
0.9023862
0.8958543
0.904286
0.9024486
0.9010196
0.9061113
0.9001177
0.8957214
0.9088663
0.9014105
0.8966283
0.9013429
0.9118604
0.8963207
0.9150046
0.9018297
0.9036465
0.8680044
0.8861391
0.8874924
0.8791811
0.9349564
0.8815297
0.9076324
0.9092644
0.8893547
0.8749091
0.886327
0.8894263
0.8840788
0.8889879
0.9094395
0.8936985
0.8849349
0.879948
0.898845
0.8976251
0.8994762
0.9184414
0.9185746
0.9193959
0.9091465
0.9006267
0.8479444
0.9173732
0.9194109
0.9114938
0.9056979
0.9124916
0.9100025
0.9152955
0.9015222
0.9003629
0.903929
0.9067111
0.903139
0.8949367
0.9035713
0.9129572
0.8472819
0.911746
0.899747
0.9026286
0.9029472
0.9025888
0.9017799
0.9197429
0.848106
0.9088783
0.8976523
0.9061709
0.9173871
0.9004599
0.8502955
0.9142248
0.9097554
0.9070114
0.9084986
0.9108054
0.9008607
0.8995544
0.9033804
0.9087493
0.9018321
0.9027444
0.8461218
0.9027495
0.9094999
0.8970998
0.9012407
0.901604
0.9104928
0.9099048
0.9135156
0.911332
0.9054319
0.9159089
0.9103734
0.9065948
0.9003977
0.8329123
0.8903653
0.8998878
0.9007253
0.9004649
0.8985681
0.8914881
0.8920643
0.9070576
0.8875657
0.8910067
0.8932148
0.908886
0.9136749
0.9199626
0.9159155
0.8347335
0.8995398
0.9152452
0.9111317
0.9069593
0.9490254
0.9042413
0.8975277
0.9164218
0.9123488
0.8904876
0.9094786
0.9168881
0.9015783
0.9063379
0.923136
0.9100889
0.9036958
0.9008472
0.9231663
0.8998214
0.9002072
0.914269
0.9139168
0.9146162
0.9104394
0.9101336
0.9185049
0.9107069
0.9142789
0.9048099
0.9107168
0.9092106
0.9097455
0.9116586
0.8995033
0.8994893
0.9205224
0.9148562
0.9053296
0.9046098
0.899352
0.9056887
0.9140552
0.9015867
0.9227277
0.9228497
0.9007027
0.9041784
0.8936803
0.914099
0.9112993
0.9107632
0.9118293
0.8997296
0.924301
0.9105567
0.9153672
0.9113889
0.9132121
0.9073108
0.9081586
0.9128221
0.9065284
0.9011352
0.918591
0.906925
0.9111632
0.8996195
0.9164172
0.9034087
0.9037388
0.8992144
0.904233
0.9011708
0.9074888
0.9080619
0.9049165
0.9088573
0.9027802
0.9067735
0.9035024
0.9134054
0.9104312
0.9146622
0.9139449
0.920167
0.9168495
0.9214152
0.9201643
0.9139691
0.9193301
0.9234519
0.9182502
0.9184769
0.9155729
0.9297933
0.9107345
0.9237896
0.9140439
0.9185841
0.8942396
0.9064491
0.9073049
0.9026279
0.9366735
0.9004846
0.9232723
0.9264002
0.9100132
0.8975746
0.9032766
0.9104806
0.9082674
0.9017535
0.9168815
0.9134994
0.9075616
0.9028602
0.9114767
0.8782442
0.8765459
0.8913267
0.890882
0.8909097
0.8864429
0.8803894
0.9084237
0.8962142
0.9004376
0.8783896
0.8900175
0.8776621
0.883524
0.9000851
0.8882012
0.8744218
0.9032362
0.8895747
0.884336
0.88211
0.8709501
0.8859034
0.9091744
0.8841249
0.9108718
0.904539
0.877943
0.8741565
0.8686898
0.8954369
0.9060552
0.8908267
0.8828085
0.8708866
0.9122411
0.8899661
0.9099424
0.8937191
0.8872114
0.8903293
0.8805236
0.8927736
0.8814426
0.8707592
0.9053586
0.8936859
0.8856718
0.8700567
0.9090232
0.8803382
0.8900314
0.8616364
0.8738477
0.8712799
0.8908511
0.8793458
0.8779438
0.8840299
0.8765432
0.8855407
0.8796486
0.8810998
0.8896134
0.9073036
0.9015429
0.9015965
0.9048806
0.9030972
0.9162193
0.9012981
0.8965778
0.9022103
0.9022446
0.8982004
0.9087431
0.9103426
0.8940479
0.9191583
0.9042366
0.9100202
0.8682486
0.8803103
0.8841439
0.8746594
0.9319569
0.8722095
0.9132094
0.90697
0.8800446
0.8769393
0.8914132
0.8868618
0.8943275
0.8974705
0.9054158
0.893249
0.8926845
0.8857616
0.9027063
0.8760463
0.8712693
0.8978195
0.8975714
0.8982246
0.8925728
0.8848114
0.8956942
0.9040275
0.9097545
0.884862
0.8921618
0.886106
0.8880586
0.9038612
0.886334
0.8747756
0.9002208
0.8924735
0.8872126
0.8781737
0.8749634
0.8931679
0.9005374
0.886335
0.9011293
0.8956928
0.8798374
0.8709464
0.870384
0.9033576
0.8901381
0.8988528
0.88207
0.871261
0.9149114
0.8892876
0.8971133
0.8992122
0.8950133
0.8933524
0.8876274
0.8969178
0.8863489
0.8760881
0.8983876
0.8976948
0.8881572
0.8753939
0.8953925
0.8844538
0.8977131
0.8689507
0.8732919
0.8706202
0.8947595
0.8851785
0.8831117
0.8886091
0.8841812
0.8910165
0.8884816
0.8850466
0.8850679
0.897846
0.888897
0.9010343
0.9001655
0.8986008
0.9053705
0.8943652
0.8908403
0.9007472
0.8927569
0.8876359
0.898413
0.9045645
0.899463
0.9214172
0.8996011
0.8990545
0.8702737
0.8963112
0.8934474
0.8791509
0.9381845
0.8733756
0.9000807
0.9009055
0.8868305
0.8766907
0.8933731
0.8954568
0.8926042
0.8982246
0.9116241
0.8920213
0.8888051
0.8790676
0.9007778
0.8681451
0.8684951
0.8930795
0.8935756
0.89419
0.8917444
0.8839457
0.900457
0.8894222
0.8991906
0.8812799
0.8916246
0.8785413
0.8822592
0.8969036
0.8853021
0.8692249
0.9016847
0.8912238
0.8843653
0.8788099
0.8711892
0.8881711
0.9002635
0.8792173
0.9019888
0.8988183
0.8764594
0.8728733
0.8643595
0.8932198
0.8978456
0.8934974
0.8833231
0.8703845
0.9123379
0.8867405
0.9045206
0.8937454
0.8899989
0.8879347
0.8855498
0.8925257
0.8840424
0.8658648
0.898967
0.8911082
0.8819745
0.8741254
0.8976011
0.878505
0.8849643
0.8647382
0.8701493
0.8642225
0.8941655
0.8784066
0.8794336
0.8871747
0.8724525
0.8882313
0.8773354
0.8892583
0.8882074
0.8970346
0.8915876
0.8994155
0.8959058
0.8954555
0.9071713
0.8960736
0.8921445
0.9034463
0.8958469
0.8926187
0.9014511
0.9063165
0.895749
0.9142217
0.9014731
0.9007133
0.8620334
0.8830929
0.8824765
0.8652113
0.9387615
0.868121
0.9017646
0.9059237
0.8824458
0.8717536
0.8892154
0.8869305
0.8893228
0.8905211
0.9059001
0.8916877
0.8912927
0.8785582
0.931196
0.9040857
0.9041369
0.9077497
0.9079606
0.9077625
0.910178
0.9107118
0.9246424
0.9066304
0.9093252
0.9031741
0.9149662
0.9073618
0.9144966
0.919541
0.9108662
0.9045482
0.9237654
0.9163968
0.9077865
0.9082572
0.9062905
0.9076794
0.9253176
0.9010157
0.9261256
0.927966
0.9049998
0.90349
0.8968854
0.909694
0.9280124
0.9095608
0.9117606
0.907105
0.9274426
0.9106012
0.9264133
0.9127033
0.9092882
0.9072785
0.9071351
0.9112559
0.9092298
0.9049888
0.9283648
0.9082601
0.915463
0.9054097
0.9244781
0.9059793
0.9113775
0.9004243
0.9027044
0.9010587
0.9125434
0.903995
0.9047686
0.9076115
0.9074093
0.9067791
0.9053386
0.9140589
0.9131219
0.9265365
0.9256032
0.9306743
0.9260231
0.9251846
0.9311509
0.9254377
0.9240239
0.9270991
0.9274583
0.9231063
0.9282715
0.9309635
0.9145481
0.9259434
0.9129623
0.9272702
0.8988016
0.9029198
0.904894
0.902209
0.9339155
0.9039532
0.932923
0.9291256
0.9077879
0.9071626
0.9093916
0.9117411
0.9083876
0.9088253
0.9150995
0.9192666
0.9145723
0.9037112
0.9199375
0.8872507
0.8890355
0.8881779
0.8882449
0.8890969
0.892657
0.8897804
0.918614
0.9036362
0.9099413
0.8879656
0.8954534
0.8876496
0.8931949
0.9039671
0.8936291
0.8903371
0.9083774
0.8977457
0.892717
0.893075
0.8838612
0.8913926
0.9181882
0.8852231
0.9181481
0.9126861
0.8843922
0.8875547
0.8795702
0.8948151
0.9127026
0.8958297
0.8939491
0.8801179
0.9157095
0.8961822
0.9175056
0.9002931
0.8938644
0.8927597
0.8912556
0.9005772
0.8964153
0.8857511
0.9147033
0.8974847
0.8891324
0.8834843
0.9145773
0.8853515
0.8961011
0.8814638
0.8862314
0.8853423
0.8947387
0.8902136
0.8850636
0.8919302
0.8864342
0.8957658
0.8857631
0.8904651
0.8949645
0.9153587
0.911957
0.9110641
0.9116147
0.9121871
0.9186177
0.9090684
0.908361
0.9084467
0.9091845
0.9038667
0.9141074
0.9162696
0.8964213
0.922459
0.90924
0.9185426
0.8804712
0.8860596
0.8913067
0.8831313
0.9267038
0.8832222
0.9185761
0.9085612
0.8883642
0.8852819
0.8958001
0.8897393
0.89988
0.8954336
0.9104659
0.8980517
0.9004774
0.8880901
0.9309404
0.901473
0.9011691
0.9052106
0.9045507
0.9043129
0.9077542
0.911889
0.9246457
0.9071151
0.9101463
0.9015987
0.9147784
0.9072061
0.9131329
0.9188341
0.9097989
0.9041202
0.9232432
0.9152379
0.907974
0.9083683
0.9044061
0.9101484
0.926763
0.9012009
0.9274272
0.9276737
0.9022514
0.9019787
0.8990163
0.9099562
0.9262839
0.910843
0.9113787
0.9065283
0.9263928
0.9110888
0.9276221
0.9130375
0.91206
0.9059799
0.907322
0.9129776
0.9102867
0.9032926
0.9277266
0.9087497
0.9143256
0.9030194
0.9242581
0.905669
0.9112998
0.9001451
0.9008134
0.8989988
0.911823
0.9036456
0.9068648
0.9072276
0.9068721
0.9084041
0.9042657
0.9123459
0.9130073
0.9269109
0.9249722
0.9280924
0.9247267
0.9254107
0.9318197
0.9261104
0.9223446
0.9265852
0.9255227
0.9217603
0.9260946
0.9309322
0.914175
0.9252576
0.914876
0.9259055
0.8985221
0.902644
0.9047736
0.9009306
0.9337485
0.9013694
0.9328551
0.9267563
0.9080117
0.9080013
0.9095785
0.9103706
0.9099043
0.9093154
0.9167412
0.9183177
0.9138972
0.9037443
0.9145572
0.8762146
0.875974
0.9003792
0.9002493
0.9002774
0.8913774
0.8854377
0.9063332
0.9016565
0.9039735
0.8906361
0.8977305
0.8893717
0.8894163
0.902195
0.8925644
0.8806931
0.905244
0.8970656
0.8864553
0.887296
0.8788087
0.8900383
0.910443
0.8860674
0.9088234
0.9052478
0.8841545
0.8816951
0.8776028
0.898427
0.9083369
0.8960394
0.8932818
0.8803061
0.9148693
0.8897514
0.912875
0.8996705
0.8934016
0.8899554
0.8919238
0.8994514
0.8945498
0.8801187
0.9117775
0.8989881
0.8887565
0.8772013
0.9066236
0.8910969
0.8986164
0.8747534
0.8847645
0.8801071
0.8974213
0.8875076
0.8877069
0.890703
0.8827232
0.8962871
0.888437
0.8894946
0.8908668
0.9116266
0.9023779
0.9079696
0.9037161
0.9066808
0.915752
0.9040476
0.9027386
0.9087852
0.9090617
0.8971053
0.9108247
0.9157526
0.8987613
0.9195174
0.9052058
0.9105964
0.8741859
0.8868332
0.8895878
0.8799032
0.931756
0.8764631
0.9137906
0.9104025
0.8890987
0.8819397
0.8982064
0.8943735
0.8955649
0.8937549
0.9072985
0.8984576
0.8953707
0.8888689
0.9179278
0.888428
0.8876723
0.9025571
0.9029273
0.903801
0.8996232
0.8957811
0.9190622
0.9061805
0.9081083
0.8971645
0.9000812
0.8981786
0.8972444
0.9109988
0.90112
0.8947406
0.9106488
0.9031042
0.8943148
0.8956239
0.8879217
0.8975125
0.9178754
0.8932732
0.9159646
0.9116822
0.8934205
0.8865366
0.8842044
0.9048123
0.9147643
0.90279
0.9007797
0.8924308
0.9201294
0.8948022
0.9179566
0.9025756
0.9005965
0.8959577
0.896908
0.9035595
0.8998053
0.8920729
0.9129869
0.9029674
0.8979219
0.8892684
0.9160007
0.8973
0.9050704
0.8878447
0.8944219
0.8942456
0.900568
0.8954917
0.8928737
0.8939092
0.8930062
0.8971602
0.8929118
0.8997208
0.8979345
0.9185716
0.9107143
0.9131759
0.9104525
0.9142153
0.9218014
0.9091264
0.9128218
0.9131233
0.9164334
0.9104372
0.9182319
0.9172559
0.9022477
0.9235029
0.910521
0.9164821
0.8800536
0.8931795
0.8950421
0.893069
0.9328545
0.8861961
0.9178706
0.9173483
0.8938807
0.8889889
0.9020476
0.9006443
0.9017218
0.9058546
0.9120891
0.9026705
0.902968
0.8947143
0.9126828
0.8795582
0.8795324
0.8980414
0.898105
0.8989429
0.9019342
0.8928814
0.9090941
0.8989488
0.903209
0.8852424
0.8935877
0.8904163
0.8959994
0.9042434
0.8907137
0.8780866
0.9116689
0.8940133
0.8913408
0.8895569
0.8808152
0.8930552
0.9059968
0.8873299
0.9091069
0.9101549
0.8813774
0.8779103
0.874914
0.8999613
0.9070856
0.8966551
0.89439
0.8804082
0.9196903
0.8926374
0.9095991
0.8991479
0.8962363
0.8903686
0.8900378
0.8988894
0.8921583
0.8806653
0.909501
0.8939807
0.8933939
0.8834526
0.9069176
0.8867534
0.8943124
0.8745953
0.8814884
0.8800894
0.8902552
0.8865473
0.8868625
0.8886281
0.8840528
0.8930438
0.8900791
0.8936117
0.8943055
0.9030681
0.9074068
0.9088755
0.9077396
0.906357
0.9142093
0.9051315
0.9056584
0.9104504
0.9074462
0.9045742
0.9104084
0.9148868
0.8998185
0.9185256
0.9042378
0.9058329
0.8696901
0.8912764
0.8962046
0.8824986
0.9384681
0.8784037
0.9152191
0.9178703
0.8893185
0.8856907
0.8928254
0.8962207
0.8900128
0.8934043
0.9098278
0.9033336
0.8932975
0.8879788
0.9016543
0.8715763
0.8711941
0.8999224
0.899559
0.8999365
0.9006403
0.8891299
0.8935948
0.8911476
0.8964654
0.8833831
0.8931703
0.8855471
0.8946479
0.9022893
0.8872593
0.870937
0.9056272
0.893047
0.8792281
0.8811784
0.8741369
0.8905217
0.8952053
0.8813211
0.9035201
0.9018149
0.8739406
0.870789
0.8683611
0.9038482
0.8942304
0.8919267
0.8894262
0.8709795
0.9143343
0.8891195
0.8986089
0.8986294
0.8931065
0.8878478
0.8879441
0.8941055
0.8816863
0.8678663
0.900855
0.8930128
0.8935686
0.8746894
0.8898495
0.8832098
0.8902574
0.8638536
0.8690089
0.8642194
0.894456
0.8785709
0.883888
0.8870452
0.8742404
0.8888214
0.8831131
0.8954239
0.8935363
0.8931199
0.8911898
0.9046477
0.900043
0.8995092
0.9023646
0.8978013
0.8959483
0.9092944
0.894985
0.8937486
0.8990859
0.907398
0.8941651
0.9212742
0.9040733
0.893463
0.8686665
0.8925887
0.8891898
0.8714322
0.9430059
0.8704083
0.9008805
0.9108882
0.8830239
0.8707391
0.8882531
0.8942377
0.8842265
0.8901643
0.9097895
0.8980354
0.8857276
0.8800683
0.9179678
0.8991617
0.895711
0.9015008
0.9019484
0.9018996
0.8950551
0.8916891
0.9193271
0.9061589
0.9076293
0.89692
0.9048171
0.8946137
0.9009214
0.9089824
0.8976204
0.8936665
0.9064576
0.9062807
0.9012613
0.8968373
0.8916258
0.8975799
0.9194647
0.8963212
0.9152811
0.9080918
0.8956341
0.8918483
0.8959515
0.8999894
0.9191672
0.9035063
0.9021307
0.886105
0.9186407
0.9002503
0.9242182
0.9059233
0.9036936
0.9033406
0.8963087
0.9053813
0.8998303
0.8927026
0.9124842
0.9054182
0.8953013
0.8927268
0.9174508
0.8985024
0.9030053
0.8870828
0.8921289
0.8911891
0.9016045
0.8973597
0.895977
0.8937062
0.8946545
0.9009925
0.8928673
0.8968274
0.9013945
0.9223135
0.9145426
0.9112969
0.9139584
0.9126911
0.9230446
0.9106454
0.9119063
0.9116734
0.9154001
0.9105256
0.9159141
0.9174897
0.9047968
0.9194394
0.9080484
0.9238895
0.8921695
0.8934511
0.8943226
0.89053
0.9264789
0.8895095
0.9202686
0.9127932
0.8963797
0.8920577
0.9048594
0.8927561
0.9022104
0.9052164
0.9156128
0.9028052
0.9084389
0.8981676
0.9202524
0.8974323
0.8965273
0.9064214
0.9066338
0.9073445
0.8950551
0.8915899
0.9202813
0.9149745
0.9172057
0.9013902
0.9064417
0.9008128
0.9021693
0.9081793
0.9096546
0.8995016
0.9070519
0.9095273
0.9067103
0.8949053
0.8925523
0.9066826
0.9229571
0.903334
0.9148243
0.9103293
0.894095
0.895763
0.901556
0.9030086
0.915755
0.9146658
0.8974186
0.8892883
0.9166181
0.9105716
0.9222258
0.9073388
0.9082353
0.9100153
0.904059
0.9083975
0.9080159
0.8988228
0.9123437
0.9078796
0.8989515
0.8930947
0.9207907
0.90224
0.9148214
0.8923401
0.9031862
0.8988577
0.9094406
0.9031366
0.8983852
0.8997013
0.9021109
0.9048682
0.8985981
0.8963452
0.9023627
0.9249246
0.9154622
0.9131566
0.9123644
0.9143407
0.9230742
0.9102496
0.908815
0.9079003
0.9121803
0.9074323
0.9202853
0.9140886
0.9067899
0.9260388
0.91943
0.9271125
0.8969744
0.8975767
0.9
0.8928001
0.9333355
0.8964944
0.9193176
0.9117173
0.9007045
0.8942441
0.9104618
0.9003253
0.9103316
0.9106147
0.9214224
0.9073846
0.9057749
0.9059679
0.910558
0.883192
0.8838617
0.9027846
0.902693
0.9031828
0.8947805
0.89554
0.9062755
0.9030121
0.9074596
0.8910761
0.8983273
0.8909182
0.8966097
0.9066211
0.8955005
0.8832773
0.9029457
0.9003886
0.893479
0.8890609
0.8833791
0.8957011
0.9076923
0.8929942
0.9061677
0.9037403
0.8865346
0.8857287
0.8797521
0.9003115
0.9061172
0.902012
0.8932898
0.8798164
0.9156468
0.8964039
0.9072891
0.9029945
0.90198
0.8954046
0.8944625
0.9016687
0.8936147
0.8794247
0.9087212
0.8997417
0.8956231
0.8846931
0.9078075
0.8889566
0.8988633
0.8786399
0.8841231
0.8812376
0.8986878
0.8877091
0.8861923
0.8923291
0.8863294
0.8936744
0.8872484
0.8947312
0.8963221
0.9077916
0.9041228
0.9082631
0.9078195
0.9054587
0.9106236
0.9044563
0.9029515
0.9081499
0.904197
0.9031497
0.9091134
0.9150832
0.8986195
0.9195114
0.9102506
0.9085372
0.8779762
0.8926997
0.8884728
0.8849379
0.9354828
0.8821322
0.9112321
0.9103087
0.8897761
0.8819371
0.8917576
0.8966737
0.8917054
0.8925794
0.9126552
0.904943
0.8985436
0.8852684
0.9091467
0.8788218
0.8772076
0.8947145
0.8942325
0.8952761
0.8881954
0.8858672
0.90717
0.8966594
0.9002662
0.8817444
0.8931518
0.8863848
0.8931572
0.9003795
0.891887
0.8787208
0.9047534
0.8964844
0.8878879
0.8852743
0.8768269
0.8876392
0.9067271
0.8828173
0.9114772
0.9032293
0.8771757
0.8768295
0.8739747
0.901398
0.9065056
0.8963571
0.8894168
0.8743412
0.9102257
0.8850521
0.9081588
0.8940886
0.8913244
0.888877
0.8882182
0.8995386
0.8895721
0.8764723
0.9063399
0.896455
0.8881855
0.8768873
0.9085846
0.8834577
0.89392
0.8671751
0.8778493
0.8732631
0.8914243
0.8803256
0.8843746
0.8884754
0.8811328
0.8877427
0.8843615
0.8920918
0.8917352
0.90593
0.904397
0.9074879
0.905606
0.905537
0.9080681
0.9004548
0.8998028
0.905979
0.9059232
0.8999211
0.9065208
0.9122083
0.8925024
0.9188539
0.9042985
0.9078434
0.8702823
0.88344
0.8795772
0.8751998
0.9348384
0.8745955
0.9082419
0.9085776
0.8824691
0.8772767
0.8886457
0.8905587
0.8895501
0.893242
0.9062851
0.8950436
0.8897012
0.8800014
0.9172514
0.8836415
0.8856166
0.9004698
0.8995369
0.9005984
0.9014224
0.8959796
0.9081751
0.9037055
0.9040315
0.8949845
0.9039125
0.8929237
0.9018184
0.9075888
0.9009155
0.8813687
0.9143349
0.9035712
0.8966005
0.8952367
0.8860588
0.8993211
0.9090337
0.8954758
0.9122014
0.9115673
0.8871516
0.8881004
0.8870272
0.9073971
0.9068269
0.9028011
0.8971566
0.8881785
0.9209307
0.8971393
0.9102185
0.9038422
0.9036762
0.9006374
0.902243
0.9026484
0.8963262
0.8869807
0.9154582
0.9050807
0.8962981
0.8854479
0.9056199
0.8942107
0.9027637
0.8809995
0.8859509
0.8858998
0.899905
0.8931628
0.8954029
0.8943198
0.890136
0.8975355
0.8909508
0.9007366
0.8990787
0.9083316
0.9090717
0.9145688
0.9088962
0.9143794
0.9130054
0.9089982
0.906716
0.9128809
0.9111135
0.9045953
0.9108218
0.9138206
0.9053381
0.9175998
0.9078801
0.907269
0.888703
0.8976651
0.8942683
0.8913729
0.936927
0.8866904
0.9166163
0.9186735
0.895766
0.8872339
0.8988989
0.900483
0.8950378
0.9001158
0.9170995
0.9080762
0.8909527
0.889738
0.9162953
0.8789293
0.8793891
0.8967286
0.89652
0.8977176
0.8917087
0.8879644
0.9058547
0.8904802
0.8901683
0.8867465
0.8664696
0.8870257
0.8842624
0.8787736
0.8603025
0.881514
0.9065246
0.8690472
0.8576516
0.8918179
0.8810483
0.8450983
0.9067736
0.8684901
0.912422
0.9091006
0.8720012
0.878039
0.874895
0.869062
0.9023443
0.8642106
0.8948483
0.8833478
0.9116439
0.8915379
0.9074979
0.8692319
0.867341
0.8659103
0.8602333
0.8731972
0.8573219
0.8820331
0.9191285
0.8456898
0.8938066
0.8848785
0.9025881
0.8404307
0.8488044
0.8786461
0.884467
0.8806014
0.8617715
0.8762181
0.8840507
0.8862861
0.8781628
0.886314
0.8823911
0.8960187
0.890556
0.9069097
0.9094092
0.9135868
0.9080652
0.9095813
0.9087797
0.9027325
0.9093986
0.910758
0.9009987
0.9105318
0.9067616
0.9238465
0.8677291
0.9092362
0.8839495
0.90797
0.8740868
0.8777413
0.8768658
0.8771401
0.9215307
0.879675
0.9151406
0.9150831
0.8812149
0.8537404
0.8523305
0.8551775
0.8575864
0.8614626
0.8800043
0.8880245
0.858712
0.8397426
0.9064338
0.906814
0.9069527
0.9205785
0.9208986
0.9207024
0.9028631
0.9022732
0.9058148
0.9221561
0.9308768
0.9130542
0.9160692
0.9128626
0.9016794
0.9199367
0.912906
0.907338
0.8771149
0.9154702
0.9135333
0.8996578
0.9050089
0.9170522
0.9102089
0.9131905
0.8337612
0.8344152
0.9059651
0.9041882
0.9025143
0.9266692
0.9100627
0.9154369
0.901915
0.9035774
0.9167335
0.9072644
0.90922
0.9198414
0.9162562
0.9215185
0.9116634
0.9196887
0.9123843
0.9068871
0.9047794
0.9168016
0.9025305
0.9076297
0.9027218
0.9130743
0.9165493
0.9018965
0.9074002
0.9075885
0.9237898
0.9143874
0.9150004
0.9147743
0.9164962
0.9185932
0.9145826
0.9034677
0.9044661
0.9110944
0.85859
0.8635769
0.8632954
0.8604034
0.8844784
0.8612609
0.8518644
0.8680898
0.8600166
0.8560666
0.8751153
0.9130624
0.9183567
0.9292239
0.9180754
0.9150132
0.9067591
0.9127266
0.9176762
0.9084244
0.9455293
0.906728
0.9076715
0.8796234
0.9187066
0.9010942
0.9165519
0.9136044
0.9138499
0.9195528
0.9288442
0.9132483
0.9144466
0.9095248
0.930728
0.8365015
0.8335775
0.8667558
0.866298
0.8663245
0.90797
0.9046927
0.9219056
0.8994661
0.910789
0.8593607
0.9009891
0.8399524
0.9032521
0.9082388
0.8983997
0.8562147
0.9160743
0.9053082
0.901175
0.905382
0.8494895
0.898709
0.9243572
0.8917749
0.9265914
0.9228882
0.8891128
0.8512455
0.896381
0.9048574
0.9183866
0.9051131
0.9093568
0.8547781
0.914771
0.903834
0.9230032
0.910877
0.9070026
0.9066405
0.8965799
0.9099005
0.9022268
0.8524948
0.9233078
0.8999188
0.9067764
0.8521333
0.919776
0.8916595
0.89982
0.8471516
0.857337
0.8570427
0.9006623
0.8437152
0.8298337
0.8374496
0.8313737
0.8359899
0.8307537
0.9100945
0.9051025
0.921607
0.9236946
0.9212049
0.9212312
0.9209515
0.9244458
0.9206672
0.9226299
0.9188962
0.9222058
0.9174499
0.9219841
0.9295904
0.901723
0.9195619
0.9080717
0.920626
0.8903055
0.8965259
0.8955448
0.829123
0.9279369
0.8541428
0.9314522
0.9198772
0.8382583
0.8939611
0.8995324
0.9020255
0.9025114
0.8991225
0.9101817
0.9071384
0.8982961
0.8958467
0.9281235
0.8477331
0.8466635
0.8664889
0.8670531
0.8679761
0.9040088
0.8987108
0.9201269
0.9062252
0.9078024
0.8624283
0.9043539
0.8478709
0.9031106
0.908159
0.8988203
0.8616308
0.9142837
0.905085
0.9005345
0.9003082
0.8523289
0.899244
0.9200737
0.892924
0.9206072
0.9184525
0.88754
0.8584139
0.8958696
0.900007
0.9170674
0.9033547
0.9048879
0.8602406
0.9167582
0.9058363
0.922339
0.9082254
0.9062066
0.9034589
0.9008999
0.906175
0.8973265
0.8600484
0.9226
0.8998276
0.9024728
0.8544885
0.9187151
0.8890275
0.9001161
0.8541967
0.8634212
0.8588153
0.898157
0.8529272
0.850501
0.8517866
0.8461595
0.8501137
0.8477677
0.9055695
0.9009025
0.9215959
0.9205075
0.9147478
0.9163866
0.9173623
0.9233372
0.9113068
0.9167953
0.9160952
0.9157323
0.9142535
0.9159379
0.9247964
0.8979028
0.9215446
0.9081832
0.9182456
0.8977204
0.8949932
0.8906122
0.8375737
0.9292454
0.8531512
0.9260779
0.9144645
0.8445904
0.8914776
0.8992867
0.8954444
0.8987284
0.8982955
0.9141729
0.9040559
0.9051778
0.8996745
0.9209236
0.8166275
0.8146286
0.8516813
0.8529766
0.8536301
0.8953184
0.892755
0.9177689
0.8957926
0.9062923
0.8435663
0.8986058
0.8275306
0.8889487
0.9019311
0.8976772
0.8419011
0.9071108
0.8988764
0.8922027
0.8963467
0.8342782
0.8940315
0.9206973
0.8892517
0.9182487
0.9145073
0.8759496
0.8353118
0.8928635
0.8937981
0.916102
0.8992565
0.897764
0.8446433
0.9133
0.8987502
0.9196844
0.9032876
0.9010513
0.9005601
0.8909376
0.8995443
0.8889561
0.8411372
0.9202761
0.8975282
0.8965098
0.8349668
0.918433
0.886022
0.8981299
0.8306149
0.8444799
0.8437849
0.894387
0.8288981
0.8194908
0.821938
0.812888
0.8274674
0.8231241
0.8975174
0.8982127
0.9164827
0.9125915
0.9119661
0.9139664
0.9143809
0.9226871
0.9109707
0.9106518
0.9124916
0.9158252
0.9103897
0.9131366
0.9216658
0.8918415
0.9181747
0.9036267
0.9167133
0.8903027
0.8833267
0.8910671
0.8075729
0.9279734
0.8313108
0.9219856
0.9126099
0.8199962
0.8822171
0.8963512
0.8885425
0.8979007
0.8963747
0.9123758
0.8987053
0.8954001
0.8915774
0.9234273
0.8171409
0.8126413
0.8480253
0.8502222
0.8509654
0.8993074
0.8957431
0.9175743
0.8957412
0.901503
0.835171
0.8988764
0.8220954
0.8917017
0.9065835
0.8947557
0.8430111
0.9112653
0.9010128
0.89491
0.9001104
0.8316776
0.8921933
0.9169967
0.8863961
0.9174467
0.9145284
0.8765135
0.8349617
0.8884216
0.8970755
0.913233
0.9006959
0.8973261
0.8411393
0.912035
0.8999153
0.920881
0.9001893
0.8993223
0.8990475
0.8956113
0.9023654
0.891333
0.8372853
0.9194667
0.8932854
0.8965394
0.8355375
0.9154607
0.8832829
0.8976576
0.8294863
0.8444304
0.8393936
0.8931838
0.8290068
0.8165491
0.8214408
0.8162409
0.8223036
0.8213407
0.9013722
0.897661
0.9174251
0.9143779
0.9130943
0.9163938
0.916652
0.9178415
0.9065234
0.9128942
0.9170152
0.9086952
0.9121713
0.9148359
0.9232462
0.8913827
0.917019
0.9037215
0.9173133
0.8880739
0.8886052
0.8907968
0.8049815
0.9284321
0.8269165
0.9206491
0.9127413
0.8173398
0.884212
0.8923978
0.8922873
0.8929783
0.8935723
0.9101838
0.8997361
0.8946809
0.8905544
0.921933
0.8884834
0.8870881
0.9024253
0.9007907
0.9014752
0.9092397
0.9031891
0.9094806
0.8945556
0.8968558
0.8947574
0.8876465
0.8944827
0.8979344
0.8721772
0.8779921
0.8876368
0.9166608
0.8844472
0.8787097
0.8989542
0.8927189
0.8288578
0.9087245
0.8868039
0.9174063
0.9202988
0.882876
0.891352
0.8908673
0.8886463
0.9084644
0.8855873
0.9065656
0.8939513
0.9213116
0.902341
0.9126981
0.881051
0.8780095
0.8738445
0.8793946
0.8843627
0.871126
0.8883055
0.9252263
0.8681067
0.9105567
0.8931861
0.9089974
0.8578907
0.8720331
0.8860475
0.8884987
0.8868156
0.8822892
0.8879273
0.8906736
0.8983195
0.8859082
0.8912564
0.8913516
0.9078788
0.9028717
0.9024851
0.9131006
0.9217223
0.9185245
0.9158102
0.9145081
0.9082217
0.916075
0.9162882
0.9098141
0.915358
0.9129545
0.9309603
0.8799056
0.9124516
0.8901228
0.9075597
0.8886851
0.8955726
0.8904913
0.8926515
0.9300327
0.8914351
0.9199542
0.9224834
0.8961348
0.8729207
0.8608884
0.8809774
0.8687016
0.8703852
0.8768205
0.9012076
0.8722025
0.8331509
0.921386
0.8898617
0.888035
0.9027617
0.9018995
0.9021976
0.9108196
0.9050107
0.9100117
0.8940779
0.8997827
0.8973687
0.8881906
0.8972125
0.8989859
0.8736789
0.8794849
0.8900226
0.9155369
0.8868296
0.8771464
0.8994148
0.8952412
0.828927
0.9098326
0.8874281
0.9167489
0.9210128
0.8841189
0.8932889
0.8920887
0.89062
0.9087247
0.8853752
0.9052755
0.8945321
0.9216003
0.9029109
0.9153788
0.8822753
0.8786392
0.8759092
0.881811
0.8853453
0.8725049
0.8895315
0.9247951
0.8701913
0.9103541
0.8959056
0.9097995
0.8582117
0.8712817
0.8868013
0.8911093
0.887765
0.8841703
0.8872786
0.8926429
0.9011529
0.8884509
0.8925056
0.8937449
0.9079078
0.9058063
0.9053631
0.91394
0.9220172
0.9179451
0.917554
0.9146911
0.9101104
0.9163724
0.9178414
0.9092207
0.9147347
0.9127917
0.9302358
0.8793319
0.9124801
0.8918129
0.9095221
0.8885131
0.8970604
0.8910379
0.8933919
0.9327421
0.8927716
0.9197909
0.9230137
0.8985456
0.8752919
0.8627969
0.8789728
0.8684806
0.8719729
0.8763615
0.9038222
0.8745527
0.8328235
0.9201301
0.8880017
0.886483
0.9020407
0.9003271
0.9009351
0.9107556
0.9027214
0.9073153
0.8935032
0.8967384
0.8966752
0.8867668
0.8940094
0.8982881
0.8709348
0.8791652
0.8894322
0.9152819
0.8852412
0.8770289
0.8985999
0.8943808
0.8255426
0.9081485
0.8863214
0.916649
0.9194299
0.8822204
0.8911895
0.891501
0.8877262
0.9071537
0.8847824
0.9049377
0.8922081
0.9210218
0.9031155
0.914537
0.8795237
0.8769954
0.8759547
0.880806
0.8845962
0.8730815
0.8880213
0.9241572
0.8692075
0.911178
0.8950063
0.9082263
0.8570743
0.8708341
0.8836559
0.8893306
0.8859678
0.8809489
0.8864092
0.8905512
0.8996847
0.8851021
0.8912138
0.891388
0.9076485
0.9037658
0.9048297
0.9121004
0.9208572
0.9175029
0.9160829
0.9138597
0.9083022
0.9149689
0.9170567
0.9084152
0.9134411
0.9113445
0.92946
0.8786555
0.9103847
0.8923746
0.9099211
0.8864374
0.8966762
0.8908071
0.8920544
0.9309263
0.8903589
0.9188385
0.9224144
0.8958984
0.8724159
0.8596995
0.880402
0.8679459
0.8711556
0.8764475
0.9009409
0.872315
0.8320671
0.9134135
0.8761933
0.8745104
0.8984957
0.8979737
0.8999539
0.8967943
0.8937186
0.9026825
0.8876897
0.8911296
0.8842531
0.8664515
0.885982
0.8868851
0.8832064
0.8594064
0.8793614
0.9093295
0.8690001
0.8587815
0.8920004
0.8806918
0.8456252
0.9036989
0.8669061
0.9137029
0.9112742
0.8754141
0.8777477
0.8694434
0.8716644
0.9009606
0.8673492
0.8975891
0.8831263
0.9131634
0.8943735
0.9053261
0.8707863
0.8643901
0.8660563
0.8649847
0.8777356
0.8557757
0.8763181
0.9205344
0.8493585
0.8974748
0.8824687
0.9014778
0.8388388
0.8491291
0.874138
0.8816993
0.8763872
0.8617727
0.8764511
0.882496
0.8863218
0.8774238
0.8870306
0.8827317
0.8993286
0.8930075
0.9038668
0.9083396
0.9135957
0.9054243
0.9095707
0.906021
0.9042656
0.907157
0.910287
0.9012243
0.9081812
0.9018678
0.9237898
0.8661905
0.9055956
0.8843373
0.9039991
0.8737746
0.8771197
0.8775563
0.8778698
0.9265442
0.8801283
0.9152358
0.9181963
0.8859048
0.8569561
0.8477707
0.8632165
0.860023
0.8642749
0.8806586
0.8917128
0.8541304
0.8413442
0.895804
0.9026432
0.9001654
0.9145227
0.9153441
0.9160964
0.8925042
0.8915158
0.9029813
0.9187985
0.9278529
0.9078349
0.9111575
0.9089587
0.9021919
0.9127024
0.9075248
0.9021626
0.8658097
0.9121292
0.9056868
0.8897029
0.8963035
0.9143263
0.9069884
0.9123378
0.8538087
0.8518083
0.8992394
0.9000397
0.9028697
0.9217948
0.9025944
0.9130173
0.8984999
0.8987255
0.9109454
0.8974433
0.9083632
0.9110384
0.9089947
0.9147062
0.9072545
0.9168948
0.9069892
0.8979422
0.900482
0.916499
0.8940945
0.8974943
0.9021676
0.9079065
0.9191844
0.8952634
0.9003159
0.9011919
0.9108142
0.9052898
0.90624
0.9088679
0.9094016
0.9106031
0.9072836
0.8938731
0.8944573
0.9040528
0.8561641
0.8581015
0.8460691
0.8480155
0.8746006
0.8398302
0.8439968
0.8582911
0.8499333
0.8483511
0.8659282
0.9046172
0.9149138
0.9324245
0.913102
0.9068238
0.9016163
0.9009227
0.909117
0.8990099
0.9421939
0.8954841
0.8981094
0.865249
0.9050435
0.895989
0.9144784
0.909634
0.9132658
0.9159708
0.9301857
0.9068223
0.9082777
0.905636
0.9005733
0.9010428
0.8981046
0.9180968
0.9191809
0.9194002
0.8930513
0.8914085
0.9050237
0.9230153
0.9303767
0.909311
0.9074015
0.9123704
0.8987002
0.9139195
0.9092476
0.9066806
0.8664479
0.9085366
0.9067406
0.8886121
0.8998516
0.9133428
0.9108257
0.9124308
0.8538879
0.8423095
0.8999637
0.9006049
0.9064018
0.9146055
0.9039579
0.9117595
0.8928767
0.8995233
0.9113401
0.8999749
0.908644
0.9145753
0.9147617
0.9138826
0.9040248
0.9086617
0.9081166
0.900452
0.8943999
0.91772
0.8924987
0.9025906
0.9040119
0.9110659
0.9127312
0.8973864
0.9010372
0.9022355
0.9155953
0.9070382
0.9058397
0.9113185
0.9068276
0.9141613
0.9058735
0.8927616
0.8988764
0.9112877
0.8468758
0.8490501
0.8518561
0.8471081
0.8794384
0.8387407
0.838254
0.8535025
0.8514923
0.8423982
0.8663498
0.902545
0.9184031
0.9287493
0.9197258
0.9130528
0.9070411
0.9037101
0.9089242
0.9027808
0.9382288
0.8996242
0.897372
0.8578581
0.9051092
0.8940074
0.9131086
0.9086988
0.9152965
0.9170392
0.9321697
0.9065867
0.9082778
0.9029406
0.9138292
0.8867625
0.8865182
0.9006435
0.9005515
0.9008907
0.9027228
0.8946096
0.901737
0.8922031
0.896983
0.893452
0.8809283
0.890597
0.8950915
0.8500839
0.8703792
0.8883983
0.914347
0.8809954
0.8702742
0.8986605
0.8887402
0.8630623
0.8988986
0.8776775
0.9159986
0.9156789
0.8850428
0.8892831
0.8830994
0.8835847
0.8981232
0.8783745
0.8985856
0.8877131
0.9156811
0.8983594
0.9047237
0.8793599
0.8782333
0.8751957
0.8692121
0.8801989
0.8634658
0.8892704
0.9211315
0.8597579
0.9034156
0.8890899
0.896686
0.8431667
0.8612964
0.8855883
0.8874179
0.8850299
0.8727566
0.8837906
0.8937926
0.8938417
0.8850895
0.8963282
0.8856988
0.9043878
0.8952842
0.9036684
0.9068406
0.915858
0.9139731
0.9083553
0.9052303
0.9073604
0.9107009
0.9169085
0.9051858
0.908251
0.9071602
0.9229504
0.8669455
0.912285
0.8837999
0.9071253
0.8827466
0.8875725
0.8884137
0.8901226
0.9220905
0.8887726
0.911674
0.9218683
0.8938132
0.8644784
0.8530463
0.8780711
0.8633261
0.8584487
0.8875642
0.8971242
0.8719443
0.8489025
0.9206225
0.7639784
0.7561925
0.8342525
0.8330785
0.8349283
0.8996914
0.8961653
0.9170769
0.8870968
0.900147
0.8164963
0.8953509
0.7678586
0.8928802
0.9076923
0.8926831
0.8192375
0.9101732
0.8965615
0.8940658
0.8956127
0.8059557
0.8896774
0.9170699
0.8783614
0.9157264
0.9116728
0.8674832
0.8111376
0.8868842
0.9001098
0.9128079
0.8927414
0.9028785
0.8226064
0.9178484
0.9040079
0.9147662
0.8984402
0.8956644
0.8929182
0.8889806
0.8973617
0.8889008
0.8132842
0.9152139
0.8924436
0.9036076
0.8190229
0.9151897
0.8849917
0.8923839
0.7994303
0.8238081
0.819858
0.8927741
0.7639159
0.7162425
0.7683439
0.7516692
0.7264856
0.7709288
0.9018333
0.8987459
0.9150196
0.9138732
0.9123578
0.9108673
0.9141297
0.9165784
0.9060876
0.9077065
0.9119237
0.9126863
0.9044354
0.9134544
0.9191772
0.893403
0.9176491
0.9001839
0.9182606
0.8825911
0.8889488
0.8901834
0.754673
0.9282925
0.8007512
0.9208795
0.9130106
0.7763939
0.8812391
0.8927793
0.8867618
0.8984719
0.8931246
0.9055093
0.9020899
0.8936865
0.8844156
0.9286521
0.7821299
0.7801366
0.8440803
0.8441205
0.8452512
0.9052736
0.9061528
0.92585
0.9011452
0.9051721
0.8318571
0.9042176
0.8111973
0.9028531
0.9084534
0.8980419
0.8407341
0.9154382
0.9043359
0.8952904
0.9042851
0.8278416
0.8937253
0.9256319
0.8865263
0.922209
0.9184276
0.8803001
0.8375802
0.8957881
0.8988093
0.9189651
0.8999295
0.9072245
0.8422816
0.9221838
0.9060487
0.9246893
0.9052888
0.9013351
0.9003808
0.8967721
0.9022538
0.894513
0.8343037
0.9266114
0.8940613
0.9085411
0.8350496
0.9266928
0.8945367
0.8982979
0.826249
0.8424222
0.8375492
0.9029058
0.816769
0.7924506
0.8023345
0.7863045
0.8014481
0.8023929
0.9088818
0.9046277
0.9222559
0.9196526
0.9187529
0.9155192
0.9202081
0.9247905
0.9177986
0.9172232
0.9200797
0.9206601
0.9160152
0.922369
0.930946
0.8994857
0.9192776
0.9035285
0.9228546
0.89225
0.8956574
0.8943197
0.779209
0.9269485
0.8259161
0.9290336
0.917959
0.8089575
0.8901919
0.893377
0.894534
0.9044734
0.8983764
0.9124387
0.9060715
0.9023525
0.893126
0.9156822
0.9014981
0.9002593
0.9094625
0.9093679
0.9104911
0.8790593
0.8906539
0.9226671
0.926451
0.9325132
0.9062703
0.9125516
0.9040139
0.890127
0.9138875
0.9139727
0.9091437
0.8922205
0.9138878
0.9122508
0.8870788
0.8948356
0.9174846
0.9294453
0.9124987
0.9120699
0.9028289
0.9011385
0.898638
0.9067186
0.9097606
0.9217179
0.9119764
0.894184
0.8932128
0.9024618
0.8952419
0.9286756
0.9148603
0.9134622
0.915916
0.9047931
0.9101341
0.9118314
0.9023883
0.9096208
0.9118081
0.884601
0.8954378
0.9247026
0.9100546
0.9151441
0.8948322
0.9036889
0.8996521
0.9111497
0.9061347
0.9022863
0.90116
0.9064347
0.9059015
0.9002981
0.8842805
0.8948681
0.9292998
0.9106123
0.9013742
0.9063575
0.9114536
0.9259833
0.9057793
0.9022999
0.8988962
0.9099783
0.8995053
0.9227863
0.9085181
0.9124416
0.930719
0.9203786
0.9264901
0.9045761
0.8939439
0.9002713
0.8959777
0.9193183
0.89587
0.9129645
0.8923199
0.8994801
0.8979262
0.9180646
0.895591
0.9173076
0.9182085
0.9254176
0.9001071
0.9182412
0.9119542
0.9226467
0.7675968
0.7652697
0.8398393
0.8394529
0.8414001
0.9025614
0.902565
0.916757
0.8960346
0.9038568
0.8247272
0.9018151
0.80227
0.9017478
0.9078473
0.8938418
0.8344202
0.914199
0.9039303
0.8945065
0.9039921
0.8228059
0.8922771
0.9166376
0.8838965
0.9204466
0.9160107
0.8788449
0.822816
0.8927618
0.8997324
0.9150934
0.9011938
0.9031427
0.8328155
0.9206034
0.9079282
0.917502
0.9025604
0.9001326
0.8988978
0.8953229
0.9019307
0.8940873
0.8231534
0.9241605
0.8926182
0.9060766
0.8300523
0.9160193
0.8940313
0.8963875
0.8102156
0.8341921
0.8317371
0.8987771
0.7961154
0.7797326
0.7993013
0.777321
0.7939876
0.7901793
0.908115
0.9026776
0.9174033
0.916778
0.9159207
0.9115775
0.9144728
0.9186132
0.9089562
0.9126685
0.9167308
0.9126577
0.913787
0.9168006
0.9245197
0.8952751
0.918405
0.9053501
0.9188398
0.8894523
0.898203
0.8934184
0.770996
0.933894
0.8155454
0.9244688
0.9195161
0.8029799
0.8888968
0.8933059
0.8974022
0.898414
0.898448
0.908496
0.908817
0.9012584
0.8907665
0.9312399
0.8751895
0.8703636
0.8896244
0.8892193
0.8906217
0.9123266
0.912277
0.9256063
0.9114217
0.9177776
0.8832636
0.913937
0.8773632
0.9170284
0.9157256
0.9107846
0.877919
0.9181282
0.9146643
0.9085654
0.914969
0.8796039
0.9057249
0.9251276
0.9071988
0.9262032
0.9214386
0.8970851
0.8787582
0.9048376
0.9101757
0.9225874
0.9162149
0.9165617
0.8808932
0.9220143
0.9180294
0.9244782
0.9121107
0.9118024
0.9117483
0.9100165
0.9085623
0.9128645
0.8736334
0.9258652
0.911399
0.91538
0.8792199
0.9249547
0.9048945
0.9093581
0.8737588
0.8818943
0.8783065
0.9083462
0.8810933
0.8771569
0.8759466
0.8722957
0.877822
0.8768445
0.9136199
0.9121075
0.9244113
0.9245105
0.9219478
0.9189123
0.922519
0.9294089
0.9184189
0.9194398
0.9214515
0.9251026
0.9198329
0.9274356
0.9304412
0.9087311
0.9236381
0.9158466
0.9233958
0.9008475
0.9034336
0.9059639
0.8734678
0.9307824
0.8752309
0.9284096
0.9240124
0.8747748
0.9097095
0.9086088
0.9102875
0.9151075
0.9064268
0.920076
0.9167832
0.9098238
0.9070497
0.9021157
0.9035066
0.9009038
0.9175429
0.9167361
0.9171411
0.9036585
0.9010297
0.8521703
0.9193593
0.9261126
0.9120779
0.9062896
0.9083688
0.9087103
0.9149391
0.9048838
0.9009629
0.8945746
0.9084482
0.901527
0.9005932
0.9032878
0.9118486
0.8521901
0.9078924
0.9093917
0.9039627
0.9013706
0.897435
0.902525
0.9200377
0.8483682
0.910059
0.8960224
0.9013193
0.9152936
0.9012101
0.8518152
0.9077697
0.9030797
0.9077867
0.9057072
0.9110506
0.9047148
0.9017666
0.9048141
0.9106597
0.9054011
0.9042621
0.8516218
0.9083266
0.9122807
0.8970155
0.9050955
0.9034048
0.9129669
0.9054273
0.9119468
0.9148519
0.9043623
0.9155126
0.9099723
0.9007176
0.8989597
0.8541465
0.8903268
0.8980805
0.8981681
0.8947406
0.9053309
0.8886269
0.8922949
0.9030795
0.8888038
0.8887476
0.9005655
0.9088382
0.9113642
0.9250941
0.9151386
0.8565103
0.9040185
0.9109744
0.9125318
0.9078533
0.944192
0.9039151
0.8979637
0.9138174
0.9052992
0.8900079
0.9088116
0.9096125
0.9074454
0.9108123
0.9285271
0.9108621
0.9071559
0.8991288
0.921623
0.8830439
0.884752
0.8917679
0.8915208
0.891744
0.9033396
0.8979875
0.9148495
0.8923735
0.8990326
0.8879838
0.8754991
0.8886953
0.8911611
0.8854566
0.8629931
0.8862959
0.9119921
0.8734944
0.8623399
0.896022
0.8827067
0.8524179
0.9139743
0.8779963
0.9182178
0.9156975
0.8832352
0.8872926
0.8933643
0.877332
0.9083228
0.8718375
0.9010003
0.8860592
0.9156618
0.9002146
0.916417
0.8720697
0.8712167
0.8677848
0.8612943
0.8727273
0.859905
0.8860855
0.9204781
0.8432761
0.8987441
0.8814807
0.9135724
0.8526797
0.8528731
0.8774041
0.8877183
0.8862364
0.8676674
0.8855215
0.8877854
0.8892331
0.8890712
0.8927889
0.8870083
0.9027254
0.8984773
0.9168682
0.9124018
0.9153784
0.9104062
0.9162871
0.9170154
0.9108568
0.9147205
0.9154707
0.9084246
0.9125459
0.9159976
0.9239638
0.8713947
0.9100097
0.8909188
0.9172122
0.8912795
0.8835074
0.8874282
0.8826996
0.9163693
0.8844346
0.919188
0.9154551
0.885171
0.8605088
0.8619731
0.8672369
0.8733838
0.8583
0.8871892
0.897322
0.8778264
0.8570271
0.9162338
0.8872514
0.8883753
0.9044128
0.9043206
0.905275
0.8999603
0.8911776
0.9070449
0.9011283
0.9000247
0.8965382
0.8008988
0.8936984
0.8916251
0.8910353
0.7450235
0.8935327
0.9127291
0.7953572
0.723699
0.8972847
0.8865325
0.8675399
0.9060539
0.8758488
0.9185841
0.9136437
0.8865109
0.8928198
0.8844449
0.8825404
0.9024669
0.7958699
0.8989518
0.8895261
0.916261
0.892852
0.9095031
0.8611375
0.8561455
0.7712694
0.8132474
0.8361497
0.8137436
0.8877507
0.9205626
0.8558305
0.8985256
0.8884945
0.9038524
0.85597
0.8604994
0.8869347
0.894684
0.8905144
0.8779812
0.891125
0.8959811
0.8999181
0.8901127
0.8983003
0.8887491
0.9006122
0.8937859
0.9090747
0.9077558
0.9156412
0.9103871
0.9094568
0.9134355
0.908857
0.9111809
0.9129214
0.9107732
0.9091234
0.9124534
0.9223888
0.8773201
0.9109355
0.8913371
0.9103654
0.8858739
0.883737
0.8874537
0.8864368
0.9290278
0.8860452
0.9150353
0.9196699
0.8930705
0.8680458
0.8618637
0.8759801
0.8672993
0.868252
0.8927818
0.9009078
0.8751453
0.8589044
0.9213062
0.9064188
0.9056439
0.9089864
0.9090876
0.9098217
0.8767273
0.8857483
0.9292777
0.9278596
0.9354039
0.9065765
0.908625
0.9095334
0.8891074
0.9137303
0.9134215
0.9122222
0.8923571
0.9107947
0.9099538
0.8916969
0.899714
0.9160839
0.9369813
0.913746
0.9157826
0.9062431
0.9037015
0.9037357
0.9106786
0.9075429
0.9266669
0.9160355
0.8937498
0.8941622
0.9047362
0.8989987
0.9321232
0.9141645
0.9129953
0.9145139
0.9056982
0.9091105
0.9124558
0.9085588
0.9125033
0.9167654
0.8810916
0.8992254
0.9314069
0.9105229
0.9235405
0.8972152
0.9067388
0.904014
0.9100007
0.9080227
0.902231
0.9011433
0.9083267
0.9064047
0.9057362
0.878324
0.8981617
0.9315387
0.9163688
0.9014386
0.9112918
0.9114896
0.9313166
0.9076123
0.908518
0.8981864
0.9162648
0.9028929
0.9271259
0.911621
0.9144171
0.9303651
0.9218131
0.9336993
0.9078334
0.8944477
0.9024292
0.8987036
0.9162736
0.9012535
0.9173447
0.8924585
0.9015804
0.8996067
0.918225
0.8945485
0.9212706
0.9222763
0.9310869
0.9027174
0.920909
0.9132906
0.9231485
0.8961197
0.8986315
0.906824
0.906962
0.9069906
0.9182508
0.9065207
0.9092074
0.8947963
0.8955867
0.9009964
0.8824866
0.9030191
0.9058534
0.8933462
0.8739745
0.8907405
0.9221447
0.8860113
0.8724263
0.9071721
0.8997281
0.8754698
0.9028745
0.8908766
0.9228169
0.9241569
0.8963107
0.8990931
0.8876872
0.8936383
0.9034744
0.8873948
0.9171514
0.9032407
0.923931
0.903704
0.9075042
0.8881326
0.8863563
0.8750227
0.8848061
0.8866378
0.8768024
0.8957832
0.9296097
0.829296
0.9167699
0.901965
0.9057197
0.8599579
0.8425562
0.893464
0.8926227
0.8947066
0.8727499
0.8931126
0.9019496
0.9074113
0.8987089
0.9027375
0.9014899
0.9227625
0.9042425
0.9026469
0.9167111
0.9257995
0.9208532
0.9217107
0.9089447
0.9144176
0.9214253
0.9268327
0.9119204
0.9215929
0.9098766
0.9331399
0.8804867
0.9095876
0.8955373
0.902741
0.8897072
0.9010726
0.8938761
0.8992143
0.9351769
0.8974166
0.9219418
0.9300709
0.9006529
0.8743121
0.8627494
0.8915389
0.8711933
0.8648361
0.8919933
0.9050993
0.8773315
0.8601386
0.9212553
0.8900216
0.8911913
0.9018941
0.9007901
0.9017525
0.9002714
0.8957182
0.9099025
0.8951693
0.8986173
0.8909757
0.8025127
0.8919704
0.8930433
0.8908881
0.7356061
0.890466
0.9098953
0.803505
0.7666989
0.8979467
0.8870206
0.8651146
0.9112344
0.8816075
0.916157
0.9133948
0.8807158
0.8909506
0.8845244
0.8806659
0.9082549
0.7955158
0.8992195
0.8895355
0.9161758
0.8960352
0.9120485
0.8553809
0.8470789
0.7337662
0.809533
0.8375652
0.8014857
0.8908545
0.9228266
0.857884
0.8970008
0.8877751
0.9078938
0.8529994
0.8595583
0.8868978
0.8862221
0.8883125
0.8726498
0.8887408
0.8907484
0.8960885
0.8896027
0.8945863
0.8889569
0.9000108
0.8984047
0.9121976
0.9091399
0.9103088
0.909507
0.9115687
0.9158589
0.911015
0.9119771
0.9154915
0.9120023
0.9081574
0.9115435
0.9230108
0.8778295
0.9123559
0.8893933
0.915448
0.8842527
0.8832045
0.891931
0.8888567
0.9269702
0.8889894
0.9175351
0.9179088
0.8913387
0.87135
0.8635372
0.8721907
0.8734052
0.8640777
0.8905324
0.901633
0.8770042
0.8607106
0.928965
0.9010619
0.8983152
0.9067069
0.9071837
0.9081947
0.9014135
0.903128
0.9237191
0.9049098
0.9123391
0.9060466
0.8951199
0.9027235
0.8977265
0.9043752
0.8893955
0.9090432
0.9100064
0.8905102
0.8883973
0.8988152
0.9009092
0.8812243
0.9276938
0.8975519
0.9258759
0.9198184
0.8953563
0.9014109
0.90904
0.8956123
0.923324
0.8917105
0.9047435
0.8993875
0.9195069
0.9043169
0.9263113
0.8930958
0.8869127
0.8941911
0.8880504
0.8878584
0.8868695
0.9023043
0.9290607
0.8855447
0.9017908
0.9025318
0.9224338
0.8819765
0.8909239
0.9009347
0.9018659
0.9049609
0.8923279
0.8998177
0.897993
0.8998106
0.9024467
0.9023309
0.9033633
0.9029439
0.9026213
0.9258798
0.9212989
0.9160949
0.9212566
0.9170701
0.9317602
0.9200947
0.9185839
0.9166754
0.9186735
0.9196538
0.9234606
0.9275723
0.8891855
0.916354
0.9088284
0.9270607
0.9057193
0.8925996
0.8962498
0.9003237
0.9177242
0.9014976
0.9285161
0.9230062
0.9003885
0.892042
0.8874457
0.8848081
0.8949433
0.8884314
0.8979427
0.9032402
0.8949866
0.8866248
0.902965
0.9052141
0.9053491
0.9169191
0.9171683
0.9172739
0.8958845
0.896971
0.9134353
0.9245932
0.9281574
0.9124103
0.9103946
0.908339
0.9028406
0.9141148
0.9121387
0.9040765
0.8695865
0.911681
0.9099594
0.8952027
0.9033818
0.9136547
0.9202035
0.9164338
0.8599185
0.8492685
0.9012382
0.9025105
0.9059281
0.9154559
0.9106791
0.9191473
0.8992164
0.9030074
0.9110334
0.9000503
0.9173463
0.9147685
0.9155282
0.92041
0.9077205
0.912408
0.9084673
0.9052404
0.9008563
0.9159187
0.8925732
0.9033808
0.9123621
0.9109109
0.9179678
0.9000291
0.9085835
0.9040938
0.915366
0.9089093
0.9044231
0.9107372
0.9103411
0.9099541
0.9061852
0.8952259
0.9030353
0.9165115
0.8505501
0.8553156
0.8563918
0.8541919
0.8857607
0.8490681
0.8451615
0.8551706
0.859751
0.8482081
0.8651424
0.907173
0.9156287
0.9339944
0.9208361
0.9175214
0.9044391
0.9061172
0.9120548
0.9052635
0.9371768
0.8981867
0.9049413
0.8690344
0.9042846
0.9022526
0.9168208
0.9072054
0.9154147
0.9192674
0.9305386
0.9048942
0.9131206
0.9075126
0.9052995
0.9065738
0.9069867
0.9182964
0.9187719
0.9190289
0.8949623
0.8988173
0.9121246
0.9252593
0.9301473
0.9127353
0.9145405
0.9096435
0.9037066
0.9153234
0.9146394
0.9075703
0.870068
0.9146277
0.9125925
0.8967758
0.904402
0.916024
0.9201293
0.9156388
0.8624784
0.8501105
0.9054805
0.9023474
0.9063892
0.9167345
0.9138879
0.921891
0.8986594
0.9007493
0.9119729
0.9019404
0.9188081
0.9149332
0.914738
0.9221232
0.9088794
0.9123861
0.9109767
0.9065283
0.9024454
0.9183039
0.8926273
0.9047173
0.912847
0.911901
0.9185094
0.901505
0.9097363
0.9082529
0.9170721
0.9116456
0.9070025
0.9107181
0.9116034
0.9113664
0.9071103
0.8968057
0.9031087
0.9186847
0.8542704
0.8588155
0.85794
0.859661
0.887633
0.8501273
0.8492671
0.8591316
0.863916
0.8515476
0.8711202
0.9092371
0.915944
0.9349245
0.9220153
0.9205706
0.9077337
0.9056733
0.9114486
0.9047824
0.9358389
0.901207
0.9058195
0.8705985
0.9075948
0.9026056
0.9187101
0.9061308
0.9154644
0.9193862
0.9292168
0.9038853
0.9115164
0.9074991
0.9023625
0.8978131
0.8986325
0.9195602
0.9195422
0.9194214
0.9152392
0.9056193
0.7916125
0.916586
0.9195108
0.9121742
0.9120185
0.908883
0.9169605
0.9178519
0.9098608
0.8970288
0.9081322
0.9123706
0.9060665
0.9015802
0.901613
0.91828
0.7888683
0.9150871
0.9029599
0.9062108
0.9058072
0.9001575
0.9010035
0.9268513
0.8544297
0.9131747
0.9046754
0.9040955
0.9229124
0.9070628
0.8579713
0.9134853
0.9132525
0.9093409
0.9111684
0.9159614
0.9064278
0.8964986
0.9083014
0.915715
0.9094276
0.9015714
0.7805538
0.9084188
0.9155398
0.8950254
0.9002741
0.8968496
0.9150538
0.9077927
0.9125797
0.9198744
0.9060398
0.9156887
0.912514
0.9119038
0.9038892
0.8467557
0.8964631
0.9061292
0.9017639
0.9045239
0.8986338
0.8911925
0.8950907
0.910183
0.8905737
0.8932855
0.8974479
0.9145837
0.915694
0.9284005
0.9175524
0.8504102
0.9028164
0.919182
0.9189417
0.9051541
0.9543833
0.9016598
0.8974792
0.9174024
0.9105794
0.89216
0.9124044
0.923489
0.9059487
0.9051584
0.9270873
0.9136559
0.9056657
0.8969619
0.9054552
0.9031934
0.9034013
0.9163758
0.9163964
0.9171892
0.8957829
0.8964688
0.9127997
0.9244016
0.9291587
0.9121285
0.911932
0.9077412
0.9030226
0.9139111
0.9138789
0.9070588
0.8719288
0.9122114
0.9096725
0.8939726
0.9019778
0.9146515
0.9215784
0.9175743
0.8613813
0.8478993
0.9030936
0.9051092
0.9082737
0.9163323
0.9134746
0.9200565
0.8981579
0.9008918
0.9107522
0.8996368
0.9174559
0.915599
0.9147158
0.9201358
0.9069216
0.914012
0.908844
0.9033283
0.9027184
0.9169858
0.8898648
0.9025713
0.9130935
0.9116774
0.9168853
0.89941
0.9074359
0.9079794
0.914776
0.9101801
0.9058629
0.909714
0.9091202
0.9083102
0.9061315
0.8952454
0.9005633
0.9204854
0.8526954
0.8581332
0.8568673
0.8570458
0.886105
0.8492393
0.8484189
0.8560354
0.8639373
0.8460861
0.8700198
0.9049879
0.914052
0.9320449
0.9217057
0.919136
0.9075373
0.904523
0.9111055
0.9049727
0.9360067
0.9030537
0.9075897
0.8685658
0.9068529
0.9000436
0.918313
0.9063638
0.9147093
0.9201402
0.9301261
0.904725
0.9111767
0.9060035
0.8933348
0.8977109
0.8955899
0.9137451
0.9135367
0.9136424
0.8936264
0.8913385
0.8905507
0.9210133
0.9299392
0.9033618
0.9071457
0.9026954
0.8956547
0.9145008
0.9078126
0.8919007
0.8868315
0.9082399
0.9051063
0.8854106
0.8905078
0.9090747
0.8996492
0.9104684
0.8978025
0.8914623
0.8955914
0.8932756
0.9010933
0.9143374
0.8865033
0.9126933
0.8877838
0.8895112
0.9122295
0.9010312
0.8940007
0.9143861
0.9130435
0.9079984
0.9030634
0.9124126
0.9008434
0.8898685
0.8830145
0.9132224
0.8891374
0.8912244
0.8885347
0.9051016
0.9153922
0.8856702
0.8934322
0.8930479
0.9137029
0.9015336
0.9044479
0.9061172
0.9057502
0.9086873
0.90562
0.8932958
0.8960058
0.8964062
0.8877991
0.893747
0.8873922
0.8908858
0.902617
0.885547
0.8819681
0.8932375
0.891494
0.8799659
0.8980214
0.8969784
0.9153209
0.9285369
0.9169671
0.8999058
0.9005487
0.9049178
0.9117879
0.8943022
0.9435935
0.8932729
0.8932241
0.8943531
0.902664
0.8871269
0.9146198
0.9075763
0.9065588
0.9101276
0.9298655
0.9047636
0.9057243
0.9037956
0.9204972
0.8945982
0.8941466
0.9080845
0.9069621
0.908707
0.9141743
0.9057461
0.9092359
0.8996466
0.9024331
0.9003638
0.8887421
0.8991974
0.9095732
0.8984014
0.884015
0.8908556
0.9147251
0.8900425
0.8828724
0.9027392
0.8936947
0.8821533
0.905849
0.8903578
0.919716
0.920744
0.8927068
0.8930865
0.8894561
0.8936997
0.9072541
0.8938585
0.9047281
0.8979113
0.9240037
0.9009709
0.9087236
0.8870343
0.8878352
0.886902
0.8891521
0.8935123
0.8833615
0.8927497
0.9250617
0.8799207
0.9142766
0.893726
0.9063477
0.8720507
0.8788917
0.8887283
0.8941889
0.8925845
0.8877349
0.8950641
0.9024779
0.9037858
0.8962388
0.9046079
0.8998833
0.9152333
0.9047585
0.911669
0.9113095
0.923112
0.9161497
0.9173609
0.915609
0.9105711
0.9149516
0.9204952
0.9098013
0.9112247
0.9137858
0.9289855
0.8897314
0.9145774
0.8987597
0.9134805
0.8920567
0.9004344
0.8998145
0.8949679
0.9316832
0.8935592
0.9156332
0.9292815
0.9030064
0.8787647
0.8803456
0.8897363
0.8774956
0.8812838
0.8979021
0.908881
0.8861425
0.8722131