0.9093136
0.8403047
0.9105381
0.785667
0.8816566
0.890894
0.9077417
0.910337
0.9112468
0.9074287
0.9122005
0.9118674
0.9114351
0.9060569
0.9025541
0.9180131
0.9031016
0.9038006
0.9043086
0.9072947
0.9097608
0.9040328
0.9097383
0.9036223
0.9129256
0.9099553
0.9108626
0.9067533
0.9044618
0.9064743
0.9106251
0.8877944
0.7956157
0.8006114
0.9109577
0.889649
0.9071287
0.9021913
0.8888494
0.8872186
0.9130419
0.8901722
0.9144548
0.8246722
0.9117034
0.9120841
0.9158259
0.9132712
0.9131277
0.9100018
0.9181305
0.9149003
0.9109603
0.9083494
0.9107471
0.8354186
0.9120169
0.8877875
0.9123931
0.8982295
0.8973868
0.8759055
0.8755869
0.8755462
0.9103645
0.9145197
0.9143394
0.8361083
0.8390186
0.9078571
0.8857884
0.912803
0.7683331
0.9138063
0.9117936
0.8351611
0.9114198
0.8831921
0.915325
0.9163167
0.9164149
0.9155302
0.9136568
0.9163576
0.925044
0.8796716
0.8990012
0.8899571
0.9049184
0.913358
0.9021319
0.8981934
0.8828105
0.8643543
0.9075555
0.7598588
0.9136196
0.89169
0.8929308
0.9095396
0.91867
0.8611151
0.9215282
0.8210727
0.8901753
0.90242
0.9238142
0.9228267
0.9223123
0.9225204
0.9237456
0.9245705
0.9256799
0.9216726
0.9200028
0.9252437
0.9222034
0.9217754
0.9195629
0.9211682
0.9210618
0.9218608
0.9225482
0.9173988
0.9209833
0.9216394
0.9223688
0.9198415
0.9200366
0.9205128
0.925171
0.894272
0.8209597
0.8322749
0.9230095
0.9007032
0.9187878
0.9208005
0.900492
0.9019068
0.9266286
0.9018059
0.930193
0.8448693
0.9238092
0.9234999
0.9272796
0.9217653
0.9224219
0.9223187
0.9270266
0.9246897
0.9247341
0.9235502
0.9218268
0.8620335
0.9271196
0.9044115
0.929852
0.9072578
0.9064788
0.8912347
0.889578
0.8899779
0.9185998
0.9303867
0.930532
0.8538067
0.8516347
0.9216488
0.8976333
0.92968
0.6224583
0.9209618
0.9191039
0.8523634
0.923645
0.8916483
0.9269266
0.9259765
0.9275051
0.9270965
0.924794
0.9253085
0.9331046
0.8907311
0.9060396
0.9040325
0.9082803
0.9253158
0.9153439
0.9025227
0.8982179
0.8769363
0.9135205
0.800554
0.9210509
0.9018453
0.9025831
0.9196163
0.8992981
0.8985039
0.8994713
0.8903068
0.8458895
0.86591
0.912883
0.9117574
0.9096145
0.9076481
0.909827
0.90835
0.9074561
0.9100734
0.9074579
0.9151575
0.9088709
0.9073955
0.9049643
0.9057599
0.9044809
0.9074724
0.9056705
0.9109846
0.9139934
0.9121549
0.9101014
0.904879
0.9068472
0.9100565
0.906278
0.8795874
0.8933248
0.8940572
0.9098102
0.8552442
0.9016429
0.9098473
0.8699566
0.8680168
0.9142847
0.8661014
0.9171495
0.8920211
0.9012152
0.8981498
0.9081866
0.9097288
0.9010394
0.9007577
0.9071069
0.9065969
0.9026135
0.9027027
0.9098456
0.8841838
0.9022002
0.8627754
0.9171045
0.8882975
0.8897773
0.8794035
0.8783534
0.8788429
0.9054049
0.9131691
0.9151839
0.8983822
0.8966283
0.9014079
0.7695977
0.920211
0.9008372
0.8995997
0.8942376
0.8953102
0.9181289
0.8382663
0.914062
0.9144158
0.9163976
0.9168317
0.914736
0.9133653
0.9211494
0.8829589
0.8736514
0.8615597
0.8866543
0.9050734
0.9052883
0.8806577
0.8468428
0.9015978
0.8896679
0.8852033
0.9140815
0.8734353
0.869281
0.9052792
0.9065072
0.8526761
0.9059692
0.8127892
0.8869009
0.8882825
0.9079205
0.907982
0.9099172
0.9074923
0.9114412
0.9094373
0.9095735
0.9050658
0.9050315
0.9179299
0.9035761
0.9000144
0.9017764
0.9043246
0.9021801
0.8999676
0.9041536
0.9043669
0.9094803
0.9075192
0.9062106
0.9055189
0.9025645
0.9054049
0.9105625
0.8881537
0.8132713
0.8033336
0.9101553
0.8891707
0.9018984
0.9045694
0.8948055
0.8948
0.9119815
0.8933544
0.914537
0.8266692
0.9108716
0.9103549
0.911924
0.9127827
0.9077661
0.9072507
0.9154095
0.9091005
0.9064128
0.9097465
0.9104546
0.8318292
0.9104173
0.8879905
0.9150407
0.9019249
0.9009374
0.8770034
0.8772152
0.877053
0.9056824
0.9175605
0.9172295
0.8463776
0.8491341
0.905659
0.8887496
0.9174073
0.7903942
0.9098164
0.9072922
0.8454137
0.9110079
0.8801361
0.912838
0.9122868
0.9130254
0.9140237
0.9111289
0.9127102
0.9224432
0.8841051
0.9007013
0.8970159
0.9019258
0.9107584
0.9008391
0.8963346
0.8868654
0.8691457
0.9084379
0.7798898
0.9176122
0.9006571
0.8995912
0.907753
0.9021349
0.9079124
0.8846182
0.8944456
0.8515613
0.7798587
0.9007723
0.8982387
0.8948325
0.8965174
0.8986346
0.8976519
0.8958711
0.8989617
0.9024711
0.9054755
0.9094573
0.9014537
0.8967435
0.9053839
0.9059113
0.9013271
0.9070761
0.9011436
0.9074566
0.8998865
0.9078736
0.8960924
0.8956906
0.9032541
0.899627
0.8784815
0.8962541
0.8943845
0.8976742
0.8568917
0.8952162
0.9080523
0.8719657
0.8717028
0.9166282
0.8582944
0.91158
0.8965974
0.8901308
0.8876778
0.8946817
0.8968214
0.891096
0.890613
0.8979761
0.8992452
0.8981131
0.8936355
0.8973569
0.8737911
0.8876199
0.8705904
0.9103224
0.8837294
0.8841044
0.8770014
0.8756
0.877797
0.8912244
0.9028019
0.904591
0.8976634
0.8997039
0.8986736
0.8661959
0.9150756
0.9003142
0.890836
0.8840733
0.8983397
0.9172434
0.8377232
0.9153881
0.9154011
0.9143523
0.9165521
0.9132356
0.9147183
0.9143084
0.8835347
0.8769939
0.8762248
0.8836966
0.8924974
0.8934489
0.8742198
0.8567423
0.9020665
0.8861047
0.8810267
0.9096113
0.8670912
0.8693362
0.894817
0.9025863
0.8454683
0.9043849
0.8414213
0.8848529
0.8964909
0.9109799
0.9069159
0.9088336
0.9067343
0.907683
0.9095878
0.9122694
0.9017677
0.9014968
0.9168024
0.8999162
0.9002956
0.9035692
0.8998243
0.8992307
0.9007248
0.9009837
0.9016145
0.9046506
0.9062141
0.9030646
0.8984895
0.903763
0.9021516
0.9037529
0.8969766
0.8436806
0.8394502
0.9078447
0.8958675
0.897589
0.8961944
0.8994646
0.8989952
0.9009176
0.8975435
0.9080447
0.8509645
0.914171
0.9107323
0.9118503
0.9100272
0.9118767
0.9107067
0.9196143
0.9097097
0.9065523
0.9104692
0.9127569
0.8123526
0.9123377
0.8901961
0.909708
0.9091738
0.9063566
0.8803134
0.8794674
0.8823082
0.9108775
0.9124932
0.9117583
0.8388284
0.8374168
0.9018284
0.8930514
0.9071682
0.8521867
0.9109117
0.9071645
0.8372379
0.8995437
0.8909908
0.9140927
0.9142957
0.9160905
0.9159594
0.914427
0.9154695
0.9247577
0.8888016
0.900091
0.8974766
0.8998911
0.911104
0.8997813
0.8958171
0.8885425
0.8775547
0.9117154
0.8048186
0.9108272
0.9044102
0.901884
0.9110884
0.8990126
0.8126505
0.8903984
0.8166545
0.8813014
0.8784657
0.9017492
0.8975901
0.8979518
0.8899329
0.8959468
0.8986927
0.8976609
0.8939455
0.8915583
0.9078004
0.893787
0.8893625
0.8871594
0.8905229
0.8895681
0.8895099
0.8903523
0.8899083
0.8960925
0.896214
0.8938869
0.8878668
0.8876255
0.8922332
0.8973677
0.8838437
0.8197477
0.8179158
0.897147
0.885425
0.884209
0.8920518
0.8900839
0.8893196
0.9045575
0.8893345
0.8998179
0.8384062
0.8984922
0.8955777
0.8958042
0.8949515
0.8992296
0.8969221
0.9017108
0.8947065
0.8942969
0.8960345
0.8975941
0.7684368
0.8982611
0.8788012
0.9011919
0.9037237
0.9017895
0.861598
0.8611463
0.8633003
0.8953774
0.9004244
0.901318
0.8005347
0.8010988
0.8919779
0.884502
0.9034841
0.8288936
0.8975634
0.8935043
0.8018667
0.9053888
0.8724213
0.9164037
0.9164915
0.9157928
0.9172189
0.9165118
0.915736
0.9165203
0.8775035
0.892908
0.890126
0.8981077
0.9011781
0.89258
0.8926184
0.8779802
0.8653698
0.9051835
0.7682809
0.9151755
0.8947616
0.8928097
0.8981661
0.8967185
0.8213287
0.8901616
0.8276943
0.8858065
0.8795504
0.9003214
0.8935496
0.8968183
0.8897779
0.8986396
0.8974257
0.8976778
0.8909397
0.8932603
0.9072665
0.8922288
0.8904691
0.8924802
0.8908107
0.8915172
0.8908193
0.8923765
0.8889787
0.8947868
0.8921239
0.8967146
0.8856191
0.8868244
0.8912184
0.8950586
0.8873614
0.8330706
0.8282467
0.8990108
0.8868592
0.8839097
0.8944932
0.8902892
0.8896473
0.9057551
0.8888203
0.9021418
0.8423011
0.9007959
0.9014945
0.9003881
0.8962881
0.8956362
0.8969416
0.9041281
0.8954098
0.8973735
0.8959391
0.9010458
0.7717112
0.8989478
0.8761856
0.9010318
0.9053447
0.9035803
0.8693075
0.8691523
0.8707721
0.8956813
0.9021651
0.9014815
0.8132422
0.8175219
0.89121
0.8850571
0.9050936
0.8451704
0.8973071
0.8935376
0.8151369
0.9051383
0.8768352
0.9141467
0.9155259
0.9177041
0.9192345
0.9152797
0.916475
0.9170413
0.8865664
0.8942359
0.889222
0.8994455
0.8982551
0.8904035
0.8917428
0.8783219
0.8724432
0.9080781
0.7866135
0.9163778
0.8982017
0.8962789
0.9000322
0.8997272
0.8254242
0.8980756
0.8243799
0.8807016
0.884506
0.9043725
0.8983216
0.90162
0.8977842
0.9021478
0.903732
0.9071163
0.8969974
0.8926255
0.9098083
0.8953697
0.892184
0.8899385
0.893074
0.8922162
0.8920897
0.8936332
0.8924088
0.8978385
0.900188
0.8950601
0.8907702
0.8943572
0.8926893
0.8986587
0.8891787
0.8301264
0.8287824
0.8977644
0.8894873
0.8856795
0.8927969
0.8920043
0.8916824
0.8986537
0.8911338
0.9026086
0.8396788
0.9059054
0.9031793
0.9063923
0.9006167
0.903699
0.9016177
0.908046
0.9030721
0.8974496
0.9014219
0.9032637
0.7809865
0.9015357
0.8806225
0.9033219
0.9053177
0.902395
0.8682732
0.8681186
0.8703575
0.9031546
0.9053108
0.9071522
0.8099401
0.8109807
0.8937999
0.8830765
0.9033742
0.8397916
0.8997888
0.894259
0.8073345
0.9008199
0.8781261
0.9125756
0.9138424
0.9134471
0.9155858
0.9146933
0.9149069
0.917363
0.8820267
0.8960733
0.8881766
0.9014094
0.9050046
0.8911863
0.896369
0.8779727
0.8637127
0.9064642
0.7786798
0.9113032
0.8982359
0.8984716
0.902954
0.8975619
0.816887
0.8911314
0.8134257
0.8836905
0.8770552
0.8991782
0.8928245
0.893079
0.8891218
0.897892
0.8957066
0.8978067
0.888697
0.8923708
0.9077973
0.8952079
0.8872081
0.8896288
0.8922602
0.8923239
0.8879668
0.8922965
0.8904844
0.8984125
0.8937833
0.8967212
0.8847424
0.8878009
0.8918266
0.8982343
0.886595
0.8168032
0.808383
0.8976958
0.8820027
0.8843129
0.8911929
0.8885388
0.8887297
0.9020169
0.8875615
0.9036153
0.835638
0.8987915
0.8965493
0.8980817
0.8964129
0.8960389
0.8916898
0.9006667
0.8962878
0.8929779
0.8941236
0.8941576
0.7726194
0.8958604
0.8740172
0.9038454
0.8985745
0.8983951
0.864
0.8642236
0.8657743
0.8938541
0.9031465
0.9032305
0.8060545
0.8072479
0.8897094
0.8784573
0.9025193
0.8325056
0.8949256
0.8919473
0.8053534
0.9048407
0.8712696
0.9153919
0.9136953
0.916489
0.9179858
0.9150821
0.9166957
0.9139315
0.8789264
0.8925124
0.8836332
0.8977402
0.8969124
0.8884594
0.8909868
0.8750274
0.8661472
0.9019172
0.770669
0.9162981
0.8931576
0.8927676
0.8972794
0.9009054
0.8419613
0.8988295
0.8462534
0.8888689
0.8886149
0.9074907
0.9031922
0.9054735
0.9009726
0.9067189
0.9054127
0.9056392
0.8965592
0.8966879
0.9102148
0.8947272
0.8964032
0.9013962
0.8998709
0.8980488
0.8967128
0.8998059
0.8970796
0.9011405
0.9028763
0.9006827
0.8999782
0.9012756
0.8972697
0.9024996
0.8949478
0.8460629
0.8423019
0.9014263
0.890536
0.8951
0.8959588
0.8962824
0.8969404
0.9035383
0.8956484
0.9065759
0.8499007
0.9073273
0.9030548
0.9078017
0.908381
0.90761
0.9048058
0.9107506
0.9082559
0.9021026
0.9050206
0.9063664
0.8052615
0.9067523
0.8867952
0.90932
0.9047267
0.9045538
0.8786877
0.8767781
0.8774323
0.9029116
0.9058156
0.9068176
0.8305561
0.8337188
0.8997804
0.889878
0.9076974
0.8556716
0.9029466
0.9024122
0.8334891
0.9054513
0.8842117
0.9148218
0.9160791
0.9165914
0.9166493
0.9141354
0.9164586
0.9182508
0.8917359
0.8998669
0.8911895
0.9023279
0.9084879
0.8922394
0.8970374
0.8892233
0.8776766
0.9085512
0.8119665
0.9117247
0.897566
0.9015039
0.9057025
0.8978559
0.8206528
0.8920291
0.8172721
0.8774314
0.875342
0.8991155
0.8926312
0.8995362
0.8931611
0.8977478
0.8986509
0.8988315
0.8868168
0.886953
0.9070781
0.8893626
0.8895778
0.8846211
0.8897236
0.8899039
0.889562
0.8905245
0.8878732
0.8948023
0.8946022
0.8895173
0.8849896
0.8884182
0.8886969
0.8983704
0.8863153
0.8165757
0.8201212
0.8949275
0.883297
0.8832738
0.8907082
0.8865465
0.8866976
0.901644
0.8904772
0.8983429
0.8356159
0.8988477
0.8963271
0.898176
0.8958701
0.8964896
0.8947748
0.9033085
0.8962217
0.8946592
0.8975772
0.8998922
0.7748291
0.899687
0.8780881
0.9020414
0.9004738
0.899315
0.8648138
0.8655412
0.8666297
0.8980032
0.8995685
0.8991209
0.8075547
0.8060867
0.889877
0.8839932
0.9027443
0.8248208
0.8951335
0.8918354
0.8050145
0.9008644
0.8720832
0.9124934
0.9139581
0.9142847
0.9158253
0.9139759
0.9133558
0.9151346
0.8732297
0.8971057
0.8869927
0.8981459
0.8984781
0.8858188
0.8944898
0.8766153
0.8603196
0.9041091
0.7755151
0.9118492
0.8973925
0.8964162
0.8976109
0.8993652
0.8156684
0.8861428
0.8160498
0.8808508
0.8796262
0.8997503
0.8948155
0.89149
0.8857733
0.8934641
0.892938
0.8997953
0.8899332
0.8907591
0.9067525
0.8901103
0.8869747
0.8804541
0.8920314
0.8892217
0.8870387
0.8897206
0.8896813
0.8926597
0.893837
0.8891556
0.8852088
0.8862547
0.8912303
0.8989286
0.8868067
0.8161678
0.8183947
0.8941207
0.8835135
0.8823748
0.8899767
0.8901405
0.8894179
0.9046175
0.8885047
0.9011957
0.8352456
0.8999928
0.8945194
0.898961
0.8950362
0.8959729
0.8929422
0.9007987
0.8950304
0.8913553
0.8926673
0.8961629
0.7658008
0.8964709
0.8802807
0.9003262
0.9001958
0.8985269
0.8646377
0.8641043
0.8657395
0.8939869
0.9017099
0.9027619
0.7999072
0.8026904
0.8895593
0.8787945
0.9046828
0.8339535
0.8937993
0.8875158
0.8040569
0.9030397
0.8716107
0.9168124
0.9172021
0.9177173
0.918495
0.9169202
0.9175064
0.913871
0.8795054
0.8910293
0.8873613
0.9020715
0.8990314
0.8923496
0.8926689
0.8745022
0.8664862
0.9040255
0.7645189
0.9150596
0.8954444
0.8980683
0.8974515
0.8979186
0.8291958
0.8912869
0.8265727
0.8846937
0.8771211
0.9006512
0.8984148
0.8956688
0.8923749
0.8973719
0.8961862
0.900223
0.8887704
0.8964888
0.9099196
0.8954894
0.887975
0.8874502
0.8920128
0.8907419
0.8881622
0.8919678
0.8893345
0.8990131
0.8940213
0.8962327
0.8887738
0.8902448
0.8960683
0.8999129
0.886024
0.8344289
0.8307301
0.8999417
0.8902553
0.8874408
0.8938412
0.890161
0.8902727
0.9064794
0.8879983
0.9028071
0.8393765
0.8971632
0.8977228
0.9000071
0.8999319
0.8955983
0.893124
0.9065971
0.8990961
0.8961915
0.8988997
0.9001509
0.7759174
0.8970514
0.8793135
0.9017778
0.9025656
0.9023506
0.8668712
0.8665903
0.8676346
0.8962003
0.9042358
0.9044015
0.8171383
0.8188389
0.891729
0.8858055
0.9054388
0.8404009
0.9002758
0.8933362
0.8174951
0.9053173
0.8763855
0.9147184
0.9143898
0.914488
0.9145824
0.9131503
0.9162156
0.9151474
0.8819548
0.8948226
0.889449
0.8993381
0.9012332
0.894943
0.8934447
0.8786963
0.871863
0.9050012
0.7860817
0.9138684
0.897614
0.8940305
0.8992543
0.8910686
0.8396209
0.9013294
0.8397931
0.8820438
0.8882755
0.9042342
0.901901
0.9000827
0.8956235
0.903815
0.9006827
0.9056013
0.889996
0.891515
0.908764
0.8912424
0.8931002
0.892886
0.8941497
0.8935325
0.8936544
0.8941099
0.8927601
0.8939427
0.9022982
0.8934743
0.8908271
0.8944359
0.8917015
0.9018392
0.8885452
0.8436346
0.835455
0.9000328
0.8919766
0.8832589
0.8918849
0.8925815
0.891624
0.8993105
0.8911921
0.9021707
0.8491448
0.9059737
0.9046643
0.9126412
0.9052075
0.9094958
0.9040567
0.9132154
0.9059411
0.9001897
0.9000893
0.9068039
0.8018489
0.9076615
0.8835164
0.9039038
0.9090588
0.9087724
0.8678129
0.8671549
0.8683248
0.9034026
0.9095397
0.9076308
0.8324856
0.832681
0.8910022
0.8892308
0.9075147
0.8576696
0.9054011
0.9043444
0.8295347
0.8988255
0.884447
0.9096549
0.9097503
0.9118019
0.9118558
0.9069126
0.9083803
0.9195501
0.8804064
0.8991626
0.8889724
0.9016051
0.9046748
0.8938243
0.8970893
0.8827589
0.8749636
0.9102334
0.8118071
0.9120334
0.9060165
0.8999857
0.9069527
0.8946087
0.8385878
0.8980208
0.8381446
0.8871912
0.8897298
0.9047619
0.8963377
0.8980667
0.8949763
0.8990217
0.8997707
0.9015703
0.8877781
0.8895107
0.9087046
0.8893429
0.8900481
0.8914966
0.8942294
0.890657
0.8902367
0.8920075
0.8899005
0.8939416
0.8958859
0.8909763
0.8886005
0.8931354
0.8918601
0.8983675
0.8935972
0.8421781
0.8320015
0.8962537
0.8932511
0.8837833
0.889375
0.8907129
0.8914609
0.8980091
0.8876224
0.9005498
0.8477104
0.9064202
0.904096
0.9084972
0.9031819
0.904866
0.9011171
0.9122019
0.9019545
0.8981432
0.9013934
0.9038786
0.7973507
0.9042679
0.8817846
0.9006987
0.9084597
0.9061556
0.864369
0.8633273
0.8660635
0.9008125
0.9048284
0.9073278
0.8301452
0.8274661
0.8895328
0.888901
0.9041319
0.8453385
0.9044105
0.8963621
0.8271769
0.8973101
0.8827188
0.9108283
0.9122252
0.9129349
0.9147859
0.9104762
0.9115838
0.9179201
0.8855696
0.8984671
0.8918648
0.8986119
0.9054748
0.8901063
0.8896179
0.8831485
0.8714849
0.9087069
0.7960749
0.915289
0.9016281
0.9016388
0.9008899
0.8927843
0.8191165
0.8934177
0.8167076
0.8783828
0.8799498
0.899189
0.8944284
0.8973034
0.8898243
0.8971759
0.8971942
0.8999156
0.885986
0.8870288
0.9094219
0.8904787
0.8845301
0.8874157
0.8896044
0.8883586
0.8845101
0.8908958
0.885727
0.8924644
0.897854
0.8941129
0.8858483
0.8881701
0.8843333
0.8948525
0.8838464
0.821875
0.8174242
0.8970939
0.8844572
0.8825045
0.8847588
0.8858163
0.8856865
0.8989553
0.8847438
0.8979226
0.833195
0.9008655
0.8971386
0.9027728
0.8972074
0.9002919
0.8961119
0.9044118
0.8984327
0.8936401
0.8935135
0.8964257
0.7719369
0.9003968
0.874202
0.8995082
0.9030199
0.9013541
0.8605814
0.8603836
0.8615264
0.9017195
0.8985851
0.9014756
0.8122237
0.8103462
0.8888603
0.8793994
0.9008301
0.8348859
0.8996271
0.8959159
0.8106151
0.8977839
0.8755623
0.911801
0.91312
0.9131032
0.9143451
0.9102954
0.9110602
0.9137354
0.8767568
0.8952889
0.888346
0.8962913
0.9020053
0.884539
0.8912001
0.8793658
0.8593819
0.9032786
0.7772133
0.9104996
0.8943841
0.8967964
0.8985126
0.8986051
0.8648806
0.8976989
0.8615808
0.8977754
0.8958326
0.9062657
0.9044285
0.9031854
0.9027249
0.906746
0.9032188
0.9079214
0.8925384
0.892306
0.914458
0.8869491
0.8909722
0.893349
0.8927587
0.8904838
0.8910793
0.8915869
0.8948003
0.8937546
0.9067604
0.8952755
0.8945165
0.8962233
0.8949154
0.8944724
0.9020796
0.8701436
0.8581166
0.899229
0.9018239
0.8816034
0.8912923
0.8993058
0.8988728
0.8931658
0.8937009
0.9001295
0.8659035
0.9102318
0.9052265
0.9135972
0.9053063
0.9113224
0.9083253
0.9160375
0.9046737
0.8988491
0.9047281
0.907443
0.834065
0.9079088
0.8865583
0.9006439
0.9105665
0.9095141
0.877504
0.8767324
0.8787425
0.9039375
0.9035924
0.9048422
0.8591673
0.8555923
0.8882267
0.9014708
0.8980856
0.8790951
0.9028384
0.900107
0.8565432
0.8928623
0.8944599
0.9123773
0.9140289
0.9129856
0.9146388
0.9095032
0.9122875
0.917796
0.8915279
0.9063288
0.8981268
0.9032599
0.9093014
0.8892892
0.9047484
0.8963938
0.8884112
0.9137552
0.8365315
0.9116633
0.9085639
0.9087448
0.9040476
0.8956768
0.814259
0.8934157
0.8225837
0.8789356
0.8791805
0.9006964
0.8963628
0.8975747
0.8934176
0.8975689
0.8973882
0.8997433
0.8905451
0.8901483
0.909477
0.8936013
0.8875387
0.8849889
0.8880228
0.8884042
0.8878901
0.889963
0.8898024
0.8944127
0.8940504
0.8895637
0.8873459
0.8901828
0.8915184
0.8969053
0.8882804
0.8245234
0.8185773
0.893767
0.8881846
0.8807648
0.8923976
0.8898217
0.8890565
0.9041106
0.8918575
0.8965993
0.8399191
0.8989899
0.8955575
0.9034237
0.8952099
0.9007159
0.8976577
0.9058384
0.8959212
0.8940765
0.8976768
0.9004715
0.7660878
0.8975656
0.8778239
0.9027232
0.8998322
0.8984724
0.8638847
0.8615299
0.8656229
0.8979849
0.8991053
0.900122
0.8072089
0.8082192
0.8895165
0.8835811
0.9016345
0.8345264
0.8934151
0.893403
0.8047545
0.9053737
0.8770317
0.9141853
0.9143138
0.9149459
0.9158032
0.9134916
0.9140913
0.9145649
0.8785353
0.8958725
0.8902618
0.9016005
0.9015566
0.8879373
0.8893617
0.87881
0.8588366
0.9063086
0.7845201
0.9152774
0.8993192
0.8967109
0.9019003
0.8964193
0.8204797
0.8944892
0.8235719
0.8846911
0.8777281
0.8978784
0.8961428
0.9019502
0.8966022
0.8995042
0.8996545
0.8982684
0.8912652
0.8900941
0.9078369
0.8931755
0.8851486
0.8820821
0.8860973
0.885944
0.8853759
0.8868139
0.8901164
0.8933416
0.8952468
0.8903309
0.8858056
0.886644
0.8885248
0.8961214
0.8904257
0.8230512
0.8243264
0.8928165
0.8879317
0.879631
0.8886459
0.8917952
0.8913915
0.9008611
0.8918427
0.8978118
0.8399072
0.8971008
0.8945547
0.8983354
0.8971811
0.9008912
0.8941742
0.9027679
0.8966585
0.8926639
0.8967483
0.8987068
0.7701818
0.8940337
0.8809428
0.9024951
0.9038783
0.9033911
0.8661677
0.864919
0.867101
0.8950998
0.8992872
0.8990422
0.8074094
0.8103845
0.8889337
0.883533
0.8987497
0.8342558
0.8977599
0.8936661
0.8062027
0.9039246
0.8755426
0.9163979
0.9167892
0.9179118
0.9178955
0.9162781
0.9173219
0.91379
0.8798358
0.8965982
0.8908441
0.8992023
0.8997512
0.8885762
0.8934161
0.8777835
0.8604068
0.9071161
0.7790841
0.9146516
0.898664
0.8988187
0.8997093
0.8958719
0.8242358
0.8857521
0.825725
0.88163
0.8733017
0.8964085
0.8945808
0.8916074
0.8875624
0.8947158
0.8918433
0.8941411
0.8838803
0.8891591
0.9026016
0.8958025
0.8827556
0.8808292
0.8869957
0.8874165
0.8824858
0.8883264
0.8854784
0.8918869
0.8869873
0.8927146
0.8811445
0.8828441
0.8852823
0.8941956
0.8895929
0.8322074
0.8237482
0.8950998
0.8812033
0.8807113
0.8918579
0.8904513
0.8897267
0.9033229
0.8847845
0.8984023
0.8463316
0.8946377
0.8927063
0.8962149
0.8931259
0.8917389
0.890735
0.9008658
0.8936809
0.8921126
0.8942218
0.8933749
0.763464
0.8909891
0.8735891
0.8977705
0.8998678
0.8983894
0.864415
0.8647234
0.8661102
0.891786
0.8952604
0.8970174
0.8139357
0.8174179
0.8873856
0.8812872
0.902121
0.8327797
0.8932905
0.8879426
0.8195463
0.9026385
0.8730803
0.9185989
0.9173586
0.9184817
0.9202072
0.9178351
0.9174742
0.9137472
0.8790537
0.8922096
0.8869443
0.8965554
0.8986555
0.8884172
0.8917528
0.8770756
0.8721104
0.9041772
0.7838375
0.9156133
0.8955343
0.8931394
0.8936432
0.9165233
0.9232821
0.8086575
0.9185505
0.9063822
0.8944024
0.8943601
0.896692
0.8952887
0.8925074
0.8932471
0.8942433
0.8921772
0.894889
0.8938194
0.9016657
0.9048788
0.8945375
0.8855692
0.8944933
0.8970984
0.8940866
0.8965975
0.8975599
0.8989884
0.890045
0.8972806
0.889234
0.8867629
0.8963962
0.8999569
0.9145504
0.9209929
0.9193319
0.8971278
0.9101859
0.8827269
0.9069684
0.908955
0.9101303
0.9129597
0.9061825
0.9008092
0.9184032
0.839949
0.8448003
0.8443547
0.8433156
0.8377466
0.8389355
0.8469308
0.8442724
0.8431584
0.8479731
0.8468841
0.8986894
0.8421742
0.9056804
0.9006339
0.9156079
0.914955
0.9034027
0.9022759
0.9025167
0.8347179
0.8980336
0.8982729
0.9207321
0.9213356
0.8898651
0.9074028
0.9125612
0.9234545
0.7382758
0.7461833
0.9181448
0.9147232
0.8977362
0.9166609
0.916897
0.9156831
0.9174651
0.9170298
0.9179825
0.9128615
0.9130858
0.9081216
0.913424
0.9081378
0.8409074
0.9032247
0.9116858
0.9057306
0.925757
0.9152122
0.9058347
0.9133914
0.9075171
0.9105612
0.8396727
0.9110638
0.9058194
0.8885288
0.9064925
0.8927288
0.8828812
0.9009463
0.9042308
0.8929329
0.8964652
0.8988744
0.8951473
0.8971956
0.8956781
0.8960081
0.9029963
0.9058824
0.8954433
0.8896173
0.8955132
0.8987675
0.8952319
0.8974303
0.8939063
0.9019835
0.8967618
0.9018496
0.8895099
0.889019
0.8957501
0.9036565
0.8925061
0.9024596
0.902091
0.8950011
0.8971726
0.8874894
0.9031789
0.8933844
0.8948302
0.913555
0.8962044
0.9065948
0.9010529
0.8952983
0.8959218
0.897798
0.8947104
0.8952863
0.8931021
0.897319
0.8975092
0.8946936
0.8946054
0.8976902
0.8775637
0.8936767
0.8971484
0.9064632
0.9045872
0.9009599
0.8884078
0.8895734
0.8892574
0.8981366
0.9041151
0.9082699
0.902025
0.9055585
0.8986355
0.8930518
0.915311
0.911776
0.8936005
0.8848955
0.9042729
0.9213424
0.8799272
0.9190372
0.9175064
0.9174172
0.9200319
0.9173769
0.9188215
0.9112883
0.8950028
0.8997192
0.8954184
0.9057205
0.8949243
0.893594
0.8985662
0.8927882
0.9134471
0.9097713
0.8919744
0.9165425
0.9003643
0.9009694
0.9015518
0.9095501
0.9251712
0.9047636
0.9171511
0.9190449
0.9109191
0.8806791
0.8786294
0.8799472
0.8719859
0.8785643
0.8774033
0.8782274
0.86601
0.8687959
0.8840462
0.8621096
0.8606106
0.865697
0.861108
0.8632395
0.8606993
0.8657967
0.8648659
0.871156
0.8768916
0.8680199
0.8663466
0.866802
0.8636295
0.8753997
0.9233934
0.9198605
0.9146846
0.8571537
0.9184421
0.8952332
0.8591222
0.9230609
0.9238152
0.8672881
0.9129644
0.9029641
0.9177231
0.9114177
0.9058084
0.9099734
0.9066762
0.909172
0.9070523
0.912899
0.9010977
0.9017819
0.9063633
0.9083506
0.9011231
0.90835
0.9053894
0.905871
0.9270822
0.92745
0.9121684
0.9109253
0.9122133
0.9094053
0.9042733
0.9055674
0.9211012
0.9223493
0.8981121
0.9139507
0.9099149
0.9252031
0.9048829
0.9026046
0.9235239
0.8723713
0.9125205
0.915535
0.9150533
0.9164447
0.9164649
0.9148055
0.9177876
0.9233564
0.918771
0.9174028
0.9182862
0.9180494
0.9082644
0.9016293
0.9197981
0.9127605
0.9270841
0.9303667
0.9078492
0.9170303
0.9266632
0.9222948
0.9124463
0.916265
0.9263474
0.8927939
0.9209756
0.9143461
0.9028751
0.8769035
0.8701774
0.875604
0.8707344
0.8760226
0.8763935
0.8691432
0.8749953
0.8723806
0.8847383
0.8773134
0.8716102
0.8712061
0.874612
0.8704484
0.871579
0.8713485
0.8736118
0.8746656
0.8793717
0.8786963
0.8715774
0.8695702
0.8749153
0.8305204
0.9167878
0.9173405
0.9174501
0.8658458
0.9111422
0.8917476
0.8806325
0.9173084
0.9182672
0.8814804
0.9093112
0.9040512
0.9172402
0.9007964
0.8923372
0.9018894
0.8982299
0.8964084
0.8962842
0.9034257
0.9021723
0.8972451
0.8963105
0.8987296
0.9021652
0.8961878
0.9088286
0.9075138
0.9203581
0.9198512
0.9113037
0.9105948
0.9104483
0.8936714
0.8972997
0.8962635
0.9199323
0.9232416
0.8971897
0.910729
0.9127609
0.9251789
0.8946005
0.8935953
0.9210174
0.8857482
0.9049998
0.9168702
0.9165753
0.9195439
0.9197965
0.9160584
0.9176873
0.9114822
0.9208218
0.9093676
0.9140957
0.9165021
0.8995043
0.8999086
0.9201388
0.9093712
0.9294809
0.9210435
0.9059872
0.9105486
0.9174775
0.9199915
0.8964601
0.9041494
0.860743
0.9129683
0.8237211
0.8872145
0.899804
0.9187662
0.9182481
0.9139529
0.9130419
0.9152149
0.9144411
0.9156537
0.9083915
0.9041032
0.922816
0.9041456
0.9106547
0.9098232
0.912209
0.9109666
0.910656
0.9114447
0.9075858
0.9149561
0.9152824
0.9152078
0.9156554
0.9132564
0.9072088
0.9170807
0.8975251
0.8296875
0.8244206
0.9153952
0.8975193
0.9098551
0.9114725
0.9005699
0.8994503
0.9112449
0.8922576
0.9198134
0.7296283
0.9206763
0.9163911
0.9229364
0.9197889
0.9198456
0.9197068
0.9213398
0.9166173
0.9151327
0.918832
0.9177762
0.8468798
0.9190272
0.892345
0.9227877
0.9032156
0.9015795
0.8815188
0.8813645
0.8826934
0.9185634
0.9244103
0.9243599
0.8499744
0.8505642
0.910433
0.896691
0.9176085
0.8341121
0.9183022
0.9156878
0.850958
0.9106518
0.8919073
0.9143262
0.9155766
0.9163474
0.9161052
0.9139446
0.9143459
0.9274365
0.889728
0.9039662
0.8960488
0.9005685
0.9216287
0.9053829
0.9000597
0.8909336
0.8674073
0.9106651
0.8098699
0.918851
0.9021597
0.9009331
0.9188692
0.9087536
0.8498996
0.9165022
0.5500693
0.8882602
0.8987708
0.9182899
0.920245
0.9205056
0.9194683
0.917208
0.9223826
0.9195133
0.9145887
0.9102236
0.9214799
0.9069039
0.91467
0.9154029
0.9138259
0.9132415
0.9148665
0.9151742
0.9149155
0.916351
0.9184725
0.9165718
0.9194431
0.9128023
0.9140304
0.918127
0.8892988
0.7231301
0.7733538
0.9219438
0.8933139
0.9113417
0.9123359
0.9008296
0.9017879
0.9164167
0.8959554
0.9248193
0.8330672
0.9202454
0.9183828
0.9208743
0.9219075
0.9221172
0.921939
0.9241515
0.9178392
0.9204494
0.9180999
0.9164307
0.8511185
0.9220544
0.895676
0.9265468
0.9099404
0.9080203
0.8809146
0.8810828
0.8824949
0.918543
0.9246665
0.9247312
0.8421227
0.8417057
0.9143261
0.8919574
0.9239095
0.8170341
0.9187648
0.9175093
0.8441391
0.9132338
0.8858694
0.9180848
0.9189524
0.9176706
0.9185886
0.9180418
0.9188408
0.931503
0.8870141
0.905937
0.8996255
0.9062891
0.9207855
0.909907
0.8993133
0.8928787
0.8684087
0.9105591
0.7606033
0.9182872
0.9028903
0.90131
0.9162483
0.9000974
0.8156393
0.8950721
0.8346374
0.8854962
0.8800456
0.9017964
0.8969234
0.8995903
0.8977468
0.9005487
0.9003847
0.901862
0.8957869
0.8926007
0.9091693
0.8977971
0.8904521
0.8912868
0.8936951
0.8931173
0.8904778
0.8939763
0.8962302
0.8986046
0.8959504
0.8984902
0.8890122
0.8917847
0.8932728
0.9024956
0.8869778
0.827723
0.8269722
0.8967608
0.8849388
0.8854101
0.8929361
0.8918581
0.8914948
0.9084958
0.8939548
0.905189
0.8420483
0.9001294
0.8981853
0.9021158
0.8983842
0.8977367
0.8965418
0.9046468
0.9024748
0.8962237
0.8978293
0.8989572
0.7817695
0.8993057
0.8804519
0.9041248
0.905243
0.9028508
0.8652251
0.8661193
0.8675829
0.900825
0.9041885
0.9049176
0.804863
0.8051418
0.8931763
0.8810478
0.9051084
0.8404323
0.8998019
0.8975314
0.8040668
0.9046401
0.8775301
0.9174447
0.9184379
0.9199707
0.9207102
0.9144781
0.9180236
0.9175453
0.8804466
0.8969652
0.8947368
0.9036
0.9019368
0.8911136
0.8976254
0.8804814
0.8678949
0.9033221
0.7887963
0.9172989
0.9004954
0.8950906
0.9034148
0.9039496
0.9098861
0.8721932
0.9054972
0.8921474
0.8733862
0.8905492
0.8866839
0.8862817
0.8854414
0.8887121
0.8888081
0.889527
0.8869343
0.885972
0.9008069
0.8897412
0.8890222
0.880412
0.8895712
0.8901512
0.8884804
0.8901636
0.88867
0.8879128
0.8867058
0.8891615
0.8815891
0.8791156
0.8839191
0.886664
0.900634
0.9062325
0.8986412
0.8846984
0.8962673
0.8761859
0.8900568
0.8965554
0.8965505
0.9003694
0.8880745
0.8964806
0.9008035
0.8888209
0.883997
0.891388
0.8839582
0.8878575
0.8824804
0.8916539
0.8905528
0.8848877
0.8839805
0.887725
0.8778815
0.8857411
0.8844849
0.8937311
0.9077813
0.9055768
0.8880779
0.8889208
0.8893637
0.8851797
0.8910971
0.8934113
0.9071416
0.9067844
0.8886349
0.8917576
0.9039525
0.9154534
0.8817806
0.8787375
0.9099338
0.9026928
0.8797055
0.9102041
0.9091195
0.9092908
0.9109398
0.9110336
0.9107261
0.9038124
0.9012411
0.8977404
0.9008453
0.9006237
0.8861477
0.8838822
0.9007728
0.8865314
0.9156836
0.9040234
0.8921095
0.9061701
0.8984676
0.9002927
0.8871686
0.9121607
0.9251673
0.8993157
0.9196615
0.9143979
0.9066255
0.8708157
0.8724495
0.8660133
0.8644953
0.8681486
0.8667887
0.8657981
0.8653594
0.8630389
0.8753929
0.8669209
0.8608294
0.8581367
0.8614937
0.864169
0.861132
0.8649808
0.8637474
0.8629005
0.8684142
0.8619229
0.8550278
0.8619236
0.8640081
0.873185
0.9238439
0.9182942
0.9156313
0.8542266
0.9215261
0.8875702
0.8608607
0.9226153
0.9226205
0.8673966
0.916046
0.9017375
0.9158937
0.9078108
0.8984187
0.9078202
0.9039244
0.9027435
0.9039477
0.9103239
0.9026637
0.9038482
0.9017898
0.9114243
0.9010404
0.9020247
0.9112018
0.9031031
0.9253197
0.9268428
0.9109329
0.9100398
0.9112869
0.9055244
0.9021667
0.9031369
0.9179528
0.9199583
0.8970385
0.9135611
0.912478
0.9250874
0.9045592
0.9009915
0.9195906
0.8672619
0.9109737
0.9182484
0.9181454
0.9201657
0.9197001
0.9218169
0.9204391
0.9180579
0.9199958
0.9165973
0.9140363
0.9207681
0.9052304
0.8989677
0.9234975
0.914328
0.9245067
0.9273362
0.9069304
0.9200244
0.9271799
0.9193644
0.908468
0.9108122
0.9070374
0.912386
0.8959062
0.8500595
0.8724716
0.9213017
0.9203334
0.9201412
0.9197078
0.9209732
0.9204999
0.9187919
0.9172022
0.9205731
0.9228228
0.9221011
0.9192305
0.9183282
0.9200745
0.9213321
0.9196207
0.9194503
0.9198341
0.9224738
0.922181
0.9240264
0.9181416
0.9189611
0.9196346
0.9202331
0.8797961
0.9024715
0.8985204
0.9210461
0.7171721
0.9186992
0.9216865
0.8770318
0.8779456
0.9245467
0.8722306
0.927735
0.9001053
0.9174177
0.9165917
0.918637
0.9177417
0.9179094
0.9153814
0.9220874
0.9170863
0.9192964
0.9171251
0.9199525
0.8955229
0.9205273
0.8766541
0.9261186
0.892522
0.8907608
0.8869934
0.8847111
0.8837478
0.9136865
0.9256142
0.9260251
0.9006885
0.9055589
0.9156635
0.8672052
0.9326103
0.90436
0.913605
0.9122408
0.9018926
0.9218146
0.8480328
0.9205943
0.919259
0.9207764
0.9220304
0.919506
0.9204138
0.9282558
0.879226
0.8871321
0.8818597
0.8941487
0.9201191
0.9125836
0.8827517
0.8585443
0.90208
0.8876091
0.8961743
0.9166132
0.8717649
0.8726543
0.913167
0.9036594
0.9262671
0.8995287
0.9197793
0.9197884
0.9143689
0.870471
0.869575
0.8667239
0.8600632
0.8682022
0.8667873
0.8694829
0.8583451
0.8550597
0.8726946
0.8523122
0.8569146
0.8581842
0.8564888
0.8568667
0.8568274
0.8571753
0.8568211
0.8541301
0.8711933
0.8526798
0.8556618
0.8566193
0.8554424
0.875519
0.9222234
0.922789
0.9147499
0.8517355
0.9207466
0.881417
0.8569126
0.9211356
0.9209133
0.8595939
0.9122782
0.8976174
0.9171587
0.9136845
0.9057046
0.9107486
0.9024768
0.9080295
0.9062478
0.9131857
0.9055064
0.8978036
0.9002841
0.9100237
0.8985871
0.9055447
0.9029498
0.8989631
0.9265046
0.9265737
0.9057215
0.9049316
0.9068689
0.9095571
0.9049257
0.9029411
0.9194607
0.9193967
0.8911803
0.9150943
0.9070364
0.9214862
0.9025145
0.902638
0.9187964
0.853576
0.9159886
0.914532
0.9137791
0.9156405
0.9159281
0.9147177
0.9166139
0.9211159
0.9183256
0.9194861
0.9168131
0.9231172
0.9066782
0.8951524
0.9273058
0.9127758
0.926133
0.9272615
0.9078744
0.9182562
0.9259259
0.9224417
0.910554
0.9076757
0.9237897
0.8982989
0.9191063
0.9157704
0.910577
0.8821596
0.8764472
0.8809655
0.8704358
0.879381
0.8812586
0.8822739
0.8725564
0.8680848
0.8880641
0.8720816
0.8696564
0.8689907
0.8662956
0.8688457
0.8700052
0.8687269
0.8702431
0.8765202
0.8780052
0.8743703
0.8706744
0.874696
0.8707029
0.8584988
0.92022
0.9145395
0.914932
0.8703127
0.9180843
0.8876171
0.8693351
0.9173206
0.9177031
0.8680936
0.9126283
0.8990351
0.9196354
0.9083486
0.9027014
0.9077717
0.9031077
0.9069518
0.9028551
0.9099013
0.9047892
0.9003948
0.9042572
0.9076912
0.901631
0.9028148
0.9069967
0.9026194
0.9257733
0.9269663
0.9129552
0.9120601
0.9121094
0.9051103
0.9024102
0.8997704
0.9201496
0.9219295
0.8975752
0.9140434
0.9089162
0.9262851
0.9018148
0.8970715
0.9186189
0.8721376
0.9131535
0.9145612
0.9145368
0.9150171
0.916447
0.9127952
0.9149616
0.9215041
0.9196686
0.9196078
0.9161121
0.9173539
0.9053646
0.8975915
0.9237929
0.9115779
0.9298398
0.9277515
0.9094898
0.9179008
0.922876
0.9228912
0.9072135
0.9031825
0.9169826
0.8818982
0.9159459
0.9082417
0.904525
0.8962281
0.8920216
0.897038
0.8946007
0.896868
0.8959115
0.9026985
0.8916728
0.8884354
0.9036605
0.8932285
0.8885679
0.8876275
0.8877795
0.8885322
0.8887571
0.8889955
0.8910513
0.8867336
0.8990455
0.8887065
0.8826245
0.8873517
0.8920358
0.8911414
0.9192428
0.9142928
0.9065906
0.891103
0.9146589
0.7939401
0.8889553
0.9148726
0.9143382
0.8967419
0.9048447
0.8923349
0.9095773
0.8944068
0.8898675
0.8974701
0.8919175
0.8956825
0.8868622
0.9026126
0.8911451
0.8928325
0.8917429
0.8973586
0.8878787
0.894898
0.8994488
0.8923576
0.9253993
0.9231609
0.9060001
0.9061949
0.9062826
0.8877211
0.9002454
0.8978252
0.9149019
0.917171
0.7052391
0.9103308
0.9007822
0.9205591
0.8924978
0.8885204
0.9151866
0.8971562
0.909692
0.9116573
0.911674
0.9138511
0.9139073
0.9138853
0.9119145
0.9072308
0.914622
0.9129686
0.9094999
0.9128457
0.8940257
0.8852701
0.9144702
0.9052197
0.9243518
0.9212647
0.8985838
0.9139533
0.9197979
0.9182001
0.8911079
0.9039081
0.9165965
0.882931
0.9161702
0.9093027
0.9047325
0.896934
0.8934737
0.8971362
0.8947446
0.8980529
0.8964176
0.9042409
0.8911243
0.8878054
0.9065346
0.8932931
0.889911
0.8880713
0.8878914
0.8889298
0.8898543
0.8894741
0.8915698
0.8884977
0.8995052
0.8881971
0.8837497
0.8878782
0.8921015
0.8919845
0.9195762
0.9142897
0.9069493
0.8915391
0.9141922
0.7931746
0.8893983
0.9161679
0.9155595
0.897719
0.9058029
0.8931097
0.9099657
0.8941061
0.8899744
0.8989957
0.8919421
0.8952208
0.8869339
0.9032142
0.8916145
0.8932173
0.8919281
0.8986952
0.8866807
0.8949591
0.8994241
0.8934241
0.9250061
0.9221241
0.9061646
0.9061624
0.9068004
0.888239
0.9014429
0.8994829
0.9149364
0.9178491
0.7122391
0.9116943
0.9006729
0.9193356
0.8912083
0.8888727
0.9154503
0.898141
0.9107111
0.9112332
0.9114816
0.9135414
0.913751
0.9134986
0.911799
0.9093384
0.9141572
0.9142637
0.9110051
0.9131507
0.8930384
0.8863301
0.9144285
0.9051885
0.9251268
0.92181
0.8987195
0.9156283
0.9197882
0.9190694
0.8903256
0.8954158
0.890747
0.8938024
0.8801447
0.8809932
0.8831822
0.9091562
0.9023816
0.9038682
0.8996973
0.9028689
0.9040278
0.9091767
0.8991471
0.8946849
0.9161281
0.8950533
0.8961342
0.8951246
0.8973597
0.8963525
0.8964058
0.8966469
0.8981045
0.8966147
0.9070608
0.8978648
0.8932468
0.8948467
0.8987757
0.9027571
0.8873934
0.8814874
0.8767489
0.9006772
0.8853166
0.8876542
0.896861
0.8907653
0.8901225
0.903996
0.8867477
0.9037566
0.8794237
0.9091363
0.9023009
0.9077049
0.9059902
0.9039914
0.9031565
0.9122925
0.8992284
0.9010191
0.9011522
0.9059059
0.8631819
0.902999
0.8768073
0.9062927
0.9048396
0.9037703
0.8106387
0.8119184
0.8112073
0.9042287
0.9079029
0.9101083
0.8844465
0.8842544
0.8902385
0.8818344
0.9059419
0.890885
0.9020772
0.8969586
0.8820281
0.9034388
0.8753125
0.912605
0.9126207
0.9150047
0.91662
0.9135915
0.9141137
0.9172658
0.8807426
0.897843
0.8941256
0.8941825
0.9019594
0.891575
0.8946049
0.8815919
0.8852677
0.9064589
0.8625742
0.9140009
0.8891872
0.8916601
0.9046905
0.9016175
0.8883938
0.9017222
0.8801905
0.8784637
0.8828529
0.9060333
0.9016571
0.9031105
0.9016923
0.9033313
0.9040537
0.9059029
0.8998656
0.8992733
0.9099896
0.9001209
0.8927972
0.89586
0.8958868
0.8945554
0.8927437
0.8959315
0.9013476
0.9036882
0.9047894
0.9060332
0.900095
0.9002
0.9019281
0.9024293
0.8770608
0.877937
0.8719947
0.9050461
0.8821972
0.8933652
0.8971079
0.8895559
0.8891908
0.9051537
0.8846659
0.9065259
0.8794308
0.9082167
0.8993769
0.9095339
0.9056214
0.901939
0.9034192
0.9160785
0.9085262
0.902618
0.9059732
0.905185
0.8603462
0.900391
0.8830767
0.9093646
0.8990963
0.8979759
0.805926
0.8062874
0.8073786
0.9078784
0.9101476
0.9106752
0.8799784
0.8826466
0.9012466
0.8823636
0.9100583
0.8860124
0.9036912
0.8980664
0.8831145
0.9057505
0.8755774
0.9152329
0.9155112
0.9166318
0.9165764
0.9144677
0.9154021
0.919879
0.8761939
0.9021434
0.887773
0.8925817
0.9082157
0.8938823
0.8923584
0.8756424
0.8864607
0.906931
0.8605582
0.9157741
0.8894116
0.8886137
0.9090651
0.8599716
0.9122752
0.9116201
0.9031092
0.8945449
0.9035853
0.9161309
0.9100865
0.9137539
0.9110188
0.9147251
0.914754
0.9161044
0.9054079
0.9039425
0.9185296
0.8991062
0.9026921
0.9078547
0.9052075
0.9047842
0.9034833
0.9042857
0.9035062
0.9030195
0.9147125
0.9036123
0.9043497
0.9094658
0.9068597
0.9067163
0.9080626
0.9075687
0.9009908
0.9094918
0.9041013
0.8937472
0.8964857
0.9023457
0.9015254
0.9004127
0.8997112
0.9075925
0.9024459
0.9211158
0.9134201
0.917537
0.914822
0.9194716
0.914966
0.9234456
0.9110708
0.908008
0.9154716
0.9171772
0.897759
0.9162233
0.890795
0.9116371
0.9169505
0.9149565
0.8936201
0.8943815
0.8951054
0.9129817
0.9112523
0.9149146
0.9040442
0.9044978
0.9005695
0.8946667
0.9134887
0.9134798
0.9141259
0.9155934
0.9046743
0.8989013
0.8981872
0.9067638
0.9087511
0.9111135
0.9106293
0.9099563
0.9114858
0.9272566
0.9042595
0.9048875
0.899411
0.9040443
0.920672
0.9033095
0.9047247
0.8956291
0.9106118
0.9168927
0.8924673
0.9170755
0.9099138
0.9092355
0.9148823
0.90736
0.9145485
0.9054189
0.9040236
0.8780567
0.8835552
0.9103289
0.9161938
0.9074539
0.9108535
0.9105224
0.9103355
0.912314
0.91194
0.9113206
0.9168788
0.9145904
0.9117951
0.9080336
0.91123
0.9100928
0.9116032
0.910574
0.9101646
0.9149557
0.9127725
0.9162556
0.9113738
0.9102523
0.9156742
0.9100246
0.8977811
0.9024972
0.905229
0.9149338
0.8808425
0.9049426
0.915933
0.8893662
0.8895557
0.9191351
0.8786521
0.91577
0.9009022
0.9096852
0.9080408
0.9100249
0.9121432
0.9092321
0.9125527
0.9138702
0.9107162
0.9102154
0.9103625
0.9121874
0.8937579
0.9069883
0.888233
0.91749
0.9015272
0.8999929
0.8886532
0.8874177
0.8883015
0.9084616
0.9130874
0.9138865
0.9087674
0.9085617
0.9075303
0.880844
0.9208257
0.9085928
0.905254
0.9026555
0.9096173
0.9191132
0.8738739
0.9157175
0.915316
0.9157526
0.9175397
0.913334
0.9132488
0.9214828
0.8969047
0.8874266
0.8861705
0.8961172
0.9113803
0.9046278
0.8938037
0.880767
0.9133732
0.9026113
0.8963549
0.9129743
0.8836411
0.890408
0.9068667
0.8658115
0.9108973
0.910754
0.9079856
0.8969499
0.9062298
0.9127044
0.9072518
0.9059832
0.9040151
0.909156
0.9076624
0.9084609
0.9019109
0.9026745
0.9139497
0.8997247
0.8973463
0.8980382
0.8952864
0.8965592
0.8972164
0.8975735
0.9013172
0.9009923
0.9075718
0.897102
0.9013894
0.8979197
0.9034118
0.9062432
0.9095235
0.909487
0.9061178
0.9051415
0.902699
0.8889423
0.9000183
0.905991
0.9056038
0.904818
0.9002378
0.9111592
0.9062797
0.9149351
0.911161
0.9166081
0.9127724
0.9147067
0.9138395
0.9181675
0.9095172
0.9058309
0.9128196
0.9159735
0.8917239
0.9097613
0.8939443
0.9111503
0.9196628
0.9185175
0.8961109
0.895118
0.8946856
0.9115443
0.9121976
0.910144
0.911356
0.9121006
0.899942
0.8979768
0.9100033
0.9140406
0.9119118
0.9128991
0.9119051
0.901856
0.8985575
0.9114907
0.9121951
0.9147691
0.9152822
0.9130511
0.9147902
0.9264273
0.9054672
0.9004512
0.8998123
0.9062841
0.9136693
0.9041436
0.9096013
0.8933051
0.9151842
0.9159863
0.8923699
0.9195235
0.9146208
0.9082689
0.912295
0.8772078
0.9209773
0.9184484
0.9187424
0.9086658
0.9155674
0.9194776
0.9155296
0.9198034
0.9192088
0.9192272
0.9185109
0.9208356
0.9119154
0.9094956
0.9224576
0.9049853
0.9079816
0.9111327
0.9091071
0.9087758
0.9080592
0.9099996
0.9085642
0.9090583
0.9214288
0.9110903
0.9111111
0.9155972
0.9110785
0.9182035
0.9203724
0.9168896
0.9139876
0.911731
0.9163979
0.9079004
0.9075241
0.914216
0.9133468
0.9151445
0.909369
0.9175321
0.915322
0.9234379
0.9181591
0.9182939
0.9189872
0.9180933
0.9197756
0.9251684
0.9173046
0.9183881
0.9213405
0.9235076
0.9065367
0.9204186
0.9076546
0.9193326
0.9234933
0.9237097
0.911905
0.9114778
0.9113342
0.920631
0.915974
0.9185736
0.9167739
0.918516
0.909754
0.9124903
0.9210707
0.9228588
0.9176079
0.918186
0.915622
0.9121114
0.915553
0.9173309
0.9170406
0.9197334
0.9199069
0.9180031
0.9190333
0.9317184
0.9140797
0.9130933
0.9091767
0.9162533
0.9207677
0.9120512
0.9175305
0.9086194
0.9211913
0.9226696
0.9095829
0.9231339
0.9236097
0.9191212
0.9201036
0.8700973
0.9154329
0.9170984
0.9117441
0.9056785
0.9141376
0.9211121
0.9145189
0.9180495
0.9197023
0.9174241
0.9174664
0.9222515
0.9091758
0.907139
0.9226398
0.9062557
0.9062522
0.9109722
0.9094924
0.9084218
0.9064859
0.9090227
0.9082863
0.9064243
0.9205792
0.912419
0.9159935
0.9152039
0.9106061
0.917351
0.9191642
0.9152259
0.9084619
0.9133236
0.9148331
0.9056816
0.9053025
0.9110249
0.9114061
0.9116931
0.9066443
0.9188993
0.9114189
0.9228263
0.9216697
0.919947
0.9203431
0.9225547
0.9241054
0.9250851
0.9176025
0.9175102
0.9194516
0.9231227
0.9023822
0.9193871
0.9002751
0.919012
0.9239703
0.9243359
0.907695
0.9058694
0.9066548
0.9219084
0.9214234
0.9222997
0.9110537
0.912099
0.9099843
0.9074821
0.9194589
0.9193397
0.9190993
0.9180661
0.9101914
0.9084545
0.9122888
0.9205551
0.9196642
0.9222326
0.9224078
0.9197625
0.9202991
0.9326438
0.9156681
0.9112763
0.910392
0.9137991
0.9197355
0.911157
0.9145326
0.9073832
0.9176953
0.9237575
0.9044658
0.9223641
0.9189521
0.912605
0.9213424
0.858323
0.9146994
0.9132496
0.9086637
0.9017713
0.9086855
0.9199144
0.9113682
0.9140936
0.9155975
0.9174659
0.9161105
0.9194205
0.9043896
0.9034382
0.9241784
0.9029925
0.9053299
0.907439
0.9054999
0.9069331
0.9056049
0.9061202
0.9080155
0.9070898
0.9187126
0.9068257
0.9105428
0.9106341
0.9076711
0.9135376
0.913852
0.9103205
0.905158
0.9152109
0.9089874
0.9003231
0.9025553
0.9048445
0.9045712
0.9069435
0.9075012
0.9136728
0.9068757
0.9218071
0.9178969
0.9217138
0.9165073
0.9192824
0.9190651
0.9260891
0.9114455
0.909272
0.9150071
0.9230959
0.8984814
0.9178345
0.8971571
0.9161747
0.9206689
0.920167
0.8999892
0.8996724
0.9000756
0.9176704
0.9154062
0.9169248
0.9109288
0.9101824
0.9069725
0.8981648
0.9189654
0.913395
0.9163958
0.9133992
0.9077864
0.9008231
0.9044012
0.9107943
0.9113491
0.913247
0.9136468
0.9109802
0.9113973
0.932204
0.909783
0.9088612
0.9043238
0.9098773
0.9190676
0.9080154
0.9120568
0.8997849
0.9146573
0.9201947
0.8959792
0.9187707
0.919465
0.9101843
0.9190153
0.7192628
0.9173346
0.9090909
0.9087348
0.8985314
0.9021323
0.9169256
0.912025
0.9122264
0.9101302
0.9108173
0.9127449
0.9145182
0.9014351
0.8996791
0.9153398
0.9027513
0.9024656
0.9037733
0.9013443
0.9015461
0.9019815
0.9031103
0.9014403
0.9018345
0.9137175
0.9061041
0.9059626
0.9071092
0.9020228
0.9056631
0.9088885
0.9111939
0.9053119
0.9115162
0.9035667
0.9000844
0.9033592
0.9025912
0.9020436
0.9043973
0.9005559
0.9149747
0.9117089
0.9215963
0.9134386
0.9189655
0.9143799
0.917926
0.9162919
0.9225271
0.9103522
0.9111229
0.9134996
0.9184627
0.8954877
0.9125387
0.8913233
0.9133341
0.9210655
0.9195048
0.9004278
0.8999928
0.9011853
0.9136951
0.9149579
0.9164755
0.9129091
0.914793
0.9050322
0.9044317
0.9152611
0.9154021
0.9130039
0.9109992
0.9139166
0.9040809
0.9045963
0.9114767
0.9123356
0.9144192
0.9137883
0.9104341
0.9131076
0.9270171
0.9098529
0.9054786
0.8984827
0.9042895
0.917938
0.9025306
0.9092743
0.8957562
0.9147211
0.917582
0.8991624
0.913763
0.9129538
0.9062733
0.9138249
0.8959565
0.8149052
0.8884243
0.8243367
0.8840559
0.8780326
0.8958902
0.8919137
0.8952618
0.8849001
0.8932732
0.8946061
0.8959773
0.8859179
0.8856025
0.9043833
0.8899072
0.8863963
0.8809754
0.8853372
0.8853459
0.8865421
0.888054
0.8869353
0.8904291
0.8896199
0.8879211
0.8836231
0.8827804
0.8852986
0.8950906
0.8879245
0.8264889
0.8258143
0.8925489
0.885284
0.8793529
0.8872596
0.8879112
0.8883023
0.9026907
0.8890712
0.8964746
0.839176
0.8973174
0.8941374
0.8988261
0.8961254
0.8956701
0.8952687
0.9051298
0.8944462
0.8887924
0.8944267
0.8963787
0.7658867
0.8930487
0.8772587
0.899658
0.904481
0.901533
0.8672714
0.8688743
0.8703341
0.8965517
0.8979622
0.9003621
0.8017338
0.8009981
0.8915517
0.8873567
0.9032581
0.8373272
0.892824
0.8910469
0.8001861
0.8992529
0.8741895
0.9155439
0.9149481
0.9157695
0.9177266
0.9120256
0.915523
0.9132638
0.8782201
0.895088
0.8881956
0.9003117
0.8968248
0.8863944
0.8939492
0.8761974
0.8659771
0.9026096
0.7804897
0.9119953
0.8964161
0.8924712
0.8997271
0.8960857
0.8207405
0.8984724
0.8317355
0.8864645
0.8870411
0.9035367
0.9004649
0.9005562
0.8986631
0.901708
0.8995709
0.9042538
0.897838
0.8995193
0.9114947
0.897271
0.8977991
0.8931487
0.8971022
0.8955439
0.8977503
0.895916
0.8955571
0.8998302
0.9014922
0.9000036
0.8953998
0.8951672
0.8969502
0.9043909
0.8879249
0.830426
0.8269595
0.8994791
0.8929146
0.8909291
0.8971264
0.8946027
0.8953793
0.9058682
0.8891018
0.9023987
0.8409032
0.9050361
0.8993059
0.9065704
0.9032659
0.9034162
0.9007511
0.9082591
0.902089
0.9015184
0.9001701
0.9016528
0.791291
0.9008241
0.8836115
0.9054827
0.9051894
0.9016892
0.8739008
0.8725121
0.87317
0.8988796
0.9077236
0.9089621
0.8072869
0.8106
0.9009278
0.8882019
0.9102887
0.8393368
0.9015997
0.8983931
0.806866
0.9070531
0.8780798
0.9135359
0.9133614
0.9158381
0.9167999
0.9139084
0.9138219
0.9169833
0.8862188
0.8995199
0.8884308
0.900439
0.9043686
0.8945548
0.8964109
0.8831412
0.8663759
0.9083639
0.7875363
0.9125004
0.9013748
0.8954599
0.9009172
0.9009372
0.9210048
0.910817
0.9122757
0.9142245
0.9188657
0.8853635
0.869938
0.8795781
0.8743139
0.8766823
0.8804842
0.8818349
0.8627845
0.8593055
0.8818792
0.8504698
0.8638959
0.8711321
0.8622793
0.8633091
0.8640733
0.8628013
0.863783
0.8560748
0.8780925
0.8573181
0.8646651
0.867108
0.8589036
0.8783118
0.925232
0.9165992
0.9084505
0.860489
0.9180194
0.8886983
0.8494283
0.9224844
0.9218098
0.8507457
0.9157326
0.9008144
0.9089396
0.9205875
0.9128024
0.9208075
0.9125402
0.9179306
0.9152047
0.9193594
0.9070644
0.903533
0.9090196
0.9137136
0.8936567
0.9141447
0.8988801
0.904526
0.9296818
0.929827
0.9077912
0.9079453
0.909443
0.91445
0.9061253
0.9065365
0.9169394
0.9158484
0.8940156
0.9155842
0.9058022
0.9191639
0.9106765
0.9102235
0.9140506
0.845126
0.919294
0.9132142
0.9137285
0.9143644
0.9147665
0.9125155
0.9126995
0.9257339
0.9137124
0.9200405
0.9182083
0.9184253
0.914611
0.8931946
0.9189666
0.9166962
0.9201223
0.9312379
0.8982155
0.9188745
0.927886
0.922658
0.9167408
0.8998135
0.905283
0.908168
0.9023316
0.8709323
0.8850131
0.9188683
0.9142623
0.9148202
0.9137604
0.9155578
0.9147027
0.9153047
0.9030559
0.9029827
0.9192544
0.9030557
0.90348
0.9083648
0.9053045
0.9059034
0.9038309
0.9057623
0.9047636
0.9075072
0.9163997
0.9081555
0.9097107
0.9103921
0.9061197
0.9075076
0.8997596
0.8994817
0.9004157
0.9128335
0.8803849
0.8983273
0.9032598
0.8847707
0.8844421
0.9081293
0.8812899
0.9129643
0.8988083
0.9196181
0.9117124
0.9165589
0.9115946
0.9105628
0.9124273
0.9182227
0.9098549
0.9093922
0.9142767
0.9149348
0.8869534
0.9146333
0.7806538
0.9164699
0.9073227
0.9046074
0.8839541
0.8851701
0.8847698
0.9139012
0.9139427
0.9158024
0.9002855
0.9004331
0.9037806
0.8738975
0.9176253
0.9042785
0.9083581
0.9078465
0.8965957
0.9069144
0.8702909
0.9137486
0.9141792
0.9143902
0.9150894
0.9132119
0.9142986
0.9275684
0.8955993
0.8831132
0.8829061
0.893331
0.9154761
0.9013373
0.8957511
0.8693144
0.9028418
0.898506
0.8864678
0.9175965
0.8949256
0.8841667
0.9152501
0.9040912
0.9256754
0.9097341
0.917828
0.921163
0.9215763
0.8958479
0.8889218
0.8938437
0.8908895
0.8943045
0.8953261
0.8926499
0.8845838
0.8821398
0.8999232
0.8718241
0.8732521
0.8833564
0.8764392
0.8771832
0.8733496
0.8795769
0.8841543
0.8826736
0.8989119
0.88099
0.8847294
0.8859561
0.8822914
0.8872936
0.9287064
0.9225238
0.9150785
0.8787311
0.9236776
0.8926045
0.8483298
0.9252091
0.9247259
0.8645132
0.9149097
0.9041807
0.9163053
0.9214772
0.9153249
0.9215763
0.9128396
0.9162289
0.9182139
0.9219976
0.9141111
0.9093157
0.9131194
0.9164999
0.9024151
0.9182857
0.9095716
0.9078796
0.9322484
0.9329911
0.9136351
0.9118385
0.9128628
0.9148304
0.9124609
0.9151134
0.9182724
0.9218898
0.8989481
0.9170466
0.9089083
0.9231848
0.9143482
0.9099334
0.9205741
0.8746261
0.9230605
0.9075486
0.9085411
0.9106927
0.9103198
0.9105321
0.9125341
0.9263279
0.9180084
0.9203469
0.9168369
0.9189578
0.9158483
0.901006
0.9249763
0.9155756
0.9265535
0.9351215
0.906187
0.9223879
0.929081
0.9270132
0.9136791
0.9204239
0.9263634
0.8257097
0.9185599
0.9077938
0.8986993
0.8980644
0.8934645
0.8973823
0.896871
0.8968156
0.89992
0.8922407
0.8963613
0.8964912
0.9032795
0.9045057
0.8986964
0.8925538
0.8963904
0.8980651
0.8978848
0.8975188
0.8965631
0.9028601
0.8953544
0.9015662
0.8939277
0.8899116
0.8996101
0.8970733
0.9159941
0.9181707
0.9164551
0.8947503
0.9104737
0.8840375
0.9064654
0.9094174
0.9095327
0.9184228
0.9065404
0.9050488
0.9178068
0.8473668
0.8552534
0.8530442
0.8556489
0.8497142
0.8435045
0.8569783
0.855441
0.8537569
0.855677
0.8535223
0.9008628
0.8475522
0.9075939
0.9049556
0.9170646
0.9162155
0.9068571
0.9075567
0.9080726
0.8513792
0.9003283
0.9004505
0.9211076
0.9198397
0.892211
0.9086672
0.9173037
0.923002
0.8377246
0.8308541
0.9212406
0.9195873
0.9027349
0.9171015
0.9168096
0.9170984
0.9181051
0.9148152
0.9178714
0.9107214
0.9159286
0.9121171
0.9105437
0.913363
0.8461568
0.9037838
0.9147865
0.9083324
0.9269012
0.9164463
0.9082909
0.9129275
0.9112717
0.913192
0.8542601
0.9018039
0.8993439
0.9152963
0.8947368
0.836727
0.8726164
0.9185496
0.9147212
0.9180104
0.9140288
0.9160489
0.9176204
0.9168482
0.9128604
0.9107641
0.9178271
0.9134875
0.9133715
0.9132502
0.9152183
0.9137124
0.9135684
0.9154984
0.9161295
0.9153707
0.9168531
0.9186441
0.9143277
0.9123816
0.9140811
0.9154685
0.8784129
0.8953484
0.8921516
0.9177002
0.8411299
0.908439
0.9161565
0.8710143
0.87104
0.9165149
0.8720853
0.9249955
0.8926398
0.9189218
0.9108038
0.9184363
0.9151086
0.9115263
0.9153274
0.9173813
0.9146025
0.9110073
0.9166579
0.9182
0.8918217
0.9135581
0.8687335
0.9250324
0.8952729
0.8953666
0.8852205
0.8835748
0.8849874
0.9131337
0.923957
0.923713
0.9005029
0.9003409
0.9096967
0.8566364
0.9223753
0.8948411
0.9150542
0.9090078
0.8966272
0.9149735
0.8439724
0.9197245
0.9191349
0.917698
0.9194817
0.917245
0.9186863
0.929493
0.8799381
0.8871265
0.8755837
0.8891724
0.9139402
0.9094751
0.8857419
0.8540836
0.900155
0.8857743
0.88407
0.9182799
0.8772408
0.8690316
0.9128052
0.9024855
0.9084026
0.9027131
0.9037244
0.8937574
0.8960667
0.9104692
0.903563
0.9047977
0.9051555
0.9074612
0.904927
0.9083687
0.8986194
0.8980655
0.9161435
0.8927253
0.9015734
0.9035142
0.9032281
0.9008963
0.9018064
0.9023395
0.8999454
0.9001818
0.9107426
0.9017639
0.9056583
0.9060519
0.9005706
0.9010368
0.9055383
0.905514
0.9029867
0.9021467
0.9035085
0.8910654
0.8946245
0.9006695
0.9008221
0.9019461
0.9001081
0.9108657
0.9043773
0.9090034
0.9034549
0.9088883
0.9021817
0.9049593
0.9059625
0.9115435
0.9082246
0.9069462
0.9079544
0.905502
0.8889294
0.9080759
0.8985872
0.9103365
0.9120008
0.9096815
0.8897056
0.8889452
0.8913193
0.9087026
0.9083665
0.9084955
0.9048493
0.9045671
0.8955696
0.8976898
0.91019
0.9100587
0.9061599
0.9024208
0.9036979
0.9009719
0.8981905
0.9077542
0.9081209
0.908601
0.9095361
0.9076706
0.9060958
0.9223246
0.8981171
0.9073335
0.9008913
0.9019871
0.9095092
0.8982683
0.9065387
0.8938523
0.9106314
0.9120168
0.8938777
0.9133877
0.9077203
0.9077548
0.9070562
0.9036669
0.8642526
0.9038586
0.8522853
0.8747448
0.8823036
0.9093761
0.9073716
0.9072348
0.9006692
0.9029015
0.9078184
0.9069977
0.9041239
0.9036162
0.9116663
0.9097543
0.903757
0.8993802
0.903974
0.9079328
0.9031608
0.9063874
0.9045663
0.9111397
0.9030493
0.9109032
0.9031041
0.8988626
0.903716
0.9080921
0.8808625
0.8551166
0.8504676
0.904527
0.8818986
0.900734
0.9073432
0.8845467
0.8856123
0.9147254
0.8841111
0.9155625
0.8590151
0.9072267
0.9008305
0.9104252
0.9075089
0.9039377
0.9043546
0.9122949
0.9059136
0.9068084
0.9083489
0.9075058
0.8413364
0.9027961
0.8856399
0.914373
0.8896825
0.8881852
0.8650458
0.8633033
0.8651392
0.9042122
0.913229
0.9142258
0.8586833
0.8583848
0.9043316
0.8874537
0.9171443
0.8658213
0.9046119
0.9007132
0.8581205
0.9130064
0.8730025
0.9155184
0.9150409
0.9164205
0.9165913
0.9138874
0.9176022
0.9229682
0.8766935
0.8918814
0.8878495
0.8947461
0.9062144
0.8975483
0.8910298
0.8772051
0.8534603
0.9020853
0.8296961
0.912295
0.8894411
0.8931939
0.9049812
0.9042534
0.9010179
0.9080899
0.8910042
0.8793824
0.8880497
0.9145302
0.9129458
0.9177558
0.9165894
0.9140974
0.9184759
0.9146433
0.9119279
0.9125523
0.9195219
0.9088903
0.9081951
0.9111462
0.9073341
0.9095318
0.9083901
0.9098592
0.9138116
0.9105205
0.917363
0.9126699
0.9134733
0.9095315
0.9128042
0.9110587
0.854603
0.8933168
0.8889687
0.9131834
0.8853038
0.90141
0.9113609
0.8866012
0.8878628
0.913625
0.8801882
0.9163188
0.8886596
0.9114797
0.9081336
0.9126837
0.9148854
0.9107168
0.9080387
0.9167104
0.9122362
0.9127654
0.9104231
0.9104061
0.8863067
0.9152453
0.8821886
0.9169026
0.8876437
0.8874955
0.8795334
0.8794187
0.8804778
0.9061946
0.9174656
0.9171329
0.8938132
0.8953772
0.9097693
0.8776607
0.9184887
0.8985134
0.9063735
0.9081546
0.8951882
0.9102244
0.8783144
0.9065791
0.9076352
0.9083041
0.9082395
0.9075698
0.9082992
0.9230579
0.8520599
0.8870756
0.8881534
0.8948168
0.9107883
0.9043226
0.8877229
0.8794588
0.9002859
0.8957884
0.8831235
0.9068401
0.8932586
0.8936185
0.909659
0.9031957
0.8979448
0.9163849
0.8920712
0.888459
0.8996647
0.9205286
0.9137167
0.9158545
0.917099
0.9174436
0.9161346
0.9176804
0.9118788
0.9059511
0.9220995
0.9072828
0.9117721
0.9139881
0.9129475
0.9108387
0.9113447
0.9126432
0.9106417
0.9087014
0.9184132
0.9097124
0.9147602
0.9122952
0.9104923
0.9122154
0.8974796
0.8908378
0.8859918
0.9157062
0.8947482
0.9043602
0.9035794
0.8908345
0.8911043
0.9076415
0.8930729
0.9189621
0.8848689
0.9194815
0.9155337
0.9195567
0.9176342
0.9168489
0.9157557
0.9222718
0.9138783
0.9142897
0.9143128
0.9169254
0.8799648
0.9161662
0.8939159
0.9175404
0.9067961
0.9068946
0.8746521
0.8745378
0.8769641
0.9163111
0.9207917
0.9188632
0.8918505
0.8897568
0.9062253
0.891712
0.9154231
0.8968564
0.9138129
0.9163389
0.886931
0.9051997
0.8955852
0.9123366
0.9147078
0.9141988
0.9140647
0.9134726
0.9134246
0.9259037
0.8889567
0.9014124
0.8957912
0.8947891
0.9172409
0.901805
0.8996516
0.8924446
0.8931423
0.9112127
0.8795163
0.9138101
0.9002399
0.9030271
0.9183387
0.9032605
0.909942
0.9052654
0.9016938
0.9033144
0.8996502
0.9114526
0.9041812
0.9051712
0.9027556
0.9077512
0.9057773
0.9101193
0.9019281
0.8985828
0.9119202
0.8947291
0.899333
0.9031018
0.9004105
0.9010854
0.8998042
0.9007829
0.8998182
0.8988556
0.9109867
0.8965252
0.8998831
0.9013865
0.9011997
0.9046331
0.9075633
0.9078014
0.8983892
0.9049134
0.9041952
0.8940896
0.8905553
0.9033362
0.9022108
0.8975664
0.8972862
0.9097973
0.8989742
0.9108373
0.9046764
0.9120515
0.9082875
0.910497
0.9066823
0.9145729
0.9033753
0.90155
0.9026954
0.9087516
0.8919664
0.9089842
0.89406
0.9061776
0.9134585
0.9135976
0.8944736
0.8943961
0.8944812
0.9107282
0.9073452
0.9079519
0.9038672
0.9083544
0.899128
0.8987518
0.9077579
0.9119768
0.9085912
0.9053685
0.9067689
0.8957073
0.9003189
0.9051885
0.9056358
0.9080007
0.9088191
0.9057608
0.907843
0.9234178
0.8978786
0.9042479
0.9027416
0.9075554
0.9078886
0.8915466
0.9065569
0.894373
0.9093017
0.914224
0.8945193
0.9111665
0.9102942
0.9121427
0.9139762
0.9033753
0.840706
0.9040753
0.7913444
0.8835186
0.885453
0.9076364
0.9114704
0.9082909
0.9063027
0.9095426
0.9084937
0.9074447
0.9046558
0.9034798
0.9135614
0.9078334
0.90625
0.9008417
0.9062177
0.9069328
0.9064045
0.9068316
0.9032839
0.9099389
0.907194
0.9056434
0.9045537
0.9035312
0.9069576
0.9115249
0.8858857
0.799202
0.8038233
0.9059617
0.8872558
0.8996443
0.9053434
0.8914438
0.8906898
0.9135425
0.8929997
0.9129993
0.8237371
0.9097492
0.9072277
0.9117668
0.9080614
0.9073295
0.9060787
0.9127545
0.910473
0.9040031
0.9058244
0.9071322
0.8260621
0.9090234
0.8870236
0.9131493
0.898175
0.8958865
0.8744858
0.8737984
0.8745769
0.9045814
0.9166307
0.9173893
0.8327426
0.8347596
0.9057217
0.8910126
0.9167451
0.7977938
0.9077202
0.9061245
0.8330099
0.911272
0.8818205
0.9185567
0.9186038
0.9199737
0.9207068
0.9167881
0.9192763
0.9234428
0.8826926
0.8998321
0.8941052
0.9009426
0.9080895
0.9032868
0.8971244
0.88562
0.8678384
0.9056532
0.7437292
0.9181637
0.8921593
0.8953933
0.9057344
0.9033691
0.921063
0.9254264
0.9123067
0.9189474
0.9273921
0.9223156
0.9116972
0.9170975
0.9171993
0.9184248
0.9166421
0.9244567
0.9039632
0.9042144
0.9245606
0.8900885
0.9016583
0.9117669
0.9030368
0.9004284
0.901529
0.9021205
0.9058534
0.8969185
0.9229557
0.9022271
0.9094683
0.9132869
0.9022694
0.9128395
0.929589
0.9162923
0.9087191
0.9133511
0.9252508
0.8926389
0.8967566
0.9212627
0.9216535
0.891711
0.9132937
0.911401
0.9078338
0.933575
0.9270055
0.9292355
0.9256696
0.9332473
0.9340085
0.9350696
0.9268539
0.9197165
0.9238427
0.9286435
0.9051511
0.9284272
0.9068391
0.9166384
0.9353133
0.9349718
0.9120775
0.9107202
0.9118851
0.9247607
0.9202504
0.9175269
0.9179622
0.9183249
0.897621
0.9209793
0.9050664
0.9218521
0.9243611
0.924328
0.9176699
0.8841779
0.9292402
0.9090481
0.9102128
0.910943
0.9096943
0.9111739
0.9105394
0.9310094
0.9174573
0.9214619
0.9182079
0.9170728
0.929141
0.8797289
0.9218188
0.9179569
0.9140053
0.9360191
0.9075981
0.9166171
0.9271239
0.9292821
0.9296174
0.9164227
0.9193121
0.9091992
0.9141811
0.914363
0.9068567
0.9106171
0.909308
0.9109427
0.9127665
0.9131557
0.9130592
0.9106525
0.9071517
0.9065998
0.9170966
0.9007003
0.9056645
0.9046681
0.908433
0.9065968
0.9052639
0.9064545
0.9073616
0.9044428
0.9133682
0.9072843
0.9040985
0.9050222
0.9080881
0.9097581
0.919979
0.9150917
0.9129864
0.9069624
0.9176857
0.8994
0.9024462
0.9136845
0.9133803
0.9034691
0.9126061
0.9116216
0.9112849
0.9141614
0.9140144
0.9149689
0.9106283
0.9160178
0.9134862
0.918756
0.9157999
0.9107702
0.9093301
0.9122256
0.9020736
0.9132762
0.9117689
0.9120944
0.9256528
0.9243671
0.9050508
0.9058735
0.9058824
0.9135437
0.9131787
0.9133126
0.9190013
0.9188622
0.9047723
0.9141
0.9138712
0.918792
0.9144921
0.910995
0.9199664
0.9058002
0.9128992
0.9117045
0.9116827
0.9121259
0.9135236
0.9115829
0.9124586
0.922879
0.9177142
0.9149858
0.9154094
0.9134983
0.9139347
0.8816086
0.9139302
0.913908
0.9181553
0.9291698
0.9055163
0.9120879
0.9190838
0.9200815
0.9137514
0.9039819
0.9190802
0.8872189
0.9158539
0.914259
0.9085304
0.873812
0.868812
0.8709581
0.863389
0.8699936
0.8689658
0.8687998
0.8541056
0.856472
0.8777774
0.8527796
0.8489325
0.8500194
0.8542727
0.8541235
0.8482572
0.8542162
0.855517
0.8570769
0.8686853
0.8576733
0.848078
0.852923
0.8542566
0.8625721
0.9189093
0.9148823
0.910437
0.8404031
0.9202128
0.8690722
0.746559
0.9182363
0.9178175
0.8600695
0.9080451
0.8934159
0.9121913
0.8992679
0.8911265
0.8985423
0.8908014
0.8964266
0.8963017
0.9012516
0.8914082
0.8911999
0.8950804
0.900369
0.8889425
0.8940536
0.9050598
0.8917551
0.9251195
0.9238163
0.9027535
0.9013525
0.9028804
0.8961891
0.891656
0.8940315
0.9154188
0.9181258
0.8859256
0.9124671
0.8995957
0.9200085
0.8915636
0.8862256
0.9177085
0.8662215
0.9100196
0.9139371
0.912595
0.9138577
0.9151152
0.9117174
0.912332
0.9131276
0.9138196
0.911231
0.9141242
0.9152741
0.8999414
0.889746
0.920121
0.9077228
0.9228456
0.9263623
0.8992664
0.9155408
0.9242533
0.916738
0.9005793
0.9000108
0.9214375
0.9077466
0.9135482
0.9170229
0.9195953
0.8843273
0.8712274
0.8809211
0.8739273
0.8766138
0.8786869
0.8835103
0.86008
0.8625931
0.8828398
0.849906
0.8617501
0.8714868
0.8648679
0.8627928
0.8623529
0.8639898
0.8625744
0.8618976
0.8812482
0.8588785
0.8676016
0.8715188
0.8580277
0.8771078
0.9236123
0.9163902
0.9088813
0.8652568
0.9242684
0.8826242
0.8443983
0.9199429
0.9210746
0.8494599
0.913093
0.9016145
0.9098985
0.9187814
0.9117822
0.9202635
0.9127831
0.9169819
0.9137736
0.9215501
0.9122328
0.9068899
0.9093676
0.9163304
0.8983774
0.9155294
0.9055329
0.9020073
0.931229
0.9311885
0.9051872
0.9056153
0.904881
0.9159444
0.906069
0.9074787
0.9156294
0.9146972
0.8932896
0.9180172
0.9010826
0.9164046
0.9120364
0.9121411
0.9171616
0.8486765
0.9194437
0.9082381
0.9093341
0.9116531
0.9117833
0.9098848
0.9065793
0.9266702
0.9169911
0.9198822
0.9192302
0.9152974
0.915454
0.8909442
0.9234525
0.9116202
0.921279
0.9303129
0.8967563
0.9198289
0.9307733
0.9262232
0.9159928
0.9250644
0.9285394
0.8326531
0.9209654
0.9083292
0.893919
0.9021999
0.9027239
0.8982452
0.9018836
0.9009107
0.900269
0.8950002
0.9026909
0.903733
0.90726
0.9139176
0.9042719
0.895426
0.9031444
0.9035078
0.9043872
0.9056978
0.9023378
0.907337
0.8950197
0.9064379
0.8945681
0.8943778
0.9036346
0.9023036
0.9169735
0.9182377
0.9187724
0.9032973
0.9115449
0.8909548
0.9134689
0.9141104
0.9137314
0.9232797
0.9111794
0.9099139
0.9208117
0.8476104
0.8495841
0.8524719
0.8509976
0.8480078
0.8470575
0.8553038
0.8591743
0.8551935
0.8528458
0.8487575
0.9068515
0.8484906
0.9119761
0.9128264
0.9162567
0.9146037
0.9086403
0.9091816
0.9097742
0.8562565
0.9046009
0.907179
0.9234619
0.9250745
0.9009973
0.9108665
0.9181257
0.9254234
0.8410898
0.8384365
0.9261726
0.9250487
0.9004352
0.9227526
0.9230207
0.922372
0.9224357
0.9227097
0.9229406
0.9130997
0.915386
0.9095938
0.9124825
0.9166521
0.8494024
0.9052726
0.9213841
0.913991
0.9320811
0.9161399
0.9109199
0.915922
0.9135053
0.9149026
0.8618155
0.9066499
0.9043647
0.9088589
0.8959447
0.8648749
0.8757941
0.9166429
0.9154884
0.9190964
0.9163136
0.9162427
0.9191782
0.9183358
0.9149433
0.9157612
0.9217225
0.9159433
0.9119063
0.914441
0.91223
0.9143153
0.9118303
0.9149529
0.9172584
0.92017
0.9207232
0.9177707
0.9168199
0.9143474
0.9167891
0.9150764
0.8826844
0.9002339
0.8982274
0.9164335
0.8643292
0.9108308
0.9170964
0.8844536
0.8833994
0.9169785
0.869127
0.9180525
0.8929654
0.9128766
0.9072724
0.9148771
0.912063
0.9133442
0.9113178
0.9151056
0.9133237
0.9136226
0.9104214
0.9125324
0.8917848
0.9117616
0.8770534
0.918915
0.8934432
0.8912317
0.8803653
0.8806586
0.8804967
0.9072985
0.9187613
0.9178793
0.8950125
0.894735
0.9116402
0.8735055
0.9208984
0.9009003
0.9079608
0.9070924
0.8966291
0.9136865
0.8602807
0.9131946
0.9141235
0.9121624
0.9134389
0.911775
0.9139777
0.9250807
0.8834099
0.8806618
0.8737854
0.8679238
0.915466
0.9055831
0.8699122
0.8625836
0.9045025
0.8914386
0.8901469
0.9122723
0.8385972
0.8776422
0.9096914
0.9004724
0.9115425
0.8975775
0.9057057
0.9022346
0.8975074
0.9082872
0.900305
0.9027633
0.8984888
0.9011223
0.9013201
0.9043611
0.8934588
0.8962571
0.9096589
0.8880395
0.8913219
0.894596
0.8950366
0.889859
0.8915106
0.8919362
0.8946308
0.8992643
0.905513
0.8975384
0.8952808
0.8966223
0.8964007
0.8970802
0.9061262
0.9075639
0.9026009
0.8983076
0.9060489
0.8849709
0.8899652
0.9072586
0.9057536
0.8956256
0.898603
0.9052892
0.9040743
0.9086238
0.9029178
0.9086273
0.9047738
0.9066472
0.9027987
0.9124387
0.9027286
0.9001503
0.9031822
0.9046869
0.8865305
0.9047619
0.8936147
0.903536
0.9152233
0.9127264
0.8944292
0.895268
0.8959504
0.9041454
0.9025556
0.9035272
0.9045853
0.9066958
0.8943226
0.8956303
0.9051683
0.9126302
0.900092
0.8986145
0.9061419
0.893576
0.895489
0.9084562
0.9098586
0.9107601
0.9115412
0.9094112
0.9089119
0.9189189
0.89969
0.902766
0.9057754
0.9043138
0.9063965
0.8916145
0.9087116
0.8933746
0.9132418
0.9183988
0.8936776
0.9135482
0.9105656
0.9070294
0.9058958
0.9070213
0.8003967
0.9090133
0.8270448
0.8902221
0.8941295
0.9122627
0.9106724
0.909581
0.9111286
0.9099858
0.9117334
0.9158049
0.9091039
0.9093018
0.9217016
0.9064756
0.9061182
0.907181
0.9112321
0.9111017
0.9061941
0.9111568
0.9092339
0.910734
0.9130419
0.9120175
0.9092248
0.9128189
0.9107595
0.9133165
0.8895876
0.8279317
0.8265711
0.9114858
0.8916376
0.9048392
0.9067104
0.895323
0.8958627
0.9148087
0.9000357
0.9154884
0.8478884
0.9151989
0.9148148
0.9156077
0.9116852
0.9136019
0.9124759
0.9170783
0.9127432
0.9097607
0.9119271
0.9145152
0.8106084
0.9155473
0.8930935
0.9204423
0.9007362
0.8988915
0.8785619
0.8782042
0.8787736
0.9116531
0.9194299
0.9218085
0.7888859
0.7899792
0.9083176
0.8917375
0.9189784
0.8414494
0.9110349
0.9118903
0.7866579
0.9140959
0.8873184
0.919045
0.917971
0.9192652
0.9192132
0.9177679
0.9170006
0.9252888
0.8864666
0.9044954
0.8953185
0.9075864
0.9159676
0.9045264
0.8993826
0.8915568
0.8695684
0.9022528
0.7984033
0.9162341
0.8992604
0.90088
0.9129673
0.9075013
0.8013043
0.9087965
0.8268337
0.890028
0.8942162
0.9123963
0.9099911
0.9096358
0.9108738
0.9099252
0.9115963
0.9148184
0.9101328
0.9097076
0.9207768
0.9067668
0.9057022
0.9073921
0.9105942
0.9108099
0.9057779
0.9109424
0.9093673
0.9101681
0.9129832
0.9127368
0.9086528
0.9121781
0.9105824
0.9142219
0.8907748
0.8282477
0.8277748
0.9110374
0.8910895
0.9044972
0.9069223
0.8952139
0.8956761
0.9155496
0.8990642
0.9162147
0.8485861
0.9141893
0.9142699
0.9150983
0.9111291
0.913239
0.9119972
0.9165709
0.9121126
0.9093176
0.9116783
0.9146106
0.8105153
0.9146911
0.8930604
0.9205045
0.9013668
0.8990181
0.8790469
0.8783642
0.8792585
0.9107514
0.9193363
0.9217167
0.7907417
0.7921097
0.9077888
0.8918224
0.9196638
0.8432213
0.9107118
0.9110691
0.7887079
0.914729
0.8870811
0.9194028
0.9183659
0.9195482
0.9194965
0.9181633
0.9170958
0.9266718
0.8872636
0.9040128
0.894976
0.9071071
0.9151113
0.9058644
0.8993151
0.8918389
0.8703771
0.9021889
0.8004413
0.9161804
0.8990356
0.901162
0.9127569
0.9098167
0.9268672
0.8926353
0.9172559
0.9170469
0.9068379
0.8705558
0.8645747
0.862659
0.8560638
0.8609259
0.862594
0.8597031
0.8519082
0.8544213
0.8677991
0.855635
0.8537963
0.8544417
0.8554172
0.8572558
0.8544889
0.8563998
0.85037
0.8558432
0.8601607
0.849586
0.8506284
0.8478826
0.8496971
0.8625512
0.919541
0.9198508
0.9155193
0.8471182
0.9179756
0.8793425
0.8620768
0.9206482
0.9198618
0.8651132
0.9121028
0.8967071
0.9171469
0.9001224
0.8981363
0.9032465
0.9014165
0.9019995
0.8963305
0.903358
0.8959865
0.8978749
0.8993562
0.9065093
0.8926038
0.9008419
0.9062064
0.8944656
0.9249006
0.9230904
0.9035078
0.9037814
0.904888
0.9026717
0.8964381
0.8994122
0.921542
0.9214765
0.8948539
0.914673
0.906444
0.9224237
0.8952537
0.8915145
0.9217128
0.8575675
0.9074987
0.9185237
0.9200056
0.9204077
0.921713
0.9188584
0.9205686
0.9167503
0.9162918
0.9176949
0.9127783
0.9173611
0.9007854
0.8952416
0.9199776
0.9107883
0.9232617
0.9255816
0.9034648
0.9182381
0.9245376
0.9263345
0.9052925
0.9675824
0.9696588
0.9749307
0.9680011
0.9712952
0.9767207
0.9764377
0.9744606
0.9746348
0.9745368
0.9752895
0.9757484
0.9762967
0.9712845
0.971087
0.9723388
0.9701898
0.9718372
0.9743398
0.9722832
0.9713512
0.9719191
0.9717623
0.9714636
0.9723451
0.9761324
0.9733415
0.97329
0.9742291
0.9704971
0.9756444
0.9703561
0.9692538
0.9685319
0.9739677
0.9714687
0.9736464
0.9694358
0.9705433
0.9708051
0.9687542
0.9701155
0.9759939
0.9685869
0.9753343
0.9745006
0.9744981
0.9742054
0.9754008
0.9751179
0.9738035
0.9732516
0.973168
0.9745306
0.9750812
0.9715771
0.9752329
0.9701518
0.9761938
0.9703753
0.970599
0.9725949
0.9727773
0.9717
0.974347
0.9775158
0.977841
0.9680384
0.9690999
0.9722467
0.9704837
0.9731706
0.9685461
0.9761811
0.9769453
0.9687729
0.9672003
0.9741122
0.9692861
0.9694197
0.9703955
0.9694718
0.9707242
0.9693233
0.978467
0.9672076
0.9704337
0.9698317
0.9714702
0.9765408
0.9713446
0.9710179
0.9714878
0.9655772
0.9733359
0.9684777
0.9704473
0.9736463
0.9707029
0.974257
0.8886805
0.888156
0.8815809
0.8771943
0.8809989
0.8765924
0.8948682
0.8879339
0.8900351
0.8849323
0.8910895
0.889189
0.8953962
0.8865377
0.887461
0.9051153
0.8871482
0.8821667
0.8777419
0.8841774
0.8826519
0.8818528
0.8846083
0.8833676
0.8872873
0.891821
0.8818803
0.8804123
0.8829219
0.8872382
0.8900924
0.8790727
0.8796225
0.8749354
0.8864998
0.8862549
0.8728512
0.8856426
0.8887282
0.8894431
0.8940303
0.8872944
0.8912658
0.8768798
0.8969181
0.8895229
0.8990376
0.8898707
0.8919511
0.8885068
0.9008137
0.8924136
0.8887714
0.8968033
0.8965342
0.8462244
0.8942704
0.872017
0.8919153
0.9008368
0.9008158
0.8126051
0.8101747
0.8110393
0.8925641
0.8940539
0.8957835
0.8774743
0.8795747
0.8849334
0.8816007
0.900513
0.8864328
0.8832439
0.8858156
0.8750824
0.8961639
0.871335
0.9116385
0.9118095
0.9124473
0.9145426
0.910163
0.912473
0.9097911
0.8746967
0.8913878
0.8872058
0.89263
0.8915733
0.8852447
0.8915619
0.8735925
0.8870476
0.9031874
0.8572878
0.9099955
0.8896693
0.8929979
0.8950714
0.9077383
0.8289892
0.8997659
0.8457208
0.8870811
0.8885502
0.9066233
0.9029437
0.9067845
0.903894
0.9078793
0.9072076
0.9105928
0.903505
0.9039452
0.9155844
0.9060142
0.9037701
0.9011443
0.9060213
0.9057994
0.9038842
0.9063629
0.9012913
0.9042542
0.9051523
0.9038956
0.9024399
0.9007852
0.9050704
0.9046952
0.8894876
0.8471509
0.8398051
0.9061567
0.8905931
0.8939898
0.903791
0.8966163
0.896143
0.9161546
0.8982455
0.9083263
0.8545235
0.9066596
0.90466
0.908947
0.905471
0.9064396
0.9065036
0.9099029
0.9023887
0.9041125
0.9012473
0.9028915
0.8090542
0.9024173
0.8899377
0.9115018
0.9026277
0.9019871
0.8779609
0.877724
0.8792339
0.9023531
0.9086285
0.9090744
0.813491
0.8169009
0.8989724
0.8906519
0.9135375
0.8511931
0.9039344
0.9002167
0.8160073
0.9110518
0.8804522
0.9168956
0.9173206
0.9161014
0.9190569
0.9170404
0.9175479
0.9160205
0.888225
0.8964086
0.8898678
0.9033163
0.908481
0.8987856
0.8973731
0.885122
0.8760235
0.9031579
0.8090737
0.9149664
0.8961676
0.8986893
0.90449
0.9054689
0.9215061
0.8928844
0.9156097
0.906253
0.8989839
0.8974638
0.8917769
0.8968478
0.8991552
0.8969479
0.8988938
0.8996811
0.8938951
0.8917308
0.9032851
0.896819
0.8948206
0.8917927
0.8957255
0.8956806
0.8946268
0.8968589
0.8899392
0.8977807
0.8969765
0.9022053
0.8955872
0.8926132
0.8938885
0.8928251
0.9191373
0.9151889
0.9097798
0.8935321
0.9057697
0.8876265
0.8960246
0.9090443
0.9091142
0.9021842
0.9002621
0.8982115
0.9125734
0.8958183
0.8949502
0.8987807
0.8962922
0.8954083
0.8919932
0.9012754
0.9022128
0.8961654
0.8992394
0.8967393
0.8963894
0.8986086
0.9001731
0.8955547
0.9171108
0.9149869
0.90483
0.9031891
0.9034819
0.898735
0.8939582
0.8967369
0.9159108
0.9154764
0.8974511
0.904782
0.9037494
0.9211127
0.8941146
0.8915003
0.9145782
0.9055425
0.9025758
0.8910123
0.8903958
0.8931477
0.8930723
0.8920169
0.8927376
0.9082214
0.9128484
0.9059384
0.9088495
0.9076628
0.8972895
0.8961587
0.91079
0.9046262
0.923717
0.918171
0.9048609
0.8852019
0.9129761
0.9133135
0.8976579
0.9135247
0.9250797
0.9134876
0.923443
0.919473
0.9139472
0.9149187
0.9082418
0.9118297
0.9120806
0.9133673
0.915352
0.9145769
0.9102874
0.9110521
0.9169494
0.9076085
0.9066727
0.9085224
0.9077046
0.9073777
0.906364
0.9065153
0.9092695
0.9101694
0.9171587
0.9119238
0.9109493
0.9099289
0.9082466
0.9142579
0.9185288
0.9224437
0.9191716
0.9108311
0.9223443
0.9018516
0.9069874
0.9183998
0.91789
0.9128729
0.9126479
0.9152891
0.9162428
0.914076
0.9131219
0.9191813
0.9156341
0.9125819
0.9105744
0.9171531
0.9170722
0.9152391
0.9107167
0.9141529
0.9152156
0.9133703
0.9183701
0.9136246
0.9232254
0.9223047
0.9102241
0.9101077
0.910155
0.9143761
0.9148118
0.9126774
0.9212056
0.9213608
0.9051972
0.9134572
0.9111222
0.9230068
0.9105544
0.9116889
0.9226094
0.9099199
0.9156979
0.8989948
0.8990234
0.9022207
0.8999137
0.8982266
0.8997692
0.920263
0.9161838
0.9140305
0.914179
0.9143574
0.9150176
0.9026199
0.9203465
0.9158744
0.9259222
0.9277232
0.9151157
0.8993814
0.9214593
0.9215593
0.9139412
0.8955397
0.9208935
0.9236287
0.9139811
0.9145267
0.9281988
0.919693
0.909737
0.9187156
0.9157887
0.9177762
0.9184922
0.9231462
0.9066298
0.9024845
0.9256164
0.8867321
0.8972081
0.9069637
0.8997342
0.8975313
0.8976267
0.8991688
0.9082093
0.9023233
0.9245958
0.9050591
0.9114501
0.9121412
0.9089448
0.9121399
0.929211
0.9183777
0.9071048
0.9123162
0.9251252
0.8976708
0.8907875
0.9214445
0.9202483
0.8840748
0.9123098
0.911701
0.9090754
0.9338238
0.9234596
0.9301731
0.924315
0.9305227
0.9256243
0.9325839
0.9211888
0.9180043
0.9206608
0.9258416
0.9030381
0.9262922
0.9097773
0.9105708
0.9327844
0.9325316
0.9094418
0.9089875
0.9102365
0.9261597
0.9116277
0.9134436
0.916692
0.9192999
0.9018042
0.92356
0.9039989
0.9210544
0.9236754
0.9205287
0.9176252
0.8852011
0.9231136
0.8900465
0.8908536
0.8960707
0.8933929
0.8926158
0.8953268
0.9306125
0.9182697
0.922281
0.9195174
0.9134335
0.9284574
0.89521
0.924406
0.9163826
0.9209558
0.9329492
0.9064582
0.9051796
0.9301539
0.9266512
0.9264063
0.9080073
0.9157963
0.8968452
0.9139827
0.9044406
0.9030658
0.9021564
0.8988616
0.9063881
0.9067779
0.907156
0.9084274
0.9066689
0.9005714
0.9007636
0.9121329
0.9012257
0.8983738
0.8989077
0.8987563
0.8973425
0.8983659
0.8978759
0.9000914
0.901833
0.9058132
0.9036051
0.9019082
0.9032204
0.9025262
0.8990274
0.9174566
0.9104995
0.9111206
0.9016925
0.9107737
0.890402
0.9014577
0.9088974
0.9076091
0.9024991
0.8970257
0.9039978
0.9079835
0.8988384
0.8985723
0.9028486
0.9018779
0.897496
0.8968275
0.9080536
0.8955474
0.9012998
0.8991957
0.9003975
0.8987639
0.8980337
0.8996357
0.9041364
0.914382
0.9141566
0.904111
0.9040367
0.9029498
0.9042107
0.900636
0.9013511
0.9113486
0.9104424
0.8974402
0.9032622
0.9071096
0.9160402
0.8982978
0.8957965
0.9108989
0.906483
0.903704
0.8757858
0.8779953
0.8793196
0.879265
0.8761573
0.8777063
0.9135494
0.9090341
0.9049706
0.9112627
0.907342
0.9006323
0.899123
0.9105389
0.9033242
0.9175261
0.9146252
0.901186
0.8781025
0.9122709
0.9110528
0.9030017
0.8964435
0.8994748
0.9007074
0.888404
0.7990786
0.8603367
0.9095657
0.9098669
0.9115198
0.9111471
0.9102678
0.9090224
0.9080909
0.9070229
0.9076568
0.9134931
0.9094734
0.9060992
0.9088647
0.9089578
0.9079612
0.9064515
0.9086809
0.9101018
0.9108669
0.911789
0.9105885
0.9091107
0.9048704
0.9085807
0.9056448
0.8744196
0.8879243
0.8866965
0.9104504
0.8354273
0.9016579
0.9055438
0.8567019
0.855587
0.9155039
0.8532904
0.9165271
0.8846113
0.9070968
0.9052794
0.9103468
0.9132446
0.9060976
0.9019454
0.9114187
0.9106189
0.904931
0.9048597
0.9108637
0.881628
0.9047636
0.8476744
0.9186871
0.8880115
0.8870637
0.8774325
0.8774818
0.8789149
0.9021533
0.9109851
0.913015
0.8934846
0.8935233
0.9067864
0.8468074
0.9189386
0.8971459
0.9046666
0.9008724
0.8913175
0.9128978
0.8170718
0.9141698
0.9152069
0.9148884
0.9148311
0.9104687
0.9138491
0.9214823
0.8714941
0.8656126
0.8609293
0.8810088
0.9072893
0.9017
0.8826352
0.8325144
0.8989262
0.8819898
0.8764738
0.9135954
0.8696708
0.8495881
0.9056215
0.9224801
0.9237769
0.9197142
0.9176662
0.9093117
0.9111048
0.925453
0.9268797
0.924683
0.926098
0.9234266
0.9244813
0.9236187
0.9240738
0.9227435
0.9263235
0.9259587
0.9231121
0.9217385
0.9220429
0.9226562
0.9232367
0.9230149
0.9244432
0.9270117
0.9266419
0.9314746
0.9256862
0.9247164
0.921848
0.9258012
0.9136931
0.9193715
0.9196081
0.9257527
0.9042804
0.9252839
0.929858
0.9119525
0.9126331
0.9285912
0.9070781
0.930133
0.9166235
0.9232296
0.9201446
0.9243172
0.924131
0.9232588
0.9215809
0.9230556
0.9239308
0.9207264
0.922936
0.920445
0.9184769
0.9227099
0.9105371
0.9296755
0.9160329
0.9150031
0.9110752
0.9112243
0.9112728
0.920928
0.9265239
0.9302086
0.9223047
0.9210535
0.9234359
0.9080229
0.9341843
0.9236555
0.9165029
0.9214231
0.9206174
0.9256955
0.9044079
0.9233072
0.924015
0.925224
0.9269489
0.9210744
0.9231958
0.929106
0.9182174
0.9075974
0.9112475
0.9112828
0.924483
0.9179112
0.9146087
0.9070413
0.9207006
0.9168787
0.9173358
0.9235841
0.9130832
0.9173282
0.9218663
0.8785621
0.9240943
0.9213724
0.9162718
0.9095
0.9145929
0.9217062
0.9229796
0.9218614
0.9193942
0.9221324
0.9227282
0.9209332
0.9151261
0.9140869
0.9217489
0.9135139
0.914822
0.9171724
0.9173342
0.9145429
0.9142492
0.9145601
0.9135245
0.916888
0.9231527
0.9185749
0.9173286
0.9181129
0.9166047
0.9217431
0.9183434
0.9147649
0.91606
0.9205396
0.9128157
0.9104397
0.9144307
0.9121736
0.9106256
0.9146734
0.9123895
0.9241713
0.9142926
0.9256457
0.9238735
0.9273009
0.9238558
0.9252246
0.927979
0.9257153
0.9201739
0.9217623
0.9227367
0.9257127
0.9158054
0.9248671
0.9072278
0.9278211
0.9226418
0.9221873
0.9138173
0.9140786
0.9134427
0.9215543
0.9270415
0.9244315
0.9204006
0.9197798
0.915283
0.9108914
0.9253806
0.92079
0.9235034
0.9219713
0.9179983
0.9146879
0.9135941
0.9203613
0.9222623
0.9238063
0.9236113
0.9168454
0.9224801
0.9318879
0.9156166
0.9152222
0.9104498
0.9108633
0.9231573
0.9165319
0.9166349
0.9069245
0.9196469
0.9241649
0.906185
0.9204294
0.9189925
0.9195271
0.9237967
0.9074772
0.9119975
0.921783
0.9077031
0.872933
0.8878125
0.9278957
0.9243081
0.9222704
0.9242338
0.9228473
0.9224984
0.924257
0.9243683
0.9209724
0.9259454
0.9223135
0.9229846
0.9201863
0.9214949
0.9216923
0.9229573
0.9220148
0.9222234
0.9227612
0.9221629
0.9259207
0.9210085
0.9228807
0.924001
0.9246247
0.8991306
0.9065234
0.9076966
0.9271887
0.8785334
0.9205251
0.925231
0.8922935
0.8914217
0.9230716
0.8892262
0.9306445
0.9045133
0.9233296
0.9197095
0.9227031
0.9243838
0.9207976
0.9218254
0.9248337
0.9210278
0.9220942
0.9234078
0.9194758
0.9053341
0.9232973
0.8910425
0.9287661
0.9023719
0.9014986
0.8999929
0.8989337
0.9013704
0.9202267
0.9287801
0.9285816
0.9050207
0.9078777
0.9228167
0.8757997
0.9356575
0.9081754
0.9187099
0.913804
0.9074839
0.9208838
0.8736984
0.9193012
0.9183737
0.9215022
0.9207801
0.920381
0.9199447
0.9347257
0.8957927
0.8960413
0.8810776
0.8969951
0.9206271
0.9144313
0.8961011
0.8748775
0.9100028
0.9017333
0.9016353
0.9203814
0.8942104
0.8837351
0.9193988
0.9083668
0.9092603
0.9212524
0.9055389
0.8749865
0.8930822
0.9262751
0.9267604
0.921217
0.9227364
0.9196004
0.9216215
0.9246498
0.922645
0.9204078
0.9277745
0.923183
0.9210074
0.9227415
0.9219082
0.9203707
0.9212438
0.9220103
0.923239
0.9242599
0.9232143
0.92418
0.9213177
0.9234361
0.9215239
0.9234321
0.8984709
0.9028798
0.9068579
0.9271405
0.8809541
0.9174706
0.9216657
0.8934369
0.8945964
0.9253613
0.8873932
0.9287034
0.9019089
0.9231276
0.9224218
0.9202401
0.9231328
0.9237529
0.9208885
0.9243253
0.9201719
0.9219403
0.9218712
0.9221517
0.9037284
0.9247353
0.8901973
0.9306428
0.9022649
0.9013986
0.8967461
0.8954949
0.8974177
0.918887
0.9318118
0.9284451
0.9075519
0.9093142
0.9184211
0.8798707
0.9332743
0.9082114
0.9216872
0.9177807
0.9094563
0.9214166
0.8830567
0.9218766
0.9225844
0.9232007
0.9232272
0.9199821
0.9232057
0.9370443
0.896633
0.8971019
0.8834047
0.9003901
0.9225081
0.918627
0.8975982
0.8789932
0.9091161
0.9028362
0.899555
0.9236997
0.8955441
0.8891957
0.9212484
0.8962909
0.9097308
0.8996686
0.9040341
0.9021802
0.9055963
0.9021167
0.896659
0.8999783
0.9015176
0.9031698
0.9011405
0.9038342
0.8914446
0.8894918
0.9130497
0.8816604
0.8865039
0.8940561
0.8893204
0.8896638
0.8863208
0.8893092
0.889349
0.8915703
0.9045974
0.891372
0.8896524
0.8960132
0.890417
0.8979681
0.9069057
0.9026825
0.8984423
0.8945878
0.9054648
0.8769156
0.8843799
0.9065311
0.9069949
0.8899189
0.9034226
0.9004768
0.9029006
0.9123415
0.9059378
0.9101922
0.9019742
0.9083357
0.9061682
0.912894
0.9010973
0.8979474
0.9054806
0.9092699
0.8763379
0.908175
0.8963245
0.9000932
0.9212817
0.9172042
0.8915255
0.890642
0.892097
0.9073583
0.902785
0.9011628
0.9050862
0.9078217
0.8858271
0.9051184
0.9021921
0.9117035
0.904622
0.9008362
0.9035399
0.8881949
0.9014567
0.909358
0.9093384
0.9108991
0.9116452
0.9095059
0.9096205
0.9212627
0.8953137
0.9076577
0.9067827
0.9062831
0.9093811
0.886215
0.9054218
0.8983319
0.9154939
0.9206453
0.887861
0.9108942
0.9152018
0.9122931
0.9056624
0.9016828
0.9038064
0.9164005
0.8951101
0.8323426
0.8749908
0.9193862
0.9183673
0.9216414
0.9185781
0.9182203
0.9214437
0.9165294
0.9151708
0.9122612
0.9211456
0.9167116
0.9136652
0.9159132
0.9158971
0.9159309
0.9139789
0.9164865
0.9160033
0.9158615
0.9210293
0.921763
0.9194379
0.9138024
0.9160787
0.9161896
0.8827078
0.8986837
0.8970237
0.9211517
0.8447066
0.9119087
0.9158352
0.8724112
0.8722335
0.9175699
0.87276
0.9250054
0.8922236
0.9173586
0.9152501
0.9182805
0.9184804
0.9139997
0.9137876
0.9201659
0.9145128
0.913549
0.9169898
0.9203562
0.8952299
0.9159152
0.8693609
0.9253522
0.8963152
0.8976635
0.8864687
0.8854675
0.8874414
0.915755
0.9260041
0.9253779
0.9037813
0.9021131
0.9147113
0.8581778
0.9228074
0.8975184
0.9145148
0.9107482
0.9012794
0.9141904
0.8460875
0.917168
0.918006
0.9178796
0.9190663
0.9174634
0.9192437
0.9299638
0.8813382
0.8900057
0.872722
0.886967
0.9169486
0.9087509
0.8874597
0.8518464
0.901002
0.8866344
0.8890489
0.9188231
0.8771003
0.8696127
0.9141641
0.906619
0.9207696
0.8939894
0.9148058
0.914685
0.9084309
0.8664938
0.8627065
0.8656817
0.8586501
0.8637508
0.8648353
0.8668792
0.8558844
0.8527197
0.8723683
0.8530897
0.8532306
0.8600746
0.8556022
0.8581429
0.8534901
0.8578459
0.8524659
0.8537601
0.8663069
0.8532339
0.8450486
0.8490015
0.8546793
0.87169
0.9205356
0.9137287
0.9107862
0.8465946
0.9220211
0.8810864
0.857548
0.9185773
0.9188088
0.8621694
0.9090124
0.8936354
0.9130941
0.9004561
0.8973515
0.9050055
0.9008047
0.9017477
0.9001915
0.9060969
0.8968975
0.8944452
0.8999605
0.9013046
0.8876107
0.8978703
0.908572
0.8984618
0.9257663
0.9250815
0.9058286
0.9057479
0.9063073
0.9058578
0.8971305
0.8976202
0.9184548
0.9202858
0.8919128
0.910387
0.9047052
0.923276
0.8997684
0.8987926
0.9199537
0.8619845
0.9118574
0.9160467
0.9162117
0.9171508
0.9180108
0.9164229
0.9167106
0.9163904
0.9134394
0.9149615
0.9139346
0.9162543
0.9017195
0.8872208
0.9175847
0.9100082
0.9261471
0.9243692
0.8996569
0.9154171
0.9208715
0.9223069
0.9060436
0.9046956
0.8978608
0.9056759
0.8976489
0.8431983
0.8618397
0.918376
0.9177372
0.915972
0.9164794
0.9149501
0.9170602
0.9139885
0.9192809
0.9190111
0.920747
0.9215371
0.9176253
0.9139985
0.9174522
0.9160319
0.917632
0.9173156
0.9198806
0.9224886
0.9167911
0.9228579
0.9139101
0.9159979
0.9218235
0.9180206
0.8787322
0.8925494
0.8982387
0.9143938
0.8492922
0.9143575
0.9205828
0.8706316
0.8695117
0.9231789
0.8654478
0.9266461
0.8946549
0.9092133
0.9043893
0.9120051
0.9117181
0.907677
0.9043663
0.9128423
0.9093637
0.9123911
0.9106234
0.913488
0.8927579
0.9031201
0.8662596
0.9259499
0.8872261
0.8861998
0.8852672
0.8845473
0.8852755
0.9073293
0.9242527
0.9242017
0.8966846
0.8977706
0.916238
0.7931209
0.9266626
0.9008558
0.905696
0.9008411
0.8974694
0.9258765
0.8245527
0.9182809
0.917803
0.9182023
0.9185247
0.9175236
0.9189657
0.9289629
0.8810252
0.8743634
0.8600759
0.8902876
0.9090587
0.908858
0.8813767
0.8503432
0.9076605
0.8822557
0.8887729
0.9198287
0.8678345
0.865879
0.9071618
0.9124383
0.9233975
0.9080719
0.9184078
0.9162326
0.9124835
0.8805987
0.8801708
0.8779099
0.8726712
0.8796469
0.8770111
0.8811111
0.8666119
0.8686191
0.8837005
0.8605496
0.8726046
0.8744333
0.8733105
0.8756169
0.8727003
0.8758334
0.8669183
0.8662858
0.8760031
0.8677193
0.8697932
0.8677794
0.8676361
0.884707
0.9256787
0.9209433
0.9177175
0.8686379
0.9210168
0.8953071
0.8678679
0.9214362
0.9226351
0.875105
0.9148906
0.9052867
0.9166811
0.911352
0.9088426
0.91233
0.9088849
0.9095452
0.9147167
0.9147317
0.9064751
0.9089142
0.9091806
0.9100447
0.905715
0.9136675
0.9132125
0.9122717
0.9308835
0.930511
0.9128285
0.9116327
0.9131417
0.9135484
0.9106202
0.9123724
0.9207554
0.9223324
0.8999964
0.9151308
0.915574
0.9242409
0.9065443
0.9060498
0.9228666
0.8722996
0.918531
0.9214652
0.9233005
0.9216475
0.921972
0.9196233
0.9226248
0.9226846
0.91983
0.9203641
0.9161136
0.9232812
0.9102723
0.9018594
0.9243313
0.9163074
0.9283327
0.9288223
0.9098146
0.9193156
0.9273311
0.9209291
0.9118758
0.912471
0.8448061
0.9115044
0.7997016
0.8888929
0.8930303
0.9152274
0.915807
0.9118566
0.9098624
0.9131905
0.9135191
0.9161954
0.9096285
0.9075309
0.9188135
0.9125716
0.9099922
0.9088831
0.9096692
0.9121555
0.9099541
0.9130174
0.9095253
0.9162243
0.9127829
0.912458
0.9104937
0.9103121
0.9120906
0.9147484
0.8919665
0.7955225
0.8054597
0.913664
0.8916554
0.9052226
0.9108454
0.8913166
0.8925611
0.9188559
0.8921108
0.9190045
0.837094
0.9114702
0.9095863
0.9167419
0.9147777
0.9133831
0.9126401
0.9184692
0.918091
0.9107318
0.9141734
0.9114746
0.8395971
0.9131563
0.8940161
0.9209023
0.9034328
0.9030673
0.8830071
0.8818869
0.8823318
0.9114377
0.9215463
0.9202588
0.8418762
0.8429518
0.9082223
0.8924655
0.9213834
0.7909511
0.911012
0.9080142
0.8405187
0.9198176
0.8861865
0.9200854
0.9200193
0.9201556
0.9209973
0.918254
0.9205373
0.9237651
0.8860196
0.9018571
0.8952508
0.9025444
0.9125821
0.9058377
0.8989575
0.8880964
0.8717893
0.9058534
0.777463
0.9199799
0.8958927
0.8969261
0.9144204
0.8999892
0.9053799
0.9081512
0.9027758
0.8715546
0.8849419
0.9188194
0.9144812
0.9150751
0.9142908
0.9158908
0.9146897
0.9154864
0.9030756
0.9034376
0.9193971
0.9030755
0.9038157
0.9084659
0.9054817
0.9061203
0.9040879
0.9060184
0.9051003
0.9077255
0.9168506
0.9084146
0.9098914
0.9108847
0.9063377
0.9079211
0.8995046
0.8998872
0.9008244
0.9130139
0.8803923
0.8986257
0.9035585
0.8847007
0.8844117
0.9080354
0.8812163
0.913148
0.8988641
0.9197219
0.9115461
0.9165851
0.9115416
0.9105475
0.9123364
0.9182875
0.9099548
0.9092609
0.9142256
0.9151897
0.8871665
0.9148884
0.7809407
0.9166152
0.9073057
0.9045114
0.8841251
0.8852204
0.884941
0.9143089
0.9144789
0.9161034
0.900691
0.9009155
0.9037612
0.8737372
0.9177316
0.9048372
0.9082655
0.907714
0.8970021
0.9071704
0.8705831
0.9137353
0.9143932
0.914453
0.9149634
0.9132363
0.9142857
0.9272983
0.8958111
0.8833606
0.8828748
0.8934626
0.9154253
0.9013953
0.8956488
0.869935
0.9029769
0.8985608
0.8864383
0.9176956
0.8949804
0.8844165
0.9151232
0.9056678
0.9050207
0.8999819
0.8982066
0.8638428
0.8673935
0.9107213
0.9087581
0.9104642
0.9102716
0.9107983
0.910846
0.9111897
0.9091727
0.9078407
0.9148716
0.912103
0.9079345
0.9080248
0.9093731
0.9089251
0.9084439
0.9091755
0.9095
0.911674
0.9116972
0.9145736
0.9073577
0.9065974
0.9099008
0.9049231
0.8855296
0.8958045
0.897228
0.9107111
0.8693789
0.9056727
0.9117371
0.8804719
0.8800173
0.9180432
0.8688779
0.9181656
0.892574
0.9052136
0.9049595
0.9070219
0.9095353
0.9028839
0.9040852
0.9096392
0.9092938
0.904647
0.9038775
0.9061588
0.8870334
0.9019313
0.8764945
0.9165847
0.8958489
0.8959039
0.8819573
0.8789899
0.880786
0.8987609
0.9138931
0.9179142
0.9020639
0.9022869
0.9075974
0.8648619
0.9206096
0.8993597
0.8979621
0.9017997
0.9051257
0.9153187
0.8577272
0.9085479
0.9097539
0.9094291
0.9098634
0.9090015
0.908428
0.9199716
0.8784742
0.882584
0.8787148
0.8645511
0.9059122
0.8996724
0.8597615
0.8610138
0.9046981
0.8880236
0.8868279
0.9103566
0.8449889
0.8768428
0.9025685
0.908486
0.900576
0.9016329
0.8948003
0.8444678
0.856038
0.9136276
0.9142084
0.9188051
0.9147544
0.9138897
0.9175397
0.9140437
0.9123403
0.9114857
0.9186281
0.9161694
0.9185275
0.911599
0.9163985
0.9175075
0.9187269
0.9185977
0.9132131
0.9170228
0.9138331
0.9196084
0.9155243
0.9096327
0.914302
0.9124028
0.8751988
0.8915684
0.8922895
0.914449
0.8516993
0.9092025
0.9181291
0.8753019
0.8756535
0.9202239
0.837197
0.9189336
0.8943064
0.904489
0.9024339
0.9089949
0.9101568
0.9018105
0.9021143
0.9096826
0.9092612
0.9099528
0.9083738
0.9071426
0.8911589
0.9039105
0.8674535
0.9184584
0.887225
0.8864778
0.8768171
0.875351
0.8760891
0.9086178
0.916865
0.9187962
0.8948916
0.8982818
0.9139808
0.8601631
0.9246746
0.8991175
0.9029044
0.901356
0.8970848
0.9196397
0.8334154
0.9149448
0.9153734
0.9152448
0.9150746
0.9125135
0.9156794
0.920258
0.8779889
0.8803413
0.8699537
0.8825169
0.9091103
0.9050104
0.8765964
0.8541882
0.904638
0.8823302
0.8854821
0.9143884
0.8639799
0.8674343
0.9089881
0.9018941
0.814283
0.9009719
0.8305428
0.8866501
0.8875927
0.9083634
0.9065853
0.9087043
0.9055345
0.9097672
0.9092634
0.908927
0.9014242
0.8978867
0.9163799
0.9054795
0.89987
0.898929
0.9042424
0.9018107
0.9002204
0.9035591
0.9012703
0.9037213
0.9082365
0.9033194
0.9035747
0.899808
0.9016506
0.9042037
0.8904901
0.8329531
0.8288981
0.9060205
0.8880943
0.8965492
0.9046462
0.8949904
0.8952982
0.9095151
0.8917777
0.9063485
0.8484748
0.9134381
0.9049491
0.9140154
0.905414
0.905917
0.9039986
0.9130236
0.9082322
0.9045207
0.9050311
0.9092841
0.7949292
0.9095935
0.8828224
0.906738
0.9055859
0.9017339
0.8694057
0.8693755
0.870037
0.9052575
0.9096423
0.911078
0.8007767
0.7988457
0.8982347
0.890864
0.9127311
0.8442863
0.908507
0.9070712
0.8002541
0.9063238
0.8810701
0.9155636
0.9163305
0.9165043
0.9176176
0.9159731
0.9151281
0.9221078
0.8811068
0.8963466
0.8948691
0.8994368
0.9096264
0.899515
0.8969193
0.8875755
0.8670329
0.9078531
0.7994474
0.9127052
0.8991816
0.8986673
0.9071858
0.9006231
0.8693063
0.9175433
0.8547818
0.883147
0.8953346
0.9174247
0.9138889
0.9158635
0.9164854
0.9161452
0.9143681
0.9167919
0.9057588
0.904779
0.9186532
0.8997156
0.9059001
0.9145871
0.9052057
0.9071329
0.9053865
0.9081239
0.9085587
0.9082691
0.9185275
0.9081725
0.9112967
0.9120848
0.9063342
0.9175656
0.8900535
0.8566774
0.8568001
0.9143224
0.8943667
0.9063167
0.9028816
0.8976378
0.896932
0.9074893
0.8871984
0.9191937
0.8639206
0.9232168
0.9206788
0.923936
0.9187732
0.9173864
0.9181971
0.92584
0.9147344
0.9161297
0.9195835
0.9190573
0.8590497
0.919558
0.8862996
0.9184842
0.8995256
0.8974341
0.8683052
0.8679017
0.8696003
0.9196582
0.9234489
0.9230107
0.8585271
0.8573518
0.9069376
0.8943133
0.9183429
0.8633963
0.914018
0.9130374
0.8567921
0.9056813
0.8924194
0.9105339
0.911236
0.9107236
0.9116136
0.9124289
0.911132
0.9291936
0.8760169
0.8999755
0.8918469
0.9033219
0.9203608
0.9019088
0.8942424
0.8860173
0.8506802
0.9117979
0.8397701
0.9180826
0.9039849
0.8981117
0.9200769
0.9134748
0.9044928
0.9115066
0.8951758
0.8405531
0.8747573
0.9210443
0.9198078
0.9207907
0.9221625
0.9210573
0.9209273
0.9200697
0.9175953
0.9174029
0.9220354
0.9245618
0.9195829
0.9191819
0.9207653
0.9190599
0.9195146
0.9185825
0.9187309
0.9223298
0.9220752
0.9245684
0.9180731
0.9167022
0.9161517
0.9197457
0.8772706
0.9005548
0.8997023
0.9225034
0.6866038
0.9177046
0.9215414
0.8740152
0.8740823
0.9266796
0.8747168
0.9285101
0.9004247
0.915487
0.9156998
0.9174411
0.9195254
0.9140408
0.9115754
0.9175168
0.9179652
0.91825
0.9175861
0.9176532
0.8948994
0.9170525
0.8733093
0.9285101
0.891864
0.890891
0.887406
0.8861689
0.886533
0.9113247
0.9262348
0.9272578
0.9017791
0.9042672
0.9190019
0.864231
0.9301752
0.9064379
0.9116168
0.908618
0.9010155
0.9208749
0.8463722
0.9172732
0.9180334
0.9186561
0.9188656
0.9167042
0.9188191
0.9269842
0.8802055
0.8892262
0.8807143
0.8918556
0.9180058
0.9134768
0.883365
0.8534632
0.8993449
0.8818061
0.8951613
0.9173888
0.8700055
0.8688239
0.9116872
0.9025079
0.9090308
0.90167
0.9023498
0.8951059
0.8945015
0.9031749
0.899506
0.9062799
0.9011239
0.901779
0.9059924
0.9061834
0.8978713
0.8994724
0.9102436
0.8962568
0.8973145
0.9013886
0.9022252
0.9002586
0.8972652
0.9011021
0.8999457
0.9004982
0.9026313
0.9020305
0.9008499
0.9003941
0.9009633
0.8968994
0.8984585
0.90632
0.9012941
0.8996312
0.8998651
0.8913712
0.8912996
0.9010131
0.8996935
0.9060144
0.8910212
0.904081
0.8988309
0.9110632
0.9033164
0.9086371
0.9098734
0.906943
0.9039035
0.9137527
0.9081694
0.905393
0.905514
0.9091038
0.8893671
0.9046841
0.8954021
0.9081938
0.9080633
0.9072792
0.8930006
0.8924473
0.8930876
0.9058202
0.9016106
0.9050951
0.9064655
0.9073692
0.8969946
0.8964865
0.9128172
0.9109042
0.9043204
0.9012372
0.9074716
0.8987128
0.8913497
0.9050177
0.9046182
0.9064012
0.9055278
0.9059331
0.9068588
0.9223651
0.8990657
0.898355
0.900615
0.9025894
0.9107958
0.8944296
0.9003077
0.8913634
0.9123462
0.9131653
0.8923336
0.9065912
0.9043713
0.9024648
0.9060809
0.90891
0.9207824
0.9035898
0.9165989
0.9122606
0.907603
0.9029573
0.8947504
0.9031908
0.9042549
0.9035346
0.9054681
0.9060615
0.8964919
0.8973148
0.909487
0.8913165
0.8947446
0.8978046
0.8961158
0.893873
0.8945288
0.8949846
0.8960021
0.8927738
0.9080095
0.8982467
0.8946115
0.8962585
0.8972969
0.8978593
0.9197091
0.9182321
0.9149938
0.8967835
0.9172063
0.8853037
0.897315
0.9191912
0.9183566
0.8985044
0.909058
0.8995985
0.9130773
0.9141996
0.908606
0.9129226
0.9037968
0.9080195
0.9105931
0.9133474
0.9086758
0.905456
0.9103907
0.9135785
0.8986264
0.9082906
0.9064881
0.9006151
0.9259116
0.9232533
0.9039233
0.9034066
0.904564
0.9032783
0.9036847
0.9000895
0.9172372
0.9192708
0.8890205
0.9128163
0.904858
0.9230715
0.904051
0.9006682
0.9177139
0.8989344
0.9145275
0.909984
0.9128245
0.9130774
0.9122832
0.9091233
0.9107878
0.9133195
0.913733
0.9147993
0.9118824
0.9125716
0.9093862
0.8901334
0.9160869
0.9074765
0.9239928
0.9288187
0.9048685
0.9151106
0.9191908
0.9204987
0.9071801
0.9123028
0.918736
0.9058451
0.9161427
0.9165775
0.9097124
0.9054133
0.9002529
0.9068099
0.9063198
0.9046702
0.9082342
0.9086045
0.9027136
0.9020758
0.9133608
0.9010037
0.8973378
0.8966524
0.8971153
0.8961382
0.8971254
0.8985359
0.9018333
0.9065605
0.9112379
0.9052453
0.9025569
0.9006325
0.9029421
0.9051668
0.9198604
0.9177759
0.9123264
0.9050112
0.9195504
0.8942165
0.9024732
0.9168665
0.9178999
0.9010019
0.9078096
0.9045097
0.9152704
0.9156825
0.9124049
0.9126981
0.9057908
0.9151409
0.9131384
0.9144758
0.9121658
0.9085729
0.9088439
0.9156833
0.9010993
0.9132384
0.9067018
0.9045789
0.9264303
0.9233993
0.904932
0.9051671
0.9048203
0.9101519
0.9087653
0.909702
0.9174302
0.9188144
0.897498
0.9128244
0.9071612
0.9214399
0.9101203
0.9076669
0.9193917
0.901372
0.9139889
0.9170404
0.9175483
0.9166932
0.9177468
0.9149267
0.9170543
0.9223472
0.9162799
0.9162515
0.9176723
0.9160625
0.9135882
0.8939572
0.9210628
0.9122075
0.9216031
0.9312935
0.906385
0.9195024
0.9216878
0.9242909
0.9100165
0.9093813
0.9216536
0.9043628
0.9179697
0.915795
0.9138627
0.9010267
0.8922156
0.9004883
0.9033212
0.9033273
0.9044783
0.9057265
0.8934438
0.8951396
0.9127762
0.8899467
0.8898712
0.8930419
0.8928571
0.891479
0.8900175
0.8896827
0.89553
0.8976512
0.9017002
0.8923308
0.8939195
0.8926062
0.8964431
0.8954014
0.9194091
0.9151425
0.9115747
0.8981756
0.9234563
0.8811486
0.8943984
0.9184147
0.9180811
0.893499
0.9140708
0.8998638
0.909674
0.9159427
0.9099881
0.914756
0.9093892
0.9160198
0.9132897
0.9193649
0.9069118
0.9050615
0.907264
0.9154479
0.888704
0.9110083
0.9061514
0.9004159
0.9304524
0.9271272
0.9040605
0.9036311
0.9041451
0.9089688
0.9001828
0.9023927
0.9164181
0.9157566
0.89057
0.9176956
0.9004675
0.918686
0.9068988
0.9047097
0.9164353
0.8961119
0.9133989
0.9145234
0.9147257
0.9141813
0.9152949
0.9145174
0.9123521
0.9174855
0.9096166
0.917244
0.9150803
0.9165744
0.9118125
0.8851715
0.9218636
0.9121835
0.9229123
0.9312487
0.9032785
0.9185952
0.9268301
0.9220914
0.9095685
0.9042033
0.9188017
0.9045649
0.9132182
0.9136299
0.9112543
0.901532
0.8985523
0.9025052
0.8995222
0.90285
0.9034266
0.9088985
0.8924739
0.891279
0.9087599
0.8835533
0.8867357
0.8927645
0.8853601
0.886038
0.8875132
0.8858826
0.889968
0.8851178
0.9047496
0.8925729
0.8949192
0.8968729
0.8879226
0.893962
0.9191692
0.913643
0.9070089
0.8983089
0.9139307
0.8829127
0.8864801
0.9160172
0.9167173
0.8900859
0.9051623
0.9018047
0.9072054
0.9173186
0.9098458
0.9174124
0.9088295
0.9136636
0.9125386
0.9188122
0.9088197
0.9061192
0.9092917
0.9154342
0.8927961
0.9117283
0.8984355
0.9019571
0.9299465
0.9278123
0.9019615
0.9013971
0.9026124
0.9078376
0.9050069
0.9062465
0.9138333
0.9155589
0.8855016
0.9095731
0.9023438
0.9184627
0.9060318
0.9076247
0.914822
0.8837786
0.9150557
0.9051737
0.9056324
0.9053732
0.9047481
0.9056815
0.9078962
0.921953
0.9101314
0.9145482
0.9115549
0.9141571
0.9114076
0.883474
0.9165889
0.9086755
0.9207843
0.9296307
0.8985305
0.9116053
0.9215997
0.9178789
0.910283
0.8999669
0.919405
0.9085618
0.915369
0.9152139
0.9094988
0.905162
0.9021474
0.9019422
0.9015749
0.9049345
0.9020845
0.9083786
0.8936813
0.8959131
0.9066452
0.8914755
0.8879417
0.8921932
0.8891735
0.889356
0.8877994
0.8894098
0.8939258
0.8908317
0.9027542
0.8894574
0.8944192
0.8944326
0.8935504
0.8992417
0.921499
0.9165956
0.9078524
0.8945113
0.9219658
0.8820431
0.8884533
0.9209744
0.9203672
0.8939778
0.9141098
0.9014749
0.9100297
0.9154818
0.9073443
0.9166369
0.9099787
0.9136039
0.9123276
0.9157442
0.9077965
0.9062964
0.9077201
0.915561
0.8878696
0.9095065
0.9000256
0.9029924
0.9287858
0.9274547
0.9055945
0.9043583
0.905681
0.9114807
0.9026545
0.9043823
0.9138509
0.914989
0.885382
0.9153365
0.8981864
0.9203728
0.9090195
0.9054602
0.915221
0.8929789
0.9121627
0.9117384
0.9122218
0.9125929
0.9135423
0.9093517
0.9120365
0.9167061
0.9155438
0.9175527
0.9156451
0.916099
0.910134
0.876277
0.9213699
0.9117044
0.9229816
0.9312636
0.9027596
0.916984
0.926617
0.9236306
0.9119706
0.9015465
0.9180228
0.9122465
0.9077614
0.9151039
0.9154435
0.9059703
0.9009318
0.9033658
0.9010064
0.9044857
0.9058025
0.9103566
0.8916984
0.8922938
0.914485
0.882682
0.8872362
0.8947428
0.8873171
0.8842673
0.8872601
0.8860016
0.8934463
0.8878893
0.907371
0.8933031
0.8923916
0.8986431
0.8917759
0.8962614
0.9249491
0.9118177
0.9052805
0.8977694
0.9212961
0.8856195
0.8787414
0.9201844
0.9193
0.8839156
0.9107241
0.89926
0.9079451
0.918917
0.9151289
0.9229941
0.9130735
0.9204792
0.9198654
0.9233061
0.911082
0.9123043
0.9126087
0.9217303
0.8875019
0.9153801
0.9028115
0.9023026
0.9354336
0.9342245
0.9045923
0.9028998
0.9045993
0.9185183
0.9085272
0.9058198
0.9152901
0.9133185
0.8840618
0.9183275
0.8960949
0.9202717
0.9135129
0.915759
0.912807
0.8807246
0.9157845
0.9082087
0.9097674
0.9093144
0.9099591
0.9086368
0.9089531
0.9216812
0.9133608
0.9218839
0.9158902
0.9144834
0.9155792
0.8820269
0.9178994
0.9136925
0.9232884
0.9305541
0.897838
0.9133268
0.9238985
0.9253268
0.9160139
0.9105703
0.9178367
0.8933909
0.9154206
0.9082685
0.9002122
0.8980394
0.8966115
0.897591
0.8999262
0.8960481
0.8995919
0.8986394
0.8917685
0.8933403
0.9053127
0.8910079
0.8923573
0.8918487
0.8950499
0.8934916
0.8920562
0.8940756
0.8953764
0.8940702
0.8974586
0.8906618
0.8891343
0.8936668
0.8940606
0.894348
0.9178883
0.9121425
0.9108045
0.8911145
0.9127262
0.8872014
0.8943444
0.9165694
0.9166107
0.90141
0.9068857
0.8970633
0.9077443
0.906034
0.8993609
0.9089574
0.9010116
0.9025567
0.9017113
0.9089932
0.9073413
0.9035192
0.9009565
0.9046964
0.8903383
0.8991477
0.9043894
0.9015981
0.9219871
0.9189208
0.9011759
0.9006969
0.9014222
0.8990472
0.8993018
0.902828
0.9153334
0.9167667
0.888011
0.9109899
0.9017335
0.9172675
0.898785
0.8945053
0.913927
0.9004576
0.9050257
0.9146679
0.9146817
0.9153966
0.9157622
0.9135053
0.9144182
0.909366
0.910989
0.9143884
0.9111166
0.9081734
0.904641
0.8857577
0.9138207
0.9086147
0.9239371
0.9233767
0.9021298
0.9092895
0.9156424
0.9183731
0.8994884
0.9059704
0.921006
0.9092712
0.9152682
0.919177
0.9161206
0.9073495
0.8992124
0.9008953
0.8993214
0.9036983
0.9023704
0.9079197
0.8919466
0.8903359
0.9113929
0.8932739
0.8919606
0.8911114
0.8948071
0.8939321
0.8920295
0.8939044
0.8911925
0.8934426
0.9058006
0.8892374
0.8921783
0.8943604
0.8919405
0.899599
0.9251776
0.9196228
0.9141414
0.8978214
0.922394
0.884167
0.8886912
0.9238814
0.9235436
0.8955735
0.9143574
0.9003489
0.9091236
0.918281
0.9110896
0.9180957
0.912027
0.9154211
0.9164168
0.9177079
0.9150043
0.9084972
0.9105459
0.9175761
0.890625
0.9094586
0.910103
0.9042416
0.9325255
0.9316164
0.9081607
0.9075612
0.9084456
0.9115597
0.9057439
0.9053805
0.9203515
0.9226214
0.8897741
0.9167598
0.8987154
0.9187928
0.9118573
0.9143558
0.9202179
0.8989671
0.9207899
0.9159838
0.9184321
0.9185727
0.9195603
0.9186092
0.9176232
0.9181914
0.9176964
0.9230769
0.9208592
0.9192741
0.9151515
0.8838316
0.9233319
0.9144896
0.9223384
0.9358269
0.9056439
0.9193341
0.9271393
0.9238326
0.9133895