0.9090226
0.8905247
0.8969113
0.889558
0.8840274
0.8847155
0.9064142
0.9036227
0.9058748
0.9022297
0.9051265
0.9063312
0.9039758
0.9045461
0.9043132
0.9145431
0.9072345
0.9021101
0.9010969
0.9020223
0.9044804
0.902224
0.9046143
0.9057459
0.9061697
0.9037026
0.9083645
0.9028818
0.9012557
0.9032211
0.9033227
0.88737
0.888678
0.8833351
0.9042765
0.8903996
0.9013786
0.9097709
0.8922857
0.8934257
0.91509
0.889964
0.9118888
0.8867972
0.9062176
0.9033581
0.9088334
0.9052173
0.9040003
0.8998995
0.9127581
0.9099531
0.905606
0.9005744
0.9048573
0.8677711
0.9032443
0.8889332
0.9092381
0.9013804
0.9008903
0.821081
0.8197043
0.819278
0.9046683
0.9064297
0.909676
0.8863473
0.8902156
0.9018203
0.8919397
0.9153584
0.8905428
0.8994833
0.8976426
0.8868656
0.9129751
0.8843126
0.9146303
0.9144539
0.9145901
0.9163573
0.9099616
0.9155599
0.9162223
0.8897358
0.899022
0.8917318
0.8956491
0.9071922
0.895008
0.8919598
0.8855385
0.892778
0.9076763
0.8742065
0.9138937
0.890129
0.8969764
0.9028592
0.9140223
0.9255231
0.8915433
0.9199958
0.9163297
0.9100514
0.9000981
0.8951067
0.9012639
0.9020152
0.9044508
0.9043472
0.9019198
0.8949319
0.8947388
0.9119963
0.9012877
0.8970798
0.8956672
0.8960175
0.8976561
0.8968684
0.8975498
0.8974415
0.9006606
0.9030557
0.894797
0.8919859
0.8933564
0.8965833
0.9019565
0.923257
0.9189624
0.9173288
0.8972856
0.9214155
0.8863636
0.8997205
0.9169616
0.9177233
0.9087697
0.9137377
0.9005765
0.9177656
0.8961185
0.8956711
0.9052643
0.8973166
0.8988132
0.8987278
0.9042044
0.8996114
0.8960623
0.8968824
0.900036
0.9046658
0.8964856
0.9061974
0.9001117
0.9243648
0.9228884
0.9095226
0.908974
0.9095291
0.8972665
0.9022329
0.9051883
0.9249391
0.9266236
0.8970384
0.9124054
0.9065161
0.9275327
0.8923797
0.8901918
0.921207
0.9106141
0.909718
0.916374
0.9158534
0.9178149
0.9192022
0.9175847
0.9203617
0.9145416
0.9177128
0.9156694
0.9171565
0.9143398
0.8947407
0.9027979
0.9177162
0.9158687
0.9317458
0.928863
0.909279
0.9181049
0.9222105
0.9234749
0.8981451
0.9047244
0.8907148
0.9023582
0.870689
0.8844928
0.8886667
0.9097406
0.9056902
0.9062322
0.9026103
0.9036456
0.9078673
0.9100422
0.9027371
0.9025448
0.9096239
0.9023341
0.9038746
0.9018819
0.9078868
0.9044936
0.90391
0.9053341
0.9036166
0.9061363
0.9094628
0.905154
0.9015838
0.9029924
0.9031606
0.9052741
0.8840986
0.8693617
0.870457
0.9066599
0.8875968
0.8932253
0.9033384
0.892311
0.8922256
0.9101457
0.8879858
0.9106366
0.8765361
0.9091361
0.9106231
0.9115909
0.9106082
0.9098416
0.9090136
0.9141102
0.9065006
0.9057306
0.9097826
0.9067378
0.8601482
0.9094136
0.8883707
0.913291
0.9023397
0.9008795
0.8056504
0.8051772
0.8068693
0.9044076
0.9125041
0.9150393
0.8807145
0.8813693
0.9016074
0.8861642
0.9126306
0.8822516
0.9030354
0.8979599
0.87841
0.9062153
0.8861512
0.914904
0.9152578
0.915091
0.9163208
0.9144054
0.9176364
0.9212216
0.881967
0.8990964
0.8943917
0.8947611
0.907038
0.8985632
0.8904796
0.8859943
0.8898369
0.9073749
0.8557474
0.9134988
0.8917633
0.8959616
0.9111331
0.9094783
0.8473055
0.9153036
0.7934783
0.8819716
0.893574
0.9126031
0.9103475
0.9095636
0.9091627
0.9110148
0.9126546
0.9151893
0.9052775
0.9019657
0.9180287
0.9025889
0.9047516
0.903326
0.906602
0.9073188
0.9047088
0.9075297
0.9052078
0.90869
0.9129985
0.9102855
0.9099524
0.9097332
0.9041998
0.9135064
0.8892178
0.7935895
0.7937695
0.9088985
0.8888889
0.9071767
0.903351
0.8912912
0.8921892
0.9107546
0.8960302
0.9169869
0.8258583
0.9162709
0.9124743
0.9172772
0.9150774
0.9148225
0.912201
0.9177686
0.9126227
0.9093215
0.9151897
0.9122949
0.8339601
0.9116826
0.8910229
0.9154469
0.9010356
0.8989903
0.8749089
0.8740562
0.8760243
0.9142093
0.9180882
0.9197813
0.8360234
0.8381161
0.9085292
0.886785
0.9123401
0.7845435
0.9122716
0.9070448
0.8350754
0.9091816
0.8815632
0.9122727
0.9134629
0.9123853
0.9130465
0.9127978
0.9143006
0.9276346
0.8827207
0.9006233
0.891292
0.9044269
0.9137158
0.8983909
0.8977269
0.8884506
0.8656554
0.9061361
0.7580606
0.9158009
0.8964863
0.9010632
0.9130389
0.9034716
0.9086994
0.9078408
0.9040678
0.8731118
0.8838696
0.9124132
0.9163774
0.9177051
0.9164652
0.9168134
0.9175422
0.9136328
0.9091364
0.9098797
0.9169845
0.9160221
0.9131841
0.9107296
0.9113817
0.9125244
0.912994
0.9124256
0.9116807
0.9169505
0.9156229
0.9163246
0.9126586
0.9135129
0.9111816
0.9144702
0.8961971
0.9002703
0.9006229
0.9137293
0.8767084
0.908571
0.909885
0.8874165
0.886775
0.9172346
0.8807656
0.9216928
0.8975098
0.909415
0.9051414
0.9097565
0.9115663
0.9123769
0.910214
0.9170032
0.9079504
0.9152021
0.9123794
0.9108426
0.8946896
0.9111511
0.8832792
0.9206012
0.8998306
0.9002752
0.8915434
0.889877
0.891829
0.9077303
0.9180751
0.9208084
0.9000667
0.9032924
0.9115286
0.8768651
0.926076
0.9038549
0.9111435
0.9047904
0.9016566
0.9161636
0.8714494
0.9156723
0.9156848
0.9133713
0.9132371
0.9138578
0.9149002
0.9295839
0.896177
0.8914865
0.8785495
0.897063
0.9101858
0.9112629
0.8933897
0.8723157
0.9074838
0.9011061
0.8884105
0.9129331
0.8903598
0.8891658
0.9120486
0.9071044
0.9235136
0.8994303
0.9181922
0.9103058
0.9080755
0.9037074
0.8974081
0.8977692
0.8997063
0.9001796
0.9005306
0.9076723
0.8997574
0.8960883
0.911793
0.8946036
0.8957238
0.8984122
0.8945963
0.8951441
0.8953522
0.8958363
0.9000399
0.8958803
0.9050995
0.8992897
0.895399
0.8950855
0.8998661
0.8977857
0.917792
0.9181437
0.9171218
0.8978081
0.915957
0.8840783
0.8931256
0.9147988
0.915292
0.8966874
0.9080685
0.8956644
0.9121994
0.9079676
0.9052233
0.9105868
0.9094059
0.9061556
0.9074993
0.9128405
0.9049833
0.9047585
0.9065434
0.90902
0.8962003
0.9047076
0.9001429
0.8941726
0.9231676
0.9221122
0.9109226
0.9109957
0.9117367
0.9043673
0.8976346
0.8993722
0.9195661
0.9214446
0.8884436
0.9134642
0.8985143
0.9212667
0.9036128
0.899064
0.9204463
0.9009025
0.9115795
0.9093776
0.9102358
0.9099884
0.9119088
0.9111267
0.9097899
0.9148193
0.9130313
0.9129213
0.9101477
0.9075181
0.9076168
0.8942332
0.9138317
0.9136951
0.9227708
0.9253054
0.9081737
0.9138569
0.9168425
0.9193975
0.9043596
0.9222491
0.9253127
0.9114261
0.9193065
0.9150171
0.9085818
0.9169566
0.9159071
0.9125295
0.9137459
0.9126011
0.9147092
0.9167867
0.9125579
0.9095741
0.920229
0.9138644
0.9137086
0.9151543
0.917216
0.9172143
0.9135599
0.9163273
0.910813
0.917418
0.9176992
0.9176417
0.9124276
0.9168476
0.9119671
0.9149747
0.9203531
0.9205788
0.9194157
0.9124157
0.9139155
0.9081658
0.911005
0.915278
0.9162799
0.9133502
0.907353
0.9211777
0.9149916
0.9139956
0.909456
0.919055
0.9169826
0.9141493
0.914016
0.9172014
0.9145028
0.9183694
0.9144026
0.9140355
0.9112079
0.9136628
0.909249
0.9172544
0.916444
0.9147212
0.9114455
0.9119695
0.9119421
0.913734
0.9163479
0.9164421
0.919917
0.919928
0.9104765
0.9128482
0.9220319
0.9229386
0.9153922
0.9113329
0.9209274
0.9138075
0.9111458
0.8995592
0.8975998
0.8983398
0.8997569
0.8984817
0.8980859
0.9250035
0.9142553
0.9139145
0.9161726
0.9146869
0.9177182
0.9032859
0.913287
0.9104101
0.9213399
0.9258287
0.9123754
0.9035244
0.9168767
0.9181281
0.9153589
0.9039577
0.9216851
0.9031952
0.9146945
0.9129424
0.915331
0.8797963
0.8711484
0.8760364
0.8673504
0.8706155
0.8756502
0.8750707
0.8598174
0.8600601
0.8766924
0.8528356
0.8590372
0.8629554
0.8585572
0.858852
0.8595158
0.8600235
0.8603412
0.8603962
0.8733151
0.8633486
0.8546874
0.8605306
0.8613907
0.8798419
0.9235763
0.9170567
0.9096952
0.8597693
0.9225282
0.8834795
0.8586598
0.9186995
0.9196908
0.8570194
0.9087336
0.9011359
0.907659
0.9130871
0.9060756
0.9127868
0.9091463
0.9096195
0.9106964
0.9140603
0.904227
0.8989348
0.903773
0.9136346
0.8974798
0.9066306
0.9049079
0.9037443
0.9293879
0.9294208
0.906648
0.9061342
0.9063006
0.9108698
0.9054734
0.9036935
0.9181965
0.9173347
0.8923366
0.9162782
0.900722
0.9210231
0.9092099
0.9044302
0.9168047
0.8561348
0.9145033
0.9157073
0.9167137
0.9162021
0.9146889
0.9120513
0.9150361
0.9210678
0.9148657
0.9163338
0.9135541
0.9139315
0.9109043
0.8907862
0.9200734
0.9121419
0.9201997
0.9294548
0.9007154
0.9149368
0.9257674
0.9256065
0.9125232
0.9098496
0.9211775
0.8953016
0.91873
0.9175756
0.9116557
0.869505
0.8677975
0.8717369
0.8692406
0.8696074
0.869268
0.8694484
0.8597144
0.8577893
0.8717709
0.8562265
0.8605778
0.862285
0.860177
0.8623625
0.8604942
0.8614253
0.8606701
0.8591234
0.8669455
0.8573232
0.8590596
0.8566474
0.8574742
0.8715142
0.9193911
0.9195515
0.9124542
0.856103
0.9223178
0.8827888
0.8608247
0.9165202
0.9177789
0.8610229
0.9135497
0.8998059
0.9161866
0.9056909
0.9006275
0.9061071
0.901409
0.9066485
0.9034081
0.9066105
0.9014013
0.8983668
0.8985471
0.9083309
0.896828
0.9042384
0.9100612
0.898639
0.9256433
0.9243933
0.9083838
0.9081461
0.9080381
0.9047619
0.8974721
0.8979205
0.9182606
0.9196751
0.8931508
0.9141495
0.9081235
0.9225148
0.9012267
0.9005465
0.9197966
0.8682949
0.9134519
0.917722
0.9178467
0.919049
0.9196796
0.9190471
0.9198949
0.9199268
0.9175396
0.9205155
0.9171344
0.9196238
0.9048976
0.8963719
0.9199817
0.9149585
0.9257992
0.9290562
0.905789
0.9214429
0.9238031
0.9226775
0.9064808
0.9117034
0.9267894
0.8955339
0.9211062
0.9175206
0.9115124
0.8662655
0.8663348
0.8725276
0.8673929
0.8709087
0.8714666
0.8683252
0.8576491
0.8573279
0.8711744
0.8597944
0.8554777
0.8592725
0.8577853
0.8583813
0.8553891
0.8605873
0.8566029
0.858274
0.86492
0.8577776
0.8556178
0.8552647
0.8600958
0.8708308
0.9198719
0.9219592
0.915097
0.8572082
0.920174
0.8827167
0.8552434
0.916388
0.9175726
0.8620238
0.9114179
0.8973696
0.9184512
0.9045901
0.8997606
0.9046238
0.9002565
0.9033015
0.9045939
0.9083345
0.8995736
0.8966876
0.9024548
0.9075153
0.8977443
0.9009485
0.9073288
0.8968983
0.9268805
0.9277011
0.9058396
0.9037873
0.9063186
0.9027497
0.8953258
0.8969683
0.9199537
0.9223827
0.8904448
0.9150943
0.9069145
0.9234483
0.9003635
0.8944529
0.9212234
0.8715445
0.9113262
0.9167519
0.9180593
0.9189588
0.9197805
0.9185003
0.9187063
0.9160955
0.9197744
0.9185799
0.91765
0.9183988
0.9020857
0.8917898
0.9211481
0.9123113
0.9242912
0.926049
0.908853
0.9224997
0.9231859
0.9245581
0.9002491
0.910093
0.9255445
0.8973508
0.9198977
0.9161487
0.9078554
0.8669589
0.8664336
0.8663567
0.8646636
0.8669408
0.8654779
0.872934
0.8582546
0.8567195
0.869653
0.8576462
0.8571754
0.857355
0.8579124
0.8605702
0.856568
0.8593302
0.8549487
0.8564044
0.8649382
0.8584294
0.8587678
0.8562293
0.8571863
0.8744962
0.9215789
0.9198084
0.9121878
0.8585962
0.9160119
0.8841375
0.8601831
0.9160611
0.916216
0.8632794
0.9118005
0.8977375
0.9179679
0.9037762
0.9004557
0.9044813
0.8975849
0.9050133
0.9023232
0.9056489
0.8989691
0.8995038
0.899207
0.9045754
0.8976203
0.9009347
0.9085082
0.8957413
0.9249869
0.9265574
0.9071434
0.9068668
0.9078933
0.9041888
0.8994629
0.9008075
0.9242482
0.9234681
0.8938773
0.9135333
0.9103132
0.9229159
0.8998436
0.8964908
0.9226176
0.8726765
0.9119412
0.917261
0.9170441
0.9187388
0.9201641
0.9180915
0.9198112
0.915059
0.9164287
0.9191156
0.9151549
0.917538
0.9006398
0.8953984
0.9190995
0.913304
0.9265295
0.926218
0.9074094
0.9191144
0.9218092
0.920699
0.9033948
0.9150027
0.928094
0.9018565
0.9206692
0.919584
0.9110141
0.8707099
0.870454
0.87391
0.8693126
0.8703896
0.8721186
0.8684983
0.8622067
0.8634295
0.8711561
0.858819
0.8630132
0.8629145
0.8627722
0.8650678
0.8630178
0.8634186
0.8612673
0.8618352
0.8718484
0.8664353
0.8631683
0.862056
0.8614909
0.8789651
0.925675
0.9234267
0.9173327
0.8660057
0.923182
0.8876625
0.8694014
0.9202104
0.9211919
0.8692061
0.9154133
0.9036421
0.9204035
0.9078961
0.9047501
0.9070139
0.9046684
0.9113244
0.9092527
0.9124523
0.902583
0.9005938
0.9044808
0.9096933
0.9039209
0.9068487
0.9119895
0.902858
0.9291983
0.9309377
0.9110621
0.9109421
0.911378
0.9034117
0.901355
0.9024893
0.9252184
0.9251126
0.899267
0.9171811
0.9137703
0.9272092
0.9009194
0.899098
0.9238598
0.8764049
0.9143486
0.9193323
0.9199442
0.9234621
0.9235267
0.9203824
0.9214452
0.9169618
0.9222874
0.9221646
0.9154206
0.9191473
0.9028342
0.8980419
0.924621
0.9139641
0.9283044
0.9301033
0.9116687
0.9213346
0.9260182
0.9251088
0.9036799
0.9138952
0.9268689
0.8988588
0.9192968
0.9181545
0.9119206
0.8700253
0.8678624
0.8691115
0.867982
0.8692434
0.8669539
0.8665181
0.861065
0.8610471
0.8731599
0.8585712
0.8591703
0.8609114
0.8624509
0.862153
0.8589995
0.8634388
0.8583933
0.8630111
0.8670568
0.86229
0.8566852
0.8543291
0.8589254
0.8781764
0.9224057
0.9199623
0.9148259
0.8604581
0.9211284
0.8874295
0.8671228
0.9188377
0.9185392
0.8689421
0.9140759
0.8993196
0.9188067
0.9057483
0.9012915
0.9047602
0.903727
0.9083411
0.9052406
0.9082162
0.901123
0.9008631
0.9022911
0.9081425
0.9010691
0.9025696
0.9100214
0.8943691
0.9278559
0.9288198
0.9076885
0.9065537
0.9084356
0.9026622
0.896507
0.8986269
0.9231171
0.9264456
0.8971343
0.9161658
0.9107044
0.9244831
0.9024683
0.8976273
0.9234383
0.8765272
0.9152879
0.9163978
0.9150414
0.916091
0.9175547
0.9155933
0.9162993
0.9156981
0.9195555
0.9201332
0.9165356
0.9184904
0.9071559
0.8955495
0.9234102
0.9134785
0.9232993
0.9278477
0.9095474
0.921285
0.9216551
0.9228862
0.9043447
0.9135569
0.9272056
0.8998766
0.9231412
0.9186211
0.9126717
0.8682061
0.8704775
0.8719841
0.8706909
0.8711677
0.8701643
0.8740346
0.8629084
0.8610021
0.8767823
0.8619129
0.8611456
0.8634459
0.8637654
0.8625342
0.8611488
0.8628392
0.8579169
0.8660832
0.8699749
0.8631491
0.8611565
0.8613839
0.8593986
0.8771663
0.9214331
0.9236835
0.9157549
0.8609297
0.9227236
0.8874963
0.8689124
0.9198256
0.9200935
0.8682256
0.9180188
0.9032915
0.9184371
0.9091623
0.901698
0.9085429
0.9042135
0.9105318
0.9065848
0.9101247
0.9026748
0.9037844
0.9054309
0.910762
0.9015228
0.9053386
0.911392
0.9027093
0.9276723
0.9280025
0.9118578
0.9104207
0.9121734
0.9043288
0.8992577
0.9024219
0.9252525
0.9254818
0.8985971
0.9171316
0.9134361
0.924525
0.9053478
0.9016657
0.9257228
0.8753936
0.9148355
0.9185294
0.9189548
0.9203756
0.9201356
0.9186372
0.9202356
0.9164457
0.9230339
0.9213744
0.9220423
0.9195518
0.9072874
0.89553
0.9246547
0.9141031
0.923904
0.9291242
0.9095213
0.9195676
0.9237103
0.9248807
0.9064707
0.9064829
0.923187
0.8899915
0.9187381
0.9134399
0.9050091
0.8594478
0.8587175
0.8606502
0.8546979
0.8578941
0.859741
0.8619426
0.849929
0.8516347
0.8686011
0.8493724
0.8519298
0.8529265
0.8493845
0.8522498
0.8521014
0.8537393
0.851731
0.8532496
0.8603564
0.8521002
0.8453632
0.8457235
0.8495969
0.8707179
0.9245932
0.9184599
0.9142664
0.8410622
0.9206568
0.8731883
0.8530795
0.9175907
0.9181655
0.8561649
0.9130372
0.8915913
0.9167605
0.9035291
0.8989367
0.9043179
0.8992254
0.9031897
0.8984887
0.9084638
0.8974628
0.8922769
0.8965144
0.9035405
0.8926962
0.8944222
0.9056066
0.8960697
0.9266103
0.9270936
0.9047447
0.9042691
0.9051463
0.9009299
0.8942922
0.8977095
0.9217199
0.9219182
0.888429
0.9113892
0.9046021
0.9226078
0.8975359
0.8928857
0.9229879
0.8630876
0.9105206
0.9158542
0.9160198
0.916502
0.9183184
0.920159
0.9190709
0.9163116
0.9183861
0.9165937
0.913355
0.9176995
0.9026882
0.8944227
0.9201835
0.912095
0.9253737
0.9266671
0.9048185
0.91735
0.9253097
0.9180913
0.9018801
0.9041564
0.9238029
0.8911622
0.9174821
0.9137443
0.9043459
0.8627711
0.8603652
0.8606095
0.8558286
0.8576305
0.860435
0.8666743
0.8470679
0.8477666
0.8701948
0.8489474
0.8481154
0.849593
0.8476016
0.8525842
0.848507
0.8526324
0.8483913
0.8511202
0.862048
0.8451257
0.8429478
0.8468521
0.8469577
0.8636329
0.9241183
0.9185399
0.9115038
0.8397157
0.9220034
0.8715485
0.8510235
0.9162546
0.9168315
0.8523939
0.9134989
0.8900662
0.9135802
0.9027053
0.8972765
0.9057857
0.8984681
0.9006531
0.8979688
0.9096569
0.8979014
0.8911331
0.8935869
0.9037501
0.89187
0.8987591
0.9017333
0.8945662
0.9251583
0.9273417
0.9013048
0.9007069
0.9027833
0.9014136
0.8959378
0.8977906
0.91949
0.9202236
0.8874184
0.9126638
0.9021128
0.9225825
0.8997031
0.8934778
0.9196998
0.8546507
0.9101152
0.9190668
0.9184278
0.9193298
0.920725
0.9171499
0.9193423
0.9144255
0.919843
0.9184926
0.9103419
0.915259
0.89556
0.8927889
0.9186998
0.9103335
0.9221784
0.9269825
0.9004674
0.9177235
0.9224613
0.9193183
0.9016494
0.9060534
0.9243042
0.8888233
0.9196077
0.91615
0.9067999
0.8606585
0.8609711
0.8588549
0.8464088
0.8562126
0.8587051
0.8639375
0.8476414
0.8493534
0.8671931
0.850808
0.8486835
0.8473218
0.8490458
0.8516473
0.8481022
0.8516515
0.8464769
0.8523806
0.8620873
0.856425
0.8454235
0.8438224
0.8498294
0.8711785
0.9219013
0.9222421
0.9173082
0.845902
0.9209559
0.8752217
0.8555124
0.9204729
0.9203636
0.8563
0.9137783
0.892069
0.9180132
0.9000399
0.896936
0.9024373
0.9016204
0.9004197
0.9008094
0.9062411
0.8963567
0.8944622
0.8970853
0.9004127
0.8915362
0.89753
0.9043497
0.8920915
0.9241493
0.924784
0.9053431
0.9043553
0.9063736
0.900622
0.8938126
0.8937643
0.9221662
0.925634
0.8879161
0.9088174
0.9051804
0.925235
0.8986506
0.8941858
0.9244115
0.8585702
0.9089178
0.9181812
0.9169338
0.91833
0.9194945
0.9192794
0.9183444
0.9130545
0.9189923
0.9160214
0.9143884
0.9128136
0.8955403
0.8927367
0.9196444
0.9129475
0.9253637
0.9248156
0.9058489
0.9181625
0.9200284
0.9210193
0.9008986
0.9089759
0.9233591
0.8876346
0.9198211
0.9162829
0.9026984
0.8537022
0.8539549
0.8561295
0.8454791
0.8543693
0.8546829
0.856122
0.8429704
0.8456376
0.8575554
0.8483696
0.8430964
0.8417847
0.8430079
0.8472648
0.8425039
0.8481507
0.8450568
0.8474041
0.8581774
0.8470123
0.8377565
0.8322588
0.8456288
0.8701695
0.9219668
0.9214
0.9151293
0.8356175
0.9234221
0.872555
0.8548754
0.9210286
0.9215638
0.8554635
0.9144151
0.8899013
0.914672
0.8948885
0.8934193
0.8983069
0.8942924
0.899688
0.8938682
0.9036837
0.8928767
0.890367
0.8937867
0.8996407
0.8905268
0.8955409
0.9044229
0.8905523
0.9280656
0.9270442
0.9058917
0.9058896
0.9071593
0.8976129
0.8927902
0.8951447
0.9211719
0.9246537
0.8915698
0.9105793
0.9051351
0.9242897
0.8949182
0.8891198
0.9226692
0.8573435
0.9100194
0.9185833
0.918898
0.9200268
0.9210017
0.9207858
0.9186317
0.911329
0.9164866
0.9183917
0.9136348
0.9145486
0.8950732
0.8918532
0.9213451
0.9124929
0.9263759
0.9255126
0.9058459
0.9168442
0.9219339
0.9160762
0.8974973
0.9073109
0.9241054
0.8854398
0.9168403
0.9146882
0.9013309
0.8550002
0.8569577
0.854779
0.848049
0.8561402
0.8559823
0.8569893
0.8451025
0.8462487
0.8639764
0.8475077
0.8448674
0.8441045
0.8453439
0.843798
0.8444564
0.8452651
0.8459815
0.8475255
0.8552868
0.8472238
0.8326332
0.8368816
0.8429842
0.8673011
0.9218475
0.9200295
0.9117122
0.8337883
0.9223504
0.8713472
0.8528311
0.9201505
0.9205345
0.8558406
0.9138235
0.8932408
0.9134
0.8947196
0.8921745
0.8984984
0.896454
0.8969192
0.8942633
0.9044643
0.8933124
0.890925
0.8904403
0.8980734
0.8895798
0.8933138
0.903465
0.8899145
0.9262537
0.9246604
0.9041066
0.9036697
0.9055365
0.8973651
0.890537
0.8921506
0.9213179
0.92525
0.8879511
0.911197
0.9010676
0.9229258
0.8952278
0.887814
0.9234574
0.8601886
0.9085212
0.9177758
0.9174428
0.9190694
0.9187491
0.9183429
0.9188542
0.9083892
0.9194671
0.9162221
0.912553
0.9135467
0.893206
0.893756
0.9189361
0.9130683
0.9248273
0.9276068
0.90643
0.9180654
0.9188919
0.9174893
0.8953662
0.9085162
0.9241762
0.8899083
0.9172629
0.9132786
0.9069809
0.8644462
0.8619416
0.8587619
0.8536251
0.8561306
0.8566668
0.8632174
0.8522528
0.8514508
0.8646834
0.8527355
0.8514825
0.8526919
0.8531268
0.8519768
0.8516092
0.8511098
0.8537348
0.849641
0.8610335
0.8515607
0.8480545
0.8491468
0.8492915
0.8681961
0.9214053
0.9179353
0.9133702
0.8455107
0.9237951
0.8804832
0.8536782
0.9183581
0.9191562
0.8573725
0.9157842
0.8927434
0.9142276
0.9012435
0.8966096
0.9017343
0.8973092
0.9035526
0.8986808
0.908328
0.8970641
0.8957365
0.8967957
0.9038227
0.8940911
0.9012506
0.9077567
0.8984226
0.9273589
0.9263048
0.9040373
0.9035245
0.9046731
0.8994053
0.8964826
0.8961917
0.9189927
0.9214545
0.8932362
0.9116256
0.9063472
0.9217267
0.8991011
0.8930286
0.9186331
0.8623784
0.9111904
0.918647
0.9191488
0.917923
0.9192344
0.918338
0.9202807
0.9179993
0.9207813
0.9145651
0.9169233
0.9170278
0.8966554
0.8933494
0.9219582
0.9127122
0.9246315
0.9269964
0.9042687
0.9197207
0.9232696
0.9167282
0.9026044
0.9125685
0.9256691
0.8938989
0.9191926
0.9138882
0.9105814
0.8621247
0.8645382
0.8681494
0.8591715
0.865227
0.8683974
0.8648823
0.8587579
0.8560079
0.8677726
0.8608141
0.8579817
0.8583815
0.8584121
0.8597377
0.8585449
0.8587543
0.8566754
0.8556054
0.8661598
0.854567
0.8475354
0.8517995
0.8544735
0.8720365
0.9223851
0.9233986
0.9179297
0.8466731
0.919811
0.8855727
0.858207
0.9174437
0.9182815
0.8692803
0.9135286
0.8988663
0.9172242
0.9028853
0.8953617
0.9048112
0.9020024
0.9044796
0.8997693
0.9089745
0.9010863
0.8970239
0.8953015
0.9042775
0.8947886
0.8986875
0.9093056
0.9005327
0.9275499
0.9267952
0.9119147
0.9117941
0.9128901
0.9004145
0.8939924
0.8981327
0.9234363
0.9238563
0.8963615
0.9137031
0.9128993
0.923868
0.9005256
0.8955149
0.9265663
0.8691201
0.9130047
0.9222727
0.9212615
0.922456
0.9225576
0.924336
0.9219737
0.916439
0.9215363
0.916905
0.9153981
0.9187245
0.8991061
0.8981868
0.9205184
0.9159711
0.9255697
0.9266337
0.9082851
0.9210419
0.9228133
0.919424
0.8988687
0.9109117
0.9259208
0.896214
0.9173574
0.9153006
0.9083634
0.8630585
0.8690481
0.8661655
0.8553349
0.8646259
0.8663081
0.8681394
0.8550101
0.8554304
0.869505
0.8555581
0.8571483
0.8567182
0.8564205
0.8582647
0.857582
0.8577096
0.8575341
0.8527561
0.86161
0.8549931
0.8530473
0.8491014
0.8533257
0.8707672
0.9223362
0.9215077
0.9133445
0.8486439
0.9244282
0.8814504
0.858153
0.9210628
0.9214446
0.8654103
0.9142888
0.8967399
0.9185745
0.9042048
0.8966368
0.9077537
0.9040678
0.9032351
0.9014079
0.910661
0.8967336
0.8963203
0.8972201
0.9059863
0.8968101
0.8977042
0.9108458
0.9014488
0.9268301
0.9274239
0.9088599
0.9083882
0.9111651
0.903119
0.8958953
0.8985965
0.9214316
0.923396
0.8897183
0.9145354
0.9080507
0.9226552
0.9005792
0.8971182
0.9223189
0.8675078
0.9143825
0.9195398
0.9190563
0.9196116
0.9205063
0.920859
0.9204923
0.9171249
0.9212217
0.9171552
0.9173206
0.921049
0.9002749
0.8941395
0.918682
0.9171821
0.9214616
0.9303141
0.9057997
0.9208832
0.9261047
0.9215714
0.9037827
0.9109981
0.9261527
0.8971044
0.9195077
0.9200099
0.909006
0.8673992
0.8696319
0.8672576
0.8596106
0.8683505
0.8650719
0.8666364
0.8587224
0.8541081
0.8721471
0.8543559
0.8565642
0.8604228
0.8565299
0.8580684
0.8569535
0.8582031
0.858248
0.852658
0.8643188
0.8530053
0.850307
0.8504619
0.8571374
0.8701634
0.9245704
0.9211893
0.9161486
0.8492591
0.9221746
0.8811604
0.8649663
0.9211215
0.9213518
0.8609343
0.9168387
0.8968269
0.9188283
0.9009149
0.8988008
0.9052028
0.9015364
0.903971
0.902859
0.9098971
0.8986832
0.89902
0.896392
0.9032571
0.8996091
0.8969493
0.9112814
0.9007472
0.9284049
0.9277654
0.9108174
0.9092984
0.9113667
0.9047585
0.8977008
0.899493
0.9221281
0.923748
0.8925841
0.9152266
0.9078247
0.920981
0.9002234
0.8968442
0.9227124
0.8666567
0.9176533
0.9202825
0.9204792
0.9200517
0.9204156
0.922387
0.9214928
0.9179711
0.9238804
0.9183155
0.9175402
0.9215577
0.8985617
0.896881
0.9208313
0.914956
0.9270258
0.9292946
0.9057427
0.9221864
0.9272823
0.9232113
0.9039659
0.9127231
0.9261733
0.89811
0.9206194
0.9159276
0.908034
0.8655128
0.8666016
0.8623826
0.8580268
0.8667264
0.8637698
0.8648997
0.8587397
0.8576411
0.8661748
0.861488
0.8566234
0.8547533
0.8539992
0.8571375
0.856883
0.8574015
0.8596066
0.8534135
0.8656211
0.859134
0.8486387
0.8473914
0.8558955
0.8758236
0.9211281
0.9215454
0.9176167
0.8513771
0.921321
0.8840693
0.8612305
0.9172474
0.9179708
0.8676171
0.9133324
0.8971164
0.9201647
0.8989348
0.8982936
0.9031774
0.9014226
0.8995927
0.8991103
0.9039546
0.897932
0.8954519
0.8965121
0.9033417
0.8979362
0.8962322
0.9104765
0.8995233
0.9261469
0.9265152
0.9108671
0.9096196
0.9117658
0.9036646
0.8968854
0.8990887
0.922259
0.9234676
0.8944849
0.9116539
0.9116564
0.9244528
0.9002271
0.890942
0.9238941
0.8710699
0.9104414
0.9199594
0.918228
0.9213891
0.9205838
0.9216899
0.9210967
0.9150313
0.9209576
0.9174647
0.9142907
0.9167511
0.8965692
0.8990826
0.9197501
0.9163489
0.925329
0.9274938
0.9100403
0.921398
0.9216206
0.9195285
0.9010594
0.9155402
0.9278632
0.8977786
0.9208678
0.9175254
0.9091987
0.8652557
0.8688911
0.8647503
0.8591523
0.8678647
0.8657731
0.867042
0.8561394
0.8575977
0.8665119
0.861617
0.8569698
0.8583634
0.8587802
0.8605753
0.8572294
0.8603671
0.8597355
0.8536326
0.8643379
0.85909
0.848641
0.8470408
0.8567636
0.8761115
0.9214898
0.9213417
0.9190132
0.851729
0.9236518
0.8845194
0.863952
0.9198421
0.9194687
0.8675725
0.9134348
0.9010405
0.9168241
0.901106
0.9009841
0.9033225
0.8987219
0.9023899
0.9011574
0.9057
0.8983978
0.8976268
0.8976502
0.9054141
0.9012328
0.8966216
0.9092565
0.9046913
0.92613
0.9269475
0.9115133
0.9098787
0.9121783
0.9057732
0.8989974
0.9007063
0.9242303
0.9244988
0.8943137
0.9136481
0.9111209
0.9243241
0.8995137
0.8923349
0.9253373
0.8714445
0.9108169
0.9223572
0.9204807
0.9223897
0.9223406
0.9239297
0.9234463
0.9163796
0.9226032
0.9180151
0.9141625
0.9189274
0.898514
0.9004671
0.9236257
0.9160281
0.9263586
0.9278421
0.9101436
0.9209426
0.9236192
0.9203084
0.9043528
0.9153821
0.9272595
0.9000583
0.9208028
0.9170278
0.9104359
0.8646475
0.8666341
0.8634667
0.8591683
0.8659527
0.8648659
0.8668207
0.8564089
0.8583473
0.8690084
0.8598538
0.8561553
0.8564619
0.8572021
0.8601652
0.8567629
0.8604292
0.8575833
0.8541587
0.8662924
0.8617564
0.8496938
0.8469811
0.8574686
0.8764636
0.9218044
0.9202211
0.9176042
0.8527345
0.9214311
0.8830149
0.8640237
0.9178039
0.9175033
0.8659679
0.9132319
0.9000559
0.9205356
0.9007479
0.9027027
0.9036804
0.9028732
0.9028668
0.9013151
0.9070771
0.9007708
0.8981732
0.8967677
0.9062893
0.9003954
0.8988455
0.9097451
0.9016393
0.9235568
0.9239641
0.9110722
0.9100172
0.9115452
0.9050374
0.8975597
0.9013155
0.9226712
0.9249304
0.8946192
0.9138722
0.9108245
0.9223511
0.902555
0.894073
0.9235578
0.8738454
0.9111524
0.9204067
0.9195443
0.9219138
0.9219018
0.9236094
0.92162
0.9185967
0.9216347
0.9162037
0.9133922
0.9203673
0.9010162
0.9000254
0.9222831
0.9160265
0.9228913
0.9269542
0.9090356
0.9218718
0.9224946
0.9202417
0.9037308
0.9122769
0.9248831
0.8990619
0.9196909
0.9173276
0.9100962
0.8648861
0.8677159
0.8617592
0.8551325
0.8620238
0.8605256
0.8641372
0.8550262
0.8567041
0.8668637
0.8595902
0.8557736
0.8566867
0.8553127
0.8593039
0.8559894
0.860082
0.8575874
0.8533014
0.8632392
0.8591924
0.8465329
0.8453367
0.8533896
0.8724722
0.9206899
0.9224984
0.9183587
0.8505646
0.9234547
0.8834029
0.8612009
0.9160886
0.9163571
0.8638845
0.9122262
0.9003866
0.9201423
0.8992027
0.899968
0.9023424
0.8990393
0.9004139
0.899417
0.9058539
0.898557
0.8959211
0.8972952
0.9049019
0.9008748
0.8977388
0.9092922
0.9017605
0.9240577
0.9243885
0.9082434
0.9075384
0.9093017
0.9054185
0.8974891
0.9013965
0.9218222
0.9238923
0.8949213
0.9130651
0.9096308
0.9234919
0.8997872
0.8919378
0.9237946
0.8706566
0.9106964
0.9218979
0.9205867
0.9230957
0.9232353
0.9234712
0.9242988
0.9143093
0.9209346
0.9178206
0.9164743
0.9194105
0.898634
0.8985134
0.9207501
0.9160607
0.925752
0.9251629
0.9102952
0.9210088
0.9248231
0.9189379
0.9030952
0.9120477
0.9261625
0.9089673
0.9190025
0.917826
0.9154875
0.879702
0.8774938
0.8768939
0.8711707
0.8787102
0.8769367
0.8813252
0.8656928
0.8698936
0.8834205
0.8614262
0.875739
0.8740245
0.8750184
0.8767012
0.8756703
0.8773717
0.8693805
0.8687053
0.8762612
0.8704417
0.8703121
0.8680027
0.8688287
0.8891078
0.9267459
0.9206371
0.9191873
0.8671718
0.9221381
0.8968025
0.8694072
0.9228084
0.9237812
0.8724805
0.9158829
0.9087315
0.919228
0.9147689
0.9124184
0.913585
0.9124237
0.9113933
0.9162387
0.9170807
0.909721
0.9102967
0.9114018
0.9126993
0.9057911
0.9177171
0.9099734
0.9103577
0.9337755
0.93403
0.9140509
0.9135863
0.915854
0.9138503
0.9120783
0.9126837
0.9203368
0.9216168
0.9037141
0.9182443
0.9171454
0.9236749
0.9091004
0.907285
0.9221503
0.8728507
0.9199298
0.9216822
0.9233296
0.9223496
0.922525
0.9199542
0.9226915
0.9233246
0.9223368
0.9197614
0.9178747
0.9238295
0.9125075
0.9059808
0.9257014
0.9195948
0.9299814
0.928921
0.9074927
0.9206955
0.9276953
0.9230556
0.9137494
0.9075977
0.9233939
0.8885578
0.9156011
0.913354
0.905333
0.8875282
0.880556
0.8804979
0.8732958
0.8773278
0.8811112
0.8793033
0.8715858
0.8720655
0.8863454
0.8717824
0.8683801
0.8696526
0.8697798
0.8696711
0.8681788
0.8684677
0.8744819
0.8753046
0.8797899
0.8717404
0.8668389
0.8707354
0.870086
0.8793863
0.9183588
0.9164587
0.9138632
0.8691533
0.9141036
0.8804038
0.8691508
0.9177779
0.9177062
0.8879655
0.9156027
0.8933886
0.9139524
0.9000821
0.8949583
0.8999539
0.896777
0.9001426
0.8987238
0.9057641
0.8960223
0.8958512
0.8970943
0.9045488
0.8924309
0.8957945
0.9074297
0.8984294
0.9217039
0.9195594
0.9026193
0.9027353
0.9036782
0.8973965
0.8969564
0.8975601
0.9146113
0.9132701
0.8908919
0.9103011
0.9079443
0.9236044
0.8958018
0.8921054
0.9160215
0.8847792
0.9091327
0.9117206
0.9123437
0.9098564
0.9110125
0.9117144
0.9098867
0.9112285
0.9163009
0.9153373
0.9152307
0.9137566
0.8982214
0.8961188
0.9163792
0.9108466
0.924175
0.9263083
0.9026945
0.9136108
0.9218433
0.9199598
0.8986968
0.9003078
0.9038352
0.9216234
0.8931018
0.8873511
0.9045701
0.9243319
0.9186464
0.924246
0.923272
0.9209757
0.9258562
0.9236561
0.9134199
0.9119012
0.924807
0.9051509
0.9112043
0.9189235
0.9140181
0.9101326
0.9113915
0.9120353
0.9149915
0.9157798
0.9264815
0.9146533
0.9183416
0.9179125
0.9145113
0.9147311
0.8885099
0.8992052
0.893413
0.921082
0.8938805
0.909166
0.9032571
0.8973476
0.8965238
0.9070569
0.889832
0.9236822
0.8937185
0.9261146
0.9228133
0.9285125
0.9252194
0.9243863
0.9256083
0.9301061
0.9206513
0.9215641
0.9236785
0.9238514
0.8978913
0.9240059
0.8925141
0.9213808
0.904709
0.9029179
0.8919985
0.8921532
0.8918919
0.9252038
0.9257075
0.9238606
0.8983411
0.8974445
0.908874
0.8920112
0.9163551
0.9019832
0.9170441
0.9191414
0.8992381
0.900295
0.8956572
0.9116087
0.9115519
0.9123696
0.9124575
0.9102209
0.9113798
0.9336716
0.8829849
0.8995108
0.8951439
0.8938908
0.9272776
0.9034483
0.9001961
0.8859399
0.8938572
0.9116559
0.8918169
0.9164105
0.8996728
0.903885
0.9241255
0.9071895
0.9085627
0.9112572
0.8983378
0.8639021
0.8902948
0.9211678
0.9172744
0.9189236
0.9180536
0.9191043
0.9207486
0.9197408
0.9122458
0.9115142
0.9240736
0.9117752
0.9142544
0.9141762
0.9145587
0.915086
0.9145656
0.914492
0.9147292
0.9169286
0.9172898
0.9136801
0.915133
0.9162745
0.912652
0.9140374
0.8978179
0.8992443
0.8971368
0.9166785
0.8779172
0.9112762
0.911297
0.8892146
0.887989
0.9167972
0.8813516
0.9207214
0.8990383
0.9146145
0.9111203
0.9169814
0.9126332
0.9131363
0.9114044
0.9202378
0.9140644
0.9101076
0.9139273
0.9157531
0.894174
0.9144686
0.880026
0.9240371
0.9055358
0.9039849
0.8926218
0.8926244
0.8929055
0.9177519
0.9210161
0.9213463
0.9057063
0.9046658
0.9136818
0.8851825
0.922319
0.9031639
0.9134735
0.9100244
0.9043436
0.9131661
0.8707718
0.9195746
0.9184678
0.9192733
0.9201143
0.9167357
0.9206943
0.9280505
0.8949615
0.8935545
0.8879237
0.8986307
0.9161771
0.9113813
0.8937065
0.8701285
0.9082629
0.9004738
0.8895075
0.9173071
0.8914068
0.8852366
0.9203856
0.9157202
0.9283095
0.9087104
0.9191291
0.9208729
0.9202118
0.8812019
0.877806
0.8786763
0.8742948
0.8786502
0.8775804
0.8773168
0.8721215
0.8726436
0.8841359
0.864286
0.8704205
0.8727915
0.8754133
0.875359
0.8708923
0.8757823
0.8693627
0.8738879
0.8752866
0.8718581
0.8685157
0.8693773
0.8720861
0.8795216
0.9254598
0.9240406
0.9183695
0.8671965
0.9267912
0.8996757
0.8688383
0.923417
0.9243518
0.8752189
0.9189932
0.909985
0.9191671
0.9187155
0.9106094
0.914514
0.9114407
0.9170771
0.9116213
0.9158816
0.9097755
0.9090042
0.9091934
0.9152447
0.9083036
0.9122174
0.9139519
0.9098559
0.93265
0.9315441
0.9149461
0.914482
0.9147609
0.9139038
0.9078564
0.9081038
0.9270417
0.9277465
0.9050697
0.9219241
0.9166091
0.9234278
0.9128362
0.908266
0.9255477
0.8700814
0.9207018
0.9221067
0.9225978
0.9235186
0.9245511
0.9238168
0.9222579
0.9241374
0.9233598
0.9217454
0.9218145
0.9223207
0.9168577
0.9010484
0.9267179
0.9227689
0.9313897
0.932176
0.9131324
0.9210366
0.9295726
0.9286059
0.914338
0.9111601
0.9068645
0.903314
0.8914988
0.8293397
0.8562231
0.9100232
0.9134007
0.9122403
0.9118006
0.9106844
0.9123673
0.9140114
0.9075261
0.9064673
0.9140608
0.9124196
0.9113793
0.9082648
0.9123244
0.9125833
0.9114201
0.913491
0.9091498
0.9157974
0.9096293
0.9130889
0.9063713
0.903675
0.9064087
0.908112
0.8753712
0.8895148
0.8961721
0.9122373
0.8377921
0.9073819
0.9128773
0.8667564
0.8659136
0.9188781
0.863402
0.9171817
0.8947835
0.9048281
0.9028429
0.9048984
0.9065573
0.9002611
0.8994673
0.9051648
0.9026145
0.9028612
0.9035333
0.9050723
0.8849377
0.9012699
0.8302131
0.9184741
0.8934142
0.8926772
0.8838787
0.8845722
0.8846154
0.9027748
0.918441
0.9185782
0.8994698
0.8995798
0.9059145
0.8485641
0.9258283
0.8972224
0.9023104
0.8998504
0.8979563
0.9198485
0.8217996
0.9166928
0.9165912
0.9169163
0.9172767
0.916687
0.9173097
0.9249726
0.8797471
0.8739973
0.8662133
0.8902873
0.9086025
0.9043712
0.8792087
0.8349793
0.9058981
0.8764925
0.8824383
0.9150591
0.8689399
0.8588876
0.9038236
0.904982
0.90519
0.9121924
0.8948808
0.8574672
0.8775954
0.9198687
0.9178774
0.9151492
0.9162904
0.9150068
0.9162186
0.9180861
0.9137176
0.9145236
0.9233716
0.916196
0.914336
0.9148342
0.9134976
0.9126094
0.9143784
0.9139245
0.9155755
0.9205347
0.9176652
0.9186782
0.9107296
0.9150484
0.9125857
0.9137755
0.8891634
0.8979157
0.898906
0.9211228
0.8628042
0.913689
0.9168291
0.8834872
0.8820527
0.921099
0.8727405
0.9264591
0.9031844
0.9168841
0.9143938
0.9162664
0.9185575
0.9122348
0.9137685
0.9170524
0.9174582
0.9128531
0.9144222
0.9142797
0.8949955
0.9181319
0.8823171
0.9262289
0.9032393
0.9015321
0.8922673
0.8929775
0.8940426
0.9107898
0.9253863
0.9254513
0.9015492
0.9027619
0.9159003
0.862069
0.9272766
0.9056407
0.9128462
0.906885
0.902169
0.9187574
0.8607688
0.919414
0.9199041
0.9202988
0.9206186
0.918518
0.9188671
0.9307618
0.8863765
0.8924307
0.8302606
0.8919364
0.9154954
0.9070973
0.8855774
0.8688572
0.9043397
0.8944326
0.8941981
0.9189298
0.8820259
0.8809354
0.9125909
0.9040211
0.9229887
0.9086478
0.9160869
0.913936
0.917286
0.8834754
0.8751399
0.8826009
0.8769248
0.8764266
0.8835307
0.8800539
0.8636879
0.8632398
0.881524
0.8558939
0.8656885
0.8682097
0.8651349
0.8658646
0.8662929
0.8663819
0.8653251
0.8605179
0.8807905
0.8675875
0.8606804
0.8658969
0.8662675
0.8814609
0.9267868
0.9177118
0.91229
0.8622229
0.9246727
0.8864152
0.8641666
0.9224382
0.9232701
0.8619649
0.9122933
0.9043927
0.9118972
0.9175935
0.9079468
0.9182558
0.9150002
0.9144718
0.9152217
0.9188284
0.9063674
0.9020979
0.9066097
0.9155135
0.9006049
0.9090714
0.9088078
0.9081897
0.9322499
0.932692
0.9116136
0.9107551
0.9113482
0.9130776
0.9081456
0.9064653
0.920056
0.9184045
0.8977016
0.9178257
0.9066252
0.9228622
0.9118577
0.9085501
0.9166257
0.8629756
0.9175309
0.9170941
0.9172953
0.9181927
0.9175685
0.9150299
0.9158918
0.9252157
0.9182058
0.9168382
0.9169264
0.9150957
0.913894
0.8953484
0.9228721
0.9136752
0.9234395
0.9303275
0.9032385
0.9174011
0.9299274
0.9263331
0.9145982
0.908114
0.9222722
0.9022836
0.917895
0.9121998
0.9163349
0.8765363
0.868903
0.8737868
0.8734491
0.8737336
0.8738395
0.8797974
0.8653984
0.8625838
0.8800282
0.8524647
0.85897
0.8642209
0.8595241
0.8583103
0.859448
0.8584024
0.8658366
0.8532727
0.8768132
0.8572687
0.8580892
0.8644768
0.8628305
0.8802948
0.9245772
0.9131892
0.9096166
0.8586597
0.9235377
0.8866368
0.8526616
0.9225845
0.9226274
0.8542466
0.9125722
0.9028652
0.9098239
0.9133546
0.9058071
0.9147487
0.9087164
0.9072684
0.9115512
0.9164394
0.9042722
0.9013243
0.9049953
0.9105537
0.8990979
0.9086761
0.9041629
0.9028927
0.9266286
0.9269608
0.9066116
0.9048784
0.9041772
0.9093842
0.9049924
0.9060098
0.9206127
0.9180092
0.8983107
0.9168472
0.9052314
0.9182039
0.9075889
0.9062008
0.916872
0.8565909
0.9157748
0.9118615
0.912916
0.9140506
0.9142221
0.9120479
0.9133839
0.92445
0.914859
0.9159081
0.9189189
0.9104383
0.9126586
0.8976415
0.919261
0.9116349
0.9222682
0.9295779
0.8970237
0.9169008
0.9264306
0.9249851
0.9127907
0.9138872
0.926004
0.705905
0.91603
0.9056132
0.8912687
0.8942514
0.8885051
0.8928727
0.8895563
0.8904984
0.8920265
0.889497
0.8891712
0.8873816
0.8942455
0.8979336
0.8880471
0.8800312
0.8929378
0.8907369
0.8879891
0.891803
0.8877284
0.8957998
0.8893464
0.8933879
0.880009
0.8772583
0.8928336
0.8862339
0.9121077
0.9136274
0.9160432
0.8890526
0.9101714
0.8699092
0.9021863
0.9078084
0.9093087
0.9094599
0.9056821
0.8936003
0.9155442
0.8310754
0.8358826
0.8339081
0.8408265
0.8286415
0.8278133
0.8422103
0.8442039
0.8383471
0.8371566
0.8352067
0.8936348
0.8373173
0.9038399
0.8930027
0.9182514
0.9179367
0.9052202
0.9042386
0.9051095
0.8241285
0.8909605
0.893136
0.9190086
0.9223281
0.8856933
0.9107669
0.911058
0.9254053
0.8199924
0.8038391
0.9198199
0.9136814
0.8989047
0.920401
0.9191644
0.9179031
0.9189473
0.9176734
0.9191641
0.9084082
0.9135307
0.9080036
0.9102059
0.9105488
0.8316035
0.9002206
0.9119599
0.9072909
0.9248983
0.9182386
0.9038042
0.9150135
0.9111625
0.9114357
0.830599
0.9216547
0.9260386
0.8270444
0.9229349
0.9087311
0.8955365
0.9011375
0.8981785
0.9040227
0.9001716
0.9010409
0.9027531
0.8946845
0.9046149
0.9068024
0.9039942
0.9121946
0.9085166
0.896812
0.9088234
0.9090386
0.9079637
0.9101523
0.9057768
0.9114093
0.8981728
0.9133017
0.9028682
0.8965732
0.9061889
0.9030316
0.9117595
0.921191
0.9193963
0.9014315
0.9081926
0.8961063
0.9171333
0.9100348
0.9108406
0.9257129
0.9033942
0.9141642
0.9193976
0.8480425
0.8549407
0.855884
0.8603587
0.8439992
0.8452282
0.8583624
0.8666445
0.8637525
0.8632703
0.8553509
0.9078447
0.8570627
0.9100114
0.9105197
0.9111425
0.9100106
0.9090423
0.9095443
0.9097873
0.8524381
0.9049754
0.9048197
0.9210774
0.922625
0.9037522
0.9075816
0.9220036
0.9261482
0.8428997
0.8343768
0.9227877
0.9284807
0.9004461
0.9199077
0.9190483
0.9195262
0.9205689
0.9192601
0.9212689
0.9120579
0.9165437
0.9055821
0.911236
0.9168179
0.8536375
0.9137703
0.9132228
0.9084129
0.9279523
0.9168613
0.9107784
0.9153809
0.9090228
0.9148405
0.851366
0.9146259
0.9247803
0.8127228
0.9190634
0.9056557
0.8938556
0.8900476
0.8877735
0.8918733
0.8892739
0.8907453
0.8906897
0.8878148
0.8914202
0.891472
0.8995863
0.9004483
0.8852634
0.8798274
0.8875965
0.8915513
0.8852852
0.891807
0.8922704
0.8952782
0.8849646
0.8951031
0.8813502
0.8793918
0.8929999
0.8900385
0.9131445
0.9178805
0.914744
0.8893431
0.9129127
0.8756747
0.8977498
0.9115735
0.911115
0.9119423
0.9001552
0.8955435
0.9164569
0.8381956
0.843883
0.8480141
0.8472452
0.8445351
0.8374786
0.8515532
0.8470367
0.8432119
0.8459721
0.8472908
0.8939603
0.8428728
0.9002554
0.8959382
0.9134893
0.9145856
0.9062802
0.9065123
0.9073023
0.8351924
0.8927775
0.8938803
0.9198409
0.9215434
0.8843435
0.9080939
0.9104197
0.9224906
0.8289454
0.8118957
0.9194832
0.9129843
0.8981144
0.9188934
0.9190162
0.9180575
0.9191771
0.9178658
0.9203722
0.905012
0.9132274
0.9081218
0.9132263
0.9113924
0.8414157
0.9009396
0.914492
0.9114731
0.9267666
0.9160854
0.9058437
0.9119701
0.9171417
0.9148846
0.8416538
0.9159174
0.9229572
0.8027519
0.9216314
0.9079125
0.8929493
0.8934683
0.8944988
0.8917755
0.8914225
0.8910123
0.8916072
0.8904706
0.8950101
0.8954232
0.9020997
0.9041927
0.8925124
0.8862428
0.8954104
0.896603
0.8921343
0.8966569
0.8948871
0.8980321
0.8895003
0.8984392
0.8845911
0.8813484
0.8951636
0.8952433
0.9111002
0.9172888
0.918462
0.891164
0.9081137
0.8778703
0.9021529
0.9065727
0.9067644
0.9143908
0.9013101
0.8997775
0.918095
0.8395586
0.8421445
0.8391882
0.8462724
0.8373302
0.8357563
0.8445069
0.8501274
0.8442432
0.8429231
0.8405512
0.8955013
0.8417666
0.9045882
0.896939
0.9139301
0.9128843
0.9038118
0.9031831
0.9043671
0.8359915
0.895747
0.8963144
0.91823
0.9201238
0.8906593
0.9097136
0.9104872
0.9230182
0.810236
0.8072467
0.9202828
0.9151388
0.8978079
0.9212387
0.9213585
0.9195787
0.9206571
0.9207068
0.9201169
0.9080095
0.9139743
0.907081
0.9055906
0.9036272
0.8363789
0.903516
0.9107584
0.9040994
0.9247136
0.9200642
0.9067754
0.9118069
0.911655
0.9135295
0.8371265
0.9193831
0.9221356
0.815524
0.9188894
0.9056801
0.8900346
0.8924759
0.8922492
0.8926746
0.8920853
0.8917876
0.8928005
0.8867332
0.898428
0.8992462
0.8998025
0.9046107
0.8970096
0.8872741
0.8980785
0.8956078
0.8965936
0.8961887
0.8999706
0.9047166
0.8889919
0.9038709
0.8930366
0.8874539
0.898418
0.8925553
0.9085824
0.9152901
0.9153822
0.8949352
0.906324
0.8843428
0.9062247
0.9050114
0.9047364
0.9165181
0.8939355
0.9018024
0.9139265
0.8449926
0.8438182
0.8444066
0.8470325
0.8385022
0.8384271
0.8528029
0.8515719
0.8544128
0.8504877
0.8484791
0.8973628
0.8452245
0.9018287
0.9050248
0.9090812
0.9080517
0.9043751
0.9043736
0.9044611
0.8437095
0.8927354
0.8945516
0.9139827
0.9168311
0.894086
0.9084123
0.9174782
0.9209065
0.83098
0.8219877
0.9162607
0.9215174
0.892279
0.9185653
0.918956
0.9180276
0.9189275
0.9169169
0.9182711
0.90603
0.9151238
0.9022284
0.9049162
0.908801
0.8453085
0.9032035
0.9097101
0.904702
0.9231147
0.911554
0.906421
0.9075191
0.9069189
0.9076632
0.8461422
0.9104733
0.9210008
0.8075252
0.9201904
0.9083617
0.8919331
0.8923289
0.8929118
0.8901254
0.8909277
0.8904423
0.8924069
0.8903435
0.8905032
0.8896617
0.9024961
0.8990114
0.8882058
0.8823421
0.8919468
0.8921305
0.8879853
0.8942329
0.8920392
0.894591
0.8884414
0.8944127
0.8855938
0.8846253
0.8915522
0.8932134
0.9140477
0.9190888
0.9179609
0.8879022
0.909062
0.8725314
0.9046684
0.9103516
0.908823
0.9134364
0.9052812
0.8943086
0.9185388
0.8389635
0.844992
0.8482455
0.844713
0.8380157
0.8368435
0.8504426
0.8474037
0.8469273
0.845223
0.8481326
0.897115
0.8424348
0.9048162
0.8961371
0.9160631
0.9146833
0.9079737
0.9072725
0.9082904
0.8426818
0.8914757
0.895518
0.9186738
0.9198113
0.8863528
0.9077599
0.9118583
0.9231834
0.8015675
0.7990118
0.9156379
0.9118896
0.8971882
0.9191954
0.9205181
0.9186649
0.9200793
0.9172303
0.9193918
0.9064997
0.9119579
0.9072586
0.9076535
0.9075404
0.8365844
0.897261
0.9165646
0.905415
0.9272125
0.9161365
0.9073062
0.9132995
0.9118595
0.9136118
0.8440057
0.9157483
0.9242466
0.7889594
0.9167162
0.9055183
0.8918821
0.8902158
0.8924995
0.8888607
0.889404
0.8917591
0.8900447
0.8874547
0.8881204
0.8890726
0.8974592
0.9023694
0.8907892
0.8807659
0.8887835
0.891474
0.8902457
0.8920929
0.8855666
0.8968474
0.8848974
0.8959527
0.8857281
0.8778339
0.8890562
0.890979
0.9136084
0.9152685
0.9161236
0.8906554
0.9091811
0.8751591
0.897257
0.9123072
0.9126898
0.9111781
0.9044474
0.8938106
0.9188342
0.8309708
0.8351166
0.8377573
0.8350735
0.8356201
0.8294145
0.8405644
0.8428593
0.8402474
0.8421547
0.8397302
0.8953623
0.8399363
0.9020578
0.8968378
0.9185167
0.9150469
0.9053996
0.9052804
0.9066947
0.8265115
0.8914222
0.8923185
0.9188944
0.9202977
0.8890963
0.9044086
0.9087462
0.9245734
0.8103363
0.8002339
0.9190264
0.9141939
0.8977498
0.9193425
0.9197281
0.9182063
0.9198897
0.919035
0.9182208
0.9111335
0.9143028
0.907945
0.9073064
0.9070013
0.8308275
0.8989808
0.913426
0.9031844
0.9233924
0.9164209
0.9010029
0.9107118
0.9089258
0.9123289
0.8324968
0.9076488
0.8932042
0.915207
0.8905455
0.869252
0.8763427
0.9196942
0.9160521
0.9175675
0.9169055
0.9158416
0.9187753
0.9164417
0.9160918
0.9148258
0.9230984
0.9151526
0.9144453
0.9086724
0.916538
0.917144
0.9145263
0.9172377
0.9151515
0.9208942
0.9155298
0.922397
0.9120326
0.9121922
0.9144981
0.9168694
0.7659792
0.8938168
0.8903003
0.9181706
0.8738898
0.9100665
0.9188709
0.886725
0.8877013
0.925108
0.8823466
0.9233109
0.8905694
0.9161687
0.9150624
0.9179567
0.9172498
0.9126401
0.9139883
0.9193052
0.9193817
0.9165074
0.9149823
0.9180202
0.8923413
0.9180271
0.8886303
0.9241942
0.8787564
0.8772339
0.8818512
0.8807706
0.8804093
0.9111142
0.9216329
0.9218098
0.8911502
0.8923229
0.9129129
0.8799957
0.9272435
0.8950218
0.9094495
0.910973
0.8891128
0.9203586
0.8703407
0.9206164
0.9196588
0.9210572
0.9216381
0.9167731
0.9219537
0.9312637
0.7646595
0.8922263
0.8899506
0.8973516
0.9182583
0.9091102
0.8872453
0.8714565
0.8964002
0.8953071
0.8821521
0.9213994
0.8905245
0.8908286
0.9136414
0.9074999
0.8997517
0.9118877
0.894735
0.847075
0.869744
0.9190093
0.9135816
0.9196385
0.9188921
0.9178876
0.9208663
0.9163936
0.9150809
0.9160433
0.9210258
0.9148289
0.9159292
0.9136955
0.9183931
0.917289
0.9156272
0.9162376
0.9139808
0.9186445
0.9203768
0.9219066
0.9197483
0.9171868
0.9156383
0.9116676
0.8848197
0.8971312
0.8926308
0.9188931
0.8579714
0.907689
0.9149278
0.8729919
0.8717201
0.9181488
0.8695923
0.9248629
0.8916667
0.9132268
0.9099218
0.9131587
0.9166754
0.9120478
0.9100784
0.9181023
0.9147693
0.9113383
0.9162899
0.9116634
0.8901131
0.9123541
0.8712864
0.9213035
0.8911106
0.8899402
0.887888
0.8875731
0.8884545
0.9093277
0.9206349
0.922739
0.8989782
0.8979671
0.9149312
0.8627824
0.9256486
0.8994559
0.9083996
0.9051624
0.8972022
0.9155615
0.8360471
0.9089166
0.9110215
0.911458
0.9115109
0.9091765
0.909328
0.9273631
0.8807441
0.8779984
0.8747536
0.8931376
0.914987
0.9101621
0.8858071
0.8472505
0.9058252
0.8890165
0.8886978
0.9138275
0.8759074
0.8686174
0.9089663
0.9095055
0.8675709
0.9109188
0.8395985
0.8848616
0.8976369
0.9159525
0.9157291
0.9162293
0.9145427
0.9179194
0.9177347
0.9185059
0.9142279
0.9096613
0.9220027
0.906882
0.9106813
0.9108985
0.911586
0.9111481
0.9108375
0.9115502
0.9113044
0.9137215
0.9143587
0.9156326
0.9132129
0.912167
0.9144013
0.917276
0.8968581
0.8418158
0.8411664
0.9193069
0.8950078
0.9087841
0.9095869
0.8993369
0.8995262
0.9116925
0.8955277
0.9204071
0.8084323
0.9199358
0.9176641
0.9198198
0.9184065
0.9177814
0.9141957
0.9207564
0.916431
0.9126285
0.9136405
0.9161534
0.8566609
0.9175615
0.8901827
0.9204807
0.9046083
0.9027031
0.8821175
0.8826475
0.8826095
0.9144048
0.9228986
0.9189867
0.8637203
0.8604508
0.9090651
0.8930658
0.9220485
0.8465924
0.916968
0.9113264
0.8592795
0.9104467
0.8910139
0.915827
0.9164765
0.916387
0.9180555
0.9163465
0.9170779
0.9273536
0.885861
0.9009201
0.8957674
0.9021819
0.9203633
0.9044233
0.9000599
0.8913848
0.8771508
0.9092772
0.8256641
0.9164197
0.8944476
0.8971346
0.9152519
0.9144415
0.8671124
0.9243399
0.8341157
0.8936253
0.9014104
0.9251155
0.9230098
0.9231274
0.9202079
0.9228419
0.924037
0.9269856
0.9211412
0.9205342
0.928658
0.9184201
0.9177251
0.9199072
0.9202659
0.9240608
0.9178457
0.9257601
0.9221494
0.9234722
0.9244592
0.9252018
0.9225055
0.9214015
0.9232302
0.9247866
0.8971953
0.8374181
0.8467089
0.9257113
0.8964108
0.9198603
0.9171327
0.9063615
0.9062846
0.9244724
0.9039004
0.9315708
0.8575662
0.925213
0.9201819
0.9251712
0.924028
0.9243871
0.9242085
0.9250274
0.9225306
0.9218745
0.9213981
0.9217869
0.8676465
0.922505
0.9040239
0.9298693
0.9056899
0.9049477
0.8905911
0.889845
0.89052
0.9235651
0.9340016
0.9317511
0.862382
0.8630265
0.9213832
0.9000106
0.9299252
0.8494953
0.9221
0.9189581
0.8622418
0.923601
0.8946211
0.9229902
0.922922
0.9239038
0.9240411
0.922101
0.9219982
0.9345882
0.8931789
0.9075017
0.9049796
0.9142602
0.927232
0.9173239
0.9027157
0.8990027
0.8797869
0.9132419
0.8289355
0.9246323
0.9031226
0.9052192
0.923821
0.9065241
0.8496576
0.9112319
0.7920272
0.8809025
0.8916102
0.9126227
0.9120785
0.9126214
0.9097771
0.9140385
0.915757
0.9150472
0.9105938
0.9080632
0.9177666
0.9099881
0.9087405
0.9066001
0.9109356
0.9108429
0.9088182
0.9114005
0.9081497
0.9097728
0.9096813
0.9119134
0.9082532
0.9074552
0.9098375
0.9126742
0.8835413
0.8018897
0.8009806
0.9123908
0.8853841
0.904963
0.908017
0.8956687
0.8952347
0.9158879
0.8911682
0.916995
0.8293676
0.91571
0.9125694
0.9197653
0.9097054
0.9153309
0.9122215
0.9176991
0.910654
0.9060826
0.9061247
0.9125449
0.8352193
0.9154114
0.8929671
0.9198023
0.9030578
0.9009877
0.874336
0.8742635
0.8748364
0.9121629
0.9209594
0.9218319
0.8382009
0.8419925
0.9077038
0.8887893
0.9173569
0.8033338
0.9126308
0.9099172
0.8375195
0.9127648
0.8817484
0.9184288
0.9185134
0.9182756
0.9188965
0.918161
0.917617
0.9281032
0.8816186
0.8988666
0.8924256
0.9021686
0.9157177
0.9059343
0.8963808
0.8908358
0.8655151
0.9035009
0.7552046
0.9188407
0.8989068
0.8977349
0.9116067
0.910386
0.8668348
0.9101016
0.839917
0.8895101
0.8905839
0.9106066
0.9130342
0.9157732
0.9099257
0.9116846
0.9143981
0.9190458
0.9115949
0.907277
0.9217801
0.9060446
0.9104823
0.9091007
0.9115047
0.9112206
0.910561
0.91116
0.909549
0.9097267
0.9157421
0.9125268
0.9095414
0.9124345
0.9113058
0.9144751
0.8876948
0.8501174
0.8452739
0.9140825
0.8938887
0.9022698
0.9087575
0.8931031
0.8934096
0.9143177
0.8963
0.9190874
0.8649421
0.9161905
0.9130118
0.9163652
0.9151155
0.9124218
0.9143077
0.9213954
0.9115252
0.9127773
0.9179405
0.9174042
0.8473251
0.9145224
0.8899211
0.9174431
0.9005073
0.8976498
0.8724427
0.8716726
0.8730263
0.9110056
0.9183096
0.9186397
0.8527345
0.8528175
0.9098728
0.8914643
0.924027
0.8623607
0.9078586
0.9108644
0.8533826
0.9128312
0.8832256
0.9166147
0.9173754
0.9177357
0.9199254
0.9194902
0.9178257
0.9303983
0.8838424
0.9049175
0.8938038
0.9056111
0.9155899
0.9062811
0.9000071
0.8854461
0.8578988
0.9101649
0.832216
0.9223034
0.9013345
0.9006126
0.9136174
0.9116153
0.8535786
0.9129173
0.8083828
0.887374
0.8997963
0.9186165
0.9148785
0.9191359
0.9179985
0.9195076
0.9189504
0.9179617
0.9124062
0.9115951
0.9222998
0.9139623
0.9114491
0.9120961
0.9104636
0.9120665
0.9116831
0.9128912
0.9099768
0.9144865
0.9184568
0.914349
0.9132456
0.9106863
0.9126586
0.9179199
0.8903157
0.8057469
0.8146667
0.9187659
0.8905487
0.9107719
0.9120407
0.8997545
0.8994033
0.9170418
0.8972958
0.920906
0.8384817
0.9156154
0.919522
0.9175637
0.920245
0.9171327
0.9170711
0.9200028
0.9156681
0.9129645
0.9121558
0.9137526
0.8481509
0.9159631
0.8942558
0.9189579
0.90206
0.9011898
0.8819477
0.8832829
0.8829231
0.9151587
0.9237759
0.9229176
0.8501301
0.8521498
0.9126908
0.8923477
0.9244397
0.8191301
0.9138949
0.911777
0.8472289
0.9171537
0.8852164
0.9178073
0.9180418
0.9187752
0.9195442
0.919072
0.9184159
0.9314638
0.8861707
0.9021758
0.8960318
0.9067932
0.9166871
0.9098822
0.9007499
0.8914955
0.8709084
0.9084882
0.7782109
0.9226545
0.9016911
0.9003871
0.915208
0.9044324
0.8603061
0.9198327
0.8415783
0.8881923
0.9000821
0.9228156
0.9160276
0.9232239
0.920212
0.9177957
0.9222499
0.9242644
0.9163745
0.9119445
0.9239895
0.9083354
0.9129171
0.9166134
0.9147985
0.9144087
0.9131129
0.9143109
0.915972
0.9127886
0.9219916
0.9158176
0.9164975
0.9181297
0.9138934
0.9198211
0.8911596
0.8556645
0.8477336
0.921164
0.8959161
0.909055
0.9066029
0.894418
0.8947628
0.9114204
0.8986845
0.9219451
0.8623049
0.9226675
0.921743
0.923276
0.9203143
0.9211607
0.9221447
0.9235018
0.9163847
0.9179154
0.9230105
0.9173565
0.8561474
0.9234593
0.8878045
0.9220966
0.90457
0.9017016
0.8754486
0.8751314
0.8757836
0.9184478
0.9269765
0.926929
0.8518654
0.8522848
0.9113812
0.8919699
0.9219968
0.8624814
0.9174435
0.9175268
0.8551095
0.9113673
0.895176
0.9199669
0.9193798
0.9206322
0.9212883
0.9188807
0.9199367
0.9311511
0.8832881
0.9041286
0.9020991
0.9038281
0.9211049
0.9084956
0.8988618
0.8900524
0.8563193
0.909869
0.8343655
0.9226111
0.9025167
0.9032507
0.9184156
0.8971618
0.8408761
0.901272
0.7806076
0.8845092
0.8922082
0.9078673
0.9052104
0.9073579
0.9018383
0.9086551
0.9089275
0.9087846
0.8985697
0.8972538
0.9176215
0.8963451
0.8974881
0.9021447
0.9011994
0.9039715
0.8973986
0.9032363
0.8972863
0.9027617
0.9095456
0.9022718
0.8978239
0.9012247
0.8998002
0.9064899
0.8853987
0.7847002
0.7827427
0.9061031
0.888985
0.8930214
0.8954714
0.8945552
0.8934859
0.9027961
0.8930059
0.908122
0.8167599
0.9120832
0.9055268
0.9116008
0.907439
0.9074397
0.9068418
0.9158438
0.9043528
0.9000179
0.9044475
0.9090683
0.8169418
0.9055222
0.8813423
0.9074285
0.9012718
0.8999609
0.8707506
0.8700132
0.8710508
0.9040069
0.9079486
0.909831
0.8281014
0.8260016
0.8991633
0.8890414
0.9065562
0.7996985
0.9079464
0.9052542
0.8270415
0.903177
0.8823958
0.9106528
0.9126169
0.9124474
0.913074
0.9123281
0.9108338
0.9214878
0.8788966
0.9009326
0.8905693
0.9011222
0.9086727
0.8958665
0.8988496
0.8825022
0.8591606
0.9077884
0.7260666
0.9153621
0.896146
0.896008
0.9080092
0.9063976
0.8466848
0.9157675
0.7940995
0.8842785
0.8950264
0.9160718
0.9134605
0.9124591
0.9132668
0.9114919
0.9126262
0.9175904
0.9056604
0.9033846
0.9195884
0.9076173
0.9056057
0.9074925
0.9103859
0.9078872
0.9056813
0.9085637
0.9027543
0.91376
0.9104494
0.9109277
0.9061565
0.9111143
0.9039173
0.9158249
0.8928723
0.7950444
0.7958432
0.9119934
0.8954799
0.9033692
0.905642
0.895307
0.8951066
0.9096958
0.8970715
0.9156923
0.8274649
0.9163479
0.9159859
0.9199445
0.9130633
0.9169936
0.915414
0.9196832
0.9142717
0.911253
0.9154581
0.914369
0.8330363
0.9158213
0.892797
0.9167451
0.9075839
0.9066854
0.8788098
0.8770275
0.8784935
0.9132619
0.9185892
0.9196957
0.8437615
0.840904
0.9077329
0.8916774
0.9151897
0.7976104
0.914089
0.9111306
0.8400015
0.9126785
0.8878532
0.9166204
0.9175693
0.9179301
0.9182139
0.9122776
0.9140806
0.9239081
0.8854844
0.9047569
0.8949131
0.9040751
0.919204
0.9024878
0.8996433
0.8922869
0.8651298
0.9093055
0.7531202
0.9190508
0.9005796
0.9017606
0.9132768
0.8995239
0.8400503
0.9131392
0.7738249
0.8826103
0.8961002
0.9129463
0.9120539
0.9135928
0.9103735
0.9129788
0.9146593
0.9152985
0.906814
0.903357
0.9177123
0.9037115
0.9051103
0.9088821
0.9080435
0.9079051
0.9052643
0.9081934
0.9060388
0.9113413
0.9125677
0.9072979
0.9077106
0.9090681
0.9065638
0.9090779
0.8893203
0.7829877
0.7851295
0.9113947
0.8886739
0.8999964
0.90304
0.8953468
0.8951071
0.9072504
0.8933055
0.9160355
0.8216733
0.9181254
0.9127351
0.9167771
0.9121702
0.9149303
0.912886
0.9228635
0.914031
0.9097432
0.9123722
0.909486
0.8258577
0.9171816
0.8892487
0.9152426
0.9057194
0.9045456
0.8717864
0.8705186
0.8714249
0.9161843
0.9197861
0.9208155
0.8283487
0.8316532
0.9036015
0.8898053
0.9120987
0.7982544
0.9106802
0.9100429
0.830851
0.905989
0.8893248
0.9132918
0.9133823
0.9164584
0.9173812
0.9127178
0.9115365
0.9271232
0.8797769
0.9017854
0.8936636
0.9014756
0.9152787
0.9007696
0.8953142
0.8834365
0.864387
0.910295
0.7289167
0.9176594
0.9012526
0.8996361
0.9152441
0.9134382
0.8591447
0.9134384
0.8101074
0.8879017
0.8975496
0.9177571
0.9201309
0.9157486
0.9164806
0.9180437
0.9183177
0.9186695
0.9153582
0.9140506
0.921858
0.9145269
0.9144779
0.9140531
0.915697
0.9153098
0.9150586
0.9165874
0.915493
0.919945
0.9205298
0.9176504
0.9164025
0.9163092
0.9176387
0.9190037
0.8903614
0.8238224
0.8201447
0.9187049
0.8956679
0.9113027
0.9140449
0.893587
0.8923707
0.9175118
0.8954818
0.9235482
0.8417969
0.9157858
0.9176746
0.9146057
0.9187176
0.9195262
0.9155751
0.9245224
0.9143985
0.9145019
0.9146375
0.9170742
0.8518877
0.9172317
0.8949282
0.9231211
0.9039405
0.9021502
0.8868161
0.8848613
0.8848642
0.9144187
0.9249724
0.9241949
0.8497161
0.8544977
0.9168899
0.8936132
0.9277909
0.8289498
0.9153745
0.914454
0.8509119
0.9222502
0.8873492
0.9189059
0.9194365
0.919312
0.9194466
0.9175187
0.9192128
0.9321355
0.8850694
0.9061266
0.8980443
0.9114331
0.9174627
0.9122906
0.9010549
0.8951939
0.8706098
0.9114863
0.7975458
0.9206073
0.9003617
0.9013486
0.9149998
0.9165735
0.8549362
0.9196572
0.7268981
0.8897907
0.903855
0.9257715
0.921559
0.9245589
0.9215507
0.9252515
0.9240193
0.9239532
0.9206277
0.9214208
0.9240572
0.9221417
0.9199762
0.9214032
0.9232827
0.9231064
0.9203254
0.9245486
0.9201589
0.9270964
0.9245922
0.924316
0.9203927
0.9182279
0.9231362
0.9244322
0.8933446
0.7043439
0.7985026
0.9241162
0.8969443
0.9180792
0.9205878
0.9013339
0.9022106
0.9261948
0.8986484
0.9298575
0.841667
0.9218084
0.9222993
0.9232354
0.9254554
0.9223986
0.921774
0.9240884
0.9238486
0.9215199
0.9221936
0.9222145
0.8614905
0.9237526
0.9003848
0.9292126
0.9035118
0.9034162
0.8867702
0.8868147
0.8869373
0.9229892
0.9304299
0.9318926
0.8524811
0.8499308
0.923093
0.8998486
0.9308622
0.8215687
0.9223744
0.9198675
0.8490635
0.9226456
0.8909466
0.921533
0.9221299
0.9215283
0.9226239
0.919455
0.9206512
0.9339929
0.8917584
0.9083305
0.9017801
0.9121775
0.9255867
0.9168822
0.9007142
0.8975605
0.8717719
0.9110019
0.7797067
0.9209578
0.904854
0.9039964
0.9214989
0.9049229
0.8402542
0.907307
0.7558431
0.8824125
0.8899895
0.9083624
0.9080353
0.9061902
0.902228
0.9056846
0.9068803
0.9130279
0.9040909
0.9041357
0.9168906
0.9027868
0.9026615
0.9019381
0.9055031
0.9072312
0.903169
0.9065064
0.904217
0.913615
0.9085091
0.908348
0.9047378
0.9027272
0.9060034
0.9069975
0.8876965
0.7611432
0.7278318
0.9097056
0.8881565
0.8995099
0.9058437
0.8960833
0.8956494
0.9090877
0.8931833
0.9136179
0.8284635
0.9106216
0.9096136
0.9109539
0.9087415
0.9088598
0.9058332
0.9131606
0.910422
0.9066554
0.9091515
0.9075443
0.8250936
0.9083159
0.8891686
0.915068
0.9000283
0.8988788
0.8736884
0.8734518
0.8757863
0.9047619
0.9161119
0.9174163
0.8330225
0.8332588
0.9061383
0.8915525
0.9164976
0.8066166
0.9079735
0.9076127
0.8298836
0.9124176
0.8761874
0.9156915
0.9161176
0.9170047
0.9181516
0.9139508
0.916759
0.9233182
0.8804672
0.8990093
0.8940121
0.9052639
0.9096215
0.9026071
0.8955452
0.8822746
0.8685164
0.9035688
0.7277287
0.9176054
0.8964569
0.896708
0.9076511
0.9049658
0.8009034
0.9037096
0.8357356
0.8875631
0.886935
0.9099301
0.9035308
0.9069726
0.9043635
0.9078732
0.9091169
0.9121124
0.9015203
0.9013286
0.9132629
0.9038622
0.9036864
0.8997064
0.906211
0.9047755
0.9040371
0.9059661
0.9041402
0.9053923
0.9082861
0.9030165
0.8982365
0.9031618
0.904119
0.9064181
0.8854719
0.8291403
0.8313708
0.9063478
0.8923781
0.8947965
0.9053344
0.8906933
0.8901732
0.9097168
0.8938385
0.9087587
0.8419687
0.9066539
0.9051927
0.9078266
0.9058536
0.9060848
0.9039349
0.9138674
0.9049138
0.9070876
0.9079355
0.9061579
0.7945313
0.90732
0.8884962
0.9102625
0.9026621
0.9000779
0.8729219
0.8716955
0.8735897
0.9035973
0.9081859
0.9107305
0.7928221
0.7917166
0.9025687
0.891765
0.9117862
0.8441852
0.9037377
0.9012276
0.7916328
0.908676
0.8828904
0.9166232
0.916296
0.9173729
0.917883
0.9136332
0.9182139
0.9188183
0.8824291
0.8965614
0.8946568
0.9010009
0.9101765
0.9007565
0.8970181
0.8900351
0.8661744
0.9045141
0.7959605
0.9176355
0.8982166
0.8984912
0.9056878
0.9000683
0.8093114
0.898655
0.822919
0.8821948
0.8851531
0.9045634
0.8995004
0.9059506
0.8996875
0.9065765
0.9047516
0.9027848
0.8962944
0.8972262
0.9103197
0.9029622
0.8999348
0.8948099
0.9017966
0.8996211
0.8995687
0.90138
0.8983815
0.8985802
0.9004527
0.9015552
0.8894702
0.8910529
0.8979295
0.9026169
0.8832674
0.8231581
0.8263498
0.9004643
0.8852418
0.887979
0.8989183
0.89158
0.8918495
0.9046721
0.8923856
0.904336
0.8414416
0.9017531
0.9005369
0.9042591
0.8992276
0.9014583
0.9003896
0.9073138
0.9019293
0.8964839
0.8973756
0.9024721
0.7810545
0.9026631
0.8830116
0.9060558
0.9036093
0.9005929
0.8696931
0.8697457
0.8696611
0.9020105
0.906266
0.9054326
0.7975036
0.7976995
0.8995302
0.8879867
0.9102766
0.8388325
0.9017882
0.8961708
0.799807
0.9079291
0.8799096
0.9184164
0.9191782
0.9184881
0.9205411
0.9168643
0.921163
0.9187689
0.8790247
0.8981899
0.8894472
0.9034446
0.9024521
0.8934429
0.8970944
0.8779558
0.8662799
0.9049133
0.7899288
0.9172545
0.8979811
0.8959832
0.9052849
0.8998161
0.8322585
0.8928571
0.8369973
0.8835559
0.8791492
0.9027823
0.8981246
0.8991126
0.8955682
0.9011789
0.8995028
0.9014563
0.8952618
0.8939787
0.9075911
0.894504
0.8889907
0.8890443
0.8931736
0.8939234
0.8889337
0.895704
0.8963905
0.8998836
0.89603
0.899334
0.8924953
0.8907696
0.8954151
0.9016952
0.8881825
0.8372528
0.8329353
0.8998108
0.8902505
0.8914166
0.892815
0.8900372
0.8897914
0.9059972
0.885682
0.9019825
0.8486511
0.9037098
0.9000567
0.903126
0.90181
0.9035696
0.9004551
0.9067376
0.9011736
0.9009537
0.9004207
0.9032108
0.7868448
0.9028917
0.8819731
0.9028214
0.9031376
0.901206
0.8716336
0.871478
0.8735493
0.8988078
0.9045034
0.904267
0.819924
0.8210762
0.8955522
0.8873765
0.9071181
0.8465056
0.8983183
0.8948388
0.8194275
0.9067587
0.8803319
0.9160281
0.9145227
0.9173886
0.9183174
0.9153771
0.913807
0.9160199
0.8865872
0.8962224
0.8915835
0.8984317
0.9029168
0.8930491
0.8942697
0.8811824
0.8762057
0.9081647
0.8022004
0.9171738
0.8987928
0.8933505
0.9019979
0.8940356
0.8258883
0.8890029
0.8261331
0.8819493
0.8770129
0.8983377
0.895438
0.894107
0.8901649
0.8953674
0.8962223
0.894762
0.8871194
0.8899956
0.9057237
0.8942198
0.8834471
0.8806569
0.8870195
0.8877656
0.8834263
0.8881442
0.887684
0.8935664
0.888607
0.8946032
0.8824712
0.8850235
0.889571
0.8968257
0.8868115
0.8275653
0.8230834
0.8962402
0.8816445
0.8822062
0.8908896
0.889713
0.8889088
0.9022958
0.8880257
0.8982824
0.8453578
0.8976375
0.8956782
0.896973
0.8934181
0.8963105
0.8924362
0.9025886
0.8923333
0.8916071
0.8973606
0.897018
0.767743
0.8948948
0.8745907
0.8990856
0.9021778
0.9018057
0.8656589
0.8658817
0.8667185
0.894562
0.8990622
0.9008893
0.8119176
0.8120954
0.8889174
0.8797283
0.9029306
0.8347941
0.8928686
0.8895712
0.8116365
0.9014431
0.8722573
0.9151906
0.9153558
0.9156445
0.9172972
0.9171598
0.9175193
0.9135275
0.8760701
0.8927353
0.8857687
0.8985178
0.9012346
0.8896552
0.8911699
0.8755164
0.8665006
0.9045884
0.777033
0.9138084
0.8972539
0.8948951
0.8961633
0.8957307
0.8438688
0.9034943
0.8398869
0.8835636
0.890707
0.9079257
0.9007856
0.9028687
0.8988259
0.9021054
0.901239
0.9067509
0.8937934
0.8896469
0.9126631
0.8872704
0.8883582
0.8931904
0.8908019
0.8907819
0.8884227
0.8920397
0.8911671
0.8989183
0.9017339
0.8936536
0.8920028
0.8952495
0.8927
0.9030565
0.8890752
0.847624
0.8347067
0.8972081
0.8872283
0.8837269
0.8879612
0.8926836
0.8940113
0.8968067
0.8885392
0.9013939
0.8484893
0.9141517
0.9068221
0.9120968
0.9072672
0.9086984
0.9078333
0.9149115
0.9079147
0.9011715
0.9037102
0.9104309
0.7967537
0.9091199
0.8775941
0.9040417
0.9059652
0.9030117
0.8668234
0.8655861
0.8676649
0.9068424
0.9045849
0.9061065
0.8340305
0.8309517
0.8938489
0.8884814
0.8996498
0.8517878
0.9095628
0.9041639
0.832379
0.8963404
0.8832802
0.910962
0.911815
0.9134284
0.915073
0.9108035
0.9121273
0.9150269
0.8816906
0.9008719
0.8879957
0.894735
0.9135824
0.8911188
0.8953149
0.8845863
0.877875
0.9088195
0.8095128
0.9128029
0.8988287
0.8982396
0.9076031
0.9144018
0.8581332
0.9187428
0.8039439
0.8899932
0.8994272
0.9210802
0.9204207
0.921987
0.9198761
0.919926
0.920586
0.9206848
0.9187229
0.9194444
0.9245053
0.920343
0.9169687
0.9198407
0.9179743
0.9180121
0.9174322
0.9182952
0.9184788
0.9243183
0.9188078
0.9232911
0.920769
0.9142018
0.9193095
0.9216819
0.8928068
0.8095454
0.8148597
0.9229447
0.8915987
0.917036
0.9173671
0.8996613
0.9001955
0.9226703
0.9021697
0.9274641
0.8404764
0.9189932
0.9195257
0.9211188
0.9214777
0.9183517
0.9179514
0.9192958
0.9187728
0.918904
0.9201462
0.9187659
0.8532514
0.9186981
0.8992714
0.9273872
0.9054794
0.9047735
0.8887184
0.8881276
0.8884488
0.916165
0.9276755
0.9280082
0.8449641
0.8438703
0.9195068
0.8958149
0.9333263
0.8168163
0.916235
0.9149896
0.8478086
0.9194406
0.8924134
0.9227477
0.9227164
0.9221153
0.9234325
0.9201909
0.9217537
0.9304079
0.8923517
0.9068829
0.8996513
0.9094612
0.92047
0.9153558
0.9012294
0.8932829
0.8687181
0.9103596
0.7723443
0.9242212
0.9014328
0.90321
0.9175283
0.9019166
0.8852407
0.9161142
0.8783084
0.9018994
0.9030422
0.9164571
0.9114394
0.9139455
0.9121331
0.9153699
0.9139735
0.9170927
0.9052022
0.9046951
0.9193315
0.8973001
0.9027848
0.9061341
0.9027723
0.9046239
0.9027403
0.9063226
0.9039086
0.9060658
0.9114485
0.9050461
0.9027203
0.9046298
0.9055424
0.9111056
0.9007871
0.878603
0.870689
0.9090974
0.9053424
0.8996291
0.8992028
0.9032099
0.9020118
0.9057807
0.9022256
0.9146687
0.874766
0.9235446
0.9184641
0.923141
0.9178927
0.9194255
0.9177328
0.9244132
0.9125875
0.9106295
0.9162534
0.9183273
0.8607957
0.9195483
0.8957132
0.9152924
0.9190335
0.9180824
0.8868047
0.8862874
0.8862103
0.918702
0.9175848
0.9196676
0.8796685
0.8812856
0.9040703
0.9007962
0.9088849
0.8852389
0.9164907
0.9162236
0.8825509
0.9015535
0.9000464
0.9188402
0.9182124
0.9188739
0.9199459
0.9178586
0.9183631
0.927901
0.894836
0.912658
0.9065319
0.9087835
0.919365
0.9004087
0.9072629
0.8970363
0.8912317
0.9134638
0.8533091
0.9211342
0.9112923
0.9091961
0.9203688
0.9143771
0.7567237
0.9200983
0.8411802
0.8932122
0.8995504
0.921719
0.9199592
0.9213116
0.9189141
0.9235358
0.9222858
0.9260799
0.9175651
0.9154187
0.926426
0.9122166
0.9180212
0.9175758
0.9198922
0.9187965
0.91799
0.9190043
0.9171652
0.9207624
0.9208896
0.9187078
0.9220255
0.9196977
0.9167403
0.9166196
0.8952509
0.8400989
0.8447253
0.9230228
0.8959765
0.9122606
0.913835
0.9007837
0.9000105
0.9222607
0.8986251
0.9246808
0.8496653
0.9245342
0.9204081
0.9212645
0.9207264
0.9192436
0.9217313
0.9274939
0.9201889
0.9192687
0.9234164
0.9180762
0.8337487
0.9209455
0.8963002
0.9233305
0.9082534
0.9062128
0.8852188
0.8856241
0.8855471
0.9196534
0.9273127
0.9282168
0.4582884
0.4957428
0.9156881
0.8953385
0.9241952
0.8486492
0.9197476
0.9201538
0.5021944
0.9162005
0.8931873
0.9201901
0.9201238
0.9204459
0.9213986
0.9194032
0.9206785
0.9321084
0.8892676
0.9045984
0.9028039
0.9067338
0.9229431
0.9127356
0.9020503
0.8957374
0.8700522
0.9135056
0.8237275
0.9222486
0.9073239
0.9080095
0.9214551
0.9084873
0.8429048
0.9152005
0.79406
0.8879622
0.8960235
0.9199172
0.9166961
0.9160873
0.9143242
0.9181914
0.9181991
0.9193165
0.9109207
0.9110005
0.9219264
0.9096554
0.913516
0.9143994
0.9138635
0.9155753
0.9135195
0.9173083
0.9105089
0.9172292
0.914871
0.9165689
0.9146615
0.9132273
0.9164869
0.9177416
0.8896723
0.7978125
0.8081364
0.9172472
0.8887542
0.9070452
0.9056488
0.9003779
0.8997969
0.9170557
0.8955357
0.9203705
0.8339141
0.9214417
0.9163277
0.9200097
0.917282
0.9156711
0.9194199
0.9217644
0.917986
0.9152944
0.9139568
0.9194093
0.8418251
0.9183617
0.8945887
0.9221087
0.901755
0.8997643
0.8790832
0.8785647
0.8778769
0.9142657
0.9249627
0.9265166
0.8432058
0.8398436
0.9106333
0.8883332
0.9183615
0.7915449
0.9180176
0.9162264
0.8380389
0.9129652
0.8864118
0.919162
0.9181655
0.9192326
0.9195533
0.916131
0.9195422
0.9299983
0.8847346
0.903246
0.8963945
0.9041639
0.9187066
0.9067436
0.8973066
0.889664
0.8611766
0.9057178
0.7651732
0.9189724
0.8999043
0.9017049
0.9171888
0.8991663
0.8444011
0.9111949
0.789541
0.8820531
0.8952652
0.9127412
0.9097913
0.9163626
0.911998
0.9124279
0.914877
0.9162917
0.9071976
0.9042572
0.9201001
0.9035463
0.9043572
0.9047482
0.9062077
0.9068839
0.9044321
0.9082232
0.9043388
0.9091494
0.9106155
0.9089012
0.9062038
0.9062377
0.9074565
0.9100018
0.8927925
0.7972869
0.7978695
0.915528
0.8887178
0.9041284
0.903471
0.8936276
0.8930733
0.9082443
0.8955299
0.9162956
0.8246885
0.9144184
0.9143828
0.9157047
0.9120439
0.9140397
0.9137519
0.9188352
0.9109235
0.9110729
0.907775
0.9147635
0.8278767
0.9120902
0.8857267
0.9159359
0.9024734
0.9011365
0.8807472
0.8800246
0.8803505
0.9109772
0.9230907
0.9199842
0.8393069
0.8346978
0.9059853
0.8915167
0.9170891
0.8118376
0.9099503
0.9112561
0.8391445
0.9074622
0.8864448
0.9145261
0.9159702
0.9151271
0.9169154
0.9124408
0.9151473
0.9287192
0.8838409
0.8978555
0.893078
0.9043493
0.9150359
0.9025714
0.9032508
0.8885589
0.8686031
0.9096136
0.7477645
0.9174621
0.9003879
0.8971801
0.9138989
0.9063946
0.8482766
0.9168999
0.7957695
0.8850695
0.8958326
0.9160143
0.9114583
0.9155677
0.9139397
0.9171109
0.9165365
0.9160644
0.9118762
0.9119949
0.9195013
0.9067072
0.910059
0.9115244
0.9106242
0.9120793
0.9101377
0.9124827
0.9102151
0.9107041
0.9146459
0.9070431
0.9098573
0.9102247
0.911158
0.9135666
0.8961729
0.8014652
0.7982701
0.9104061
0.8941903
0.9000109
0.9047257
0.8926153
0.8919801
0.9119273
0.8909977
0.9149631
0.8256395
0.9194459
0.9149505
0.9212483
0.917455
0.9180782
0.9169911
0.9197103
0.9139052
0.9131717
0.9166492
0.9180029
0.8382397
0.9179338
0.8906514
0.9188446
0.9028821
0.9022039
0.8757603
0.8748679
0.8769964
0.9168217
0.9193919
0.9230549
0.8422789
0.8410869
0.90972
0.8915607
0.915168
0.7977978
0.9173697
0.9142287
0.8397086
0.9064386
0.8855955
0.9146418
0.9151835
0.9154699
0.9159041
0.9132738
0.9134154
0.9270112
0.8849932
0.9014553
0.895118
0.9031072
0.9178622
0.9020436
0.8942633
0.8893943
0.8630017
0.9114366
0.7630504
0.918565
0.8995434
0.9036043
0.914739
0.8949991
0.8478622
0.9156434
0.7939476
0.8811143
0.8934498
0.9137483
0.913244
0.9137766
0.9125018
0.9178941
0.9158169
0.9161161
0.9022227
0.9007971
0.9199093
0.9027362
0.9032049
0.9110895
0.9067206
0.906539
0.9034774
0.9082382
0.9011934
0.9061013
0.9113851
0.9062296
0.9073181
0.9053331
0.9046674
0.9084611
0.8926074
0.8036503
0.7999611
0.9061124
0.8925753
0.8960972
0.9010612
0.894391
0.8926932
0.9023816
0.8903544
0.9100062
0.8207661
0.9199648
0.9160167
0.9175416
0.9140741
0.9169544
0.9177687
0.9236474
0.9130665
0.9119856
0.9121289
0.9165344
0.834673
0.9153536
0.8846098
0.9127845
0.9038945
0.9023215
0.8739748
0.8722094
0.8736129
0.9115846
0.9173473
0.9166606
0.8407584
0.8401653
0.9048869
0.8882035
0.9103297
0.799892
0.9162209
0.911325
0.8398612
0.8993543
0.8854945
0.9120644
0.9122328
0.9145332
0.9147791
0.9112194
0.9122035
0.9278205
0.8809042
0.9042233
0.8906094
0.8994744
0.9202056
0.8997912
0.8947481
0.8833267
0.8646427
0.9074929
0.7594391
0.9144314
0.8977587
0.8971368
0.9142112
0.900886
0.8690675
0.9185231
0.8671365
0.8946904
0.9134377
0.9212604
0.9132694
0.9153449
0.9137874
0.9160253
0.9162988
0.9225483
0.9062408
0.9057607
0.9216169
0.8957401
0.9044877
0.912826
0.9067911
0.9068061
0.9048481
0.9071431
0.9060085
0.9062788
0.9171686
0.9074658
0.9105174
0.9140487
0.9084012
0.9142387
0.9067974
0.8738342
0.8592444
0.9157818
0.9039817
0.896575
0.8988175
0.9047636
0.9040908
0.9029905
0.8988185
0.9128483
0.8693602
0.9244065
0.9181867
0.9247136
0.9172066
0.9206469
0.9218963
0.9232222
0.9157508
0.9113526
0.9162632
0.9192886
0.8277634
0.919141
0.8951165
0.9133687
0.9157118
0.9135195
0.8870699
0.8856719
0.8873255
0.9170241
0.9183922
0.9197323
0.8617567
0.8594868
0.9057603
0.9022674
0.9106118
0.8804124
0.9191948
0.9175158
0.860629
0.9038652
0.9018661
0.9153657
0.9156111
0.9140834
0.9157703
0.9163276
0.9161175
0.9308892
0.8941391
0.9065852
0.904904
0.9056556
0.9175068
0.9015597
0.9065954
0.8984529
0.889543
0.9193487
0.8453034
0.9201134
0.9104169
0.9118756
0.9188218
0.8981049
0.842325
0.897001
0.7620976
0.8790586
0.8820009
0.9001079
0.8991157
0.9014576
0.8942542
0.901984
0.9037231
0.9035015
0.8973179
0.8914627
0.91146
0.8978339
0.8930763
0.8931058
0.8974184
0.8951435
0.8931439
0.8974267
0.8945511
0.8991138
0.8983149
0.898923
0.8932153
0.8923066
0.8979873
0.8986569
0.8819706
0.7676373
0.7623292
0.8983229
0.8848605
0.8942097
0.8941805
0.8917365
0.890942
0.905754
0.8917827
0.9056168
0.8213841
0.9005426
0.8979073
0.9036362
0.8992801
0.8982064
0.8978076
0.9047535
0.8981739
0.8963489
0.8960216
0.9014968
0.8098119
0.8992531
0.8794257
0.907927
0.8962113
0.8958741
0.8725745
0.8731196
0.8738594
0.8989971
0.9085594
0.9095994
0.8209012
0.8254529
0.8993443
0.8818849
0.9127932
0.7921987
0.9013303
0.8944607
0.8253389
0.9087311
0.8743836
0.9131238
0.9141604
0.9139174
0.9152967
0.913004
0.9132598
0.9184875
0.8787824
0.8934678
0.8899659
0.9025981
0.902533
0.8949113
0.8927133
0.8766989
0.8636364
0.9005913
0.631348
0.9136481
0.8944028
0.896203
0.902089
0.9038639
0.8598168
0.911548
0.8341701
0.8842862
0.8943723
0.9146225
0.9136257
0.9130069
0.9094771
0.9140774
0.9129094
0.9096834
0.9069826
0.9036973
0.9209492
0.9051211
0.9063403
0.9054824
0.9109824
0.9096548
0.9064163
0.9087813
0.9081651
0.9111032
0.9124028
0.9099703
0.9126408
0.9086818
0.9068505
0.9139873
0.8910933
0.8351204
0.835453
0.9154045
0.8921583
0.9051442
0.9067367
0.8940414
0.8950872
0.9115131
0.8904297
0.914836
0.7571214
0.9157065
0.9105358
0.9158846
0.9156946
0.9130465
0.9114253
0.9172397
0.9143566
0.9102402
0.9136886
0.913045
0.849241
0.9135439
0.8924666
0.9188547
0.9084113
0.9052576
0.8817018
0.8817487
0.8823148
0.9121299
0.9187806
0.9206951
0.856388
0.8574234
0.9117063
0.8983447
0.9157062
0.8384852
0.9098846
0.9080548
0.8581571
0.9102274
0.888849
0.912713
0.9138582
0.9139174
0.9149511
0.9144026
0.9134888
0.9238924
0.8878688
0.9005923
0.8966788
0.8955701
0.9149153
0.9069636
0.8969316
0.8908152
0.8749237
0.9099219
0.8171359
0.9181397
0.8993751
0.8987074
0.9127179
0.8968028
0.8606136
0.9009847
0.8478728
0.8763466
0.8794982
0.9071001
0.9027031
0.9007691
0.8972697
0.900978
0.9018093
0.9061889
0.9010798
0.8977331
0.9087036
0.8995354
0.8960445
0.8941907
0.8979018
0.8949828
0.8954317
0.8967551
0.8987678
0.9024311
0.9083426
0.9011802
0.8983447
0.9000182
0.899035
0.9033933
0.8767911
0.8475944
0.8416748
0.9019629
0.8861956
0.8916455
0.8958379
0.8857347
0.8862839
0.9069123
0.8875045
0.9072157
0.8496529
0.9082213
0.9055085
0.9042828
0.9074166
0.9052774
0.9046026
0.9146247
0.9041028
0.9061714
0.9057879
0.9048434
0.8370838
0.9051134
0.8758916
0.9078464
0.8941265
0.8939832
0.8607675
0.859642
0.861958
0.9022309
0.911179
0.9088489
0.8540079
0.8519788
0.8976039
0.8796481
0.9089009
0.8550666
0.9005743
0.8996579
0.8490657
0.9053666
0.8762117
0.9120356
0.9128505
0.912339
0.9142947
0.9092026
0.913541
0.9200952
0.8739645
0.8939705
0.8876914
0.8993686
0.9099278
0.8941504
0.8889726
0.8785569
0.8456396
0.9007594
0.8242258
0.9156933
0.8922084
0.8967161
0.9048804
0.9131901
0.8749376
0.9127289
0.8649381
0.8891706
0.8959502
0.9186393
0.915335
0.9180653
0.9163395
0.9161553
0.9187821
0.9203593
0.9130281
0.9112554
0.9213298
0.9141562
0.913228
0.9125275
0.9150258
0.9144466
0.9130773
0.9155707
0.9135846
0.9169373
0.9165344
0.9168146
0.9142928
0.9112777
0.9143939
0.9174118
0.8914126
0.8565202
0.860314
0.9204253
0.8931041
0.9113657
0.9181102
0.8968696
0.8964392
0.9200375
0.8965652
0.9218873
0.8701485
0.9162157
0.9152595
0.9165772
0.9200749
0.9137166
0.9178521
0.9205428
0.9141124
0.915537
0.9173216
0.9161783
0.8645256
0.9180345
0.89377
0.920492
0.9004422
0.9002669
0.8846209
0.8838661
0.885109
0.9136769
0.9231699
0.9233095
0.8717415
0.8727722
0.9165201
0.8934025
0.9246355
0.8716689
0.9139326
0.9110251
0.8714875
0.915583
0.8910824
0.9211403
0.9202583
0.9223567
0.9211603
0.92069
0.9203676
0.9280159
0.8840812
0.9057831
0.8964769
0.9037011
0.9185296
0.9093571
0.9019106
0.8934934
0.8186774
0.9082453
0.8454663
0.9216558
0.8975632
0.900971
0.9156572
0.8970954
0.8595401
0.8979392
0.844995
0.8822609
0.8851003
0.9048081
0.8989848
0.9039286
0.9000109
0.9027353
0.9059438
0.9077603
0.8902283
0.8883671
0.9109966
0.8946942
0.8936434
0.8930677
0.894205
0.8908912
0.8939134
0.8913882
0.8952058
0.8979414
0.8993396
0.8949531
0.8930554
0.8925081
0.895803
0.9025439
0.8805113
0.8453199
0.8386501
0.8991093
0.885995
0.8862426
0.8920302
0.8906256
0.8911725
0.9014718
0.8849112
0.9019572
0.8503288
0.9077438
0.9013567
0.9085256
0.9060054
0.9038949
0.901965
0.9119067
0.9011111
0.9014792
0.9012982
0.9016927
0.8283677
0.9001506
0.8810427
0.9062673
0.8988188
0.8975803
0.8637272
0.8637826
0.8649967
0.9018591
0.9081521
0.9086793
0.8486184
0.8476409
0.8969394
0.8822846
0.9061994
0.8527447
0.8988057
0.8965653
0.8463252
0.8994619
0.8776384
0.9119916
0.9131119
0.9146913
0.9153171
0.9097298
0.9102631
0.9218639
0.8798176
0.8930798
0.8906272
0.8984519
0.9081705
0.8886462
0.8931101
0.8798504
0.8460595
0.9070008
0.8138019
0.9167233
0.8967946
0.8935767
0.9043584
0.9020694
0.8571585
0.8967097
0.83852
0.880722
0.8791767
0.9070847
0.9021512
0.9054582
0.9007195
0.9060795
0.9047687
0.9063741
0.9019191
0.9014897
0.9097324
0.8994678
0.8981037
0.8985134
0.8975243
0.9010409
0.897816
0.9006608
0.9023607
0.9000542
0.9053433
0.9055949
0.9002435
0.8975567
0.9018675
0.9033915
0.8788686
0.8407953
0.8425594
0.9014908
0.8846541
0.8970192
0.901039
0.8896392
0.8894342
0.9085965
0.887723
0.9121319
0.8453955
0.9081633
0.9030786
0.9040844
0.9057753
0.9034792
0.9024165
0.9071283
0.90262
0.9021658
0.902295
0.9036684
0.8272161
0.908827
0.8823465
0.912282
0.8954153
0.8927554
0.8669896
0.8660032
0.8673735
0.9019991
0.91288
0.9164232
0.8462789
0.8511592
0.8986165
0.8808292
0.9150227
0.8545755
0.9048119
0.8999042
0.846421
0.9138591
0.8683109
0.9168404
0.9174528
0.9184523
0.9195243
0.9160815
0.916554
0.9210256
0.8745206
0.8981546
0.8877471
0.8992267
0.9075809
0.8958543
0.891598
0.8771047
0.8527768
0.9014123
0.8142506
0.9176264
0.8932018
0.8944658
0.9033585
0.901627
0.8679724
0.899906
0.8577364
0.8893104
0.8820599
0.9015034
0.8982811
0.90398
0.8957718
0.9007342
0.9012872
0.9061469
0.8947407
0.8959578
0.9123277
0.8991246
0.8954719
0.8955922
0.893822
0.8974099
0.8950588
0.8982211
0.8967126
0.8977165
0.90353
0.8981613
0.8942925
0.8937811
0.8959001
0.9081567
0.8850827
0.8582856
0.8508958
0.9018378
0.8925341
0.8892207
0.9005039
0.8856365
0.8861063
0.9050043
0.8861916
0.9022545
0.8613438
0.9091135
0.9005548
0.9065275
0.9043803
0.9053914
0.8998175
0.9110712
0.9012817
0.8964999
0.900882
0.9013525
0.8378193
0.9013464
0.8807814
0.9026865
0.9072656
0.9045799
0.8689043
0.8681246
0.8699121
0.9040656
0.9088788
0.9093263
0.8572058
0.8602965
0.8943506
0.8885601
0.9061304
0.8642656
0.9024253
0.8987473
0.8587376
0.9039077
0.8817529
0.9158751
0.9161522
0.9172332
0.917103
0.9159828
0.9166086
0.9159022
0.8819452
0.9001829
0.889301
0.8980775
0.9031785
0.8890303
0.896403
0.884247
0.8574792
0.9058031
0.8339145
0.9146288
0.8959779
0.8959595
0.9054611
0.9082185
0.862828
0.9141432
0.8453228
0.8845143
0.8940521
0.916555
0.9136048
0.9194736
0.9113576
0.9161211
0.9172292
0.9164559
0.9098013
0.9081687
0.922186
0.9051301
0.9096995
0.9141443
0.9104963
0.9103255
0.909389
0.9103419
0.9116808
0.9105749
0.9178809
0.9131026
0.9091431
0.9126594
0.9107168
0.9174587
0.888723
0.8541629
0.8506652
0.9131085
0.8963988
0.902543
0.9020033
0.8945457
0.895514
0.907695
0.8941615
0.91783
0.8538821
0.9237247
0.9194087
0.9225396
0.9143097
0.9165617
0.9170684
0.9235475
0.9171408
0.9128078
0.9155964
0.9167133
0.850263
0.9192173
0.8862868
0.9195792
0.9047469
0.9036509
0.8685777
0.8699092
0.8706903
0.9140904
0.9192295
0.9186301
0.8498422
0.8460803
0.9086641
0.8959963
0.9163142
0.8598865
0.9152402
0.9152253
0.8479979
0.9081513
0.8897578
0.9152918
0.9162054
0.9166032
0.9178229
0.913516
0.9162088
0.9306094
0.8794372
0.9051787
0.8931392
0.9005142
0.9190721
0.9056537
0.896503
0.8860456
0.8552362
0.9106418
0.8274676
0.9196507
0.8991432
0.9006476
0.917437
0.9005537
0.8657229
0.8997846
0.8531915
0.8846514
0.8809515
0.9085279
0.9088638
0.9044952
0.9001408
0.9049943
0.9046203
0.9083456
0.9024074
0.9020186
0.9101962
0.9065674
0.9032258
0.8994902
0.9052028
0.9052921
0.9033787
0.9053466
0.9046626
0.9079847
0.9044476
0.9039017
0.9021723
0.9006422
0.9020003
0.9057178
0.8821402
0.8567621
0.8557898
0.9070576
0.8862626
0.9000435
0.90696
0.886438
0.8872608
0.9131564
0.8895699
0.9127183
0.8634913
0.9066185
0.905506
0.9083635
0.9075191
0.9020102
0.9023906
0.9081683
0.9067387
0.903537
0.9058223
0.903679
0.840993
0.9063153
0.8813884
0.9134601
0.8972009
0.895888
0.872608
0.871096
0.8724118
0.901935
0.9138913
0.9136319
0.8535058
0.8540912
0.9047806
0.8831436
0.9166214
0.8637519
0.9041316
0.9039215
0.8539025
0.9111135
0.8753549
0.9181758
0.9184104
0.9161089
0.917519
0.9168198
0.9163148
0.919515
0.8771841
0.8943818
0.8871174
0.8994774
0.907158
0.8999105
0.8954832
0.881171
0.845048
0.9028638
0.8336975
0.9178659
0.8941833
0.8944551
0.9063118
0.9061166
0.8653436
0.916419
0.8514025
0.8866206
0.8945701
0.9163396
0.9133032
0.9176392
0.9117878
0.9147177
0.9175904
0.916625
0.9078466
0.9041219
0.9226306
0.9063845
0.9078656
0.9079944
0.9080182
0.9086961
0.90806
0.9085568
0.9093449
0.9112753
0.9138943
0.9092773
0.9107477
0.9104862
0.9091202
0.9132027
0.889067
0.8566626
0.8528542
0.9148178
0.8905256
0.9034767
0.9060672
0.8959127
0.8966478
0.9135183
0.8971732
0.9191376
0.8650451
0.917716
0.9150456
0.9177663
0.9160303
0.916234
0.9165528
0.9235406
0.9115589
0.9116305
0.9183254
0.9183974
0.8514866
0.9167339
0.8875522
0.918703
0.9020306
0.9000318
0.8765356
0.8760541
0.8767895
0.914099
0.921457
0.9212867
0.8533617
0.8526038
0.909282
0.8906636
0.9199292
0.8557576
0.9145755
0.9146674
0.8516532
0.9074067
0.8887889
0.919395
0.9193666
0.920101
0.9209835
0.9164642
0.9183949
0.9324504
0.8765735
0.9023386
0.8948167
0.9035664
0.9170795
0.906966
0.8963134
0.887384
0.8542186
0.9096355
0.8329625
0.9199623
0.9005267
0.9029465
0.9143027
0.8964872
0.8514372
0.9001874
0.8311878
0.8733872
0.8799824
0.9027658
0.9021806
0.9021755
0.8979918
0.8969343
0.9035811
0.9046688
0.8946775
0.8925526
0.9088018
0.8963888
0.8937214
0.8950035
0.8947995
0.8953476
0.8933469
0.8963188
0.8974862
0.8964854
0.9026941
0.898009
0.8917957
0.8928324
0.8957539
0.9058257
0.8762603
0.8337695
0.8280409
0.9012011
0.8801274
0.8933622
0.8966084
0.8889324
0.8894787
0.9001141
0.8821322
0.9082391
0.8392591
0.9083585
0.9010218
0.9061286
0.9057722
0.9019076
0.9019768
0.9116593
0.9017123
0.8966699
0.8999467
0.9043636
0.8187775
0.9027575
0.8796536
0.9101842
0.8915667
0.8894775
0.8586828
0.8595427
0.8615186
0.9028881
0.9085421
0.9107325
0.8389812
0.8369606
0.895969
0.8803713
0.9090809
0.8478655
0.9019215
0.897773
0.8324215
0.9003525
0.8713049
0.9091514
0.9097431
0.9116681
0.9120641
0.9085712
0.9105546
0.9186761
0.8701143
0.8889204
0.8887782
0.8952038
0.9045429
0.8907925
0.8901405
0.876597
0.832971
0.8992304
0.8030579
0.9124567
0.890782
0.8940079
0.9064593
0.9049995
0.8690807
0.9146354
0.862868
0.8827486
0.8928559
0.9154416
0.9139808
0.9166754
0.9121571
0.91274
0.915847
0.9157575
0.9133181
0.9107162
0.9159051
0.9065962
0.9092859
0.9144072
0.9140603
0.9127796
0.909325
0.9128737
0.912714
0.9131583
0.9187292
0.9175184
0.9076607
0.908001
0.91198
0.91577
0.8808045
0.8609998
0.855777
0.9148398
0.8856177
0.9083895
0.9082513
0.8945097
0.8951687
0.9131948
0.8903724
0.9188124
0.8559672
0.9205071
0.9183334
0.9194474
0.918518
0.9127448
0.9189265
0.9235704
0.9196017
0.9141285
0.9174453
0.9158379
0.8622491
0.9187331
0.8843289
0.9217724
0.9025818
0.9010884
0.8709736
0.8704476
0.873002
0.9126285
0.9232614
0.9231321
0.8618002
0.8600897
0.9126338
0.8912179
0.9198785
0.8649493
0.9135426
0.9103785
0.8579109
0.9099093
0.8839195
0.9163048
0.9170684
0.9178429
0.9173381
0.9165625
0.916057
0.9268584
0.8818054
0.8992327
0.8899571
0.900344
0.9199902
0.904092
0.8938834
0.8887337
0.85262
0.9051502
0.8408205
0.9172155
0.8958535
0.9004379
0.9169468
0.8963401
0.8660198
0.898299
0.8562433
0.885388
0.8807306
0.9035845
0.8983063
0.9019671
0.8984093
0.901076
0.9019877
0.9063713
0.8981418
0.8909743
0.9131692
0.8974538
0.895296
0.8929081
0.8964844
0.8973951
0.8947215
0.8975686
0.8945619
0.8964977
0.9024849
0.8964116
0.8916731
0.8936442
0.8975711
0.8986442
0.8887018
0.8535947
0.8519001
0.9010666
0.8898485
0.8879333
0.894271
0.8929194
0.8924398
0.9035857
0.8921434
0.9032115
0.8548304
0.9050118
0.9017441
0.9114446
0.9065477
0.9014236
0.8993305
0.9105594
0.9027565
0.9045233
0.9035978
0.9058413
0.8391189
0.9014503
0.8858812
0.9038859
0.900969
0.898013
0.8694676
0.8691462
0.8722569
0.9012694
0.9098988
0.9092733
0.8582339
0.8602761
0.9017577
0.8826966
0.9080054
0.8661099
0.9000494
0.8974341
0.857542
0.9043666
0.8834849
0.9115677
0.9103248
0.9121387
0.911582
0.9082691
0.9091132
0.9207066
0.8817666
0.8968316
0.8854689
0.8996188
0.9023001
0.8875979
0.8959158
0.8820483
0.8389606
0.907187
0.8278464
0.9166072
0.8971919
0.898731
0.905292
0.903496
0.8754192
0.8980689
0.8671336
0.8898699
0.8788452
0.9058368
0.9057364
0.9010027
0.8956701
0.8983468
0.9006196
0.9033036
0.8937708
0.892941
0.9104076
0.8971491
0.8939001
0.8932116
0.895206
0.8969766
0.893888
0.8982141
0.8954458
0.8999713
0.8976341
0.8989117
0.8914263
0.8920965
0.893564
0.9064548
0.895544
0.8648317
0.8616205
0.9016758
0.892781
0.8891849
0.9012279
0.8988398
0.8983336
0.9074321
0.8947086
0.9054433
0.8655338
0.9004825
0.9015626
0.9022469
0.8983694
0.9030684
0.8996387
0.9094912
0.8992599
0.9021502
0.8994148
0.9016254
0.8367047
0.9007625
0.8859759
0.9063478
0.9030301
0.8994191
0.8703104
0.8697456
0.8714286
0.9005454
0.9035415
0.9063235
0.8630375
0.8668372
0.8982261
0.8901969
0.912576
0.8775911
0.8971881
0.8956916
0.8632677
0.9081177
0.8832829
0.9138552
0.9148458
0.9154681
0.9171735
0.914789
0.9146636
0.9149132
0.8892874
0.8954639
0.8943409
0.905007
0.901292
0.8944502
0.8981641
0.8832229
0.8744483
0.9059475
0.8405029
0.9174562
0.9000248
0.9011691
0.9031814
0.9136708
0.8630438
0.9179458
0.8201682
0.8899436
0.8993549
0.9231951
0.9231847
0.921881
0.9205258
0.923503
0.9221412
0.9222513
0.9209304
0.916546
0.9276966
0.9206912
0.9194416
0.9180102
0.9195246
0.9175558
0.9197917
0.9190156
0.9186699
0.9226663
0.9188085
0.9229194
0.9190128
0.9204694
0.9217416
0.9213471
0.8927236
0.8249897
0.8261246
0.9229148
0.8924567
0.9134835
0.9203189
0.8979335
0.8979678
0.921483
0.8970185
0.9267154
0.8443784
0.9225963
0.919676
0.91896
0.9203607
0.9185775
0.9188907
0.9255389
0.9187734
0.9178548
0.9207083
0.9228529
0.859224
0.9195266
0.8962663
0.9263699
0.9063744
0.9050949
0.8874736
0.8870402
0.8859272
0.9186867
0.9282985
0.9292765
0.8575008
0.8578682
0.9174576
0.8924789
0.9315341
0.8324858
0.9185353
0.9156999
0.8561086
0.9232138
0.889596
0.9172958
0.9173813
0.91606
0.9163415
0.9156826
0.9179415
0.9319896
0.8896764
0.9070145
0.8986961
0.909823
0.9204359
0.9144744
0.902932
0.8951185
0.8736197
0.9096787
0.8016554
0.92038
0.9000425
0.9003368
0.9186918
0.8998141
0.8378228
0.9002261
0.758774
0.8789218
0.8827508
0.9039314
0.9009093
0.9012302
0.8963631
0.9035169
0.9018742
0.9045712
0.8996032
0.8970652
0.9099701
0.895396
0.8926644
0.8900678
0.8956934
0.8966373
0.8927717
0.8974046
0.8970572
0.9010696
0.8992036
0.9010503
0.8974294
0.8932631
0.9001477
0.9019136
0.8845851
0.7637491
0.7653982
0.8994911
0.8825435
0.8931465
0.8979058
0.8895275
0.8889283
0.906059
0.8892175
0.9075688
0.8193466
0.9044916
0.8996661
0.9068738
0.9022583
0.9040023
0.9016964
0.9094767
0.9020949
0.8996561
0.8991293
0.8999786
0.8048553
0.899148
0.880992
0.9074784
0.8975982
0.8958954
0.8710949
0.8695382
0.8713514
0.901552
0.9091403
0.9086361
0.8274454
0.8313626
0.897614
0.8831922
0.9129282
0.7953959
0.9027205
0.8977426
0.8281947
0.906035
0.875364
0.9141209
0.9151143
0.9152872
0.9150799
0.9121109
0.9153822
0.9188329
0.8789699
0.8917025
0.8894125
0.9008722
0.9060017
0.8971158
0.8884766
0.8771366
0.8595563
0.9038514
0.6258543
0.9131833
0.8923683
0.8916729
0.9023276
0.9039714
0.8441174
0.8969508
0.7681802
0.8768827
0.8815072
0.9047226
0.9044208
0.902163
0.8962103
0.9030477
0.9032932
0.9049362
0.8986685
0.8971165
0.9136132
0.9003214
0.8965104
0.8921963
0.8970116
0.8978811
0.8963401
0.8982929
0.8969481
0.9026091
0.9003003
0.9005607
0.89873
0.8945872
0.897219
0.9030956
0.8875721
0.7679962
0.7722198
0.9000326
0.8824444
0.8926921
0.8994491
0.8915967
0.8918659
0.9086305
0.8930815
0.9095898
0.8243101
0.9010514
0.8995727
0.9061197
0.9002569
0.9002466
0.9007102
0.9061152
0.9032625
0.8997578
0.9002842
0.9008291
0.8045286
0.9023537
0.8812104
0.9094204
0.9005813
0.8982551
0.8713521
0.8707004
0.8724776
0.899975
0.9069437
0.9080271
0.8282114
0.8287195
0.9009266
0.8850741
0.9155104
0.7948381
0.9015229
0.8946823
0.8279938
0.9097594
0.8765026
0.9149686
0.9163795
0.9158361
0.9172909
0.9165883
0.9164204
0.9189084
0.8812392
0.8980439
0.8909666
0.9028314
0.9014745
0.8954152
0.8932077
0.8805473
0.8633025
0.9041583
0.6356472
0.9117867
0.8935918
0.8963089
0.899975
0.904667
0.8513153
0.9166372
0.8066746
0.8851726
0.9014452
0.9207914
0.9183681
0.9158039
0.9137181
0.9176881
0.9155049
0.9153354
0.9106077
0.9081538
0.9209479
0.9062963
0.9095711
0.9117342
0.9099454
0.9111277
0.909805
0.9122645
0.9106223
0.9126234
0.9191504
0.9123965
0.912574
0.9129644
0.9116787
0.9135008
0.8909188
0.8135921
0.8193921
0.9162341
0.8896877
0.9043403
0.9053073
0.8905042
0.8909297
0.9083727
0.8964158
0.9178746
0.8361143
0.9201273
0.9194918
0.9198972
0.9186696
0.9205379
0.9193796
0.9236763
0.9168037
0.9132217
0.9171078
0.9210673
0.8498616
0.9191498
0.8902259
0.9205628
0.9038773
0.9028155
0.8790197
0.8778886
0.8776451
0.9194772
0.9249848
0.9249348
0.8417799
0.8427743
0.9101264
0.8938274
0.9203061
0.823131
0.9192765
0.916815
0.8417485
0.9095336
0.8912981
0.9118907
0.9131931
0.9142718
0.9141764
0.9116571
0.9161733
0.9288794
0.8795224
0.9022543
0.896135
0.9028298
0.9195725
0.9097488
0.8982985
0.8841027
0.8683763
0.9115999
0.7850133
0.9130376
0.9017698
0.8969605
0.9189529
0.9052594
0.9105611
0.9230878
0.8968698
0.873153
0.8917374
0.9263906
0.9265034
0.9271122
0.9271241
0.9292595
0.9280357
0.9290293
0.9244296
0.9235453
0.9318725
0.9177681
0.9198088
0.9225327
0.9219933
0.919434
0.92001
0.9207573
0.923269
0.9267886
0.9305506
0.9241481
0.927633
0.9250792
0.9218343
0.9185079
0.891672
0.8999823
0.8995886
0.9248265
0.8732467
0.9184217
0.9171205
0.8887097
0.8887017
0.9166578
0.8772582
0.9288603
0.8959778
0.9265186
0.9252009
0.926616
0.9283893
0.92345
0.9234199
0.9319789
0.9233738
0.9216092
0.9227838
0.9265856
0.9022221
0.926712
0.8862214
0.9276594
0.9022752
0.9012781
0.8898348
0.8895972
0.8883125
0.9229525
0.9286432
0.9284046
0.8986043
0.902764
0.9179504
0.881931
0.9261621
0.9039135
0.9206068
0.9193214
0.901694
0.9155311
0.8728873
0.9129503
0.9131182
0.9142446
0.9144531
0.9149257
0.9132399
0.9323438
0.8846793
0.8961342
0.8838413
0.8675699
0.9256329
0.9078815
0.8727359
0.8754794
0.9052602
0.8991846
0.8963954
0.9177323
0.8512434
0.8872002
0.9223073
0.9178774
0.8614445
0.9204664
0.7444369
0.8942447
0.9040447
0.9243256
0.9212725
0.9235682
0.9213389
0.9241442
0.9264644
0.9249851
0.9231738
0.9232087
0.9251164
0.9222705
0.9215412
0.9202432
0.922735
0.9229324
0.9216263
0.923513
0.9238039
0.9295672
0.9261027
0.9258753
0.9224241
0.9195011
0.9242779
0.9257171
0.8930404
0.7268257
0.8109319
0.926081
0.9002001
0.9209209
0.9233774
0.9044959
0.905292
0.9288188
0.90219
0.92975
0.847979
0.9230158
0.9249175
0.9248347
0.9270898
0.923751
0.9263487
0.9257585
0.9271123
0.9261216
0.92494
0.9221542
0.8646968
0.9240253
0.902899
0.9304326
0.9074325
0.9059704
0.8885288
0.8898766
0.8894463
0.9211409
0.9310369
0.9309944
0.855942
0.8530735
0.9257637
0.9018189
0.930678
0.8239392
0.924073
0.9231139
0.8538012
0.9244556
0.8937114
0.9216954
0.9220336
0.92158
0.9228586
0.9211364
0.9220296
0.9342155
0.8937944
0.9109434
0.9057688
0.916447
0.9282984
0.9196559
0.9036657
0.9003087
0.8722057
0.912795
0.7905698
0.9216914
0.9062697
0.9041449
0.922146
0.9013844
0.8932926
0.9136413
0.8866913
0.8693482
0.8785353
0.9190244
0.9108633
0.9179555
0.9156849
0.916611
0.9170697
0.9140931
0.9114717
0.9098454
0.9168957
0.9078966
0.9107092
0.9099154
0.911075
0.9126763
0.9108654
0.912962
0.9108664
0.9144408
0.9169937
0.9153865
0.9093419
0.9114965
0.9083096
0.9176429
0.7675682
0.8915246
0.8857
0.9132999
0.8755371
0.9058307
0.9132409
0.8899929
0.8910055
0.9167684
0.8806392
0.9187185
0.8907717
0.9169348
0.9106269
0.9197659
0.911147
0.9095449
0.9133084
0.9187933
0.9117472
0.9136035
0.9154788
0.9148489
0.8812269
0.9153474
0.8778916
0.9207736
0.876891
0.874428
0.8805528
0.8791852
0.8796316
0.9106171
0.9196068
0.9183118
0.8888024
0.8914723
0.9109504
0.8786523
0.9216426
0.8905427
0.9111449
0.910325
0.8888417
0.914586
0.8717958
0.9157006
0.9156756
0.9155855
0.9166177
0.9149813
0.9181824
0.9299152
0.766885
0.8919242
0.8843219
0.8977933
0.9142446
0.9081412
0.8868503
0.8691392
0.8919683
0.893715
0.8736308
0.9177171
0.8894978
0.8852214
0.9107894
0.9024035
0.893063
0.9141817
0.8862999
0.8699294
0.8785397
0.9191791
0.9109825
0.918336
0.9164569
0.9169184
0.9172638
0.9133988
0.9113199
0.9100427
0.9168604
0.9086462
0.9104027
0.9097629
0.9109628
0.9123719
0.9104812
0.9124655
0.9099761
0.9152134
0.9164987
0.9155055
0.9089931
0.9113834
0.9085853
0.9172638
0.7665091
0.891724
0.886023
0.9127622
0.8745663
0.9061882
0.9128942
0.8912122
0.8923794
0.9173378
0.8798724
0.9187603
0.8897565
0.9166725
0.9111966
0.9203295
0.9108446
0.9095864
0.9133875
0.9181585
0.9133112
0.913834
0.9158586
0.9150039
0.8814745
0.9157681
0.8781803
0.9205824
0.8766129
0.874392
0.8796678
0.8784199
0.8787452
0.9107732
0.9210752
0.9196694
0.8890029
0.8913197
0.9114938
0.8781711
0.9215292
0.8900757
0.9107711
0.9099468
0.8880973
0.9152775
0.871554
0.916266
0.9163903
0.9164506
0.9172199
0.9150218
0.9190789
0.9296188
0.7653843
0.8929386
0.883692
0.8984914
0.9137519
0.9079511
0.8864179
0.8680349
0.8927941
0.8924537
0.873717
0.9177562
0.8901775
0.8860989
0.9101431
0.9023714
0.8935759
0.9149162
0.8864661
0.868868
0.8785077
0.9188049
0.9107955
0.9186059
0.9159631
0.9171145
0.917346
0.9134825
0.911907
0.9099715
0.917057
0.9080638
0.9107961
0.9101974
0.9115841
0.9127239
0.9110685
0.9129329
0.9102934
0.9147963
0.9174234
0.9158592
0.9098208
0.9118548
0.9090974
0.9178044
0.7658467
0.8915752
0.8856724
0.9135022
0.8745347
0.9061556
0.9125505
0.8900831
0.8910954
0.9165504
0.8810171
0.9187273
0.8895289
0.9172843
0.911316
0.9194749
0.9111563
0.9107036
0.9144576
0.9182767
0.9124042
0.9141053
0.9161658
0.9148579
0.8810776
0.9163051
0.877783
0.9208597
0.8765814
0.874401
0.8801213
0.8788744
0.8792805
0.9107795
0.9205414
0.9191724
0.8889321
0.89121
0.9115386
0.8785846
0.9213023
0.8898872
0.9113048
0.9104869
0.8884204
0.9145567
0.8716455
0.9161594
0.9161714
0.9158568
0.9165513
0.9151028
0.9183399
0.9294742
0.7653541
0.8934895
0.8837399
0.89819
0.914863
0.9076869
0.8861878
0.8685787
0.8927625
0.8924228
0.8738079
0.9183434
0.8892312
0.885472
0.9102258
0.9050603
0.9216844
0.9091502
0.915074
0.9139478
0.9168851
0.8806913
0.871844
0.8824699
0.8754135
0.8773939
0.880656
0.8780956
0.8645411
0.8641774
0.882093
0.850358
0.8609108
0.8725339
0.8640656
0.8611069
0.8613031
0.8615007
0.8629955
0.8562321
0.8803987
0.8615814
0.8633118
0.8678296
0.8613169
0.8801134
0.9251236
0.9131894
0.9103902
0.8618619
0.9224519
0.8867579
0.8542332
0.9199508
0.9201827
0.8550937
0.9096709
0.9035435
0.9108988
0.9159189
0.910022
0.916099
0.9124169
0.9162294
0.9150455
0.9177121
0.9095602
0.9050151
0.908191
0.9159583
0.8967834
0.9137116
0.9087968
0.9102407
0.9299895
0.928899
0.9085651
0.9070704
0.9078654
0.9153753
0.9066381
0.9071307
0.919335
0.9191572
0.8968717
0.9171231
0.9049323
0.9216278
0.9128963
0.9095524
0.9173743
0.8511741
0.9192934
0.9133237
0.9121844
0.9126678
0.9137626
0.9105786
0.9116544
0.9243146
0.9153233
0.917052
0.9153868
0.9178164
0.9131262
0.8953973
0.9193856
0.9145357
0.9246988
0.9309921
0.9009829
0.9169813
0.9286496
0.9231905
0.9170463
0.9132188
0.9285958
0.9082539
0.9196719
0.9226558
0.9195815
0.8847163
0.8816484
0.8854573
0.8778958
0.8844952
0.8834692
0.8851826
0.8748245
0.8697507
0.8867348
0.8708411
0.8745436
0.8746621
0.8744087
0.8751377
0.8738506
0.876756
0.8733844
0.8766179
0.8857915
0.8708018
0.8753715
0.8784651
0.8730399
0.8813423
0.9269779
0.921931
0.9180133
0.8724909
0.9254124
0.8961432
0.8765684
0.9223475
0.9230955
0.8733601
0.9247955
0.9096346
0.9193353
0.9175591
0.9127743
0.9150014
0.9102926
0.9162278
0.9142626
0.9188926
0.9099369
0.910357
0.9103509
0.9169504
0.9059439
0.9105269
0.9118031
0.9101816
0.9339112
0.9332876
0.9173736
0.9159239
0.9166959
0.9138234
0.9146856
0.9152891
0.923824
0.9263429
0.9047773
0.9192625
0.9203946
0.9254712
0.9126089
0.9099666
0.9252529
0.8761737
0.9206788
0.921372
0.9221236
0.9228937
0.9220263
0.9215903
0.9222682
0.9283733
0.9205287
0.921868
0.921157
0.921329
0.9146311
0.905509
0.9217304
0.9197395
0.9305689
0.9314061
0.9123276
0.9215218
0.9303784
0.9229652
0.9140279
0.9096804
0.9278823
0.9181988
0.9175878
0.9254865
0.9248185
0.9143773
0.9042499
0.9132752
0.9115028
0.9130794
0.9136106
0.9138979
0.9072157
0.9065029
0.9215658
0.897568
0.8995129
0.9032802
0.90004
0.9019622
0.8989806
0.9029359
0.9062295
0.8964794
0.9156857
0.9069486
0.9079685
0.9058402
0.9052067
0.9096711
0.9279578
0.920007
0.916075
0.909372
0.9255076
0.8924923
0.9022548
0.9278376
0.9278074
0.8981652
0.9232766
0.9056702
0.9143501
0.9264524
0.920188
0.9248155
0.9210461
0.9236652
0.9226821
0.9245542
0.9164651
0.9131705
0.9206747
0.9230197
0.9023222
0.9192354
0.9096193
0.9021869
0.9366478
0.9379009
0.9135948
0.9131631
0.9134069
0.9181074
0.9079311
0.9067292
0.9200435
0.9225847
0.8996273
0.9266094
0.9046519
0.9210462
0.9200812
0.9159389
0.9200632
0.8963751
0.9311073
0.9182538
0.9169308
0.9181361
0.9191862
0.9167225
0.9166286
0.9231017
0.9232039
0.9244936
0.9244993
0.9242942
0.9235002
0.9074315
0.9244568
0.922263
0.9223812
0.9373073
0.9095728
0.921262
0.9322772
0.9294516
0.9169984
0.9086314
0.9220417
0.9093023
0.9227226
0.9140405
0.9139017
0.9163256
0.9087923
0.9117247
0.9101661
0.9106855
0.9118828
0.9170668
0.9071112
0.906844
0.9175784
0.8997084
0.9056209
0.9051552
0.905901
0.9065698
0.9048025
0.9064695
0.9077425
0.9100842
0.9169942
0.9089518
0.9075705
0.9098796
0.907677
0.9054839
0.9249838
0.9199085
0.9184715
0.9116379
0.9207529
0.8948242
0.9020866
0.9155432
0.913943
0.9043999
0.9138798
0.9070288
0.9149206
0.919375
0.9125082
0.9187431
0.9133079
0.9176112
0.9142411
0.920528
0.9127685
0.9145311
0.913239
0.9180618
0.9005625
0.9141892
0.9093767
0.90369
0.9244883
0.9237453
0.9109763
0.9108207
0.9109066
0.9121426
0.9061186
0.9073828
0.9211236
0.9204708
0.895248
0.9180634
0.9055272
0.921252
0.9126064
0.910638
0.9187802
0.903819
0.9185265
0.9142552
0.9148658
0.9154097
0.9153539
0.9160397
0.9147593
0.9173299
0.9157884
0.9184222
0.9149556
0.9133864
0.9157008
0.9006301
0.9175439
0.917121
0.9249736
0.9259902
0.9126686
0.9174958
0.9189517
0.9202976
0.9120837
0.9174569
0.9268638
0.8923004
0.9197921
0.9164781
0.8986205
0.8930043
0.891971
0.8949155
0.894893
0.895537
0.8967942
0.8951779
0.8947079
0.8943536
0.9043064
0.8965924
0.8920858
0.8915818
0.8899139
0.8905
0.8925184
0.8919698
0.8956366
0.8978952
0.8966071
0.8947756
0.8882388
0.8903681
0.8961134
0.8985597
0.9185615
0.9166084
0.9159086
0.8958051
0.9141596
0.8790503
0.901296
0.9152495
0.9159729
0.9067247
0.9118801
0.8977171
0.9170767
0.8967707
0.8951363
0.9045519
0.8982789
0.8995327
0.8997631
0.9028292
0.9010355
0.9024643
0.8992209
0.8996836
0.8939592
0.8953434
0.9074715
0.8955235
0.9227601
0.9210563
0.9081382
0.908252
0.9089225
0.8934933
0.8900588
0.8938382
0.9194381
0.921178
0.8911637
0.915486
0.8951628
0.9251153
0.8955935
0.8913043
0.92085
0.9105088
0.9110905
0.9175442
0.9179331
0.9190907
0.9200196
0.9184465
0.9192919
0.9048808
0.9173244
0.9159304
0.9135867
0.9154015
0.8974331
0.8905977
0.9217166
0.9130312
0.9255788
0.9265656
0.9058698
0.9135128
0.9196019
0.9180184
0.8939438
0.9204358
0.9281606
0.8961861
0.9216757
0.9121767
0.9064387
0.9098736
0.9087096
0.9067019
0.9049229
0.9061091
0.9065332
0.9045547
0.9033586
0.9052141
0.9144108
0.9053484
0.9008489
0.8994087
0.9057249
0.9037394
0.9003974
0.9037548
0.9029623
0.9072508
0.9072395
0.9062201
0.9022721
0.9027711
0.9018937
0.9066131
0.9219235
0.9199493
0.9142163
0.9028023
0.9187478
0.8990353
0.9092949
0.9150232
0.91564
0.9157812
0.9065549
0.9036943
0.9180571
0.9032808
0.9043823
0.9065149
0.9078886
0.9067457
0.904121
0.9091756
0.9066974
0.9038614
0.9045015
0.9087531
0.9058469
0.9033276
0.9119033
0.9051982
0.9213662
0.9187176
0.9129201
0.9103339
0.9118715
0.8950538
0.9000261
0.9027317
0.9221136
0.9221605
0.9020879
0.917621
0.9093721
0.9255349
0.9014875
0.8976572
0.9211092
0.9137276
0.9103391
0.9191816
0.9199534
0.918031
0.9187803
0.9212346
0.9209405
0.9132362
0.9216386
0.9142998
0.9163341
0.918386
0.9073632
0.8989936
0.9190827
0.9111803
0.9285989
0.9271034
0.9138802
0.9171257
0.9163294
0.9200453
0.8958675
0.9058452
0.9219779
0.9141617
0.9188016
0.9171786
0.9231044
0.9063342
0.9051935
0.9063426
0.9034321
0.9041554
0.9056507
0.9127637
0.8991157
0.896278
0.9128263
0.8880925
0.8950107
0.8970926
0.8934607
0.8971819
0.8944685
0.897115
0.8969213
0.897451
0.9104978
0.9011611
0.9016236
0.8982356
0.9009668
0.902162
0.9279857
0.9220556
0.9143591
0.9031251
0.9263232
0.8814625
0.8894583
0.9208879
0.9199803
0.8896574
0.9138713
0.8973867
0.912446
0.9170992
0.9110299
0.918116
0.9122688
0.917911
0.9149819
0.9177323
0.9109309
0.9075624
0.9138693
0.9174473
0.899171
0.9172214
0.9056413
0.9017499
0.9345543
0.9323166
0.912207
0.911656
0.9125256
0.9097712
0.9021169
0.9018739
0.9148093
0.9182667
0.8891645
0.9201451
0.8985415
0.9251717
0.9107105
0.9112701
0.9152099
0.8893568
0.9209354
0.913025
0.9147723
0.9167138
0.9165811
0.9130574
0.9135483
0.918914
0.9216565
0.9245092
0.9167783
0.9122484
0.9148921
0.8981122
0.9258725
0.9133088
0.9266566
0.9339224
0.9100837
0.9176321
0.9273674
0.926099
0.9115907