0.924085
0.9093102
0.9144589
0.9128719
0.9009852
0.9227179
0.8307529
0.9036527
0.9073791
0.9092873
0.8448598
0.9311354
0.9206382
0.9033068
0.907187
0.849468
0.9130652
0.922849
0.9232352
0.9067903
0.9129732
0.8344669
0.9141499
0.84508
0.9103539
0.9142703
0.9141917
0.9102276
0.9093096
0.8998471
0.9299855
0.9201647
0.9202925
0.9113813
0.9134374
0.9090006
0.908006
0.9094132
0.9089942
0.9110388
0.9094551
0.9086093
0.9174834
0.9162676
0.9149172
0.9078062
0.9147868
0.9149729
0.9071256
0.9340956
0.9103259
0.9208838
0.9091138
0.8961798
0.9144835
0.8783616
0.8751459
0.9092823
0.8784549
0.8894474
0.9219405
0.9146003
0.9043412
0.8803192
0.8842581
0.8909491
0.9259505
0.9266023
0.8865246
0.9169075
0.8772456
0.8891751
0.8958728
0.9104819
0.8814531
0.9141498
0.8899076
0.9127981
0.8796776
0.9377455
0.9150603
0.8901042
0.9018083
0.9063407
0.898032
0.9126659
0.9115155
0.9115218
0.9111317
0.9124867
0.8823708
0.908174
0.9012501
0.9014562
0.8993679
0.8953711
0.8945159
0.8932146
0.9314286
0.9131738
0.9227919
0.9087274
0.9000469
0.9173396
0.8832245
0.886022
0.9128697
0.8849883
0.888425
0.9237576
0.9162674
0.9076124
0.8861099
0.8884115
0.8964962
0.9243851
0.9260586
0.8915186
0.9149049
0.8795654
0.8951542
0.8920761
0.9115856
0.8894573
0.9098169
0.8958929
0.91239
0.8854717
0.9354459
0.9131016
0.900398
0.9041839
0.9035793
0.9026068
0.9170903
0.915519
0.9153321
0.9145144
0.9157921
0.886231
0.915227
0.9072568
0.9059002
0.9008886
0.8980147
0.8965918
0.8932524
0.9320301
0.9144088
0.9227788
0.9139277
0.9038965
0.9178805
0.8817716
0.8871606
0.9125194
0.8845614
0.8937923
0.9232534
0.9173546
0.9067213
0.8877701
0.8910121
0.8959374
0.9270345
0.9284351
0.8951906
0.9156075
0.8815879
0.9002089
0.8948468
0.9153849
0.8903151
0.9134056
0.8999252
0.9121486
0.8853888
0.9346455
0.9146425
0.8984832
0.9082789
0.9062376
0.9058473
0.914422
0.9133597
0.9129004
0.9130749
0.914327
0.8915006
0.9114391
0.9100056
0.908505
0.9038283
0.8987539
0.8968125
0.8978393
0.9328382
0.9109861
0.9203232
0.9088284
0.8933324
0.9129811
0.873386
0.8765637
0.9095474
0.8741871
0.8884037
0.9161372
0.9115405
0.9017186
0.8755554
0.8828059
0.8883432
0.9259897
0.9268713
0.8854474
0.9113081
0.875345
0.8894272
0.8923066
0.9098134
0.882254
0.9104998
0.8866686
0.9132729
0.878665
0.9367764
0.9119058
0.8878763
0.9038434
0.9034321
0.8979636
0.9119742
0.9116352
0.911135
0.9103532
0.9120278
0.8819558
0.9092731
0.9053495
0.8994127
0.896518
0.8914381
0.8923797
0.8895996
0.9347
0.913798
0.9209565
0.9127224
0.8962449
0.9163724
0.8735407
0.8783825
0.912676
0.8777257
0.8875638
0.9185977
0.9124743
0.9045804
0.8790977
0.8831369
0.8899147
0.9258294
0.9274301
0.891194
0.9113536
0.8768048
0.892435
0.8919167
0.9127546
0.8828417
0.9129045
0.8885837
0.9168417
0.877733
0.936267
0.9114134
0.8878456
0.9029736
0.9054859
0.8988287
0.9133066
0.9131618
0.9122725
0.9115678
0.9129314
0.8827257
0.9090845
0.9058201
0.9011638
0.9002096
0.890136
0.8932351
0.891829
0.9331519
0.9091812
0.9215103
0.9092919
0.8969593
0.9188445
0.8761004
0.8831675
0.9079097
0.8830662
0.8870805
0.9195938
0.9145493
0.9050227
0.8843811
0.8832331
0.8932282
0.9252304
0.9290817
0.8916262
0.9125009
0.874668
0.8945837
0.8926603
0.9113075
0.8850024
0.9134548
0.8937886
0.914175
0.8843244
0.9367505
0.9131934
0.8951382
0.9002023
0.9086742
0.9010392
0.9110867
0.9106745
0.9104879
0.9100623
0.9110246
0.8870635
0.9117616
0.9021076
0.9040294
0.8996897
0.896935
0.8938976
0.8910013
0.934366
0.9139708
0.9193292
0.9114232
0.8945428
0.9155076
0.8746929
0.8809934
0.9135521
0.8793238
0.8873505
0.9203639
0.9119255
0.906394
0.8838515
0.8828273
0.8932582
0.9240395
0.9269871
0.886969
0.9167607
0.8751114
0.895998
0.8927672
0.912508
0.8874528
0.9129284
0.8940554
0.9145754
0.8817152
0.9390748
0.9147238
0.8912931
0.90435
0.9074399
0.9012403
0.9103817
0.9129522
0.9124942
0.909933
0.9115227
0.8868402
0.9081003
0.9047141
0.904594
0.9014201
0.8961807
0.8974081
0.8922778
0.9339861
0.9121859
0.9174403
0.9104056
0.8957267
0.917599
0.8790696
0.8783677
0.9117668
0.8798841
0.8845694
0.9209452
0.9126473
0.9063207
0.8836959
0.8834898
0.8917526
0.9260772
0.9279634
0.8907094
0.9149896
0.8770113
0.8957017
0.8898064
0.912075
0.8873323
0.9110413
0.8896666
0.9099758
0.881064
0.9366435
0.91403
0.8939875
0.9050595
0.9069352
0.8996766
0.913011
0.9144093
0.9141074
0.9125993
0.912832
0.8841938
0.9078349
0.9063259
0.9060271
0.9017103
0.8973383
0.8946266
0.893001
0.9346175
0.9063379
0.9180811
0.9076134
0.8953509
0.9122546
0.8760483
0.8768406
0.9043279
0.8746692
0.8864252
0.9176623
0.9160529
0.9005055
0.8770498
0.881592
0.8846264
0.9227024
0.9262253
0.8858456
0.9141378
0.8739187
0.8873436
0.887141
0.9121987
0.8821662
0.9079337
0.8879322
0.9131603
0.8710571
0.9374101
0.9098355
0.8882726
0.9036394
0.9025897
0.893004
0.9129579
0.9125181
0.9113215
0.9112814
0.9106408
0.8795696
0.9068097
0.9020796
0.901174
0.8952911
0.8914676
0.8910436
0.887789
0.9370819
0.9155993
0.9260936
0.9142229
0.9121769
0.9163515
0.909563
0.8536944
0.9151396
0.8359844
0.9200794
0.9246198
0.9215292
0.915383
0.8325032
0.9057963
0.8419631
0.9286569
0.9285966
0.89662
0.9231313
0.905114
0.8504838
0.9182727
0.9188338
0.8485762
0.9175375
0.8991011
0.9194793
0.8591134
0.9376064
0.9147645
0.8449296
0.9077187
0.909353
0.907745
0.9165445
0.9135249
0.9130248
0.9129423
0.9174076
0.8946094
0.9125435
0.911944
0.9079702
0.9086927
0.8660531
0.8635339
0.8735892
0.9360875
0.9134547
0.9259181
0.9148357
0.9073019
0.9178793
0.9065327
0.8586327
0.9120632
0.8345897
0.9120555
0.9272283
0.919896
0.9098995
0.8329366
0.9063732
0.8434095
0.9277953
0.9290494
0.8967707
0.9178682
0.9025188
0.8537561
0.917586
0.9156368
0.8571429
0.9174367
0.8992355
0.9169535
0.8606689
0.9394034
0.913684
0.855712
0.9068035
0.9054769
0.9074114
0.9168327
0.9157231
0.9156133
0.9138674
0.9162278
0.8975139
0.912046
0.908319
0.9077954
0.9105766
0.8635174
0.8632846
0.8711058
0.9077335
0.8901495
0.9025344
0.8933227
0.7626133
0.9206671
0.9132755
0.8997116
0.8905969
0.9007675
0.9198702
0.8626613
0.8169512
0.8925874
0.8961645
0.9088725
0.902632
0.8989651
0.9005224
0.8845313
0.8946749
0.9114641
0.9015731
0.922169
0.8944452
0.9000436
0.8791673
0.9100845
0.8900349
0.9045328
0.9128139
0.8992818
0.9033746
0.8842726
0.8878687
0.8792627
0.8942211
0.8948369
0.8947255
0.8920442
0.893452
0.9073366
0.9159452
0.9091327
0.9125803
0.8869678
0.9102997
0.907759
0.9119045
0.8996241
0.8899946
0.9046933
0.8992389
0.7851127
0.9237521
0.9197083
0.9176178
0.8923334
0.9216948
0.9243868
0.8792396
0.828467
0.896083
0.918441
0.9217524
0.9206905
0.8951869
0.8972431
0.9100014
0.8995323
0.922247
0.9184284
0.9230313
0.8948793
0.9198631
0.8866371
0.9186909
0.895581
0.9212049
0.901875
0.9061775
0.9214417
0.8913566
0.8994758
0.8918986
0.8961859
0.8940487
0.8936631
0.8929739
0.8961311
0.9284975
0.921456
0.916658
0.919135
0.9007644
0.9251772
0.9250939
0.9245243
0.9014219
0.8836605
0.8979592
0.8933094
0.7622283
0.9207738
0.9085289
0.9042153
0.884675
0.9067566
0.9138305
0.8603633
0.8172076
0.8826414
0.9031897
0.9092604
0.908602
0.8968589
0.9008317
0.8926332
0.8907153
0.9099112
0.9121227
0.9168371
0.8900122
0.9109099
0.8783628
0.9131075
0.8859268
0.9066815
0.9060956
0.9005184
0.9118259
0.8824141
0.888557
0.879467
0.8926999
0.8904984
0.8905858
0.8911635
0.889746
0.9161159
0.9156241
0.9149466
0.9135466
0.8866597
0.9137974
0.9152653
0.9134824
0.903202
0.8902173
0.9032235
0.8965789
0.7712465
0.9221337
0.9140366
0.9111765
0.8884746
0.913127
0.922188
0.8717524
0.8207949
0.8926404
0.9111476
0.9212902
0.9127248
0.896912
0.9004487
0.9031488
0.8936555
0.918027
0.9149547
0.9216648
0.8941702
0.9132217
0.8871243
0.9159395
0.8950363
0.9134187
0.9023654
0.9045828
0.9140631
0.8889798
0.8915745
0.8893504
0.8976848
0.8965272
0.8965345
0.8938368
0.8940912
0.9225284
0.9191194
0.9146934
0.9150576
0.8983736
0.9199264
0.916926
0.9203905
0.9017484
0.8947883
0.9041253
0.8942171
0.890398
0.9220496
0.9118921
0.9153004
0.8925902
0.9185222
0.9195208
0.9224207
0.9063742
0.8964539
0.9155271
0.9184439
0.9163051
0.9053552
0.9009148
0.9023109
0.8975934
0.9158577
0.9184874
0.9151984
0.8953864
0.9149913
0.8933094
0.9158704
0.8975311
0.917073
0.9093485
0.9065744
0.9172251
0.8964861
0.8968426
0.8866521
0.9002163
0.897772
0.898217
0.8979916
0.8978951
0.9204696
0.9208985
0.9177946
0.913112
0.89968
0.9165674
0.9184206
0.9222051
0.9019958
0.8906761
0.9003951
0.8885759
0.8801069
0.9183744
0.902514
0.8991488
0.8884645
0.899415
0.9139309
0.9115375
0.8974698
0.8898187
0.8967469
0.9099648
0.9037354
0.8992793
0.8996664
0.8842392
0.8909262
0.9060684
0.9066077
0.9148449
0.8943243
0.9018604
0.8853628
0.9072499
0.8905191
0.9031787
0.9105079
0.9029051
0.9032104
0.8838609
0.8899967
0.8828582
0.892896
0.8904662
0.8901921
0.8922637
0.8935631
0.9103986
0.9164986
0.912476
0.9115875
0.8893642
0.9061931
0.9067413
0.9115823
0.9226279
0.9132798
0.919549
0.9120305
0.9014304
0.9215085
0.8396212
0.9077577
0.9125614
0.9089285
0.8225373
0.9303438
0.920843
0.9072728
0.90696
0.817538
0.9119492
0.9269343
0.9250942
0.9035694
0.9164899
0.8461394
0.9178271
0.8524859
0.9094534
0.9145716
0.915579
0.9089786
0.9099905
0.9015004
0.9308847
0.9171001
0.9172342
0.9137439
0.9160244
0.9108347
0.9103123
0.9115871
0.9116315
0.913077
0.9132691
0.9089251
0.9144771
0.9154107
0.9152408
0.9089983
0.9112103
0.9132646
0.9076023
0.9060494
0.8933998
0.9069217
0.8987839
0.8407335
0.9205593
0.9189236
0.9145974
0.8933682
0.9199034
0.9206627
0.8983523
0.8755601
0.8984969
0.9190518
0.919507
0.919175
0.9012048
0.904606
0.8989878
0.8980406
0.9200153
0.9206571
0.9204999
0.8964421
0.917466
0.8950298
0.9164671
0.9040221
0.9190689
0.9119308
0.9088505
0.9195649
0.8956102
0.8989049
0.894148
0.8949319
0.8942891
0.8942186
0.8930651
0.8942148
0.9307088
0.9172713
0.9139699
0.9142682
0.8999965
0.9167516
0.91964
0.9226914
0.8829389
0.853981
0.8760042
0.8729343
0.8854742
0.9221188
0.9067824
0.9214965
0.852927
0.9245623
0.9107005
0.921629
0.9041221
0.8501948
0.9193071
0.9108998
0.919048
0.8545515
0.854253
0.8959294
0.8517888
0.9064733
0.9218501
0.9041351
0.8393362
0.9163066
0.8751491
0.9151904
0.8511792
0.9205168
0.8898477
0.8812748
0.9241718
0.895124
0.8704817
0.8400526
0.8503503
0.8504394
0.8502365
0.8486384
0.8473114
0.9311793
0.9135687
0.9165468
0.9111319
0.859885
0.9210517
0.9181435
0.9211308
0.9327032
0.9095529
0.9281407
0.9124027
0.9139168
0.8840125
0.9167855
0.9020737
0.9105691
0.8979405
0.9231081
0.9270105
0.9236039
0.9150435
0.8933281
0.9151439
0.8980385
0.9225911
0.927206
0.8970665
0.9220876
0.9212491
0.9030443
0.9213191
0.919779
0.8867393
0.9154185
0.9014275
0.9210847
0.9021449
0.9330402
0.9145322
0.8986379
0.9045858
0.904729
0.909403
0.92065
0.9187092
0.9188987
0.9194387
0.9206592
0.9085344
0.8802449
0.8814669
0.8900162
0.9180768
0.9033989
0.902268
0.9057281
0.9045104
0.8858935
0.9047703
0.8887363
0.8724954
0.9146572
0.9041367
0.8922068
0.8832051
0.8901035
0.9132641
0.9049774
0.8998943
0.8829857
0.8902002
0.9064497
0.8943738
0.8964574
0.8981324
0.8782564
0.8904237
0.9072701
0.898431
0.9125058
0.8877945
0.8892664
0.8787017
0.8999896
0.8835399
0.8949072
0.9099172
0.8985813
0.8960816
0.8730503
0.8757468
0.8759814
0.8900223
0.891796
0.8921611
0.8886416
0.8917602
0.9019954
0.9066792
0.9060887
0.9069759
0.8854811
0.9015239
0.9018179
0.9098794
0.9008129
0.8850424
0.8992073
0.896533
0.8816644
0.9179154
0.9086943
0.8994305
0.884726
0.9014961
0.9173321
0.9108161
0.9010766
0.8884225
0.8965087
0.9099755
0.9030485
0.9019874
0.9018249
0.8843572
0.8949238
0.9104049
0.9038148
0.9163518
0.8898339
0.8978741
0.8830168
0.9036073
0.8923404
0.9030071
0.9096715
0.9021582
0.900989
0.8873585
0.8880404
0.8801623
0.8925898
0.8933319
0.8936593
0.8908775
0.8925357
0.9079113
0.9130631
0.9118628
0.9097273
0.8852757
0.9065709
0.9074074
0.9130357
0.8999073
0.8844754
0.8947653
0.8856338
0.8693425
0.9183928
0.8970325
0.8978075
0.8805305
0.8943706
0.9040262
0.9075793
0.8913854
0.8752077
0.8974359
0.8998925
0.8980644
0.8969471
0.9002896
0.883581
0.8885041
0.8960695
0.9066609
0.9029361
0.8866378
0.8945959
0.8782729
0.9028374
0.8860718
0.8993127
0.9095495
0.8986539
0.9067895
0.8805802
0.8884448
0.8780747
0.8843604
0.8849149
0.8850855
0.8844252
0.8860944
0.9087921
0.9093764
0.9116238
0.9094155
0.8827636
0.9026246
0.9052978
0.9051649
0.9014014
0.8812004
0.8977428
0.8825538
0.8605689
0.9154866
0.8859617
0.8926708
0.8784215
0.8961895
0.8894706
0.9055021
0.892413
0.8802752
0.8986484
0.8955783
0.9011021
0.9015966
0.9004509
0.8836492
0.8884154
0.8848358
0.905603
0.8934334
0.8881684
0.8968626
0.8821143
0.8968315
0.8829377
0.8916897
0.9098708
0.8968959
0.9068004
0.8824702
0.8823379
0.8784249
0.8846322
0.8840897
0.8837726
0.8846966
0.8860023
0.902517
0.9099605
0.9054561
0.9090463
0.8805894
0.9068932
0.9037634
0.9044997
0.9246759
0.9113417
0.915898
0.9051866
0.9010428
0.9218213
0.825215
0.895779
0.907362
0.9023524
0.7787005
0.9270308
0.9159156
0.9019474
0.9013644
0.7841465
0.9127018
0.9247911
0.9254397
0.8999568
0.9153244
0.8284913
0.9120745
0.8397536
0.9085924
0.9101857
0.9149771
0.9082505
0.9038215
0.893497
0.9345772
0.9141773
0.9184597
0.9086423
0.9092525
0.9077054
0.9056167
0.9055925
0.9058329
0.9049415
0.9072297
0.9031005
0.9158626
0.917933
0.912299
0.9028124
0.9042357
0.9065207
0.9033586
0.9380019
0.9144837
0.9272598
0.9141924
0.9077526
0.9156108
0.9157966
0.8894637
0.9140588
0.8836228
0.9222872
0.9213076
0.9247213
0.9157151
0.8855149
0.9167505
0.8861427
0.9238519
0.9268839
0.885419
0.9200157
0.9155216
0.893453
0.9235761
0.9180972
0.8856863
0.9160622
0.9001745
0.9198367
0.8878477
0.9412298
0.9153554
0.8829396
0.9090549
0.9051108
0.9022469
0.9211178
0.919148
0.919115
0.9168105
0.9200818
0.8962735
0.912116
0.9052103
0.9051197
0.9130247
0.8954873
0.9037255
0.9042738
0.9399082
0.9200842
0.9315093
0.9173827
0.9068392
0.9168447
0.9098696
0.8162335
0.918972
0.8432665
0.9099864
0.921061
0.9236969
0.9227935
0.850029
0.9046811
0.8569468
0.9311883
0.9343148
0.8918859
0.9247335
0.9091602
0.8683842
0.9157769
0.9273231
0.8511788
0.9203324
0.9049817
0.917941
0.8264763
0.943282
0.9213519
0.8619724
0.9129645
0.9162664
0.9106045
0.9258471
0.9219901
0.9220724
0.922555
0.9239841
0.8943382
0.9109686
0.9115101
0.9114362
0.9130606
0.8656614
0.8615798
0.8742709
0.930575
0.9084375
0.9226195
0.9116132
0.9047499
0.9191525
0.8866265
0.8634137
0.908248
0.8466816
0.8952588
0.9260011
0.9209934
0.9069128
0.8447361
0.8994179
0.8487064
0.9254304
0.9269554
0.8942854
0.921945
0.8884625
0.8587783
0.9024461
0.9101997
0.8648474
0.913702
0.9012019
0.9121829
0.8579465
0.9388914
0.9163386
0.8671845
0.9092238
0.9083546
0.9048975
0.9123599
0.9115529
0.9117152
0.9120624
0.9105414
0.8932054
0.9126346
0.9140979
0.9066039
0.9012769
0.8654036
0.8637562
0.8692392
0.9289063
0.9067151
0.9193205
0.9086677
0.901598
0.9183908
0.8880355
0.8574941
0.905187
0.8443647
0.8941598
0.9262095
0.9181315
0.9044634
0.8460736
0.8980005
0.8515977
0.9221164
0.9231149
0.8893057
0.9181963
0.8876719
0.8549322
0.9010993
0.9073354
0.8623602
0.9123896
0.8973326
0.9128419
0.851476
0.9370583
0.9145419
0.8611791
0.9053301
0.9051705
0.9007912
0.9096288
0.9092115
0.9092571
0.9085143
0.9085495
0.8896251
0.9113746
0.9133198
0.906726
0.9008145
0.8624439
0.8616596
0.8677596
0.9003572
0.867741
0.8812771
0.8835151
0.8925684
0.9239869
0.9112895
0.9143782
0.8698424
0.918493
0.9148317
0.9220504
0.9092609
0.8655745
0.9185862
0.9160917
0.9176153
0.8715299
0.8690958
0.9006954
0.8671457
0.9132985
0.9154147
0.909974
0.8678263
0.9139267
0.8871824
0.9150899
0.842269
0.9149682
0.9041268
0.898702
0.9181059
0.8997234
0.8763709
0.8715241
0.845872
0.8475828
0.8472535
0.8461794
0.8441736
0.9272047
0.9165191
0.9142817
0.9121934
0.8774492
0.9171927
0.9141827
0.9155351
0.933213
0.9093066
0.9260799
0.9105447
0.8981851
0.9153844
0.8848389
0.8859614
0.9085246
0.8855656
0.8984961
0.9212291
0.9174501
0.9079672
0.8851298
0.8946398
0.8945887
0.9255674
0.9280399
0.8900712
0.9169582
0.8851605
0.8954361
0.9006389
0.9167009
0.886923
0.9134883
0.8969226
0.9125526
0.8858715
0.9335845
0.9126466
0.893386
0.9058711
0.9025751
0.9030842
0.9124991
0.9128826
0.9127395
0.9122513
0.9125129
0.8857559
0.9085384
0.9042292
0.9016187
0.9078482
0.9000458
0.8966225
0.89661
0.9283791
0.9106476
0.9242008
0.9080844
0.9090941
0.9188685
0.851384
0.9001979
0.9087892
0.9071642
0.8664668
0.9244331
0.9234945
0.9056863
0.90391
0.8599526
0.9026034
0.924569
0.9249126
0.9023493
0.9133368
0.8541898
0.907817
0.8558515
0.9120944
0.9051844
0.9151333
0.9060141
0.9119313
0.8995304
0.9313865
0.916943
0.9097418
0.9126348
0.9092753
0.9056108
0.9104327
0.9115075
0.9123473
0.9110941
0.9109415
0.9064495
0.9134143
0.9120933
0.9083846
0.9077975
0.9024634
0.9010529
0.9046453
0.9261869
0.9050875
0.9147896
0.9074187
0.9015247
0.9210726
0.8089182
0.8981209
0.905956
0.8997626
0.8439546
0.9254105
0.9194863
0.9056359
0.8997656
0.8380284
0.9019686
0.9187106
0.9215666
0.9012734
0.913756
0.8198584
0.9087198
0.8298192
0.9108992
0.9013225
0.9111072
0.9024902
0.906386
0.890034
0.9332365
0.9126139
0.9133384
0.9060925
0.9073895
0.9017088
0.9032536
0.9042911
0.9048863
0.9049696
0.9044123
0.9034465
0.9146227
0.9159554
0.9078171
0.8992067
0.90887
0.9049757
0.9035384
0.9199552
0.9052327
0.912408
0.911495
0.9066861
0.9231325
0.8117792
0.9108537
0.9043792
0.9132593
0.84287
0.932159
0.9216922
0.9042469
0.9164659
0.8506039
0.9168063
0.9230823
0.9232437
0.905537
0.9165057
0.8184643
0.9183979
0.8319715
0.9093567
0.9161666
0.9152429
0.9084634
0.9068378
0.9041923
0.9303073
0.916481
0.9255445
0.9123931
0.9166873
0.9126444
0.908285
0.9072874
0.9070604
0.9079953
0.9061999
0.9125096
0.9147357
0.9199944
0.9197146
0.9083165
0.9132877
0.9149989
0.9077999
0.9330484
0.9170808
0.9246086
0.9142121
0.9037861
0.9165536
0.8973012
0.8154781
0.9160864
0.850631
0.9048691
0.9262292
0.9210941
0.9127988
0.8568431
0.9020291
0.8573428
0.9281418
0.9304396
0.897168
0.9206768
0.8964587
0.8720761
0.9101378
0.9159035
0.8641045
0.9167811
0.9038899
0.9152566
0.8217374
0.9387305
0.9217428
0.8753481
0.9120801
0.9129162
0.9085968
0.9134307
0.9120468
0.9129831
0.9115069
0.9130574
0.8996522
0.9109074
0.9132648
0.9132019
0.9125969
0.8717862
0.8727983
0.8767516
0.9418295
0.926077
0.9348303
0.9221713
0.9156774
0.9218865
0.9019993
0.8966075
0.9241963
0.9006731
0.9106079
0.9335209
0.9331268
0.9222379
0.8942867
0.9104575
0.9038433
0.9365281
0.9379361
0.9070339
0.9304542
0.9006427
0.9100235
0.9154258
0.9252343
0.9073436
0.9258563
0.8992176
0.924386
0.8980713
0.9445916
0.9197986
0.9065744
0.9188117
0.9185434
0.9196949
0.9232039
0.9240198
0.924218
0.9223489
0.9240225
0.8933777
0.9182001
0.9142692
0.9162319
0.9164837
0.9091749
0.9132688
0.9126687
0.9315441
0.9143703
0.920467
0.9138092
0.9080719
0.9198569
0.8916226
0.8848358
0.9136793
0.8737941
0.8934331
0.9289296
0.9252787
0.9055519
0.8796674
0.9043584
0.8827888
0.9276652
0.9284312
0.9055443
0.9153623
0.8925677
0.8853152
0.8972348
0.9104869
0.8750047
0.9181466
0.8994577
0.9164389
0.8726875
0.9375864
0.9194812
0.8831767
0.9120244
0.910329
0.9106025
0.9136098
0.9108624
0.9109467
0.9119546
0.9127704
0.8957205
0.9141239
0.9147588
0.9140633
0.9077187
0.8815888
0.8810313
0.8822174
0.9304771
0.9131377
0.9287617
0.9091539
0.9030532
0.9146014
0.9192309
0.8926851
0.9116116
0.8896087
0.9277309
0.9222836
0.9198877
0.917622
0.8880782
0.9179787
0.8893029
0.9219145
0.9254888
0.8908018
0.91861
0.9223189
0.8946468
0.9278051
0.9177692
0.8852731
0.9130201
0.9024754
0.9146526
0.8963201
0.9313657
0.9138764
0.883963
0.9035639
0.8991686
0.9016411
0.9167506
0.9150032
0.9151266
0.9132817
0.9158656
0.9015369
0.9076557
0.9021715
0.8990113
0.9101476
0.8997957
0.8949992
0.9050337
0.9339471
0.9110026
0.9298902
0.9099608
0.9084062
0.913084
0.9231242
0.8919291
0.9083652
0.8887241
0.9312236
0.922936
0.9222941
0.9199649
0.8865278
0.9198751
0.888418
0.9192461
0.9211327
0.8914475
0.9221825
0.9249909
0.8933872
0.9320399
0.9201066
0.882905
0.9108215
0.9015897
0.9172612
0.8952078
0.9329366
0.9130043
0.8782777
0.9046084
0.9009831
0.9030744
0.9229568
0.9203768
0.9205397
0.9195448
0.9193184
0.9077188
0.9079896
0.9011359
0.8983836
0.9116378
0.8994909
0.894869
0.9011137
0.934211
0.91234
0.9269349
0.9105992
0.908299
0.9125948
0.924907
0.8897243
0.9110399
0.885497
0.9273175
0.9219107
0.921311
0.9199622
0.8861335
0.916751
0.8907198
0.923391
0.9229776
0.8841892
0.9201895
0.923035
0.8958816
0.9296683
0.9218592
0.8855876
0.9151622
0.9022446
0.9160281
0.8968236
0.934263
0.91705
0.8809888
0.9024577
0.9013794
0.8983656
0.9225421
0.9222762
0.9224759
0.9192338
0.9202959
0.9034994
0.9090194
0.902456
0.9006249
0.9152837
0.9006053
0.8923236
0.9055821
0.931452
0.9147057
0.9311461
0.9121962
0.9080723
0.9112439
0.9233849
0.8922117
0.9130592
0.8926643
0.9287391
0.9207797
0.9208725
0.92276
0.8868681
0.9215278
0.8866927
0.9208641
0.9234979
0.887797
0.9188986
0.9248463
0.8926581
0.9327451
0.9236281
0.882141
0.9134045
0.9034028
0.9193369
0.8972736
0.9326794
0.9137186
0.8846329
0.906138
0.9017687
0.9050748
0.9196496
0.9200461
0.9200519
0.9172737
0.9202434
0.9043122
0.9099234
0.9016766
0.8963957
0.9081103
0.9025979
0.8957983
0.9058828
0.9337476
0.9127028
0.9282129
0.9090374
0.906815
0.914886
0.9195212
0.8886051
0.9104854
0.8869862
0.9294336
0.9224828
0.9199885
0.9189268
0.8816387
0.9212644
0.8872353
0.9226152
0.9220055
0.8858336
0.9170998
0.921186
0.8920606
0.9303418
0.9185996
0.8819447
0.9177131
0.9038723
0.9213621
0.8975314
0.9340652
0.9118545
0.8831268
0.9051938
0.8980611
0.9008876
0.9200014
0.919148
0.919467
0.9187507
0.9193858
0.9019713
0.9094459
0.8978552
0.9015925
0.9126563
0.901236
0.8935483
0.9059343
0.9339296
0.9127468
0.9286122
0.9098163
0.911249
0.9147661
0.9254392
0.8953405
0.910103
0.8873553
0.9287214
0.9252788
0.9229619
0.9176479
0.8918064
0.9215433
0.8920887
0.919756
0.9205398
0.8889926
0.9198423
0.922329
0.8948863
0.9300032
0.9215467
0.8872388
0.9134142
0.9027401
0.9196229
0.9028228
0.9344707
0.9146202
0.8845788
0.9069346
0.9029785
0.9011843
0.9186105
0.916507
0.9165522
0.9156818
0.9168233
0.9062251
0.9087242
0.9053669
0.8989052
0.9100969
0.9030493
0.8971442
0.9051179
0.9314537
0.9089295
0.9273503
0.9093193
0.9042584
0.9171273
0.9221205
0.8955246
0.9090942
0.8956596
0.9273868
0.9209845
0.9218036
0.9144069
0.890431
0.9172436
0.8920837
0.9227593
0.9238817
0.8904059
0.9188051
0.9194733
0.8934271
0.9248723
0.9170303
0.8867584
0.910451
0.9031468
0.9167205
0.8992075
0.9329003
0.9125671
0.8875604
0.9035731
0.8991397
0.9000475
0.9180381
0.9163339
0.9164958
0.9145767
0.9152445
0.9051516
0.90871
0.9046148
0.9005239
0.9111359
0.9034718
0.8940876
0.9053646
0.9327436
0.9115383
0.9296531
0.9100661
0.9068023
0.9146784
0.9214106
0.8907528
0.9103922
0.8862189
0.9294538
0.9237361
0.9210168
0.9214268
0.881376
0.9187909
0.8896531
0.9216688
0.9219115
0.8865379
0.9189958
0.9228977
0.8935907
0.9324826
0.9185839
0.8851256
0.9096575
0.9033898
0.9176377
0.8957344
0.9340461
0.9139866
0.8805089
0.9004973
0.8993127
0.9010787
0.9231436
0.9203444
0.9203892
0.9197123
0.9208937
0.9027974
0.908612
0.9016954
0.8978725
0.9091539
0.9015123
0.8955774
0.9009846
0.9331197
0.9115151
0.9301015
0.9106406
0.9069264
0.9111262
0.9207134
0.8862505
0.909767
0.8862496
0.9284435
0.9194911
0.9213681
0.9176423
0.8814792
0.9148139
0.8871345
0.9225281
0.9248651
0.8831601
0.9205525
0.9227877
0.894723
0.9275547
0.9201936
0.8828966
0.9122775
0.90165
0.917317
0.8934913
0.9356702
0.9083189
0.8799646
0.9055805
0.900396
0.8995231
0.9208082
0.9172426
0.9173668
0.9173569
0.9174819
0.9006864
0.9101087
0.9002253
0.8964864
0.9128993
0.8981513
0.8933765
0.9053526
0.9311157
0.912239
0.9273813
0.9099252
0.9059688
0.9156794
0.9241044
0.8932882
0.910293
0.8869258
0.9328931
0.9227543
0.9192057
0.9185226
0.8840834
0.9192677
0.8901534
0.9203207
0.9227051
0.8894571
0.9214188
0.9244877
0.8931841
0.9313328
0.9181954
0.8851096
0.9088429
0.9014566
0.9164214
0.8972936
0.934325
0.9130795
0.8797461
0.9032636
0.9006848
0.9026513
0.9209361
0.9192576
0.9198519
0.9195648
0.9195352
0.9056856
0.9063074
0.9017301
0.8979755
0.9116381
0.9027007
0.8959344
0.9031102
0.9317453
0.90943
0.9305334
0.9091869
0.902849
0.9127514
0.9216483
0.8930586
0.9078943
0.8911028
0.926882
0.9199773
0.9211422
0.9180429
0.8895814
0.9200601
0.8926847
0.9202498
0.9231043
0.8911302
0.921181
0.9185617
0.8929582
0.9255185
0.9202114
0.8872017
0.9119607
0.9032498
0.9144491
0.901604
0.9299975
0.9136755
0.8865773
0.9012963
0.8959313
0.9027171
0.9186092
0.9184619
0.9185066
0.9176804
0.917143
0.90311
0.9088908
0.9035649
0.896589
0.9089201
0.9044713
0.8977648
0.9028879
0.9354011
0.9185474
0.9306685
0.9122128
0.9124432
0.9124224
0.9253048
0.89171
0.9177642
0.8827647
0.9342129
0.9236378
0.9222218
0.9233213
0.8785428
0.9245686
0.8855408
0.9266062
0.9277794
0.8803133
0.9230047
0.9261355
0.8927113
0.9332874
0.925603
0.8812219
0.9122086
0.9030899
0.9218971
0.8959139
0.9374911
0.9159407
0.8797361
0.9056493
0.900286
0.9049745
0.9228059
0.9217154
0.9218778
0.9195883
0.9225015
0.898539
0.9083042
0.9016612
0.8993435
0.9083235
0.8997775
0.891005
0.9070149
0.9323404
0.9124727
0.9283339
0.9082131
0.9076351
0.9130729
0.9224175
0.8947707
0.9107761
0.8893288
0.9296271
0.9246129
0.9214426
0.9164753
0.8885441
0.9224132
0.8948272
0.9216305
0.9235347
0.8867062
0.9176411
0.9211713
0.8924554
0.9324582
0.9154453
0.8840299
0.9136527
0.8996201
0.9145909
0.9039961
0.9348463
0.9112785
0.8830441
0.9017493
0.8963962
0.8994703
0.9182706
0.9163195
0.9166003
0.9154144
0.9166757
0.9092801
0.9108621
0.9008152
0.8986063
0.9127424
0.9013969
0.899855
0.906405
0.9321504
0.9082391
0.9227997
0.9072218
0.9060073
0.9141839
0.9220807
0.8924813
0.9084855
0.8885358
0.927897
0.9231704
0.9214135
0.914727
0.8866461
0.9195431
0.8910293
0.9216018
0.9209123
0.885112
0.9182651
0.9201563
0.8929269
0.9277021
0.9169398
0.883426
0.9135633
0.8977506
0.9169806
0.8975652
0.933494
0.9125516
0.8828188
0.9041091
0.8978089
0.8956737
0.9165425
0.9163156
0.9168724
0.9161557
0.9172624
0.901712
0.909908
0.9008505
0.8971545
0.9069682
0.9057371
0.897992
0.9053175
0.9361541
0.9146587
0.9260256
0.9159559
0.9108479
0.9234392
0.9041081
0.8628075
0.912356
0.8441121
0.9128457
0.9261352
0.9257795
0.9109508
0.8426146
0.9113189
0.8518085
0.9314565
0.9327696
0.8973904
0.9240374
0.9045116
0.8628466
0.9163731
0.9197302
0.860198
0.9180253
0.903609
0.9192619
0.8629522
0.938499
0.9189762
0.8659899
0.9152304
0.9127765
0.9098369
0.9167049
0.9146445
0.9146121
0.9138382
0.9146475
0.9017446
0.9155374
0.9198536
0.9106338
0.9090264
0.8619155
0.8621776
0.8707382
0.9333149
0.9153471
0.9253434
0.9157992
0.9070504
0.9202054
0.9083407
0.86429
0.9148545
0.8449784
0.9118851
0.9258682
0.9241319
0.9111444
0.8417089
0.9122422
0.8484389
0.9294444
0.9325017
0.8975147
0.9257171
0.9035268
0.8655465
0.9131226
0.9208308
0.8589685
0.9200991
0.9062391
0.9184979
0.8625853
0.937249
0.9179958
0.8645943
0.9134744
0.9110748
0.9124628
0.919335
0.9156775
0.9163342
0.9157141
0.9177068
0.9011768
0.9150463
0.9161138
0.9090337
0.9106871
0.8653138
0.8654229
0.8694485
0.9053814
0.8981922
0.9075882
0.905764
0.828487
0.9261939
0.9216346
0.9183139
0.897189
0.922022
0.9264208
0.8971636
0.8622306
0.9032417
0.9202305
0.9255855
0.9208335
0.9047768
0.9053083
0.9104273
0.9016245
0.9258156
0.9215276
0.9246544
0.9030431
0.9245052
0.8950284
0.9237018
0.902193
0.9210813
0.9059562
0.9113437
0.92495
0.8969635
0.903628
0.896525
0.9006823
0.9006222
0.900861
0.8991703
0.8987676
0.9319034
0.9250093
0.9223776
0.9236734
0.9045389
0.9280688
0.9281937
0.9249478
0.908225
0.9028935
0.9099055
0.905484
0.8470367
0.9276695
0.9264575
0.9251461
0.9040947
0.9242313
0.9287618
0.9018262
0.8708602
0.9074746
0.925621
0.9250971
0.9204387
0.9039228
0.9054125
0.9116893
0.9056288
0.9266271
0.9242578
0.9291418
0.9045725
0.9220775
0.9001748
0.9296656
0.905595
0.9249965
0.9145113
0.9182272
0.9278426
0.9030187
0.9082244
0.8993759
0.9045228
0.9043457
0.9039677
0.9042042
0.9022683
0.9309978
0.924673
0.9286474
0.923698
0.9049869
0.9260036
0.9268927
0.9258743
0.9034382
0.882267
0.8988546
0.8884344
0.883204
0.9159786
0.9025879
0.8978532
0.8823164
0.9048916
0.9107137
0.9108269
0.8999466
0.8834837
0.896348
0.9081622
0.8999891
0.8966742
0.8969812
0.8792493
0.8901428
0.9055447
0.8991116
0.9074041
0.8843525
0.8987634
0.8802526
0.9016193
0.8864692
0.8990372
0.912408
0.8909519
0.9035656
0.8873534
0.881565
0.8792504
0.891224
0.8881464
0.8882353
0.8874533
0.8897632
0.9092521
0.9108382
0.9078399
0.9064816
0.8858761
0.9031541
0.9020555
0.9119531
0.9003907
0.8921803
0.9017198
0.8999359
0.7809203
0.9212749
0.9187764
0.9104317
0.8928597
0.9134697
0.9228803
0.8779754
0.827741
0.8925804
0.9109897
0.9172207
0.9116429
0.897667
0.9004975
0.9022184
0.8970354
0.9196112
0.9123311
0.9223291
0.8967103
0.9109684
0.8889678
0.9158949
0.897871
0.9133749
0.9086093
0.9053495
0.9136693
0.8895557
0.8936527
0.8907623
0.8940447
0.8942232
0.8939156
0.8933428
0.894227
0.9234419
0.9194033
0.9148765
0.9185827
0.8937267
0.9204863
0.9188312
0.9207572
0.8864233
0.8476925
0.8732178
0.8713521
0.8877654
0.9242943
0.9074257
0.9206013
0.8464509
0.9194681
0.911658
0.9227088
0.9020079
0.8468238
0.9204529
0.9135859
0.9198398
0.8409151
0.8419454
0.8963188
0.8407899
0.9100522
0.9171981
0.9043485
0.8333967
0.9169053
0.8732333
0.9121743
0.8489193
0.9166786
0.8933029
0.8814191
0.9205144
0.8878961
0.8714265
0.8377521
0.8387706
0.8351757
0.8347912
0.8369073
0.8364152
0.9273036
0.9115413
0.9110074
0.9081294
0.8555263
0.9188871
0.9162713
0.9207798
0.8847508
0.8787388
0.8891341
0.8856598
0.8780576
0.9230352
0.9092177
0.9136247
0.8787072
0.9167637
0.9133076
0.9159143
0.8990408
0.8817818
0.9154326
0.9123375
0.9166901
0.8909639
0.8933046
0.9008526
0.8862303
0.908018
0.9193962
0.9102569
0.8806701
0.9170171
0.8738748
0.9133762
0.8850164
0.9135649
0.8936769
0.8988921
0.9224089
0.8621827
0.8885832
0.8850089
0.8799137
0.8835943
0.8829223
0.8841518
0.8826377
0.9250956
0.9154689
0.914226
0.9189678
0.8777798
0.918897
0.9186138
0.9211817
0.9018853
0.8916249
0.9018623
0.8994643
0.7894961
0.9247061
0.9123008
0.9138667
0.8935982
0.9135152
0.9205414
0.8849122
0.8354351
0.8973767
0.91398
0.9155565
0.9132285
0.9034606
0.9041853
0.9034473
0.9032168
0.9143188
0.9172346
0.9168649
0.9007385
0.9172136
0.8932029
0.9189673
0.8938617
0.9166461
0.9111326
0.9090188
0.9181738
0.8943702
0.8943482
0.8926544
0.8970042
0.8978417
0.8974984
0.895563
0.8971441
0.9237067
0.9216165
0.9195335
0.9211771
0.8908117
0.9202687
0.918423
0.9211061
0.8884951
0.8537564
0.8777955
0.8749954
0.8831357
0.9231979
0.9008939
0.916044
0.8548309
0.9145122
0.9062103
0.9212658
0.904204
0.8526761
0.9146346
0.9070565
0.9169118
0.8624018
0.8583382
0.8977984
0.807373
0.9069477
0.9168799
0.9013882
0.8418536
0.916625
0.877783
0.9136718
0.8467964
0.9137974
0.8947368
0.8833476
0.9199157
0.8899564
0.8696051
0.8436434
0.8490503
0.8472487
0.8465707
0.8465186
0.8467805
0.921354
0.9133513
0.9184531
0.9127994
0.8548106
0.9118965
0.915553
0.9134883
0.9059286
0.8967731
0.9056182
0.9036191
0.8267905
0.926703
0.9231929
0.9262157
0.8963912
0.9251098
0.9252496
0.9003307
0.8576183
0.9037987
0.9255959
0.9219685
0.92324
0.9040279
0.9046739
0.9125748
0.9051199
0.9264513
0.9258809
0.9227194
0.9049073
0.9301558
0.9004429
0.9295248
0.8989711
0.9268863
0.906198
0.9151882
0.9291977
0.899986
0.9059479
0.8975551
0.9015875
0.8985109
0.898363
0.8988788
0.898243
0.9350686
0.9266413
0.9259691
0.9249882
0.9044392
0.9274368
0.9299047
0.9300128
0.888531
0.8457453
0.8768571
0.8686917
0.8912692
0.9235159
0.9154245
0.9231099
0.8456273
0.9238746
0.9219081
0.9209169
0.9067719
0.8522107
0.9212652
0.9186278
0.9199237
0.832285
0.8359947
0.9029602
0.8448167
0.9178746
0.9223428
0.9098641
0.8374008
0.9204283
0.8787125
0.919335
0.8497211
0.9225467
0.8902791
0.8836637
0.9215595
0.8911004
0.86582
0.8464614
0.8497446
0.8505195
0.8502309
0.8475164
0.847865
0.9325947
0.9142778
0.9131888
0.9129019
0.8545199
0.922389
0.9201798
0.9234897
0.9079294
0.8974034
0.9083893
0.8972935
0.8346457
0.9211201
0.9171913
0.9145012
0.8963623
0.9132684
0.9248788
0.8987262
0.8644652
0.8979419
0.9121574
0.9166523
0.909126
0.9030696
0.9041349
0.8999894
0.9009904
0.9193924
0.9137816
0.9232792
0.8991159
0.9146629
0.8902083
0.9177612
0.8991694
0.9149348
0.9111264
0.9060564
0.9128111
0.892075
0.8966429
0.8915603
0.8984213
0.8952952
0.8957306
0.899116
0.8981722
0.9253996
0.9158552
0.9171385
0.9110579
0.8948405
0.9164647
0.9172599
0.9195102
0.9038536
0.8890081
0.9029119
0.8893283
0.8267119
0.9224651
0.9044425
0.9014354
0.8884595
0.8995866
0.911855
0.8924044
0.8674516
0.8863489
0.8989935
0.9059754
0.908152
0.9005356
0.8975356
0.8876429
0.8919044
0.9074081
0.9081756
0.9143018
0.8895063
0.9034886
0.8787423
0.9128076
0.8874674
0.905293
0.909888
0.8994517
0.9054487
0.8812972
0.8870186
0.8802479
0.8881807
0.8885232
0.8882925
0.8865662
0.8892821
0.9148443
0.9148681
0.911707
0.910543
0.8863661
0.9124386
0.9115128
0.9113578
0.911187
0.8977883
0.9056122
0.9049844
0.9050257
0.9303904
0.915776
0.9200247
0.898275
0.9224597
0.9195699
0.9313309
0.919348
0.8968978
0.921866
0.9196397
0.9236655
0.9054684
0.9061324
0.9114773
0.896365
0.9146447
0.9260372
0.9192722
0.8940533
0.924201
0.9039053
0.9236847
0.8968975
0.9190343
0.9184739
0.9117045
0.925046
0.9040684
0.9035405
0.8960322
0.8989965
0.8980975
0.8985439
0.899512
0.8990188
0.9292785
0.9250659
0.9251395
0.9222672
0.8988983
0.926831
0.9250082
0.9243884
0.9204537
0.9036782
0.9212072
0.9060329
0.9123909
0.9238888
0.9246638
0.9130467
0.9038043
0.9115778
0.926215
0.9308306
0.9255469
0.9065363
0.9106174
0.9252366
0.9070013
0.9129595
0.9156016
0.9020941
0.9101329
0.9225382
0.9123535
0.924193
0.9067981
0.9067118
0.9056042
0.9135029
0.9089372
0.9142982
0.9230145
0.9116333
0.9134883
0.9116292
0.9061674
0.9016114
0.9074128
0.9044205
0.9044275
0.9024487
0.9057313
0.9221302
0.9148562
0.9124704
0.9125733
0.9033004
0.9092908
0.9095359
0.9214278
0.9058347
0.8854897
0.9021951
0.9003353
0.9129968
0.9260017
0.9160058
0.9250779
0.8851297
0.9267636
0.9203781
0.9342165
0.9246991
0.89188
0.9244813
0.9233547
0.9264459
0.8976139
0.9001516
0.9134699
0.8958906
0.9151498
0.9273215
0.9153464
0.8867716
0.9192263
0.9005749
0.921049
0.8926062
0.9209164
0.9154121
0.9046908
0.9262645
0.9083119
0.8983347
0.8928962
0.8941498
0.8925171
0.8920399
0.8908879
0.8929249
0.930553
0.9197167
0.9274692
0.9183488
0.8972315
0.928197
0.9252597
0.9265585
0.8916685
0.8778623
0.8918395
0.8857016
0.8968005
0.9288093
0.8997247
0.9204164
0.8769545
0.9241828
0.8996089
0.9323965
0.9087595
0.8752619
0.9239828
0.9079934
0.9273841
0.8914876
0.8902172
0.903837
0.8843685
0.898424
0.9251008
0.9017455
0.8672703
0.9248825
0.8827237
0.9180728
0.8770656
0.9201265
0.902195
0.9010564
0.928106
0.9007758
0.8864173
0.8805329
0.8718791
0.8749768
0.8748186
0.8734794
0.8721286
0.9264879
0.92035
0.9236351
0.9193605
0.8833689
0.920791
0.9246368
0.9203658
0.8895712
0.8781509
0.8892831
0.8834232
0.897754
0.9291107
0.900292
0.9229272
0.8776984
0.9247734
0.9030967
0.9301275
0.9111886
0.8726847
0.9238273
0.9133138
0.9262888
0.8907331
0.8882614
0.9023402
0.8846623
0.8996412
0.9265915
0.8999409
0.8643836
0.9228493
0.8840762
0.9131785
0.8773057
0.9180346
0.8995055
0.8996422
0.9320777
0.8996287
0.8850707
0.8786667
0.871571
0.8769277
0.877147
0.8720856
0.8734325
0.930759
0.918301
0.9208483
0.9159473
0.8871666
0.9274756
0.926161
0.923281
0.8810191
0.8444172
0.8781104
0.8586332
0.8668919
0.9214601
0.8946638
0.908158
0.8444291
0.9059426
0.9006858
0.9126678
0.8913408
0.8493666
0.9076588
0.9006259
0.907164
0.8657281
0.8651395
0.8890002
0.8572882
0.8952036
0.9131292
0.8967297
0.8408329
0.9107313
0.8652382
0.909123
0.856386
0.90396
0.8923682
0.8884449
0.9175375
0.8820888
0.8642315
0.8476234
0.8522468
0.853602
0.853831
0.8491825
0.8527353
0.9150644
0.9105043
0.9145653
0.9097728
0.8555476
0.9112637
0.9124841
0.9156289
0.8883607
0.8542757
0.88083
0.8655459
0.8871181
0.9167516
0.9029727
0.911872
0.8550686
0.9137881
0.9055467
0.92277
0.9058587
0.8472761
0.9106402
0.9082251
0.9134116
0.8323842
0.8340255
0.9009749
0.8606902
0.8998237
0.911506
0.904062
0.8509615
0.9114574
0.8762963
0.9068242
0.8571375
0.9070479
0.8966579
0.889376
0.9125974
0.8926011
0.8691347
0.8587133
0.8520532
0.8531891
0.8524596
0.8502623
0.8520179
0.9190925
0.9099721
0.9111639
0.9073771
0.8588439
0.9109107
0.9108618
0.9136926
0.9165694
0.8919033
0.905977
0.8988423
0.9067428
0.9147255
0.9226087
0.9105076
0.8922631
0.9117916
0.9236706
0.9226897
0.919581
0.8954748
0.9083215
0.9193083
0.9074575
0.904353
0.9082241
0.8981894
0.9028522
0.9236623
0.9104362
0.9217933
0.9009626
0.9019712
0.901924
0.9051736
0.9010451
0.9154063
0.9181427
0.902115
0.9064067
0.9003237
0.8923822
0.895576
0.8994947
0.9002454
0.8999825
0.8977157
0.8990526
0.9193819
0.908579
0.909817
0.9044527
0.8988202
0.9115874
0.9119443
0.9193683
0.9005149
0.882609
0.8996944
0.8905325
0.8799487
0.9196258
0.8969621
0.8994842
0.8822496
0.9017955
0.9060094
0.9136589
0.9016417
0.8806207
0.9022463
0.9025527
0.9029521
0.8979856
0.9004267
0.8814072
0.8938897
0.895995
0.9063429
0.9026456
0.8795292
0.9053936
0.8818083
0.9066522
0.8855198
0.8974284
0.9091327
0.8958036
0.911601
0.8835032
0.8841566
0.8813106
0.8824929
0.8820301
0.8821614
0.88154
0.8803137
0.9110971
0.9120112
0.911793
0.908273
0.8863843
0.9093417
0.9086163
0.9078143
0.9214746
0.9040321
0.9147852
0.9084388
0.9032997
0.9219941
0.7967906
0.9033783
0.9029784
0.9103458
0.8420498
0.9288981
0.9226049
0.9023625
0.9099445
0.845957
0.9138957
0.9215851
0.9232953
0.9031036
0.9136373
0.8110141
0.9161917
0.8298413
0.9066452
0.9084612
0.911912
0.9067363
0.9059201
0.8976981
0.9290372
0.9188945
0.9169466
0.9078383
0.9137606
0.9056401
0.9092789
0.907891
0.9075858
0.9084823
0.9090229
0.9081965
0.910642
0.9123704
0.915165
0.903031
0.9100945
0.9094266
0.9065958
0.9385616
0.9151077
0.9273753
0.9118882
0.8972927
0.9119883
0.8866174
0.8676971
0.9139349
0.8584738
0.9004416
0.9208651
0.9187616
0.9100051
0.8612207
0.8943514
0.8739094
0.9264103
0.9300871
0.8856031
0.9203008
0.8872296
0.8742301
0.9052279
0.9223171
0.8673763
0.914857
0.8977977
0.9172431
0.8652898
0.9407213
0.9165895
0.8766646
0.901814
0.9112865
0.903444
0.917825
0.9160733
0.9156875
0.9158754
0.9188507
0.88172
0.9096611
0.9097086
0.9104808
0.9047793
0.8765192
0.8725138
0.8781209
0.9391411
0.9150581
0.9274365
0.9157514
0.9056276
0.9194363
0.894875
0.8674574
0.9134629
0.8623579
0.9007285
0.9256088
0.9234627
0.9132261
0.8686741
0.9005489
0.873464
0.9309056
0.9313373
0.8959331
0.9206784
0.894764
0.8846528
0.9095079
0.9181913
0.8696
0.9210806
0.8988021
0.9201556
0.8631518
0.9396609
0.9166077
0.8801152
0.9090616
0.9106323
0.9087032
0.9194628
0.9182701
0.9183147
0.9184973
0.9186217
0.8896267
0.9117668
0.9114626
0.9155805
0.9088648
0.8753741
0.874333
0.8813553
0.9386819
0.9151933
0.9290339
0.9143097
0.9037447
0.9153873
0.9047289
0.8721712
0.915357
0.8610627
0.9090678
0.9244281
0.9219861
0.9163961
0.8646494
0.9023934
0.8708496
0.9298596
0.9289208
0.8930344
0.9180316
0.9030025
0.8736211
0.9135436
0.9174145
0.8650257
0.9166187
0.8992106
0.9145891
0.8627892
0.9393577
0.9140801
0.8746346
0.9092161
0.9076929
0.9044565
0.9163493
0.9151392
0.9149878
0.9160419
0.9143148
0.8894589
0.9117899
0.9106109
0.9095344
0.9057513
0.8762619
0.8747901
0.8745758
0.9336823
0.9115191
0.9231495
0.9115649
0.9000964
0.9121987
0.8954536
0.8707498
0.9110246
0.8631164
0.9053537
0.9220495
0.9214665
0.9087569
0.8731407
0.9000357
0.8701939
0.9278951
0.9285045
0.8912515
0.9196983
0.8947121
0.8754301
0.9038151
0.9146031
0.8681828
0.9186655
0.9008253
0.9150366
0.8604274
0.9385836
0.915329
0.8744539
0.9094364
0.9096653
0.9007107
0.9144904
0.9152656
0.9155009
0.9145766
0.9139671
0.8952129
0.911179
0.9109075
0.9105029
0.9038974
0.8792389
0.8702351
0.8773912
0.9381168
0.9117088
0.9254631
0.9139177
0.8949996
0.9180245
0.8825436
0.8676044
0.9104149
0.8603848
0.8899572
0.9246033
0.9179485
0.9072755
0.865412
0.8886397
0.8751315
0.9319175
0.9313125
0.8947188
0.9178956
0.8838555
0.8820539
0.8979064
0.9128111
0.8754952
0.9184799
0.9032565
0.9105267
0.8624702
0.942811
0.9196324
0.8853752
0.9095528
0.9105293
0.9017158
0.9128993
0.911451
0.9112951
0.9120625
0.9124278
0.8898024
0.9119828
0.9153915
0.9144184
0.9042055
0.8786505
0.8785412
0.8797153
0.9203636
0.8989292
0.9094615
0.9069767
0.8952367
0.9226609
0.7861198
0.9047181
0.8975808
0.9086873
0.834375
0.9251853
0.9164111
0.8965215
0.9077592
0.8350074
0.915056
0.9202062
0.9208249
0.8994356
0.9082382
0.7964757
0.9162311
0.8188428
0.9020835
0.9096506
0.9083665
0.9019194
0.9039373
0.8983644
0.9296668
0.9137773
0.9176983
0.9040846
0.9083235
0.9018321
0.9016819
0.9020159
0.901825
0.9005662
0.9003539
0.9078663
0.9134329
0.9192564
0.9119952
0.8996359
0.9099414
0.9073185
0.9059851
0.9249006
0.9055451
0.9145005
0.90564
0.8998996
0.9220853
0.789684
0.9034904
0.9031959
0.9093192
0.8312736
0.92441
0.9149246
0.9002172
0.9066787
0.8332545
0.9103777
0.9224851
0.9210852
0.8970185
0.9136696
0.8085323
0.9147448
0.8219437
0.9058159
0.9090841
0.9117636
0.9066441
0.9052301
0.8928067
0.9340078
0.9151629
0.9177488
0.9081842
0.9116736
0.9046137
0.9046648
0.9051271
0.9051341
0.9034756
0.9036279
0.9064325
0.9120618
0.9186017
0.911638
0.9008902
0.90544
0.904815
0.9042361
0.923678
0.9062238
0.9111877
0.9076043
0.8980386
0.9222046
0.7989306
0.8976588
0.9046314
0.899463
0.8311013
0.9270143
0.915496
0.8950707
0.9006986
0.8364911
0.9073399
0.9211337
0.9258043
0.896443
0.9096664
0.7989005
0.9120221
0.8227843
0.9043673
0.9083463
0.9105791
0.8984459
0.9063501
0.8855693
0.9338881
0.9173489
0.9157766
0.904463
0.9118653
0.9038651
0.905117
0.9053723
0.9050594
0.9053039
0.9055756
0.8974839
0.9106163
0.9140747
0.911749
0.895298
0.9048716
0.9026623
0.8994459
0.9348844
0.9186157
0.9266228
0.9184323
0.9127287
0.9258017
0.9006087
0.9014321
0.9172125
0.9033484
0.9082653
0.933473
0.9281892
0.916389
0.9068934
0.9021201
0.9109506
0.9256825
0.9270395
0.9064604
0.9225033
0.8929907
0.9133577
0.9040215
0.9181809
0.9114799
0.9201157
0.9047636
0.9208278
0.9015887
0.9385052
0.921532
0.9126778
0.920584
0.9155716
0.9144521
0.9189351
0.9204984
0.9202008
0.9180253
0.9193254
0.9067016
0.9155602
0.918576
0.9177195
0.9182134
0.913056
0.9116946
0.9118848
0.9309427
0.9204597
0.9270249
0.9189878
0.9133569
0.9247599
0.9008444
0.9033589
0.9203135
0.9059687
0.9035032
0.933104
0.9266604
0.918785
0.906267
0.9028268
0.9106113
0.9291019
0.9293403
0.9092047
0.9213228
0.8944694
0.9120863
0.9062276
0.9169761
0.9113746
0.9230662
0.9051491
0.9188411
0.9021897
0.9377078
0.9230078
0.9144568
0.9166375
0.9197901
0.9147741
0.9203235
0.9221485
0.9222296
0.921156
0.9223781
0.9061842
0.9172254
0.9181009
0.9177005
0.9180806
0.9113865
0.9094655
0.9125605
0.9182143
0.9025237
0.9145177
0.901737
0.9063327
0.9079411
0.908957
0.9047808
0.9007384
0.9049995
0.9124279
0.9271573
0.9203937
0.9002715
0.9056475
0.9071537
0.904437
0.9107049
0.9097892
0.8894948
0.9083547
0.9078625
0.9039805
0.909652
0.9003134
0.9008121
0.9084423
0.9014562
0.9033922
0.9011628
0.9235223
0.9073011
0.903967
0.9093293
0.9008711
0.8955213
0.905639
0.9045311
0.9043054
0.9037686
0.9048444
0.9133171
0.9001393
0.8953372
0.8901072
0.9054083
0.9082733
0.9058966
0.9064164
0.9325139
0.9029693
0.9179507
0.9067873
0.9000717
0.912039
0.8921858
0.8653205
0.9034083
0.8583967
0.9000322
0.9210701
0.9197289
0.9036648
0.8658927
0.9007593
0.8660561
0.9207379
0.9215796
0.8843939
0.9144317
0.8912734
0.8756224
0.898725
0.9109289
0.864762
0.9120953
0.8963265
0.9098786
0.8566598
0.937414
0.9105822
0.8706192
0.905392
0.9055084
0.8929036
0.9134138
0.9092463
0.9090585
0.9094464
0.9099481
0.8939229
0.9053675
0.9049014
0.8969828
0.8996095
0.8703329
0.8645513
0.8760911
0.9350744
0.9183362
0.9282558
0.9147825
0.9051084
0.9203356
0.9041488
0.8512171
0.9196444
0.8018499
0.9154342
0.9254325
0.9233834
0.9202563
0.8011123
0.9017783
0.8356075
0.9311968
0.9307287
0.8968719
0.9244873
0.9037611
0.8557378
0.9196132
0.9214268
0.8536212
0.9182554
0.9031851
0.9179318
0.8509374
0.9407311
0.9147765
0.8577436
0.908823
0.9110769
0.9097924
0.9204956
0.9193937
0.9189017
0.9184692
0.9211159
0.8960859
0.913822
0.9106933
0.9077562
0.9086271
0.8629613
0.869054
0.871306
0.9376616
0.9175713
0.9289705
0.9166489
0.9166107
0.9210372
0.9127237
0.8843875
0.9178068
0.8728088
0.9158266
0.931019
0.927327
0.9176772
0.8719286
0.9136209
0.8716641
0.9289943
0.9301281
0.9002605
0.9240528
0.9078744
0.8762913
0.921373
0.9184736
0.8772892
0.9195056
0.9051868
0.923703
0.8742795
0.9413459
0.9214958
0.8784739
0.9163328
0.9103259
0.9154979
0.9245097
0.9252317
0.9247463
0.9235577
0.9253852
0.9011799
0.9140264
0.9161537
0.9091323
0.9160222
0.8792006
0.8760796
0.882818
0.9326225
0.9146879
0.9250123
0.9133142
0.9049291
0.9176389
0.9035003
0.8747974
0.914501
0.8679387
0.9119024
0.927262
0.9224801
0.9102201
0.8703627
0.908731
0.8696449
0.9239161
0.9283667
0.8950476
0.9211229
0.9053248
0.872781
0.9113897
0.9167082
0.8709762
0.9154394
0.9007018
0.9187776
0.8715393
0.9369867
0.9172491
0.8689107
0.9094551
0.9078891
0.9069177
0.9169742
0.9172516
0.9175261
0.9153276
0.9174848
0.8975588
0.9110583
0.9066514
0.9096496
0.9078229
0.8706718
0.8700188
0.8802391
0.9367566
0.914505
0.9305007
0.9125859
0.9059627
0.9171209
0.9024573
0.8737275
0.9157054
0.8643447
0.9114122
0.9259208
0.9228996
0.9136624
0.8656587
0.9081214
0.8655267
0.926255
0.9288184
0.8947464
0.920409
0.9082982
0.8694365
0.9145966
0.9196368
0.870417
0.9190271
0.9019896
0.9204626
0.8687672
0.939764
0.9207256
0.8686479
0.9093519
0.9103219
0.9072445
0.9240796
0.922529
0.9220404
0.9196652
0.9218855
0.8900192
0.9152395
0.9097846
0.9116483
0.9120259
0.8733741
0.8747137
0.8842428
0.9340138
0.9155269
0.924
0.9131165
0.9077559
0.9196086
0.9051214
0.8719659
0.9125662
0.8645555
0.9131326
0.92607
0.9252652
0.9168565
0.8667647
0.9084665
0.8684859
0.9247526
0.9282525
0.8945263
0.9209871
0.9077432
0.8709436
0.9146185
0.9153488
0.875425
0.9171814
0.903683
0.9208527
0.8749345
0.9385356
0.9193835
0.8728476
0.9106165
0.9088734
0.9087604
0.9219983
0.9196838
0.9196132
0.9197152
0.9209432
0.8921333
0.914392
0.9134121
0.9117513
0.9108943
0.8732273
0.8752047
0.8818091
0.9333195
0.9127291
0.9252693
0.9116954
0.9099524
0.9205392
0.9070172
0.871737
0.9096435
0.8628462
0.9139887
0.9286184
0.9264818
0.914008
0.8678239
0.9104636
0.8679709
0.9270246
0.9270757
0.8993749
0.9198123
0.9045441
0.8704242
0.9133895
0.9178136
0.8669947
0.9190786
0.8998846
0.917239
0.8723436
0.939913
0.9214056
0.8704135
0.9084422
0.9109918
0.9102951
0.9179605
0.9161721
0.9160632
0.916208
0.9173606
0.8967819
0.9152683
0.9090618
0.9075371
0.9116835
0.8733341
0.8769301
0.8784604
0.9341197
0.9135363
0.9245126
0.9192572
0.9144123
0.9207419
0.9050125
0.8812432
0.9144983
0.8663661
0.9122967
0.9297543
0.9263539
0.9122178
0.8715023
0.9129862
0.8717968
0.9273795
0.9301338
0.8992289
0.9214785
0.9067049
0.8800214
0.9151873
0.9171708
0.8747922
0.9206389
0.9041614
0.9213806
0.8770223
0.9384124
0.9169008
0.8768837
0.9124367
0.9091312
0.9118587
0.9202071
0.9191506
0.9189594
0.9174878
0.9198235
0.8974726
0.9156773
0.910304
0.9143701
0.9128907
0.8785522
0.879763
0.8798591
0.9310159
0.9214283
0.9305777
0.920671
0.9280908
0.9274966
0.943008
0.9246145
0.9195473
0.9248295
0.9502172
0.9357289
0.9355692
0.9233307
0.925013
0.9419867
0.9189067
0.9210078
0.9211639
0.9136638
0.92486
0.9488801
0.9204175
0.946695
0.9247801
0.91569
0.9230091
0.922728
0.9239001
0.9308178
0.9322222
0.9214257
0.9161811
0.9203525
0.9100454
0.9151492
0.9243169
0.9226298
0.9228193
0.9213675
0.9253146
0.9331088
0.9233734
0.9207599
0.9212033
0.9223553
0.9277712
0.9252013
0.9316474
0.9121787
0.8889089
0.9051159
0.8938739
0.900914
0.9150424
0.9130465
0.9116735
0.8882366
0.9075398
0.9186164
0.924062
0.910156
0.8925414
0.9070136
0.9131733
0.9066133
0.9028834
0.9072892
0.8918772
0.9033352
0.9158994
0.9084336
0.9204073
0.8943966
0.9020147
0.8970223
0.9111386
0.8914251
0.9094308
0.9167478
0.9009651
0.9094024
0.9003006
0.8882315
0.8847029
0.8942918
0.8934805
0.8939242
0.8918008
0.8939204
0.9163725
0.9137336
0.9096011
0.9061759
0.890323
0.9121777
0.9102048
0.9125272
0.9141151
0.8925602
0.9098655
0.8988893
0.9048951
0.9230402
0.9163845
0.9114777
0.8925679
0.9108663
0.925122
0.9215937
0.9149336
0.8932829
0.9106662
0.9178432
0.9074391
0.9051767
0.9089854
0.8954112
0.9036548
0.920286
0.9132942
0.9241452
0.8991176
0.9060577
0.8954758
0.9108401
0.8987022
0.9115054
0.9189583
0.90144
0.9123828
0.9019048
0.8919734
0.8877856
0.8973517
0.8950059
0.8954083
0.8961729
0.8948516
0.9226322
0.9128695
0.9116374
0.9067915
0.8940719
0.9140419
0.912392
0.9162319
0.9147165
0.8904178
0.9084128
0.8989166
0.9041745
0.9173004
0.9095372
0.9148334
0.8918948
0.9144341
0.914521
0.9283389
0.9171833
0.8950693
0.9111374
0.9179453
0.9167873
0.9010139
0.9025983
0.900068
0.900886
0.9121626
0.9129446
0.9147396
0.8942167
0.9131754
0.9017662
0.910058
0.8950835
0.9129456
0.9193191
0.9063566
0.9153379
0.9031226
0.8989993
0.8943461
0.8960451
0.8982249
0.8983105
0.8975398
0.8968551
0.9247823
0.9126812
0.9118298
0.907561
0.896624
0.9131086
0.911679
0.9167227