0.9038862
0.8609687
0.8569466
0.8860655
0.8867722
0.887517
0.8932335
0.8841361
0.8962295
0.8874297
0.8935801
0.8691903
0.8865182
0.8745363
0.8834159
0.8964233
0.8819288
0.8634193
0.8998008
0.8829288
0.8712194
0.8789264
0.8604927
0.880787
0.8998853
0.870544
0.908529
0.9031875
0.840667
0.8582651
0.8693987
0.8898842
0.8960619
0.8864103
0.8822072
0.8603687
0.9122421
0.8902198
0.9016441
0.8885083
0.8819325
0.8828786
0.8794171
0.8898381
0.8766416
0.8587348
0.9080767
0.8857823
0.8816618
0.8599079
0.8940117
0.8755478
0.8859636
0.8481628
0.859932
0.8584597
0.884356
0.8664686
0.871884
0.8742436
0.8666005
0.8765549
0.8635378
0.8906937
0.8832233
0.9006756
0.893682
0.9012902
0.9003813
0.8976667
0.9080946
0.8916122
0.8959962
0.8999748
0.8920467
0.8863919
0.9005676
0.9157065
0.8848233
0.9128939
0.8988736
0.9007324
0.8671192
0.8790767
0.8783245
0.859562
0.9345163
0.8575778
0.9041997
0.9064575
0.8692299
0.8671104
0.8782292
0.8795383
0.8793624
0.8830774
0.9035125
0.8939064
0.8850587
0.8716301
0.9086372
0.8612734
0.8618619
0.8834504
0.8834798
0.8839896
0.8867551
0.8810169
0.9066901
0.8915393
0.8973932
0.8766695
0.8887969
0.8744166
0.8892442
0.8939814
0.8831747
0.8686835
0.9041279
0.8882281
0.884384
0.8857632
0.8654815
0.8845888
0.9037366
0.8753916
0.9063857
0.9004055
0.787497
0.8629368
0.8672141
0.8913263
0.897035
0.8871276
0.891506
0.864675
0.9119583
0.8926124
0.9010739
0.8876718
0.8870447
0.8839561
0.880823
0.8914693
0.8792256
0.8675117
0.9095671
0.8844023
0.8914878
0.8632177
0.9030135
0.8675934
0.8849077
0.8543726
0.871072
0.8689584
0.883451
0.870314
0.8712177
0.8765455
0.8700397
0.8793748
0.8701322
0.8943642
0.8869723
0.9067718
0.8983149
0.9047653
0.9009266
0.9011408
0.9046435
0.8962004
0.8989321
0.9065467
0.9027712
0.8939631
0.9013496
0.9171834
0.8846927
0.9105254
0.8970072
0.9081516
0.8679406
0.884199
0.8850445
0.8593988
0.9350141
0.8616891
0.9088388
0.9131431
0.872607
0.8731101
0.8782011
0.8793085
0.8764267
0.8807453
0.9021078
0.8946201
0.882668
0.8698362
0.9113737
0.6085398
0.6030865
0.8244519
0.8233479
0.8253616
0.8933603
0.8877816
0.9038866
0.8862872
0.898477
0.7982703
0.892467
0.7768783
0.8873489
0.9005603
0.8855524
0.7964226
0.9028516
0.8893769
0.884091
0.8861839
0.7443089
0.8854602
0.9071398
0.8735437
0.9065058
0.9067775
0.8561603
0.7844814
0.8774353
0.8963445
0.9023324
0.8963815
0.8913567
0.80212
0.9166551
0.896696
0.9110159
0.8970324
0.8935426
0.8855113
0.8828627
0.8908497
0.8805911
0.7818992
0.9091471
0.888185
0.8919776
0.7948227
0.9023407
0.8757396
0.8907851
0.7696802
0.8047793
0.7849107
0.8937471
0.7747911
0.7486072
0.7566745
0.7250863
0.7578935
0.749799
0.8961786
0.8897333
0.9047483
0.9018665
0.9021552
0.9014865
0.9061845
0.9123927
0.8958536
0.9013646
0.9068983
0.8986119
0.9003408
0.9069346
0.9148845
0.8911543
0.9154517
0.8969325
0.9054626
0.8769997
0.8877279
0.8911222
0.6791124
0.9328629
0.776372
0.912559
0.9066647
0.7693494
0.8726588
0.8857503
0.8882643
0.8873801
0.8875099
0.9063872
0.8942183
0.8887739
0.8794154
0.9116352
0.8585431
0.8540927
0.8804761
0.8805063
0.8810195
0.8945277
0.8854448
0.9049759
0.8925141
0.8935451
0.8692525
0.887095
0.8692525
0.8876089
0.8945719
0.8850629
0.8605345
0.9014714
0.8859582
0.8856622
0.8843159
0.8580925
0.8833862
0.8991639
0.8738308
0.9055348
0.9046208
0.6889233
0.8558849
0.8650976
0.8912345
0.898266
0.886464
0.890044
0.8599271
0.9140387
0.8925632
0.9028119
0.8923802
0.8877844
0.8854688
0.8826298
0.8897067
0.8801719
0.862487
0.9122621
0.8833654
0.8900606
0.8575435
0.9049948
0.8753072
0.8856522
0.8487439
0.8615191
0.8617057
0.8888123
0.8660599
0.8666667
0.8670277
0.863463
0.874927
0.8598726
0.8941968
0.8846042
0.9078848
0.9004357
0.9049354
0.9031898
0.9048971
0.9067464
0.8961973
0.8986143
0.9096929
0.898302
0.8970519
0.9058135
0.9155724
0.8906535
0.912866
0.8959365
0.9073868
0.8641008
0.882297
0.8856319
0.8535244
0.9317379
0.8578033
0.9106107
0.9110681
0.8677962
0.8723986
0.8809915
0.8810815
0.8804907
0.8796526
0.8996074
0.893209
0.8843397
0.8692421
0.907971
0.8557896
0.8536758
0.8801156
0.880065
0.8810624
0.8966331
0.8853171
0.893137
0.876738
0.8824838
0.866745
0.8846335
0.8667034
0.8953568
0.8885153
0.8780318
0.8562787
0.9070246
0.88434
0.8759137
0.8834161
0.8572015
0.8810643
0.8899086
0.8723661
0.9079636
0.9104344
0.8405533
0.8552932
0.8627284
0.8924151
0.8934586
0.8813239
0.890915
0.8608999
0.91546
0.8913512
0.893869
0.8888372
0.8870569
0.8782371
0.8793645
0.893421
0.8762131
0.8511396
0.9102555
0.8750456
0.8952367
0.8570789
0.8962373
0.8640482
0.8751095
0.8450144
0.8550741
0.8464001
0.88
0.8606851
0.8644356
0.8709595
0.8599177
0.8694666
0.8601678
0.8988537
0.8856521
0.8936625
0.8952371
0.9094886
0.9055141
0.9064637
0.8993014
0.8968516
0.898345
0.9094483
0.8976309
0.9028765
0.8957173
0.9196849
0.8839841
0.9068717
0.8915429
0.8945273
0.8625747
0.8838863
0.8799531
0.8517784
0.9370655
0.8470381
0.9052134
0.9188906
0.8695652
0.8710845
0.8690016
0.8888445
0.8726465
0.8711465
0.8962338
0.8969999
0.8756828
0.8584414
0.907146
0.9115874
0.9088073
0.9163499
0.9170499
0.9176069
0.8893873
0.8899079
0.9127359
0.9215429
0.9298769
0.9179313
0.9119167
0.9113456
0.9009038
0.9168131
0.9134959
0.9098527
0.8678795
0.9132253
0.9113075
0.8937606
0.906063
0.9101084
0.9149335
0.9135456
0.8725823
0.8649072
0.9041597
0.9091038
0.912244
0.9157355
0.9092718
0.914984
0.8948431
0.9049872
0.9107879
0.9006964
0.9138965
0.9120215
0.9112153
0.9162396
0.9061066
0.9148089
0.9129348
0.9055575
0.9056244
0.915584
0.8927549
0.9044236
0.9114789
0.9090426
0.9185981
0.9036413
0.9068893
0.9062188
0.9161058
0.9110673
0.912594
0.9137883
0.9112932
0.9150263
0.9116094
0.8930553
0.8981177
0.9141285
0.8680165
0.8587473
0.8592012
0.8634389
0.8901955
0.8613743
0.8578171
0.8617354
0.8698079
0.8642141
0.8795035
0.9092161
0.9157151
0.929146
0.9194711
0.9136328
0.9092782
0.905918
0.9049541
0.9102691
0.9378156
0.9055953
0.9100462
0.8688908
0.9118154
0.8954029
0.9145658
0.9057082
0.9125936
0.9175707
0.9282476
0.9047503
0.9114378
0.9050403
0.893797
0.8983353
0.8980214
0.9190909
0.9189998
0.9200938
0.9192115
0.9048751
0.8277116
0.9163586
0.9184947
0.9103809
0.9100024
0.9072571
0.9163093
0.9137164
0.9030161
0.8929831
0.9070659
0.9084286
0.9002489
0.8995612
0.9015602
0.9096171
0.8328186
0.9110775
0.9021861
0.9048741
0.8983481
0.8981621
0.896559
0.922207
0.8279429
0.9091066
0.9052124
0.9005484
0.9181726
0.9007124
0.8269627
0.9103788
0.913088
0.9059239
0.9037161
0.9132578
0.9005294
0.8969344
0.9037619
0.9085661
0.9106663
0.9022112
0.826441
0.9051196
0.9064275
0.893852
0.9011295
0.8969684
0.9090184
0.9057662
0.9132519
0.9133338
0.9063183
0.9147704
0.9094359
0.9136185
0.9048977
0.8338801
0.8875536
0.9032156
0.899736
0.8976228
0.8944606
0.8900071
0.8930891
0.9091258
0.8873244
0.8935951
0.8872057
0.9161828
0.9086421
0.917059
0.9108436
0.8377265
0.8977321
0.9167731
0.9146211
0.9049939
0.9532544
0.9038642
0.8946875
0.9179518
0.9093386
0.8917858
0.9022008
0.9181843
0.9004994
0.904618
0.921612
0.9116104
0.9011252
0.8897883
0.9076609
0.858787
0.8558029
0.8831402
0.8825668
0.8836791
0.8910238
0.8836861
0.9034527
0.8844505
0.8961365
0.8698307
0.8866796
0.8702025
0.8862164
0.8932231
0.8816385
0.860688
0.904072
0.8849417
0.8804399
0.8829667
0.8586791
0.879189
0.9024644
0.8756592
0.90668
0.9048682
0.7805852
0.8625121
0.8670804
0.8928007
0.8987715
0.8889769
0.8894166
0.860547
0.9109043
0.8965259
0.905229
0.8850068
0.8856149
0.8831178
0.8781405
0.889724
0.8769164
0.8650738
0.9095431
0.8789388
0.8928157
0.8592378
0.8989655
0.8695828
0.8821291
0.8524867
0.865527
0.8606292
0.8848401
0.8706326
0.8719076
0.873242
0.8669929
0.8753998
0.8690031
0.8894474
0.887462
0.9056164
0.9003005
0.907107
0.9007166
0.9006939
0.9065149
0.8955948
0.894607
0.9068403
0.8990126
0.8968067
0.9016134
0.9117424
0.8892816
0.9097031
0.8971582
0.9070374
0.863569
0.8840469
0.8881304
0.8587235
0.9331585
0.8573713
0.9075419
0.9117711
0.8726742
0.8696391
0.8775235
0.8794075
0.878087
0.8816544
0.8994378
0.897292
0.8852991
0.8731867
0.8997001
0.8997984
0.9011869
0.912959
0.9134412
0.9140073
0.8923399
0.891713
0.9066281
0.9203713
0.9275795
0.9077
0.9108045
0.9050054
0.8978413
0.9115401
0.907073
0.9015653
0.8668075
0.9099975
0.9042772
0.8936178
0.8966782
0.9151081
0.9066124
0.9118357
0.8521191
0.8440557
0.8944004
0.8975514
0.9015617
0.9180897
0.9051653
0.9105419
0.8941078
0.8943128
0.9109016
0.9010622
0.9087473
0.9125313
0.9112949
0.9126303
0.9065273
0.9129297
0.9043419
0.8982424
0.8982166
0.9133959
0.8940187
0.8955886
0.9032398
0.9044726
0.9148
0.8904502
0.9033104
0.9017021
0.9127919
0.9076071
0.9054301
0.9055719
0.9050456
0.910054
0.902836
0.8923359
0.8937815
0.9052871
0.8492716
0.8519998
0.8462654
0.8473422
0.8799569
0.8405819
0.8429891
0.8544292
0.8451072
0.8394273
0.8578594
0.9032543
0.9125895
0.9323933
0.913839
0.9079441
0.9024452
0.904286
0.9092216
0.9001083
0.9408656
0.897654
0.9007857
0.8643484
0.9037986
0.8945526
0.9170725
0.9077792
0.9094585
0.9119273
0.9307794
0.9026418
0.910126
0.9034376
0.9004633
0.9017576
0.9006207
0.9207241
0.9207434
0.9210361
0.9079383
0.9016175
0.8516214
0.9157319
0.9173606
0.9111598
0.9070238
0.9152614
0.9127708
0.9137376
0.9049086
0.8994132
0.9082473
0.9052021
0.9038116
0.8976452
0.8998669
0.911194
0.838322
0.9084824
0.9052916
0.9072986
0.9013673
0.9046389
0.9021763
0.9205228
0.8502577
0.9104721
0.9037447
0.9049661
0.9201935
0.8976671
0.8458483
0.9154545
0.9109534
0.9080672
0.9073394
0.9106633
0.90149
0.8995143
0.9073359
0.9074403
0.9073176
0.902905
0.8505908
0.9038902
0.9096646
0.9004047
0.9059415
0.9009346
0.9093013
0.9094904
0.9179744
0.9177812
0.9060228
0.9201008
0.9125013
0.9065232
0.9002009
0.8301003
0.8936388
0.905363
0.9014405
0.9020102
0.900442
0.8924484
0.8988866
0.910856
0.8913458
0.8968439
0.8959745
0.9117476
0.9156264
0.921591
0.9153588
0.8294678
0.9004891
0.9124043
0.912695
0.9034071
0.9487289
0.9056159
0.8972805
0.9163216
0.9124387
0.8929738
0.9062979
0.9145964
0.9013832
0.9072011
0.9258614
0.9119536
0.9060736
0.896207
0.9011321
0.9013089
0.9014318
0.9214521
0.9211695
0.9221038
0.9167145
0.9085456
0.7633949
0.9155742
0.9172843
0.9147553
0.9113278
0.913142
0.9195153
0.9176075
0.9065159
0.8972781
0.9046026
0.910408
0.9021029
0.905824
0.9035659
0.9155035
0.7224997
0.9156958
0.9065522
0.9102976
0.9016684
0.9008345
0.8989881
0.924892
0.8459585
0.913729
0.9088464
0.9069601
0.926277
0.9061598
0.8460258
0.9159799
0.9146431
0.9076451
0.9115518
0.9190459
0.9062188
0.8963432
0.906896
0.9147957
0.9147931
0.9054962
0.756852
0.9053352
0.9135413
0.8967437
0.9024075
0.9003609
0.9138913
0.9088418
0.9142492
0.9183551
0.9089483
0.9161877
0.9100888
0.9169647
0.9072604
0.8347155
0.8954574
0.9106429
0.9024973
0.9028285
0.893705
0.8940987
0.8963303
0.9163543
0.8896996
0.9002219
0.8928793
0.9195602
0.9117637
0.9239967
0.9146216
0.8385395
0.9007072
0.9203687
0.9170909
0.9090779
0.9557699
0.9055352
0.8964711
0.9234585
0.9094074
0.9021633
0.9041794
0.9255834
0.9049496
0.9059539
0.9293704
0.9137889
0.9024373
0.8998773
0.922312
0.8804902
0.8794105
0.8987494
0.8985799
0.898997
0.9014637
0.894157
0.9084635
0.8869244
0.8967681
0.8890838
0.8738843
0.8889645
0.8906092
0.8836932
0.8588741
0.8914804
0.9159431
0.871571
0.8596894
0.8924468
0.8896619
0.8494427
0.9043227
0.8763256
0.919142
0.9186816
0.8818835
0.8865882
0.8781918
0.8798002
0.9055423
0.8688638
0.9031556
0.8870346
0.9177171
0.8959838
0.9105001
0.8778149
0.868257
0.8640499
0.8634321
0.8766274
0.8541566
0.8847671
0.9226784
0.8500149
0.9025141
0.8910905
0.9078999
0.8355266
0.8488035
0.8834863
0.8900176
0.8876571
0.8647117
0.8862501
0.8875693
0.8895063
0.8884655
0.8921376
0.8847855
0.9021478
0.8939622
0.9110622
0.9081246
0.9173246
0.9132546
0.9161283
0.9098331
0.9118954
0.9183111
0.9177541
0.9064015
0.9120871
0.9078521
0.9284042
0.8674135
0.9107161
0.8866609
0.9107998
0.8810173
0.8846739
0.8795045
0.8833743
0.9247043
0.8917657
0.9188538
0.9189529
0.8882121
0.8591053
0.8516067
0.8601437
0.857423
0.8520045
0.8796219
0.8949414
0.870922
0.8434368
0.8909576
0.8978301
0.8974209
0.913011
0.9121807
0.9122876
0.8956271
0.8898815
0.8957797
0.9233547
0.9289008
0.9105312
0.9072769
0.904918
0.8984627
0.913808
0.9105562
0.9002079
0.8918497
0.91077
0.9074423
0.8915645
0.8901483
0.9100516
0.9010324
0.9106708
0.8982883
0.8910689
0.8971101
0.8957057
0.8987582
0.9173692
0.891182
0.9139289
0.8916532
0.8916263
0.9108992
0.9045885
0.8966497
0.9129663
0.9115668
0.9140043
0.9073612
0.9144128
0.9026632
0.8930878
0.8849433
0.9158982
0.8888025
0.8879253
0.8943745
0.9097137
0.9178082
0.8894645
0.8952054
0.8960392
0.9195694
0.9030393
0.907795
0.9067513
0.9047206
0.9117605
0.9056182
0.8921047
0.8973564
0.8979712
0.8914956
0.895828
0.8894275
0.8931846
0.9101369
0.8843434
0.8826405
0.8953078
0.890811
0.8801602
0.8983467
0.8942466
0.9170265
0.9275221
0.9196225
0.9008518
0.8993722
0.9073309
0.9142023
0.8999017
0.9437654
0.8918879
0.8882844
0.8968879
0.9034645
0.8926718
0.9131466
0.9081089
0.9116038
0.9154011
0.9289311
0.9005867
0.909844
0.9020999
0.9192397
0.8770709
0.8761783
0.8986966
0.8980991
0.8986331
0.8989153
0.8936661
0.9064248
0.8882547
0.894261
0.8903027
0.8606085
0.8850422
0.8858126
0.8744586
0.8491031
0.8848869
0.9135675
0.8585253
0.8521558
0.8905162
0.8811417
0.8246021
0.9058267
0.8689904
0.9140296
0.9135491
0.8759752
0.8827759
0.8775689
0.8675787
0.903227
0.860666
0.8959776
0.8863005
0.9179244
0.89424
0.9092224
0.8615351
0.8545908
0.8531067
0.8501267
0.8677593
0.844708
0.8827751
0.9202509
0.8244423
0.8955789
0.8844886
0.907067
0.8105964
0.8271895
0.8771377
0.8807671
0.8808979
0.8665394
0.8833105
0.8850703
0.8860605
0.8831558
0.8916114
0.8830477
0.9002011
0.8975018
0.9076737
0.9081476
0.9163862
0.9087512
0.9065015
0.9105546
0.9079595
0.9121004
0.9142524
0.9048526
0.911024
0.9096978
0.9222674
0.8528947
0.9049613
0.8813039
0.9097008
0.8783995
0.8823551
0.8781867
0.8804888
0.9203344
0.8840202
0.9192239
0.9199828
0.8851252
0.8541232
0.8363287
0.8519306
0.8504875
0.839206
0.8724138
0.8923309
0.862809
0.826077
0.8925657
0.8952189
0.8958119
0.9164049
0.9163098
0.9168807
0.9028413
0.8993706
0.8920954
0.9243017
0.9308083
0.9084507
0.9095108
0.9042958
0.8988446
0.9139486
0.9100462
0.8976876
0.8914563
0.9120317
0.9076687
0.893182
0.8931089
0.9128138
0.8957573
0.9140415
0.8979381
0.8923662
0.8930319
0.8992391
0.9025256
0.9198953
0.8906244
0.9193583
0.8925336
0.8939294
0.9103601
0.9094616
0.893035
0.9160433
0.914453
0.917615
0.9086979
0.9141671
0.9049746
0.897873
0.8866295
0.9205111
0.8967787
0.8946514
0.8909192
0.9097534
0.918668
0.8892652
0.899203
0.8956768
0.9218346
0.9080418
0.9055204
0.9098171
0.9034561
0.9105182
0.904444
0.900059
0.9035587
0.8939865
0.8849375
0.8975888
0.8929366
0.8942365
0.9048057
0.890593
0.8859538
0.8977122
0.8919868
0.8796927
0.899337
0.8975167
0.9135481
0.92664
0.9208371
0.896623
0.9026568
0.91002
0.9157613
0.9006913
0.9438719
0.8949652
0.889551
0.8997593
0.904344
0.8918769
0.9162611
0.9100469
0.9118115
0.9164088
0.9314962
0.9001431
0.9084278
0.9057416
0.9225965
0.900659
0.8974085
0.9069051
0.9070809
0.907377
0.9074814
0.9053597
0.916928
0.9068035
0.9084296
0.9005939
0.8902726
0.9010601
0.9002357
0.9008977
0.8884165
0.9048937
0.9140041
0.8919275
0.891406
0.9064774
0.8975568
0.8866369
0.9168833
0.8948771
0.9196579
0.9198489
0.8938903
0.8981015
0.8959176
0.8826878
0.9162802
0.8912811
0.9094576
0.8999822
0.9173294
0.9049547
0.9201573
0.8963159
0.8935229
0.888678
0.8897349
0.8950685
0.8845836
0.8989766
0.922035
0.8857656
0.9073343
0.8997931
0.916605
0.8798147
0.8838229
0.8957038
0.897445
0.8965714
0.856958
0.8947013
0.8997478
0.9013805
0.899485
0.9039538
0.8998017
0.9075208
0.9085458
0.917922
0.9181384
0.9203636
0.9195568
0.9136299
0.9213111
0.9125487
0.9166519
0.9160615
0.9168885
0.9150135
0.9189892
0.9233752
0.8873485
0.9172435
0.9015605
0.9193679
0.893633
0.8950743
0.8942836
0.8974405
0.9220974
0.8999644
0.9223561
0.9222624
0.8993557
0.8814661
0.8854426
0.8845388
0.8925312
0.8823487
0.8994943
0.9041234
0.8899001
0.8823849
0.9226687
0.8811863
0.8775584
0.8912003
0.891463
0.8924716
0.8989119
0.8986605
0.9178848
0.8852163
0.8887592
0.888548
0.8910761
0.8846884
0.8886648
0.8993722
0.8798521
0.8857369
0.9158246
0.8900813
0.8801218
0.8931684
0.8804316
0.8790433
0.9166988
0.6730401
0.9206823
0.9206858
0.8771194
0.8826276
0.876295
0.8850005
0.9075901
0.8870085
0.8992906
0.8832114
0.9166609
0.8959773
0.9168724
0.887233
0.8823215
0.8816968
0.8817709
0.8928824
0.8779238
0.8828289
0.9226496
0.8742487
0.8967756
0.8823976
0.9146634
0.8666179
0.8726798
0.8774989
0.8850893
0.8800261
0.880013
0.8780066
0.8812967
0.8875769
0.8811953
0.8872435
0.8807306
0.8980243
0.8974642
0.9148756
0.9155748
0.9188799
0.9146032
0.9158195
0.9173898
0.9127928
0.9144362
0.9180103
0.9160876
0.913139
0.9158339
0.9281649
0.8825689
0.9126126
0.8929906
0.9159487
0.8746314
0.8491508
0.8551665
0.8777122
0.9255266
0.8847926
0.9218131
0.9203692
0.8841317
0.8772613
0.8733915
0.8782419
0.8838884
0.8781352
0.8958274
0.9014529
0.8826293
0.8749318
0.9030113
0.902032
0.8994575
0.926318
0.926336
0.9273774
0.9164687
0.9084256
0.8928428
0.9182909
0.9246315
0.9128859
0.9151953
0.9101368
0.9156467
0.9213535
0.9096885
0.9028154
0.8877445
0.9157447
0.9077715
0.9084918
0.9042584
0.9187633
0.8911677
0.9170618
0.8604098
0.8676747
0.9094843
0.9018003
0.9027723
0.9280067
0.8951029
0.9160576
0.9120169
0.9075802
0.923523
0.9079065
0.9005772
0.9190849
0.9206383
0.9121944
0.9155969
0.9182049
0.9077738
0.901248
0.9046558
0.9141597
0.9125473
0.906312
0.891561
0.9105322
0.9137502
0.9022308
0.904435
0.9012448
0.9236703
0.908802
0.9137642
0.916507
0.9084008
0.9164426
0.9145038
0.9181574
0.9108893
0.8953539
0.8590673
0.8808348
0.866319
0.8684712
0.8722449
0.8632562
0.8582465
0.8849401
0.861542
0.8658234
0.8720176
0.9155432
0.9184225
0.9300757
0.9195939
0.8999128
0.9038128
0.9219044
0.9207819
0.9075111
0.9536221
0.9026009
0.9001522
0.8875746
0.9118913
0.8997058
0.9126567
0.9200171
0.9097583
0.9151306
0.9322779
0.9130086
0.9083256
0.9044476
0.9326439
0.9099965
0.9104865
0.9172445
0.9168909
0.9174052
0.9278943
0.9194467
0.9167339
0.9107722
0.9075974
0.9091893
0.9053656
0.9077789
0.9187537
0.906802
0.8916571
0.9107193
0.9326421
0.90287
0.8972525
0.9185555
0.9153437
0.8941151
0.915932
0.9043564
0.9318701
0.9352349
0.9082686
0.9131167
0.898647
0.9062643
0.9182456
0.8991887
0.9212258
0.9147674
0.9265564
0.9114563
0.9195218
0.905095
0.8999475
0.8935098
0.9006334
0.9064221
0.8949793
0.9077822
0.9339319
0.8853631
0.9241764
0.9141736
0.9145467
0.8870558
0.8874902
0.9101147
0.9069049
0.9100077
0.8925402
0.9100908
0.911488
0.9105864
0.9119877
0.911602
0.9070069
0.9228297
0.9184142
0.9152156
0.9246789
0.932506
0.9282044
0.9266523
0.9184433
0.925864
0.9288546
0.9334576
0.9240267
0.926409
0.9179151
0.9387015
0.8938707
0.9178683
0.901208
0.9159422
0.8997127
0.9090621
0.9027389
0.9089888
0.9359424
0.9158178
0.9343068
0.9352672
0.910606
0.8935212
0.8900154
0.9044588
0.887024
0.8915504
0.9035131
0.9148086
0.9005346
0.8874467
0.9038596
0.9021147
0.9011733
0.9222649
0.9234126
0.9238554
0.9043595
0.9000688
0.9001812
0.922751
0.9260171
0.9135466
0.9128895
0.9102687
0.9069893
0.9169382
0.9117321
0.899646
0.865557
0.9129757
0.9089312
0.8967932
0.9050819
0.9152928
0.9036314
0.9133373
0.8720125
0.8672042
0.9041462
0.9027162
0.907026
0.9231743
0.9058502
0.9181196
0.9014985
0.9034077
0.9154124
0.9049691
0.909194
0.91786
0.9139762
0.9150933
0.9091982
0.9149558
0.910633
0.9026788
0.9015213
0.9179969
0.9004825
0.9061444
0.9009166
0.9081713
0.9132917
0.8994046
0.9054112
0.90141
0.919908
0.905238
0.9101668
0.9146977
0.9073307
0.9141787
0.9105342
0.9008276
0.9020165
0.9058556
0.8694398
0.8730295
0.8700805
0.8706534
0.8853214
0.8700131
0.8652136
0.8760416
0.871793
0.8693896
0.8786659
0.9068882
0.9142686
0.9302478
0.9177086
0.9080712
0.9065652
0.9162395
0.914716
0.8997405
0.945904
0.9039035
0.9021932
0.87793
0.9103561
0.8956395
0.9123544
0.9117731
0.9130729
0.9146294
0.9304366
0.9102837
0.9124075
0.9106313
0.919412
0.9124974
0.9131796
0.9188087
0.9190134
0.9198932
0.9065771
0.9050571
0.9178369
0.9233771
0.9280203
0.9160484
0.9142097
0.9144378
0.9169074
0.9141072
0.9136224
0.9137949
0.9107767
0.9137311
0.9097529
0.9017643
0.9099364
0.9158454
0.9182787
0.9141959
0.9222242
0.9187649
0.9074374
0.9109385
0.9053622
0.9142867
0.9153846
0.912944
0.9081218
0.9070434
0.8762436
0.9045061
0.9167938
0.9183827
0.9156341
0.9132425
0.9103155
0.916257
0.9106895
0.909021
0.9219089
0.911877
0.9094712
0.9094441
0.9143766
0.9088561
0.9130239
0.9064317
0.9124709
0.9131284
0.9098747
0.9082368
0.9118261
0.9157127
0.9146988
0.9146417
0.9083574
0.9065796
0.9041192
0.915459
0.916383
0.9168562
0.9162883
0.9151075
0.9168912
0.909382
0.9178695
0.9156193
0.916283
0.9141985
0.9181812
0.9262238
0.9136456
0.926577
0.918575
0.9164081
0.9067541
0.9055848
0.9077862
0.9122654
0.9325181
0.9113342
0.9232184
0.9171499
0.9095107
0.9055243
0.9131659
0.9112331
0.9088624
0.9116512
0.9249265
0.9095285
0.9140023
0.9102694
0.9086198
0.9013828
0.8993326
0.9141414
0.9149789
0.9165595
0.8828686
0.8844889
0.9103829
0.9226666
0.9313794
0.9109082
0.9115727
0.905696
0.892562
0.9133437
0.9172785
0.9090147
0.833806
0.9104014
0.9112219
0.8874912
0.8960407
0.9169163
0.9174929
0.9153523
0.8720173
0.8571374
0.9009397
0.9001729
0.9109163
0.9130608
0.9115936
0.9161242
0.8886163
0.8961206
0.907951
0.9002587
0.9158865
0.9156437
0.9126106
0.9177989
0.9070039
0.9151626
0.9097031
0.903521
0.9005028
0.917945
0.8862175
0.8988776
0.911755
0.9111546
0.9201319
0.897024
0.9050585
0.9019507
0.9177069
0.9068291
0.9051332
0.9043219
0.9063364
0.9086082
0.9071141
0.8814598
0.8922827
0.9164426
0.8725378
0.8629634
0.8682921
0.8686225
0.9002368
0.8644637
0.8602262
0.8589626
0.8764186
0.8570384
0.885361
0.9077341
0.9150061
0.9328345
0.9242992
0.9193875
0.9068706
0.9054133
0.9091805
0.9011387
0.9329575
0.8996626
0.9081328
0.8659289
0.9035177
0.8985694
0.9165223
0.9016195
0.919273
0.9218744
0.9310137
0.9004225
0.9139414
0.9127831
0.9021671
0.9017241
0.900065
0.9192767
0.9186892
0.9194018
0.902613
0.8985907
0.8927436
0.9164187
0.9239312
0.9112161
0.9107486
0.9100932
0.9066868
0.9167376
0.9099971
0.9038898
0.8721728
0.9121492
0.9067482
0.89151
0.9031164
0.9157059
0.8974303
0.913823
0.8409213
0.8406583
0.9006534
0.8985817
0.9042419
0.9226077
0.8887386
0.9168879
0.8924064
0.9027033
0.9184425
0.900972
0.8997745
0.9132793
0.9118156
0.9140411
0.9060019
0.9132186
0.9076555
0.897514
0.8984119
0.9163419
0.9004035
0.9036692
0.8898787
0.9086158
0.9163567
0.8993235
0.8979135
0.8991855
0.9140138
0.9060691
0.9104574
0.9153396
0.9077738
0.9141654
0.9084946
0.898867
0.8959374
0.8987056
0.8381944
0.8559354
0.8437763
0.8471456
0.8661157
0.8350678
0.8355187
0.8626192
0.8392464
0.8433703
0.8553298
0.9066202
0.9144466
0.9254032
0.9174335
0.9030682
0.9038968
0.9143715
0.9100668
0.9080192
0.9476846
0.9044623
0.8995513
0.8797946
0.9082778
0.8926081
0.9110555
0.9158338
0.9080752
0.9116379
0.9309744
0.9113292
0.906883
0.9017619
0.9270707
0.9236144
0.9231005
0.9254399
0.9256743
0.9257752
0.9093696
0.9150872
0.9281502
0.9312146
0.9313494
0.9256494
0.9199918
0.9215693
0.91969
0.9212381
0.9227828
0.9223231
0.9117237
0.9210321
0.9201794
0.9158898
0.9183855
0.9212169
0.9330085
0.9213685
0.9252909
0.9197833
0.9200838
0.919372
0.9187023
0.9214053
0.9263985
0.9182109
0.9184164
0.9170745
0.8422708
0.9140086
0.9287645
0.9256587
0.9245797
0.9224369
0.9159609
0.9174751
0.921168
0.9202681
0.9282399
0.9207412
0.9140101
0.9188402
0.9276969
0.9188303
0.9233169
0.9163275
0.9196045
0.9198659
0.9166809
0.9234002
0.9237539
0.9202245
0.9242285
0.9270307
0.9205109
0.9146088
0.9143484
0.9288828
0.9222869
0.9190205
0.9231639
0.9234401
0.9255768
0.9158029
0.9227254
0.9159313
0.9197744
0.9168568
0.9262483
0.9307023
0.9236564
0.9324477
0.9218203
0.9300768
0.9204487
0.9155782
0.9146291
0.9207806
0.9307097
0.9195819
0.9263605
0.9173719
0.9232983
0.9160213
0.9208812
0.9186557
0.925589
0.9208662
0.9330092
0.9172472
0.9194578
0.917261
0.9050127
0.9044547
0.9039963
0.9176984
0.9179469
0.917748
0.8955525
0.8978041
0.9115808
0.9244562
0.9282791
0.9127781
0.9107651
0.9104584
0.9029867
0.9141342
0.9130544
0.9031141
0.8726045
0.910889
0.908336
0.8951545
0.9013876
0.9148353
0.9188352
0.9145711
0.8572616
0.8463393
0.900668
0.9020615
0.9057955
0.9163593
0.910193
0.9197359
0.8976873
0.9018089
0.9111315
0.8981801
0.9170883
0.9161601
0.9160805
0.920349
0.9064498
0.9123899
0.9106297
0.9047139
0.9003536
0.9159753
0.8917552
0.9016233
0.909955
0.9129908
0.9180995
0.8995781
0.9074346
0.9060915
0.9164265
0.9074907
0.9066084
0.9111079
0.9089999
0.9109438
0.907303
0.8949755
0.9033384
0.9170719
0.8504391
0.8559406
0.8554135
0.8552055
0.884358
0.8476851
0.8465536
0.8577786
0.8617086
0.8480104
0.8663
0.9069972
0.9157613
0.9322373
0.9216882
0.9166875
0.9050569
0.9060238
0.9130886
0.9055641
0.9374646
0.8997291
0.9037133
0.8711519
0.9060714
0.9003698
0.9185679
0.9071902
0.9157805
0.9195895
0.9311439
0.9056113
0.9121375
0.9063579
0.903804
0.9033221
0.9018453
0.9174187
0.9167219
0.9170152
0.8997868
0.8968723
0.9013796
0.9186075
0.9282377
0.9112409
0.9111228
0.9101286
0.9019748
0.9168629
0.9120431
0.9041414
0.8687633
0.913045
0.9106991
0.8972292
0.900666
0.9168339
0.9061987
0.9139759
0.8306591
0.8234453
0.9008986
0.9022381
0.9095108
0.9186735
0.9021004
0.9152239
0.8985809
0.8963563
0.9174226
0.9051782
0.9108373
0.9165739
0.9134306
0.9130833
0.9047127
0.915275
0.9097973
0.9008267
0.9015645
0.9171168
0.8981528
0.9006236
0.9054489
0.910211
0.9193673
0.8987095
0.9011694
0.9012169
0.9197724
0.906375
0.9097569
0.9106948
0.9065915
0.9130572
0.9057245
0.8956644
0.8998964
0.9109687
0.8505973
0.8538493
0.8553928
0.854587
0.8790554
0.8460404
0.8453526
0.8616043
0.8531545
0.8425032
0.8693595
0.909305
0.9152353
0.9303694
0.9200881
0.9117511
0.9094817
0.9117094
0.9136183
0.9034822
0.9434136
0.9022057
0.9032353
0.8655914
0.9065936
0.8971589
0.9145004
0.9132407
0.9112196
0.9170122
0.9299665
0.9063575
0.9127486
0.90983
0.9037113
0.8993186
0.8975012
0.9201989
0.9202558
0.9209603
0.9046831
0.8989601
0.8973628
0.9168401
0.9269837
0.9097352
0.9090781
0.9099658
0.9118724
0.9138776
0.9098308
0.8993327
0.8847398
0.9078119
0.9085956
0.897769
0.9016751
0.912576
0.9009322
0.9134727
0.8479976
0.8503306
0.8959214
0.9008466
0.8986178
0.9192372
0.8986569
0.9123128
0.9002656
0.900286
0.9131087
0.9013539
0.899575
0.9186757
0.9154316
0.9155593
0.9064546
0.9163291
0.9066199
0.8974175
0.9010244
0.9126084
0.9018634
0.9026948
0.8976986
0.9075317
0.9156419
0.8969441
0.9024477
0.8982442
0.9157289
0.9069446
0.9077753
0.9118383
0.9045977
0.9113292
0.911688
0.9037452
0.8964886
0.9008163
0.8312822
0.8516927
0.8429946
0.8446837
0.8580159
0.8346198
0.8292927
0.8590198
0.8355975
0.8396784
0.8510183
0.9121741
0.9131452
0.926071
0.9148442
0.9020565
0.8985101
0.9162779
0.9129555
0.9020994
0.9483616
0.9009759
0.9019759
0.8705212
0.908089
0.8954718
0.9061944
0.9153484
0.9036844
0.9090297
0.9280394
0.9068409
0.9042659
0.904959
0.9125582
0.885957
0.8823593
0.8978523
0.8974486
0.8983345
0.8931796
0.8877011
0.9132284
0.8975685
0.9003726
0.8913789
0.8746417
0.8884788
0.878737
0.8861367
0.8662024
0.8891536
0.8996132
0.8808002
0.8737775
0.8875091
0.8816263
0.8659877
0.9143836
0.8787857
0.9159792
0.9129955
0.8798275
0.8835047
0.8832644
0.8614762
0.9051568
0.8752088
0.8932056
0.8870654
0.9061679
0.8925906
0.9123168
0.8784842
0.8759818
0.8736168
0.8692
0.8763672
0.8669595
0.8812716
0.9098991
0.8700033
0.8897832
0.8822183
0.913287
0.8545394
0.8720443
0.8800453
0.8860089
0.8823166
0.8340329
0.8811313
0.8852719
0.884094
0.884082
0.8931983
0.8827643
0.8865679
0.8928469
0.9146933
0.9085995
0.9124043
0.9095116
0.9083502
0.9194398
0.9027329
0.9089806
0.9108088
0.9080538
0.9055076
0.9129664
0.9196019
0.872829
0.9124614
0.8876114
0.9156567
0.882182
0.8760642
0.8771968
0.882877
0.915501
0.8845848
0.9083015
0.913886
0.8848851
0.8602182
0.8669213
0.8685876
0.8773008
0.8731085
0.8931921
0.888513
0.8751178
0.8630825
0.9126524
0.8858961
0.8839474
0.8983912
0.8981034
0.8988748
0.8939151
0.8896276
0.9066294
0.8897509
0.9002577
0.8929314
0.8776393
0.8866659
0.8837999
0.885794
0.8678541
0.8858348
0.9016055
0.8798635
0.8727909
0.8866448
0.8838674
0.8608731
0.9051672
0.8774301
0.9091039
0.9116109
0.8778444
0.8817189
0.8811115
0.8678774
0.9012518
0.878659
0.8964883
0.8863636
0.9129994
0.8942638
0.9054656
0.8783911
0.8698246
0.8737069
0.8702293
0.8831075
0.8661884
0.8812304
0.9126483
0.8638726
0.8936062
0.8848675
0.9062959
0.8585491
0.8664877
0.8793813
0.8844536
0.8779425
0.831068
0.8807243
0.8848845
0.8890531
0.8835674
0.8891923
0.8878036
0.8959119
0.8918178
0.9062802
0.9039864
0.9110173
0.9079908
0.9034886
0.9091007
0.9023494
0.9081973
0.9094156
0.9033869
0.9038746
0.9090617
0.9175462
0.8767841
0.909056
0.8882798
0.9090649
0.8798977
0.879003
0.8851969
0.8797461
0.9239556
0.8859745
0.9103657
0.913552
0.887672
0.8567155
0.8691523
0.8717429
0.8706821
0.8635004
0.8922106
0.8906233
0.8813645
0.8611018
0.9179535
0.889366
0.8889328
0.9004364
0.9010023
0.9006825
0.8978798
0.8954978
0.9127837
0.8896074
0.8959778
0.89083
0.8730665
0.8895631
0.8893695
0.8693717
0.8655762
0.8892447
0.909925
0.8768742
0.8671344
0.8941117
0.8894245
0.8062126
0.9097144
0.8718367
0.9139937
0.9123561
0.8838518
0.8910831
0.8829298
0.8769866
0.9056249
0.8742843
0.8993682
0.8884818
0.9164591
0.8945592
0.9101006
0.8721458
0.8694128
0.868089
0.8662462
0.8820897
0.8583303
0.8860677
0.9198906
0.8482769
0.9015057
0.8878515
0.9111481
0.8413685
0.8582984
0.8787359
0.8873093
0.8883848
0.8727584
0.8873371
0.8880554
0.8939005
0.8861938
0.8937478
0.8905703
0.9018071
0.8962812
0.9102055
0.9080846
0.917226
0.9092297
0.9108154
0.914654
0.9070803
0.9121456
0.9124116
0.9082424
0.9069145
0.9143643
0.9240529
0.8668935
0.9065814
0.8869494
0.9091328
0.8846376
0.8857752
0.885486
0.8903992
0.9230564
0.8858954
0.9190604
0.9164779
0.8928482
0.8602353
0.8559441
0.86675
0.8676153
0.8608283
0.8568963
0.897166
0.8710906
0.8151999
0.9028521
0.9043777
0.90217
0.9222522
0.9217118
0.922002
0.8990121
0.896662
0.9037492
0.9238059
0.9302612
0.9127129
0.91126
0.9135885
0.9006904
0.9183845
0.9095965
0.9043806
0.8701395
0.910809
0.9117252
0.8951152
0.9022886
0.9172953
0.9071692
0.9187946
0.8542999
0.8482951
0.9028404
0.8992231
0.9040262
0.918144
0.9058978
0.9149681
0.9003755
0.9009827
0.91502
0.9028185
0.909719
0.9175937
0.9172911
0.9164858
0.9117502
0.9162664
0.9096704
0.9002142
0.8992755
0.9186339
0.8977007
0.9013461
0.9018835
0.9153287
0.9196288
0.8994829
0.8996583
0.9015838
0.9176842
0.9079536
0.9093989
0.9111783
0.9092128
0.9141758
0.9107231
0.8991116
0.9018318
0.9044575
0.8509043
0.8549595
0.8533263
0.8568822
0.8780694
0.8447514
0.8447618
0.863473
0.8512902
0.8466823
0.869224
0.9081507
0.9169383
0.9308453
0.9155462
0.9057209
0.9066828
0.9089523
0.9148606
0.9062101
0.9432053
0.8997896
0.8984206
0.8675157
0.9062059
0.8957584
0.9163419
0.9133338
0.9155251
0.9170549
0.9294162
0.9068487
0.9080994
0.9054794
0.9049303
0.9063984
0.9035741
0.9203586
0.9200403
0.9204072
0.8998338
0.8982295
0.9068063
0.9242711
0.929199
0.913045
0.91491
0.9110556
0.9027683
0.9197546
0.9118565
0.9077744
0.8664924
0.9124011
0.9108988
0.8955676
0.9049861
0.9164583
0.911369
0.918612
0.8570627
0.8517275
0.9030742
0.902913
0.9057465
0.9203444
0.9064505
0.9164474
0.9030804
0.9039496
0.9173531
0.9054174
0.9098955
0.9174459
0.9157084
0.9188006
0.911543
0.9151293
0.9094185
0.903463
0.9042741
0.9201147
0.8980012
0.903695
0.9067863
0.9150189
0.9205439
0.9003815
0.900667
0.9060006
0.9187146
0.9117357
0.9106884
0.911354
0.9150269
0.9163342
0.9113576
0.9022662
0.9026094
0.9078637
0.8509561
0.8598204
0.8532988
0.8595066
0.8806288
0.8488815
0.8502414
0.8638981
0.8539881
0.8481171
0.8674021
0.9082832
0.9170521
0.9309956
0.9196026
0.9082251
0.9117689
0.9104016
0.9138554
0.9062178
0.9410874
0.8995814
0.9028408
0.8719648
0.911832
0.8976029
0.9187395
0.9124375
0.9165523
0.9194854
0.9309321
0.9094722
0.9103426
0.9098364
0.8499179
0.9158547
0.9130544
0.9248738
0.9242472
0.9255668
0.9090876
0.9083006
0.9167841
0.9303738
0.9397782
0.9220738
0.9216878
0.9172259
0.9117359
0.9243012
0.9201421
0.9175988
0.9065589
0.9206281
0.920893
0.9059826
0.9137856
0.9245142
0.9158403
0.9241189
0.9111742
0.9060782
0.9126129
0.9122299
0.9205854
0.9255799
0.9090052
0.9250426
0.9083678
0.9071317
0.9182336
0.9123606
0.9151225
0.925823
0.9274517
0.9234819
0.9196173
0.9236752
0.9183017
0.9155832
0.8149799
0.9256104
0.9124986
0.9154376
0.9151193
0.921832
0.9295361
0.9076553
0.9118505
0.9119008
0.9244489
0.9198873
0.9177744
0.9199729
0.9207143
0.9218916
0.9191955
0.9052917
0.9120435
0.9182724
0.9109479
0.9103841
0.9087332
0.9105995
0.9223304
0.9056452
0.9059491
0.9097455
0.9063109
0.9023745
0.9165944
0.0307076
0.9270153
0.9363731
0.9316538
0.919676
0.918305
0.9170477
0.9201466
0.9114006
0.9452425
0.9120066
0.8456822
0.9128374
0.9171993
0.910562
0.9284421
0.9185193
0.9270504
0.9244484
0.9387826
0.9135394
0.9255993
0.9210536
0.9228878
0.8793738
0.8770715
0.8919168
0.8923753
0.8938134
0.8982923
0.8992248
0.9177947
0.8858145
0.8911999
0.8879206
0.8900574
0.8849336
0.8872289
0.9002057
0.880829
0.8839318
0.9170771
0.8905648
0.8801248
0.8914684
0.8784029
0.8803428
0.9177856
0.670012
0.9204047
0.9205594
0.8767518
0.882632
0.8748224
0.8845256
0.9083422
0.8882094
0.8993044
0.8832162
0.9175443
0.8955192
0.9168188
0.8881873
0.8849523
0.8836699
0.8810066
0.8923039
0.8783711
0.8829141
0.9223291
0.8769336
0.8974607
0.8802945
0.9139197
0.8683518
0.8730872
0.8771725
0.8846541
0.8824189
0.8813112
0.8780083
0.8825904
0.8848293
0.8808759
0.8882428
0.8786765
0.8967313
0.8984178
0.9151276
0.9152518
0.9181802
0.916232
0.9168718
0.9172609
0.9115813
0.9127277
0.9174257
0.9171864
0.9124282
0.917762
0.927588
0.8833696
0.9124832
0.8957934
0.914979
0.8738929
0.8524712
0.8556644
0.8789327
0.9257674
0.8822616
0.922225
0.9210517
0.8838168
0.8756246
0.8735135
0.87914
0.8848978
0.8793932
0.8986885
0.9004757
0.8838351
0.8741121
0.901374
0.8967775
0.8966869
0.9190312
0.9195075
0.9202208
0.8999049
0.8937687
0.8984324
0.9190116
0.9275927
0.9109465
0.9143466
0.9053706
0.9056897
0.9164443
0.9130435
0.8996989
0.8509481
0.9130435
0.9108651
0.8892272
0.8993978
0.9151768
0.9013559
0.9141011
0.8650743
0.858953
0.9021475
0.9019068
0.9020452
0.9221413
0.898576
0.9178247
0.8943834
0.8978726
0.9151073
0.9007516
0.9032437
0.9196181
0.919352
0.918363
0.9066211
0.9154531
0.908782
0.8985628
0.8955336
0.9183919
0.897567
0.9006709
0.8981289
0.9105659
0.9158703
0.891618
0.9017381
0.8996373
0.9204263
0.9056272
0.9079953
0.9146181
0.9078065
0.9127083
0.9140775
0.8969857
0.8977026
0.9014397
0.8600539
0.8678848
0.8616568
0.8663493
0.8793822
0.8577382
0.8534125
0.8700269
0.8556276
0.8517148
0.867371
0.9038298
0.9136896
0.9334828
0.9171428
0.9044807
0.9022148
0.9097742
0.9097127
0.8989171
0.9490187
0.8994098
0.90026
0.8772522
0.907414
0.8949502
0.9129642
0.9110153
0.9141501
0.9147041
0.9310598
0.9088868
0.908786
0.9058196
0.9068885
0.9030173
0.8973232
0.9169604
0.9173665
0.9180124
0.8876442
0.8845037
0.9096375
0.921344
0.9279823
0.9115808
0.9096572
0.9067081
0.8973557
0.9107917
0.9133864
0.9054906
0.8438035
0.9095463
0.9120963
0.8886913
0.8985263
0.9142084
0.9154441
0.9112509
0.8733929
0.860264
0.8962376
0.897873
0.9061647
0.9147797
0.9084333
0.9146355
0.8913686
0.8965012
0.9093738
0.9005411
0.9178723
0.9135099
0.9113295
0.9164634
0.908174
0.9135657
0.9098716
0.9030327
0.8965556
0.9199786
0.8899083
0.8997325
0.9066691
0.9079243
0.9195295
0.8994736
0.9042897
0.9031905
0.9183915
0.9029637
0.9061128
0.9036354
0.9030182
0.9119917
0.9053546
0.8847849
0.8932075
0.9172154
0.8686062
0.8651724
0.8643649
0.8613794
0.9017384
0.8635966
0.8622807
0.8614091
0.8761635
0.8583739
0.8803291
0.9011903
0.914536
0.9299741
0.9194938
0.9176092
0.9028594
0.9044405
0.9076839
0.8976387
0.9329316
0.8978949
0.9061532
0.872509
0.9058084
0.8934953
0.9149105
0.9037843
0.917077
0.9196448
0.9283087
0.9068233
0.9112837
0.910182
0.9084735
0.8980524
0.8975332
0.9040251
0.904512
0.9046177
0.8574321
0.8541511
0.9112803
0.9130435
0.9165886
0.9037284
0.8970861
0.8976395
0.8910268
0.9034208
0.8949016
0.9032131
0.8954524
0.8970053
0.8909045
0.8473939
0.8914785
0.904072
0.9149846
0.898645
0.9149684
0.9040253
0.8899891
0.895294
0.8892906
0.9002992
0.9090554
0.8976645
0.8581848
0.8893697
0.9090496
0.7194739
0.9121424
0.9054643
0.8998057
0.9016854
0.8948106
0.9002654
0.8969974
0.8995811
0.9103149
0.8965037
0.8567101
0.8918685
0.9114937
0.8941776
0.9009566
0.8894861
0.8994969
0.8945096
0.8988229
0.8990636
0.8987821
0.8995263
0.9009121
0.9037564
0.9002097
0.8530494
0.8588362
0.9140262
0.9067328
0.9018542
0.9050773
0.9048521
0.9160181
0.900486
0.905749
0.89741
0.9056692
0.8995127
0.9103978
0.9092324
0.9035958
0.9199876
0.905359
0.9160297
0.8856366
0.8841486
0.8919993
0.8956278
0.925408
0.8978554
0.908952
0.9015385
0.8960733
0.8907104
0.8969703
0.8935756
0.9010487
0.9032281
0.9152691
0.9030898
0.9026577
0.8901527
0.9060075
0.9063209
0.9018523
0.9196829
0.9198526
0.920107
0.9007077
0.8968797
0.9033172
0.9236412
0.9272846
0.9114387
0.9104005
0.9105954
0.8998923
0.9145031
0.9107751
0.9069577
0.8617328
0.914082
0.9082236
0.8998887
0.902677
0.9144702
0.9078802
0.9139057
0.8352214
0.8254109
0.8994818
0.9023237
0.9074212
0.9199286
0.9026178
0.9137804
0.8987465
0.8998749
0.9172025
0.9070417
0.9109621
0.9145406
0.9123353
0.9115562
0.9079868
0.9160004
0.9072953
0.9011091
0.9021375
0.9182229
0.898637
0.9020471
0.9061997
0.9146746
0.9172511
0.9002628
0.9011373
0.9023239
0.9196262
0.9066138
0.909107
0.9100088
0.9089976
0.9132922
0.9070466
0.8985021
0.9016698
0.9083705
0.8573469
0.8607581
0.8555751
0.8580171
0.8812862
0.8526902
0.8478516
0.8631379
0.8534255
0.8465907
0.8709963
0.9100224
0.9176544
0.9313243
0.9206976
0.9117961
0.9089067
0.9110977
0.9156614
0.9049331
0.9446303
0.9022127
0.9033627
0.8717099
0.9090685
0.8957747
0.9155009
0.9107378
0.9132246
0.9181962
0.9317437
0.9073515
0.9101507
0.9090231
0.9108056
0.8736316
0.8737921
0.8950139
0.895472
0.8957356
0.9050924
0.8940467
0.8989306
0.8838488
0.8877402
0.8863571
0.8660655
0.8803113
0.888635
0.8745754
0.8466684
0.8804435
0.9123348
0.8592199
0.8483176
0.8896819
0.8811589
0.8388753
0.8941333
0.8691712
0.9126518
0.9136781
0.8752713
0.8833685
0.875641
0.8738318
0.8963384
0.8611142
0.8967217
0.8851253
0.9188157
0.8912108
0.8991501
0.860483
0.8585054
0.8526821
0.855127
0.8669854
0.8407316
0.8775309
0.9193496
0.8316367
0.9014064
0.8826079
0.8964447
0.799961
0.8400947
0.8739542
0.8762943
0.8766557
0.8648728
0.8777378
0.8826751
0.88974
0.8792408
0.8856423
0.8818593
0.903446
0.8936927
0.8965107
0.9034945
0.9140536
0.9069118
0.9087894
0.9065303
0.904502
0.9096177
0.9168054
0.9036475
0.9063364
0.9070482
0.9248518
0.8643592
0.9053652
0.8818076
0.9004957
0.874583
0.8845706
0.8797105
0.8782587
0.9278168
0.8834803
0.9159342
0.9196683
0.8819723
0.8480518
0.8327391
0.8629538
0.8486741
0.8458082
0.8742454
0.8980878
0.8610027
0.8382386
0.9079588
0.9014361
0.8965707
0.9151569
0.9156807
0.9162511
0.8879931
0.8845209
0.9088556
0.9207083
0.9287443
0.9110064
0.9098665
0.9054176
0.8982216
0.9107652
0.9122578
0.9049858
0.8454454
0.9113246
0.9119118
0.8889547
0.8980161
0.9134373
0.9159263
0.9116157
0.8741335
0.8621572
0.8977976
0.8984544
0.906656
0.9155324
0.9088432
0.9141411
0.892612
0.8958288
0.9103998
0.9013931
0.9173663
0.9146051
0.912508
0.9165143
0.9072756
0.9147804
0.9107098
0.9028868
0.8964044
0.9186762
0.8904191
0.8984556
0.9093129
0.9082938
0.9200043
0.8999338
0.9044628
0.9040846
0.9186364
0.9039716
0.9058883
0.9034505
0.9041479
0.910636
0.9067129
0.8845522
0.8935483
0.9162865
0.8676359
0.8652361
0.8664089
0.8634311
0.9011459
0.8665072
0.8620413
0.8638934
0.8755016
0.8609254
0.8807655
0.9010411
0.9149731
0.9295351
0.9209709
0.9176211
0.9037142
0.9053729
0.9078564
0.898057
0.9331212
0.8977888
0.9077565
0.8735252
0.9062173
0.8937152
0.9148055
0.9035581
0.9151395
0.920468
0.927788
0.9085789
0.910905
0.9114185
0.9177315
0.884362
0.8837101
0.8981592
0.8985711
0.8990243
0.8953572
0.8916777
0.909935
0.8672843
0.8740929
0.8947946
0.8923999
0.8912634
0.8915248
0.8997277
0.8853473
0.8894105
0.9083366
0.8907805
0.8843327
0.8968591
0.8821005
0.8859756
0.9120551
0.8809643
0.9167662
0.9087585
0.8751776
0.8827967
0.8878122
0.8982169
0.9077287
0.8930891
0.895762
0.8845408
0.9182634
0.8978612
0.9160207
0.89668
0.8959227
0.8883696
0.884072
0.8945438
0.8881912
0.8877251
0.9218247
0.8901115
0.8980489
0.8830508
0.9086056
0.8771093
0.889538
0.8784177
0.8900621
0.8872375
0.8933205
0.8834079
0.8903279
0.8903446
0.8884007
0.890793
0.8882001
0.8981511
0.8936276
0.9140405
0.9094526
0.9138369
0.9110452
0.911544
0.9161295
0.9056972
0.9096738
0.9131322
0.9130142
0.907512
0.9142737
0.9228943
0.8907788
0.9188412
0.9034085
0.9175453
0.8835777
0.88258
0.8886295
0.8831799
0.9270678
0.8835119
0.9190656
0.9160666
0.8851318
0.8821126
0.8837836
0.8856896
0.8921684
0.8860252
0.9031273
0.8972952
0.8931685
0.8822596
0.9209668
0.8947256
0.8968047
0.901408
0.9004237
0.9015769
0.9056211
0.8994439
0.9185078
0.9010669
0.9023594
0.8971504
0.8843261
0.8945154
0.8971909
0.89701
0.8750777
0.8963005
0.9159035
0.8802415
0.8787127
0.899717
0.8958042
0.8800363
0.9178492
0.8854822
0.9204798
0.9192205
0.8855792
0.8976567
0.8873535
0.8752274
0.9139941
0.8883821
0.9051319
0.8971067
0.9161024
0.8990161
0.9159047
0.8918324
0.8860267
0.8762808
0.8771955
0.889884
0.8808163
0.8935864
0.9202354
0.8747727
0.900327
0.8954006
0.9163867
0.868027
0.878588
0.8916081
0.8909796
0.8937792
0.8597277
0.8942462
0.8920432
0.8960891
0.8944373
0.8961261
0.8926784
0.9088671
0.9032533
0.9120988
0.9131381
0.9178626
0.9172855
0.9155527
0.9133544
0.9127791
0.9180067
0.9193201
0.91167
0.916714
0.9174435
0.929218
0.8764045
0.9129379
0.8978843
0.9161425
0.8829212
0.8928661
0.8824321
0.8948595
0.9288942
0.8983093
0.9226188
0.9237221
0.8938107
0.8770216
0.875515
0.8820084
0.881662
0.8805451
0.898473
0.9008089
0.8886698
0.8741448
0.9034333
0.9067902
0.9039902
0.9215426
0.9217501
0.9224944
0.8988314
0.8996527
0.9094009
0.9288745
0.9340187
0.9196598
0.9152345
0.9117428
0.9073549
0.9176271
0.9141799
0.9145491
0.8759829
0.9113238
0.9127565
0.8970588
0.9084273
0.916256
0.9134993
0.9163671
0.8855789
0.8781112
0.9065683
0.9105834
0.9123395
0.9204734
0.908606
0.9146363
0.898579
0.905505
0.915566
0.9026384
0.9134517
0.9197473
0.9178566
0.9157091
0.9073352
0.9142324
0.910215
0.9074114
0.8964709
0.9205081
0.9003044
0.9078825
0.9098511
0.9123369
0.9226826
0.9043133
0.9118431
0.910727
0.915303
0.9122732
0.9122277
0.914585
0.9103362
0.9181521
0.9125478
0.8962065
0.9002984
0.9201024
0.8758977
0.8779738
0.8754168
0.8773446
0.8967754
0.8751067
0.8676586
0.8750972
0.8735387
0.868608
0.893008
0.9071008
0.9191266
0.9289037
0.9211322
0.920179
0.9115726
0.91004
0.9113042
0.9114379
0.9429072
0.9070558
0.8999002
0.8805987
0.912331
0.9006142
0.9175575
0.9147254
0.918267
0.921853
0.9294515
0.9052554
0.9170101
0.9103278
0.936168
0.9060986
0.908112
0.911022
0.9109691
0.9118476
0.9225229
0.9176575
0.9236516
0.8550158
0.8610423
0.9080082
0.9143956
0.9070357
0.9199385
0.9162575
0.9076355
0.9059218
0.9347183
0.9131472
0.9049943
0.9192275
0.912736
0.9064438
0.9263658
0.903566
0.9297167
0.9295645
0.9004252
0.9115532
0.9081819
0.9103455
0.9267309
0.9107723
0.922023
0.9132176
0.9306901
0.9177381
0.9287983
0.9088747
0.9094215
0.9103573
0.9099656
0.9103995
0.9071188
0.9057503
0.9368919
0.9013283
0.9262667
0.9109085
0.926347
0.8990673
0.9020649
0.9069727
0.9079042
0.9084643
0.9045991
0.9070581
0.9066231
0.9088168
0.9065928
0.9072839
0.9094578
0.9267503
0.9152461
0.9272041
0.9284519
0.9378525
0.9307035
0.9308547
0.9276361
0.9290452
0.92967
0.9349961
0.9294721
0.9311822
0.9291675
0.939886
0.9065522
0.921688
0.9165958
0.9259574
0.9052854
0.9077231
0.90668
0.9050921
0.9385088
0.9078205
0.9383021
0.937779
0.906145
0.9087236
0.8982092
0.9096674
0.9020815
0.9047193
0.9073954
0.9236768
0.9072387
0.9010337
0.9283496
0.900289
0.9011059
0.9108313
0.911155
0.911674
0.9170332
0.9160859
0.920299
0.9013879
0.9055635
0.9063025
0.8914099
0.9043097
0.9097022
0.8983093
0.8882638
0.9051584
0.9262576
0.8941501
0.8860182
0.9163315
0.9061399
0.8834153
0.9208841
0.8973808
0.9234149
0.9259815
0.9000854
0.9027758
0.8998369
0.894804
0.9187437
0.8883905
0.9164802
0.907728
0.9251673
0.9089228
0.9224795
0.8936806
0.8936964
0.8897114
0.8952587
0.8980265
0.8898495
0.9033591
0.9334794
0.8787008
0.9146513
0.9056777
0.9198672
0.8687511
0.8804519
0.9007403
0.9043432
0.9035893
0.8902692
0.9019794
0.9047619
0.9050944
0.9040768
0.9035693
0.9028373
0.9174299
0.9118789
0.9198868
0.9206433
0.9249075
0.9247746
0.9212288
0.9246798
0.9214363
0.9242958
0.92504
0.9225206
0.9241249
0.9219589
0.9378097
0.8864159
0.9130016
0.9048104
0.9213554
0.9027262
0.9075379
0.9043072
0.8988812
0.9284702
0.9058695
0.9299788
0.9294346
0.9029722
0.8974432
0.8764086
0.8921015
0.8859332
0.8769913
0.9023364
0.914744
0.8900167
0.8796824
0.9026831
0.9003859
0.900978
0.9186331
0.9187661
0.9191348
0.9074221
0.9005115
0.8505561
0.915001
0.9179478
0.9088015
0.9069034
0.9104588
0.9120245
0.9133418
0.9061986
0.901235
0.9081629
0.904811
0.9032999
0.8972138
0.901095
0.9111466
0.8427068
0.9111731
0.9022499
0.905284
0.9009733
0.9035764
0.9015075
0.9211855
0.851571
0.9093452
0.9020904
0.904495
0.9184079
0.8992077
0.8446707
0.9140379
0.9089534
0.9077131
0.9066334
0.9087737
0.8996067
0.8995184
0.9059248
0.90631
0.9076266
0.9023541
0.8524695
0.9015748
0.9104678
0.9009633
0.9046125
0.9012527
0.9059869
0.9080533
0.9166608
0.9160504
0.9045378
0.9182286
0.9104921
0.905418
0.9001648
0.8360374
0.8919512
0.9068571
0.9000542
0.9020511
0.9004451
0.8930248
0.8994098
0.9083521
0.8924546
0.8955273
0.8951429
0.9093651
0.9155751
0.9209743
0.916033
0.8363394
0.9003341
0.9116203
0.9112512
0.9026223
0.9462309
0.9059256
0.8979381
0.9157956
0.9123519
0.8915789
0.9076184
0.9152001
0.9000466
0.9074298
0.9266961
0.9109622
0.9051388
0.8954982
0.9298394
0.8918957
0.8968481
0.9049904
0.9050136
0.9067143
0.9195491
0.9126078
0.9191743
0.8528943
0.8576848
0.8994735
0.907104
0.8978487
0.9119893
0.910898
0.9016631
0.8986939
0.9239187
0.9098848
0.8993308
0.9121726
0.8984389
0.8992092
0.9146329
0.8903475
0.9230368
0.9249608
0.8921257
0.9004989
0.8961896
0.9055554
0.9150562
0.9058088
0.9136165
0.9022699
0.9272777
0.9116851
0.9171938
0.9063691
0.9066986
0.9035368
0.9000494
0.9078824
0.9013976
0.8992221
0.9325078
0.9002566
0.9211012
0.8969884
0.9178364
0.8874545
0.9012393
0.89527
0.8990237
0.8964857
0.8991347
0.8997576
0.8982004
0.8983946
0.8951724
0.900893
0.894488
0.9157729
0.9119442
0.9171761
0.9196256
0.9296677
0.9254016
0.9228045
0.9175514
0.9191767
0.9247016
0.9248457
0.9206299
0.9219034
0.9212092
0.9336105
0.9036136
0.9176286
0.9117872
0.9185374
0.8971787
0.9007035
0.9005556
0.8953558
0.9404383
0.8976734
0.9286369
0.9318238
0.8973899
0.8992696
0.893826
0.9045991
0.8994321
0.8951445
0.9105084
0.9143937
0.9070854
0.8958141
0.9003657
0.8990215
0.897028
0.9146762
0.9143914
0.915185
0.8954071
0.8914981
0.8933421
0.9197895
0.9279229
0.908091
0.9111111
0.906651
0.8960567
0.9132012
0.9078215
0.9014583
0.8891267
0.9101124
0.9049951
0.8873631
0.8960978
0.9118088
0.8952551
0.9084246
0.8992073
0.8946674
0.8978805
0.8985686
0.8987117
0.9166962
0.8816675
0.9130913
0.8913487
0.8965754
0.9123944
0.9016258
0.8911182
0.9132913
0.9119441
0.9106507
0.9052749
0.9114631
0.9028963
0.8984988
0.8929561
0.9133506
0.8879912
0.8982504
0.8946908
0.907656
0.917936
0.8909677
0.8969861
0.9001265
0.9147982
0.9047977
0.9054359
0.9121117
0.9049735
0.9114436
0.9072272
0.8928898
0.8952874
0.8938709
0.8933475
0.8933006
0.8935238
0.8953653
0.903419
0.8929225
0.8886601
0.8976624
0.8907154
0.8848355
0.9014957
0.9032234
0.9155632
0.9282999
0.9216736
0.8995104
0.8987227
0.9084613
0.9101212
0.9017066
0.9422586
0.899899
0.8985577
0.9020369
0.9048639
0.8924794
0.9109921
0.9079382
0.911364
0.9127744
0.9280201
0.9047703
0.9052241
0.9029724
0.9003555
0.8860759
0.8821023
0.9027664
0.9035341
0.9043444
0.815715
0.8039967
0.9127278
0.912834
0.9183194
0.8971606
0.8971171
0.8959273
0.884209
0.9044316
0.9004708
0.8943708
0.8856687
0.8998921
0.8942995
0.8013601
0.8785909
0.8953539
0.9152991
0.8947577
0.9027934
0.8937507
0.8782035
0.8780569
0.8913393
0.8978656
0.9054488
0.9041847
0.8122038
0.8830759
0.9019489
0.8577081
0.9094779
0.9036436
0.8998678
0.9059017
0.8890431
0.8972932
0.8933101
0.8900742
0.9006817
0.903579
0.775147
0.8790677
0.9121614
0.8952181
0.9075955
0.87709
0.8862914
0.884727
0.9013001
0.8944189
0.8929531
0.8946073
0.8913976
0.9015453
0.8935524
0.8120351
0.822474
0.9132778
0.8942976
0.8935991
0.8891053
0.9012377
0.9140037
0.8904125
0.8877209
0.8913036
0.8967962
0.8789807
0.9054215
0.9032199
0.9037011
0.9218173
0.9098598
0.9136347
0.8871665
0.8901079
0.8911604
0.8850015
0.9293568
0.8798822
0.9024182
0.8947408
0.8924163
0.8793001
0.9032781
0.8873157
0.8991396
0.9050628
0.9199817
0.891196
0.8952687
0.8914797
0.8990424
0.8986453
0.8987993
0.9150884
0.9157175
0.9160886
0.8934648
0.8948437
0.8992262
0.9158856
0.9300427
0.9089234
0.9136538
0.9093098
0.9021669
0.9166932
0.9140156
0.9009926
0.8689844
0.9134334
0.9108876
0.8934828
0.8989517
0.9156665
0.9017661
0.9139463
0.8501343
0.8482879
0.9028689
0.8975545
0.9022918
0.9222698
0.8996434
0.9186329
0.8997116
0.89831
0.9110986
0.901516
0.9062923
0.9154191
0.9127887
0.9182538
0.9104887
0.9179852
0.9117949
0.8970891
0.8967835
0.9167959
0.8977306
0.900018
0.9005563
0.9060403
0.9159702
0.891949
0.9026144
0.89784
0.9190439
0.9050263
0.9084665
0.9066591
0.9067232
0.9118343
0.9048009
0.9007454
0.8957192
0.9030375
0.8480743
0.8572881
0.8484516
0.8492105
0.87169
0.8389772
0.8439797
0.8591074
0.8467468
0.8409768
0.863889
0.9068656
0.9169549
0.9288294
0.9160114
0.9058887
0.9028541
0.9108544
0.9118434
0.9012018
0.9451432
0.895111
0.8962966
0.8708261
0.9072293
0.8954537
0.9168523
0.9096364
0.9112935
0.9141988
0.9311947
0.9069816
0.9087077
0.9036827
0.9010469
0.8975386
0.8944483
0.9112346
0.9110254
0.9113628
0.896601
0.8930503
0.8963052
0.9246975
0.9306368
0.9080177
0.9122433
0.9045796
0.8945085
0.9130993
0.9090419
0.9012913
0.8937988
0.9119812
0.9045195
0.8928519
0.8930627
0.9092863
0.8999203
0.9154271
0.8991147
0.8978009
0.8973434
0.8981549
0.8999348
0.9165247
0.8901235
0.9135302
0.8899824
0.8918604
0.9126371
0.9015393
0.9016587
0.9139183
0.9073233
0.9100771
0.9059039
0.9112426
0.8998884
0.8990038
0.8936776
0.9153325
0.8903657
0.8951085
0.897449
0.9124567
0.9146155
0.8917116
0.8978065
0.8970412
0.9183253
0.9020826
0.9088436
0.905538
0.9043428
0.9121499
0.9044908
0.8938789
0.8996966
0.9015572
0.8967326
0.8931953
0.8935812
0.8996003
0.9087323
0.8939116
0.8913635
0.8995709
0.8952962
0.8886595
0.9026026
0.9024507
0.9152763
0.9270786
0.9174253
0.9014943
0.899866
0.9062646
0.9068301
0.8993565
0.9408811
0.8952564
0.9003004
0.9019078
0.9030963
0.8934244
0.9121303
0.9073921
0.914246
0.9105357
0.9256181
0.9044604
0.9091233
0.9059688
0.9176241
0.8863456
0.8839526
0.9024995
0.9014349
0.9019302
0.8905325
0.8856663
0.9121443
0.89835
0.9008156
0.8985512
0.8836486
0.887836
0.8842939
0.8917048
0.8791639
0.8935694
0.9040452
0.8862972
0.8795591
0.8874213
0.8892153
0.87378
0.915006
0.8775132
0.9137519
0.9095218
0.8781349
0.889881
0.8884251
0.8730548
0.9017399
0.8841823
0.8919438
0.8851572
0.9131727
0.8955411
0.9116419
0.8819847
0.8767728
0.8811539
0.8778713
0.8857235
0.8727399
0.8891829
0.9174545
0.8720202
0.8933759
0.8896064
0.9117374
0.8643642
0.8758711
0.8874411
0.8918159
0.888651
0.8385632
0.8876741
0.8872317
0.889942
0.8883748
0.8930209
0.885963
0.8908157
0.8931853
0.91555
0.9082239
0.9099057
0.9094161
0.9062153
0.9118142
0.9014145
0.9106798
0.9048166
0.9067677
0.907673
0.9137397
0.9206828
0.8808314
0.9127617
0.8903695
0.9152073
0.8903703
0.8790875
0.8877978
0.8854031
0.9221394
0.8885629
0.9150519
0.9115173
0.8837765
0.8688088
0.8756088
0.8720321
0.8805176
0.8752971
0.8999145
0.8955108
0.8852459
0.8682033
0.9182
0.8719108
0.8733732
0.8907741
0.8908403
0.8918079
0.8994453
0.8930054
0.9025473
0.7995892
0.8169702
0.8841553
0.8932417
0.8840357
0.8904704
0.8949368
0.8841253
0.8791932
0.9110212
0.8889838
0.8790258
0.8914632
0.8777549
0.8793278
0.9030099
0.8701468
0.9122263
0.9138942
0.8692341
0.8777995
0.8713142
0.8911349
0.9007271
0.8896797
0.8943986
0.8747511
0.9186774
0.891935
0.9099558
0.8935908
0.888716
0.8891423
0.8811599
0.8903751
0.8732654
0.874796
0.9171425
0.8849317
0.896961
0.8777343
0.9016679
0.866285
0.8801881
0.8691144
0.8777982
0.8747006
0.8844759
0.8767996
0.8766065
0.8826501
0.8774789
0.8855952
0.8751621
0.9000928
0.8921866
0.9047687
0.9023693
0.9096511
0.9108617
0.9090941
0.9068603
0.9002426
0.9077109
0.9133692
0.9010642
0.9067462
0.9046995
0.9232403
0.8914231
0.9100414
0.8907461
0.9059835
0.8753808
0.8843731
0.8790326
0.8760534
0.9357861
0.8740668
0.9146923
0.9194003
0.8762097
0.878001
0.873614
0.88189
0.8789255
0.8816853
0.8993945
0.8995255
0.8881457
0.8700688
0.9114038
0.8738513
0.8710502
0.893565
0.8935914
0.8929914
0.8972704
0.887329
0.898519
0.8937722
0.8958847
0.8871938
0.8692092
0.8863563
0.8905073
0.8890085
0.8690612
0.876594
0.9079744
0.8658412
0.8691215
0.8914656
0.878659
0.859026
0.901786
0.8711365
0.9055129
0.9101892
0.871809
0.8760858
0.8796105
0.880357
0.9014863
0.8721966
0.8924693
0.878822
0.9162423
0.8932032
0.9059148
0.8737668
0.8689153
0.8701848
0.8653613
0.8794064
0.8592347
0.8767931
0.9120241
0.8606856
0.8959226
0.8773317
0.8974295
0.8525515
0.863633
0.8759477
0.8790238
0.876862
0.8663853
0.8791129
0.8862696
0.8886898
0.8805279
0.8885117
0.8815562
0.8968185
0.8912396
0.9055084
0.9031424
0.9080825
0.9043624
0.9030831
0.9108763
0.8984367
0.9046001
0.9095975
0.9010415
0.9011025
0.9059841
0.9207295
0.8730496
0.9061597
0.8853631
0.9067667
0.8817364
0.8831225
0.8846906
0.8791077
0.9249709
0.8792397
0.9080952
0.9148069
0.8867586
0.8539765
0.8595093
0.8640655
0.8650295
0.8591326
0.8910803
0.8926694
0.8637809
0.8543787
0.920772
0.8836893
0.8841973
0.898534
0.8988291
0.8993202
0.9058334
0.8979882
0.9156056
0.8553671
0.8643811
0.8902374
0.8994897
0.8883438
0.9049639
0.9065506
0.8914853
0.8903233
0.9170165
0.8945842
0.8874215
0.9022817
0.8827129
0.8905102
0.9097686
0.8811346
0.9175287
0.9174083
0.8864995
0.8840919
0.8848158
0.8924132
0.9093946
0.891197
0.902401
0.8845864
0.9231111
0.902338
0.9174148
0.8998707
0.8954485
0.8935348
0.8931382
0.8945366
0.8933574
0.8838881
0.9253917
0.8918439
0.901995
0.8822533
0.9147121
0.8792681
0.8936306
0.8843459
0.8879212
0.8881565
0.8860583
0.8850891
0.8882662
0.8941176
0.8876473
0.8904367
0.8906483
0.9063419
0.901666
0.9171658
0.9127436
0.914647
0.9128185
0.9176462
0.9179982
0.9106992
0.9132228
0.9200112
0.9142908
0.9139603
0.9137459
0.9255128
0.8974215
0.9198756
0.9031975
0.9175092
0.8858292
0.8881161
0.8910958
0.8863067
0.930306
0.8824756
0.9211819
0.9226612
0.886566
0.8854613
0.8837101
0.8948307
0.892519
0.8912216
0.9067882
0.9096115
0.8976103
0.8852382
0.9044952
0.9041474
0.9047516
0.9158358
0.9172295
0.917335
0.8916216
0.8967286
0.9142796
0.9255068
0.9293979
0.9120895
0.9120864
0.9084076
0.9007282
0.9136765
0.9142255
0.9073395
0.8670058
0.9117856
0.9083819
0.8920971
0.9018708
0.9161153
0.9195333
0.9177584
0.8558456
0.8453348
0.9018314
0.9017906
0.9048563
0.9173636
0.9119943
0.9182519
0.8979347
0.8984423
0.9100223
0.8993749
0.9169761
0.9152131
0.9185206
0.9224478
0.9077116
0.9127037
0.9111016
0.9017944
0.8993779
0.9162502
0.8904622
0.9019083
0.9120374
0.9109777
0.918067
0.899185
0.9083008
0.9059014
0.9187788
0.9082768
0.9073981
0.9108428
0.9109526
0.9111048
0.9063728
0.8944577
0.9007356
0.9157597
0.8497918
0.8508548
0.8550779
0.8549137
0.886507
0.846333
0.844225
0.8538127
0.8602517
0.8442265
0.8696512
0.9087248
0.9137433
0.9311368
0.919675
0.9163062
0.9044324
0.9055972
0.9111454
0.9062388
0.935055
0.9017593
0.9043276
0.8662871
0.9063906
0.8989001
0.9195704
0.9052666
0.9147444
0.9182169
0.9288335
0.9028056
0.9129926
0.9067184
0.9091965
0.8723629
0.8727672
0.8925214
0.8922721
0.8933642
0.8870343
0.8839234
0.9017188
0.854873
0.8653441
0.8866717
0.8910934
0.879379
0.887054
0.8917278
0.8844785
0.8817063
0.9010957
0.8906894
0.8790081
0.8827579
0.8722475
0.8822825
0.9079687
0.8729258
0.9094801
0.9032467
0.872458
0.8720362
0.8783133
0.8917047
0.9058002
0.8884015
0.8857298
0.8741594
0.9116487
0.8969682
0.9083618
0.8906328
0.8921457
0.8826678
0.8795733
0.8924371
0.8803406
0.8745744
0.9084131
0.8833966
0.8875141
0.8706462
0.9023673
0.8687718
0.8942435
0.8639623
0.8775243
0.8765355
0.8861227
0.8772917
0.8786501
0.882504
0.8759337
0.8829465
0.8786154
0.8891071
0.8895736
0.9092756
0.9022076
0.9050969
0.8990568
0.904549
0.9108016
0.8986333
0.9027688
0.8999173
0.903824
0.8962172
0.9088156
0.9125884
0.8933277
0.9143779
0.8988956
0.9108362
0.8763577
0.8793563
0.8812632
0.8695301
0.9289183
0.8698286
0.9099135
0.9102108
0.8798263
0.8722778
0.879284
0.8817357
0.8910923
0.8878195
0.9064342
0.8942027
0.886572
0.8767404
0.9113164
0.9057154
0.9070986
0.9257743
0.9250468
0.9255238
0.9231752
0.9144077
0.850641
0.9188185
0.9215645
0.9165583
0.9156029
0.9162156
0.9233535
0.9216726
0.9122782
0.9010882
0.9198287
0.9146591
0.9093374
0.9109447
0.9132041
0.9203605
0.8504061
0.9177573
0.9110586
0.9132942
0.911542
0.9086396
0.9035264
0.9312502
0.8583427
0.9171063
0.9141172
0.9158125
0.9267964
0.9122658
0.8574916
0.9238396
0.9216729
0.9145085
0.9188331
0.9216001
0.9131433
0.9044126
0.9161048
0.9130435
0.9214936
0.9164452
0.8477825
0.9098209
0.915739
0.9061849
0.9108377
0.9053513
0.9201043
0.9157543
0.9178589
0.9196798
0.9143816
0.9190391
0.9151468
0.9231014
0.9138023
0.6822014
0.897643
0.9170024
0.9109212
0.9103769
0.9022046
0.9021441
0.9041437
0.9196612
0.90159
0.905884
0.9039678
0.9223447
0.9144896
0.9289959
0.9186749
0.6979216
0.9057326
0.9237753
0.9201541
0.9112823
0.9590081
0.9130358
0.9092569
0.9235483
0.9143954
0.905339
0.9104244
0.9267933
0.907965
0.9113906
0.926713
0.9210526
0.9113339
0.900309
0.9026761
0.9074491
0.9054481
0.917045
0.9171009
0.9174929
0.900957
0.9023749
0.9084151
0.9217606
0.9301218
0.9157567
0.9157905
0.9161231
0.909456
0.9171299
0.9175906
0.9090037
0.897083
0.9136698
0.9122345
0.8982598
0.9067715
0.916992
0.9106758
0.9144191
0.9113532
0.9061244
0.9059611
0.9096272
0.9099719
0.9193864
0.9076928
0.9140784
0.9027126
0.9023081
0.9097724
0.9060549
0.9127388
0.9169211
0.9154982
0.9174926
0.9131472
0.9153776
0.9096143
0.9075973
0.9059056
0.9140686
0.9001076
0.9072986
0.9082458
0.9093798
0.9140463
0.906333
0.9076771
0.9071843
0.9112325
0.9060141
0.9106905
0.9121096
0.9076429
0.9173439
0.9102255
0.9002467
0.9018819
0.9084558
0.9072169
0.9057048
0.9090847
0.9086376
0.9117667
0.9035544
0.9062673
0.9060183
0.9022273
0.9013663
0.9126516
0.9081058
0.9122316
0.9295575
0.9194006
0.9137323
0.9095705
0.9073832
0.9095338
0.9061921
0.9350662
0.9073687
0.9049849
0.9051961
0.9104625
0.8996432
0.9123381
0.9071446
0.9091996
0.9107423
0.9298029
0.9070305
0.9096904
0.9086735
0.9179618
0.8863817
0.887224
0.8968948
0.8963716
0.8969486
0.9005457
0.8940823
0.9068079
0.8923492
0.8957286
0.8905437
0.8694825
0.8880296
0.8958814
0.8817505
0.8612328
0.8904724
0.9107425
0.8703697
0.8653362
0.8904388
0.8874343
0.8515821
0.904447
0.8740897
0.9159443
0.9199361
0.8782673
0.8868864
0.8727306
0.8770128
0.9041067
0.8683506
0.9003625
0.8860434
0.9159295
0.8931896
0.9075994
0.8689442
0.8674971
0.8634287
0.8634783
0.8741972
0.8537401
0.8848963
0.9203418
0.8414135
0.9022372
0.8861275
0.9081552
0.8209974
0.8468553
0.8809925
0.8878819
0.8873536
0.8681497
0.8823125
0.8831084
0.8949423
0.8857939
0.8902277
0.8848334
0.9039609
0.894682
0.9093083
0.9097531
0.9176914
0.9107774
0.9157981
0.9100963
0.9101047
0.9106773
0.9185421
0.9061407
0.9120475
0.9097814
0.9264811
0.8654926
0.9037564
0.8874788
0.9123431
0.8745643
0.8851273
0.8809237
0.8893465
0.917657
0.8887563
0.9181388
0.9178864
0.8901497
0.8619343
0.8461336
0.8664595
0.8539548
0.847495
0.8824018
0.8951437
0.8626081
0.8519696
0.9254455
0.8953878
0.8959257
0.9045512
0.904036
0.9044877
0.9105845
0.9038228
0.9137095
0.8951261
0.8997155
0.8995997
0.8871771
0.894469
0.8994669
0.891147
0.8731761
0.8941514
0.9211495
0.8855296
0.8760768
0.9048297
0.8938529
0.8693583
0.9135589
0.8845325
0.9205746
0.922898
0.892584
0.8976829
0.8933534
0.8922351
0.9097986
0.8801589
0.9075132
0.8976454
0.9254398
0.8990783
0.9150367
0.8839193
0.8828893
0.875372
0.8756692
0.8844433
0.870641
0.8917918
0.9291305
0.8662448
0.9113951
0.8948369
0.9130373
0.8487185
0.8697412
0.8916468
0.8918929
0.8923425
0.8834973
0.8927794
0.8959954
0.9022948
0.8977382
0.9023124
0.8939772
0.913321
0.9053269
0.9108226
0.9116221
0.9223075
0.9174254
0.9178729
0.9112226
0.914393
0.9137301
0.9210878
0.9129877
0.9134697
0.9101714
0.9303939
0.872543
0.9089298
0.8873098
0.9112166
0.8935238
0.8958781
0.8900271
0.8957603
0.9300669
0.8964051
0.9254035
0.9251188
0.9009698
0.8753246
0.8505747
0.882878
0.8721308
0.8668766
0.891188
0.9053609
0.8723775
0.8656464
0.9256742
0.8935396
0.8923303
0.9033107
0.9027953
0.9029392
0.9078065
0.9023286
0.9128805
0.89544
0.8991718
0.9015398
0.881348
0.8964734
0.8994641
0.8936109
0.8749772
0.8959757
0.9218027
0.8793178
0.8759023
0.9038845
0.8961917
0.8646258
0.9120034
0.8848704
0.9206567
0.9267155
0.8931092
0.8979585
0.8927636
0.889903
0.9106285
0.8793346
0.9076154
0.8992921
0.9264338
0.8988812
0.9151678
0.8881392
0.8850198
0.8763398
0.8734468
0.8815035
0.8692389
0.8948141
0.9279385
0.8661236
0.9097525
0.8961457
0.9098163
0.8465151
0.867802
0.8890094
0.8948251
0.8946501
0.8878938
0.8936534
0.8947368
0.9029088
0.8955772
0.9006003
0.8958681
0.9106369
0.9034932
0.9092586
0.9131888
0.9229931
0.9173597
0.9163203
0.9134813
0.9142159
0.9163956
0.9213203
0.9158231
0.9143333
0.9132339
0.9305374
0.8733084
0.9112188
0.8858865
0.9139257
0.8908255
0.8936231
0.8907167
0.8950132
0.9300248
0.8961702
0.9245593
0.9260764
0.9011203
0.8774469
0.8494032
0.88302
0.8700668
0.8687813
0.8881466
0.9039468
0.8661661
0.8654002
0.9264131
0.894898
0.8953551
0.902403
0.9022728
0.9026866
0.9118985
0.9030109
0.9122037
0.8990961
0.8997299
0.9042654
0.879637
0.8964918
0.9000321
0.8933929
0.8708013
0.8959943
0.9191065
0.8795011
0.8750638
0.9042133
0.8966836
0.8670622
0.9133989
0.8872041
0.9201393
0.9238989
0.8944814
0.8963591
0.896898
0.887095
0.9122955
0.880689
0.9083667
0.8984089
0.9236426
0.902667
0.912959
0.8818867
0.8795302
0.8715823
0.8745769
0.884761
0.8688094
0.8946351
0.9297864
0.8642815
0.9110055
0.8964407
0.9123775
0.8515083
0.8603046
0.8939487
0.89685
0.8949064
0.8849468
0.894735
0.8985281
0.9047451
0.8970499
0.9008895
0.8947088
0.9111553
0.9017208
0.9112055
0.9152861
0.9227795
0.9173362
0.9192274
0.91492
0.9139237
0.9175582
0.9203117
0.911858
0.916077
0.912058
0.9303229
0.8689762
0.911498
0.8880613
0.9096706
0.895172
0.8955828
0.8923707
0.894084
0.9305317
0.8990176
0.925033
0.9235193
0.8995046
0.8788177
0.8504142
0.8795509
0.8699668
0.8722622
0.8921631
0.9025566
0.8725586
0.8634206
0.9101226
0.9015918
0.9005316
0.9182445
0.9180374
0.9181424
0.8929263
0.8941903
0.914886
0.9244793
0.9303904
0.9130849
0.9094614
0.9124704
0.9061019
0.9154725
0.911192
0.9143111
0.867679
0.9112441
0.9120154
0.8953948
0.9019523
0.9123187
0.9176955
0.9168543
0.8695151
0.8564145
0.8992111
0.9086712
0.9089545
0.9146566
0.9096203
0.9150514
0.8913043
0.9042557
0.9062191
0.901
0.9195735
0.9126834
0.9120655
0.9180703
0.9081953
0.9152941
0.9089746
0.9076478
0.9037012
0.9174509
0.8916898
0.9029371
0.9156416
0.9107467
0.9175799
0.8994387
0.9098279
0.9072954
0.9180195
0.911923
0.9085049
0.9101104
0.9099086
0.9126046
0.9078316
0.8850321
0.9003088
0.9180538
0.8203448
0.801447
0.8000237
0.7940897
0.8654091
0.8107589
0.8196715
0.8089496
0.7944828
0.8101539
0.8359088
0.9082589
0.9150643
0.9311257
0.9191443
0.920166
0.9089642
0.9044046
0.9110683
0.905244
0.9334311
0.9018017
0.9080919
0.8607798
0.907189
0.8983186
0.9149389
0.9022995
0.914229
0.9194446
0.9273772
0.9026117
0.9163146
0.9120726
0.9101501
0.9077898
0.9091785
0.9235569
0.9230877
0.9240925
0.9087499
0.9064443
0.9098181
0.9252621
0.9334503
0.916561
0.9180449
0.9170952
0.9097289
0.9210443
0.91748
0.910114
0.8847448
0.9200731
0.9177615
0.9061591
0.9107136
0.9185796
0.9126324
0.9204226
0.8790677
0.8742651
0.9126592
0.9102972
0.9118602
0.9245098
0.9064797
0.9197396
0.9074154
0.9063148
0.9186952
0.9076956
0.9152136
0.9225521
0.9204859
0.918676
0.9174253
0.9202589
0.9121725
0.9073206
0.9054229
0.9198085
0.9065922
0.9106792
0.9105414
0.9185903
0.9203166
0.9063929
0.9083004
0.9082582
0.9220596
0.9162137
0.9159497
0.9167932
0.9169495
0.9210572
0.9149921
0.9113329
0.9072791
0.9138344
0.8608053
0.8684102
0.8644353
0.8660801
0.8809902
0.8633808
0.8575361
0.8755087
0.8636483
0.8630816
0.8739353
0.912729
0.9199791
0.9328573
0.9268881
0.9132578
0.9110929
0.9182631
0.9148201
0.9063238
0.9435857
0.9079413
0.9105941
0.8553744
0.9171452
0.9035337
0.9178872
0.920554
0.9188253
0.9186022
0.9318497
0.9110376
0.9158117
0.915503
0.9183666
0.9146879
0.9120969
0.9232036
0.9239385
0.9242318
0.8934215
0.9033356
0.9280904
0.93253
0.9363499
0.9197261
0.9213986
0.9147842
0.9026978
0.9190665
0.9238841
0.9206129
0.8778637
0.9211854
0.9206078
0.9033682
0.9117689
0.9198467
0.9327657
0.9210406
0.8863117
0.8708746
0.9133341
0.9125632
0.9203414
0.9181705
0.9247857
0.9224503
0.9046776
0.9074725
0.9105918
0.9098618
0.9300785
0.9215528
0.919927
0.9283558
0.9166489
0.9195835
0.9176562
0.9168509
0.9134598
0.9270255
0.8974743
0.9111103
0.9258667
0.9211962
0.9268875
0.9104741
0.9160919
0.9159646
0.923145
0.9152025
0.9165541
0.9157465
0.9186706
0.9203088
0.9165131
0.8979003
0.9093775
0.929989
0.8773567
0.8650023
0.8720466
0.8673427
0.9018436
0.8736657
0.8676957
0.8689003
0.8762586
0.8710233
0.8930348
0.9166181
0.9253742
0.9375408
0.9267393
0.9307738
0.918581
0.9110027
0.9142192
0.9102596
0.9267849
0.9104323
0.9191378
0.8415249
0.9167552
0.9095785
0.9258266
0.9092675
0.9264509
0.9265974
0.931987
0.9086734
0.9264845
0.9238645
0.9066004
0.7668603
0.7658325
0.8086154
0.8077041
0.8097891
0.8954838
0.8881644
0.897153
0.882857
0.8962458
0.7590827
0.8924082
0.8178229
0.8879706
0.897894
0.8858339
0.7582373
0.9000981
0.8931586
0.8835044
0.8859435
0.7538881
0.8871957
0.8998633
0.8758518
0.9016056
0.9031372
0.8497906
0.7265303
0.873721
0.8963216
0.8946303
0.8926286
0.8871291
0.7604137
0.9167771
0.8945406
0.9009026
0.8923335
0.8891754
0.8876437
0.8847049
0.8907364
0.8830212
0.7438874
0.9018754
0.8906909
0.888191
0.7563435
0.8961321
0.8813022
0.8884275
0.6967182
0.7698375
0.7535329
0.8985091
0.8101897
0.803972
0.8130881
0.7864139
0.8168161
0.7994
0.8934638
0.8904917
0.9021606
0.8937995
0.9003185
0.9001625
0.9024355
0.9052286
0.8911165
0.8941125
0.9016175
0.8972453
0.8918081
0.9029601
0.9098703
0.8932188
0.9172945
0.9008925
0.9067784
0.8716171
0.8936994
0.891533
0.7760086
0.9381331
0.7106336
0.9048352
0.9109636
0.8064104
0.8663399
0.8841286
0.885531
0.8861426
0.8877267
0.9077718
0.8974026
0.8852672
0.8773011
0.9051486
0.903365
0.9028615
0.916096
0.916155
0.9161461
0.8896763
0.8933275
0.913839
0.9222207
0.9300139
0.9099012
0.90838
0.9087729
0.9029967
0.9165243
0.9091367
0.9077455
0.8665407
0.9092824
0.9067427
0.8936139
0.9011156
0.9154894
0.9192254
0.9162591
0.8652074
0.8491793
0.903625
0.9045708
0.908214
0.9131907
0.9103357
0.9136299
0.8984474
0.9009432
0.9097316
0.8988149
0.9175235
0.9140176
0.9138972
0.9176366
0.9068998
0.9154945
0.9093704
0.9033424
0.9037525
0.9190463
0.8901107
0.9016702
0.9131561
0.9071246
0.9197494
0.8971689
0.9061984
0.9040532
0.9140642
0.9061011
0.9058401
0.9097341
0.9098035
0.9093792
0.904029
0.8952922
0.8959059
0.9153625
0.8531399
0.8528818
0.8499543
0.8575315
0.88536
0.8478352
0.8518448
0.8540497
0.8611512
0.8521146
0.8715192
0.9102602
0.9135776
0.9329329
0.9168382
0.9174243
0.9081846
0.9061587
0.9133929
0.9025376
0.9353727
0.8992939
0.9038469
0.864726
0.9042839
0.897249
0.9146355
0.9114488
0.9167052
0.9186752
0.9305017
0.905742
0.9137508
0.9101454
0.9009777
0.9035491
0.9055579
0.9271895
0.9273559
0.9279429
0.9197192
0.9137003
0.8419972
0.9183234
0.9214107
0.9130711
0.9154404
0.9156342
0.9205321
0.9177512
0.9065049
0.897815
0.9098514
0.9100372
0.906627
0.9076169
0.9047824
0.9150021
0.8430125
0.9149678
0.9057147
0.9075642
0.9080934
0.9051393
0.9054678
0.9287956
0.851019
0.9152267
0.9139127
0.9093206
0.925459
0.9092873
0.8522056
0.9196768
0.9180168
0.9113834
0.911679
0.9163425
0.9065201
0.9024653
0.9080084
0.911646
0.916147
0.9063507
0.839091
0.9044283
0.9142746
0.9026941
0.9034298
0.8991827
0.9193366
0.9106005
0.917393
0.9181914
0.909627
0.9225072
0.9119539
0.9202288
0.912789
0.7558524
0.895967
0.9110872
0.9052639
0.9031457
0.8983955
0.8925174
0.8958318
0.9130621
0.8916997
0.9001921
0.897202
0.9152825
0.9155038
0.9267847
0.9197316
0.7598665
0.9063786
0.9226728
0.9198811
0.9087088
0.9581234
0.9093078
0.9001143
0.923546
0.9133886
0.8990362
0.9122658
0.9190442
0.907208
0.9101786
0.9286161
0.9154842
0.907305
0.8987793
0.8886791
0.8939599
0.8926815
0.9133443
0.9136757
0.9139762
0.8876342
0.8805057
0.8807675
0.9155109
0.9267352
0.9046897
0.9059897
0.9011192
0.890895
0.9110142
0.9101018
0.894675
0.8804544
0.9093395
0.9015088
0.8800224
0.8875051
0.9046876
0.8892624
0.9074741
0.8895812
0.8869578
0.8902051
0.8912987
0.8937773
0.9160426
0.8791029
0.9133694
0.8856804
0.8892447
0.9121982
0.8919531
0.8875585
0.913028
0.9107328
0.9117256
0.9009623
0.9095402
0.9008751
0.8897287
0.8870366
0.9112486
0.8834781
0.8891351
0.8803227
0.9023565
0.9137251
0.8870518
0.8945097
0.8887781
0.9131406
0.9037195
0.9021332
0.9093234
0.9023425
0.909711
0.9037286
0.8856526
0.8866143
0.8873344
0.8811186
0.8909017
0.8843203
0.8895263
0.898625
0.8780799
0.880725
0.8905579
0.8823375
0.8753154
0.8954636
0.8965105
0.9113432
0.924525
0.9149737
0.8917611
0.8953318
0.9044792
0.9089853
0.8947426
0.9444742
0.8883606
0.885943
0.8946814
0.9014054
0.8847211
0.9117594
0.9027443
0.9015248
0.9124631
0.9256848
0.897761
0.8997426
0.8929412
0.8982906
0.8971156
0.8945439
0.9115555
0.9118084
0.9125685
0.8913787
0.8872117
0.8919562
0.9170663
0.9287919
0.9072904
0.909078
0.9023551
0.8922622
0.9120648
0.9055958
0.8995545
0.8869707
0.9101336
0.9029098
0.8850127
0.8919885
0.9068715
0.896094
0.9083262
0.8999308
0.8944587
0.8941348
0.8943149
0.8945453
0.9158055
0.8818028
0.9101344
0.8898361
0.8957729
0.9107673
0.8991047
0.8907748
0.9137773
0.9115069
0.9095063
0.9039867
0.9095941
0.8989116
0.8951367
0.88924
0.909344
0.8839081
0.8948824
0.8927434
0.9073596
0.9161288
0.8883456
0.8935838
0.8965354
0.9134718
0.9023331
0.9025733
0.9089903
0.9012786
0.9098022
0.9029725
0.8922309
0.8920688
0.8967667
0.8906054
0.8952786
0.8927865
0.8964876
0.9039468
0.8907582
0.8861816
0.893956
0.8899645
0.8825383
0.8979436
0.9023438
0.9154409
0.9259722
0.9200382
0.898072
0.8941947
0.9076945
0.9049493
0.8985748
0.940889
0.8983499
0.8957286
0.9002522
0.8997592
0.8895076
0.9074214
0.9033785
0.9084232
0.911054
0.9272835
0.904705
0.9042576
0.8980894
0.9169637
0.8893918
0.8892373
0.9037201
0.9028938
0.9041197
0.9050235
0.897811
0.9007286
0.8985043
0.899993
0.8983147
0.8775584
0.8982364
0.9040323
0.8862103
0.8724965
0.8900321
0.9158615
0.8799378
0.8801633
0.8945947
0.8926102
0.8731761
0.8988385
0.8866657
0.9174218
0.9183369
0.8833266
0.890154
0.8854812
0.8880371
0.901412
0.880725
0.9001039
0.8928956
0.9161745
0.8965345
0.9053749
0.8904382
0.8848934
0.8779718
0.8818617
0.8923992
0.8725522
0.8884151
0.9201951
0.8667497
0.907074
0.8940757
0.8969852
0.8545421
0.8659847
0.8845635
0.8919996
0.8873611
0.8775235
0.8927294
0.8967823
0.9009809
0.8947406
0.897722
0.893693
0.9054611
0.8949896
0.9044673
0.9086153
0.9186269
0.9111965
0.911351
0.9035132
0.9061986
0.9121838
0.9164132
0.9053568
0.9110667
0.9052195
0.9262082
0.8800948
0.9080832
0.8902802
0.9065911
0.8837539
0.8907339
0.8866686
0.8890691
0.9174898
0.8929932
0.9172168
0.9215566
0.9005111
0.8700921
0.8651007
0.8821924
0.8704158
0.8635477
0.895794
0.900492
0.8739145
0.8601023
0.9062744
0.9006716
0.8954033
0.913962
0.9139061
0.9142837
0.8860245
0.8839707
0.9080782
0.9213072
0.9299546
0.9094143
0.911406
0.9055998
0.8974942
0.9105424
0.9129744
0.907316
0.8414786
0.9097315
0.9123156
0.8893446
0.8952273
0.9150068
0.9120072
0.9137684
0.8679317
0.8590209
0.8977987
0.9025948
0.9069556
0.9158845
0.9071169
0.917405
0.8874625
0.8968831
0.9094801
0.8997535
0.9136526
0.9148022
0.9122069
0.9194147
0.9097842
0.9174071
0.9108793
0.9013566
0.89749
0.9179379
0.8881301
0.8963544
0.9053077
0.908233
0.9194193
0.8969338
0.90274
0.9031541
0.9179728
0.9064901
0.9057137
0.9044312
0.9069877
0.9099455
0.9068133
0.8885175
0.8940448
0.9123971
0.8661546
0.8687886
0.8671656
0.8671975
0.898751
0.8641694
0.8577323
0.8657315
0.8701328
0.8600969
0.879885
0.9032809
0.9151309
0.9296202
0.9233011
0.9149982
0.9054958
0.9059149
0.9102508
0.8982185
0.9352457
0.897226
0.9023087
0.8750048
0.9047791
0.8964479
0.9172226
0.9060591
0.9180968
0.9174453
0.9279537
0.9073989
0.9097439
0.9115872
0.9019665
0.9029399
0.9018122
0.917257
0.9170505
0.9177217
0.9097332
0.9043045
0.8419296
0.916872
0.923465
0.9102998
0.9068261
0.9139774
0.9066119
0.9183745
0.9053793
0.897053
0.9048479
0.9090716
0.9052658
0.9048846
0.900434
0.913912
0.8394786
0.9092834
0.9039146
0.9043002
0.9023259
0.900115
0.9024207
0.9227864
0.8350696
0.9158964
0.901507
0.9013264
0.9264909
0.907319
0.8361711
0.9138377
0.9131484
0.9094126
0.9100493
0.9144638
0.9077283
0.8999247
0.9042365
0.9089043
0.9099292
0.9011013
0.8381474
0.9094554
0.9111551
0.9002199
0.9002716
0.8969922
0.9169841
0.9096339
0.9138923
0.9170648
0.909471
0.9155562
0.9126744
0.9086351
0.9064746
0.8435145
0.8964051
0.9066609
0.9020836
0.9015851
0.9017648
0.893328
0.9003359
0.9102587
0.8919107
0.8969068
0.8961194
0.9165165
0.9127561
0.9252607
0.9179971
0.8439805
0.9014872
0.9179558
0.9156422
0.9053659
0.9510611
0.9030749
0.8959602
0.9211769
0.9110398
0.8938079
0.9076174
0.9152644
0.9010797
0.9087074
0.9265548
0.9122005
0.9085835
0.9017656
0.908642
0.8773211
0.8763865
0.894647
0.8948303
0.8953687
0.8925353
0.8782443
0.9004562
0.8891572
0.8943101
0.8831782
0.8872678
0.8852689
0.8948753
0.8954588
0.8838705
0.8735885
0.9067098
0.8870985
0.8838994
0.8807196
0.87559
0.8841052
0.9001433
0.8766458
0.9070233
0.9052564
0.8676607
0.8751375
0.5083026
0.8950363
0.9004332
0.891828
0.8875879
0.8780141
0.9127493
0.8827987
0.9037866
0.8939001
0.8918698
0.8852885
0.8866662
0.8882768
0.8776155
0.8720969
0.9106824
0.8837999
0.887757
0.8769248
0.898654
0.8701823
0.8804651
0.8710916
0.8798068
0.8785855
0.8889771
0.8800159
0.8844108
0.8895717
0.8789564
0.8891915
0.8823423
0.8896321
0.8875289
0.9007362
0.8986719
0.9122031
0.9009164
0.9068166
0.9043069
0.8951671
0.8984911
0.9078844
0.8954562
0.8968561
0.8993243
0.9207293
0.8901749
0.9103724
0.9009707
0.9014236
0.3974339
0.8879192
0.8828114
0.8816822
0.9345179
0.872684
0.9080087
0.9139991
0.8820109
0.8790405
0.878182
0.8879348
0.8811054
0.8864145
0.9017439
0.901378
0.8852896
0.8658402
0.9018302
0.8986144
0.9014044
0.9239515
0.923858
0.9241484
0.916355
0.9039736
0.8411591
0.9178248
0.9194829
0.9100109
0.9154005
0.9097418
0.9175743
0.918008
0.906143
0.8983477
0.9111598
0.9121645
0.9031323
0.9048283
0.9031716
0.9153463
0.8419123
0.9152721
0.9107073
0.9043622
0.9025074
0.9027405
0.9029154
0.9291968
0.8467499
0.9158353
0.9086148
0.905301
0.924199
0.908497
0.8399274
0.9161616
0.9142278
0.9089687
0.9097974
0.9140617
0.9079031
0.8975787
0.9079121
0.9143762
0.9126283
0.9056375
0.8378162
0.9037605
0.9119027
0.8968271
0.9046772
0.8989196
0.9176089
0.9091519
0.9115661
0.9139528
0.9087172
0.9155334
0.9084644
0.9162579
0.9099447
0.7405713
0.8942234
0.9113725
0.9062769
0.9022797
0.8978934
0.8940801
0.8961368
0.9140339
0.8904009
0.8998446
0.8970233
0.9153203
0.9114797
0.9256025
0.9146616
0.7439625
0.9064851
0.9218134
0.9193309
0.9060498
0.9545691
0.903724
0.8988305
0.9213447
0.9100593
0.898971
0.9103087
0.9187253
0.9082422
0.9091521
0.9268242
0.9142462
0.9050081
0.8991497
0.9121286
0.890887
0.8897847
0.9079581
0.9084377
0.9089609
0.9044199
0.8957416
0.9053458
0.901407
0.9047586
0.8987628
0.8871941
0.8981396
0.8990151
0.8893264
0.8745903
0.8912123
0.9170149
0.8850727
0.8822295
0.8997184
0.8955096
0.8737458
0.8994441
0.8916593
0.9196206
0.9219003
0.8877853
0.8935995
0.8896951
0.8934207
0.9082076
0.8865703
0.9013273
0.8955883
0.9202038
0.8989431
0.9070557
0.8896757
0.8858982
0.8755472
0.8821342
0.8887507
0.8732874
0.8957515
0.9188907
0.8739225
0.9051399
0.8960157
0.9027511
0.8604933
0.8682898
0.8932451
0.8961127
0.8901572
0.8864159
0.8954524
0.8984946
0.9014522
0.8928877
0.9037123
0.8924785
0.9060654
0.8993822
0.9057381
0.9114113
0.9173927
0.9163233
0.9132964
0.9106268
0.9083902
0.9130527
0.9168308
0.9095545
0.9136393
0.9129269
0.9245912
0.8820908
0.9093365
0.8880426
0.9076122
0.8908223
0.8986633
0.8963853
0.8933852
0.9103448
0.8941882
0.9126081
0.9212567
0.896702
0.8705602
0.8670907
0.8863325
0.8765674
0.8739026
0.8969995
0.9004616
0.8794548
0.8631033
0.8895972
0.8981404
0.8941776
0.9126743
0.9127737
0.9136942
0.8882931
0.8869365
0.9017102
0.9227769
0.9327081
0.9085809
0.9112793
0.9055107
0.8946439
0.9131967
0.9096573
0.9011643
0.8847724
0.9102702
0.9057771
0.8838056
0.8937952
0.9123775
0.9066589
0.9095449
0.9014307
0.8904705
0.8968549
0.8978776
0.8984266
0.9135789
0.8934441
0.9141762
0.8874912
0.8938805
0.9110636
0.9018529
0.898658
0.9167553
0.9136299
0.916777
0.9023147
0.9071828
0.9028588
0.9028663
0.8888509
0.9138543
0.8843905
0.8968286
0.8992291
0.9125878
0.9214883
0.8920688
0.9019722
0.8968347
0.9147329
0.9047017
0.9048706
0.9058853
0.9046411
0.9120049
0.9039184
0.8926179
0.8972243
0.9067979
0.8918045
0.8891656
0.8900207
0.8916134
0.9100259
0.8874224
0.8795068
0.8905533
0.8936336
0.8778921
0.902166
0.8975346
0.9160842
0.9298741
0.9221819
0.9060131
0.9008907
0.9034327
0.9078656
0.8953033
0.9387097
0.8953574
0.8926997
0.8930509
0.9001631
0.8917134
0.9091927
0.9070427
0.9103966
0.9146775
0.9281731
0.901441
0.910556
0.9049298
0.9055982
0.7629642
0.7630655
0.8067389
0.806469
0.8083763
0.8953925
0.8859136
0.8967441
0.8810696
0.8950979
0.7565463
0.890481
0.8161564
0.8869803
0.8967364
0.8850026
0.7527838
0.8974041
0.890594
0.8815216
0.8842555
0.7483425
0.8863694
0.8975534
0.8739361
0.9019169
0.9019807
0.8473473
0.7188824
0.8747286
0.8968265
0.8927769
0.8916982
0.8874358
0.7544387
0.9154959
0.8933381
0.8997243
0.8926366
0.8884825
0.8854087
0.8827735
0.890085
0.8810494
0.7397537
0.9011793
0.8894746
0.8879711
0.751481
0.8941176
0.8817694
0.8865602
0.6905735
0.7648644
0.7496729
0.8959204
0.8050703
0.8024349
0.8118142
0.7853469
0.8149201
0.7972424
0.8916357
0.8881033
0.8997761
0.8928167
0.898556
0.8990414
0.9004905
0.903842
0.889441
0.8930524
0.9019679
0.8969945
0.8911058
0.9026788
0.9092761
0.8912678
0.9162464
0.8997854
0.9044197
0.8716284
0.8936871
0.8926849
0.7743742
0.9384707
0.7043427
0.9038666
0.909174
0.8048411
0.8644484
0.8816255
0.8833936
0.8841381
0.8854893
0.9084667
0.8965396
0.8844414
0.8758314
0.918335
0.8879245
0.8896104
0.8988167
0.8986467
0.8998832
0.9031619
0.896205
0.9096482
0.8908285
0.8939367
0.8912732
0.873102
0.8912335
0.8914168
0.8797834
0.8584867
0.8904466
0.9145879
0.8729181
0.8649179
0.8958874
0.8903461
0.8440505
0.906554
0.8774704
0.9175053
0.9200326
0.8770191
0.8869048
0.8762306
0.8736404
0.9057075
0.8686802
0.9025691
0.8896383
0.9147832
0.894782
0.9093383
0.8688596
0.8711923
0.864519
0.8641533
0.876063
0.8537545
0.8861296
0.924756
0.842267
0.9050315
0.88909
0.9091233
0.8249189
0.8464899
0.8855872
0.8926917
0.8890215
0.8678981
0.8849567
0.887726
0.8957417
0.8914216
0.8918697
0.8877019
0.9051393
0.8953259
0.9110099
0.9083764
0.9194783
0.9139426
0.9135526
0.9100497
0.9115738
0.9134245
0.9167257
0.9067281
0.9121542
0.9109379
0.9297747
0.8611385
0.9052134
0.8853287
0.9138763
0.878706
0.8860378
0.8824987
0.8916817
0.9136965
0.8938059
0.9192531
0.9228862
0.8938543
0.8624466
0.8442943
0.8679656
0.8566071
0.8436703
0.880162
0.8974359
0.861483
0.8450376
0.906052
0.7828709
0.7853366
0.8141309
0.8148134
0.8163265
0.9005559
0.8914184
0.9053242
0.8850612
0.9012637
0.7694907
0.8981844
0.8260573
0.8951011
0.901429
0.8901862
0.7621927
0.9074101
0.894955
0.8885306
0.8896574
0.7648289
0.8925989
0.9056637
0.8827054
0.9047039
0.9016157
0.8600812
0.7409171
0.8800511
0.9026064
0.8994371
0.8942717
0.8956616
0.7766122
0.9159594
0.8992709
0.9061704
0.89854
0.8967253
0.8940941
0.8925409
0.8990962
0.8865775
0.7505794
0.905966
0.8986272
0.8933396
0.7596686
0.9036166
0.8825792
0.8946257
0.7176658
0.7734198
0.756377
0.8978364
0.8176637
0.8118881
0.8204315
0.803879
0.820003
0.8129055
0.8997405
0.894461
0.9035622
0.9022375
0.9089673
0.9013406
0.9063795
0.9086907
0.8967511
0.8963671
0.9087732
0.8971277
0.8974424
0.9035713
0.9154032
0.8966067
0.9187256
0.9032235
0.9074497
0.8785101
0.8951082
0.8956675
0.7878072
0.9361076
0.726652
0.9076833
0.911036
0.8159345
0.8734973
0.8922867
0.8894078
0.8903981
0.8914809
0.9108493
0.9044652
0.8883143
0.8767183
0.9072015
0.7746977
0.7733174
0.7947143
0.7951915
0.7955419
0.8957008
0.8898859
0.8997513
0.8895692
0.8980964
0.7479625
0.8934996
0.8213222
0.8929076
0.8982231
0.8866718
0.7454754
0.9023401
0.8916667
0.8862164
0.882716
0.7406814
0.8854042
0.9034211
0.876791
0.9053229
0.9018757
0.8534505
0.7351494
0.8801447
0.8970483
0.8957635
0.8953063
0.8881663
0.7665837
0.9164663
0.8967304
0.9046054
0.8964428
0.8961473
0.8890331
0.8857464
0.8957383
0.8822825
0.7365536
0.9021675
0.8937392
0.8890266
0.7371634
0.8981007
0.8785589
0.8927648
0.7083863
0.7678536
0.7456815
0.8982844
0.8130629
0.8081395
0.8208847
0.7954581
0.8239546
0.8060909
0.897807
0.8919942
0.9017738
0.9022608
0.9036188
0.8984251
0.9030347
0.9104098
0.892348
0.8968968
0.9064661
0.8964161
0.8933615
0.9005185
0.9133784
0.8929615
0.9164584
0.9010589
0.9050572
0.8772033
0.8943169
0.8909513
0.7758909
0.9390836
0.7005968
0.9051611
0.910644
0.8143795
0.8695781
0.8888407
0.8891188
0.8877828
0.8861818
0.9101619
0.8979964
0.8842082
0.8784076
0.9210021
0.881007
0.8823128
0.8915361
0.8913673
0.8928017
0.9022825
0.9013525
0.9199623
0.8898457
0.8939357
0.8866023
0.8924347
0.8859677
0.8895343
0.8984298
0.8828232
0.8805959
0.9156775
0.8936841
0.8874215
0.8971237
0.8819885
0.8816125
0.91844
0.6894457
0.9222525
0.9200674
0.8793141
0.8845739
0.8833309
0.8850472
0.9133679
0.8904484
0.9037985
0.8869011
0.9163655
0.8987814
0.9152893
0.8949272
0.8881858
0.8834771
0.8818705
0.8926253
0.8862874
0.8787288
0.9230906
0.8793091
0.9026583
0.8824547
0.9177521
0.8713819
0.8752522
0.8767183
0.8806496
0.8815856
0.8881299
0.8840932
0.8809558
0.8866215
0.8774679
0.8866878
0.8762049
0.9013568
0.8997631
0.9150377
0.9156966
0.9195946
0.9159092
0.9173811
0.9187577
0.910853
0.9129545
0.9170986
0.9141755
0.9145727
0.9170926
0.9279727
0.8855919
0.9182863
0.8984755
0.9157644
0.8794324
0.8554137
0.8603009
0.8751492
0.9261364
0.8840398
0.9227925
0.9230824
0.8867246
0.8781928
0.880859
0.886974
0.8869335
0.8817914
0.8977773
0.9072884
0.8895871
0.8772558
0.9018213
0.8971487
0.8973405
0.9132045
0.9131487
0.9146463
0.8918618
0.89209
0.9136709
0.9189579
0.9212499
0.90673
0.908219
0.9033771
0.893725
0.9120903
0.9022649
0.9016901
0.8932482
0.906062
0.9052188
0.8854911
0.8944204
0.9096977
0.9146131
0.9061634
0.9038047
0.8977734
0.8952034
0.8912739
0.8927325
0.9116538
0.9049591
0.9085383
0.893567
0.8915451
0.9086468
0.8944669
0.9119068
0.9092465
0.9088086
0.9071938
0.9007206
0.9054146
0.9018685
0.8988649
0.8979461
0.9074241
0.8889259
0.8958707
0.9098664
0.9030292
0.9146721
0.8897521
0.899382
0.8977339
0.9083255
0.900974
0.9003742
0.9063176
0.9017809
0.9078541
0.9026127
0.8895599
0.8925916
0.9083442
0.8978778
0.8993602
0.8970194
0.89603
0.9110885
0.8945485
0.8911643
0.8969708
0.8976189
0.888893
0.9044911
0.9081339
0.9104313
0.9270728
0.9144421
0.9114378
0.8900545
0.9014762
0.9014049
0.8976547
0.937521
0.897186
0.8983977
0.8970533
0.899971
0.8932014
0.908004
0.9043757
0.9061313
0.9095819
0.9254116
0.9040159
0.9067467
0.90098
0.9036847
0.8959957
0.8933911
0.9139789
0.9143809
0.9153231
0.8969293
0.8923563
0.9052412
0.9164839
0.9207044
0.9081857
0.9069041
0.8987419
0.8932859
0.9122328
0.9044342
0.8991718
0.8964888
0.9039516
0.9012843
0.88642
0.8997049
0.9075415
0.9099961
0.906853
0.9030769
0.8980408
0.8968665
0.8923155
0.8890464
0.9121105
0.8974202
0.9092714
0.8929698
0.8896497
0.9071824
0.8925118
0.9066097
0.906543
0.9057976
0.9048349
0.9052658
0.9094308
0.9038756
0.8984009
0.898339
0.9034237
0.8923122
0.9009677
0.9034465
0.9019236
0.9113212
0.888755
0.8966967
0.8946931
0.9071186
0.8991485
0.900917
0.9061511
0.9026561
0.9097914
0.9033166
0.8882792
0.8965157
0.9033919
0.8971006
0.8966445
0.8938893
0.9011357
0.9047636
0.892606
0.8939488
0.8999964
0.8977285
0.8849603
0.9026507
0.9054661
0.9098291
0.924121
0.916922
0.907181
0.8905502
0.8956556
0.9028037
0.8955375
0.9419941
0.8955111
0.9018215
0.9004643
0.9000857
0.8887755
0.9070746
0.9067836
0.9018519
0.9079752
0.9227436
0.9051845
0.9077763
0.8953661
0.9212413
0.8020504
0.8000387
0.7851429
0.7840211
0.787154
0.9022949
0.8994788
0.9110679
0.8949956
0.8974098
0.5253491
0.8947667
0.8297081
0.8958952
0.9060396
0.8932421
0.7582952
0.9110304
0.8980495
0.8939904
0.8962878
0.7504143
0.8937652
0.915209
0.8858655
0.9163789
0.9138737
0.8672797
0.7584557
0.8857246
0.8959696
0.9123134
0.8985872
0.9037779
0.781696
0.9184856
0.9044353
0.9181828
0.8983277
0.9008595
0.8952831
0.8898609
0.9011634
0.8895002
0.7394848
0.9165856
0.8966533
0.8943887
0.7449523
0.9127794
0.8865579
0.8941603
0.7524632
0.7655716
0.7518773
0.8995452
0.8322636
0.8197451
0.8224242
0.815924
0.8207465
0.8136601
0.9005796
0.8990624
0.9099147
0.911134
0.9144767
0.907506
0.9121011
0.919214
0.9041794
0.9066206
0.9118884
0.9073657
0.9064694
0.9159806
0.9235167
0.8981514
0.9193233
0.9058376
0.9155995
0.8855763
0.8922989
0.8963779
0.7954978
0.9300297
0.7033114
0.919917
0.9164482
0.8198492
0.884198
0.8961747
0.8893285
0.8995704
0.8945082
0.9078519
0.9053559
0.8945538
0.8886293
0.8990197
0.8948978
0.8936831
0.9129013
0.9131138
0.9138682
0.8931155
0.8895005
0.8914232
0.9188137
0.9271546
0.9082494
0.9106031
0.9082881
0.8976204
0.9138798
0.9074743
0.8991097
0.8924984
0.9087942
0.9019361
0.8877663
0.8944263
0.9102108
0.8957843
0.9118603
0.901551
0.8984179
0.8979207
0.8945346
0.8946035
0.916899
0.8841374
0.9112678
0.8900007
0.8965405
0.9123829
0.8985077
0.8945053
0.9143428
0.9124311
0.9085934
0.9043083
0.9117999
0.9020162
0.897583
0.8927266
0.9116803
0.8895304
0.8945386
0.893456
0.9073882
0.9146561
0.8937773
0.8984159
0.8971804
0.9160468
0.9020749
0.9065811
0.9071472
0.9033827
0.9143501
0.9028679
0.8965693
0.8962523
0.896853
0.8935664
0.8962178
0.8954291
0.8940506
0.9025661
0.8967622
0.8885306
0.8994973
0.8899261
0.884226
0.9019191
0.9052493
0.9142106
0.9260895
0.9183271
0.8985497
0.8946549
0.9064302
0.908362
0.8989677
0.9406802
0.8968388
0.8994094
0.9013747
0.9060856
0.8874042
0.9083455
0.9087235
0.905599
0.9142625
0.9258613
0.9024818
0.9034441
0.9014166
0.9226588
0.8945408
0.8933025
0.8987853
0.897843
0.898142
0.8961184
0.8983214
0.9162543
0.903933
0.9094214
0.895232
0.8895328
0.8968708
0.8937129
0.8919362
0.8827835
0.8975955
0.9093529
0.8871497
0.8830129
0.897456
0.8900745
0.8740303
0.9182561
0.8914949
0.9185198
0.9175265
0.8857009
0.8964276
0.895667
0.8870426
0.9163315
0.884944
0.9004369
0.8917502
0.9133349
0.8991505
0.9158331
0.8859755
0.8822985
0.8821166
0.8799336
0.8882386
0.8817366
0.8969124
0.9226782
0.8772467
0.9003744
0.8914934
0.9151321
0.8731281
0.8777134
0.8897286
0.8924008
0.8954532
0.8839007
0.8941435
0.8934937
0.896051
0.8948041
0.8974115
0.8903822
0.8993785
0.8970901
0.9176627
0.9133189
0.9175871
0.9106285
0.9141893
0.9169746
0.9084178
0.9160534
0.9089142
0.9128276
0.9095324
0.91721
0.9259442
0.8871345
0.915281
0.9000882
0.9217807
0.8917295
0.8878438
0.8908283
0.8940435
0.9180994
0.8914114
0.9226114
0.9159173
0.890685
0.8745132
0.8794851
0.8768862
0.8806051
0.8761375
0.8983009
0.8970726
0.8898721
0.8732103
0.9010238
0.902072
0.9008512
0.9166461
0.9162471
0.9173818
0.8926919
0.8882452
0.8970101
0.923422
0.9302575
0.9116352
0.9109358
0.9077559
0.8936449
0.913028
0.9098343
0.901467
0.8933343
0.9088091
0.9013636
0.8841262
0.8951786
0.91105
0.8997392
0.9127381
0.902808
0.8945883
0.8975246
0.899692
0.9005099
0.9152584
0.8885272
0.9125706
0.8909423
0.9002814
0.9122986
0.9014377
0.8987084
0.9167076
0.912884
0.9108625
0.9042634
0.9119822
0.9059291
0.9022014
0.894406
0.912134
0.8869632
0.895613
0.8966661
0.9086093
0.9184965
0.8957816
0.9006446
0.9002532
0.9175195
0.902138
0.9059587
0.9089093
0.9060059
0.9112302
0.9063047
0.893052
0.8950496
0.9006969
0.8961068
0.8984709
0.8972341
0.8974573
0.9092158
0.8936926
0.8949603
0.8993096
0.8941813
0.8850333
0.9015443
0.9035165
0.9142877
0.9252862
0.9188052
0.9016304
0.8979303
0.9075352
0.9093946
0.9024276
0.9433912
0.8978765
0.897049
0.9005003
0.904641
0.8945777
0.9112048
0.9057107
0.9099035
0.9131425
0.9271919
0.904782
0.9061742
0.8998083
0.916931
0.887349
0.8886192
0.8984055
0.8977352
0.8982267
0.9005032
0.9008693
0.9097699
0.8922915
0.9002474
0.8939967
0.8788595
0.8960251
0.8931377
0.8892333
0.8723991
0.8936382
0.913348
0.8802893
0.8707787
0.8965235
0.8902979
0.8664652
0.908173
0.8828546
0.9185595
0.9188222
0.8837662
0.8941176
0.8867343
0.882652
0.90964
0.8804671
0.9033159
0.893111
0.9169702
0.8974106
0.9108716
0.8771161
0.8781983
0.872554
0.8733705
0.8839622
0.8668505
0.8890756
0.9202059
0.8604677
0.9024858
0.8916342
0.9055856
0.8558886
0.8614067
0.8860746
0.8913577
0.8867985
0.8768903
0.8871525
0.889807
0.8942263
0.8910856
0.8947368
0.8887112
0.9070187
0.9000212
0.9098115
0.9109861
0.9180845
0.913824
0.9125992
0.9143491
0.9093671
0.9160987
0.9149809
0.9103742
0.9139334
0.9123072
0.9262327
0.8689861
0.9098332
0.8909556
0.9116975
0.8901672
0.8861182
0.8849901
0.8863848
0.9224732
0.8909991
0.9187253
0.9212464
0.892044
0.8667959
0.8643326
0.8666861
0.8684928
0.8686931
0.8835817
0.8984564
0.8799284
0.8612577
0.9140214
0.8815149
0.8837742
0.9019142
0.9019385
0.9029391
0.8972132
0.894611
0.9023582
0.8919986
0.8938947
0.89333
0.871914
0.8884244
0.8899549
0.8841264
0.8666469
0.8867993
0.9118852
0.8735838
0.8660757
0.8905189
0.8852387
0.8589658
0.9010531
0.868725
0.9182361
0.9188871
0.876129
0.8811319
0.8711498
0.851697
0.9010669
0.8724004
0.8954577
0.8897814
0.9157211
0.8932352
0.9079178
0.8771156
0.8761819
0.8660451
0.8649289
0.8782795
0.8597681
0.8872738
0.9195482
0.8524401
0.8989694
0.8870492
0.9012292
0.849387
0.8535786
0.886411
0.8897641
0.8864959
0.8337391
0.8808313
0.8868554
0.8928456
0.8882417
0.8895483
0.8836485
0.8978771
0.8916576
0.9086874
0.9091302
0.9146215
0.9142786
0.9093834
0.906178
0.9057588
0.913216
0.9171076
0.9076373
0.9113166
0.9109929
0.9251406
0.8668419
0.9098409
0.8897183
0.9084633
0.8736982
0.8862105
0.8771588
0.8864404
0.9272697
0.8897578
0.9147839
0.9234484
0.890548
0.8536192
0.8558377
0.8715488
0.8586411
0.8573341
0.8860536
0.8970185
0.8692959
0.8498065
0.9206616
0.88791
0.8905813
0.8955904
0.8953821
0.8969691
0.8986445
0.8978423
0.914706
0.8956299
0.8986245
0.8944695
0.876142
0.8923055
0.8881033
0.8886897
0.8721096
0.8922089
0.912686
0.8782731
0.8739827
0.8949575
0.8842653
0.859622
0.9134446
0.8800993
0.9183946
0.9197263
0.8777632
0.89034
0.8852068
0.8794411
0.9122652
0.8745111
0.8984358
0.8921172
0.9166494
0.8988748
0.9158121
0.8781064
0.8764178
0.8725536
0.8714843
0.8787378
0.8694576
0.8900463
0.921444
0.855822
0.9017513
0.8856998
0.9119624
0.857438
0.8599633
0.8805128
0.8935988
0.8903977
0.8747909
0.8904911
0.8891875
0.8931257
0.8882475
0.8933291
0.8899518
0.8963695
0.8972761
0.9124072
0.9135978
0.9169228
0.9158908
0.9132046
0.9189818
0.9074766
0.9143454
0.9144117
0.9086394
0.915623
0.916432
0.9271774
0.8685978
0.9078792
0.8895918
0.9152107
0.8869468
0.8861947
0.8839305
0.8826035
0.9207937
0.8876348
0.9179763
0.9181528
0.8877172
0.8696306
0.8631591
0.8651094
0.8690889
0.8699898
0.880996
0.8925472
0.8780725
0.8591315
0.9031996
0.8871631
0.8826353
0.9060424
0.9057549
0.9065995
0.8184915
0.8092229
0.9113051
0.9110213
0.9210857
0.8972127
0.8962166
0.8961806
0.8897137
0.9061963
0.8985261
0.8973941
0.8870228
0.8969291
0.8952821
0.8123485
0.8815659
0.9004688
0.919673
0.898229
0.9091237
0.897449
0.8808627
0.8842043
0.8918072
0.8967234
0.9106215
0.9022195
0.8120651
0.8875962
0.9062312
0.8588178
0.9125338
0.907292
0.9031226
0.9033877
0.888585
0.9012033
0.891887
0.887748
0.9016272
0.9058924
0.7757644
0.881877
0.9108946
0.8940328
0.9099619
0.8820337
0.8885938
0.8888767
0.9036366
0.8969852
0.8974507
0.896339
0.8961879
0.9026884
0.8937714
0.808291
0.8263512
0.9162525
0.9002482
0.8917917
0.8912486
0.8999275
0.9174493
0.8937665
0.8930495
0.8901095
0.8977797
0.8869225
0.9071151
0.9008365
0.9038571
0.9235817
0.9095379
0.9158297
0.8868318
0.8900934
0.8929626
0.8888565
0.9233859
0.8860672
0.9046073
0.8940173
0.8931176
0.8822771
0.9051294
0.8834638
0.9023565
0.9068627
0.9195718
0.8893241
0.8982217
0.8944424
0.9190588
0.8896408
0.8915774
0.9016713
0.9014276
0.9016468
0.9000711
0.9013711
0.9098887
0.8937476
0.8966454
0.8947961
0.8823655
0.8963106
0.8951275
0.8938269
0.8731106
0.8914969
0.9113441
0.8815564
0.8771544
0.8979035
0.8942683
0.8664223
0.9069947
0.8882519
0.9161511
0.9143138
0.885187
0.8936276
0.8873777
0.8874365
0.9082691
0.8835653
0.9026084
0.896419
0.9195764
0.9011616
0.9132757
0.8818037
0.8798667
0.87617
0.8760619
0.8812465
0.8720671
0.8919169
0.9259115
0.8658056
0.9028652
0.8952408
0.9086435
0.8620891
0.8680819
0.8890361
0.8926044
0.8911613
0.8744639
0.892697
0.8973175
0.8989076
0.8931956
0.9002833
0.8935698
0.9040951
0.8987422
0.9105038
0.909062
0.9150249
0.9135093
0.9120983
0.9123146
0.9061772
0.9101278
0.9171228
0.9077125
0.9143038
0.9108533
0.9272708
0.8772908
0.9112201
0.8929845
0.9100537
0.8888968
0.8902939
0.8898559
0.894081
0.9255907
0.8942114
0.9201547
0.9242596
0.8991797
0.874991
0.8661103
0.8715709
0.8702834
0.8735289
0.8886139
0.9036422
0.8769572
0.8588993
0.9166101
0.8817849
0.8844178
0.9019718
0.9014188
0.9030227
0.9008406
0.8936909
0.9029575
0.8929926
0.9000384
0.8937671
0.8806339
0.891843
0.8897626
0.8879949
0.8689285
0.8831525
0.9133657
0.8807807
0.8713806
0.8904793
0.8859444
0.8690394
0.9014339
0.885701
0.9131753
0.9158021
0.8831789
0.8863612
0.8795124
0.8896023
0.9016033
0.8798333
0.8965013
0.890861
0.9180779
0.8947313
0.9009783
0.8765953
0.8790032
0.8718487
0.8727477
0.881431
0.8664944
0.8829826
0.9216725
0.8630857
0.8998501
0.8867714
0.8991795
0.8601152
0.8665018
0.8798678
0.8857563
0.8807933
0.8782304
0.8914922
0.8954025
0.8944679
0.8915972
0.8963447
0.8892568
0.8978277
0.8944446
0.900812
0.9008167
0.9170481
0.9105042
0.9083872
0.9040798
0.9076721
0.908704
0.9146976
0.900018
0.9127237
0.9049933
0.9251831
0.8764885
0.9126585
0.8880246
0.9054638
0.8812653
0.8904139
0.8853333
0.8870887
0.9288072
0.8872598
0.9155404
0.917153
0.8920838
0.8605448
0.8630107
0.8753089
0.8623796
0.8677247
0.8874564
0.9021303
0.8754187
0.8548625
0.9014199
0.9021024
0.9004442
0.9168017
0.9164788
0.9176139
0.8933255
0.8877753
0.8974789
0.92373
0.9296038
0.9120594
0.9110115
0.9084135
0.8934268
0.9139184
0.9099882
0.9010202
0.8936437
0.909039
0.9020296
0.8841428
0.8960468
0.9115933
0.8990097
0.9128922
0.902919
0.8966376
0.8964662
0.900319
0.9006189
0.9158381
0.8883031
0.9129956
0.8912074
0.9000722
0.9123364
0.9006787
0.8975937
0.9162917
0.9127304
0.9114429
0.9046899
0.9121739
0.9061974
0.9025887
0.8942243
0.9122882
0.8874328
0.8963211
0.8973761
0.9082536
0.9188453
0.8955655
0.9012283
0.9003221
0.9168683
0.9019319
0.9061491
0.9090617
0.9055683
0.9112287
0.9064555
0.8939272
0.8958756
0.9011655
0.8966997
0.8988206
0.8966977
0.8974042
0.9081858
0.8952548
0.8948236
0.9009768
0.8948975
0.8871087
0.9023311
0.9044764
0.9140592
0.925184
0.9195744
0.9012623
0.8978777
0.9069014
0.909274
0.9033675
0.9439748
0.8984621
0.8969943
0.9013046
0.9048301
0.8944412
0.9108529
0.9064932
0.9099789
0.9139551
0.9274662
0.9051603
0.9064419
0.9003148
0.9222604
0.8890743
0.8892766
0.8996018
0.8984722
0.8990774
0.9044814
0.8957066
0.9093275
0.8956285
0.9003233
0.8915079
0.8861901
0.8932289
0.8917309
0.8936223
0.8732756
0.8936911
0.9149281
0.88157
0.8704733
0.896139
0.8918986
0.8710098
0.9073885
0.8914173
0.917462
0.9123067
0.8856065
0.8958193
0.8929791
0.8813705
0.9033554
0.8827055
0.9020695
0.8943023
0.9158943
0.8989257
0.9117427
0.8820947
0.8758063
0.8769827
0.875541
0.882213
0.8751078
0.8927327
0.9260626
0.8657149
0.8999077
0.8926385
0.9071554
0.8607877
0.8672576
0.8881832
0.8917299
0.8949274
0.8765356
0.8946013
0.8948951
0.8964216
0.893852
0.8992427
0.8921135
0.9026241
0.8932738
0.910442
0.9094221
0.9171368
0.9147841
0.9126108
0.9084519
0.9081928
0.9123276
0.9172602
0.9066761
0.9158859
0.9106773
0.928589
0.8772585
0.911385
0.8867951
0.9108327
0.8926755
0.8881384
0.8879745
0.8913607
0.9239224
0.8948301
0.9219448
0.9212777
0.8917868
0.871439
0.8631694
0.8763822
0.8705265
0.8746264
0.8886764
0.9013056
0.8796114
0.8606761
0.9165462
0.8892052
0.8903333
0.8962083
0.8955272
0.8967724
0.8934862
0.889724
0.910848
0.8937799
0.9022827
0.8894839
0.8828953
0.8909587
0.8892075
0.8880659
0.8739116
0.8930132
0.911317
0.882802
0.8751331
0.8977277
0.8901075
0.867453
0.9138328
0.8780222
0.9161662
0.9170436
0.8785664
0.8885582
0.8873848
0.8645242
0.910287
0.879413
0.8958243
0.8869052
0.9148239
0.8989273
0.9137925
0.8809541
0.8765499
0.8769718
0.8772347
0.8856547
0.8721879
0.8879423
0.9193168
0.8658232
0.8947025
0.8903777
0.9119932
0.8611595
0.8632142
0.8839106
0.8891415
0.8858731
0.8285278
0.8859969
0.8868791
0.8874256
0.8839098
0.8913581
0.8864964
0.8960446
0.8948201
0.9150682
0.909153
0.913782
0.9141759
0.910494
0.9145537
0.9070827
0.9138128
0.9144218
0.9112324
0.9146363
0.9160725
0.9240185
0.8773735
0.9092909
0.894948
0.9145333
0.8819196
0.8820096
0.8811404
0.8836331
0.9170654
0.8913789
0.917935
0.9122137
0.8874082
0.8651456
0.8725379
0.8701859
0.8723225
0.8623111
0.8900377
0.8991488
0.8810196
0.8617234
0.9219498
0.8880026
0.8897093
0.901276
0.9020676
0.9029004
0.9075046
0.9010467
0.9056664
0.892195
0.9037065
0.8937434
0.887882
0.9005445
0.8997196
0.893472
0.8770661
0.8897033
0.9137553
0.8845811
0.8762767
0.8991301
0.8945439
0.8687482
0.9052676
0.8858556
0.9127604
0.9172496
0.889794
0.8925587
0.890572
0.8910881
0.9052791
0.8869457
0.9041512
0.8933675
0.9211094
0.8996413
0.9076475
0.8803668
0.8826766
0.8809362
0.8778183
0.8887985
0.8734488
0.8896909
0.9262196
0.8744054
0.9075901
0.8953625
0.9001209
0.8609678
0.871378
0.8868563
0.8937378
0.8910707
0.8833979
0.8923775
0.8933745
0.8965517
0.8900004
0.8980231
0.893489
0.9068862
0.898642
0.9088344
0.9085362
0.9201541
0.9128539
0.9123929
0.9084537
0.9082325
0.9123382
0.9178121
0.9076846
0.9145302
0.9068757
0.9286744
0.8768677
0.9133377
0.8950943
0.9116055
0.8925222
0.8963163
0.8901575
0.8926246
0.9243486
0.8931887
0.9217861
0.9210021
0.8953111
0.8717641
0.8728596
0.875942
0.8734218
0.873329
0.8872108
0.902163
0.8844577
0.8634402
0.930226
0.860952
0.86074
0.8633734
0.8638187
0.8642966
0.9026432
0.9023742
0.9286704
0.9011333
0.9078829
0.8652696
0.9039714
0.8665846
0.8996059
0.9065942
0.8983466
0.873313
0.9152159
0.9048953
0.9003757
0.901824
0.8606067
0.8970943
0.9270747
0.8887469
0.9255807
0.9194556
0.8766566
0.8647145
0.9012136
0.8962298
0.9222704
0.9032394
0.9080893
0.8664579
0.9214445
0.9090434
0.9268473
0.9056899
0.9015146
0.9046517
0.8994587
0.9062544
0.9011998
0.8647059
0.9288881
0.8985436
0.9040289
0.8622851
0.9267971
0.8933153
0.9016595
0.8556674
0.8695983
0.8693579
0.8993208
0.8703242
0.8614013
0.8614392
0.864292
0.8615865
0.8560506
0.9014445
0.9090622
0.9285615
0.9247894
0.9206483
0.9217676
0.9214505
0.9283356
0.9166257
0.9225987
0.9186847
0.9233843
0.9181525
0.9265527
0.9270921
0.8961977
0.9206809
0.9086463
0.9275523
0.8939853
0.8923818
0.8936459
0.8533854
0.9229267
0.8581441
0.9321903
0.9163778
0.8622132
0.8935623
0.8990878
0.8929132
0.9042257
0.898368
0.9113915
0.9042454
0.9059453
0.8995537