0.9103327
0.9074615
0.9078787
0.9103161
0.9119972
0.9129866
0.9132042
0.8978894
0.8793005
0.8808695
0.8901728
0.8770415
0.9232065
0.8829267
0.8974809
0.8241962
0.8959879
0.8951113
0.9180436
0.8984726
0.8844004
0.912537
0.8867199
0.8957454
0.9237733
0.9097333
0.9121709
0.9076912
0.9126059
0.9108448
0.9136031
0.911148
0.9087153
0.9122363
0.9145711
0.9130007
0.9116183
0.9098978
0.9218246
0.9214112
0.9062863
0.9076491
0.911981
0.9090019
0.9149751
0.8975257
0.9055494
0.8852599
0.911509
0.9265131
0.9099747
0.9158879
0.910486
0.9131673
0.9174271
0.9129614
0.9100378
0.8821691
0.9132055
0.9007318
0.8689303
0.8748346
0.897015
0.8977997
0.9125127
0.9070277
0.9071192
0.9098292
0.8925099
0.8893448
0.9011658
0.8907726
0.9092149
0.9092776
0.9096316
0.908863
0.8805292
0.8837508
0.8949816
0.9136471
0.9032549
0.9051804
0.9035787
0.9008276
0.896648
0.8869717
0.8985492
0.9038224
0.8969356
0.8909194
0.8786458
0.9112123
0.8832285
0.9056427
0.891585
0.8963878
0.8890674
0.8949666
0.8827652
0.8996826
0.9063698
0.9018286
0.9067696
0.9060405
0.9119229
0.9094742
0.9092989
0.8889885
0.8758616
0.8701285
0.8832026
0.8665086
0.9250987
0.8749047
0.89641
0.8253613
0.899332
0.8869634
0.91742
0.8918909
0.8800258
0.9108795
0.8849763
0.8952298
0.921737
0.911615
0.9121737
0.9081625
0.9084453
0.9154456
0.9161863
0.9076775
0.9093467
0.905262
0.9091363
0.9142057
0.9111536
0.9130992
0.9222218
0.9196184
0.9079811
0.9096179
0.9084107
0.9084743
0.9121992
0.8899361
0.8971018
0.881323
0.9029554
0.9254761
0.9149374
0.9132956
0.9157796
0.9128362
0.9183384
0.9153386
0.9112799
0.8791189
0.9112488
0.8884522
0.8642344
0.8676182
0.8924078
0.8946603
0.9126721
0.9009311
0.9097097
0.9068496
0.8867088
0.8834739
0.895996
0.884226
0.9099986
0.9082182
0.9083465
0.9081062
0.8754045
0.8767817
0.8970448
0.9181723
0.8983593
0.9030977
0.9031595
0.8982298
0.892463
0.8847265
0.8956139
0.9032396
0.8889488
0.8865846
0.8748246
0.9063721
0.8763931
0.9074605
0.8879817
0.8922899
0.8934587
0.8902733
0.8750989
0.8936118
0.9075147
0.899472
0.9041693
0.9057614
0.9136721
0.9125118
0.9124329
0.8824898
0.86311
0.856494
0.8673961
0.8502015
0.9158595
0.8680323
0.8727505
0.8570539
0.8999749
0.8851398
0.9189512
0.8778535
0.8722529
0.9158899
0.8793029
0.8995753
0.9223256
0.9144586
0.9152814
0.9056309
0.9054679
0.9176895
0.9178655
0.9143737
0.9117499
0.9039604
0.9134533
0.9127882
0.9152145
0.9077794
0.9207694
0.917587
0.9150548
0.9142827
0.9010284
0.9027788
0.9075862
0.8877419
0.8915633
0.8767836
0.9013979
0.9221098
0.9131675
0.9181016
0.9123412
0.9172096
0.9174113
0.9192484
0.9149902
0.8682131
0.9134289
0.8870491
0.8414995
0.8474298
0.8819017
0.886231
0.913376
0.8937176
0.9173175
0.9095618
0.8810084
0.8780319
0.8908189
0.8774681
0.9146562
0.9057824
0.9083951
0.9076879
0.8617564
0.8667182
0.8920009
0.9231119
0.8908585
0.9000881
0.8984055
0.8962399
0.8954909
0.8788955
0.8799362
0.9033243
0.8790847
0.8866901
0.8599463
0.9029859
0.8678492
0.9042956
0.8758397
0.8939678
0.8714997
0.8821097
0.8666009
0.8889765
0.9107229
0.9088716
0.9084119
0.910971
0.9181534
0.9141049
0.9152123
0.9028469
0.8799798
0.8880608
0.8991311
0.8839765
0.930318
0.8900393
0.8998662
0.8448251
0.8966631
0.8946063
0.9174232
0.8994966
0.8897543
0.9137553
0.8876632
0.9012569
0.9277772
0.9159836
0.9134242
0.9151179
0.9170925
0.9018362
0.9079733
0.9095402
0.9151543
0.9172486
0.9191969
0.9162876
0.9119078
0.9159622
0.9273927
0.9257117
0.9115968
0.9096481
0.9150089
0.9170101
0.9167071
0.8982206
0.9013142
0.8937
0.9123247
0.9317476
0.9154391
0.911292
0.9153747
0.9189368
0.9159844
0.9138145
0.9117596
0.8877794
0.9137844
0.897078
0.8790019
0.8823193
0.9039122
0.9049186
0.9158951
0.9091195
0.9098937
0.9129265
0.8952391
0.8940768
0.9022091
0.8901224
0.9075307
0.9148321
0.9145772
0.9130177
0.8861321
0.8908036
0.8969633
0.907118
0.9057076
0.9082677
0.9079125
0.9001097
0.8972724
0.8938442
0.8986115
0.8980087
0.8991805
0.8944042
0.8824681
0.9168799
0.8933654
0.9058967
0.8978812
0.8928834
0.8943561
0.9001853
0.8863064
0.9049747
0.9138261
0.9134484
0.913132
0.9143833
0.9198282
0.9194859
0.9156614
0.8984481
0.8846196
0.8790768
0.8945555
0.8724989
0.9281173
0.888949
0.8953961
0.8446275
0.9027337
0.8957075
0.9182778
0.8975148
0.8907338
0.9157906
0.8848763
0.9011963
0.929385
0.9149825
0.914836
0.9170226
0.9187399
0.9157718
0.9211763
0.9181064
0.9135247
0.9149445
0.9166518
0.914905
0.9166932
0.916625
0.9261376
0.9238564
0.9199774
0.9180195
0.9137395
0.9131158
0.9140211
0.8963088
0.9002724
0.8917437
0.9126006
0.9291514
0.918814
0.9191024
0.9169668
0.919728
0.9212937
0.9204915
0.916871
0.8868704
0.9193905
0.898354
0.8714109
0.8742371
0.8980681
0.9012446
0.9163983
0.905667
0.9174842
0.9156194
0.8955554
0.8926013
0.8970279
0.8965935
0.9144069
0.9147499
0.9161693
0.9147148
0.8833651
0.890443
0.8990096
0.9196776
0.9022612
0.9057178
0.9044769
0.9070727
0.9004465
0.8958618
0.8991145
0.9040384
0.8929948
0.8941198
0.8795676
0.9147042
0.8871037
0.9071911
0.8940371
0.893136
0.8904347
0.8913121
0.8850637
0.8963558
0.9184545
0.9159005
0.9175401
0.9184145
0.9225224
0.9202579
0.9208046
0.905424
0.8984014
0.9005243
0.9089168
0.8919815
0.931184
0.8992864
0.9063279
0.8965614
0.9131868
0.9054572
0.9221821
0.9109986
0.9068922
0.9227821
0.9006643
0.9124606
0.9308556
0.9199816
0.9193662
0.9176077
0.9197872
0.917157
0.9194992
0.9224888
0.9189218
0.9176475
0.9210916
0.9215693
0.9184147
0.9201554
0.9275556
0.9282211
0.9216277
0.9205916
0.9185128
0.9193402
0.9187567
0.9095808
0.911981
0.8998728
0.9210317
0.9302
0.9239649
0.9200754
0.9245172
0.9237253
0.9263783
0.9243577
0.9238056
0.9016538
0.9241752
0.9074574
0.8965322
0.8965164
0.9078906
0.9095008
0.9228081
0.9148137
0.9190841
0.9173764
0.9041341
0.9055052
0.9063949
0.903832
0.9198169
0.9195646
0.9219324
0.9213678
0.8997363
0.900177
0.9099384
0.9255002
0.9089329
0.9121862
0.9120196
0.9173825
0.9112026
0.9019796
0.9028477
0.9155574
0.9058478
0.9060485
0.9006076
0.9190668
0.8987954
0.9153371
0.9078064
0.9079421
0.9047553
0.9084647
0.9004075
0.90638
0.87831
0.8695913
0.869456
0.8749443
0.8902011
0.8880076
0.8955251
0.8886088
0.8961924
0.9047239
0.9195222
0.9080869
0.8937111
0.8967053
0.9204114
0.9045803
0.8812635
0.8857312
0.8926779
0.9004454
0.893244
0.8836508
0.9100739
0.893809
0.8857828
0.8237377
0.8244738
0.742567
0.882784
0.9010017
0.9010704
0.8827466
0.8251121
0.8808522
0.8482216
0.8468069
0.8679073
0.8507044
0.8942781
0.8940245
0.8855142
0.8870029
0.884185
0.884855
0.8876338
0.9193879
0.920235
0.895627
0.8778026
0.9026921
0.8854699
0.88999
0.887142
0.8901388
0.8921432
0.8925888
0.8946228
0.9140369
0.8843198
0.888302
0.90435
0.9111713
0.8901487
0.8953267
0.8919512
0.8989117
0.888029
0.8759748
0.8913739
0.8884745
0.8916271
0.888455
0.8884839
0.8787845
0.8796928
0.8817112
0.911243
0.9082946
0.9059826
0.8989725
0.9054936
0.910531
0.910826
0.8932871
0.8773406
0.8785398
0.9039392
0.8924079
0.883589
0.8848811
0.909104
0.8880881
0.9036377
0.8937992
0.9002746
0.912332
0.9197961
0.9128534
0.8972126
0.9191353
0.9053827
0.904557
0.9019466
0.9055135
0.9119082
0.9101345
0.9037127
0.8994858
0.8962388
0.9217293
0.9312375
0.9182104
0.92064
0.9046011
0.928319
0.9072687
0.887064
0.8974938
0.8692803
0.9123625
0.895478
0.8540272
0.9117857
0.8998135
0.9128396
0.8884987
0.8919742
0.8926537
0.9176782
0.882655
0.8864186
0.8587928
0.8945318
0.9174512
0.898423
0.89485
0.8979314
0.8902289
0.9114826
0.9157303
0.77537
0.7694451
0.9145968
0.915528
0.9162736
0.9236345
0.9263635
0.9069918
0.9114406
0.922597
0.8617593
0.8553392
0.8640889
0.859189
0.8640331
0.8673314
0.8595527
0.914397
0.896704
0.9023772
0.9170533
0.9193009
0.9071426
0.9049423
0.89178
0.9032783
0.862614
0.9117827
0.9041081
0.9004719
0.9036206
0.9021727
0.83952
0.9088907
0.9099265
0.9085789
0.9179635
0.914653
0.8935815
0.8434639
0.9150085
0.919319
0.9193389
0.9050128
0.8970257
0.8968947
0.9087082
0.8900582
0.9012774
0.8947908
0.9124567
0.9201557
0.9173716
0.8973476
0.9154829
0.9160782
0.9254024
0.9229195
0.904116
0.928247
0.8311743
0.8286208
0.8295019
0.8292674
0.8605099
0.852478
0.89889
0.898546
0.9086532
0.9019875
0.920564
0.9065676
0.9087877
0.8963036
0.9114448
0.905995
0.9018196
0.8990388
0.9099222
0.9023198
0.8996875
0.901805
0.9125342
0.8956978
0.9027901
0.8863197
0.8861707
0.8737695
0.8490373
0.9189129
0.9219863
0.8978983
0.8852599
0.8470744
0.8824648
0.8858734
0.8882865
0.8810574
0.8992471
0.9007247
0.891723
0.8925929
0.8420248
0.8407029
0.8551339
0.913448
0.9152905
0.9031075
0.8266902
0.9020083
0.8941432
0.9009466
0.8975062
0.9004233
0.907247
0.9032235
0.9016966
0.9179672
0.9075147
0.8964569
0.9058212
0.9088475
0.8987164
0.9043743
0.8944072
0.9125636
0.903315
0.8312813
0.8994341
0.9003642
0.9067958
0.8968641
0.9009764
0.8289332
0.8292636
0.8299754
0.9165224
0.9017216
0.9130697
0.9116362
0.9135829
0.919965
0.921494
0.898652
0.8894167
0.8972518
0.9064761
0.9083011
0.8957589
0.8991603
0.909217
0.8437632
0.9082913
0.9072132
0.9039113
0.9125172
0.918448
0.9131096
0.9025342
0.9180878
0.8319848
0.8277295
0.8271742
0.8310165
0.8562123
0.8484507
0.9013718
0.8970754
0.9102366
0.9050261
0.9182652
0.9056387
0.905583
0.8971144
0.9111904
0.9082182
0.902507
0.8992083
0.9112282
0.9047958
0.9025378
0.9021389
0.9129385
0.9011441
0.9027623
0.8854516
0.8899608
0.8725252
0.8484057
0.921281
0.9181938
0.8990839
0.8898434
0.8453452
0.8842556
0.8867854
0.8936795
0.8833128
0.8992171
0.9002073
0.8996202
0.8995775
0.8417329
0.8405869
0.8494607
0.9156718
0.9154968
0.8995162
0.8324467
0.9048369
0.8959533
0.903505
0.9000973
0.9042826
0.9062478
0.8991907
0.9034081
0.9145293
0.9070027
0.9033361
0.9035166
0.9090974
0.9004323
0.905801
0.8921003
0.9130853
0.9006461
0.8294902
0.9002379
0.9002165
0.9042155
0.8978679
0.9050445
0.8298896
0.8315219
0.8307509
0.9136617
0.9007013
0.9138963
0.9131726
0.9144846
0.9224776
0.9239623
0.8997438
0.8942424
0.9009887
0.9050781
0.9109601
0.8999383
0.9002062
0.9107067
0.842273
0.9089316
0.9063694
0.9053446
0.9138355
0.9166111
0.9137431
0.9044691
0.9156191
0.8957895
0.8936385
0.8936254
0.8933749
0.905055
0.8964482
0.9057887
0.6973079
0.8819615
0.8810242
0.8984815
0.8857631
0.9101519
0.8830063
0.8945532
0.8863979
0.8836615
0.710243
0.9088316
0.8668155
0.8491305
0.8966424
0.887486
0.889314
0.9065338
0.8950068
0.8977741
0.886083
0.9004272
0.9034902
0.9089016
0.8928388
0.8959795
0.8965219
0.8918482
0.8932601
0.8996374
0.890362
0.9088762
0.9113786
0.8944685
0.8941172
0.8998846
0.8981133
0.8988176
0.9035512
0.9096887
0.8846629
0.8978589
0.9157004
0.9063023
0.9013613
0.9047331
0.9059114
0.9046639
0.9084852
0.905548
0.888929
0.904297
0.7307947
0.879777
0.8852899
0.7701292
0.7813651
0.9062478
0.8093394
0.8997788
0.8959492
0.7971355
0.7884684
0.7397232
0.7866099
0.8983737
0.8979386
0.8994614
0.8983782
0.8870136
0.8875776
0.8742805
0.9100331
0.7306477
0.7862082
0.7897648
0.8966843
0.8850415
0.8462558
0.8254672
0.895562
0.6918196
0.7066402
0.8854306
0.9020494
0.8878799
0.9001355
0.892059
0.9014373
0.9008548
0.898968
0.8825169
0.900328
0.8966954
0.8934813
0.8934288
0.8936939
0.9047434
0.8970404
0.905671
0.6965062
0.8814774
0.8802587
0.8984428
0.8853633
0.9094113
0.8824819
0.8944359
0.8864427
0.8845635
0.7107563
0.9087896
0.8662884
0.8490207
0.8966437
0.8872899
0.8889054
0.9070116
0.8948467
0.8969313
0.8865849
0.900427
0.9030415
0.9084198
0.8936131
0.8961423
0.8968805
0.892014
0.893222
0.8993982
0.8902839
0.9086352
0.9114932
0.8940277
0.8935969
0.899964
0.898114
0.8988969
0.9031333
0.908784
0.8838984
0.8977016
0.9160069
0.9068062
0.901519
0.9055107
0.9059484
0.9048177
0.9083283
0.905897
0.8886523
0.9047408
0.7313365
0.8799476
0.8856181
0.7693446
0.7804462
0.9052609
0.808729
0.9002174
0.8964286
0.796705
0.7882255
0.7399442
0.7855058
0.8986528
0.8972652
0.8987896
0.8976656
0.8865767
0.8875821
0.8730998
0.9097967
0.7307692
0.7879568
0.7908433
0.8964541
0.8845304
0.8465382
0.8255854
0.8950815
0.6940915
0.7075949
0.8852749
0.9018106
0.8869584
0.9002531
0.8923021
0.9008936
0.9005439
0.8982236
0.8822401
0.9004062
0.8970525
0.8944014
0.8931938
0.8940932
0.9038938
0.8968472
0.9056358
0.6981277
0.8823809
0.8798561
0.8984464
0.8856105
0.9096473
0.8824454
0.8939225
0.8865665
0.8843235
0.7110934
0.9086761
0.8654212
0.8489405
0.8966474
0.8879758
0.8889095
0.907135
0.8953361
0.8962512
0.8868787
0.9005884
0.9035332
0.9088618
0.8926827
0.8954198
0.8967651
0.891
0.893469
0.8994018
0.8904105
0.9090348
0.9117733
0.8950375
0.8944846
0.899809
0.8980381
0.8986244
0.9029851
0.9089751
0.8832127
0.8975867
0.9162049
0.9066928
0.9018387
0.9052025
0.9062254
0.9050541
0.9086393
0.9060953
0.8888568
0.9047038
0.7300885
0.8799927
0.8862674
0.7687628
0.7806965
0.905146
0.8077668
0.90046
0.8965119
0.7969484
0.7891417
0.7403168
0.7861367
0.8990143
0.8975069
0.8992677
0.8978674
0.88638
0.8872227
0.8739664
0.9103819
0.7310404
0.7882013
0.7911336
0.895609
0.8847729
0.8473294
0.8265781
0.8949245
0.6924263
0.7082613
0.8854802
0.9020918
0.8870431
0.900531
0.8917453
0.9008194
0.9007415
0.8983057
0.8824466
0.8999394
0.8956001
0.8933271
0.8933943
0.8931448
0.9049068
0.8963373
0.9054868
0.6970562
0.8818065
0.8808296
0.8986065
0.8855689
0.9101971
0.8826066
0.8944812
0.886446
0.8833845
0.7097249
0.9088381
0.8668667
0.8492277
0.89665
0.8874139
0.8891572
0.9063404
0.894974
0.8977012
0.8861743
0.9003948
0.9033754
0.9087886
0.8928873
0.8960275
0.896291
0.8918969
0.8933895
0.8996048
0.8903292
0.9088432
0.9113455
0.8943554
0.8940044
0.8998125
0.8980411
0.898667
0.9032927
0.9097325
0.8844281
0.8978267
0.9156284
0.9063869
0.9015266
0.9048179
0.9058399
0.9047095
0.9084532
0.9055157
0.8886161
0.9043446
0.7308169
0.879745
0.8852174
0.7699508
0.7812376
0.9062151
0.8091698
0.8997462
0.8959168
0.7970101
0.7882938
0.7396411
0.7862918
0.8983014
0.8977874
0.8992315
0.8981874
0.8867006
0.8873434
0.8742897
0.9100395
0.730149
0.7855607
0.7894511
0.8965373
0.8848908
0.8462675
0.825301
0.8954089
0.691846
0.7066103
0.8854791
0.901858
0.887566
0.9001819
0.8920668
0.9012115
0.9007065
0.8987792
0.882485
0.9003743
0.8962863
0.8935434
0.8934907
0.8939139
0.9040722
0.8964729
0.9057754
0.6978111
0.8817806
0.8798677
0.8976024
0.8854223
0.9096347
0.8824583
0.8935427
0.8862217
0.8843373
0.7104112
0.9089353
0.8651344
0.8489791
0.8961029
0.8876303
0.8888848
0.9068005
0.8951128
0.8964322
0.8861075
0.900097
0.9037199
0.9087686
0.8935952
0.8960854
0.8963083
0.8907727
0.8929605
0.898984
0.889937
0.9095366
0.9119593
0.8953383
0.8948248
0.8992749
0.8978197
0.8983689
0.902552
0.9092632
0.8828196
0.898279
0.9162737
0.9071846
0.9016635
0.9058108
0.9058979
0.9055439
0.9087416
0.9063925
0.8885518
0.9044449
0.7304351
0.8795962
0.8857578
0.7698464
0.7807991
0.9052097
0.809356
0.900721
0.8960139
0.7956425
0.7887218
0.7400427
0.7862891
0.8993138
0.8975273
0.8988934
0.8976897
0.8861536
0.8873997
0.8737287
0.9099038
0.7307598
0.7882582
0.7905329
0.896014
0.8849457
0.8472369
0.8257547
0.8947828
0.6937832
0.7076826
0.8854945
0.9015587
0.8870582
0.9004351
0.8919633
0.9001025
0.9001025
0.8986792
0.8820951
0.9
0.8977002
0.8908336
0.8936155
0.8938398
0.9023164
0.8973792
0.9061104
0.7470437
0.8908373
0.8805022
0.8997973
0.8874189
0.9106248
0.8805588
0.89482
0.8875926
0.8903032
0.7504781
0.909657
0.8658447
0.8583681
0.8969102
0.8906413
0.8942723
0.9074663
0.8984609
0.8986003
0.8883947
0.8982759
0.9014325
0.9065974
0.9018916
0.8984193
0.89468
0.8949217
0.8921967
0.9033131
0.8936521
0.9100333
0.9130041
0.896424
0.8962295
0.8983595
0.8998054
0.8973018
0.9026967
0.9055575
0.8804399
0.8919298
0.9130435
0.9016259
0.9050436
0.9022495
0.9037718
0.9066558
0.9096089
0.9053674
0.8919609
0.9032604
0.7581916
0.8790505
0.8866199
0.7869104
0.7958011
0.9056712
0.8182621
0.9066897
0.8985179
0.808017
0.8034102
0.7606179
0.8099413
0.9006592
0.8943081
0.8965951
0.8947501
0.8885732
0.8907131
0.8786605
0.9099253
0.7403643
0.8005244
0.8049549
0.8970557
0.8929984
0.8543255
0.8345326
0.8986305
0.7420842
0.7481932
0.8829334
0.8991676
0.8892418
0.9021511
0.8886796
0.9031974
0.9038137
0.8990297
0.8806592
0.9037445
0.9158778
0.910794
0.9161867
0.9142489
0.9205417
0.9198282
0.9196361
0.8953488
0.8739649
0.8606176
0.8693777
0.8516993
0.9304393
0.8830342
0.8903198
0.8746364
0.9102179
0.8988301
0.9265912
0.8924129
0.8917524
0.9209455
0.8813553
0.9014443
0.9273872
0.9180433
0.920222
0.9148577
0.9148391
0.9227494
0.9259431
0.9182303
0.9186286
0.916404
0.9190858
0.921595
0.9195317
0.9175621
0.9246427
0.9245411
0.9193725
0.9212568
0.915364
0.9145537
0.9175243
0.8869314
0.892201
0.8846348
0.9109801
0.925084
0.9190471
0.9210775
0.9177328
0.9243601
0.9228615
0.9221326
0.922119
0.8736361
0.9230908
0.8969568
0.8660457
0.870171
0.8922632
0.8954688
0.9167932
0.9085507
0.9182203
0.9179897
0.8952615
0.893459
0.9020094
0.8901075
0.9217644
0.9170081
0.9164478
0.9166316
0.8725845
0.8817702
0.9037428
0.9241591
0.9021896
0.908572
0.9091636
0.9044378
0.9033949
0.8918237
0.8952859
0.9145953
0.8943326
0.8991453
0.8747292
0.9165224
0.8839819
0.9101316
0.8866573
0.8956919
0.8810202
0.8837342
0.8780022
0.890911
0.9085954
0.9029519
0.9052503
0.9067415
0.9143384
0.9077226
0.9000823
0.8939632
0.8811277
0.9104104
0.9149155
0.9046742
0.9211182
0.8991955
0.9090844
0.899172
0.8429977
0.8859923
0.9036219
0.900768
0.8853896
0.8916803
0.9010843
0.8607205
0.9162292
0.8940383
0.8894745
0.8969088
0.9177798
0.8720383
0.8794687
0.8896544
0.8939613
0.9136355
0.9033159
0.8982338
0.9010325
0.8975099
0.9157357
0.9163158
0.8965492
0.8986133
0.9154869
0.9171156
0.9177673
0.9106517
0.9162286
0.8990393
0.9100362
0.9190111
0.8997427
0.8920467
0.9016103
0.8942926
0.9026565
0.8975273
0.8939565
0.9045083
0.8978632
0.8949303
0.8992472
0.9068999
0.8993631
0.8988565
0.9112182
0.9004446
0.8869933
0.9097037
0.8917037
0.8834798
0.8889133
0.8879594
0.8939394
0.9057851
0.9080071
0.9070908
0.9051427
0.9081541
0.8875059
0.8866821
0.9032212
0.9065746
0.9062867
0.873242
0.8556065
0.8840612
0.8978756
0.8056163
0.8927169
0.8861756
0.8964184
0.9150657
0.9048408
0.8899199
0.8987645
0.9063222
0.9126166
0.9126372
0.8933309
0.9123151
0.9072731
0.9037913
0.9026275
0.903034
0.9092092
0.9056711
0.9102654
0.9069966
0.9088805
0.9158035
0.9266653
0.9181309
0.9175923
0.9061016
0.9265172
0.9110287
0.8995869
0.9028908
0.8740915
0.9154142
0.9096201
0.8691201
0.9166871
0.9076031
0.9101901
0.8955502
0.9003046
0.8945721
0.9099205
0.9056764
0.9094851
0.8642309
0.8997274
0.9078367
0.9022548
0.8962677
0.8998843
0.8944941
0.9128048
0.912268
0.8481166
0.849421
0.9088022
0.9088279
0.9108589
0.9263122
0.9291378
0.9080554
0.9046129
0.9182379
0.8620409
0.8639741
0.8605545
0.866218
0.8660678
0.8658675
0.8669662
0.9202282
0.9053043
0.9094293
0.911214
0.9206805
0.9062644
0.9073188
0.8835905
0.909792
0.8800545
0.9090521
0.9080533
0.9038407
0.9069619
0.9065835
0.8578585
0.904908
0.9055864
0.9050676
0.918418
0.9128218
0.909619
0.8658433
0.9175916
0.9216196
0.9235024
0.9069494
0.8989364
0.9052964
0.9118977
0.9062185
0.904767
0.9027425
0.9174132
0.9125621
0.9171529
0.9081853
0.9136803
0.9197131
0.9253644
0.9227696
0.9153957
0.9243616
0.9062665
0.9061632
0.9008896
0.9040717
0.9073617
0.9092193
0.9124803
0.8841061
0.8776057
0.8634805
0.8809239
0.8642963
0.9214955
0.8748206
0.889471
0.869937
0.8948738
0.8830682
0.9175006
0.8866921
0.8732605
0.909734
0.8863136
0.894519
0.9173434
0.9084298
0.907946
0.9045268
0.9079796
0.9105478
0.911949
0.9116501
0.90936
0.9060024
0.9062998
0.9069406
0.9102136
0.9070535
0.9165765
0.9182081
0.902847
0.9025199
0.9056326
0.9071459
0.90699
0.8949145
0.9015086
0.8831551
0.900726
0.9230907
0.9066406
0.9132835
0.9075606
0.9106507
0.9126774
0.9118474
0.9088034
0.8792137
0.9143192
0.8852786
0.8613579
0.8703058
0.8831027
0.8846196
0.9128071
0.8992198
0.9118385
0.9051079
0.879519
0.8793884
0.8928842
0.879636
0.9116156
0.9050954
0.9063994
0.9047857
0.874918
0.8744536
0.8929838
0.9189504
0.8982273
0.9007004
0.9026655
0.8987134
0.8922935
0.8777487
0.8848261
0.9030918
0.8825425
0.8829601
0.871615
0.906385
0.8752195
0.9016522
0.8825974
0.8926296
0.8836967
0.8919403
0.880728
0.8948424
0.9072548
0.9061841
0.8992788
0.9064572
0.9120829
0.9113302
0.9092638
0.90729
0.9055019
0.9239873
0.9296454
0.9182793
0.9153174
0.9088567
0.9255741
0.9180672
0.8987355
0.9033229
0.8827276
0.9135268
0.9082198
0.8771714
0.9125009
0.9057421
0.9126926
0.8934417
0.8957441
0.8963683
0.9105366
0.8996044
0.9040188
0.8712414
0.8982226
0.9112441
0.9022913
0.8942907
0.9019046
0.8974538
0.9122998
0.913975
0.8726731
0.8732833
0.9149763
0.9141163
0.915865
0.924595
0.9264911
0.9119204
0.9069253
0.9155382
0.8668073
0.8677953
0.8694579
0.8713615
0.872945
0.8728467
0.87292
0.9185219
0.9009187
0.9089549
0.9175931
0.9227718
0.9097017
0.9092816
0.8241136
0.9116812
0.8792771
0.9090812
0.9084662
0.9047466
0.905574
0.9087774
0.8713713
0.9071888
0.9093082
0.9088702
0.9187186
0.9212737
0.9075249
0.8732789
0.9172046
0.9205796
0.9216505
0.9079531
0.8981789
0.8988002
0.9114765
0.8989565
0.9076454
0.9055725
0.9167194
0.9183149
0.9176786
0.9012681
0.9143872
0.9154871
0.9294706
0.9235009
0.9122739
0.9203102
0.9048992
0.9033245
0.8982287
0.9043252
0.912699
0.9113273
0.9116381
0.9049044
0.9038128
0.9215748
0.9275155
0.9185377
0.9130839
0.9077825
0.9254068
0.9147041
0.8961918
0.9035602
0.8801636
0.9135336
0.9089031
0.8764613
0.913352
0.9049463
0.911298
0.8940507
0.8970885
0.8960909
0.9114268
0.9022219
0.9052367
0.8701544
0.8971464
0.9101099
0.8972348
0.8938422
0.9009374
0.8947796
0.909676
0.9123545
0.8722783
0.8703226
0.9125363
0.9145541
0.9161902
0.923988
0.9253058
0.9093511
0.9060013
0.9155936
0.8678601
0.8706286
0.8677098
0.8715501
0.8695219
0.8727913
0.8731145
0.9164806
0.9037752
0.9074944
0.9171956
0.9212218
0.9117123
0.9115624
0.823043
0.9096201
0.8764078
0.907498
0.9103598
0.9054612
0.9051913
0.9084902
0.8709292
0.9073243
0.9073383
0.9077984
0.919663
0.9201278
0.9086318
0.8708802
0.9170749
0.9207304
0.9217303
0.9062979
0.8961219
0.8958455
0.9125214
0.8984543
0.9028391
0.9026204
0.9147075
0.9138248
0.915088
0.9016535
0.9124187
0.9167572
0.9278379
0.9208668
0.9100704
0.9201946
0.9034978
0.9025407
0.8970116
0.9033121
0.9115714
0.9095007
0.9087442
0.904551
0.9033816
0.9213175
0.9281855
0.9170543
0.912682
0.908053
0.9259741
0.9145729
0.8948459
0.9041942
0.8822687
0.9142464
0.9092073
0.8750047
0.912837
0.9072407
0.9109278
0.8930943
0.8983566
0.8964368
0.9098194
0.9011211
0.9056006
0.8683923
0.8984567
0.9095558
0.898991
0.8939873
0.8978973
0.8960221
0.9092701
0.9106705
0.8756189
0.8728735
0.9120556
0.914032
0.9142847
0.9251268
0.9259297
0.9097334
0.9052956
0.9145528
0.8683118
0.8690565
0.8690815
0.8724531
0.8697173
0.873226
0.8733444
0.9151936
0.9036158
0.908896
0.917174
0.9203175
0.9128225
0.9124796
0.8255448
0.9100787
0.875
0.9080435
0.9091849
0.9045587
0.9052315
0.907784
0.8683857
0.9056732
0.9076873
0.9062657
0.917771
0.9211709
0.9074627
0.8720362
0.9166725
0.9217191
0.922039
0.9072477
0.8967264
0.896548
0.9118118
0.8975033
0.9042307
0.9030609
0.9162226
0.9146674
0.9167228
0.9009529
0.9129489
0.9171914
0.9281684
0.9200435
0.90983
0.9214198
0.9039009
0.9024741
0.897776
0.9042238
0.9113194
0.9096719
0.9097617
0.9049986
0.90458
0.9217964
0.9279135
0.9175368
0.9142898
0.9078333
0.9252445
0.913293
0.8954562
0.9038137
0.8829252
0.9128086
0.9097277
0.8762632
0.9128169
0.9068143
0.9113051
0.894407
0.8979225
0.8966092
0.9103821
0.9010097
0.9069048
0.8685115
0.8982647
0.9096114
0.8998899
0.8946051
0.8987115
0.8960307
0.909247
0.9118034
0.8751537
0.8725735
0.9128144
0.9140513
0.9154985
0.9244923
0.9256252
0.910878
0.9047602
0.9146514
0.8683869
0.8698908
0.8693659
0.8710659
0.8712478
0.8726014
0.8733803
0.9146363
0.9035884
0.909458
0.9182294
0.9211779
0.9125316
0.9118788
0.8252333
0.9111048
0.8756662
0.9090387
0.908344
0.904808
0.9070884
0.9085007
0.8681232
0.9066303
0.9079376
0.9068298
0.9183645
0.9207738
0.9088359
0.8712346
0.9163878
0.9211399
0.9215358
0.9070723
0.8974386
0.8966372
0.9121008
0.898237
0.9042046
0.9033106
0.9165872
0.9154277
0.9167435
0.9018302
0.9133552
0.917288
0.9287519
0.9210508
0.9109684
0.9221254
0.9066558
0.9041948
0.9054195
0.9044848
0.9102778
0.9112579
0.9099912
0.9069985
0.9051211
0.924284
0.9317192
0.9198565
0.9129377
0.9110816
0.92497
0.9154404
0.8976335
0.9065172
0.8850009
0.911773
0.9049664
0.8771174
0.9154795
0.9060403
0.9114264
0.8953527
0.8989877
0.8913514
0.9103814
0.8985954
0.9023197
0.871283
0.899089
0.9081215
0.8966636
0.8957934
0.9044171
0.8980758
0.9118335
0.9112871
0.8748272
0.874385
0.9090582
0.9107342
0.9129567
0.9190942
0.9223754
0.9058718
0.9054951
0.912328
0.8698523
0.8619873
0.8682317
0.870185
0.8751056
0.8751236
0.8680269
0.920017
0.8990561
0.9115598
0.9140478
0.9216178
0.9137354
0.9120362
0.8298797
0.9111056
0.8732363
0.9122813
0.9085346
0.9081329
0.9073948
0.9078326
0.8704015
0.9094855
0.9102408
0.9112074
0.923058
0.9192206
0.9112729
0.8738735
0.9168577
0.9211604
0.9228754
0.9084355
0.8956874
0.9011417
0.9146589
0.89801
0.908419
0.9045215
0.9182059
0.915203
0.915947
0.902718
0.9143694
0.9188934
0.9282293
0.9229258
0.9123224
0.9187977
0.9015587
0.9043687
0.9023296
0.9044225
0.9095869
0.9069585
0.9054758
0.9043312
0.9041491
0.9234662
0.9299694
0.9181928
0.913014
0.910967
0.9258895
0.9129133
0.8969035
0.9033441
0.88379
0.9115817
0.9033758
0.8745408
0.9159331
0.9071794
0.9109089
0.894207
0.8990154
0.8874192
0.9102293
0.8999027
0.9042451
0.871456
0.8987936
0.9071511
0.8967775
0.896477
0.9024408
0.8956275
0.9084927
0.9103724
0.8681566
0.868489
0.9106316
0.9102283
0.9127619
0.9209654
0.9252978
0.9048644
0.9043316
0.9116556
0.868895
0.8654997
0.8661426
0.8701482
0.8761308
0.8727299
0.8692946
0.9170205
0.9011378
0.9103566
0.9136969
0.9200763
0.9107525
0.9101372
0.8221261
0.9114956
0.8747482
0.9106055
0.9071763
0.9070467
0.9083038
0.9087764
0.8672398
0.9082404
0.909465
0.9104696
0.9191293
0.9170933
0.9094587
0.8742878
0.9193214
0.922798
0.9228544
0.9079496
0.8956818
0.8980862
0.9133805
0.8993656
0.9047224
0.9040642
0.9186514
0.9136362
0.9158242
0.9031693
0.9146746
0.9188802
0.9281607
0.919348
0.9128232
0.9218629
0.903705
0.9041682
0.9028366
0.9045361
0.9104758
0.9077739
0.9088016
0.9037344
0.9060789
0.92253
0.9305817
0.9173924
0.9135216
0.9098349
0.9244645
0.9138732
0.8973344
0.9049946
0.8861005
0.9116992
0.9050563
0.8761145
0.9157083
0.9069365
0.91019
0.8940725
0.8993701
0.8884406
0.9104643
0.9034282
0.9064631
0.8738861
0.8971664
0.9075024
0.8985518
0.8975612
0.8993502
0.8967564
0.9088116
0.9116894
0.869099
0.8694709
0.9103979
0.909523
0.9126099
0.9217489
0.9255301
0.9059608
0.903659
0.9126863
0.8689461
0.8661429
0.8681237
0.871375
0.8754035
0.8734024
0.8708113
0.9184056
0.8991584
0.9117962
0.9138164
0.9192066
0.9121501
0.9110699
0.8213156
0.9128919
0.8785297
0.9106458
0.9061963
0.9077105
0.9104099
0.9096712
0.8676289
0.9080831
0.9085663
0.9096511
0.9191752
0.9174462
0.9110063
0.8726733
0.9195572
0.9222067
0.9225266
0.9070359
0.8946901
0.89976
0.9124163
0.8984734
0.9048772
0.9041392
0.9173227
0.9151238
0.9169445
0.9046938
0.9143306
0.9184716
0.9282496
0.921517
0.9149802
0.9201635
0.9179565
0.9145767
0.9193368
0.9180282
0.9233241
0.920711
0.9197678
0.8995639
0.8916934
0.8792817
0.8862953
0.8760288
0.9288543
0.8832729
0.8935904
0.8842515
0.907813
0.9048058
0.9303198
0.8969813
0.8866057
0.9234147
0.8945307
0.9081052
0.9332529
0.9261695
0.9231449
0.9201876
0.9192192
0.9201219
0.9182528
0.9207467
0.9191072
0.9197913
0.9184117
0.9227664
0.920811
0.9215017
0.9268146
0.9266052
0.921451
0.9218129
0.9175886
0.9193367
0.9191266
0.9001205
0.905385
0.8966194
0.9187404
0.9280461
0.9204248
0.9247278
0.9223808
0.9239047
0.9298657
0.9257996
0.9216193
0.8872769
0.9211354
0.900914
0.879457
0.8817158
0.9024961
0.9058017
0.9205123
0.9089243
0.9256928
0.9200168
0.8952517
0.891857
0.9009249
0.8944006
0.9247372
0.9174009
0.919343
0.9193384
0.8817622
0.8856813
0.9003853
0.9289042
0.9017734
0.9077605
0.9100666
0.9134418
0.9087256
0.8952772
0.8929044
0.9117804
0.8995486
0.8970194
0.8847175
0.9192522
0.8871107
0.9140139
0.8923801
0.904147
0.8912289
0.9004801
0.8889366
0.9035766
0.8942918
0.8938364
0.8967702
0.8963849
0.9026013
0.9042379
0.905173
0.9049313
0.9094554
0.9128772
0.9270953
0.916371
0.9094711
0.9054447
0.9207446
0.9098407
0.9002348
0.9047704
0.8784211
0.9120375
0.9063145
0.8744856
0.9142342
0.9020273
0.9042443
0.8904398
0.8978681
0.8887482
0.9032559
0.9067419
0.9071135
0.8690265
0.8940385
0.9032687
0.8929006
0.8931343
0.9000982
0.8939455
0.9076569
0.906454
0.8672659
0.8665844
0.9044255
0.9034587
0.9057999
0.9230376
0.9214098
0.904088
0.8939706
0.9113345
0.8587634
0.8657162
0.8610037
0.8733181
0.8721156
0.8679218
0.8671976
0.9149742
0.9005811
0.9079417
0.9101711
0.9174613
0.9060034
0.9071426
0.8660249
0.9101743
0.8765749
0.9039001
0.9063214
0.9033276
0.9058049
0.9036261
0.8720377
0.9012061
0.9024872
0.9020398
0.9169778
0.9145357
0.9091875
0.8765569
0.9201723
0.9209691
0.9216649
0.9024663
0.8946118
0.9003044
0.9123686
0.9036538
0.9038226
0.9037985
0.9121684
0.9040272
0.9153503
0.8980668
0.9073988
0.917502
0.9213374
0.9172784
0.9118927
0.9220274
0.8928235
0.892916
0.8964525
0.8957042
0.9000577
0.8979355
0.8994425
0.895148
0.8965783
0.9132536
0.9314568
0.9157751
0.9141685
0.9052674
0.9220497
0.9084713
0.8818155
0.893758
0.8790898
0.9090584
0.8974564
0.8296675
0.9076398
0.8916783
0.9036396
0.8824813
0.8907873
0.8798375
0.9103022
0.8881122
0.8937507
0.7221553
0.8889304
0.9054524
0.8868031
0.8831257
0.8919861
0.8839326
0.9031265
0.9083907
0.8577922
0.8589861
0.9062693
0.9056157
0.9049152
0.9151437
0.9243892
0.8993887
0.9000109
0.9152462
0.8575908
0.8542397
0.8566792
0.8567635
0.8664106
0.8657843
0.8589487
0.9151014
0.8916075
0.8947811
0.9091858
0.9172293
0.9017077
0.9031884
0.8823134
0.8992806
0.8294756
0.8996201
0.8941314
0.8925223
0.8960821
0.8984886
0.8441313
0.9008596
0.9003569
0.8998615
0.9163548
0.9156726
0.8979983
0.8557711
0.9112175
0.909787
0.9117083
0.8981413
0.8835071
0.8930864
0.905034
0.8812196
0.8953655
0.8903318
0.9098469
0.9084707
0.9152099
0.8948383
0.9107542
0.9132423
0.9275672
0.9188892
0.9032747
0.9204703
0.9165973
0.9127425
0.916078
0.9169679
0.9193945
0.9169073
0.9113422
0.8228892
0.8859487
0.8939702
0.9048105
0.8966219
0.9215371
0.8966233
0.9027458
0.8980382
0.899507
0.8137063
0.9174212
0.8827026
0.8705352
0.9048493
0.8944336
0.9017851
0.9251125
0.9077912
0.9119903
0.9090581
0.9202308
0.899701
0.9035877
0.9080162
0.9096541
0.9176244
0.910498
0.9121334
0.9164423
0.9087022
0.9248908
0.9277695
0.9099134
0.9076731
0.9168956
0.9191376
0.9185896
0.9086535
0.9145889
0.896008
0.9197503
0.9255982
0.9153814
0.9125053
0.9141386
0.9118529
0.9177424
0.9180362
0.9139608
0.8941684
0.9121267
0.8284297
0.89338
0.8990236
0.7889883
0.7885833
0.9194356
0.8585371
0.9094734
0.9170853
0.8413987
0.8378155
0.8353916
0.8336404
0.9081379
0.9169005
0.9182744
0.9169794
0.8947518
0.8978047
0.8813218
0.9094573
0.835822
0.8467347
0.845669
0.907546
0.9015845
0.8703411
0.8590424
0.9005209
0.8250688
0.8117203
0.8935164
0.9185944
0.8969274
0.911501
0.9049324
0.907288
0.9078562
0.9021196
0.8935088
0.909126
0.900822
0.8999569
0.900208
0.9017275
0.9059753
0.908266
0.9043475
0.9021993
0.9070934
0.919737
0.9311553
0.9202896
0.9108544
0.903148
0.9291655
0.9073231
0.8919911
0.8986859
0.8797122
0.9096751
0.8990192
0.8678621
0.9111764
0.9034714
0.9104084
0.895535
0.8933353
0.896553
0.9102875
0.8951728
0.9023041
0.8649955
0.8924514
0.9087014
0.8914726
0.8930526
0.8961593
0.891496
0.9090346
0.9120595
0.8642758
0.8649589
0.9103377
0.9108333
0.9108805
0.919074
0.924651
0.9072448
0.9023281
0.9118681
0.8600313
0.8548144
0.8599361
0.8644907
0.8595568
0.86328
0.8620869
0.9179357
0.8979074
0.9075759
0.9107346
0.9185817
0.9085602
0.9095368
0.865756
0.9039637
0.8728675
0.9071101
0.9052534
0.9031206
0.904617
0.9033411
0.8651534
0.9076802
0.9061303
0.9060016
0.9203354
0.9183572
0.9055686
0.8671492
0.9152489
0.920641
0.9198327
0.9040991
0.8959004
0.8951771
0.9067627
0.8955643
0.9019127
0.8990048
0.9129944
0.9139569
0.9194572
0.9016821
0.9074624
0.9140677
0.9233678
0.9231494
0.912489
0.9235829
0.9009721
0.9006204
0.9026879
0.9024704
0.905835
0.9074747
0.9033428
0.9037837
0.9059324
0.9197359
0.9277677
0.9185262
0.9105403
0.9048925
0.9256612
0.9081571
0.893076
0.9008554
0.8792785
0.9118678
0.8985684
0.8678725
0.9101296
0.9021377
0.9083576
0.8923168
0.8948821
0.8963213
0.9122707
0.8930969
0.8981003
0.8652512
0.8928558
0.9113838
0.8925705
0.8924787
0.8967777
0.8925133
0.9081853
0.9085066
0.8616965
0.8635047
0.9111167
0.9119275
0.9122376
0.9188846
0.9216843
0.904832
0.9029196
0.9130972
0.8606459
0.8568409
0.8602516
0.8615494
0.8647697
0.866706
0.8633024
0.9170063
0.8939075
0.9060302
0.9130977
0.9166194
0.9065544
0.9080086
0.8653304
0.9052281
0.8697284
0.9099558
0.9028257
0.9001155
0.9050597
0.9034238
0.8656196
0.909583
0.9088921
0.9107968
0.9186605
0.916732
0.9036661
0.8673253
0.9158786
0.9208704
0.9197941
0.9051393
0.8964991
0.8981235
0.9095944
0.8947639
0.9033017
0.8993881
0.9122303
0.9152579
0.9192252
0.9017575
0.9058735
0.9168215
0.9258899
0.9230877
0.9094759
0.9240902
0.9147465
0.915861
0.9150864
0.9179019
0.9220752
0.919982
0.9225396
0.8978089
0.8763304
0.8505939
0.8654869
0.8457804
0.9291584
0.8811658
0.8854553
0.8707245
0.9140118
0.9000996
0.927238
0.8929319
0.8907716
0.9236968
0.8811486
0.9088179
0.9327237
0.9249284
0.9236929
0.9216351
0.9172714
0.9252424
0.9244589
0.9217237
0.9207002
0.9163657
0.9226492
0.9249877
0.9234882
0.9222092
0.9294047
0.9275311
0.9232907
0.9226259
0.914444
0.9129005
0.9126254
0.8910994
0.898098
0.8837486
0.9102451
0.9296792
0.923636
0.9285988
0.9240805
0.9250819
0.9257328
0.9268821
0.9255312
0.8555519
0.9259246
0.897403
0.8621082
0.8641939
0.8953894
0.9007655
0.9242461
0.9080792
0.9228684
0.9157847
0.8905277
0.8900165
0.8996479
0.8858487
0.9249012
0.9171983
0.9179651
0.9177324
0.8500684
0.8727877
0.9044203
0.9306557
0.9019007
0.9068858
0.9068704
0.9102735
0.91245
0.8929099
0.8887614
0.915208
0.8935879
0.8966836
0.8625416
0.9151024
0.8751497
0.9160885
0.8934776
0.8960541
0.881174
0.8875138
0.8806963
0.8939151
0.8998231
0.8986776
0.8999893
0.8972856
0.9032121
0.902937
0.9054524
0.7669786
0.8753893
0.8823041
0.8988712
0.8882266
0.9115721
0.8806215
0.8959519
0.8887859
0.8843273
0.7657528
0.9054473
0.8625018
0.8511207
0.8945162
0.8889647
0.8901704
0.9115832
0.894091
0.8964139
0.8906924
0.9071396
0.8913872
0.8980702
0.8955665
0.8957871
0.9032546
0.8944217
0.8949324
0.9025647
0.8944483
0.9111593
0.9149036
0.898757
0.8988756
0.9063192
0.9058735
0.9053009
0.9029648
0.9102441
0.88237
0.9032281
0.915399
0.9051831
0.9003232
0.9036577
0.9027153
0.9048326
0.9095183
0.9004032
0.8871642
0.903384
0.7820726
0.8789948
0.888469
0.6458278
0.6594461
0.9073132
0.8303653
0.9003285
0.9020386
0.7976543
0.7889815
0.798018
0.7951718
0.8974202
0.8995563
0.9005967
0.9003862
0.8836882
0.8870553
0.8747415
0.9013339
0.8004171
0.8268884
0.8264485
0.8940721
0.8871848
0.8511046
0.8336232
0.8888889
0.763483
0.7662359
0.8835525
0.906875
0.8877996
0.8996979
0.891284
0.9014248
0.9040836
0.899511
0.8805188
0.9053729
0.9193103
0.9140746
0.9165799
0.917902
0.9254512
0.9224907
0.9264866
0.9112725
0.8961102
0.884068
0.8926679
0.8768908
0.9276915
0.8985607
0.8997405
0.8902077
0.9191057
0.9103659
0.9286
0.9051378
0.903077
0.9297244
0.8964846
0.9131819
0.9330543
0.9281869
0.9267798
0.925726
0.9180615
0.9278464
0.9268526
0.9280415
0.923816
0.9164981
0.9288083
0.9279483
0.9212657
0.9265055
0.9327646
0.9305863
0.928408
0.9288063
0.9158283
0.9175101
0.9148062
0.9017515
0.9058994
0.9008603
0.9166218
0.9301286
0.9268618
0.9264627
0.9278518
0.9277169
0.9297009
0.9317007
0.9300269
0.8884794
0.9315826
0.9098852
0.8827749
0.8931549
0.912357
0.915689
0.9263923
0.9161652
0.9250768
0.9199919
0.9031105
0.9029444
0.9091957
0.9043091
0.9283081
0.9185013
0.9187635
0.9190862
0.8828465
0.8940067
0.9117479
0.9307749
0.9097509
0.9155342
0.9157345
0.9160248
0.9149239
0.9064307
0.9033213
0.9203864
0.9127998
0.9093873
0.8930734
0.9125836
0.8948776
0.9194546
0.9006808
0.9061535
0.8990615
0.9033981
0.8929903
0.9051053
0.9196825
0.9099289
0.9150089
0.9147411
0.9232851
0.9235071
0.9192555
0.9045613
0.8916843
0.8841942
0.8954192
0.8781173
0.929644
0.8934239
0.8990142
0.8904876
0.9120385
0.9057742
0.9281288
0.9036223
0.8983433
0.920943
0.8917965
0.907316
0.9309937
0.9254734
0.9214674
0.9167252
0.9143152
0.9217582
0.9244174
0.9215502
0.9195718
0.9172305
0.9195322
0.9216176
0.9153149
0.919961
0.9280017
0.9257077
0.9241631
0.9239175
0.9153913
0.9162088
0.9154688
0.8975971
0.9034736
0.9024119
0.9132976
0.9286085
0.9188578
0.9209613
0.9201543
0.9240368
0.9270115
0.9246927
0.9254696
0.8834773
0.9218673
0.9057768
0.8787975
0.8858179
0.9052613
0.9087805
0.9253188
0.9106595
0.9198035
0.9164399
0.9018062
0.9003726
0.9064708
0.902538
0.9208933
0.9161479
0.9178679
0.9161881
0.8776167
0.89125
0.9045534
0.9228822
0.9059341
0.9118839
0.9101606
0.9113139
0.9088474
0.8982598
0.8968489
0.9139579
0.9028346
0.8990178
0.888566
0.9113959
0.8947074
0.9130569
0.8977408
0.9057165
0.8972671
0.9007048
0.8882079
0.9048704
0.908601
0.9039921
0.909171
0.90816
0.911893
0.9126315
0.9135721
0.8776328
0.8776016
0.8747824
0.8844279
0.870243
0.9225987
0.8829996
0.8825293
0.87894
0.8968533
0.8761188
0.9182986
0.8737177
0.8688954
0.9120109
0.8787321
0.8965454
0.9262737
0.9103332
0.9078952
0.9046582
0.9064195
0.9080009
0.9127354
0.9117299
0.9088301
0.9049562
0.912835
0.9129099
0.9099144
0.9094437
0.9205267
0.9213764
0.9099886
0.9109674
0.9131834
0.9125969
0.9139268
0.8987595
0.9029383
0.8884935
0.9070137
0.9270907
0.9110281
0.9130435
0.9105491
0.9157958
0.9168787
0.9160467
0.9152572
0.8822299
0.91276
0.8816337
0.8668399
0.8680403
0.8741274
0.8820324
0.9186774
0.8940395
0.9135412
0.9094193
0.8679052
0.8604128
0.8825295
0.8587421
0.9110772
0.9097463
0.9103745
0.9085538
0.8776542
0.8775421
0.878069
0.9171176
0.8855549
0.8896185
0.8907086
0.9021476
0.8956479
0.8695139
0.876597
0.8990855
0.8758003
0.8775525
0.878531
0.911907
0.8784508
0.9071331
0.8873143
0.8962723
0.8888377
0.8930221
0.8815084
0.8998123
0.9086234
0.9042877
0.9072696
0.9065726
0.9135071
0.9124248
0.9130269
0.8790117
0.8783685
0.8755072
0.8837368
0.8687035
0.9214877
0.8803897
0.8822361
0.876917
0.8988913
0.8769673
0.9189256
0.8742374
0.8677334
0.9124607
0.8797331
0.8971778
0.9262538
0.9126172
0.9122832
0.9041653
0.9069075
0.9096233
0.9128754
0.9135427
0.9111564
0.9054845
0.915495
0.9126987
0.9099758
0.9078971
0.9208161
0.9200057
0.9102052
0.9103703
0.9118584
0.912349
0.9143288
0.899883
0.9018284
0.8899178
0.9077694
0.9274122
0.9086674
0.9117949
0.9096892
0.9160453
0.9163326
0.9167824
0.9159626
0.8820581
0.913534
0.8808136
0.8677438
0.8708373
0.8728894
0.8797585
0.9183919
0.8956432
0.9129832
0.9099048
0.8676078
0.8604068
0.8829226
0.8592405
0.9121409
0.9097686
0.9098196
0.9095792
0.8769959
0.8764699
0.8780998
0.9164148
0.8866186
0.8904333
0.8916785
0.9023229
0.8962149
0.8690059
0.8745456
0.8982385
0.8747208
0.8759885
0.8792084
0.9107283
0.8785629
0.9062324
0.8872224
0.8949744
0.890792
0.8961462
0.881176
0.9013153
0.9000997
0.8963305
0.8998745
0.9002995
0.9091262
0.9052983
0.9080751
0.8779519
0.8609897
0.8386865
0.8574394
0.6753022
0.9192727
0.8600322
0.8747705
0.8527341
0.897345
0.8846154
0.9149398
0.8728056
0.8703364
0.9140921
0.8640325
0.8935262
0.9189719
0.9093315
0.9069077
0.9049888
0.9011364
0.9177434
0.9171727
0.9123594
0.9059879
0.8975441
0.9112719
0.914722
0.9058773
0.9052892
0.9174136
0.9134248
0.9087141
0.9082179
0.8952488
0.8956238
0.9001937
0.8782683
0.8835442
0.8637207
0.8975724
0.9228535
0.9083422
0.9126675
0.9096467
0.9128607
0.9134103
0.9117336
0.9144448
0.8532477
0.9139287
0.8881586
0.8401966
0.8456214
0.8821257
0.8896287
0.9066941
0.9006846
0.9109392
0.9041066
0.874532
0.8714481
0.8882069
0.8715536
0.9109925
0.9016535
0.9011969
0.9029583
0.8501419
0.8567848
0.8918569
0.9200042
0.8943617
0.9007875
0.8997586
0.8964019
0.8883746
0.8710612
0.8778917
0.8976375
0.8751478
0.8823056
0.8518049
0.8972959
0.8595924
0.8998963
0.8718299
0.8882918
0.8703326
0.874877
0.8575033
0.8838104
0.9067618
0.8987704
0.9022049
0.9051727
0.9047823
0.9054102
0.9022795
0.8999527
0.9014857
0.9172203
0.9304409
0.9158711
0.9198075
0.9029461
0.92627
0.9077426
0.8890849
0.9008007
0.8639093
0.910307
0.8973108
0.8582024
0.9139134
0.8991437
0.9055792
0.8903315
0.8965962
0.8869974
0.91487
0.8941813
0.894857
0.8613657
0.8962867
0.9115651
0.8946569
0.8938659
0.899538
0.8924655
0.9075961
0.9116912
0.763691
0.7639716
0.9085419
0.9084492
0.9116426
0.9214973
0.9259589
0.9057005
0.9050466
0.9176723
0.8613694
0.8567369
0.8637807
0.8606499
0.8656262
0.8652143
0.8595523
0.9151226
0.8964894
0.9009267
0.912546
0.9156601
0.9046316
0.9048767
0.8820576
0.9062534
0.8695898
0.9016233
0.9040839
0.9002571
0.9009378
0.8995734
0.8394349
0.9026113
0.9042542
0.902257
0.917984
0.9127736
0.8983277
0.8524907
0.91338
0.9172421
0.9188619
0.9029109
0.8940244
0.895553
0.906868
0.8948473
0.8993763
0.8924039
0.9109391
0.9124706
0.9130202
0.8997656
0.9127081
0.9191866
0.9275014
0.9197346
0.9065645
0.9244272
0.8963269
0.8930271
0.893294
0.8935599
0.9045361
0.8969864
0.9054264
0.6991707
0.8821143
0.8798343
0.8983498
0.8860755
0.9099416
0.8828322
0.8943013
0.8854671
0.88214
0.7123851
0.908582
0.8660613
0.8495562
0.8972328
0.8878353
0.8896726
0.906798
0.8950742
0.896192
0.8853252
0.9011225
0.9029865
0.9080472
0.8941655
0.8955622
0.8958724
0.8917132
0.8933685
0.899224
0.8906354
0.9087408
0.9114011
0.8941331
0.8940236
0.8994339
0.8984575
0.8988036
0.9042935
0.9095979
0.8840438
0.8980426
0.9160728
0.9063257
0.9028871
0.9041325
0.90699
0.90624
0.9088539
0.9070132
0.8885158
0.9051313
0.7286655
0.8799301
0.8857226
0.7698984
0.7804598
0.9055626
0.8085609
0.9000036
0.8959356
0.7961078
0.7880486
0.7372059
0.7875768
0.8993538
0.8979643
0.8996842
0.8980076
0.8861184
0.8884536
0.8734099
0.9092011
0.7272802
0.7876873
0.7901518
0.8963626
0.884355
0.8462092
0.8243011
0.8946238
0.6920242
0.7053054
0.8853791
0.9017964
0.887224
0.9000036
0.891886
0.9011125
0.90181
0.8989931
0.8828702
0.9007446
0.9058118
0.9078659
0.9027097
0.9100328
0.9143525
0.9123662
0.9064856
0.9062635
0.9021144
0.9244491
0.9305536
0.9212808
0.9215861
0.9109488
0.927713
0.9084647
0.8923015
0.9069248
0.8773665
0.9143798
0.9015108
0.8612402
0.9166282
0.9056897
0.9119726
0.8945654
0.8942705
0.9016412
0.9166696
0.888509
0.8949789
0.8608344
0.9000184
0.9165209
0.9075944
0.8988735
0.8986437
0.9000627
0.9112218
0.9162491
0.8610406
0.8630721
0.9189537
0.9170494
0.9188546
0.9222832
0.9281662
0.9054511
0.9113417
0.9238989
0.8626805
0.8600113
0.8629625
0.8615402
0.8630377
0.8680081
0.8598439
0.9187952
0.9039504
0.9098278
0.9143102
0.9203643
0.9124455
0.9115177
0.8882238
0.9073782
0.8663723
0.9119169
0.9038358
0.9010449
0.9098802
0.9066346
0.8566828
0.9139184
0.9135011
0.9129874
0.9206725
0.9189151
0.902117
0.8594873
0.9172762
0.9179797
0.9191781
0.9087198
0.899208
0.9001823
0.9124017
0.8896605
0.9083189
0.8996407
0.9129352
0.9201824
0.9226195
0.9035513
0.9156807
0.9184777
0.9245481
0.9230877
0.9095158
0.9231447
0.9049042
0.8995188
0.9024624
0.906841
0.9091005
0.9109841
0.9057245
0.9087168
0.9191649
0.9154826
0.9264249
0.9155177
0.9024512
0.9111158
0.919821
0.9165452
0.9128974
0.9137737
0.9200435
0.9153605
0.9117668
0.9124302
0.9208878
0.9133764
0.9106275
0.9097736
0.9091724
0.8993571
0.9014903
0.9261238
0.9225941
0.9107431
0.9064997
0.9034576
0.9078966
0.9079411
0.9062702
0.9032748
0.9086738
0.9073295
0.9125
0.9135465
0.8995375
0.9037252
0.9035965
0.9229627
0.9249907
0.9120662
0.8970525
0.9125018
0.9099029
0.9139975
0.9104998
0.9166696
0.9135777
0.9173996
0.9154811
0.9196678
0.8977962
0.9132348
0.9135842
0.9175499
0.911363
0.913738
0.9064143
0.9197723
0.9148475
0.9067709
0.9110634
0.9097489
0.9142425
0.909757
0.9147287
0.9087303
0.9079702
0.9057495
0.9185423
0.913275
0.917108
0.922875
0.9207213
0.9272471
0.9281476
0.9128381
0.9049922
0.9067228
0.9140729
0.9147091
0.9110457
0.9111127
0.9230983
0.902439
0.9163337
0.9171903
0.9110216
0.9228809
0.9202719
0.9152926
0.9112717
0.9230449
0.9100182
0.9079867
0.9068685
0.9059427
0.9170371
0.9121801
0.9132745
0.8055663
0.8914358
0.8923104
0.9004415
0.888721
0.915023
0.8905417
0.8985698
0.8878103
0.896984
0.7952206
0.9179212
0.8727233
0.8642494
0.9033118
0.8979606
0.9016656
0.9243529
0.9048425
0.9057464
0.9036324
0.9116714
0.9068462
0.9099833
0.9100172
0.9081322
0.9107584
0.9072117
0.909371
0.9160641
0.9055978
0.9219891
0.9213001
0.9054707
0.9050628
0.9093328
0.9116386
0.9128634
0.9009282
0.9076807
0.8863088
0.9092542
0.9225935
0.9107269
0.9101191
0.9102483
0.9118955
0.9149916
0.9126115
0.9106375
0.8903281
0.9119726
0.8137537
0.8888132
0.8918996
0.7583166
0.7670459
0.914232
0.8479102
0.9129662
0.9119672
0.8201006
0.8155849
0.8227747
0.8160678
0.9097686
0.9074369
0.9107647
0.9099096
0.8865972
0.8949629
0.8794227
0.9117699
0.8200674
0.8369872
0.8377636
0.9017401
0.8989384
0.8638484
0.8464461
0.8999676
0.8006086
0.7982627
0.8884521
0.9128782
0.8935372
0.9064095
0.8968339
0.9070238
0.8981091
0.8985512
0.889714
0.9034329
0.9043882
0.9056967
0.9033569
0.9049919
0.9111477
0.9078313
0.8986721
0.9012215
0.8954587
0.9194418
0.932764
0.9232832
0.9203861
0.9090843
0.92795
0.9127584
0.8836215
0.898538
0.8770914
0.9114101
0.9034196
0.8338641
0.9106302
0.8982517
0.9058442
0.8862825
0.8925244
0.8907493
0.9139331
0.8836154
0.8945523
0.7329482
0.8955029
0.9131172
0.8938172
0.8872933
0.8964202
0.890318
0.9081149
0.9152861
0.8641402
0.8640146
0.9159223
0.9166998
0.9143237
0.9198629
0.9261444
0.9068706
0.905499
0.9198291
0.8629698
0.8572409
0.8628255
0.8589705
0.8654969
0.8665624
0.8579111
0.9148936
0.8959013
0.9038706
0.9141748
0.9218561
0.907694
0.9073853
0.8891948
0.901625
0.8305869
0.9084799
0.9040534
0.8965391
0.9031249
0.9027072
0.8460946
0.904807
0.9060559
0.90791
0.9154925
0.9226088
0.8996557
0.8494566
0.9126346
0.9181432
0.9180868
0.9001913
0.8903759
0.8999301
0.9157271
0.8827033
0.9031396
0.8995464
0.9110329
0.9198581
0.9215112
0.8993861
0.9152432
0.916191
0.9305871
0.9237087
0.9085577
0.9250656
0.8925108
0.8918792
0.8930668
0.8961809
0.8994521
0.8978287
0.9005243
0.8969935
0.9059333
0.9112447
0.92243
0.9107556
0.9103564
0.9008024
0.9168195
0.908336
0.8941632
0.8993501
0.8605864
0.9066012
0.8983414
0.8636997
0.9105274
0.9023656
0.9029637
0.8894702
0.8914311
0.8820827
0.8961489
0.9077936
0.9078731
0.8598191
0.8938361
0.8971589
0.8896011
0.8895958
0.8903403
0.8860483
0.9019393
0.9058957
0.8412207
0.8411948
0.895825
0.8962394
0.8968032
0.9162567
0.9207053
0.901979
0.8942498
0.9084775
0.8523867
0.8560171
0.8533318
0.8608741
0.8543354
0.860793
0.8594482
0.9107231
0.8948154
0.8973004
0.9085743
0.9134507
0.9020974
0.9044157
0.87268
0.9044529
0.8721172
0.8957904
0.8986375
0.8968716
0.9024408
0.8939759
0.8463927
0.9
0.9019109
0.8987374
0.913552
0.9085529
0.9092964
0.8564484
0.91437
0.9200264
0.9204214
0.9065867
0.8931238
0.8939719
0.9053746
0.8975291
0.8964132
0.8998274
0.9093834
0.9032841
0.9114812
0.9015114
0.9087215
0.9156958
0.9213694
0.9219289
0.9052351
0.9177813
0.8937658
0.893905
0.8945667
0.8979345
0.9028225
0.8980072
0.9033339
0.9005819
0.9091784
0.9144255
0.9248471
0.9129942
0.9126379
0.9000683
0.9158177
0.90926
0.8978562
0.9024774
0.8652713
0.9048309
0.9030596
0.8650171
0.9114504
0.9038271
0.9065496
0.8945075
0.8942564
0.8867805
0.902377
0.908484
0.9104663
0.864112
0.8976154
0.9033711
0.8966966
0.8943
0.8989815
0.8926749
0.9073428
0.9091306
0.8488465
0.8470156
0.901568
0.9007565
0.9001394
0.9162857
0.9224885
0.9074976
0.8937203
0.9146139
0.8545814
0.861484
0.8575564
0.8632415
0.8614818
0.864549
0.8621111
0.9176123
0.9022061
0.9037748
0.9093132
0.912065
0.9012496
0.9068768
0.8738292
0.9075744
0.8759392
0.8998239
0.8997604
0.8942747
0.9048807
0.8974873
0.8493306
0.8963358
0.8984165
0.8968953
0.9138919
0.911347
0.9098375
0.8669034
0.9149354
0.9195997
0.9205567
0.9068585
0.8953771
0.8927547
0.9053838
0.9033597
0.8979901
0.9005166
0.9083071
0.9037317
0.9099766
0.9054222
0.9127876
0.9141761
0.9223983
0.9164801
0.906678
0.9218897
0.9169256
0.9181252
0.9155062
0.916733
0.9197822
0.9207839
0.9181371
0.9001633
0.8753767
0.8945057
0.8979577
0.8910792
0.9331132
0.8925327
0.905661
0.8868866
0.8900362
0.894499
0.9187304
0.900568
0.8872146
0.9165339
0.8898603
0.901175
0.9323075
0.9107079
0.9101867
0.9175317
0.9264065
0.8936037
0.8986969
0.9116306
0.9114257
0.922794
0.9166224
0.9156157
0.9163583
0.9165188
0.9299455
0.9315956
0.9184484
0.9160426
0.9244607
0.9248364
0.9256626
0.9054869
0.9119014
0.8975504
0.920326
0.9311915
0.9165128
0.912785
0.9169361
0.9202467
0.9203081
0.9167127
0.9170295
0.8904943
0.9171235
0.899207
0.8762403
0.8834426
0.8983764
0.8975693
0.9251475
0.9036187
0.9069801
0.922274
0.8917129
0.8884321
0.8954232
0.8933859
0.9145428
0.9204328
0.9218641
0.9224225
0.892699
0.8979295
0.8884824
0.9102127
0.903464
0.8996258
0.9012255
0.9075441
0.9016876
0.8893928
0.897897
0.8895187
0.9021029
0.892084
0.8833887
0.9278074
0.8992788
0.905376
0.8972783
0.903713
0.9018398
0.9036039
0.8862446
0.9054859
0.8099935
0.8116994
0.8112549
0.8112953
0.8458519
0.8408475
0.9085207
0.8971615
0.9139479
0.9095039
0.9180621
0.90838
0.9104302
0.9039008
0.9170583
0.9063229
0.9064653
0.9024828
0.9162731
0.9080976
0.9054093
0.8989508
0.9139477
0.9058888
0.9041555
0.8828641
0.8888562
0.873968
0.8361461
0.923459
0.9231493
0.8994839
0.887506
0.8325503
0.8835362
0.890897
0.8960423
0.8863232
0.9005066
0.9001989
0.8996547
0.9024769
0.835629
0.8360769
0.8410844
0.9177094
0.9190225
0.9023516
0.8154447
0.9074768
0.8963628
0.9038766
0.8987864
0.9031133
0.9101629
0.9059345
0.9082739
0.9180911
0.9058693
0.8973888
0.9084502
0.9113327
0.9039211
0.9072095
0.8982114
0.9167815
0.9047343
0.747865
0.9038475
0.9055552
0.9069676
0.9012244
0.9047379
0.790682
0.7902881
0.7900198
0.9137846
0.9060049
0.9169947
0.918804
0.9113102
0.9184208
0.9202118
0.9022307
0.8962945
0.8971464
0.9076622
0.9103538
0.8977795
0.901227
0.9137262
0.8373503
0.9082232
0.9093972
0.9113581
0.9136524
0.9163408
0.9141711
0.9069313
0.9144702
0.86803
0.8666919
0.8637226
0.8736909
0.8790482
0.8755094
0.8959527
0.8864665
0.8970806
0.9022463
0.9193954
0.9104281
0.8955672
0.8933338
0.9215354
0.9004836
0.8753968
0.8837731
0.8949008
0.9013043
0.8916196
0.8748756
0.903632
0.8932334
0.8857395
0.7893608
0.7868677
0.8072516
0.8798257
0.8921334
0.898343
0.8772098
0.7882872
0.8758428
0.8396633
0.8425755
0.8656504
0.8404508
0.8862892
0.8900362
0.8839967
0.8826458
0.8786987
0.8787822
0.8818695
0.9210352
0.9212863
0.8924616
0.872971
0.900544
0.8835524
0.8856457
0.884207
0.8839727
0.8938574
0.893325
0.8852007
0.9084122
0.8820586
0.8860401
0.9017422
0.9086439
0.8919439
0.8953094
0.8881206
0.8961183
0.8866189
0.873354
0.8894784
0.8884923
0.8871676
0.8846669
0.8829795
0.8761585
0.877121
0.8767557
0.9083678
0.9010058
0.9035267
0.897024
0.9023164
0.9116346
0.9118916
0.8900631
0.8772001
0.8790399
0.8978051
0.8891645
0.883783
0.8812758
0.9021691
0.8842439
0.9023102
0.8938936
0.9030004
0.911921
0.9173958
0.9100445
0.8987435
0.9142392
0.9100666
0.9114146
0.9085766
0.9141804
0.9157909
0.9081872
0.9113155
0.884757
0.8698723
0.8736427
0.8799167
0.8643732
0.927695
0.8811551
0.8907752
0.8723971
0.895172
0.8860964
0.923227
0.890584
0.8803379
0.9105453
0.8762942
0.8947465
0.9268536
0.9087881
0.9137404
0.9098213
0.9148078
0.9070252
0.9071907
0.9123246
0.9096302
0.9107671
0.9154358
0.9117553
0.910706
0.9110618
0.922238
0.9248489
0.911089
0.9097454
0.9144538
0.9106442
0.9157527
0.8895742
0.8948605
0.883854
0.9121719
0.9287953
0.9100847
0.9100909
0.9123188
0.9145767
0.9167999
0.9131447
0.9122899
0.877649
0.9150933
0.8875135
0.8665328
0.8740488
0.889469
0.889683
0.9166078
0.89834
0.9059075
0.9110907
0.8768947
0.8728826
0.8876808
0.8768925
0.9092777
0.9104162
0.9118453
0.9110712
0.8728575
0.8790393
0.887578
0.910971
0.8946307
0.8967615
0.8974845
0.8984696
0.8917952
0.8831537
0.8883
0.8952885
0.8852317
0.8826951
0.8696566
0.9116479
0.8777111
0.9031554
0.8884778
0.8893446
0.889152
0.8898245
0.878996
0.8952165
0.8997861
0.8974405
0.8998349
0.8985305
0.9067385
0.9046416
0.8999325
0.8033225
0.8808229
0.8921767
0.9085463
0.8986046
0.9123989
0.8888484
0.9021014
0.8964755
0.8799426
0.798994
0.9060022
0.8824531
0.8628626
0.8967072
0.8928481
0.891378
0.907157
0.8930308
0.8939605
0.8830245
0.9075486
0.8860396
0.8942086
0.8906412
0.8956774
0.9034795
0.8902182
0.8922947
0.9000728
0.8924922
0.9103755
0.9136769
0.8972256
0.8957833
0.9097038
0.9067876
0.9095927
0.9058738
0.9105096
0.8868755
0.9052948
0.9159108
0.9036952
0.8987356
0.9050597
0.8993718
0.907285
0.9023375
0.9014762
0.8968779
0.8968159
0.8099759
0.891173
0.8973022
0.8298896
0.8353156
0.9073326
0.8509226
0.9001346
0.9030458
0.8377291
0.8315826
0.8159535
0.8406307
0.8931045
0.9024846
0.9024224
0.9034738
0.8982085
0.8966963
0.8784468
0.8998016
0.8250896
0.8483631
0.8478884
0.8956622
0.8879261
0.8686722
0.8581177
0.8879494
0.8050861
0.794579
0.8915997
0.9086648
0.8958506
0.8992262
0.8969106
0.9036149
0.9105857
0.9044387
0.8882663
0.9135414
0.9202165
0.9221256
0.9207807
0.9179609
0.9243828
0.9235678
0.9202643
0.9073653
0.8890937
0.892295
0.9016515
0.8843912
0.9296617
0.8956259
0.9010391
0.8964383
0.9107092
0.9028826
0.9207775
0.9015884
0.8950558
0.9223615
0.8917334
0.9087312
0.9323752
0.9249725
0.921978
0.9182207
0.9214251
0.9158793
0.9181055
0.9178689
0.9237531
0.9213908
0.9213831
0.9194094
0.9212434
0.9223598
0.9296149
0.9283476
0.9162938
0.9159432
0.9195026
0.9206031
0.9197412
0.9071847
0.9071772
0.8993865
0.920035
0.9290188
0.9227358
0.9193276
0.923784
0.9203708
0.9230182
0.9248177
0.9207277
0.8940369
0.9242271
0.9076264
0.885945
0.8897347
0.9047737
0.9055188
0.921363
0.9117989
0.92016
0.9217709
0.8987667
0.8975239
0.9047687
0.8979941
0.9163896
0.9197628
0.9203
0.9196898
0.8922538
0.8878896
0.9047468
0.9195237
0.9070429
0.9108003
0.9100998
0.9098217
0.9090215
0.8962832
0.9015327
0.9065534
0.9018119
0.9030867
0.8883076
0.9214765
0.8942377
0.9072383
0.9020216
0.9102064
0.9036318
0.9039092
0.8920319
0.9055738
0.9053273
0.8991134
0.9000036
0.9058093
0.9085346
0.9056948
0.90425
0.8979748
0.9055909
0.9196972
0.9309623
0.913962
0.9194048
0.9040729
0.9246469
0.9100312
0.889618
0.9017341
0.8700171
0.9124318
0.9017748
0.8594024
0.9129801
0.9031207
0.9037649
0.8932909
0.8974368
0.88571
0.9129579
0.8963828
0.8983057
0.8619481
0.8974954
0.9108609
0.8948536
0.893492
0.8994401
0.8899506
0.909484
0.9129654
0.7723508
0.7739024
0.9095695
0.9098716
0.9103169
0.9202182
0.9236097
0.9046865
0.9067088
0.9184036
0.8592959
0.8602556
0.8620973
0.8633603
0.8677772
0.8683211
0.862984
0.9140711
0.8969754
0.9007082
0.9138988
0.9163439
0.90547
0.9049278
0.8818681
0.90469
0.8703558
0.9052521
0.9034267
0.8999205
0.9039674
0.8981649
0.8478203
0.9046863
0.9050966
0.9029484
0.9175867
0.9145962
0.8978769
0.8558171
0.916599
0.9171912
0.919339
0.9021568
0.8972026
0.8977617
0.9054224
0.89731
0.8993594
0.8917537
0.9118296
0.9116807
0.913597
0.8992329
0.9124705
0.9190942
0.9266476
0.9222984
0.9075099
0.9248163
0.9098424
0.9095382
0.9052485
0.9108267
0.9110523
0.9105265
0.9069554
0.9065853
0.9016334
0.9243465
0.9306752
0.921311
0.9196289
0.9093676
0.9299521
0.9150444
0.8917925
0.9043419
0.8698199
0.9178039
0.9046804
0.8553493
0.9115834
0.904937
0.9116657
0.8912217
0.898637
0.8913948
0.9163826
0.8855629
0.8909809
0.8577188
0.8972846
0.916504
0.897211
0.892731
0.9060714
0.8971599
0.9149106
0.9153664
0.8537482
0.8516078
0.9181524
0.9211835
0.919167
0.9238831
0.9321804
0.9111522
0.911473
0.9196499
0.8714022
0.8593785
0.8697897
0.8641699
0.8697986
0.8713643
0.8639201
0.9157444
0.8997241
0.9083738
0.9155368
0.9225253
0.9117584
0.9090132
0.8887951
0.9078075
0.8639558
0.9100211
0.9102555
0.9059594
0.9055733
0.9057816
0.8458937
0.912292
0.9126905
0.9131859
0.9168663
0.9161577
0.9043772
0.8459879
0.9182048
0.9182946
0.9197488
0.9090531
0.8975465
0.9016613
0.9125262
0.8944002
0.9076077
0.9041563
0.9147817
0.9215665
0.9184942
0.9010266
0.915592
0.917051
0.9298288
0.9251342
0.9106238
0.9231632
0.9078661
0.9008906
0.9030484
0.9015907
0.9099478
0.9059251
0.9116047
0.7451317
0.8816144
0.88371
0.9022726
0.8894576
0.9195184
0.8902813
0.9008826
0.8924819
0.891127
0.7465338
0.9114972
0.8745343
0.8603625
0.9024911
0.8925254
0.8954582
0.9146143
0.9010475
0.9044239
0.8959663
0.9106637
0.8999075
0.9053211
0.9042522
0.9058344
0.9063798
0.9031219
0.9009518
0.9077628
0.9004103
0.9188037
0.920079
0.9021012
0.9012643
0.9124916
0.9107035
0.9114424
0.9080078
0.9122201
0.8896045
0.9076602
0.9189199
0.9093319
0.906299
0.9113897
0.9100383
0.9122155
0.914769
0.908586
0.8946296
0.9079377
0.7540686
0.8874289
0.8931525
0.7903554
0.8025562
0.9131115
0.815272
0.9051585
0.9065424
0.8095715
0.7995565
0.7593516
0.8078168
0.9034752
0.906139
0.9073174
0.9067249
0.8913432
0.897052
0.8784443
0.911417
0.7020992
0.786042
0.7874199
0.9021656
0.8944501
0.8608424
0.8357455
0.8965505
0.7385134
0.7460783
0.8868317
0.9126037
0.8955816
0.9027896
0.8947708
0.9006646
0.9017453
0.9025165
0.8869035
0.9062302
0.9004888
0.8983081
0.8987223
0.9008861
0.903475
0.9015514
0.9040255
0.8965692
0.9011271
0.9155966
0.926991
0.9163647
0.9136542
0.9038455
0.9242382
0.9085159
0.893442
0.8939509
0.8653624
0.9091746
0.8964612
0.8525817
0.9087417
0.902851
0.9060371
0.8910529
0.8941509
0.8892824
0.9122738
0.8953458
0.9000926
0.8557912
0.8971263
0.9089738
0.890733
0.8919935
0.8957648
0.8892348
0.9068389
0.9096368
0.742223
0.7411026
0.9054298
0.9055712
0.9088638
0.9193554
0.9227009
0.9044972
0.9029029
0.9118352
0.8548236
0.8497745
0.8567906
0.8543792
0.8602398
0.860182
0.8572017
0.9124614
0.8922464
0.8977552
0.9116297
0.9168819
0.9041802
0.903718
0.8794797
0.9050107
0.8652357
0.9032049
0.8998489
0.8992323
0.9010582
0.9001365
0.8400398
0.9024452
0.9026593
0.9025277
0.9143685
0.9152223
0.9017289
0.8550316
0.9111198
0.9179094
0.9185351
0.9023649
0.8934764
0.8984369
0.9064836
0.8941164
0.8928845
0.8928182
0.9117324
0.9088316
0.9163035
0.8972433
0.9110881
0.9202916
0.9220137
0.9195915
0.9079336
0.9234277
0.894083
0.8908913
0.8967246
0.8966161
0.9000965
0.9039326
0.9056477
0.9028464
0.9142235
0.910852
0.9245521
0.9077033
0.907924
0.9000687
0.9135289
0.910089
0.9081372
0.9051721
0.8874836
0.9092068
0.9042158
0.8836431
0.9169815
0.9077584
0.903969
0.9017978
0.901125
0.8881879
0.8966679
0.9215952
0.9227113
0.8776068
0.9021127
0.8970035
0.894112
0.9009767
0.8976476
0.8946281
0.9019673
0.9022717
0.8718188
0.8707511
0.8952197
0.8935401
0.8935708
0.9203516
0.9182237
0.9049993
0.8903453
0.9071431
0.8703005
0.8735705
0.8713975
0.8783779
0.8796408
0.8826923
0.8818272
0.9190621
0.9065806
0.9072523
0.9074246
0.9124129
0.9037393
0.906022
0.8394393
0.9134837
0.8895146
0.8970695
0.9073492
0.9051035
0.9087496
0.9028465
0.8807739
0.8958718
0.8978883
0.8997833
0.9149403
0.9069676
0.9161288
0.8904809
0.9135746
0.9224357
0.9229053
0.9054539
0.8929511
0.8985054
0.9073359
0.9122712
0.9035126
0.9049486
0.9189322
0.8891627
0.909613
0.9094659
0.9096017
0.9179869
0.9185478
0.9187166
0.9131851
0.9159717
0.9105114
0.9060486
0.9094048
0.9079326
0.9157994
0.9135116
0.9097506
0.8423171
0.8838104
0.8927615
0.8962127
0.8853602
0.9228377
0.8874666
0.8949719
0.8923557
0.8930358
0.8375386
0.9182706
0.8725937
0.8611896
0.904882
0.8920029
0.8961749
0.9195729
0.904676
0.9073097
0.9041405
0.9127076
0.9049494
0.9030586
0.9080931
0.9063208
0.9084056
0.911828
0.9106574
0.9098405
0.9072466
0.9209239
0.9218135
0.9091363
0.9073202
0.9140736
0.9156388
0.9163309
0.9056985
0.907938
0.8930606
0.9089434
0.9269554
0.9131781
0.9119711
0.9112815
0.9139683
0.9146542
0.9160173
0.9109051
0.8974122
0.916164
0.8455041
0.8858244
0.8887334
0.8467015
0.8483687
0.919299
0.8666081
0.9096297
0.9131586
0.8023463
0.7969158
0.8514689
0.7931491
0.9093786
0.9100198
0.9101092
0.9097917
0.8924827
0.8909673
0.8749638
0.9091102
0.8514625
0.8599665
0.8603761
0.9016903
0.895215
0.8662672
0.8184666
0.8966563
0.8383961
0.8350975
0.8873088
0.9158096
0.891175
0.9056318
0.8948387
0.9001054
0.8979764
0.9011788
0.8880576
0.9046611
0.8965997
0.8890057
0.8939236
0.894978
0.8996333
0.8940176
0.9019899
0.8494291
0.8737133
0.8727419
0.8928161
0.8784626
0.9112432
0.879771
0.8937367
0.8769654
0.8809227
0.8532594
0.9057475
0.8535563
0.836821
0.8985608
0.8870939
0.8830945
0.9063727
0.8976574
0.8979607
0.8866302
0.8981592
0.8998472
0.9052183
0.8973993
0.8962855
0.8955897
0.8991557
0.8973244
0.8977847
0.8972507
0.9096727
0.9065667
0.8951742
0.8952229
0.8966466
0.9006862
0.900344
0.8964833
0.9040621
0.8819024
0.8925542
0.9148529
0.8999426
0.9002022
0.9013989
0.901977
0.9023582
0.9063639
0.9026067
0.8850716
0.8988685
0.8581753
0.8675028
0.8771475
0.8554653
0.8574564
0.9006992
0.8720012
0.8986477
0.8967698
0.8468966
0.8409151
0.8593657
0.8430228
0.8972826
0.8948585
0.8957965
0.8928623
0.8850496
0.8848299
0.8714704
0.9035846
0.8688999
0.8772666
0.8797299
0.8912761
0.8826158
0.7956678
0.8564561
0.8860471
0.8508544
0.8472531
0.8764991
0.8968903
0.8802218
0.8916526
0.886146
0.9005345
0.899327
0.8960046
0.8819518
0.8969308
0.9122483
0.9110719
0.9103503
0.9108897
0.9174966
0.9178939
0.9066406
0.9147523
0.9110008
0.9136698
0.923239
0.9131322
0.9213337
0.9112153
0.9168557
0.908851
0.9083818
0.9091508
0.9165027
0.9189962
0.9070017
0.9121612
0.914576
0.9038468
0.9237848
0.912047
0.9096944
0.9160319
0.9138521
0.900956
0.9033032
0.9084301
0.9109565
0.9137842
0.91339
0.9131197
0.9142837
0.9096039
0.9168395
0.9196089
0.9143923
0.9146562
0.9138386
0.9136038
0.9154222
0.918216
0.919026
0.910566
0.912757
0.9263674
0.9154697
0.9123423
0.9158532
0.9149002
0.9174563
0.9168969
0.9129114
0.9191947
0.9101333
0.9158747
0.9083325
0.9127873
0.9170273
0.9148321
0.9148655
0.917999
0.9097436
0.9160965
0.9119525
0.9075295
0.9148797
0.9122867
0.912493
0.9157666
0.916299
0.9173759
0.9167209
0.912881
0.9124824
0.9125585
0.9243313
0.916933
0.920622
0.9105598
0.9041601
0.9100359
0.9140396
0.9071612
0.9134902
0.9101163
0.9152902
0.9170113
0.9153248
0.9103814
0.9091193
0.9135441
0.9190608
0.9193746
0.9110675
0.9186436
0.9116036
0.908436
0.9110439
0.9130329
0.9167275
0.9122071
0.915149
0.8895619
0.8802051
0.8728521
0.8834589
0.8691989
0.9276128
0.8822611
0.8940634
0.880457
0.8973597
0.8892045
0.9187103
0.894005
0.884567
0.9142572
0.8800981
0.8976686
0.9235781
0.912628
0.912682
0.9092454
0.9093127
0.9150363
0.9152781
0.9153003
0.914198
0.9102849
0.9118553
0.9127095
0.9131254
0.9150906
0.918746
0.9204826
0.910914
0.9107676
0.9113292
0.9096559
0.9115144
0.8930687
0.8947934
0.8879258
0.9095874
0.9235056
0.9125923
0.9131911
0.9137526
0.9206516
0.9188324
0.9170574
0.9189312
0.8756529
0.9137034
0.8915304
0.8661247
0.8732589
0.8959566
0.8950241
0.9146839
0.8999254
0.9105137
0.9142958
0.8879868
0.8833707
0.8992378
0.8866535
0.9129988
0.912622
0.9121731
0.9117813
0.8739855
0.878757
0.8967168
0.9139061
0.8958931
0.9031591
0.9019512
0.9008124
0.8988819
0.8868164
0.8905617
0.9007406
0.892525
0.8875861
0.8737681
0.9159875
0.8778322
0.9068187
0.8911848
0.8979348
0.8933428
0.8965041
0.8771765
0.8988302
0.9235441
0.9212809
0.9222626
0.9235872
0.9287545
0.9261586
0.9216264
0.8704102
0.895041
0.9064022
0.9084537
0.8978136
0.9331522
0.9015713
0.9080831
0.9050322
0.9082028
0.8597328
0.9294126
0.892808
0.8785094
0.9232475
0.9020773
0.9094835
0.936364
0.9186511
0.9216155
0.9200769
0.9271885
0.9101491
0.9134526
0.9210526
0.9176658
0.9260387
0.92516
0.9234746
0.92274
0.9234757
0.9351158
0.9335513
0.9270913
0.9271348
0.9266294
0.9267072
0.9289916
0.9110531
0.9195309
0.9077372
0.9227948
0.9371886
0.9243116
0.9266836
0.924641
0.9220522
0.9238423
0.9260274
0.9240406
0.9053404
0.9250734
0.8658034
0.8979549
0.9046397
0.866589
0.865708
0.925975
0.8798864
0.9182912
0.9256035
0.8387229
0.8338271
0.8735732
0.8412268
0.9242641
0.9222353
0.9222411
0.9230235
0.901497
0.9089758
0.8917924
0.9196724
0.8699383
0.8729044
0.8726537
0.9156238
0.9111989
0.8866318
0.8508306
0.9044736
0.8692105
0.8647145
0.9001653
0.9285938
0.9047033
0.9196154
0.9125438
0.9142197
0.9103482
0.9148081
0.9055104
0.9118548
0.9001733
0.8978212
0.9007602
0.9022726
0.9040594
0.9010138
0.9026652
0.8950411
0.8832437
0.9045373
0.9175268
0.9066903
0.9169714
0.8943376
0.9120553
0.8967646
0.8760583
0.8912476
0.905071
0.8998336
0.890371
0.8861675
0.9000209
0.8858295
0.9052334
0.8858151
0.8870314
0.8907345
0.9078705
0.8730866
0.8786292
0.8883975
0.8868725
0.9076907
0.8897025
0.886665
0.8995261
0.8881652
0.9092326
0.9076064
0.8950339
0.8941418
0.9089768
0.9060619
0.9081173
0.9095697
0.9149662
0.894245
0.905642
0.9141672
0.8953558
0.8899773
0.8943566
0.8989644
0.8982514
0.8985004
0.8925806
0.9049288
0.8911949
0.8951933
0.8970465
0.9033212
0.8983537
0.8972861
0.9077398
0.8946519
0.8867898
0.9018076
0.8957311
0.889626
0.8936095
0.8947018
0.890195
0.9004552
0.8994325
0.9021116
0.9039468
0.9060127
0.8888109
0.8925445
0.9058791
0.9065055
0.9081402
0.8912388
0.8744077
0.885594
0.8982654
0.8792483
0.8923551
0.8867135
0.8983181
0.9121961
0.9066935
0.8976738
0.9020869
0.9043822
0.9109662
0.9077882
0.8931071
0.9142514
0.9178516
0.9152105
0.9139656
0.9135165
0.9106421
0.9125219
0.9072659
0.9061129
0.8912652
0.9158418
0.9223588
0.9104023
0.9286055
0.909949
0.9203092
0.9058404
0.8836474
0.8998813
0.9102031
0.9087259
0.8991661
0.9032611
0.9081917
0.9005472
0.9171752
0.8961834
0.897305
0.9054068
0.9196815
0.8767548
0.8812361
0.9014109
0.898183
0.9161532
0.9042267
0.8994613
0.9124416
0.9041081
0.9196907
0.9223739
0.9024519
0.9017873
0.922215
0.9232884
0.9226491
0.9173589
0.9241461
0.9034277
0.9195442
0.9292929
0.908726
0.9035711
0.9068987
0.9059999
0.9115536
0.9093278
0.906405
0.9109726
0.9009162
0.9026444
0.9097498
0.9132886
0.9107617
0.9086231
0.9168343
0.9057878
0.8953987
0.9172266
0.9040397
0.8958902
0.9033806
0.9007684
0.8990545
0.9161128
0.9175747
0.9164888
0.9107744
0.9182018
0.8958536
0.8967018
0.91281
0.9084191
0.9104162
0.8997455
0.8933613
0.9019505
0.9071369
0.8841285
0.9049282
0.8983051
0.9032202
0.9242591
0.9157454
0.9076207
0.9090657
0.9140381
0.9222365
0.9179803
0.901884
0.9211521
0.9106172
0.9079443
0.9041284
0.9069776
0.9210136
0.9173407
0.856846
0.9110014
0.8992157
0.9221949
0.9313699
0.9209105
0.9111072
0.9075372
0.9245087
0.9132229
0.8924534
0.9055157
0.9059823
0.9130858
0.9065342
0.9017391
0.9114234
0.9090942
0.9085052
0.892665
0.8954636
0.8997709
0.9182432
0.8864238
0.8938644
0.8990129
0.8941569
0.9183616
0.8982787
0.8953084
0.9042222
0.8950693
0.908178
0.9110095
0.9001722
0.8993805
0.9205954
0.9213117
0.9196979
0.9168413
0.922042
0.911456
0.9143227
0.9153709
0.9081464
0.902227
0.9065944
0.9040085
0.9105719
0.9074676
0.9043899
0.9151134
0.8933338
0.9081014
0.9192134
0.9228956
0.913804
0.9134282
0.9142524
0.9058492
0.8959144
0.9146693
0.9128607
0.9060272
0.904873
0.9058902
0.897816
0.9168067
0.9167017
0.9168096
0.9164117
0.9200991
0.9040427
0.8986101
0.9149911
0.9173397
0.916612
0.9085929
0.9041856
0.8997461
0.9117812
0.8993898
0.9074987
0.9047147
0.911738
0.9249772
0.918319
0.9085174
0.9114864
0.9178667
0.9247485
0.9197068
0.907421
0.9267503
0.8892222
0.8848083
0.8885085
0.8923349
0.8997707
0.8986127
0.9048719
0.8964978
0.9063379
0.907089
0.9250859
0.9129021
0.9120753
0.8960146
0.9157124
0.9083242
0.8991069
0.9024883
0.872489
0.9080149
0.9013427
0.8636502
0.9161649
0.9022684
0.9076458
0.8946105
0.8981719
0.879807
0.8984089
0.9110624
0.9131073
0.8557711
0.8998899
0.8967456
0.8872611
0.8904723
0.8941492
0.8850802
0.9029312
0.9031174
0.8387694
0.8418671
0.8908671
0.8914055
0.8887067
0.9193853
0.9209641
0.9008911
0.8922473
0.9087057
0.8513896
0.8594039
0.8523881
0.8635768
0.8582774
0.8639675
0.8569713
0.9169474
0.9027477
0.9005523
0.9068043
0.9085416
0.9040126
0.9075519
0.8688051
0.91001
0.8763391
0.8935123
0.9019262
0.9000433
0.9061714
0.8989254
0.8435684
0.8966932
0.8991095
0.8966569
0.9158849
0.9076796
0.9101056
0.8709749
0.9166608
0.9203614
0.9215138
0.9031569
0.8922534
0.8986115
0.9053807
0.9074752
0.8955088
0.8994349
0.9145196
0.890966
0.9064181
0.9043612
0.9082421
0.9155835
0.9160348
0.9185571
0.9078947
0.9192882
0.888905
0.8832476
0.8863578
0.8885259
0.8976987
0.8969273
0.9033052
0.8944621
0.9066123
0.9080661
0.9217489
0.9139627
0.9095812
0.8966359
0.918772
0.9048654
0.8952729
0.8999348
0.8727543
0.908366
0.9025547
0.8618734
0.9129413
0.9044518
0.9051782
0.8903957
0.8968958
0.8813144
0.8973101
0.909406
0.9117983
0.8512603
0.8962208
0.8935472
0.8853933
0.8897796
0.8919617
0.8811042
0.9049425
0.9046088
0.8345287
0.8397243
0.891526
0.8907628
0.8919873
0.9178827
0.9218052
0.9008784
0.8884141
0.9079487
0.8466995
0.854331
0.8497621
0.8589077
0.8557844
0.858212
0.8563097
0.9167348
0.8992382
0.9004196
0.907117
0.9108458
0.9019905
0.9071995
0.8667244
0.907238
0.8732421
0.8910942
0.8990958
0.8983948
0.9040785
0.8985905
0.8401476
0.8952658
0.8954072
0.894827
0.9175904
0.9109348
0.9069967
0.8696382
0.914145
0.9202344
0.9192302
0.9019938
0.8928571
0.8991167
0.9065565
0.8989525
0.8957679
0.8961337
0.9115186
0.8914237
0.9068481
0.9025442
0.9067488
0.9164
0.9160893
0.9181584
0.9085586
0.9185458
0.8876967
0.8832495
0.8881469
0.8890501
0.8982107
0.8964871
0.9012641
0.896313
0.905421
0.9054757
0.9210165
0.910565
0.9112961
0.8964323
0.9155652
0.90634
0.8963581
0.9027121
0.8696074
0.9090974
0.9005362
0.863569
0.9132043
0.8999294
0.9066706
0.8891574
0.8929403
0.8794999
0.8966658
0.9103328
0.9103471
0.8510966
0.8952402
0.8926982
0.8865576
0.8907669
0.8913885
0.8804772
0.9006468
0.9069459
0.8305592
0.8340424
0.8911185
0.8923083
0.8935969
0.9198434
0.9213873
0.9003977
0.8875206
0.9074624
0.8492015
0.8527335
0.851856
0.8569381
0.8536073
0.8589868
0.8567078
0.9151843
0.9004722
0.9010516
0.9058549
0.9104494
0.9003213
0.9043647
0.8670731
0.9073888
0.8749345
0.891337
0.9007617
0.8988304
0.9029266
0.8985476
0.8421214
0.8935317
0.8963286
0.8941807
0.9128858
0.9078706
0.9084718
0.867491
0.9155199
0.9205653
0.9212278
0.9026828
0.8925
0.8985507
0.9074925
0.9038455
0.8961286
0.8980563
0.9118599
0.8928506
0.9071562
0.9039966
0.9101192
0.9136412
0.9156995
0.9179963
0.9086691
0.9182684
0.8838892
0.881621
0.8867486
0.88714
0.8971854
0.8955197
0.9026147
0.8962688
0.9077002
0.9074215
0.9205213
0.9105435
0.9093846
0.9001541
0.9182399
0.9046643
0.8977348
0.9002047
0.8736163
0.9080026
0.9002944
0.8639659
0.9133261
0.9030085
0.9047673
0.8936934
0.8969363
0.879365
0.8960982
0.9137395
0.9156912
0.853825
0.8994538
0.8911881
0.8858671
0.8900004
0.8919955
0.8832313
0.9001942
0.9035789
0.8333856
0.838328
0.8891281
0.8886824
0.8894496
0.9187116
0.9203835
0.9029979
0.8846709
0.9075301
0.8507309
0.853552
0.8531838
0.8613873
0.8602891
0.8622369
0.8569042
0.9154034
0.900844
0.9003323
0.9099386
0.9109379
0.9003974
0.9040822
0.8649987
0.9066623
0.8760293
0.8919388
0.9020029
0.8995359
0.9043858
0.8986464
0.8424456
0.8962236
0.8968516
0.8951316
0.9171644
0.9088532
0.9107829
0.8704324
0.9162442
0.9225113
0.9221114
0.9002094
0.8934967
0.8975532
0.9059336
0.9051664
0.8940833
0.8984742
0.9137251
0.8883499
0.9059903
0.9036315
0.9076767
0.9161192
0.9163443
0.9171216
0.9092579
0.91925
0.8991125
0.8967088
0.8946022
0.8971995
0.9037997
0.902886
0.8979232
0.8929832
0.8851637
0.9010366
0.9100041
0.9000385
0.9178667
0.8905128
0.9059755
0.8940894
0.8375181
0.8892616
0.9037373
0.8963215
0.8858079
0.894566
0.8951855
0.6870481
0.9123505
0.8923292
0.8870042
0.8917057
0.9052481
0.8905747
0.8918264
0.894528
0.8917024
0.9059454
0.8930104
0.8906625
0.8943742
0.8946973
0.9074954
0.9101682
0.8944155
0.8949735
0.9073421
0.9077477
0.9057704
0.9046881
0.9135501
0.8910609
0.8997626
0.9132897
0.8960233
0.8929734
0.8983057
0.8983146
0.9001738
0.9018611
0.8980571
0.9007767
0.8979962
0.8920137
0.8964757
0.9016468
0.8958151
0.8957115
0.9060186
0.8970583
0.8928216
0.902352
0.8909219
0.8897549
0.8904989
0.8896942
0.8976023
0.9012311
0.901747
0.903076
0.9027739
0.9006963
0.8919703
0.8920073
0.9070897
0.9051188
0.9064946
0.8244696
0.7890684
0.8890153
0.8959187
0.855878
0.8905591
0.8871997
0.896405
0.9109433
0.8997138
0.8959883
0.8999405
0.9058157
0.9086213
0.9063987
0.8953963
0.9134318
0.9133378
0.9122981
0.913326
0.9148511
0.9142326
0.9141391
0.9066756
0.9115554
0.9030233
0.9192875
0.9252164
0.9115946
0.9237794
0.9088022
0.9184406
0.910166
0.8976781
0.9068011
0.9113924
0.9128878
0.9028484
0.9042109
0.9083189
0.9053352
0.9212655
0.9048777
0.9029721
0.9094053
0.9183227
0.8932755
0.8960789
0.9063746
0.9051053
0.9156882
0.9108922
0.9052121
0.9077565
0.9082546
0.921218
0.9238951
0.9097925
0.9095305
0.9181345
0.9177076
0.9183846
0.9184918
0.9236545
0.9086096
0.915782
0.9244091
0.909488
0.9056976
0.9081165
0.9100039
0.9108485
0.9120509
0.9067573
0.9137475
0.9058763
0.9114144
0.908294
0.9142797
0.9155267
0.9124642
0.9157275
0.9112723
0.9010571
0.9130188
0.908452
0.9052117
0.9075544
0.9081817
0.9048269
0.9166431
0.9180282
0.9158796
0.9165117
0.9131113
0.9026659
0.9028455
0.9178465
0.9168816
0.9183716
0.9066934
0.9037115
0.9025427
0.910875
0.8965705
0.9111016
0.9040003
0.9077919
0.9221466
0.9125469
0.9080419
0.9116958
0.9141661
0.9230264
0.9156361
0.9058115
0.9161281
0.9037337
0.9036466
0.8991237
0.9021167
0.905752
0.9044795
0.9099546
0.9083967
0.9018192
0.9154787
0.931381
0.9190147
0.9145124
0.9067293
0.9261694
0.9104118
0.8890617
0.9009484
0.892789
0.9150539
0.9052632
0.8695247
0.9159438
0.9031387
0.9101046
0.8881716
0.8935226
0.8909848
0.9158655
0.8928798
0.9010144
0.8730566
0.8957879
0.9129637
0.895109
0.8916265
0.9008577
0.8925502
0.9058943
0.91202
0.8773182
0.8771659
0.9131313
0.9146622
0.9156309
0.9213989
0.9240862
0.9077843
0.9053594
0.9145235
0.8769976
0.8781059
0.8766312
0.8824876
0.882003
0.8850826
0.8765706
0.9142827
0.898265
0.9078808
0.9145707
0.9184188
0.9095882
0.9115141
0.891156
0.9104788
0.8754241
0.9067203
0.9092867
0.902838
0.9051017
0.9066643
0.8708809
0.9074035
0.9067968
0.9069024
0.915326
0.9173963
0.9054249
0.8784099
0.9179803
0.9183327
0.9199986
0.9038176
0.8929917
0.8984887
0.9147546
0.8940921
0.9071177
0.9037728
0.9149264
0.9180607
0.9180006
0.8993429
0.9137797
0.9166118
0.9258725
0.9204861
0.9101546
0.9197826
0.9079131
0.8985502
0.9067483
0.9061317
0.9134712
0.9138309
0.9132183
0.8943901
0.897522
0.8764175
0.9001798
0.885958
0.9218085
0.8898957
0.9019747
0.8948278
0.9098199
0.8994457
0.9212161
0.8995389
0.8896891
0.9159055
0.8983656
0.9025906
0.9199556
0.9163732
0.9181802
0.9079883
0.9128418
0.9166757
0.9161995
0.9131568
0.9175005
0.9095938
0.9133257
0.9155235
0.912153
0.9092832
0.9220272
0.9194897
0.9128816
0.912385
0.9017428
0.9073745
0.9094072
0.8984805
0.9052805
0.8926747
0.9059757
0.9268499
0.912357
0.9178024
0.913819
0.9198685
0.9198211
0.9192851
0.9192845
0.8961537
0.9178568
0.9012087
0.8882524
0.8900282
0.9022804
0.9050758
0.9146333
0.9088449
0.9143343
0.9145518
0.8958415
0.8940026
0.8993465
0.8963668
0.9186426
0.910087
0.9107897
0.9118919
0.8924941
0.8907057
0.9088302
0.920422
0.9035269
0.9137752
0.9115729
0.9084777
0.9042963
0.8927723
0.8982178
0.9092138
0.8974882
0.8953987
0.891217
0.9045136
0.8912306
0.9110334
0.8981874
0.902474
0.9015906
0.9018946
0.8884015
0.9056703
0.8864833
0.8842283
0.8814861
0.8872727
0.8917227
0.8897606
0.8978882
0.8954745
0.8992251
0.9156502
0.9230227
0.9117584
0.9064473
0.8996108
0.9212459
0.9084547
0.8839441
0.8933649
0.9009689
0.9133333
0.8988022
0.8893514
0.9095391
0.8946798
0.8956931
0.7057114
0.4458807
0.8360501
0.8909417
0.8911848
0.8940925
0.8878947
0.6404658
0.8918524
0.8512874
0.8561809
0.8775091
0.8584339
0.9020803
0.9023459
0.892416
0.8921057
0.8940448
0.8954748
0.8921104
0.9173414
0.9220851
0.8974564
0.8877633
0.9107561
0.8931837
0.8879434
0.8926323
0.8905826
0.897122
0.8959939
0.8928051
0.9118383
0.8875057
0.8980739
0.9127903
0.9144711
0.8996167
0.9001048
0.8959175
0.9024021
0.8906746
0.8840211
0.8964266
0.8972014
0.892297
0.8952409
0.8915184
0.8899304
0.8904415
0.8903814
0.9120182
0.9112619
0.9036386
0.8964399
0.9094438
0.9138083
0.9143664
0.8985201
0.8849698
0.8904513
0.9025437
0.8924648
0.8951259
0.8929119
0.9122307
0.8979689
0.9087811
0.897598
0.9049442
0.9142394
0.9203617
0.9146108
0.9015857
0.9196745
0.8397881
0.8331936
0.8406668
0.8397245
0.8007693
0.7887678
0.9084725
0.8961523
0.9118067
0.9044393
0.9208195
0.9088378
0.9106149
0.8993393
0.9137864
0.9016178
0.9091169
0.9035739
0.9127895
0.9054945
0.903174
0.8995432
0.9184456
0.9014038
0.9028929
0.8964189
0.8924336
0.8749717
0.8487601
0.9260784
0.9244636
0.8988278
0.8929727
0.8514844
0.890606
0.8938576
0.8936901
0.8877536
0.9021484
0.8977512
0.8991236
0.9018707
0.763903
0.7597503
0.7807614
0.9156618
0.9198276
0.9028524
0.8349238
0.9117828
0.8945183
0.9034316
0.895245
0.9079324
0.9072121
0.9048768
0.9070166
0.9171282
0.9102176
0.8994787
0.906689
0.9097758
0.8981205
0.9029397
0.8978397
0.9142028
0.9065052
0.838545
0.9018343
0.9019727
0.9067233
0.8949226
0.9024337
0.8387882
0.8407358
0.8397205
0.9161472
0.9036391
0.9162241
0.9171073
0.9136007
0.9185633
0.9206172
0.9037491
0.8952287
0.9004489
0.9043721
0.914213
0.8952471
0.8999099
0.9087493
0.7567312
0.9040366
0.9087683
0.9067129
0.916527
0.9165212
0.9123246
0.9027911
0.9149972
0.8427185
0.838084
0.839281
0.837468
0.7947527
0.786789
0.9096349
0.895564
0.9123983
0.9083416
0.9232785
0.9111792
0.9089902
0.9008184
0.9165989
0.9041164
0.9077976
0.9014186
0.9141526
0.908445
0.9045906
0.8994336
0.9174263
0.9015361
0.9040748
0.8931003
0.8939072
0.876974
0.8555481
0.9258908
0.9255584
0.8945878
0.8901293
0.8542565
0.8865941
0.893585
0.8916355
0.8881776
0.8995774
0.9001179
0.8997347
0.9021991
0.7640322
0.7639645
0.7825793
0.9144807
0.9191335
0.9024696
0.8367556
0.9110031
0.897555
0.9037582
0.9000502
0.9080596
0.9076874
0.9059345
0.9095572
0.9181293
0.9135135
0.9026454
0.906153
0.9094754
0.9005808
0.9065084
0.8911166
0.914135
0.9052098
0.8378111
0.9004268
0.8976741
0.9061472
0.8965629
0.9069433
0.8377021
0.8394335
0.8417182
0.9170332
0.9052601
0.9180972
0.9192252
0.9137628
0.9233442
0.9238115
0.9063856
0.8941047
0.8951408
0.9080124
0.91102
0.8965005
0.9028456
0.911383
0.7636616
0.9063147
0.9115201
0.9078171
0.9173297
0.9193217
0.9135594
0.9054933
0.9165728
0.8381386
0.8317379
0.8375563
0.8340324
0.7884374
0.784613
0.9080083
0.891347
0.9120342
0.9039318
0.9205055
0.9058689
0.9090552
0.897434
0.9140489
0.9035249
0.9025584
0.899752
0.9116211
0.9060752
0.9021189
0.8956356
0.9125888
0.8999889
0.9009517
0.8937077
0.8917927
0.8712991
0.8506655
0.9218624
0.9227376
0.8924272
0.8892697
0.8468934
0.8834984
0.8888111
0.8874398
0.8784318
0.8955147
0.895556
0.8978864
0.8992861
0.7632701
0.7566817
0.7784858
0.9152455
0.9194844
0.9018315
0.8366147
0.9084172
0.8946856
0.901137
0.8957689
0.9024732
0.9042943
0.9018019
0.9020789
0.9181488
0.9072329
0.8978197
0.9037974
0.909346
0.8944334
0.9001505
0.8945105
0.9123099
0.9004285
0.8399225
0.8981285
0.896954
0.9024513
0.8960423
0.9025543
0.8338801
0.8381448
0.8353524
0.9154518
0.9026561
0.915949
0.9170981
0.9138234
0.91708
0.9185353
0.9044739
0.890172
0.893689
0.9056624
0.9079834
0.8936889
0.8971342
0.9123296
0.7670219
0.9048979
0.907293
0.9047534
0.9166318
0.9177209
0.9107458
0.9027926
0.9154483
0.839607
0.8379674
0.8417149
0.8380093
0.7943962
0.7918959
0.9106671
0.8959701
0.9153835
0.9046684
0.9215638
0.9062982
0.9148095
0.9030932
0.9156473
0.9072391
0.9081021
0.9026994
0.9123728
0.9085532
0.9060195
0.8986405
0.916137
0.9037392
0.9027219
0.8980176
0.8951675
0.8718822
0.8524541
0.9279545
0.9260129
0.897678
0.8916786
0.8500283
0.8869939
0.8920781
0.8926489
0.8865577
0.9015731
0.8994422
0.8957679
0.8989058
0.7699473
0.7614499
0.7829149
0.918572
0.9210337
0.9039848
0.837653
0.9133698
0.8993119
0.9025519
0.8997088
0.9075416
0.9069006
0.9068918
0.9082267
0.9155368
0.907963
0.9011258
0.9072732
0.9099356
0.9008728
0.905715
0.8954461
0.9147933
0.904679
0.8405273
0.9045761
0.9018833
0.9087921
0.8975236
0.9064989
0.8378945
0.8402023
0.8363928
0.9160491
0.9074817
0.920577
0.9200057
0.9153342
0.9216767
0.9226723
0.9039715
0.8932035
0.8962316
0.9103377
0.9121544
0.8993476
0.9003717
0.9112655
0.7647299
0.9063025
0.911171
0.907808
0.9164684
0.9172959
0.9129483
0.9018802
0.9138218
0.8367178
0.8289981
0.8387646
0.8386175
0.7939846
0.7897359
0.9098162
0.8902776
0.9150886
0.9042515
0.9206127
0.9070855
0.9090196
0.9017302
0.9127785
0.9078966
0.9055575
0.9007105
0.9125129
0.9035209
0.9035737
0.8964584
0.9161858
0.900243
0.9041932
0.894982
0.8931096
0.8744779
0.8475591
0.9270659
0.9224571
0.895127
0.8923484
0.8477754
0.885671
0.8915255
0.8925831
0.8864301
0.896586
0.896101
0.8988997
0.900293
0.7633095
0.7576401
0.779289
0.9168005
0.9184448
0.8999498
0.8375185
0.9088963
0.8966498
0.901028
0.8985154
0.9049991
0.9064396
0.9039518
0.906669
0.9175733
0.90893
0.8978323
0.9068873
0.9088068
0.8981774
0.9036931
0.8965755
0.9124646
0.9025494
0.8425361
0.9023954
0.898394
0.9025779
0.8959374
0.9039853
0.839346
0.8413762
0.8378974
0.9163268
0.9042367
0.9173536
0.9206512
0.9140136
0.9203173
0.9202241
0.9041001
0.8923927
0.8937857
0.9073824
0.9095192
0.8960696
0.8977437
0.9120615
0.7575658
0.9061142
0.9117761
0.9083158
0.9151915
0.9160942
0.9123579
0.9020977
0.915828
0.8400826
0.831986
0.8375819
0.834322
0.7897892
0.7853061
0.908806
0.8921804
0.9120636
0.9032178
0.9200812
0.9051539
0.908149
0.8975823
0.9123834
0.9019212
0.9039284
0.9002156
0.9119607
0.9033082
0.9026956
0.8975635
0.9140377
0.9019615
0.9012246
0.8928821
0.8929187
0.8710287
0.8482234
0.9241347
0.9233521
0.8930267
0.890239
0.8481356
0.8848092
0.887856
0.8889786
0.878209
0.8965606
0.8950542
0.898236
0.9001123
0.7602703
0.7558382
0.7768516
0.9150882
0.9194392
0.9005993
0.8356685
0.9070969
0.8957898
0.9016021
0.8959165
0.9056888
0.9040501
0.9028444
0.9044638
0.9179496
0.9060095
0.8980862
0.9041786
0.9085997
0.8967675
0.9020674
0.8959479
0.9124548
0.9018534
0.8393747
0.8993433
0.8981728
0.9037374
0.8957135
0.902108
0.8364799
0.8391847
0.8363533
0.9157865
0.9023698
0.9160925
0.9188146
0.9148831
0.9200516
0.9206725
0.9047685
0.8886991
0.8933955
0.9065497
0.9084063
0.8943603
0.8974414
0.9131647
0.7653863
0.9057472
0.9082136
0.9049001
0.9155633
0.9185415
0.9111973
0.9016867
0.9141003
0.8363843
0.8306807
0.840205
0.8363581
0.7959823
0.789536
0.9076199
0.8946545
0.9122851
0.9043033
0.9217367
0.9099306
0.9090192
0.8972618
0.9150018
0.9042035
0.9059718
0.9006639
0.9146672
0.9047789
0.9047585
0.9006744
0.9171821
0.9019818
0.8994061
0.8938818
0.8928966
0.8717569
0.8461947
0.9254392
0.9264717
0.8957404
0.8875292
0.8436087
0.8874406
0.8924485
0.8900836
0.8814294
0.895002
0.8963136
0.9009295
0.9011233
0.7547658
0.7528418
0.7753039
0.9153137
0.9190146
0.9025514
0.8324281
0.9082579
0.8959812
0.9024558
0.8996074
0.9077316
0.9073995
0.9049382
0.9081826
0.9180026
0.9077546
0.8991226
0.9062489
0.909545
0.8987921
0.904528
0.8958592
0.9131409
0.9057803
0.8359776
0.9002233
0.8993286
0.9041199
0.8936263
0.9030435
0.8343102
0.8375716
0.8348522
0.9161363
0.9027082
0.9193043
0.9225125
0.9126959
0.9206421
0.9229588
0.9037286
0.8941528
0.8958797
0.9082326
0.910782
0.8943048
0.8962802
0.9135811
0.7536765
0.9055488
0.9114428
0.9078414
0.9139664
0.9159039
0.9126835
0.9011147
0.9130188
0.8391737
0.8327045
0.8374119
0.8371401
0.7913129
0.7839246
0.9095387
0.8965106
0.9136937
0.9038468
0.9176582
0.9078153
0.9078402
0.9019509
0.9146579
0.9014574
0.9061334
0.9015611
0.9097497
0.9053322
0.9064032
0.8998613
0.9154185
0.9011564
0.8991168
0.894472
0.893369
0.8751976
0.8479686
0.9240197
0.9230046
0.8964822
0.8917935
0.8477073
0.8845655
0.8926394
0.8903261
0.8849121
0.9015799
0.8983182
0.8975983
0.9000761
0.7573457
0.7597538
0.7880261
0.9158338
0.9171093
0.9028469
0.8350555
0.9101922
0.8960721
0.902556
0.8984961
0.9065544
0.9081723
0.9040542
0.9070083
0.9172278
0.9054459
0.901173
0.9056281
0.906348
0.8989881
0.9035219
0.8980378
0.9139591
0.90313
0.8357497
0.9016722
0.9022039
0.9043684
0.8965901
0.9045235
0.8386962
0.840511
0.8379519
0.9160566
0.8998453
0.9182249
0.9187409
0.9154578
0.9195274
0.9221384
0.9038194
0.8894538
0.896052
0.9085765
0.9125628
0.8968079
0.9003815
0.9089331
0.7621187
0.9061798
0.9077906
0.9063528
0.9130222
0.9149546
0.9127342
0.9011024
0.9116462
0.840571
0.8392127
0.8444587
0.8467856
0.7968799
0.7921869
0.9114159
0.8953324
0.9126473
0.906776
0.9220348
0.9116623
0.9146627
0.9036184
0.9152297
0.9068899
0.9089935
0.9026748
0.9143202
0.9087381
0.9067977
0.902557
0.9201276
0.9061184
0.9031001
0.8973655
0.8960593
0.8773121
0.852671
0.927521
0.9263245
0.8982772
0.8938494
0.8536129
0.8900225
0.8942857
0.8900278
0.8865133
0.9021552
0.9009664
0.9010109
0.9030268
0.764458
0.7666923
0.7867078
0.9173836
0.9216428
0.9075855
0.8374039
0.9116136
0.8960515
0.9018951
0.8975242
0.9054252
0.9060072
0.9061561
0.9087254
0.916878
0.9107301
0.9032293
0.9063757
0.9105023
0.8992404
0.9038448
0.8982147
0.9146471
0.9045279
0.8440409
0.9013702
0.9033146
0.9065264
0.8999249
0.9029934
0.8416471
0.843973
0.8416093
0.9181432
0.905603
0.9209018
0.921745
0.9152632
0.9236771
0.9248511
0.9056538
0.8952092
0.900141
0.9101686
0.9124449
0.8973051
0.9009485
0.914008
0.7748173
0.909333
0.9116535
0.9082317
0.9172241
0.9187244
0.9134974
0.9030698
0.9187862
0.8361299
0.8268973
0.8397184
0.8342539
0.7937749
0.7838714
0.9076407
0.8952806
0.9125236
0.9040617
0.9207289
0.9102939
0.9101653
0.9018887
0.9153059
0.9038087
0.9078032
0.9040585
0.9094647
0.9052755
0.9025993
0.9000768
0.9161024
0.9025486
0.9013258
0.8956167
0.8915849
0.8746277
0.8505159
0.9247728
0.9218393
0.8950311
0.8936303
0.8508597
0.8873672
0.8938648
0.8909791
0.8849068
0.8981996
0.8969457
0.8968459
0.9010471
0.7620598
0.7507915
0.7730732
0.9177956
0.9211786
0.9016441
0.8312025
0.9083964
0.8948851
0.9028905
0.8966845
0.905871
0.9065666
0.9042682
0.9057022
0.916116
0.9099132
0.9042195
0.9057668
0.9116885
0.8998313
0.9038936
0.8985307
0.9148371
0.9039437
0.8391361
0.9040464
0.9019059
0.9082212
0.900989
0.9030406
0.8363255
0.8385932
0.8363761
0.9159765
0.9048319
0.9179959
0.921074
0.9173571
0.9235102
0.9255828
0.9036854
0.8944533
0.8981851
0.9064977
0.912906
0.8983769
0.9026899
0.912084
0.7598525
0.9075672
0.9064546
0.9028781
0.9162064
0.9184307
0.9137603
0.9035466
0.9141353
0.8385692
0.8329401
0.8408405
0.8371042
0.7902437
0.7880121
0.9091964
0.8933319
0.9147334
0.9015095
0.9203385
0.9070406
0.910877
0.8996686
0.9135405
0.9055013
0.9075883
0.9020851
0.9150137
0.9049912
0.9034129
0.8997156
0.9188013
0.9029048
0.905073
0.8975269
0.8941611
0.8757092
0.8524559
0.9277546
0.9251639
0.898116
0.8900658
0.8496506
0.8883028
0.8937589
0.8918534
0.8850698
0.9003445
0.8982133
0.8993759
0.9000109
0.7611946
0.7549969
0.778211
0.915792
0.9194331
0.9042295
0.836611
0.9125578
0.8968457
0.9047756
0.8970097
0.9067954
0.9090652
0.9035974
0.9060393
0.9161145
0.909245
0.9022085
0.9059083
0.9081415
0.8984904
0.9050164
0.8969338
0.9143786
0.9067008
0.8398268
0.9019986
0.8994977
0.9045731
0.8976372
0.907323
0.8360082
0.8365944
0.8366339
0.9160134
0.9024242
0.919391
0.9201836
0.9165937
0.9215455
0.9223507
0.9052741
0.8943498
0.8970316
0.9062088
0.9134577
0.8989779
0.9017376
0.9119006
0.7536345
0.9044697
0.9105375
0.9075303
0.9152211
0.9191754
0.912427
0.9022107
0.915972
0.840367
0.8329151
0.8399351
0.838038
0.7923755
0.7898264
0.9086596
0.8959815
0.914035
0.9033533
0.9199525
0.9075097
0.9104106
0.8988833
0.9131911
0.9062753
0.9075504
0.9035822
0.9138151
0.9054202
0.9061791
0.9016841
0.9192107
0.9039956
0.9034272
0.8948699
0.894456
0.8727745
0.8517283
0.927078
0.9249964
0.8966729
0.8929291
0.850347
0.8904054
0.8930417
0.8957787
0.8865728
0.8988999
0.8972073
0.9014151
0.9020025
0.7620303
0.7560498
0.7791506
0.9162683
0.9188719
0.9032938
0.8360544
0.9139672
0.8976477
0.9030065
0.8983233
0.9077731
0.9070945
0.9037181
0.9062756
0.9175577
0.9075959
0.903704
0.9043122
0.9089168
0.8999177
0.9055261
0.8981834
0.9148726
0.9055984
0.8435266
0.9052504
0.9018675
0.9062166
0.898948
0.9068933
0.8378799
0.8397819
0.8380183
0.9171872
0.9040395
0.9186266
0.9204417
0.916512
0.9232929
0.9229009
0.9037947
0.8918163
0.8974006
0.9055878
0.9128317
0.9020765
0.9050038
0.9136602
0.7528537
0.9057605
0.9112288
0.9076484
0.9165012
0.9188297
0.911506
0.9011998
0.9145552
0.8376528
0.8299904
0.836096
0.8375853
0.7892735
0.7825761
0.9061706
0.8918791
0.9125909
0.9015937
0.9176029
0.9068587
0.9064133
0.8984795
0.9112863
0.9053576
0.9088144
0.8987333
0.9124875
0.9058936
0.9055275
0.8992766
0.9160502
0.9010536
0.9017735
0.8944081
0.8922896
0.8730482
0.8464123
0.9254928
0.924388
0.8954462
0.8927062
0.8448432
0.8852423
0.89172
0.8913585
0.8825235
0.8964196
0.8965046
0.8973752
0.8988177
0.7574892
0.7544636
0.7827312
0.9144414
0.9168695
0.8972568
0.8300836
0.9078349
0.8998168
0.9011084
0.9004874
0.9049652
0.9071063
0.9053542
0.9067933
0.9151063
0.9074882
0.9018216
0.903574
0.9087774
0.8973437
0.903227
0.895567
0.9143636
0.9033473
0.8358454
0.9030262
0.8981148
0.9061484
0.8973604
0.9033177
0.8336959
0.8365041
0.8341471
0.9159244
0.9022735
0.9216132
0.9208638
0.9126897
0.9192469
0.9197561
0.9024628
0.8939539
0.8933761
0.9072734
0.9117626
0.8938992
0.9011511
0.910689
0.7613014
0.9004733
0.9086233
0.904883
0.9133844
0.914785
0.9116807
0.9025303
0.9132415
0.8364389
0.8363595
0.8410739
0.8394328
0.7928959
0.792478
0.9131807
0.892196
0.9120374
0.9050671
0.9201303
0.910276
0.9123194
0.9017639
0.9152045
0.9058516
0.9070451
0.9020839
0.9122445
0.9042942
0.902905
0.8989881
0.9192739
0.9027027
0.9032614
0.8926942
0.8948389
0.8760999
0.8530427
0.9240673
0.9244902
0.8938971
0.8927417
0.8495016
0.8876284
0.8924072
0.8924888
0.8838487
0.8988867
0.8966612
0.8977699
0.8989306
0.7617208
0.7547579
0.7822289
0.9190241
0.9197088
0.901835
0.8378112
0.9122534
0.898544
0.9040677
0.8999677
0.9075035
0.907136
0.9074742
0.9069402
0.9162815
0.9096541
0.9009865
0.9069635
0.9091167
0.8963062
0.9029053
0.8986891
0.9124672
0.9039742
0.8417337
0.9025865
0.8993354
0.9046921
0.8981847
0.90327
0.8401244
0.8415392
0.8439899
0.915302
0.9068969
0.9199005
0.9194764
0.9164561
0.9204763
0.9225585
0.9021875
0.891633
0.8971447
0.9103698
0.9084195
0.8953383
0.8987278
0.9125247
0.7620467
0.9079809
0.9096964
0.9062455
0.91637
0.9171955
0.912437
0.9012306
0.9169774
0.841995
0.8410473
0.8445806
0.8431497
0.7960844
0.7881572
0.9089087
0.8955148
0.9124337
0.9050853
0.9222017
0.9105974
0.911748
0.8993335
0.9169694
0.9032771
0.9059253
0.9023814
0.9147237
0.9047012
0.9046807
0.8993763
0.9207116
0.9037714
0.9028391
0.897267
0.8936583
0.8769606
0.8500319
0.9248435
0.9234738
0.8984606
0.8901309
0.8513671
0.8894334
0.892565
0.8913099
0.885673
0.900447
0.9017549
0.9019076
0.9025332
0.7629113
0.7668488
0.7776318
0.9156981
0.9197447
0.9023291
0.8399879
0.9126161
0.8965505
0.9040874
0.8986525
0.9099725
0.9071515
0.9069102
0.9066833
0.917353
0.9090641
0.9038379
0.9051488
0.9104441
0.9004044
0.9054656
0.8971966
0.9147035
0.9071544
0.842763
0.9031959
0.9017649
0.9067023
0.8980543
0.9074997
0.8368417
0.8390129
0.8381281
0.9167925
0.9024451
0.9223494
0.9218756
0.9142526
0.9212995
0.9226659
0.9048759
0.8942549
0.8991284
0.9099943
0.9125027
0.8995561
0.9001402
0.9121112
0.7681101
0.9073738
0.9097085
0.90677
0.9170905
0.9176876
0.9131719
0.9034024
0.915265
0.8401892
0.833473
0.8382615
0.8383355
0.7909881
0.785703
0.9107494
0.8959328
0.912594
0.903556
0.9202213
0.9085005
0.9113257
0.8994371
0.9141046
0.9039278
0.9059203
0.9039433
0.9145396
0.9058194
0.9056865
0.9001241
0.9187955
0.9037225
0.9031925
0.8936397
0.8928218
0.8717339
0.8517057
0.9267467
0.9236523
0.8957339
0.8898958
0.8490665
0.887225
0.8917647
0.893348
0.8856348
0.8984116
0.8986651
0.9012588
0.9026418
0.7602313
0.7568661
0.7790077
0.9166724
0.9194652
0.9018462
0.8358203
0.9132904
0.8979996
0.9027758
0.8976864
0.9074379
0.9073811
0.9050471
0.9074986
0.9164491
0.9057121
0.9029265
0.9030286
0.9065261
0.9004695
0.905772
0.896977
0.9136362
0.9052148
0.839924
0.9042838
0.9006497
0.9051348
0.8977203
0.9058857
0.8361892
0.8382342
0.8380536
0.9165758
0.9048728
0.9185141
0.9208285
0.9171928
0.9227428
0.9229487
0.9047934
0.8933697
0.8972349
0.9066923
0.9143011
0.8993818
0.903403
0.9124232
0.7528497
0.9058509
0.9112912
0.9070399
0.9161196
0.9172479
0.9131782
0.9033154
0.9159241
0.8419261
0.8368469
0.844685
0.8389509
0.7994722
0.7958881
0.9098764
0.8973591
0.9164923
0.9043553
0.9239748
0.9112264
0.9126079
0.9000576
0.9176653
0.9083808
0.905465
0.9038833
0.9129199
0.9086516
0.9071375
0.8985036
0.9179159
0.9011619
0.902648
0.8948526
0.8921296
0.8738901
0.8532794
0.9259852
0.9220432
0.8969393
0.8907548
0.8504785
0.8847619
0.8921705
0.8926981
0.8860155
0.9009009
0.8988553
0.9012422
0.9022665
0.7695287
0.7649777
0.7852001
0.9166325
0.9227313
0.903908
0.8380751
0.9129398
0.8961249
0.903191
0.8983871
0.9063171
0.9086695
0.9044045
0.9043112
0.9178569
0.9086319
0.9046701
0.9066781
0.9096422
0.9025749
0.9048908
0.8982079
0.9159376
0.9067311
0.8389119
0.9057457
0.9040117
0.9081912
0.9020777
0.9038538
0.8404727
0.8427157
0.8409616
0.9186242
0.9065324
0.9192273
0.9191787
0.9144522
0.9222812
0.9237194
0.9060247
0.8924651
0.8966655
0.9081052
0.9109899
0.896181
0.9029899
0.9130021
0.7666369
0.9062945
0.9108355
0.9085724
0.9171746
0.9188625
0.9151258
0.9068713
0.91657
0.8383558
0.8356893
0.8394012
0.8372391
0.7906767
0.7873972
0.9112524
0.8962251
0.9132958
0.9040339
0.9166959
0.907338
0.9116799
0.9019827
0.9143777
0.9021504
0.9081603
0.9042268
0.9135785
0.9075678
0.9059279
0.8997335
0.917124
0.902361
0.9027982
0.8947504
0.8928362
0.8766346
0.8474557
0.9258464
0.9252047
0.8977289
0.88938
0.8469772
0.8862131
0.8921868
0.893847
0.883087
0.9006052
0.8983926
0.8985534
0.9005067
0.7655927
0.749291
0.7836809
0.9173045
0.9192821
0.9028782
0.8346693
0.9110507
0.8985262
0.9036149
0.8990029
0.9042698
0.9046298
0.9053657
0.9076226
0.9176355
0.908789
0.9020711
0.9058924
0.9089811
0.8990207
0.9049606
0.8967486
0.9164401
0.9053815
0.8426481
0.9031566
0.9016452
0.9070572
0.8989964
0.906955
0.8361879
0.839598
0.8355737
0.9160832
0.9057434
0.9188952
0.92041
0.9159033
0.9210938
0.9226494
0.9065113
0.8957693
0.899044
0.9097694
0.911771
0.9009815
0.9000972
0.9107364
0.7594714
0.9062489
0.9104488
0.9062265
0.9152898
0.9184569
0.9128001
0.9037148
0.9164614
0.8366669
0.8321865
0.8362924
0.8362014
0.7886997
0.7887934
0.909588
0.8919067
0.9139094
0.9011717
0.9211828
0.9081735
0.9085896
0.8979644
0.9111657
0.9049897
0.9084123
0.901867
0.9130683
0.9067688
0.9033192
0.8996449
0.9165166
0.9032508
0.8982422
0.8967583
0.8913804
0.874391
0.8466747
0.9256419
0.923559
0.8951574
0.8902426
0.8487639
0.8832217
0.8938675
0.8911814
0.8841087
0.8983707
0.8960125
0.8968526
0.8989422
0.7549096
0.7533999
0.7785321
0.9159719
0.9175481
0.9016175
0.8335685
0.9078218
0.896924
0.9053182
0.8986759
0.9073031
0.9071307
0.9055686
0.9068561
0.9154571
0.9077168
0.898944
0.9024102
0.9080665
0.8955935
0.9010374
0.8967316
0.9113159
0.9067376
0.8390173
0.9029621
0.899982
0.907149
0.8975199
0.9023808
0.8360693
0.8399315
0.8356756
0.9155487
0.9010201
0.9196642
0.9215325
0.9144901
0.9201676
0.9218434
0.9058758
0.89375
0.8969507
0.9052255
0.9122295
0.8942539
0.8981016
0.9122646
0.7630018
0.9043407
0.9083019
0.9077656
0.9178288
0.9161563
0.9125614
0.900383
0.9133574
0.835732
0.8293708
0.8380415
0.8365831
0.7929727
0.7889959
0.9090621
0.8905938
0.914992
0.9042595
0.9198052
0.9073697
0.9094608
0.9006272
0.9126024
0.907099
0.9048987
0.9000431
0.9110945
0.9027492
0.9041276
0.8958112
0.9152124
0.9001659
0.9042819
0.8948992
0.8922529
0.8738175
0.8467228
0.9254563
0.9225232
0.8950443
0.8923439
0.8473311
0.8845028
0.8906227
0.8924979
0.8857175
0.8967079
0.8956515
0.8980208
0.8989811
0.763454
0.7587938
0.7798822
0.9157823
0.9183555
0.9005455
0.8366596
0.9087508
0.8966896
0.9007548
0.8985174
0.9048115
0.9047771
0.9024018
0.9073427
0.9163726
0.9080969
0.8977543
0.9060405
0.9091684
0.8978228
0.902603
0.8960533
0.9118252
0.9021578
0.8408055
0.902205
0.8980392
0.9014423
0.8961352
0.9030839
0.8389744
0.8407885
0.8375675
0.91608
0.9045981
0.9172608
0.9205996
0.9133817
0.9200028
0.9198718
0.9032303
0.8923099
0.8932187
0.9080161
0.9100428
0.8957086
0.8963512
0.9101911
0.7579098
0.9046786
0.9116763
0.9089514
0.9154757
0.9159626
0.9135607
0.9009671
0.9155421
0.9052387
0.9049703
0.9038072
0.9057536
0.9125407
0.9100317
0.911338
0.8799766
0.8575315
0.8502363
0.8685364
0.8414744
0.917633
0.8658798
0.8767318
0.8557091
0.8990839
0.8801296
0.9182119
0.8779412
0.8637934
0.9151292
0.86716
0.8928888
0.920375
0.9126371
0.9075228
0.9086449
0.9062389
0.9083846
0.9101663
0.9139963
0.9072016
0.9055878
0.911391
0.9151329
0.9095535
0.9095109
0.9165647
0.9172168
0.9125107
0.9120111
0.9059215
0.9043762
0.907234
0.881083
0.8887294
0.8735821
0.9030616
0.9184339
0.9091715
0.9143597
0.9086533
0.915084
0.9171275
0.9161779
0.9123198
0.8619367
0.9128828
0.8826327
0.7002656
0.7276027
0.884991
0.8885446
0.911834
0.8924492
0.9057723
0.9071143
0.8730849
0.87311
0.885351
0.8756331
0.9088572
0.9051506
0.9068791
0.9049198
0.8554097
0.8624176
0.8889805
0.9169873
0.891608
0.8949945
0.8944324
0.8966719
0.8899894
0.8710727
0.8761898
0.8893875
0.8789711
0.8775592
0.8587337
0.9061232
0.8644536
0.9040902
0.8792047
0.8927544
0.8713691
0.8825288
0.8648351
0.8827885
0.9067967
0.9058435
0.9053805
0.906272
0.9124799
0.9130694
0.9094093
0.880203
0.8608263
0.8539743
0.865329
0.8420279
0.9221294
0.8640136
0.8744155
0.8542617
0.8981125
0.8801107
0.9179594
0.8799466
0.8656935
0.9128859
0.8686762
0.8933988
0.9231461
0.9147203
0.9103641
0.9106405
0.9094395
0.9093651
0.90923
0.9124492
0.9092644
0.9078601
0.915349
0.9164283
0.9105455
0.9115306
0.9172808
0.9180901
0.9131475
0.9129955
0.9039791
0.9043541
0.907018
0.8815364
0.8890599
0.8728631
0.9075892
0.922808
0.9105001
0.9154525
0.9115581
0.9156741
0.9171798
0.9159655
0.9142918
0.8618363
0.914725
0.8848397
0.7032801
0.727344
0.8852536
0.8885246
0.9125486
0.8924685
0.9104905
0.9085312
0.8737257
0.8746573
0.8879896
0.875369
0.908055
0.9101391
0.9111552
0.9100263
0.8561978
0.8648808
0.8884425
0.9186428
0.8911125
0.8954832
0.8949216
0.8995274
0.8944272
0.8763702
0.8759255
0.8945687
0.880142
0.8791385
0.8553838
0.9067289
0.8653981
0.904146
0.882894
0.8900157
0.8713108
0.8799278
0.865775
0.8846223
0.9182327
0.9127127
0.9142295
0.915172
0.9197931
0.9184342
0.9044345
0.9114368
0.9025949
0.9185283
0.9223112
0.9123593
0.9190299
0.9082709
0.9201412
0.9126376
0.8971543
0.9038701
0.9177451
0.9106337
0.9035885
0.9095185
0.908947
0.9026491
0.9221022
0.9088882
0.9108287
0.9125239
0.9217306
0.897025
0.9003222
0.9097022
0.9093422
0.9209034
0.9117911
0.9109319
0.9125214
0.9098007
0.9196595
0.9213986
0.913871
0.9117093
0.9219744
0.9175964
0.9196322
0.9190041
0.9219882
0.9127342
0.9137755
0.9246067
0.9151292
0.9116259
0.914379
0.9142403
0.9182151
0.9165507
0.9125564
0.9123972
0.9131656
0.9090652
0.9101931
0.9161265
0.9123369
0.9125712
0.9196126
0.9110407
0.9125058
0.9198047
0.9128799
0.9087245
0.9085379
0.9078107
0.9112769
0.9176417
0.9184096
0.9190498
0.9145126
0.910987
0.9064546
0.9115795
0.9150947
0.9141785
0.9156313
0.9093064
0.9006847
0.9060748
0.9087603
0.9000252
0.9111781
0.9031775
0.9104153
0.9227351
0.9149817
0.9115066
0.9091102
0.9142252
0.9199917
0.915272
0.9082627
0.9176902
0.9083817
0.9048026
0.9038735
0.9106622
0.9183247
0.910632
0.909457
0.8892993
0.8841787
0.876899
0.8912025
0.8722444
0.9202432
0.8833084
0.8964369
0.8803984
0.9024635
0.8902237
0.9197959
0.8933713
0.8857308
0.9150758
0.8911991
0.8977619
0.9215644
0.910587
0.9093164
0.904213
0.9088294
0.9102168
0.9094782
0.913045
0.9104118
0.9075594
0.9116123
0.9138741
0.9111787
0.9085919
0.9205877
0.9165374
0.9109021
0.9101328
0.9118996
0.9121602
0.9127337
0.8985397
0.9022814
0.8872145
0.9095701
0.9260339
0.9123569
0.9136903
0.9127952
0.9182443
0.9179078
0.9161257
0.9151808
0.8849155
0.9132661
0.8876323
0.875228
0.8795933
0.8910386
0.8950648
0.9160384
0.9012007
0.910929
0.9127583
0.8917568
0.8873993
0.8954244
0.8872224
0.9092336
0.9102646
0.9117814
0.9100358
0.8830428
0.8802843
0.8913176
0.9136759
0.8960157
0.9012589
0.9034483
0.9009509
0.8976223
0.8891313
0.8907841
0.9008446
0.8903071
0.8882815
0.878252
0.9132125
0.8829263
0.9040397
0.8873561
0.8986479
0.8926696
0.8917818
0.8835834
0.8996692