0.9011001
0.9014365
0.9028918
0.9140238
0.9017177
0.884646
0.8799118
0.9017479
0.9102297
0.8726365
0.9208948
0.9192703
0.8865233
0.8845032
0.9268015
0.8977651
0.9145305
0.8939307
0.918812
0.9193786
0.9133474
0.8776307
0.9142159
0.8849944
0.882623
0.8678155
0.8836216
0.8906488
0.9172958
0.8845692
0.8948585
0.9228134
0.8733455
0.8724924
0.919141
0.8860623
0.9179947
0.8950447
0.8844186
0.8840464
0.9088484
0.9130604
0.8947746
0.9248679
0.8978639
0.8925605
0.8842972
0.8765383
0.8964463
0.8662039
0.89536
0.9075196
0.9195873
0.9128567
0.9160425
0.9189677
0.8780639
0.8962955
0.9039131
0.9041086
0.9136986
0.8857942
0.8716871
0.9001523
0.9236232
0.8789732
0.8785216
0.8973878
0.917103
0.9171564
0.9227028
0.9157152
0.8795857
0.9159276
0.8834207
0.8897094
0.8917463
0.9182431
0.9171353
0.9163991
0.8941827
0.9023824
0.899425
0.8872035
0.919368
0.8785406
0.8437806
0.8730898
0.8765446
0.876147
0.9132887
0.9141183
0.9148668
0.9128437
0.8829635
0.8725533
0.8994223
0.852614
0.8887728
0.9126307
0.920185
0.9013494
0.9019848
0.7548251
0.9166021
0.9066795
0.9137718
0.8997663
0.8951385
0.9136497
0.9001921
0.9077817
0.9131509
0.90942
0.9069903
0.9170887
0.9048532
0.898004
0.8302773
0.9002698
0.791391
0.9040643
0.8970135
0.9202171
0.8941066
0.9138594
0.9088113
0.9075657
0.9139391
0.8970898
0.9111872
0.9103807
0.9149065
0.9101833
0.907899
0.9155796
0.8998594
0.9008276
0.900872
0.9067313
0.8473222
0.8502098
0.8991681
0.9020444
0.92365
0.9183787
0.9040707
0.9141048
0.9160879
0.9031004
0.9108386
0.9028685
0.9269206
0.7530225
0.9127266
0.9127832
0.9062198
0.9139159
0.9073261
0.9242978
0.843438
0.9037963
0.9064576
0.9222887
0.915724
0.9162941
0.902743
0.8974633
0.9143542
0.8924597
0.7973728
0.9220207
0.8991597
0.7767414
0.9224302
0.899291
0.897074
0.9297403
0.9314994
0.9112811
0.8985424
0.897816
0.9225413
0.9076041
0.9001781
0.9097922
0.9023175
0.9165668
0.918876
0.9180628
0.9200856
0.9192612
0.9217364
0.9187735
0.9131564
0.9114762
0.9139463
0.9067124
0.9055611
0.7652255
0.9154785
0.8923931
0.8940497
0.8950417
0.9143812
0.9092835
0.9118256
0.8875495
0.889719
0.9145311
0.8940096
0.8959544
0.9188752
0.913962
0.8968827
0.9293001
0.8967278
0.9046708
0.8954697
0.9022227
0.8950463
0.9082453
0.9000073
0.9172217
0.9035072
0.9156812
0.913295
0.9124435
0.9087572
0.9022064
0.9151358
0.9063368
0.9132741
0.9132896
0.9062591
0.9202922
0.9051116
0.8973948
0.9041825
0.9141717
0.8929266
0.8924285
0.9042526
0.9061565
0.9304742
0.9250494
0.90311
0.9070036
0.9077062
0.9075266
0.9099529
0.8935148
0.9037043
0.8976015
0.8987611
0.8998867
0.8999891
0.9090227
0.9023703
0.9184919
0.8889828
0.8991906
0.9195774
0.9186885
0.9099832
0.9131963
0.9098472
0.8918645
0.9011602
0.9065687
0.8982745
0.9172341
0.9049813
0.8989576
0.9111008
0.8965353
0.9040359
0.8960666
0.8968791
0.8927812
0.8962426
0.8949792
0.9193032
0.9098031
0.886593
0.9089003
0.9065139
0.9162726
0.9187931
0.917282
0.9123945
0.914397
0.9136132
0.912949
0.9171279
0.9176308
0.9118904
0.9133813
0.9104392
0.8965859
0.9144347
0.8896658
0.8897612
0.9026578
0.9096491
0.9130264
0.9154199
0.8889092
0.8858868
0.9152223
0.8597282
0.8631702
0.915755
0.9133393
0.9030899
0.9230933
0.7475526
0.9040814
0.9038039
0.8622254
0.9000036
0.9078525
0.8561953
0.9150916
0.904222
0.9114274
0.9142159
0.9117502
0.908488
0.8996901
0.9101104
0.8605114
0.9121021
0.9081729
0.9077257
0.9148506
0.8560746
0.8984054
0.9005663
0.9125665
0.899111
0.8995846
0.9012815
0.9060782
0.927206
0.9210719
0.9049788
0.904278
0.9054123
0.9056303
0.910224
0.888312
0.9030584
0.903111
0.8633425
0.8629635
0.9018307
0.9116632
0.9010266
0.9186751
0.8960949
0.8954967
0.9170289
0.9186811
0.8700653
0.9114374
0.9062803
0.893716
0.8612287
0.8668812
0.90311
0.9174556
0.908135
0.9016364
0.9089115
0.895978
0.8972233
0.9004818
0.901043
0.8965517
0.8968956
0.8906565
0.9148305
0.9043055
0.854293
0.9108339
0.9015827
0.9173439
0.9170935
0.9210647
0.9165189
0.9142776
0.915539
0.9141058
0.9143684
0.9158942
0.912043
0.9103369
0.9066719
0.9043443
0.8811184
0.8932148
0.8964813
0.9150782
0.8892344
0.8600273
0.8668394
0.8951939
0.9098205
0.6110091
0.9135859
0.9150907
0.8657567
0.8574846
0.9240331
0.892756
0.9165398
0.8847667
0.9117006
0.9140968
0.9132843
0.8510916
0.9164109
0.865374
0.8770753
0.8592582
0.857436
0.8663415
0.9130375
0.874716
0.8911751
0.9198671
0.7097435
0.8565575
0.9178087
0.8729608
0.9187189
0.8862463
0.8752965
0.8510829
0.9084455
0.9094877
0.888705
0.9225138
0.8903141
0.8782414
0.8675682
0.8393812
0.8808328
0.8455739
0.8894239
0.8974699
0.9126056
0.9128711
0.9132396
0.9152566
0.8559659
0.8899672
0.8911789
0.8962384
0.9120215
0.8803932
0.8483991
0.8929981
0.9216287
0.8539593
0.8509762
0.8953682
0.9149629
0.9190436
0.9168003
0.9181135
0.8526215
0.9136081
0.8530872
0.8834136
0.8805568
0.9134643
0.9142126
0.9141113
0.8856895
0.8965604
0.889106
0.8797571
0.9108593
0.8646234
0.8441744
0.8252593
0.8142988
0.8322554
0.9168612
0.9160907
0.9172214
0.9115627
0.8533983
0.8296213
0.8868302
0.8437968
0.8695716
0.9123753
0.9035272
0.9106873
0.9033468
0.9125323
0.8332152
0.8935906
0.8956537
0.8986374
0.9163247
0.8888216
0.9162949
0.9181313
0.9011642
0.8956131
0.9264711
0.9051342
0.9161388
0.7785981
0.9169362
0.9166289
0.9144199
0.8956095
0.9160881
0.8969412
0.8749684
0.9034505
0.8940857
0.9020065
0.9174613
0.8807618
0.8530714
0.9216251
0.8936821
0.8969764
0.9193317
0.8891172
0.9222539
0.8220705
0.8832445
0.8914701
0.9160479
0.9142977
0.829631
0.9260739
0.9070172
0.9106168
0.8990594
0.8951154
0.9067821
0.894472
0.788666
0.9036341
0.9158772
0.9131453
0.9174048
0.9174534
0.8951679
0.7960243
0.8054021
0.8688985
0.9136335
0.8819088
0.8934817
0.8442584
0.9279896
0.8997024
0.8978812
0.9025464
0.9195101
0.9187407
0.9176039
0.9259889
0.8962261
0.9148973
0.9024631
0.8834536
0.8858061
0.9138982
0.915939
0.9203527
0.819889
0.9047804
0.8369617
0.8819756
0.9175432
0.8971717
0.8947425
0.8932582
0.8926808
0.9001337
0.921098
0.9226548
0.9210835
0.9243076
0.902479
0.8935184
0.7976739
0.8931749
0.9014836
0.9153657
0.91178
0.9152612
0.9074733
0.9173892
0.8364387
0.9000706
0.9026257
0.9090527
0.9202847
0.8963981
0.9231655
0.9239051
0.9052482
0.9005805
0.9315843
0.9055495
0.919283
0.7937345
0.9210517
0.9247104
0.9222057
0.9020863
0.9227607
0.9056498
0.8816653
0.9061486
0.9010889
0.9056512
0.9205111
0.8890047
0.8562153
0.9258223
0.8950922
0.9024927
0.9254395
0.8949445
0.9247427
0.8334522
0.8894377
0.898129
0.9182711
0.9174013
0.8411598
0.9307833
0.9113227
0.9137382
0.9047653
0.9014438
0.9107733
0.8985141
0.8007422
0.9111135
0.9223363
0.9179321
0.923558
0.9245355
0.9009137
0.8073262
0.8175778
0.8755769
0.9167744
0.8905214
0.8982523
0.8531069
0.9321581
0.9050472
0.9016422
0.9081813
0.9275272
0.9236976
0.9234025
0.9301909
0.9019423
0.919601
0.9071138
0.8910492
0.893957
0.9227145
0.9226782
0.9258797
0.8312759
0.9090493
0.8475762
0.8915301
0.923588
0.903237
0.8971406
0.8977425
0.8971394
0.902944
0.9243117
0.9258829
0.9238921
0.92662
0.9078769
0.8981922
0.8065819
0.8947425
0.9077631
0.9189265
0.9163215
0.8909534
0.8883096
0.9009785
0.9075895
0.909876
0.9163088
0.8911949
0.8850742
0.9144922
0.8593709
0.866629
0.9148216
0.9144646
0.9012729
0.9220231
0.7515979
0.9066931
0.8993306
0.8628942
0.9011643
0.9071117
0.8578724
0.9156751
0.9047825
0.9110808
0.9117919
0.9114482
0.9064896
0.8986575
0.9084073
0.8620793
0.9135087
0.9079033
0.9031309
0.9136617
0.8545077
0.8990566
0.9007365
0.9122195
0.9008036
0.8997961
0.9010929
0.9053999
0.9269418
0.9212229
0.903283
0.9072886
0.9062523
0.9042911
0.9132472
0.8882058
0.9014398
0.9026377
0.8656863
0.8627784
0.8986081
0.9137551
0.9012752
0.9190959
0.8949387
0.8980462
0.9149839
0.9193321
0.8701747
0.9096823
0.9042013
0.8931713
0.8655857
0.8675086
0.9042992
0.9192008
0.9045787
0.9016465
0.9097391
0.8974481
0.8984586
0.9011543
0.8996872
0.8954766
0.8966672
0.8885136
0.9154085
0.906269
0.8559845
0.9094488
0.9036661
0.9170777
0.9147041
0.9208369
0.9160224
0.9144353
0.9161581
0.9141872
0.9126069
0.9152813
0.9130913
0.9090126
0.906837
0.9044727
0.9148876
0.8897336
0.8892192
0.902406
0.9083923
0.9122004
0.9141759
0.8892626
0.8862061
0.9154062
0.8603595
0.8635418
0.9151212
0.9130977
0.9044156
0.9239631
0.7444347
0.9036358
0.9042281
0.8608859
0.9005485
0.9079606
0.8567856
0.9147729
0.9027107
0.911457
0.9133596
0.9130833
0.9107457
0.9007614
0.910256
0.8614363
0.9118976
0.9072927
0.9072807
0.9146493
0.8561015
0.8995137
0.9018314
0.9118134
0.899501
0.8998543
0.9008728
0.9057447
0.9270484
0.9220016
0.9041364
0.9038712
0.9056399
0.9059764
0.9097485
0.8884224
0.9015407
0.9030199
0.8641859
0.8629051
0.9024567
0.9118474
0.9006184
0.9181328
0.897492
0.8950814
0.9163636
0.918596
0.87047
0.9112324
0.9075663
0.8948999
0.8636175
0.8672948
0.9040049
0.9181299
0.9089851
0.9001124
0.9088626
0.8955608
0.8981502
0.9007188
0.9008663
0.895331
0.897807
0.8901562
0.9129789
0.9036287
0.8546696
0.9103223
0.9035269
0.917143
0.9169691
0.9217044
0.9172397
0.9152285
0.9146047
0.9154855
0.915929
0.9143812
0.9119562
0.9106009
0.9070161
0.9040149
0.9245765
0.8976777
0.8993517
0.9100554
0.9194617
0.9121388
0.915912
0.8922412
0.8949867
0.9157544
0.8734262
0.8712164
0.9163294
0.915073
0.9039423
0.9312859
0.8725867
0.9087884
0.9105735
0.8779868
0.9081469
0.9127546
0.8810649
0.9152789
0.9098884
0.9144683
0.9163937
0.9168212
0.9159368
0.9047206
0.9149725
0.8800441
0.914589
0.912469
0.9076723
0.9202191
0.8798291
0.9084588
0.9056461
0.9166845
0.9063153
0.9056794
0.9109912
0.9117497
0.9298337
0.9261419
0.9078078
0.9108677
0.9043802
0.9092411
0.913168
0.9005549
0.9010761
0.9154777
0.8716741
0.8732673
0.9042936
0.9157839
0.9089739
0.9170211
0.9070136
0.9045453
0.919469
0.9189275
0.8894135
0.91098
0.9162824
0.8996071
0.876545
0.8865556
0.9104796
0.9180076
0.9133476
0.9151414
0.9131642
0.9024763
0.9095946
0.8984756
0.8968801
0.8934883
0.9054948
0.8999095
0.9166169
0.9140134
0.8713986
0.9143712
0.9109459
0.9233419
0.9218155
0.9207311
0.9160483
0.9152316
0.9172553
0.9131807
0.9178293
0.9174937
0.9128588
0.9138828
0.9080719
0.9119139
0.9217863
0.8974123
0.8987195
0.9116925
0.9152722
0.9135886
0.9158486
0.8924599
0.8978343
0.9167638
0.872684
0.8695864
0.9167679
0.9136283
0.9058664
0.9277815
0.8766202
0.906628
0.9042347
0.8811976
0.9090294
0.9123082
0.8791213
0.9146778
0.9113465
0.9145229
0.9148801
0.9154693
0.9143615
0.9062545
0.9145284
0.8828717
0.9137164
0.9150549
0.9087217
0.9196942
0.8803645
0.9114845
0.9025647
0.9163876
0.9059924
0.9074827
0.9095747
0.9116917
0.9341801
0.9267646
0.9061894
0.9097997
0.9050072
0.9073083
0.9114184
0.9005973
0.9009155
0.9139257
0.8728668
0.8729863
0.9027113
0.9131541
0.9041135
0.9187012
0.9059826
0.9031967
0.9205436
0.9186692
0.8866519
0.9122838
0.912869
0.9003954
0.8791262
0.8876126
0.9110434
0.915523
0.9133279
0.9121788
0.9111325
0.9035896
0.9093027
0.9006657
0.8988339
0.89169
0.9076449
0.8968841
0.9165148
0.9119599
0.8706555
0.9139294
0.9104606
0.9227745
0.9219316
0.9211146
0.9148365
0.9137949
0.9162727
0.9124677
0.9160942
0.9203207
0.9108767
0.9160192
0.9076312
0.9121301
0.9171614
0.8982584
0.8998196
0.9078843
0.9174525
0.9110463
0.9123235
0.8921345
0.8948701
0.9133159
0.8716156
0.868175
0.9148343
0.9136352
0.9036374
0.9299461
0.8766366
0.9090228
0.9051943
0.8802242
0.9082275
0.9109201
0.8772714
0.91549
0.9100021
0.9136783
0.9147709
0.9133872
0.9155385
0.9032724
0.9167457
0.8831653
0.9098495
0.9111724
0.9064197
0.9190117
0.878936
0.9073286
0.9027838
0.9153876
0.9047499
0.9051783
0.9063495
0.909476
0.9335357
0.9258686
0.9067942
0.9093443
0.903013
0.9071669
0.9133853
0.9006218
0.8995607
0.9131486
0.8714185
0.8702793
0.9038365
0.9129315
0.9066372
0.9136471
0.9064317
0.9031386
0.9200085
0.9192004
0.8868972
0.913028
0.909783
0.8962968
0.8743188
0.8839507
0.9109381
0.9156786
0.9124881
0.910287
0.9099416
0.9010235
0.9056163
0.8947467
0.8950552
0.8921298
0.9046423
0.8987067
0.9153029
0.9129271
0.8655569
0.913364
0.9093778
0.9212189
0.9197633
0.9209603
0.9151479
0.9134196
0.9152058
0.9127837
0.917462
0.9165521
0.9086498
0.9112005
0.9056138
0.9092445
0.920656
0.8998873
0.9043176
0.9123867
0.9168161
0.9153789
0.916781
0.8979577
0.9028738
0.9168546
0.8741199
0.8763995
0.9202075
0.9180818
0.9084248
0.9293406
0.8793231
0.9118744
0.9121737
0.8854667
0.9112292
0.9136491
0.8827804
0.9174927
0.9157575
0.9153144
0.9183552
0.9200056
0.9189704
0.9089247
0.9203552
0.8897472
0.9154326
0.9143775
0.9087586
0.9203048
0.8843247
0.9108936
0.9061941
0.9169803
0.9067824
0.9095562
0.9132086
0.9131446
0.932384
0.9294714
0.9074067
0.9129352
0.9087785
0.9109374
0.9182
0.9052806
0.9044439
0.9138701
0.8742206
0.8789903
0.9062992
0.9174125
0.910199
0.919352
0.9099353
0.9073377
0.9261049
0.9229427
0.8955165
0.9133539
0.9148161
0.9066695
0.8780488
0.8927262
0.9121116
0.9191544
0.9149647
0.9105795
0.9150133
0.9053034
0.9094967
0.9013827
0.9021844
0.896266
0.9090487
0.9059667
0.9173623
0.9135173
0.87198
0.9191394
0.9136018
0.9232626
0.9227639
0.9239829
0.9115985
0.9150361
0.9141104
0.9121481
0.9217636
0.9212712
0.9161866
0.9157671
0.9140223
0.9174299
0.9229019
0.9003003
0.9025393
0.9157402
0.9185363
0.9155699
0.9192264
0.8949063
0.8972741
0.9181966
0.874475
0.8739562
0.9212607
0.9209443
0.9083592
0.9328298
0.8767373
0.9105021
0.9102221
0.8851578
0.9091589
0.9135257
0.8802318
0.921164
0.9151809
0.9185109
0.9222238
0.9210343
0.9144532
0.9097247
0.921203
0.8898996
0.9149685
0.9171249
0.9090092
0.9213412
0.8843787
0.9128574
0.9089443
0.9169458
0.9112186
0.9129314
0.914553
0.9133732
0.9342083
0.9299571
0.91035
0.9133134
0.9054517
0.9135282
0.9176752
0.901997
0.8998262
0.91715
0.8720149
0.8744423
0.906738
0.9174179
0.9113058
0.9189852
0.909055
0.9079373
0.9259507
0.9215315
0.8912067
0.9134619
0.9160051
0.9053584
0.8753758
0.8905231
0.9130235
0.9180728
0.9149621
0.9125816
0.9142786
0.9100844
0.9096734
0.8973724
0.8975996
0.894151
0.9115977
0.9009536
0.9171019
0.9143904
0.8707699
0.9213016
0.9140997
0.9229473
0.9222563
0.9263821
0.9145846
0.9172431
0.9164813
0.9117115
0.9240356
0.9234089
0.9159969
0.9170746
0.9121976
0.9177837
0.9209277
0.8934486
0.8856344
0.9037166
0.9057821
0.9118531
0.9129542
0.8849482
0.8787867
0.9139653
0.8544041
0.8493623
0.918081
0.9155786
0.8951197
0.9305526
0.8661348
0.8936774
0.9038202
0.871873
0.8962648
0.9112921
0.86199
0.9204223
0.9030847
0.9182242
0.9136143
0.9164623
0.9033137
0.8980708
0.9086285
0.8674799
0.9139111
0.9130197
0.9074291
0.9138284
0.863317
0.896572
0.8988851
0.9126083
0.9013395
0.9004827
0.8998973
0.9016504
0.9317229
0.92939
0.9029621
0.9074986
0.9023494
0.9080678
0.9055839
0.8826416
0.8913753
0.906975
0.8532386
0.8522876
0.9004518
0.9069305
0.8960423
0.9125462
0.8946298
0.8963108
0.9201984
0.9158868
0.8701333
0.9090876
0.9129303
0.890941
0.8679009
0.881354
0.9004408
0.9125383
0.9104643
0.9053965
0.9061294
0.8979478
0.8977375
0.8830043
0.8855165
0.8913213
0.8945484
0.8835959
0.9128785
0.9123173
0.850308
0.9147461
0.912227
0.9260803
0.9198708
0.9242457
0.9124311
0.914611
0.9117827
0.912404
0.9192189
0.9217102
0.9041111
0.9147259
0.9115214
0.9073047
0.9189431
0.8861345
0.8858165
0.9025574
0.9058806
0.9095826
0.9086862
0.8867834
0.8780775
0.9150814
0.8484731
0.8444886
0.9193595
0.9131752
0.8935528
0.9318708
0.865801
0.894347
0.901273
0.8709945
0.8953915
0.9090909
0.858647
0.917567
0.9009391
0.9148712
0.9122687
0.9164444
0.9054523
0.899025
0.9058849
0.8681767
0.9112499
0.9156508
0.9043577
0.9176176
0.8579062
0.8942687
0.8944685
0.9098109
0.9011155
0.9007847
0.8974887
0.9005971
0.9332489
0.9284015
0.9009661
0.9045598
0.9035777
0.9063289
0.9049689
0.8827826
0.892443
0.9010159
0.8512531
0.8517217
0.8991356
0.9056037
0.8958571
0.9131121
0.895342
0.8920273
0.9219255
0.9109478
0.8677655
0.9077551
0.9131472
0.8876619
0.8598507
0.8735286
0.900379
0.9129459
0.9097294
0.9021281
0.9060691
0.8932006
0.8961015
0.8855664
0.8836768
0.8860051
0.8920709
0.8840282
0.9074227
0.909045
0.8436867
0.9176676
0.9077858
0.9228405
0.921248
0.9236151
0.9129213
0.9178092
0.9137229
0.9136385
0.9225367
0.9213849
0.9033347
0.9153743
0.9105139
0.9072843
0.8998617
0.8915922
0.8932886
0.9152899
0.8557071
0.8861231
0.8858604
0.8841362
0.8892919
0.8889808
0.9002197
0.8994726
0.9018797
0.8945751
0.908161
0.9086719
0.9028393
0.8465745
0.9105527
0.9151831
0.9067974
0.8895714
0.905387
0.8946105
0.8623867
0.8986011
0.8910188
0.9019808
0.9086987
0.8664568
0.8442864
0.9086782
0.8852744
0.8944268
0.9107117
0.8820395
0.9024443
0.838583
0.8711172
0.8871506
0.9130867
0.9133551
0.8504781
0.9158373
0.9082681
0.9094285
0.8909314
0.8801166
0.887917
0.886824
0.8522916
0.8911146
0.8991344
0.9156415
0.9030866
0.9054379
0.8840732
0.8533969
0.8523455
0.7962082
0.9119129
0.8664077
0.8911792
0.8714301
0.9140466
0.8875502
0.8921132
0.8922874
0.907183
0.911441
0.9129458
0.9161558
0.8931949
0.9164524
0.8867509
0.864175
0.8694708
0.8905361
0.8936592
0.8994329
0.8377264
0.8906482
0.8684125
0.8750226
0.8988541
0.8965896
0.8850608
0.8955938
0.8967945
0.8980914
0.9143418
0.9181103
0.9121099
0.9155339
0.8954568
0.8967988
0.8516256
0.8889851
0.8969656
0.9154739
0.9134236
0.8926155
0.8914797
0.9003415
0.9081541
0.9098967
0.9152199
0.8917567
0.8875936
0.9156785
0.8609607
0.8671447
0.9163727
0.9135626
0.9020552
0.9187551
0.7460549
0.902954
0.9003729
0.863914
0.8993854
0.9079958
0.8539117
0.9148131
0.9032956
0.9117689
0.9154001
0.9138879
0.9097835
0.8992259
0.9098264
0.86199
0.9129499
0.9101331
0.9079486
0.9127994
0.8525821
0.9012981
0.9021806
0.9135736
0.9004917
0.9004846
0.9032083
0.9044836
0.9259324
0.9231331
0.9048033
0.9058841
0.9061492
0.9054157
0.9112599
0.8916287
0.9025911
0.9021244
0.8660728
0.8665461
0.9036406
0.9109154
0.9009661
0.9179842
0.8943729
0.8978497
0.9160956
0.9196324
0.8709785
0.9111918
0.9086601
0.8944066
0.8622865
0.8672121
0.9039974
0.9168042
0.9095049
0.9023322
0.9102679
0.8986246
0.8953152
0.9030633
0.9033775
0.8965265
0.8997166
0.8906256
0.914516
0.9045233
0.858105
0.9120961
0.9035588
0.9169539
0.9160074
0.9212537
0.9171279
0.9154222
0.9158789
0.9164891
0.9135156
0.913841
0.9086916
0.9130186
0.9096039
0.9021275
0.9152909
0.891477
0.8904767
0.9003813
0.9078303
0.9100777
0.9149284
0.8904745
0.8858718
0.9153863
0.8615361
0.8678343
0.9154914
0.9136593
0.9016866
0.9220669
0.7460503
0.9017205
0.9000542
0.860985
0.8963582
0.9070396
0.8531546
0.9168001
0.9021841
0.9125722
0.9137259
0.9117232
0.9096545
0.8997886
0.9095796
0.8618337
0.9110992
0.9086603
0.9050071
0.9129741
0.8512622
0.8988242
0.9028135
0.9115213
0.900131
0.899122
0.8999855
0.904477
0.9260088
0.9236615
0.9031312
0.9049666
0.9070894
0.904774
0.9111664
0.8914783
0.9025466
0.8986857
0.8660812
0.8650166
0.9026827
0.9123711
0.9000108
0.9171193
0.8915058
0.8955578
0.9127793
0.9178479
0.8676651
0.9103154
0.9073157
0.8945739
0.8607963
0.8631775
0.9011542
0.9175399
0.9078488
0.8997427
0.9099409
0.8963227
0.8969576
0.9014921
0.903084
0.8959679
0.8972765
0.8908019
0.9146105
0.9051038
0.852501
0.9093779
0.9012004
0.9185033
0.9171791
0.919659
0.917717
0.9149403
0.9160871
0.9149261
0.913151
0.9147091
0.9097289
0.9094498
0.9089244
0.9038818
0.9175156
0.890354
0.888999
0.902548
0.9111745
0.9137734
0.912918
0.8908275
0.8879714
0.9168503
0.8578417
0.8662742
0.9193028
0.9151259
0.9031817
0.9249699
0.7471667
0.9038149
0.9013983
0.8645393
0.8965492
0.9062861
0.8541271
0.9181097
0.9056502
0.9158015
0.9143404
0.9156618
0.9062599
0.8991793
0.9070465
0.8596709
0.9135524
0.9100762
0.9070635
0.9183854
0.8529724
0.8978161
0.900657
0.9124195
0.8992824
0.8998762
0.9002971
0.905038
0.9293088
0.9239632
0.9061755
0.9086686
0.9072038
0.9064714
0.912209
0.8908971
0.9045715
0.9045683
0.8710816
0.871247
0.9072284
0.9114014
0.9036132
0.915972
0.8989991
0.8980455
0.9199233
0.9177336
0.869954
0.9101951
0.9063298
0.8955589
0.8635198
0.8693353
0.9009103
0.9163245
0.9080696
0.9022034
0.9095472
0.8998682
0.8963767
0.9016091
0.9018398
0.8958379
0.896023
0.8909124
0.9119969
0.9065054
0.8582288
0.912385
0.905178
0.9180055
0.9184485
0.9232804
0.9165662
0.9155532
0.9146229
0.912297
0.9159086
0.917748
0.9105025
0.9131928
0.9106432
0.9048329
0.9173633
0.8922278
0.8923821
0.9030923
0.9127971
0.9129921
0.9130683
0.8908745
0.8897936
0.916195
0.8625983
0.8674467
0.917479
0.915973
0.8987629
0.9236831
0.7453938
0.9047086
0.900941
0.8639157
0.8989979
0.9082843
0.8559988
0.918843
0.9031094
0.9138148
0.9126017
0.9120992
0.9121374
0.9010027
0.9095674
0.8651866
0.912652
0.9094759
0.9076053
0.9170856
0.8558354
0.9002723
0.901235
0.9106093
0.9026616
0.902376
0.9046862
0.907447
0.9293247
0.9223997
0.906241
0.9068449
0.9096
0.9066165
0.9126676
0.8915561
0.9048801
0.9057565
0.8696176
0.8693184
0.904367
0.9120151
0.901176
0.9170053
0.8966437
0.8986242
0.9190815
0.9199534
0.8695975
0.9103828
0.9119943
0.8980729
0.8650758
0.867086
0.9023925
0.9184525
0.9107112
0.9017071
0.9084408
0.8989988
0.8984745
0.9017128
0.9013644
0.8985486
0.8974835
0.8935983
0.9173251
0.905632
0.8590173
0.9138419
0.9056795
0.9173536
0.9165242
0.923745
0.9171043
0.9190333
0.916933
0.9144983
0.9158694
0.9170959
0.9107665
0.9102209
0.9118861
0.9064102
0.904023
0.8878601
0.8836435
0.9115646
0.8726215
0.8857081
0.888945
0.8805698
0.8955213
0.8828894
0.8985281
0.9017647
0.8951654
0.8890614
0.9080267
0.9026767
0.9054098
0.8662892
0.9086121
0.9092529
0.9019328
0.8835366
0.9031096
0.8913295
0.8510121
0.8902532
0.8892802
0.8954227
0.9104019
0.8188344
0.8767233
0.907381
0.8814309
0.8855521
0.9106715
0.883705
0.9040924
0.8609777
0.7698317
0.8864143
0.9017404
0.9050888
0.8715076
0.911998
0.906133
0.9087736
0.8845072
0.877566
0.8907086
0.8794579
0.8718614
0.882668
0.8948323
0.910142
0.8993432
0.9024029
0.8805363
0.8739778
0.8710426
0.8836111
0.9054384
0.8231797
0.8910748
0.8889769
0.9140241
0.8813225
0.8845231
0.8808534
0.9063377
0.9093601
0.9072885
0.9154272
0.8890886
0.9122059
0.8827707
0.8122527
0.8224991
0.8910083
0.8920241
0.9000865
0.8576926
0.8829491
0.8828702
0.8640791
0.9005878
0.8940345
0.8753693
0.8943624
0.8929022
0.8986943
0.9125587
0.9103747
0.9118084
0.9119175
0.8916649
0.8918004
0.8701479
0.8838895
0.889171
0.9127805
0.9191184
0.8970514
0.8890207
0.9163624
0.9157766
0.9123054
0.9146889
0.8862694
0.8811746
0.9142929
0.8943095
0.8933155
0.9199276
0.9162901
0.8975427
0.928243
0.9047602
0.9054152
0.9137446
0.9122001
0.9105841
0.9095731
0.9040669
0.9149802
0.906744
0.9117135
0.9176592
0.9231176
0.9044504
0.9030979
0.9160292
0.9080472
0.9119606
0.9150505
0.9070201
0.9143491
0.9063799
0.9065094
0.8999046
0.9132581
0.9127212
0.914377
0.9064285
0.9019006
0.9323736
0.9276137
0.9083133
0.9066132
0.8997684
0.9077383
0.9119822
0.8898667
0.8823529
0.9183077
0.8889552
0.8928452
0.9096493
0.912183
0.9020566
0.9156678
0.9070311
0.893429
0.9218235
0.9123179
0.9109619
0.9084003
0.9141622
0.895884
0.8940719
0.9087462
0.9130107
0.9118599
0.9129238
0.9157013
0.9023359
0.8976334
0.9047902
0.8770676
0.8765893
0.8864845
0.9060496
0.890378
0.9151818
0.9062207
0.8895318
0.9198425
0.9084736
0.9232743
0.9201819
0.9233947
0.9117065
0.9112019
0.9102342
0.9128919
0.9202184
0.9207069
0.9114329
0.9122274
0.9133514
0.9198812
0.9109217
0.9042826
0.9080589
0.9197324
0.7791406
0.8998763
0.8997675
0.903252
0.9096901
0.8947909
0.9191122
0.9198103
0.9055258
0.9016641
0.9248134
0.9067492
0.9224817
0.8335022
0.9177334
0.9280019
0.9151039
0.9025547
0.9192036
0.9004379
0.8803594
0.8997089
0.9005891
0.9047834
0.9189466
0.8851027
0.8585432
0.9218218
0.8931575
0.8960203
0.9208872
0.8918909
0.9200488
0.78843
0.8827812
0.8963586
0.9200657
0.9198029
0.8130613
0.9269224
0.9050723
0.9104308
0.8981514
0.8938826
0.9018891
0.895762
0.8358986
0.9075449
0.9140953
0.9228252
0.9168397
0.9174218
0.8942901
0.8381359
0.8361079
0.8623501
0.9181926
0.8830986
0.8902722
0.8592406
0.928704
0.8996561
0.8978725
0.9092141
0.9220099
0.9272263
0.9218297
0.922447
0.9033116
0.9240765
0.9000919
0.8852536
0.8891965
0.9072383
0.9105321
0.915177
0.7826223
0.9075198
0.8549891
0.8851748
0.9190339
0.9002483
0.8932268
0.9001092
0.8948675
0.9009396
0.9199516
0.9179853
0.9198244
0.9193331
0.9076955
0.8999753
0.8447143
0.8954831
0.9026414
0.9214053
0.9129801
0.9057418
0.9088861
0.9207705
0.785176
0.9024218
0.9021502
0.9043175
0.9103299
0.8970453
0.9192011
0.9199747
0.9085668
0.9041154
0.9244809
0.9081138
0.9233217
0.8377995
0.9191376
0.928601
0.9162122
0.9035859
0.919972
0.9019739
0.8821631
0.9005141
0.902805
0.9074202
0.9206912
0.8868237
0.8624882
0.9223941
0.895429
0.8977808
0.9218025
0.8941484
0.9201365
0.7936138
0.8847855
0.8989759
0.9213581
0.9210591
0.818289
0.927613
0.9072258
0.9123535
0.8998581
0.8960364
0.9023413
0.89693
0.8409604
0.9081824
0.9151997
0.9231013
0.9168542
0.917246
0.8965603
0.842582
0.8408981
0.8655617
0.9188482
0.8851059
0.8928686
0.86277
0.9290792
0.9024425
0.8991448
0.9101034
0.922247
0.9274972
0.9225097
0.9225314
0.9036282
0.925352
0.9023651
0.8871014
0.8910452
0.9073391
0.9111063
0.9153825
0.7869147
0.9081942
0.8594838
0.8869886
0.9193888
0.9029952
0.8946014
0.9025299
0.8972799
0.9037011
0.9203369
0.9195624
0.92021
0.919047
0.9093051
0.9015852
0.8495702
0.8967646
0.9039024
0.9220203
0.9093217
0.9099313
0.9070538
0.9177701
0.8406978
0.8993784
0.9004324
0.903177
0.9120821
0.8896591
0.921696
0.9226599
0.9018276
0.8972523
0.9250115
0.9052846
0.9209845
0.8004394
0.9199653
0.9209394
0.9197053
0.8960444
0.9204649
0.9023411
0.8782224
0.9033318
0.8957623
0.9019288
0.919258
0.8833616
0.8559915
0.9225067
0.8913206
0.9004694
0.9196578
0.8900679
0.9195754
0.8412302
0.882372
0.8966855
0.9188746
0.9197432
0.8485286
0.9273439
0.9130555
0.9086629
0.898435
0.8957867
0.9064299
0.8913525
0.8030384
0.9117668
0.9168332
0.916593
0.9222754
0.9212246
0.8957214
0.8167881
0.82591
0.8709515
0.9164715
0.8911285
0.8915967
0.8478668
0.9264954
0.898025
0.8955012
0.90754
0.923487
0.9228259
0.9232145
0.9229721
0.8990216
0.9203125
0.9038894
0.8922164
0.8896644
0.9154996
0.9187071
0.9180774
0.8399552
0.9113116
0.8460862
0.8869824
0.9209447
0.8962846
0.8869546
0.8989152
0.8922929
0.898274
0.9198551
0.9204561
0.9181966
0.9197224
0.8995633
0.8958664
0.8095781
0.8918005
0.9035724
0.919531
0.9192322
0.9110563
0.9174938
0.9089782
0.9195577
0.9153843
0.9157498
0.920162
0.9187467
0.9163464
0.9157437
0.9224887
0.9156242
0.9174413
0.9271416
0.9142579
0.9201371
0.9151593
0.9099574
0.9163451
0.9200262
0.9125467
0.9205238
0.9207144
0.9128152
0.915737
0.914876
0.914077
0.9045188
0.9151178
0.9220877
0.9213304
0.920658
0.9083574
0.9194549
0.9201127
0.9209851
0.915567
0.9149107
0.9183155
0.913144
0.9151191
0.9165392
0.9251182
0.921276
0.9180947
0.9131665
0.9150309
0.9212292
0.9101053
0.9180813
0.921233
0.9280124
0.9119022
0.9210885
0.9221843
0.9089985
0.9211394
0.918076
0.9281121
0.9100382
0.9158836
0.9126406
0.9208547
0.9255824
0.9136608
0.9132083
0.9168644
0.9263023
0.9171918
0.9180294
0.8840763
0.9092941
0.9108229
0.9207616
0.920379
0.9170176
0.9304413
0.9269313
0.9203226
0.9155896
0.9146209
0.9195575
0.9165863
0.9177482
0.9153259
0.9086686
0.9155242
0.9176792
0.9142184
0.890657
0.8941325
0.8873944
0.8921049
0.9184429
0.913958
0.9223511
0.9151245
0.9105234
0.9104199
0.9193875
0.8900108
0.8897051
0.9040945
0.9081067
0.9069801
0.9134219
0.8876202
0.8872659
0.9137653
0.8559471
0.8569788
0.9144825
0.9088521
0.8963027
0.9279446
0.8697231
0.8998797
0.9047878
0.8699236
0.9003304
0.9088966
0.8606162
0.9158121
0.9045326
0.9106768
0.9133398
0.9095048
0.9057107
0.8957658
0.9116206
0.8684773
0.9106111
0.9099371
0.9027067
0.9130093
0.8613412
0.8959417
0.8970319
0.9085428
0.9024524
0.9011202
0.8993724
0.9026598
0.9272229
0.9265387
0.8983237
0.9055061
0.9039746
0.9028761
0.9065713
0.8908358
0.8995958
0.9033401
0.8613397
0.8606564
0.9036088
0.90673
0.9001201
0.9200184
0.8978185
0.897706
0.9144931
0.914826
0.8749257
0.9085576
0.9089302
0.8875109
0.8688593
0.873073
0.9040072
0.9106496
0.9090909
0.9049642
0.9090122
0.8909597
0.896679
0.8920992
0.8941849
0.8916547
0.8955492
0.8909741
0.9138844
0.9095564
0.8542698
0.910362
0.9068022
0.9169137
0.9158457
0.9173863
0.9134075
0.912783
0.9111263
0.9112371
0.9198332
0.9150275
0.9058586
0.9082788
0.9077485
0.9066199
0.9050112
0.8986829
0.8930072
0.9188031
0.8190758
0.8965505
0.8935057
0.8924404
0.9000578
0.8893938
0.9134701
0.9097937
0.9001075
0.8954704
0.9127652
0.9094116
0.9095927
0.7410136
0.9163108
0.9175947
0.9152975
0.8908215
0.9133432
0.8971593
0.8693654
0.8943897
0.8927963
0.9020945
0.9153581
0.8762706
0.8453589
0.9169091
0.8838973
0.8896639
0.9114439
0.8903993
0.9126925
0.8079506
0.8712121
0.8946046
0.9143412
0.9144168
0.8248869
0.9214286
0.9116992
0.9108258
0.8929687
0.8829279
0.8945289
0.8888568
0.7635411
0.8931965
0.902352
0.9169689
0.9076188
0.9083823
0.8861651
0.7708432
0.7721107
0.8628721
0.9117533
0.8767018
0.8907879
0.8329712
0.920646
0.8881328
0.897477
0.8940922
0.9078198
0.9182718
0.9170236
0.9156834
0.8988661
0.916655
0.8896099
0.8793924
0.8812859
0.8938431
0.8947232
0.9030489
0.803334
0.8955459
0.8257149
0.8793419
0.906384
0.8963
0.8886801
0.8961694
0.8919267
0.8968944
0.9153098
0.9166898
0.9121794
0.9127439
0.8995219
0.8971721
0.7794106
0.8919064
0.9006328
0.9196168
0.9165064
0.8897785
0.8913092
0.9140087
0.9168005
0.9108076
0.911674
0.8930914
0.8947251
0.9101766
0.8690116
0.8614352
0.9173536
0.9166161
0.8989473
0.929547
0.8747129
0.9067005
0.9148623
0.8773771
0.9123815
0.9094957
0.8737609
0.9112903
0.9136631
0.9108803
0.9159757
0.9154905
0.9079321
0.9093851
0.9158146
0.8763271
0.906788
0.9112104
0.9158385
0.9176533
0.8765626
0.9072356
0.9091897
0.9117903
0.9130655
0.9143611
0.9103518
0.9084812
0.9287344
0.9283727
0.8998611
0.9023217
0.8983125
0.9074687
0.9104162
0.8892015
0.8884983
0.9180411
0.8609163
0.8642125
0.9040946
0.9132254
0.9039968
0.9132139
0.9094207
0.9035085
0.9200858
0.9122707
0.8813378
0.9052739
0.9121551
0.8932511
0.8660863
0.8966105
0.9157173
0.9080979
0.9145147
0.9156808
0.9036376
0.9057544
0.9112942
0.8774555
0.8794529
0.8864478
0.9063419
0.8933078
0.9110256
0.9127548
0.8626181
0.9140867
0.9099858
0.9210049
0.9198372
0.9198975
0.9052666
0.9101858
0.9089014
0.9058264
0.9165071
0.9170087
0.9096321
0.9129245
0.9114974
0.917932
0.908995
0.9155669
0.9160427
0.9069466
0.9041401
0.8950688
0.9013704
0.9114613
0.9272952
0.8932421
0.9288795
0.9321089
0.9006189
0.897062
0.9363273
0.0105345
0.9230334
0.9007639
0.9137803
0.9216861
0.9177146
0.899556
0.9261326
0.9038837
0.8893646
0.9009306
0.8995466
0.8953115
0.9180006
0.8932731
0.9006552
0.9294858
0.895719
0.891747
0.9270943
0.8852547
0.9271743
0.9058598
0.8979006
0.8970033
0.9140528
0.9149366
0.8993634
0.9265236
0.8391705
0.8985771
0.89877
0.9016194
0.9164339
0.8900109
0.9025926
0.917583
0.9342021
0.9064157
0.9280391
0.928411
0.9005727
0.9054192
0.909435
0.9118665
0.9142271
0.9020746
0.8891051
0.9095575
0.9339571
0.9006007
0.8971077
0.9144014
0.9356501
0.9216508
0.9240898
0.9256462
0.8896222
0.9122795
0.9068415
0.9032885
0.8979718
0.9362168
0.9334726
0.9329088
0.9064613
0.9150847
0.9020333
0.8997698
0.9292794
0.8962415
0.8858765
0.8932265
0.8910123
0.8918212
0.9228763
0.9204415
0.9183845
0.921093
0.9024227
0.8944379
0.9042151
0.8852892
0.8976801
0.907367
0.9039983
0.8944996
0.8894236
0.8920229
0.7491216
0.8884724
0.8937661
0.8835103
0.8889052
0.8865994
0.9046936
0.9067556
0.8933874
0.8901923
0.9083361
0.8979453
0.9049056
0.7940796
0.8977943
0.9062544
0.8961526
0.8828917
0.9028928
0.8991258
0.8584581
0.8961254
0.8865078
0.8909774
0.9096628
0.8557595
0.8326251
0.9101629
0.8882748
0.8891068
0.9045694
0.8832668
0.9025401
0.7442535
0.8592334
0.8835651
0.8969837
0.8992741
0.6856826
0.9107473
0.9054049
0.9033946
0.8859226
0.8840832
0.8985695
0.8793204
0.814887
0.892498
0.9087175
0.891642
0.9064864
0.9093636
0.8799037
0.8150866
0.8134165
0.864426
0.8970625
0.8697352
0.8842562
0.8517395
0.9124172
0.8888969
0.8889809
0.8928584
0.9100827
0.8995035
0.8991292
0.9172951
0.8861152
0.9019272
0.8937986
0.8627173
0.8620014
0.9086524
0.9065869
0.9054994
0.7379291
0.8857547
0.8423731
0.8732093
0.9029958
0.8901631
0.87982
0.8901048
0.8864686
0.8936589
0.9164073
0.9134384
0.9168066
0.9145221
0.8941039
0.886859
0.8190817
0.8797105
0.8878616
0.8970424
0.907696
0.6700625
0.8553782
0.8978363
0.9009225
0.8919555
0.8942351
0.8262925
0.8910085
0.8960558
0.8923017
0.8999859
0.9038724
0.89593
0.9113222
0.9073727
0.8952361
0.8927455
0.8974386
0.9038455
0.8999443
0.8902413
0.9037654
0.8982028
0.8870218
0.8969293
0.8970685
0.8939981
0.9032401
0.885271
0.9025705
0.9046808
0.8948809
0.8906366
0.904712
0.9011586
0.9023845
0.892201
0.8878038
0.8959792
0.8948166
0.8957416
0.8955894
0.905131
0.9104687
0.9110983
0.8861486
0.8921727
0.8985813
0.8821749
0.9005125
0.8514147
0.8995059
0.8982648
0.9027417
0.9029654
0.8821815
0.90389
0.8988588
0.905456
0.8948573
0.891073
0.8973857
0.9064793
0.9103541
0.8941673
0.8883921
0.8616485
0.9044885
0.9034147
0.9032805
0.9116277
0.892414
0.9033539
0.8968964
0.888002
0.8907813
0.9005613
0.9036432
0.8986702
0.888728
0.8509401
0.9064997
0.8969047
0.8957972
0.8982272
0.8842963
0.8967692
0.8960553
0.9060104
0.9088938
0.9080085
0.9090596
0.9078875
0.9024743
0.8972529
0.9024449
0.8922433
0.8950985
0.8996515
0.9032988
0.8939326
0.8903773
0.9110319
0.8905599
0.8944207
0.8926934
0.8912018
0.9029763
0.8827972
0.9062555
0.9056584
0.8949506
0.8933155
0.9097785
0.9052809
0.9059639
0.8812959
0.912091
0.9127211
0.9067992
0.8905805
0.9050624
0.8943632
0.8779282
0.8897399
0.8951002
0.8938982
0.9106532
0.8752807
0.8879749
0.9120741
0.8818074
0.8855266
0.9150311
0.8865564
0.9075489
0.8788706
0.8778758
0.8965603
0.906383
0.9066479
0.8838182
0.9151265
0.903967
0.9093925
0.8845025
0.883646
0.8958992
0.8807221
0.8870192
0.8904799
0.9042396
0.9107155
0.9065536
0.909657
0.8828567
0.8853104
0.8829935
0.8957678
0.906565
0.8785879
0.8960296
0.8960547
0.9141689
0.8896203
0.889425
0.8915692
0.9089854
0.9124113
0.9114652
0.9159868
0.8868841
0.9102618
0.8895788
0.8770281
0.880975
0.9041186
0.9017423
0.9034986
0.874991
0.8888334
0.8948472
0.8782206
0.9038148
0.8939617
0.8817792
0.8945552
0.8933983
0.8947702
0.9105466
0.9128802
0.9132766
0.9099521
0.8926083
0.8906747
0.8868098
0.8795354
0.891518
0.9120362
0.899416
0.8989256
0.9011146
0.90871
0.8999149
0.8856556
0.8861555
0.8987197
0.9148397
0.8790171
0.9149358
0.9206546
0.888183
0.8828998
0.9288985
0.8949536
0.9180415
0.8994473
0.9161288
0.9165408
0.9149995
0.8908973
0.9187846
0.8914345
0.8874506
0.8846572
0.8860628
0.8855974
0.9172321
0.8907855
0.8974768
0.9211235
0.8749635
0.8793904
0.9220743
0.8882141
0.918917
0.8980803
0.8913341
0.8829559
0.9122304
0.9116886
0.8988327
0.9200559
0.8976996
0.8984438
0.8819919
0.8754428
0.9048994
0.8689797
0.9024494
0.9021074
0.917653
0.9081471
0.9197328
0.9176392
0.8854661
0.9029126
0.9040542
0.904787
0.9095907
0.8934246
0.8824785
0.9061005
0.924264
0.8836931
0.8854043
0.8976525
0.9197109
0.920088
0.9200473
0.9160648
0.8834586
0.9088432
0.8860819
0.8956481
0.8991966
0.9216305
0.9196695
0.9175178
0.8958819
0.8998963
0.8974332
0.8920362
0.9178068
0.8880541
0.8742801
0.8792567
0.8811065
0.8844452
0.9167161
0.914435
0.9127129
0.9144187
0.8859568
0.8804634
0.8977341
0.8733392
0.8905306
0.9090423
0.9013429
0.8988562
0.9010563
0.8999383
0.9065533
0.8773244
0.8780284
0.9013666
0.9096125
0.8754746
0.9143754
0.917629
0.8797866
0.8805867
0.9236565
0.9033134
0.9145235
0.8952199
0.9112395
0.9119191
0.9072425
0.8780631
0.9124652
0.8966124
0.8896427
0.8850315
0.8740501
0.8833751
0.9103963
0.8798707
0.8941668
0.9182097
0.8734712
0.8831459
0.9202265
0.8921821
0.9137809
0.8985986
0.8893687
0.8781159
0.906901
0.9071316
0.8982868
0.9156897
0.9020316
0.8954587
0.883087
0.8788578
0.8996145
0.8742312
0.8984506
0.8990041
0.9200332
0.9013014
0.9159652
0.9175973
0.8733809
0.9005621
0.9026429
0.9057163
0.9037151
0.8921174
0.8752746
0.9066124
0.921357
0.8845902
0.8813621
0.8982021
0.9226226
0.9109656
0.9095277
0.9190575
0.8717634
0.906611
0.8893988
0.8944725
0.8920779
0.9218471
0.9212575
0.9143994
0.8968671
0.89769
0.9009449
0.8913713
0.9151749
0.8828015
0.8767577
0.8767033
0.8802402
0.8803223
0.9183774
0.9159323
0.9156622
0.919113
0.8869304
0.8791061
0.9021592
0.883814
0.8849284
0.9029735
0.8902378
0.89189
0.8880035
0.9050926
0.8947859
0.8730409
0.8778267
0.8883736
0.9036241
0.8565484
0.9089963
0.9104751
0.8771865
0.8688771
0.9212193
0.8953949
0.9095676
0.8848727
0.9054868
0.9120665
0.9033362
0.8764181
0.9072719
0.8833557
0.8763022
0.8310398
0.8708853
0.8777077
0.9066503
0.8784321
0.8892961
0.9189714
0.8615848
0.8661505
0.9108515
0.8848054
0.9144307
0.8932856
0.877766
0.8677174
0.8975285
0.9009765
0.8922143
0.9124955
0.8990516
0.8866361
0.871138
0.8618881
0.8893014
0.855628
0.8934608
0.8940323
0.9126464
0.9022431
0.9137512
0.9110443
0.8714676
0.8944033
0.8942477
0.8998757
0.9035825
0.8862284
0.8684754
0.8962487
0.9196908
0.8713185
0.8718372
0.8893748
0.9121904
0.9164218
0.9083991
0.9158986
0.8691832
0.9038606
0.8769017
0.8825652
0.8828772
0.9096989
0.9102133
0.9017443
0.8932162
0.8914321
0.8963543
0.8843491
0.9071192
0.8699516
0.8333461
0.8644474
0.8661626
0.8726681
0.9123506
0.907555
0.9087884
0.906731
0.8789006
0.8683679
0.8949553
0.8465849
0.8744172
0.9033933
0.9013434
0.8957122
0.8897774
0.899196
0.8021567
0.8850281
0.8880023
0.8859005
0.8937446
0.8848448
0.9006988
0.904917
0.8891584
0.8885947
0.9104537
0.8997473
0.9042081
0.6384168
0.9036861
0.9080728
0.8974131
0.8862587
0.9034571
0.8964129
0.8536035
0.8952214
0.8877442
0.890181
0.9118358
0.8536367
0.8274215
0.9118755
0.8855876
0.8886598
0.9091264
0.8774166
0.9048955
0.7735377
0.859483
0.8830976
0.9017488
0.9007612
0.8010938
0.9134346
0.9093827
0.9081128
0.8804719
0.8839783
0.8970646
0.8823657
0.6806114
0.8926385
0.9074436
0.8995158
0.9097576
0.9095079
0.8784309
0.7058603
0.694332
0.8606746
0.8972615
0.8708494
0.8801548
0.8303863
0.9178966
0.8847196
0.8838131
0.8916205
0.9114988
0.9010811
0.9021919
0.9208954
0.8840146
0.90144
0.8931418
0.8633748
0.8577452
0.9040642
0.9050179
0.9100368
0.7683837
0.890337
0.8205805
0.8707833
0.9068529
0.8845359
0.8756354
0.8863156
0.8834672
0.8920181
0.9181388
0.9157873
0.9136618
0.9149449
0.891533
0.8849065
0.7671878
0.8786077
0.8946992
0.9015865
0.9207883
0.9005815
0.8968274
0.9130623
0.9166784
0.912196
0.9121591
0.895447
0.8925486
0.9126124
0.8626944
0.8601227
0.9193807
0.9141232
0.9011316
0.9279807
0.8708583
0.9071429
0.9102487
0.8779629
0.9085286
0.9050522
0.87311
0.9169346
0.9034461
0.9133578
0.9193938
0.9175028
0.9086931
0.9033038
0.913682
0.8793975
0.913828
0.9145061
0.9127435
0.9178241
0.8757551
0.9068503
0.9056874
0.9130543
0.9080019
0.9076454
0.9088768
0.9061115
0.9323046
0.9294626
0.9081151
0.9114732
0.9020555
0.9071577
0.9140251
0.8960261
0.9041232
0.9131376
0.865121
0.8646161
0.9105186
0.9133808
0.9025544
0.9170607
0.9050869
0.9036834
0.9188903
0.9211171
0.886813
0.9142532
0.9110124
0.9001387
0.8712651
0.883659
0.9088814
0.9144941
0.9156732
0.9105488
0.9133333
0.9018527
0.9025264
0.8988743
0.8977818
0.8927689
0.9042015
0.8968274
0.9149495
0.905982
0.8618485
0.9178346
0.9094461
0.9216979
0.9206249
0.923252
0.913375
0.9120318
0.9117793
0.9078321
0.9202426
0.9192058
0.9126447
0.9150505
0.9111744
0.9116993
0.9201039
0.8932229
0.8993235
0.9068519
0.9144069
0.913836
0.9158274
0.892422
0.8938245
0.9165134
0.860669
0.8662212
0.9207995
0.9133362
0.8993803
0.9269768
0.87343
0.9054635
0.90133
0.8727602
0.9018068
0.9100275
0.8705606
0.9218866
0.9091492
0.9147328
0.9161565
0.9144228
0.9111469
0.9010758
0.9140851
0.8790918
0.9148142
0.9114892
0.9053493
0.9220966
0.8700137
0.9057565
0.9013459
0.9103456
0.9049782
0.903985
0.9052061
0.906516
0.9335821
0.9238977
0.9091007
0.9126539
0.9012948
0.906613
0.9137006
0.9001268
0.9041621
0.9051608
0.8623791
0.8673676
0.9046934
0.9127851
0.9047517
0.9178097
0.9025191
0.8989925
0.917505
0.91903
0.8839719
0.9125317
0.911414
0.8977309
0.8763349
0.8793283
0.9051949
0.9121183
0.9116078
0.9068134
0.9151646
0.9014868
0.9024006
0.8934263
0.8936098
0.8949549
0.9042002
0.8976486
0.9172537
0.9108974
0.8594252
0.9154321
0.9112171
0.9214321
0.9172621
0.9206416
0.9094202
0.9119712
0.9116406
0.9095463
0.9209929
0.9190855
0.9115461
0.9149193
0.9145184
0.9048653
0.9208852
0.8980665
0.8985894
0.9120768
0.91537
0.9090941
0.9133427
0.8964536
0.8989925
0.9167812
0.8701893
0.8671227
0.9133777
0.9148801
0.9050353
0.9227522
0.8771287
0.9110266
0.9088095
0.8755647
0.9077503
0.9053672
0.8770979
0.9194395
0.9110315
0.9136588
0.9138349
0.91181
0.9112793
0.9066944
0.9128322
0.8825784
0.9115796
0.9109616
0.9059783
0.9204585
0.8755014
0.9105089
0.9067063
0.9091982
0.9085082
0.9094423
0.9123623
0.9120407
0.930838
0.9251315
0.906628
0.9105749
0.906315
0.9057849
0.9156186
0.9000253
0.906734
0.9110501
0.8718807
0.8735909
0.907827
0.9140232
0.9119035
0.9151889
0.9039083
0.9000072
0.9181513
0.9170117
0.8882053
0.9120817
0.9104658
0.8989719
0.8808612
0.8892281
0.910576
0.9111064
0.9071467
0.9086403
0.9125549
0.9004243
0.9107648
0.9016729
0.9024336
0.8929854
0.907844
0.8997405
0.9160401
0.9077608
0.8669658
0.9128117
0.9097938
0.9161354
0.9169928
0.919416
0.9094834
0.9116426
0.91004
0.9070164
0.9173998
0.9153456
0.9134416
0.915655
0.9137558
0.912589
0.9227346
0.9010069
0.9016761
0.8917795
0.9155741
0.91246
0.9156145
0.8979025
0.8988562
0.9141489
0.8792177
0.8807105
0.9169201
0.9128507
0.9086517
0.9245416
0.8748044
0.9062982
0.8942986
0.8729994
0.8981391
0.906479
0.8700432
0.9216413
0.9048267
0.91316
0.9125366
0.9127627
0.9175315
0.9006454
0.9140244
0.8870638
0.9150238
0.907659
0.9037377
0.9171096
0.8708397
0.9064743
0.9005998
0.9102031
0.8941789
0.8958591
0.9050594
0.9069289
0.9305406
0.9226538
0.9057398
0.9118141
0.9107252
0.9053246
0.9115242
0.9035138
0.9146132
0.8966467
0.8863904
0.8865702
0.9013032
0.913185
0.9066438
0.9216886
0.8928519
0.9019856
0.9137502
0.9230257
0.8867705
0.9117311
0.9076159
0.9014682
0.888738
0.8707388
0.9013247
0.924805
0.9027449
0.8990464
0.915451
0.9015749
0.9014426
0.9162667
0.9127679
0.903731
0.9046043
0.8982136
0.9189776
0.9071609
0.8717287
0.9125841
0.903557
0.9131144
0.9132026
0.9184537
0.9228286
0.9207872
0.9206165
0.9154586
0.9170027
0.9190285
0.9182653
0.9084925
0.9079291
0.8953191
0.920557
0.9031886
0.9037815
0.8258551
0.9140732
0.9050885
0.9108998
0.9000071
0.8945275
0.9147164
0.9005115
0.9110189
0.9085287
0.9087893
0.9082992
0.9143139
0.9045907
0.8994385
0.825966
0.8960083
0.8459785
0.9059171
0.9033241
0.9246198
0.8918026
0.909456
0.9061861
0.9039986
0.9096664
0.8889373
0.9079804
0.9101283
0.9130558
0.9077104
0.9018165
0.9132871
0.8990352
0.9028665
0.8977518
0.9051311
0.8429624
0.8436284
0.8961743
0.9047966
0.927855
0.9140852
0.9025603
0.9127926
0.9182534
0.9064117
0.913106
0.9066576
0.9277186
0.8336156
0.9154388
0.9136378
0.8988486
0.9118525
0.9077888
0.9266457
0.8333777
0.9037374
0.9049447
0.9224593
0.913648
0.9126327
0.9044844
0.8999399
0.915581
0.8922274
0.8554841
0.9214855
0.8903135
0.8416908
0.9240679
0.8981843
0.8906933
0.9317223
0.9293364
0.9123367
0.9006442
0.9033504
0.9218517
0.9059835
0.9030735
0.9042508
0.898751
0.9109741
0.9097109
0.9119054
0.9246214
0.9177953
0.9258411
0.9164682
0.9063652
0.9104903
0.9152347
0.9020335
0.9058811
0.8357748
0.8852809
0.8899854
0.8844773
0.9121561
0.895977
0.8762762
0.8703792
0.8879069
0.902415
0.8533777
0.9098691
0.9067076
0.8827106
0.8788664
0.9161829
0.8992181
0.9043274
0.8858955
0.9109774
0.9152548
0.9115789
0.8748617
0.9095903
0.8725003
0.8794031
0.8307179
0.8772984
0.8826198
0.9061907
0.8739664
0.8883958
0.9198939
0.8547643
0.8606868
0.9163069
0.8781127
0.914304
0.8883628
0.8727253
0.8766936
0.9068129
0.9066513
0.8924466
0.9169389
0.8972977
0.8884336
0.8712222
0.8590885
0.875356
0.8547562
0.8921029
0.888161
0.9048722
0.9136431
0.9039012
0.9079213
0.8691249
0.8905754
0.8892681
0.8961573
0.9058198
0.8751988
0.872886
0.894113
0.9181728
0.8626114
0.8737907
0.8888769
0.90806
0.9179745
0.9146893
0.9158931
0.8733884
0.9133329
0.870289
0.8812826
0.8807497
0.8959561
0.8971356
0.8956307
0.8865039
0.8848449
0.8891842
0.8751551
0.9105096
0.8753319
0.8335253
0.8691936
0.8605801
0.8687709
0.9067634
0.9081005
0.905298
0.9034549
0.8797798
0.8635018
0.884706
0.8441873
0.8746363
0.9129421
0.9009421
0.894861
0.891441
0.9010048
0.7567828
0.8897649
0.893382
0.8894375
0.8933367
0.8908863
0.9046253
0.9105566
0.8932788
0.8955128
0.9059264
0.9067992
0.9070351
0.7994621
0.9041899
0.90863
0.8999751
0.8883585
0.906509
0.9041412
0.8558088
0.8941096
0.8918408
0.8945173
0.9102404
0.8593575
0.8381049
0.9101338
0.885348
0.8918948
0.9052846
0.884603
0.9051319
0.7146916
0.8699507
0.8912069
0.9020135
0.9003913
0.7694675
0.9134331
0.9109673
0.9103986
0.8893589
0.8864007
0.8975899
0.8850767
0.8125048
0.8953862
0.9065015
0.9014885
0.9067709
0.9093733
0.8810998
0.8218153
0.8123869
0.8677048
0.9013393
0.8655241
0.888332
0.8572533
0.9161666
0.8897513
0.8928994
0.8911734
0.912109
0.9061735
0.9037373
0.9175283
0.8893052
0.90362
0.8950385
0.8662849
0.8638141
0.9030897
0.9040077
0.9077312
0.7042907
0.8927206
0.852366
0.8733865
0.9039928
0.8965407
0.8846476
0.8921038
0.8948499
0.897414
0.9175895
0.9168901
0.9173077
0.9166958
0.8947033
0.8929619
0.8266954
0.8840259
0.8884357
0.9042152
0.9220476
0.9005431
0.9015762
0.8985943
0.9127752
0.9116765
0.9095591
0.9026518
0.9037693
0.9153294
0.912692
0.9165847
0.9154313
0.9105485
0.9157333
0.9159161
0.9097649
0.9068284
0.9012845
0.9116877
0.9057462
0.9115168
0.9107714
0.9174954
0.9044298
0.9122451
0.9122843
0.9062327
0.8760573
0.9040277
0.912237
0.9144519
0.913733
0.9065434
0.9106434
0.9148547
0.9095594
0.9086481
0.906361
0.9115637
0.9028426
0.9038835
0.9040788
0.9106613
0.9215317
0.9208804
0.9042418
0.913209
0.9204008
0.9027483
0.9129126
0.9063139
0.9175537
0.8990681
0.9154024
0.9142356
0.9034964
0.9126173
0.9118508
0.922169
0.8997273
0.9083682
0.9120312
0.9164597
0.9190805
0.9123677
0.9122593
0.9029045
0.9213992
0.9118636
0.9052988
0.8991524
0.9059697
0.897484
0.9171665
0.9064957
0.9064499
0.9194315
0.9196255
0.9138251
0.9081694
0.8991251
0.9180356
0.9077431
0.9105226
0.9102653
0.9039203
0.9169462
0.9172641
0.9171792
0.8991402
0.9024152
0.8969424
0.896508
0.9173642
0.9166955
0.9147142
0.9093929
0.911281
0.9030359
0.9152449
0.9054549
0.9048203
0.9095966
0.9159364
0.9092867
0.9109191
0.9020047
0.9072581
0.9115115
0.9118028
0.9141218
0.9115703
0.9117881
0.9151254
0.9172307
0.9116009
0.9109468
0.9121835
0.9149187
0.911374
0.907368
0.9118325
0.9097911
0.911555
0.9132157
0.9123844
0.9107827
0.8918534
0.9066391
0.916401
0.9191062
0.9081124
0.9080206
0.908811
0.9156837
0.9151208
0.9101757
0.9085961
0.9100743
0.9097069
0.9116816
0.910096
0.9135553
0.9216874
0.9209657
0.9023158
0.9070815
0.9072641
0.902445
0.9137937
0.9065283
0.9046016
0.9121189
0.9141589
0.9131498
0.9066387
0.9163721
0.9130841
0.9149774
0.908856
0.9078441
0.9141276
0.9146744
0.9242792
0.9086031
0.912887
0.8995937
0.9110365
0.9186998
0.9135467
0.8998619
0.9050458
0.9101342
0.9111958
0.9075559
0.912383
0.9064287
0.9047498
0.9078037
0.909588
0.9051271
0.9145115
0.9094513
0.9133434
0.9136969
0.9084068
0.9116692
0.9129187
0.9181425
0.8934909
0.8944539
0.8934976
0.8971668
0.9112331
0.9141204
0.913045
0.9074983
0.9080148
0.9096899
0.9162036
0.906606
0.9072223
0.9159608
0.9188633
0.9112814
0.9127135
0.9031074
0.910985
0.9125553
0.9157374
0.9154787
0.9148625
0.9132804
0.9210313
0.9202053
0.9138751
0.9161685
0.9139428
0.9187651
0.9176556
0.911462
0.9168896
0.914415
0.9135017
0.9112774
0.9144651
0.913969
0.8867819
0.9102604
0.9185796
0.9199917
0.910759
0.9086229
0.9219679
0.9177534
0.9147733
0.9152613
0.9141181
0.9107492
0.9111809
0.9109125
0.9124688
0.9190658
0.9210553
0.9200837
0.9026136
0.9099269
0.9089733
0.9020876
0.9183953
0.9077058
0.9117626
0.9155083
0.9148706
0.9147711
0.909715
0.9166238
0.9146531
0.9170085
0.9115075
0.9114908
0.9159934
0.9143672
0.9254109
0.9096574
0.914718
0.9074387
0.917802
0.9257137
0.9193449
0.9003071
0.9097934
0.91473
0.9132962
0.9122911
0.913487
0.9092222
0.911455
0.9104608
0.9135143
0.908062
0.915838
0.9154239
0.9121534
0.9156927
0.9069816
0.9163026
0.9141486
0.9171677
0.8995396
0.8961768
0.8990502
0.894759
0.9165017
0.9135875
0.9182108
0.91328
0.9087271
0.9161382
0.9183134
0.8990028
0.8966058
0.9002105
0.9174379
0.9113474
0.9165364
0.8976036
0.8964983
0.9116604
0.9080511
0.9091349
0.914896
0.9159511
0.9049113
0.9196006
0.9048952
0.9032103
0.8982856
0.9038689
0.905389
0.9117788
0.9045176
0.9234309
0.9008023
0.9133039
0.9142785
0.9116361
0.8922524
0.8957271
0.9130071
0.9121145
0.9132715
0.9011641
0.9056849
0.9126799
0.9031301
0.9104489
0.9048995
0.9126303
0.900775
0.8994962
0.9037544
0.9029542
0.9238003
0.9186362
0.906883
0.9084268
0.9107993
0.9017406
0.9130846
0.8974301
0.9110382
0.9015394
0.9087732
0.9059546
0.9043597
0.9146315
0.9088503
0.9197001
0.8980635
0.8991007
0.9134732
0.9234455
0.9179159
0.907417
0.9119607
0.8966647
0.9153336
0.9071429
0.9090045
0.9050575
0.9018219
0.9072701
0.9153824
0.9037621
0.901368
0.9093762
0.9085716
0.9036019
0.9072919
0.8959874
0.9176462
0.9074514
0.9054089
0.9128671
0.9043194
0.9139295
0.9128702
0.9182363
0.904022
0.8999523
0.903431
0.9026168
0.9121536
0.9122391
0.9142286
0.9067315
0.9106907
0.9006021
0.9160216
0.8940783
0.8905138
0.9154289
0.9158558
0.9089636
0.9077197
0.8978133
0.8948564
0.9085447
0.905324
0.9030834
0.9115316
0.9121678
0.9076785
0.9224084
0.9144748
0.9085364
0.9097523
0.9138828
0.908481
0.910745
0.9110298
0.9106151
0.9119339
0.9115131
0.9113345
0.916118
0.8445279
0.9091839
0.9174458
0.9143346
0.9069735
0.9073374
0.9113995
0.9138003
0.913401
0.9115763
0.9067286
0.9120135
0.9092701
0.9082287
0.9090144
0.9108851
0.9229426
0.9208873
0.9013905
0.9053525
0.9030133
0.9055905
0.9125295
0.8910146
0.8887465
0.9178812
0.9006667
0.9030447
0.9024666
0.908255
0.9065745
0.9147402
0.9081051
0.904804
0.9152802
0.91511
0.9169095
0.9066995
0.9121002
0.8925666
0.9020179
0.9211849
0.9127687
0.8950475
0.9116431
0.9127517
0.9029171
0.9039508
0.9108378
0.8894528
0.8874443
0.8961085
0.9101845
0.8933628
0.9131845
0.9118534
0.9097795
0.9139744
0.9035492
0.9164588
0.9158736
0.9146633
0.888167
0.8920252
0.8877359
0.8860651
0.916807
0.9134225
0.9129048
0.9067383
0.9066067
0.9186482
0.9238394
0.9019359
0.9030181
0.8965442
0.9159915
0.9143161
0.9163759
0.8982691
0.8971703
0.9154159
0.8797387
0.8866988
0.9167588
0.9151196
0.9075535
0.9236426
0.872707
0.9048352
0.8973833
0.8755699
0.9005944
0.9042664
0.8793396
0.9255897
0.9052463
0.9152892
0.9162835
0.9142877
0.9171848
0.902314
0.9166959
0.8904974
0.9156767
0.9137303
0.9061354
0.9148173
0.8772853
0.9052447
0.9006017
0.912084
0.8985602
0.8994684
0.9056361
0.9039844
0.9320465
0.9240415
0.9067068
0.9130234
0.9146972
0.9089184
0.9115332
0.9066207
0.9198421
0.8935811
0.8882325
0.8860825
0.9039856
0.9125754
0.9071742
0.9218941
0.8947235
0.9024188
0.9170556
0.9253669
0.8874588
0.9151399
0.9088029
0.9000996
0.8915328
0.8744544
0.9003037
0.9188334
0.9066639
0.9023733
0.9199591
0.9072805
0.9012811
0.9192453
0.9181317
0.9004402
0.9037688
0.9025444
0.9229137
0.9083805
0.8723642
0.9113666
0.9068598
0.9153434
0.9149365
0.9210609
0.9205008
0.9185416
0.9199551
0.9146526
0.9189236
0.9176081
0.9172288
0.9106863
0.9117166
0.8986643
0.8865322
0.899475
0.9007724
0.9069634
0.8943579
0.8490292
0.8540796
0.8973919
0.9131897
0.8084681
0.9215341
0.9191104
0.8586665
0.8464259
0.925951
0.889069
0.9185993
0.8879916
0.9087182
0.9149977
0.9120056
0.8591283
0.9149027
0.8769762
0.875191
0.8613312
0.8528035
0.8578826
0.9127185
0.8778782
0.8873461
0.9235953
0.8092939
0.8524025
0.9185624
0.8800504
0.9171506
0.8887486
0.8807306
0.8517161
0.9051866
0.9069759
0.8890811
0.9213938
0.889621
0.8764366
0.8758222
0.8386914
0.891225
0.8448146
0.8898771
0.9050594
0.9257949
0.905606
0.9209764
0.9215147
0.8576202
0.890223
0.8963114
0.9002788
0.9104965
0.8860015
0.8376313
0.9025605
0.9236899
0.8547206
0.8599941
0.8992193
0.923342
0.9161083
0.9172804
0.9247102
0.8440459
0.9124788
0.8633353
0.8871638
0.8808062
0.927188
0.9267287
0.9214158
0.8883954
0.900025
0.8949828
0.8815685
0.9200878
0.854805
0.8469752
0.8309625
0.8237353
0.8384232
0.9231276
0.9211082
0.9183061
0.9186399
0.8522535
0.8106656
0.8886345
0.843035
0.8649763
0.907539
0.9174231
0.8955952
0.8976326
0.9031963
0.9152602
0.9126772
0.914877
0.8915395
0.8820235
0.9128623
0.8540606
0.8555619
0.9189741
0.9168055
0.9000222
0.9267638
0.8422206
0.9031874
0.9043713
0.8548557
0.9013714
0.903601
0.8494157
0.9220347
0.9083554
0.9127957
0.9145979
0.9174347
0.9086107
0.8990311
0.9136673
0.8612849
0.914202
0.9122295
0.904648
0.9176047
0.8449385
0.9041521
0.9032106
0.9146717
0.9018107
0.9017245
0.9031641
0.9022884
0.9325094
0.9302398
0.9037259
0.9087444
0.9045534
0.9068274
0.9101124
0.8959033
0.9012048
0.9058927
0.8522978
0.8581866
0.9060066
0.9116654
0.9013637
0.9200337
0.8992916
0.8983001
0.920784
0.9174114
0.862767
0.9106592
0.9081724
0.894663
0.8594689
0.8661474
0.9035195
0.9182817
0.9104157
0.9104371
0.910713
0.8993566
0.9040955
0.8921364
0.892152
0.8957749
0.9023067
0.896067
0.9173467
0.9105431
0.8462246
0.9134517
0.9095236
0.9227949
0.9217579
0.9239379
0.9144377
0.9141989
0.9116757
0.9096905
0.9174957
0.9195674
0.9096053
0.9133386
0.9095049
0.907296
0.8922885
0.9000874
0.8986431
0.8944638
0.9002728
0.8731496
0.8798079
0.9008044
0.908611
0.8685854
0.9102299
0.9185581
0.8825933
0.8760648
0.9225551
0.8940105
0.9133542
0.8905941
0.8989096
0.9095762
0.9078502
0.876955
0.9108436
0.8977649
0.8789537
0.8864006
0.8752889
0.8744388
0.9135333
0.880756
0.8936026
0.9163915
0.8718043
0.8761545
0.9101339
0.8851155
0.9121617
0.8920677
0.8814317
0.8699857
0.8939427
0.8977452
0.8908025
0.9199455
0.9068227
0.894469
0.8795181
0.8779919
0.8981488
0.8694053
0.8996993
0.9049743
0.9260423
0.8926815
0.9177112
0.9190592
0.8717112
0.8959821
0.8980814
0.912091
0.8986997
0.8914354
0.8548608
0.9090622
0.920781
0.8831757
0.8774821
0.8976598
0.9191449
0.9068673
0.9121049
0.9198774
0.868284
0.9002889
0.8856885
0.8882218
0.8852242
0.9267006
0.9255412
0.9162259
0.8917188
0.9001001
0.9017056
0.886895
0.9121838
0.8732186
0.8652147
0.8724998
0.8753816
0.8782411
0.9190601
0.9148566
0.916591
0.9151458
0.874973
0.868012
0.896646
0.8731839
0.8722549
0.898449
0.9261529
0.9146614
0.9202592
0.9062113
0.9210461
0.9185947
0.919299
0.9135926
0.9012835
0.9230715
0.9203448
0.9261003
0.9191008
0.9179289
0.919189
0.9237708
0.9165438
0.9137371
0.909839
0.9124325
0.9146675
0.915676
0.9134543
0.9287095
0.9121087
0.9167678
0.9189665
0.916801
0.9216457
0.910437
0.9235141
0.925341
0.9204969
0.9150547
0.8967177
0.919369
0.9195259
0.9185968
0.9104354
0.9173217
0.9046913
0.9057947
0.9130994
0.910641
0.9319192
0.9191916
0.9148373
0.9242242
0.92411
0.9127269
0.9227986
0.9231974
0.9306627
0.9089386
0.9258599
0.9242505
0.9176856
0.9239844
0.9194241
0.9293299
0.9056713
0.9154072
0.9199518
0.9287686
0.9249005
0.9224168
0.9183369
0.9142776
0.9268535
0.9100948
0.9153497
0.924422
0.9105048
0.9101401
0.9318007
0.9154666
0.9120627
0.9365079
0.9337707
0.9099378
0.9162296
0.917948
0.9254039
0.9150237
0.9196483
0.9135036
0.9091073
0.9177316
0.9200495
0.9242861
0.926666
0.9235644
0.9266924
0.9251036
0.918305
0.920645
0.919079
0.9143601
0.9179349
0.9064425
0.9255039
0.9114075
0.9150292
0.9011456
0.923123
0.917043
0.9151051
0.9066283
0.8928902
0.9233265
0.9120384
0.9172424
0.9219448
0.9191398
0.9089808
0.9261927
0.9100188
0.9143408
0.9069242
0.9120647
0.9076984
0.915428
0.9086117
0.9342101
0.9090161
0.9198775
0.9193719
0.9176215
0.9163549
0.9068716
0.9233524
0.9177555
0.9248373
0.9164007
0.8869828
0.922696
0.9115273
0.9114137
0.9101035
0.917462
0.9046292
0.9037507
0.9080068
0.9082987
0.9363108
0.923189
0.9153258
0.9187331
0.919683
0.9143072
0.9185308
0.9177911
0.9212768
0.9028027
0.9234316
0.9224338
0.9108335
0.9193804
0.9163345
0.9281281
0.8980869
0.9070884
0.9220802
0.9271862
0.9168738
0.9185301
0.9172085
0.9099872
0.9202046
0.9054607
0.9076269
0.927397
0.9116755
0.9046212
0.9253131
0.9098744
0.907783
0.92632
0.9262864
0.9083471
0.9090092
0.9143297
0.9226488
0.9163489
0.9139412
0.9180316
0.9127355
0.9246498
0.9259324
0.9261653
0.9248849
0.9213621
0.9255902
0.9206551
0.9210204
0.9261679
0.9201706
0.9156983
0.9160311
0.8990364
0.9153423
0.8975858
0.8962852
0.909956
0.9145723
0.908683
0.9091925
0.8946134
0.9016823
0.9094086
0.9077871
0.907813
0.9155009
0.9125757
0.9141398
0.9208041
0.9113602
0.9065654
0.910313
0.9131165
0.9133721
0.9108108
0.9076319
0.9154218
0.9062357
0.9123053
0.9109468
0.9124922
0.8801457
0.9068171
0.9136162
0.9189744
0.9106748
0.9115191
0.9099309
0.9168711
0.9099568
0.9061223
0.9063657
0.9099359
0.908719
0.9095236
0.907928
0.912084
0.9237224
0.9229046
0.9017566
0.9057981
0.9030703
0.9034029
0.9101757
0.9013434
0.8941782
0.9075732
0.9006426
0.9013824
0.9076631
0.9099899
0.9055974
0.9191784
0.9074362
0.9038155
0.9164462
0.9148044
0.9192346
0.9106729
0.9106837
0.8961906
0.906353
0.9171876
0.9153254
0.881997
0.9099602
0.9059275
0.9134243
0.9074324
0.9094256
0.9007087
0.8960248
0.896865
0.9044795
0.9006705
0.9130645
0.9089296
0.9084909
0.9140431
0.9058574
0.9173571
0.913186
0.9153737
0.8714775
0.8760067
0.8732201
0.8742256
0.9158714
0.9119019
0.9079686
0.9132562
0.9107662
0.910626
0.8935124
0.8915229
0.8953254
0.9030351
0.8952676
0.8656278
0.8701076
0.8907351
0.905011
0.8540949
0.9053773
0.906222
0.875432
0.8719079
0.9183029
0.9013477
0.9091884
0.8891532
0.9052079
0.9102165
0.9056684
0.7072197
0.9093563
0.8849973
0.8788956
0.8758046
0.8717986
0.8765569
0.9143875
0.8799225
0.8950606
0.9155078
0.8518449
0.8728651
0.9136739
0.8839856
0.9127652
0.8824149
0.8810919
0.8690397
0.9032004
0.9042922
0.8916391
0.9171853
0.9017942
0.8903781
0.8763067
0.8631256
0.8890177
0.8675814
0.8932402
0.896117
0.9146046
0.9026894
0.9076367
0.9086365
0.8635524
0.8983388
0.8948141
0.8998976
0.900877
0.8831197
0.8639175
0.8982083
0.9181366
0.8747944
0.7233981
0.895086
0.9141945
0.908771
0.9051773
0.9194661
0.8650356
0.9061978
0.8724111
0.8870815
0.8886153
0.9145753
0.913735
0.9057498
0.8807523
0.8906983
0.9019504
0.8881619
0.9017503
0.8785416
0.8634526
0.8671106
0.8626946
0.8698333
0.9180013
0.9135988
0.9159408
0.9131594
0.8659955
0.8651599
0.8894294
0.864609
0.8774447
0.9035937
0.8905843
0.8980363
0.8994995
0.9077232
0.8942722
0.8701085
0.8698154
0.8940663
0.910667
0.8442522
0.9128815
0.9100118
0.8810836
0.8677834
0.9227998
0.9017927
0.9119824
0.8932526
0.9077678
0.9136663
0.9090653
0.7602864
0.9102077
0.8875706
0.8862148
0.8751735
0.8738706
0.8807909
0.9168073
0.8800628
0.8933205
0.9169795
0.8474178
0.8739311
0.9203502
0.8887343
0.9168864
0.8869844
0.8811072
0.8720244
0.9100968
0.9111371
0.8937787
0.9220844
0.9040447
0.891351
0.8759625
0.8627574
0.8893788
0.8660375
0.8983645
0.898637
0.914398
0.9112646
0.9143476
0.9149012
0.8694823
0.8983597
0.8942889
0.9029706
0.9076448
0.8823594
0.8686647
0.8988144
0.9192896
0.8736715
0.7536354
0.8926036
0.9155672
0.912629
0.9136852
0.9176207
0.8686085
0.9150111
0.8713738
0.8869635
0.8851404
0.9144057
0.9153916
0.914561
0.8853413
0.8955508
0.9004187
0.8918804
0.909798
0.8797677
0.8664821
0.8649153
0.8655382
0.8731939
0.9176073
0.917436
0.9174773
0.9141018
0.8657112
0.8607502
0.8930249
0.8664489
0.8762827
0.9115139
0.9180258
0.8937324
0.8987429
0.901902
0.9141731
0.9133662
0.9145211
0.8920523
0.880338
0.9137428
0.8526056
0.85585
0.9193912
0.917334
0.9017992
0.9259599
0.8416679
0.9018702
0.9029794
0.8542782
0.8996971
0.9029565
0.8496175
0.921912
0.9077981
0.9132148
0.9154327
0.915754
0.9094077
0.898378
0.9132731
0.858661
0.9146193
0.9110831
0.9044392
0.9168697
0.8435558
0.9049319
0.9035173
0.9146626
0.900643
0.9012749
0.9029953
0.9021558
0.9333912
0.9294211
0.9032398
0.9079885
0.9051771
0.9079602
0.9094823
0.8958516
0.902252
0.9067212
0.8508795
0.8563953
0.9041393
0.9104945
0.9000433
0.9191518
0.8991206
0.8980484
0.9197417
0.916867
0.8589226
0.9106105
0.9076537
0.8942539
0.8585473
0.8654887
0.9031553
0.9176293
0.9098112
0.9110522
0.9100018
0.9004712
0.9032389
0.8913686
0.8919298
0.894998
0.9032083
0.895573
0.9176044
0.9106883
0.8453213
0.9135576
0.9093172
0.9210368
0.9211392
0.9233614
0.9145442
0.9140363
0.9110462
0.9095253
0.9170682
0.9184504
0.9092463
0.9136398
0.9095342
0.9067711
0.9067301
0.902594
0.897338
0.9156217
0.8490698
0.8879894
0.8939222
0.8956212
0.9076989
0.887403
0.9119052
0.9121339
0.897987
0.8897009
0.9202906
0.9052345
0.915392
0.8428438
0.9116028
0.915929
0.9128779
0.8916867
0.9099335
0.8985425
0.8663603
0.8906429
0.8931743
0.8958187
0.9136852
0.8698698
0.8350977
0.919329
0.8893867
0.8922535
0.9181467
0.8845317
0.9147279
0.834851
0.8711303
0.8912513
0.912973
0.9110523
0.844335
0.9217264
0.904945
0.9042804
0.8931525
0.8912264
0.8993222
0.888453
0.8467161
0.9014647
0.9111703
0.9128066
0.9135588
0.9164082
0.8812934
0.8476078
0.8521929
0.8193057
0.9119605
0.8752552
0.8912546
0.8689071
0.9204514
0.8915145
0.8951375
0.897268
0.9171065
0.9121509
0.9169127
0.920592
0.8887142
0.9147982
0.8935609
0.8765419
0.8754297
0.9110576
0.9084587
0.9143108
0.8312184
0.9008679
0.8674225
0.8735504
0.9131944
0.8977125
0.8870316
0.8871141
0.8921915
0.8973388
0.915052
0.9167301
0.9149581
0.9162349
0.8955019
0.8934659
0.8525337
0.8852017
0.8973538
0.9124668
0.9180597
0.9023355
0.9045608
0.8406135
0.9151971
0.9075759
0.9114866
0.9031348
0.8925968
0.9129361
0.9012519
0.9127836
0.912508
0.9053872
0.906554
0.9086966
0.9067141
0.8983568
0.8374934
0.9015965
0.8483364
0.9029001
0.9006305
0.9218717
0.8970114
0.9083746
0.9076901
0.9086358
0.910092
0.8917623
0.9064024
0.912686
0.9123777
0.9092762
0.8992715
0.9122339
0.9040223
0.9019158
0.8981685
0.9072029
0.853707
0.8523001
0.8959525
0.90114
0.9249316
0.9133495
0.9043189
0.9123828
0.9177058
0.9035103
0.9102117
0.9058355
0.9229828
0.8414377
0.90943
0.9108567
0.9030906
0.9106765
0.9053809
0.920341
0.8351552
0.9034168
0.9061888
0.9232456
0.9147369
0.9112958
0.9028783
0.8988321
0.9172972
0.8944601
0.8569313
0.9221896
0.8952639
0.8490977
0.9186975
0.9006764
0.8952542
0.9285662
0.9292347
0.9099854
0.899921
0.8974959
0.9181698
0.9028442
0.8998877
0.9087109
0.8988132
0.9107925
0.9117616
0.9127233
0.9169705
0.9141457
0.9169912
0.9166052
0.9078642
0.9095374
0.9116664
0.9024556
0.906932
0.8421553
0.9053963
0.9043396
0.8984462
0.9015388
0.8789355
0.8913726
0.8974019
0.8908453
0.9013721
0.8902553
0.9088626
0.914436
0.8969506
0.8898501
0.9161724
0.9003301
0.9117795
0.8783245
0.9071067
0.911239
0.9051534
0.8931013
0.9056461
0.9011913
0.8618825
0.8928119
0.8938749
0.8971271
0.9132538
0.8391816
0.8815185
0.9187663
0.8883648
0.88648
0.9095886
0.8942775
0.9075906
0.8742647
0.8216956
0.8907743
0.9053821
0.9046695
0.8771756
0.9143334
0.9114475
0.9044285
0.8867327
0.8921963
0.9031388
0.88302
0.8867027
0.9024952
0.9156294
0.9035409
0.9144349
0.9160754
0.8882225
0.8884528
0.8851518
0.8963699
0.9000108
0.8485432
0.8878461
0.8950851
0.9216848
0.8835606
0.8933564
0.8984389
0.9173604
0.9067665
0.909541
0.9152802
0.8900735
0.9060357
0.8966546
0.8396483
0.8414606
0.9152542
0.9136107
0.9105053
0.8689803
0.8995967
0.8923956
0.8756089
0.908911
0.8953964
0.8802439
0.8938295
0.8935244
0.893533
0.9144788
0.9147363
0.9145745
0.911963
0.8980258
0.8901095
0.8821357
0.8810306
0.8939678
0.9035736
0.9081292
0.8971966
0.8878836
0.8970652
0.7318011
0.8902987
0.896467
0.8863661
0.8927829
0.8941105
0.9048199
0.9093801
0.8957266
0.89252
0.9121617
0.9016925
0.9086327
0.7834372
0.9017327
0.9065328
0.8975483
0.8903393
0.90255
0.9010211
0.8529335
0.8963822
0.8920902
0.8944878
0.913212
0.8571109
0.8315414
0.9102419
0.8872599
0.8947862
0.9083235
0.8872584
0.9027862
0.7233531
0.8630532
0.8885309
0.9026824
0.9034219
0.7464101
0.9131078
0.9071782
0.907971
0.8872042
0.8883107
0.8991389
0.8821345
0.8035123
0.8926417
0.9099086
0.8973018
0.9097726
0.9101828
0.8823038
0.8121748
0.8055566
0.8662202
0.898702
0.8624972
0.8879882
0.853383
0.9174049
0.8895261
0.8918783
0.8925664
0.9136823
0.900752
0.901601
0.9201985
0.8882128
0.9020957
0.8971392
0.8626523
0.859362
0.9102592
0.9102102
0.9101686
0.7117083
0.8906538
0.8454593
0.8680907
0.9032826
0.8887266
0.883897
0.8900914
0.8906951
0.8984003
0.917574
0.9136259
0.916952
0.9164161
0.8947126
0.8945528
0.8138345
0.8823892
0.890652
0.8965032
0.9021148
0.8839011
0.8814527
0.9027989
0.8704572
0.8823958
0.8888769
0.8751284
0.8893509
0.8788354
0.8953716
0.8980163
0.8874543
0.8785142
0.9059111
0.9067884
0.900851
0.8621534
0.9023247
0.9021357
0.8973688
0.8748897
0.9001805
0.8890135
0.8374943
0.8807571
0.884847
0.8899547
0.9132795
0.8011963
0.8635678
0.9059744
0.8757019
0.8851997
0.9074253
0.8770706
0.9011787
0.8550914
0.6428888
0.8809166
0.8995238
0.8995164
0.8615539
0.9075446
0.9042753
0.9012606
0.8757033
0.868787
0.8897907
0.8716091
0.87345
0.8849334
0.9023512
0.9024905
0.8957439
0.8967082
0.8750368
0.87215
0.8676112
0.8788997
0.8980115
0.8119718
0.8809758
0.8871072
0.9138638
0.8764132
0.8773623
0.8805075
0.9023915
0.9078591
0.9001534
0.9120871
0.8789949
0.9070763
0.8785842
0.8031002
0.8092806
0.896082
0.8929497
0.8980653
0.851642
0.8799765
0.8898035
0.8587454
0.8963497
0.8844176
0.8700552
0.8818446
0.8830947
0.8846655
0.9102859
0.9114049
0.9128012
0.9085597
0.8863049
0.8840637
0.8720731
0.8759258
0.887328
0.904942
0.9054614
0.9097201
0.9028455
0.9123245
0.9027601
0.8823487
0.8839866
0.9042338
0.9149437
0.874669
0.9214507
0.9236724
0.8900228
0.877891
0.9273824
0.899537
0.9182923
0.8969848
0.9152031
0.9179685
0.9200877
0.8794813
0.9193372
0.8883145
0.8881992
0.8626771
0.8856969
0.8865394
0.9174776
0.887154
0.8951847
0.9248947
0.8734547
0.8766873
0.9230338
0.8862166
0.9187474
0.9002921
0.8881997
0.8826284
0.9110671
0.9126437
0.8997471
0.9238476
0.8996936
0.8989948
0.8909595
0.8806344
0.9043955
0.8758535
0.9006742
0.9046974
0.9252416
0.9139493
0.922034
0.9219624
0.8819029
0.9009817
0.9082731
0.9043292
0.9129744
0.893366
0.8739355
0.9072917
0.9277734
0.8829618
0.8779666
0.9020463
0.9254798
0.9201828
0.9200653
0.9222245
0.8819147
0.9197188
0.885031
0.8939493
0.8927789
0.9253855
0.9230936
0.9229181
0.9003065
0.9021418
0.9058181
0.8909556
0.9226325
0.8876085
0.855467
0.8782065
0.8735005
0.8774256
0.9176065
0.9186353
0.9196593
0.9152791
0.8843603
0.8798587
0.9002402
0.853843
0.8875612
0.9137167
0.896607
0.8963002
0.8903866
0.9020523
0.8956867
0.8824512
0.881187
0.8919445
0.9023258
0.8657029
0.9075136
0.9122688
0.8885122
0.8795964
0.9169191
0.8953861
0.9132702
0.8840748
0.9050687
0.9097461
0.9082829
0.8749633
0.9055163
0.8845039
0.8788265
0.8582128
0.8837318
0.882237
0.9104644
0.8826026
0.8874241
0.9149823
0.8659748
0.868261
0.9151453
0.8809102
0.9105258
0.8852399
0.878901
0.88208
0.9082631
0.9093894
0.8863463
0.9157149
0.9011782
0.8950002
0.8774636
0.8659046
0.8900305
0.8644477
0.8889686
0.8930642
0.9146916
0.9050807
0.909775
0.913335
0.8772527
0.8917428
0.892609
0.8993902
0.9076665
0.8853851
0.8730397
0.8971427
0.9175098
0.8749587
0.874968
0.8945982
0.9121099
0.9094672
0.9101361
0.9162647
0.8730203
0.9084735
0.8798733
0.8834435
0.8857428
0.9137063
0.9108973
0.9050635
0.8843537
0.8912705
0.8938305
0.8863261
0.9064187
0.8776217
0.839494
0.8735766
0.8717357
0.8792509
0.9134179
0.9136036
0.9117523
0.9099411
0.8827903
0.8714735
0.8889966
0.8441602
0.8737903
0.907262
0.8931339
0.8923186
0.8916721
0.906151
0.8934306
0.8765135
0.876567
0.8911861
0.9027491
0.8614307
0.9107685
0.9098267
0.8797475
0.8781488
0.9210432
0.8970451
0.9104825
0.8791257
0.9053238
0.9105726
0.9052415
0.8735417
0.9083119
0.8772812
0.8730681
0.8508614
0.876145
0.8809285
0.9085052
0.8736416
0.8859113
0.9158704
0.8643767
0.8612094
0.9151532
0.8786597
0.9117762
0.8806193
0.8742708
0.874288
0.9053919
0.9078482
0.8823871
0.9161134
0.8947219
0.8923847
0.8741882
0.8619884
0.8888244
0.8565191
0.8857379
0.8919399
0.9131664
0.9055772
0.9087751
0.9082907
0.871825
0.8889208
0.8833339
0.8948809
0.9084239
0.8830761
0.8703371
0.8972142
0.9178942
0.8737031
0.8700832
0.8964391
0.912277
0.9126492
0.9101507
0.9137865
0.867628
0.9117751
0.8798895
0.8777774
0.8762936
0.9066977
0.9065642
0.908401
0.8789881
0.8906295
0.8952411
0.8851334
0.9058096
0.8763445
0.8285014
0.8703074
0.865664
0.8742901
0.9102912
0.9091898
0.9073054
0.906874
0.8751354
0.8664125
0.8846015
0.8422261
0.8702167
0.9071242
0.8874557
0.8918442
0.8961291
0.9024135
0.8917218
0.8618222
0.8625578
0.8940062
0.9058917
0.8365934
0.9114704
0.9159556
0.867775
0.8606183
0.9230742
0.8869097
0.9119241
0.8818663
0.9056858
0.9125768
0.9032739
0.8559259
0.9141257
0.8765239
0.8708699
0.8661452
0.8645925
0.8631327
0.9098771
0.8724642
0.890611
0.9178467
0.8355641
0.8522046
0.913765
0.8735136
0.9124328
0.8873102
0.8758184
0.8643547
0.903055
0.9033631
0.8819921
0.9191451
0.892866
0.8799544
0.8704888
0.8500318
0.8893477
0.8457807
0.8884553
0.8974377
0.9217101
0.9009126
0.9161073
0.9156584
0.8558988
0.8931221
0.8900921
0.8962033
0.9030091
0.8810071
0.8533621
0.898062
0.9236904
0.8614349
0.8603964
0.8978725
0.9200734
0.9138936
0.910347
0.9169404
0.8539724
0.9046535
0.8646163
0.8839132
0.8759805
0.919611
0.9177562
0.9140481
0.8859875
0.8940223
0.8873863
0.8836182
0.9102802
0.8612227
0.8465101
0.8439706
0.837972
0.852586
0.9129322
0.9111422
0.9111166
0.90854
0.8614862
0.8429468
0.8915
0.84586
0.863623
0.9052941
0.9198604
0.8997729
0.8988588
0.88893
0.9131331
0.9109187
0.9161405
0.8923682
0.8914815
0.9148649
0.8522325
0.8667345
0.9186205
0.9097237
0.9029721
0.9189372
0.8489044
0.9021845
0.8952927
0.8328211
0.8942695
0.9100086
0.8411645
0.9200057
0.90035
0.9148114
0.9145526
0.9108226
0.907523
0.8962809
0.9071136
0.846332
0.9111987
0.9109661
0.9062613
0.9170258
0.839723
0.9012846
0.8995754
0.9131449
0.8936435
0.8937143
0.9004125
0.9021124
0.9299095
0.9235998
0.9057707
0.9096366
0.9144477
0.9066585
0.9108393
0.8989836
0.9121254
0.8867567
0.8620194
0.8628013
0.897845
0.9128551
0.9086378
0.922
0.8891008
0.8987259
0.9149702
0.9245137
0.8532797
0.9118606
0.9083969
0.892534
0.8667994
0.8510312
0.8955865
0.920845
0.9018582
0.896454
0.9157467
0.8988986
0.8973563
0.914325
0.9120965
0.9041121
0.8998659
0.8943181
0.9155476
0.908596
0.851293
0.9115608
0.9037792
0.9154089
0.9180037
0.9157264
0.9157391
0.9180172
0.9165278
0.915253
0.914589
0.9149979
0.9113015
0.9097852
0.9073002
0.8932859
0.8913778
0.9032752
0.9058498
0.9165632
0.9002473
0.8678845
0.869739
0.9042395
0.9223043
0.8263613
0.9250998
0.9259584
0.8683667
0.8640699
0.9345376
0.8917428
0.9263165
0.8982556
0.915272
0.9202625
0.9198121
0.8695923
0.9186795
0.8774712
0.8856281
0.8701446
0.8684811
0.8765732
0.9185823
0.8885877
0.896842
0.9255862
0.8354044
0.8674575
0.9225273
0.8776303
0.9233747
0.8976746
0.8865399
0.8659232
0.9101784
0.9112935
0.8948045
0.9306086
0.8906505
0.8808646
0.8812122
0.855528
0.8942908
0.860054
0.9022707
0.9087427
0.9283152
0.9110333
0.9233066
0.9266604
0.8665418
0.8985436
0.9073885
0.9035278
0.9178924
0.8901542
0.8558449
0.904991
0.9287884
0.8620982
0.868999
0.9077315
0.9271121
0.9220389
0.9234893
0.9255236
0.8679061
0.9177022
0.8680789
0.8954029
0.8940084
0.928574
0.929622
0.9244058
0.8976875
0.9066255
0.9002107
0.888331
0.9246602
0.8676816
0.8557031
0.8397223
0.8399327
0.8507077
0.9216461
0.9196336
0.9185206
0.9167827
0.8655608
0.8434479
0.8972154
0.8547164
0.8738627
0.916549
0.914268
0.9174718
0.9127275
0.9241774
0.8335005
0.9014758
0.9043162
0.9136618
0.9203764
0.8992553
0.9248898
0.9271951
0.9040815
0.90336
0.9337593
0.9048905
0.9233662
0.7527062
0.9218831
0.9261897
0.9223254
0.9056783
0.9248198
0.9061407
0.884577
0.9054482
0.9022478
0.9061357
0.9197187
0.8842268
0.8538548
0.9251145
0.8960625
0.9054021
0.9251757
0.8976469
0.9241105
0.8296116
0.8875076
0.9032804
0.9212609
0.92373
0.8500682
0.9332284
0.9113334
0.9126651
0.90607
0.9016463
0.9147049
0.9013741
0.7405317
0.9154236
0.9269402
0.9215232
0.9255811
0.926809
0.8988264
0.721854
0.8069084
0.8686655
0.9236998
0.8917579
0.8971455
0.8488508
0.9279258
0.9046197
0.9050336
0.913057
0.9303289
0.9228724
0.9275615
0.9262606
0.9059492
0.9211136
0.9076746
0.8915343
0.8931152
0.9246477
0.9278373
0.9286133
0.8253938
0.913335
0.8408982
0.8928998
0.9261731
0.9022102
0.8988864
0.8992349
0.8994516
0.9041732
0.9226521
0.9213956
0.9233777
0.9223744
0.906918
0.9008757
0.8074181
0.8981687
0.9080926
0.9206803
0.902957
0.8915616
0.8887049
0.9029816
0.8863222
0.8894341
0.8944115
0.8873927
0.898501
0.8857378
0.9042591
0.9056853
0.8969416
0.890664
0.9123891
0.9020039
0.9042344
0.8777721
0.9046425
0.9102465
0.9054882
0.8867918
0.9026634
0.8957822
0.8735032
0.888341
0.8921708
0.8942074
0.9076678
0.8725088
0.8831843
0.9132282
0.8853593
0.8822076
0.9116909
0.8856133
0.9052699
0.8764894
0.8761735
0.8913856
0.9003283
0.9019678
0.8811813
0.9118843
0.9058939
0.911105
0.8865857
0.8815289
0.8980081
0.8758656
0.8879464
0.8897263
0.9066744
0.901768
0.9035395
0.9075095
0.8784942
0.8890829
0.8834546
0.8964836
0.8990685
0.8750046
0.8878485
0.8961503
0.913778
0.8860591
0.8861123
0.8894214
0.9111292
0.9070508
0.9080327
0.9171856
0.8869354
0.9064786
0.8899746
0.87336
0.8776272
0.9038497
0.9046008
0.9052183
0.8742807
0.8880242
0.893136
0.8782362
0.9040209
0.8948575
0.8787735
0.8928673
0.8889565
0.8936367
0.9138454
0.9132731
0.9170754
0.9137444
0.8897705
0.8880672
0.8865446
0.8793197
0.8899842
0.9048672
0.9012046
0.9014236
0.8975815
0.9106297
0.8219717
0.8894978
0.8860447
0.8962557
0.9032803
0.8879545
0.9120856
0.912508
0.8959359
0.8907671
0.9157265
0.9060645
0.9132315
0.7741003
0.913688
0.9124552
0.9123341
0.8932345
0.909455
0.8990985
0.8647502
0.8953243
0.8938423
0.8922052
0.9120265
0.8729856
0.8466854
0.9164887
0.880139
0.8888929
0.9137907
0.8829654
0.9104699
0.8151724
0.8707719
0.8882117
0.9123866
0.9125384
0.8302464
0.9194926
0.9069508
0.902317
0.8881728
0.8835327
0.8960983
0.8837411
0.7880036
0.9010459
0.9082821
0.9095688
0.9086379
0.9114081
0.8839873
0.7958671
0.7988065
0.8670554
0.9097176
0.8742053
0.8899434
0.8413565
0.9178168
0.8893638
0.8885306
0.8961855
0.9139253
0.9149995
0.9170202
0.9190712
0.8896222
0.9145995
0.8910307
0.8731343
0.8710612
0.9043996
0.9055529
0.9078029
0.8099804
0.8976997
0.8290349
0.876039
0.909586
0.89375
0.885736
0.8898487
0.8859901
0.8943292
0.9147038
0.9143551
0.9150256
0.9102717
0.8974882
0.8886071
0.7811218
0.8862353
0.8951575
0.91207
0.9200962
0.9150831
0.9120518
0.9214451
0.9235334
0.9124517
0.9153117
0.9088876
0.9069503
0.9141411
0.9102975
0.9135116
0.9199484
0.9159173
0.9224114
0.9266371
0.9171573
0.9197909
0.9230504
0.9223486
0.9220811
0.9143803
0.9170653
0.917959
0.9183179
0.9168436
0.9193216
0.915614
0.9105092
0.9146747
0.9205794
0.9175952
0.9163539
0.9146798
0.9141317
0.9218616
0.9208072
0.9194521
0.9133699
0.9151915
0.9152459
0.919851
0.9174159
0.9226554
0.9268284
0.9232278
0.910097
0.9108305
0.912739
0.9104263
0.9215807
0.9140297
0.9079717
0.9224458
0.9114446
0.9123436
0.9101985
0.9213337
0.9203304
0.9251568
0.9180214
0.9144935
0.921999
0.9229715
0.9241111
0.9093773
0.9181491
0.9110758
0.9177556
0.9222094
0.9211648
0.9164445
0.9156003
0.920381
0.9154895
0.9111417
0.9150338
0.9055112
0.9072112
0.9093047
0.9190268
0.9118234
0.9169354
0.9165605
0.9078431
0.9180519
0.9144127
0.9204671
0.9209755
0.9206595
0.9105141
0.912964
0.9123063
0.9079451
0.9213717
0.9206994
0.9180181
0.9149861
0.9151977
0.9215222
0.9086838
0.8499082
0.5386158
0.9045693
0.9035807
0.8951905
0.8988407
0.8363808
0.8918077
0.8960146
0.8937298
0.8925526
0.9069817
0.900057
0.9095465
0.9180905
0.9006036
0.8919387
0.9067221
0.9061142
0.9036033
0.8940913
0.9030577
0.9026173
0.8900742
0.9008288
0.9030648
0.9026981
0.9031127
0.887058
0.9002024
0.9072011
0.8967946
0.8938307
0.9116085
0.9037373
0.9060336
0.8904159
0.8906069
0.8975274
0.9007049
0.9030266
0.8939443
0.9078396
0.9145634
0.9192031
0.8881913
0.8853413
0.8923796
0.892252
0.9000782
0.5122997
0.8931278
0.9078273
0.8926907
0.8949068
0.8901163
0.9005438
0.8931039
0.9027149
0.9010559
0.883895
0.9030428
0.904499
0.9077436
0.897693
0.8917537
0.7033339
0.8996861
0.9155388
0.9062201
0.9122831
0.8989067
0.9088808
0.8920301
0.8855457
0.8890036
0.8848403
0.8858167
0.8971882
0.8893799
0.5301263
0.9042583
0.8939724
0.8965505
0.8996071
0.8931251
0.9085314
0.9090362
0.9077723
0.9099887
0.9083873
0.9078854
0.9074153
0.9029845
0.9017536
0.9010868
0.9003508
0.8970557
0.9083384
0.9188502
0.8943217
0.8945235
0.914114
0.914037
0.9098792
0.914501
0.8870991
0.8889714
0.9148043
0.8535611
0.8598847
0.9191825
0.9146992
0.8983824
0.9335323
0.8723101
0.9077576
0.9157339
0.8789367
0.9094226
0.9070363
0.8690017
0.915253
0.9060446
0.9153719
0.9170229
0.9180546
0.9103805
0.8998652
0.9155219
0.8685299
0.9128504
0.9119227
0.9102587
0.9217315
0.8725399
0.9054542
0.9015371
0.9124573
0.905424
0.9066864
0.9072655
0.9035419
0.9333171
0.9318135
0.9071235
0.9072132
0.8947792
0.9114685
0.9141753
0.8911487
0.8889097
0.9152555
0.8610964
0.8635986
0.9023613
0.9123294
0.9041288
0.9150117
0.904186
0.8970851
0.9193818
0.921125
0.8773811
0.9068175
0.911649
0.8913766
0.8667418
0.8811356
0.9101252
0.915751
0.9116473
0.9167024
0.9068439
0.8989858
0.9024381
0.8827599
0.8850706
0.8908644
0.9029772
0.8928663
0.9161379
0.9103157
0.8524077
0.9178574
0.9106286
0.9231556
0.9186752
0.9214495
0.9123225
0.915129
0.9143121
0.9129924
0.9221739
0.918243
0.9123605
0.9126856
0.915155
0.9171549
0.9195739
0.8903399
0.8860274
0.9163067
0.9125937
0.9139696
0.9132598
0.8857949
0.8887216
0.9162647
0.8602468
0.8556661
0.92094
0.9157671
0.8988802
0.930668
0.8759323
0.9039284
0.9113979
0.881442
0.9100786
0.910213
0.8713501
0.9137838
0.9109381
0.9143313
0.9157472
0.9181876
0.9061661
0.9012241
0.911643
0.87771
0.9151616
0.9101884
0.9094567
0.9166219
0.8770646
0.9029411
0.9029892
0.9116489
0.9132097
0.9140787
0.9056659
0.9054564
0.930632
0.9293904
0.9029087
0.9067295
0.8976727
0.9074182
0.9141821
0.8841231
0.8878949
0.916789
0.8592778
0.860777
0.8997095
0.9109004
0.9020002
0.9135904
0.9033371
0.8970692
0.9224419
0.9151411
0.8839375
0.9064486
0.9103601
0.8908406
0.8656682
0.8911478
0.911063
0.9116765
0.9152951
0.9147017
0.9022001
0.8988722
0.9051076
0.8769327
0.8787266
0.8830086
0.9009032
0.8849052
0.9150465
0.9113701
0.8556327
0.9189516
0.9106686
0.9218135
0.9236551
0.9227058
0.9090022
0.9128906
0.9068436
0.9076288
0.9173648
0.9202779
0.9102254
0.9192159
0.9103263
0.920228
0.9194564
0.8976833
0.8937424
0.886047
0.9124695
0.9059237
0.911492
0.8892449
0.8874597
0.9148402
0.8632388
0.8676415
0.9138758
0.9087895
0.9006271
0.9230054
0.8719044
0.8996422
0.8968707
0.8692469
0.8921978
0.906175
0.8616876
0.9198326
0.8960175
0.9125873
0.9093876
0.9082382
0.9066961
0.8919229
0.9037088
0.8699632
0.9149465
0.9076878
0.9007412
0.9128755
0.8626665
0.895737
0.8978402
0.9074061
0.8930602
0.8925998
0.8964317
0.8994238
0.9291112
0.9241767
0.9025486
0.9094074
0.9065417
0.9020813
0.9063085
0.8939791
0.9076231
0.8874348
0.8702533
0.8691819
0.894791
0.910745
0.9012053
0.9218081
0.8876084
0.8922503
0.9133833
0.9185214
0.875479
0.9127136
0.9050296
0.891707
0.8738847
0.8615497
0.8945449
0.9165606
0.9020295
0.8941164
0.9133878
0.8941573
0.8945735
0.9077068
0.904306
0.901263
0.8947755
0.8903092
0.9141006
0.9078111
0.8531912
0.9098349
0.9036153
0.9185656
0.9147423
0.9196919
0.9142468
0.9129208
0.9169436
0.913832
0.9160273
0.9180744
0.9030242
0.9108975
0.907486
0.8915882
0.9095901
0.9025018
0.9002211
0.9109931
0.4274886
0.8952792
0.8951464
0.8956305
0.902302
0.8900207
0.9126399
0.9129092
0.8941909
0.8958511
0.9189209
0.9039048
0.9101547
0.8065487
0.9115281
0.9165849
0.911281
0.8939904
0.910241
0.8981268
0.8615678
0.8952493
0.8899911
0.8966038
0.9148878
0.8685382
0.8380644
0.9161263
0.8861033
0.8913373
0.9120778
0.8872245
0.9114826
0.7240824
0.8657797
0.8914115
0.9104773
0.911284
0.7579019
0.9198599
0.9040894
0.9086228
0.8918055
0.8873113
0.9009495
0.8896095
0.8112704
0.9028957
0.9135634
0.9081757
0.9134489
0.9131959
0.8823678
0.8155343
0.8118288
0.8658904
0.9067144
0.8730008
0.8919692
0.8514848
0.9227939
0.8964643
0.8926594
0.8997642
0.9131342
0.9124251
0.9124585
0.9200179
0.8900024
0.912248
0.8977378
0.8687544
0.86785
0.9107796
0.9122044
0.9122485
0.7181041
0.8988074
0.8428017
0.8772838
0.9111894
0.8925401
0.8865002
0.8907209
0.8940107
0.8965297
0.9173623
0.9154636
0.9184369
0.9175279
0.8969112
0.8932346
0.8181198
0.8867544
0.8925913
0.9109652
0.8984226
0.8911177
0.8982227
0.9079719
0.8969665
0.8769231
0.8827507
0.8979156
0.9093515
0.8619222
0.9126981
0.9114203
0.8889855
0.8770883
0.9229152
0.8991914
0.9106762
0.8968347
0.9077819
0.9083392
0.9086175
0.7759483
0.9178203
0.887124
0.8874089
0.8868347
0.8801436
0.8809897
0.9143852
0.8849407
0.8971863
0.9193718
0.8634758
0.8779686
0.9158199
0.8910592
0.9200785
0.8926073
0.8852329
0.8812155
0.9064278
0.9075114
0.8932512
0.9198483
0.9024836
0.8956488
0.882242
0.8703948
0.8924894
0.8680515
0.8999823
0.8971976
0.9155781
0.9070544
0.9166991
0.9173612
0.8709819
0.9018418
0.8989576
0.9020249
0.9079302
0.8884954
0.8739447
0.9038367
0.919406
0.8778945
0.7764125
0.8963104
0.9187075
0.9196527
0.9122113
0.9176256
0.872592
0.9128797
0.879835
0.8911114
0.8874257
0.916785
0.9170582
0.9110364
0.8913442
0.8959326
0.8983481
0.8918698
0.9112076
0.8838852
0.8686642
0.8699687
0.8660495
0.8781236
0.9180265
0.9150334
0.9178216
0.910073
0.864654
0.8678255
0.8961923
0.8693219
0.8837125
0.9099378
0.8941758
0.8974996
0.8977297
0.9070218
0.896515
0.8819191
0.8829584
0.8923259
0.90047
0.8631212
0.9098673
0.9081458
0.8892392
0.8761953
0.9182877
0.9014054
0.9103962
0.8876364
0.9089273
0.9143952
0.9106025
0.8744203
0.9116792
0.8877346
0.883367
0.8529773
0.8810729
0.8851323
0.9054661
0.881414
0.888385
0.9186519
0.8685899
0.8757923
0.9160459
0.886553
0.9168893
0.8889929
0.8748996
0.8787326
0.9066102
0.9081216
0.8897641
0.9120947
0.9018504
0.8975202
0.8776871
0.8709701
0.8864452
0.8656243
0.893275
0.8959082
0.9069523
0.9074353
0.9129229
0.9147119
0.8726308
0.8963302
0.8916371
0.8975093
0.9070271
0.8797157
0.8769298
0.8991686
0.9214375
0.8753191
0.8788724
0.8919783
0.9165665
0.9151498
0.9117853
0.9157917
0.873805
0.9124136
0.8816213
0.8835536
0.8871507
0.9076279
0.9060474
0.903067
0.8882798
0.8938082
0.890782
0.8852236
0.9113938
0.8832946
0.8473406
0.8745556
0.8734675
0.8786532
0.9129142
0.9112802
0.9117513
0.9084165
0.8783323
0.8765066
0.8923192
0.8520033
0.8833972
0.9095408
0.8918183
0.8909361
0.8966574
0.8999383
0.8972573
0.8682815
0.8694856
0.8929331
0.9054636
0.8477302
0.9106031
0.9104408
0.8780614
0.8647724
0.9163026
0.895379
0.9073002
0.8890256
0.9069767
0.9095561
0.9076661
0.6916179
0.911452
0.8878363
0.8824298
0.8735514
0.8721328
0.878198
0.9139871
0.8752534
0.8927447
0.9170196
0.8548128
0.8734995
0.9168086
0.880204
0.9092496
0.8876111
0.8795375
0.8708724
0.9016718
0.9032826
0.8896367
0.917407
0.9012145
0.8884869
0.8744716
0.8654964
0.8900999
0.8628537
0.8945149
0.8958183
0.914266
0.9031743
0.9110673
0.9138066
0.8613703
0.8951789
0.8959411
0.9006733
0.9021002
0.885289
0.8669911
0.9023421
0.9182799
0.8748119
0.7048842
0.895063
0.9150974
0.9067928
0.9093317
0.9183016
0.8643751
0.9062188
0.8731217
0.8892219
0.8830837
0.9137132
0.9159414
0.9116118
0.8845818
0.8941852
0.8991921
0.8921674
0.9053952
0.8801903
0.8586652
0.8644698
0.8596725
0.8673836
0.9143409
0.9142567
0.9162278
0.9109833
0.8633238
0.8635091
0.8925655
0.8623986
0.8772263
0.9049452
0.8927454
0.8979463
0.8961723
0.9103961
0.892922
0.8760625
0.8777015
0.9003485
0.9079882
0.8613701
0.9155906
0.9141721
0.8853913
0.8776934
0.9228877
0.9022067
0.9111483
0.8920518
0.9059339
0.911155
0.9095449
0.7878871
0.9150004
0.8897576
0.8880873
0.887477
0.8787312
0.8841708
0.9174549
0.8850608
0.8922869
0.9176392
0.8642615
0.8769388
0.9183099
0.8895185
0.9181933
0.8918531
0.8867618
0.8803173
0.9063167
0.9077114
0.894718
0.9211712
0.9018319
0.8939468
0.8847072
0.8698505
0.894839
0.8673364
0.8962425
0.8967251
0.9143753
0.9072172
0.9154795
0.9170642
0.8721326
0.899204
0.896014
0.9042255
0.9087493
0.8867248
0.8743905
0.9074191
0.9223841
0.8767063
0.7835363
0.8996581
0.9143545
0.9169747
0.9112279
0.917448
0.8716056
0.9093928
0.8796699
0.8879276
0.8881188
0.9162021
0.9133058
0.9159915
0.8898287
0.897713
0.900211
0.8907273
0.912222
0.8834053
0.8686575
0.8771162
0.8716996
0.8726633
0.9184873
0.9166233
0.9183958
0.9160502
0.8714054
0.8662895
0.8976802
0.8686118
0.8852814
0.9104483
0.9013681
0.9054347
0.9009317
0.9131262
0.9094853
0.8944411
0.8956347
0.9011599
0.9091425
0.8839692
0.916789
0.9156965
0.8980738
0.8932576
0.9205469
0.9084396
0.9181497
0.9025324
0.911735
0.9176805
0.9148811
0.8872355
0.9166579
0.8943836
0.8917628
0.8753339
0.8896717
0.8917927
0.9147993
0.8920327
0.9026413
0.924833
0.8852594
0.8887775
0.9205963
0.9005654
0.9188261
0.9033176
0.8936306
0.8918649
0.9075193
0.9090111
0.9008096
0.9156896
0.9100041
0.9036008
0.8890553
0.8789688
0.8955277
0.8850315
0.9048116
0.9042748
0.9144903
0.9144651
0.9178178
0.9166929
0.8906289
0.9084979
0.9056399
0.911026
0.9085043
0.8910842
0.8909613
0.9073425
0.9251432
0.8931853
0.8933319
0.8996653
0.9173473
0.9181617
0.9169281
0.9172663
0.8916111
0.9155463
0.894893
0.8980086
0.8957831
0.9110025
0.9112705
0.9089793
0.9015568
0.9014745
0.9045573
0.8941792
0.9158308
0.8875202
0.8651739
0.8888614
0.8899678
0.890181
0.9154186
0.9114024
0.9157749
0.9081934
0.8918909
0.8846659
0.9077719
0.8754813
0.8942059
0.9140414
0.9180404
0.8960546
0.8935177
0.9286491
0.9105961
0.9130734
0.9108306
0.8932171
0.8959823
0.914359
0.9013314
0.8952803
0.9178531
0.9181554
0.9058283
0.9295875
0.9088601
0.907483
0.9250206
0.9197157
0.9201451
0.9177919
0.9066299
0.9128482
0.9163269
0.9142618
0.9207511
0.9227202
0.9036915
0.9092708
0.9189721
0.9122157
0.9099978
0.9117475
0.9184919
0.9165172
0.9093298
0.906146
0.9074785
0.9145072
0.9217105
0.9222588
0.909571
0.9148415
0.9309615
0.9308381
0.9049958
0.9102377
0.8902748
0.9087384
0.9090121
0.8904579
0.681964
0.9298519
0.8929451
0.8959967
0.9073058
0.9080281
0.9058806
0.9099615
0.919693
0.8979962
0.9235822
0.9065454
0.9116859
0.9127685
0.9128513
0.8932958
0.8965632
0.9175526
0.9218219
0.9115272
0.9189198
0.9266989
0.9069945
0.9009046
0.91373
0.8115535
0.8154049
0.8888889
0.9041598
0.894501
0.9081023
0.909491
0.8984198
0.9199672
0.9158293
0.9237206
0.9185988
0.9213741
0.9069084
0.9072068
0.9078747
0.9088176
0.9194985
0.9230357
0.9068352
0.9162597
0.9164798
0.9294673
0.8954059
0.8892131
0.8834443
0.9132686
0.900125
0.8872109
0.8910755
0.8806957
0.8962613
0.8808188
0.8994201
0.8940412
0.8977829
0.8895909
0.9013914
0.9105051
0.9056645
0.889034
0.9133903
0.9132628
0.9124832
0.887485
0.9110562
0.8893315
0.8853013
0.8904234
0.890804
0.8987602
0.9060264
0.8868277
0.9016691
0.9093469
0.8809846
0.8881252
0.9147707
0.8909685
0.9089253
0.8861161
0.8886948
0.8914427
0.9093057
0.9098493
0.8910956
0.9127319
0.9134862
0.9108842
0.8850424
0.8709296
0.8801559
0.8799956
0.8931506
0.8828366
0.8866376
0.9153774
0.8989976
0.9002319
0.8743504
0.8976935
0.8867863
0.8976981
0.9089022
0.8813161
0.8891547
0.8986252
0.912392
0.8803838
0.8833916
0.8901328
0.9004595
0.914635
0.9144338
0.9166957
0.8927722
0.9135408
0.8764704
0.8827195
0.8877079
0.8836213
0.8855314
0.8938355
0.8831914
0.8847096
0.8967593
0.8952357
0.8984833
0.8923847
0.8834147
0.8934187
0.8885026
0.8937188
0.9119268
0.9144111
0.9123291
0.9132062
0.8867775
0.8912111
0.8912301
0.8827951
0.8937554
0.9158304
0.899059
0.8980642
0.8927186
0.9027954
0.8746167
0.8864865
0.8937408
0.8859509
0.8931348
0.8851687
0.9049163
0.9072633
0.8944059
0.8883875
0.9135243
0.8980979
0.9054059
0.8701997
0.9070513
0.9088966
0.9068486
0.8874059
0.9010894
0.8927747
0.8574562
0.8877974
0.8888889
0.8940524
0.9111165
0.8318058
0.8758003
0.9132671
0.8830757
0.8854403
0.9073828
0.8918008
0.9053841
0.862657
0.8131988
0.8867085
0.9048542
0.9064988
0.8742238
0.9096506
0.904543
0.9027213
0.8828065
0.8833193
0.8961749
0.8795141
0.8787208
0.8968363
0.9092004
0.9036827
0.9068352
0.9075685
0.8840638
0.8808557
0.8763547
0.8873922
0.9026809
0.8375886
0.8864939
0.890023
0.9197765
0.8824388
0.8932973
0.8910849
0.9125867
0.9059186
0.9096407
0.9158693
0.8870203
0.9056671
0.8913365
0.8328333
0.8365444
0.9068371
0.9047124
0.9047038
0.8603196
0.8967572
0.8880086
0.8695032
0.904994
0.8973019
0.8739747
0.8910617
0.8903892
0.8964863
0.9102057
0.9113252
0.9106076
0.9077054
0.8910371
0.8873239
0.8781339
0.8779783
0.8875259
0.9043466
0.9197704
0.9275771
0.9254532
0.9508279
0.9291439
0.9169959
0.9120696
0.9258308
0.9411785
0.9084464
0.9430392
0.9320128
0.9186194
0.9232016
0.9467046
0.9404619
0.9376182
0.9324347
0.9476698
0.9480296
0.9466045
0.9227109
0.9442475
0.9082704
0.928581
0.9154939
0.9210845
0.9235882
0.9274814
0.9331846
0.9330244
0.9406542
0.9078083
0.917904
0.9457429
0.9248749
0.9465634
0.9318741
0.9264895
0.9200219
0.9455862
0.9445762
0.9328963
0.9469969
0.9259247
0.9273841
0.9225091
0.908333
0.9055683
0.9193086
0.9254694
0.922292
0.9207831
0.9529148
0.9318529
0.9307196
0.9172647
0.9250504
0.9278656
0.9189135
0.9475733
0.9301719
0.9270622
0.9239024
0.9419543
0.912262
0.9249848
0.9292987
0.9311525
0.9520289
0.9435972
0.9330996
0.9255539
0.9507259
0.9083139
0.930083
0.937206
0.913667
0.9164334
0.9255019
0.9306797
0.9270194
0.9239942
0.9248792
0.9388865
0.9205618
0.9190854
0.9196586
0.9172562
0.9195558
0.9271848
0.929992
0.9295845
0.9284659
0.9246729
0.9177265
0.9247503
0.9215253
0.9247621
0.9514379
0.9309549
0.9092829
0.9061857
0.9116844
0.9224592
0.9207546
0.9192486
0.9041964
0.88484
0.9237477
0.9030873
0.9070774
0.9294691
0.9246364
0.7617391
0.9362202
0.9069106
0.9120003
0.9097701
0.9137962
0.9051774
0.9178793
0.9084191
0.9349674
0.9112912
0.9218829
0.9259945
0.9256769
0.9200326
0.9015502
0.9192166
0.9139511
0.9207806
0.9216655
0.9087669
0.9272824
0.9064759
0.9076467
0.9121673
0.9236586
0.9099875
0.9124181
0.9080039
0.9004789
0.9418234
0.9324121
0.9155324
0.9198217
0.9138901
0.9169063
0.9188297
0.9095815
0.9082861
0.9098625
0.907365
0.9080354
0.9144907
0.9199655
0.9068586
0.924162
0.9057249
0.9067476
0.9276188
0.9230687
0.9158919
0.9223851
0.9196348
0.9082463
0.9085388
0.9024745
0.9074189
0.9246178
0.9205296
0.9175852
0.9199538
0.9080133
0.9050004
0.9088354
0.9073291
0.8971831
0.9071054
0.9067078
0.9193226
0.9163372
0.9027958
0.9237092
0.9175322
0.930607
0.9285101
0.9308369
0.9213991
0.9245128
0.9228922
0.9218817
0.9258023
0.9254078
0.9228925
0.9161075
0.9228911
0.9106119
0.9099557
0.6345271
0.8552891
0.9026627
0.9049561
0.895993
0.8981275
0.8256221
0.89445
0.8973706
0.8968414
0.9014655
0.9033423
0.8998888
0.9070856
0.9104808
0.8990227
0.8980555
0.9018973
0.9091319
0.903576
0.8948478
0.9040036
0.9005121
0.8887872
0.8980572
0.9012687
0.9017137
0.9025725
0.8881236
0.9046601
0.9067046
0.8932551
0.8942461
0.9114192
0.9005192
0.9081498
0.8948126
0.8884369
0.8964511
0.8998632
0.898619
0.8999546
0.9075099
0.9080121
0.9129494
0.8920815
0.8905748
0.8969605
0.8880385
0.9025343
0.8536773
0.8946441
0.9057289
0.8979059
0.901199
0.8848405
0.9036707
0.8999407
0.9042963
0.895524
0.8949854
0.8995464
0.9041848
0.9127263
0.8943281
0.8962093
0.8581731
0.9017274
0.9049297
0.9042745
0.9098587
0.8944584
0.9038964
0.8994035
0.8884811
0.8943549
0.8931918
0.8911438
0.8960422
0.8913955
0.8492488
0.9056824
0.8959911
0.8964284
0.8957908
0.8900698
0.903161
0.9005952
0.9082069
0.9062295
0.9097015
0.9077146
0.9074068
0.9015744
0.9042428
0.9036282
0.8966314
0.8967292
0.9062817
0.8913191
0.8889595
0.8952562
0.9046046
0.8931918
0.8696002
0.8727986
0.8983462
0.9031048
0.8552967
0.9096894
0.9104972
0.885625
0.8703677
0.9202746
0.8987197
0.9101792
0.8939888
0.9059714
0.9138374
0.9068914
0.7750715
0.9141968
0.8855116
0.8844741
0.8814901
0.8758071
0.8774919
0.9125566
0.8782885
0.8924773
0.9180977
0.8565449
0.8758151
0.9137986
0.8858962
0.9145766
0.885642
0.8816611
0.8728379
0.9044836
0.905103
0.889704
0.9173815
0.9016359
0.8898514
0.8806453
0.8665514
0.8940381
0.8654399
0.8944733
0.8951326
0.9153159
0.9023669
0.91232
0.9133411
0.8648469
0.8951332
0.8916962
0.9052997
0.9056053
0.884008
0.8711715
0.9023702
0.9214888
0.8785312
0.772529
0.8950574
0.9127398
0.913501
0.9070921
0.9178616
0.8650296
0.9105479
0.8757087
0.8875146
0.8856985
0.9123596
0.9157269
0.9105043
0.8851647
0.8928726
0.897064
0.8911937
0.909
0.8782256
0.8658419
0.8702348
0.8643614
0.8696934
0.9141449
0.9139864
0.9126812
0.9140819
0.8655346
0.8616998
0.8921806
0.8648539
0.8793266
0.9059353
0.89399
0.8930519
0.8940576
0.9049193
0.8927884
0.8702343
0.874737
0.889588
0.9020734
0.8576222
0.9083324
0.9114335
0.878962
0.8735423
0.9169926
0.899893
0.910494
0.886721
0.908484
0.9136911
0.9082032
0.820823
0.9112752
0.8859788
0.8861051
0.8764918
0.8735894
0.8805186
0.9111688
0.8759252
0.8902957
0.917614
0.8548944
0.877069
0.9188951
0.8832837
0.9110907
0.8858692
0.8788331
0.8747117
0.9065504
0.9077131
0.8858835
0.9171576
0.9028696
0.8921438
0.8788331
0.8617466
0.8872183
0.8651582
0.8931279
0.8926935
0.9128943
0.9051718
0.9119385
0.9106018
0.866571
0.8927248
0.8890567
0.8987677
0.9047873
0.8819611
0.8648003
0.8982462
0.9175409
0.8675509
0.8144002
0.8926961
0.9104647
0.9104349
0.90744
0.9176097
0.8656366
0.909242
0.8711291
0.8824153
0.8780885
0.9131214
0.9104823
0.9090393
0.8845444
0.88774
0.8973309
0.8888492
0.9071291
0.8767128
0.870944
0.8711956
0.8617405
0.8722143
0.917181
0.9138039
0.9190121
0.9144686
0.8655871
0.8603284
0.893236
0.8669481
0.8737457
0.9060144
0.8816476
0.8960866
0.8958491
0.9019735
0.8895376
0.8482836
0.8516885
0.8920181
0.9131338
0.796889
0.9114244
0.9147899
0.8512844
0.8412722
0.9205172
0.8892373
0.9152807
0.8764078
0.90362
0.9081759
0.9056751
0.8487014
0.911378
0.8719316
0.8698435
0.863764
0.8421993
0.8523027
0.9066439
0.8701409
0.8823106
0.9194697
0.8051429
0.8534631
0.9180143
0.8714737
0.9138083
0.8843673
0.8674157
0.8428275
0.9017544
0.9008424
0.8821971
0.9213817
0.8901436
0.8694934
0.8678745
0.8333397
0.8826315
0.8336942
0.8853441
0.8967205
0.9168018
0.9020615
0.9175974
0.9194062
0.847765
0.8860896
0.889932
0.8961619
0.9030829
0.8783092
0.8342715
0.8941352
0.919617
0.8485823
0.8438529
0.8955245
0.9205968
0.9107719
0.9080375
0.9212574
0.8417094
0.9079498
0.8488758
0.8814193
0.8763189
0.9226999
0.921605
0.9145777
0.8821029
0.8950548
0.8897234
0.8750181
0.9127598
0.8491736
0.8385691
0.8200213
0.8246882
0.8384448
0.9183467
0.9144003
0.9159846
0.9131273
0.8467253
0.7997521
0.8884832
0.8387012
0.8602278
0.9045828
0.9189341
0.9027856
0.903925
0.8197554
0.9128515
0.9070738
0.9123514
0.8977931
0.8961196
0.9124969
0.8993218
0.9103409
0.9140077
0.9092683
0.90859
0.9081596
0.9011244
0.897893
0.8020491
0.8974618
0.8409091
0.9020602
0.9015641
0.9185776
0.8898741
0.9086943
0.9088917
0.9075695
0.9103716
0.8869651
0.9059762
0.9120117
0.9096452
0.9061072
0.8996057
0.9160372
0.9003819
0.9016246
0.8980609
0.9059897
0.8280083
0.8316121
0.892799
0.9014452
0.9239093
0.9140533
0.9028547
0.91399
0.9177064
0.9008115
0.9084118
0.9072883
0.9257178
0.8246996
0.9120256
0.9139523
0.8979312
0.9074856
0.9077587
0.9220068
0.8201912
0.898448
0.9006927
0.9213059
0.9156477
0.9124368
0.9016875
0.9004908
0.917798
0.8921043
0.8452158
0.922989
0.8904938
0.8325823
0.9230337
0.8973752
0.8934641
0.93156
0.929354
0.9120997
0.9001765
0.8991372
0.9200963
0.9017397
0.9019409
0.9071787
0.8975102
0.9093393
0.9144758
0.9150467
0.9220884
0.9204303
0.922112
0.9172122
0.9071376
0.9057463
0.9114157
0.8987693
0.9059572
0.8282813
0.9197122
0.8900493
0.8838564
0.922344
0.9071387
0.9098283
0.9137531
0.8802764
0.8851549
0.9143376
0.8924248
0.8914965
0.9236427
0.9232125
0.8970103
0.9340514
0.901657
0.9058599
0.9153245
0.9126228
0.9159658
0.9117292
0.9022283
0.9080868
0.9044336
0.913088
0.9235065
0.9190502
0.9032969
0.906805
0.9165585
0.9054253
0.9105111
0.9136292
0.9111364
0.9161558
0.90381
0.9009897
0.9037922
0.9189563
0.9149801
0.9169225
0.9022889
0.9063311
0.9302301
0.929059
0.9004662
0.9016993
0.8961126
0.9064746
0.9083276
0.8777327
0.8728396
0.9239461
0.890598
0.8919811
0.8996409
0.9072968
0.8980534
0.9102323
0.9102192
0.897598
0.918772
0.9091834
0.9072727
0.905298
0.912188
0.8889955
0.8890642
0.917189
0.9173228
0.9141823
0.9172402
0.921494
0.9021079
0.8977685
0.9071629
0.8628315
0.8634974
0.8789859
0.8992968
0.8880359
0.912614
0.9081766
0.8931375
0.9176893
0.9110727
0.921539
0.9228884
0.9229027
0.9043704
0.9088899
0.9078981
0.9073736
0.9175665
0.9153389
0.9064549
0.9145115
0.9167848
0.925868
0.9126696
0.9072029
0.9048094
0.920401
0.9143587
0.9088085
0.9101258
0.9034686
0.9127589
0.9074623
0.9148356
0.9136435
0.9140608
0.9087486
0.9210225
0.9211649
0.9171361
0.9107269
0.9205728
0.9186821
0.9177441
0.9145968
0.9171961
0.9132696
0.9089274
0.9106094
0.911924
0.9109042
0.9182894
0.9035313
0.9172524
0.9184139
0.907652
0.9099246
0.9215197
0.9194209
0.9173347
0.9102125
0.9060479
0.9097616
0.9169252
0.9162755
0.9097077
0.923272
0.9207859
0.9200974
0.9040618
0.9037229
0.9062422
0.9039606
0.9120641
0.9051407
0.9122687
0.9196489
0.9119416
0.914083
0.9022921
0.9157509
0.9096394
0.9188505
0.9183142
0.8994303
0.9073164
0.9183681
0.9240902
0.9125035
0.9091711
0.9022493
0.9130959
0.9223961
0.9198734
0.9215194
0.9098316
0.9196385
0.909982
0.9039455
0.9082225
0.9090141
0.9121225
0.9110135
0.9073726
0.9048484
0.9138615
0.9097815
0.910641
0.9111382
0.9083375
0.9136741
0.9141815
0.9157347
0.9212839
0.9214723
0.9226176
0.918821
0.9128014
0.9130785
0.9130511
0.9131843
0.9065854
0.9224217
0.8935024
0.9008558
0.8979847
0.8985497
0.8989546
0.8795755
0.8850311
0.9008045
0.9025741
0.8754744
0.9086811
0.9110725
0.8868785
0.87961
0.9140062
0.895144
0.911528
0.8915111
0.9059437
0.9096157
0.9062071
0.8808378
0.9097986
0.8907305
0.8846016
0.8824784
0.8800716
0.8860258
0.9102175
0.8814538
0.8925356
0.9157946
0.8682643
0.8751963
0.9098242
0.8904469
0.9098889
0.8880069
0.8851064
0.8813424
0.9059374
0.9063985
0.8913222
0.9156458
0.9039289
0.8938774
0.8783514
0.8743358
0.8899924
0.8716103
0.8942114
0.8983414
0.9124051
0.8997802
0.9094494
0.9114023
0.8752455
0.8987297
0.8936147
0.9054659
0.9052296
0.8861527
0.872825
0.906238
0.9206222
0.8811133
0.8798918
0.8972463
0.9131494
0.906411
0.9087058
0.9138769
0.8745326
0.9027847
0.8835503
0.8886394
0.8827959
0.9148789
0.9131338
0.9070278
0.8876146
0.8997899
0.899003
0.887351
0.9062767
0.8855884
0.8696593
0.8808095
0.8754116
0.8820025
0.9145055
0.9095437
0.9147514
0.9079376
0.8828556
0.8793525
0.8934179
0.8765311
0.8833489
0.9016077
0.9017156
0.884149
0.8810142
0.9039797
0.8691558
0.8847997
0.889001
0.8753114
0.8897626
0.8761905
0.8965305
0.9004056
0.8861982
0.8791405
0.9080485
0.9016863
0.9005247
0.8617633
0.9023545
0.9008673
0.8968507
0.8778763
0.8984649
0.8904208
0.8415801
0.8831387
0.8867395
0.8939372
0.9107983
0.8057568
0.8653486
0.9076759
0.8756783
0.8856151
0.9081538
0.8788362
0.8991152
0.8563272
0.6407284
0.8810108
0.899755
0.9001838
0.863569
0.9099145
0.9022474
0.9025997
0.8748116
0.8708559
0.8891072
0.8730042
0.8713316
0.8834315
0.9019385
0.9041126
0.8973038
0.8996167
0.8750138
0.8708109
0.8673868
0.8820263
0.8970121
0.8139517
0.8786596
0.8874334
0.913728
0.8760179
0.8783611
0.8830205
0.9017091
0.9060274
0.900812
0.914038
0.8791255
0.9072569
0.8796209
0.8045651
0.8111129
0.8932654
0.8938212
0.8988145
0.8527605
0.8800718
0.8860228
0.8588227
0.8987085
0.8882206
0.8722925
0.8845263
0.8827802
0.8876907
0.9106916
0.9095483
0.9123215
0.9101636
0.8851123
0.8811985
0.8686676
0.8777518
0.8870108
0.9050086
0.9015997
0.8867206
0.8839833
0.9014769
0.8704585
0.882475
0.8875893
0.8756642
0.8934985
0.8757626
0.8984064
0.9014013
0.8902101
0.8833509
0.9083327
0.9061942
0.9021153
0.8639277
0.9014528
0.9027176
0.8960568
0.8773661
0.8998159
0.8895315
0.8408808
0.8805506
0.8866098
0.8920044
0.9109577
0.8061976
0.8661972
0.9074866
0.8726825
0.8841349
0.9057295
0.8770292
0.9012106
0.8579579
0.6606228
0.8853273
0.9011416
0.8994298
0.8645104
0.9107942
0.9046155
0.9018315
0.8725946
0.8749862
0.8919635
0.8707757
0.8702377
0.8840325
0.9050376
0.9000838
0.8985817
0.9012466
0.8788301
0.8718623
0.8662333
0.8833027
0.8986406
0.8130081
0.8780292
0.8882651
0.911392
0.8760828
0.8784682
0.8823232
0.9038067
0.9061901
0.8995576
0.9163132
0.8793842
0.9041351
0.8811979
0.812023
0.8159096
0.8953319
0.8957639
0.903322
0.8547428
0.8829227
0.8826431
0.8581183
0.8968652
0.8855368
0.8706009
0.8856047
0.8793059
0.891921
0.9102374
0.9092862
0.9113701
0.9100937
0.8867011
0.8817126
0.8734316
0.8736962
0.8828652
0.9022453