0.9131742
0.892283
0.8991526
0.9174697
0.8956855
0.8538544
0.8939232
0.8643824
0.9202868
0.8913068
0.916643
0.8656051
0.922476
0.8998795
0.9012305
0.8661801
0.8999131
0.9026149
0.9041905
0.8974648
0.9078933
0.8909646
0.9011437
0.9146931
0.9161586
0.8896311
0.8626374
0.9101473
0.8900055
0.9108829
0.8638664
0.9095891
0.8932618
0.8933308
0.9047825
0.9196925
0.9068323
0.9176417
0.9025986
0.8918422
0.9035257
0.8572574
0.9087877
0.9061972
0.9078523
0.9103025
0.8680827
0.9163562
0.9022506
0.9192768
0.9191174
0.8959555
0.9054668
0.9040459
0.9078167
0.902699
0.9121697
0.8980235
0.8961915
0.8905518
0.8911161
0.8934204
0.896691
0.8948778
0.8950266
0.8916305
0.8946442
0.9209671
0.9086851
0.9111628
0.8996583
0.9237621
0.9247571
0.922471
0.9242977
0.8900454
0.9146134
0.81908
0.9141796
0.8874091
0.9075105
0.9082086
0.9183861
0.9044041
0.8901758
0.8960305
0.9044102
0.898238
0.9129256
0.8988817
0.9030087
0.8981519
0.9085315
0.9174926
0.8994786
0.910116
0.9084195
0.9140446
0.9242967
0.9159895
0.9114431
0.8912616
0.8957472
0.9171738
0.8994977
0.8524809
0.8910586
0.8569535
0.9197511
0.8863291
0.9204685
0.8499654
0.9237092
0.9005047
0.8907728
0.8494771
0.9018374
0.9029443
0.9007242
0.8955857
0.910348
0.8910388
0.898129
0.9152597
0.9127821
0.8863426
0.8441414
0.9120385
0.888711
0.9123658
0.8625581
0.9163214
0.8900953
0.8942639
0.9079974
0.9183573
0.9036106
0.9178034
0.9018117
0.8963106
0.8981999
0.8353264
0.9092384
0.907049
0.91229
0.904519
0.8503608
0.918739
0.900111
0.9196573
0.9196504
0.8935028
0.9038646
0.9024749
0.9070192
0.902118
0.9092441
0.8957237
0.8924011
0.8887542
0.8904984
0.8944894
0.8921615
0.8946485
0.8952402
0.890971
0.8942953
0.9182206
0.9075205
0.9064589
0.8972928
0.922034
0.920885
0.9220747
0.9174823
0.885789
0.9162418
0.8523131
0.9173217
0.8851998
0.9086803
0.9103023
0.9221733
0.9011282
0.8882088
0.8923691
0.8979022
0.898591
0.9102135
0.8979947
0.9098036
0.8933533
0.9042251
0.913678
0.9017613
0.9112158
0.9118708
0.9170775
0.9237133
0.9202752
0.9096481
0.8554351
0.8587632
0.9051015
0.8992455
0.9070804
0.8371117
0.9198595
0.9161304
0.8421213
0.9164624
0.918216
0.9160177
0.8528119
0.9210319
0.9200824
0.9076819
0.915439
0.9184536
0.9071479
0.8990248
0.8502726
0.8498101
0.9116907
0.9084068
0.8916046
0.9056848
0.903395
0.8356335
0.9032028
0.9165569
0.9074946
0.8410629
0.8444531
0.9135026
0.9157197
0.9143952
0.9090398
0.9117069
0.9045486
0.8507564
0.9148761
0.9049516
0.9160667
0.9136838
0.9027793
0.91456
0.9218794
0.9094117
0.9194009
0.9193189
0.9048387
0.9080545
0.9036826
0.9048804
0.9133933
0.9186055
0.9143865
0.9076989
0.8989319
0.9058735
0.9107321
0.9093806
0.9108741
0.9057537
0.9025354
0.9023409
0.920127
0.9021246
0.9033909
0.8530687
0.9111848
0.9102864
0.9142686
0.9116524
0.8481792
0.9092409
0.9021775
0.9077997
0.9030373
0.8547847
0.901021
0.918823
0.9122944
0.9071046
0.9076143
0.8575951
0.9064556
0.9139411
0.9034705
0.9021044
0.897146
0.9073195
0.9155969
0.907605
0.9115254
0.9107865
0.9122863
0.916321
0.9196692
0.8847534
0.9103306
0.9152513
0.8908354
0.9033762
0.9185662
0.9096827
0.9177707
0.8933225
0.9109241
0.8875778
0.9145821
0.9031624
0.9154465
0.9118182
0.9179509
0.8751625
0.892199
0.8912676
0.9142009
0.8673962
0.9103305
0.9192692
0.8878983
0.8824489
0.9126245
0.9149866
0.8869421
0.912114
0.8729118
0.9168686
0.8958857
0.9129649
0.910458
0.8802188
0.8904071
0.8841108
0.8953018
0.9022956
0.8974963
0.9157972
0.915047
0.8804222
0.9122935
0.91334
0.877193
0.9160289
0.8929948
0.9221282
0.8912997
0.8918117
0.8774065
0.8818499
0.8817999
0.8802199
0.882986
0.8776226
0.8868865
0.8777935
0.880892
0.8820589
0.8869343
0.8793963
0.8891606
0.8817415
0.8774695
0.8776044
0.9042434
0.8836519
0.8899641
0.9114728
0.885752
0.8842759
0.8823762
0.8842501
0.9155767
0.8878233
0.914932
0.8859317
0.8999356
0.9187871
0.8782357
0.902106
0.8811486
0.9001394
0.9180217
0.9210252
0.8789343
0.8905506
0.8776567
0.8764625
0.8899953
0.8814669
0.8923903
0.8802688
0.8874151
0.8855329
0.8837951
0.8964809
0.8962858
0.8839399
0.9113543
0.9132669
0.8897965
0.9019594
0.9177504
0.9097941
0.9180581
0.8934993
0.9092555
0.8881203
0.9178722
0.9032835
0.9147488
0.9109574
0.9203996
0.8758198
0.8905141
0.8908137
0.9161937
0.8654269
0.9096349
0.9201171
0.8876095
0.8807849
0.911422
0.9161188
0.8872935
0.9108907
0.8669795
0.9146196
0.8948485
0.9140321
0.9109243
0.8786886
0.8916106
0.8844246
0.8929464
0.9021855
0.8978248
0.9160871
0.9146518
0.8825677
0.9131931
0.9142641
0.8761049
0.9157112
0.8923903
0.920803
0.8906189
0.8908963
0.8756176
0.8834772
0.8793493
0.8775224
0.8835827
0.8789234
0.8829703
0.8765755
0.8818231
0.8795853
0.8841999
0.8756832
0.8859479
0.8809308
0.8773934
0.8771618
0.9048601
0.8814646
0.8855961
0.9108939
0.8862608
0.8850299
0.8831346
0.8837259
0.9151066
0.8870266
0.9143827
0.8866391
0.8963602
0.9150814
0.8783613
0.9005413
0.8800619
0.9003855
0.9192002
0.9207794
0.8765918
0.8869039
0.8777428
0.8786661
0.8894236
0.8790229
0.8925296
0.8781768
0.8884768
0.8873194
0.8843498
0.8941906
0.8959494
0.9145031
0.8464255
0.8519489
0.9055901
0.9040644
0.908872
0.8325663
0.9268301
0.9208463
0.8293795
0.9239229
0.9217298
0.9208613
0.8436991
0.9187841
0.9236766
0.9071634
0.9217536
0.9270279
0.9043643
0.8984865
0.8376898
0.838105
0.9165225
0.9146607
0.8921418
0.9075165
0.9035343
0.8298342
0.9070082
0.9159947
0.9097981
0.8415133
0.8373765
0.9167489
0.9149131
0.913163
0.9065266
0.9202726
0.9075101
0.8446954
0.9177344
0.9081892
0.9201219
0.9201857
0.9054574
0.9215374
0.9262204
0.9083254
0.9199624
0.9199554
0.8997693
0.9036387
0.9065464
0.9028728
0.9114618
0.9199352
0.9089313
0.9026943
0.8972365
0.9054646
0.9099825
0.9089768
0.9090714
0.9036132
0.9020821
0.8995532
0.9209158
0.905537
0.9075315
0.8432194
0.9150044
0.9128588
0.9181175
0.9131418
0.837778
0.9117894
0.9013609
0.9090233
0.9051137
0.8404024
0.9063727
0.9222708
0.9140918
0.9076398
0.9064809
0.8489935
0.9019839
0.9105194
0.9026663
0.9055468
0.9009765
0.9081691
0.9172959
0.9039735
0.9155084
0.9155094
0.9167195
0.9153393
0.9199704
0.9090583
0.8406616
0.8449624
0.9098158
0.895996
0.8989325
0.8291176
0.9108515
0.9204565
0.8302447
0.914553
0.9080829
0.9171072
0.8459041
0.9117583
0.9083704
0.9025875
0.9150053
0.9158639
0.900193
0.9011659
0.3911284
0.8413485
0.9107206
0.9036166
0.8840473
0.8956906
0.9028471
0.8186765
0.9078751
0.8995693
0.9074546
0.8263526
0.8261571
0.9072491
0.918286
0.9091743
0.9091515
0.9131365
0.8974451
0.841616
0.9058404
0.9014885
0.9098991
0.9136
0.904306
0.9095936
0.9199456
0.8990866
0.9180311
0.9176479
0.8957077
0.9060145
0.9014992
0.9032855
0.9087691
0.9187819
0.9041991
0.8948624
0.8929555
0.8960682
0.8990186
0.9014013
0.8989448
0.8938719
0.8946094
0.887261
0.9169784
0.8988022
0.9028878
0.8434606
0.9135525
0.9128223
0.9155202
0.9117616
0.834841
0.9124401
0.8936946
0.9109575
0.8918614
0.8538135
0.9025976
0.9205716
0.909049
0.8944444
0.894962
0.8455003
0.897367
0.9112934
0.9021397
0.900808
0.8971963
0.9045253
0.9206774
0.8989863
0.9160773
0.916041
0.9140804
0.9151863
0.9157672
0.9040255
0.8446649
0.8439634
0.9026878
0.8967563
0.9000505
0.8365531
0.9108625
0.9127822
0.8355195
0.9176913
0.9106129
0.9089502
0.8501406
0.9097685
0.9129367
0.9025446
0.9079355
0.9131254
0.8983898
0.8946819
0.83915
0.8480063
0.9057066
0.9020748
0.8836894
0.8988108
0.8962437
0.8349976
0.8939676
0.9059728
0.8988556
0.8376108
0.8441714
0.9089303
0.9160468
0.9066116
0.9012058
0.9058664
0.8957104
0.8452783
0.9032676
0.8985262
0.9107557
0.9117157
0.8972537
0.9099961
0.9170703
0.895214
0.9145526
0.9143206
0.8943708
0.9059241
0.9041057
0.901839
0.906083
0.9109327
0.9026184
0.8995621
0.8900522
0.9015847
0.902487
0.8993054
0.9017515
0.8968
0.8955836
0.8922011
0.9204711
0.8932755
0.8977689
0.8434626
0.9125263
0.9111401
0.9125035
0.908619
0.8419201
0.9060407
0.8956042
0.9048428
0.8917683
0.8511589
0.8991816
0.9161313
0.9074821
0.894064
0.8970896
0.8514803
0.9021623
0.9127157
0.8976141
0.8992326
0.9011615
0.9014003
0.9153948
0.9044128
0.9082974
0.9092131
0.9079059
0.9091319
0.9120522
0.9163883
0.7838222
0.8582511
0.9104709
0.9049839
0.9026367
0.8408668
0.9228842
0.9232902
0.8482116
0.9189754
0.9141976
0.9215877
0.7564899
0.9189199
0.9140149
0.9045067
0.916
0.9210303
0.904938
0.9056099
0.8442626
0.779061
0.9200463
0.916004
0.8908786
0.9016346
0.9102048
0.8366062
0.9091166
0.9070016
0.9156559
0.8418525
0.8427824
0.9206427
0.9233896
0.9088697
0.9146724
0.9220417
0.9076841
0.7869481
0.9116795
0.9063707
0.9191182
0.9203121
0.9078477
0.9130435
0.925881
0.9050794
0.9187761
0.9183936
0.8961254
0.9039397
0.9084226
0.9087986
0.9121576
0.920709
0.9055826
0.8982252
0.8930588
0.897957
0.9055964
0.9044099
0.907683
0.8953316
0.8956666
0.8923589
0.9225024
0.9057968
0.9045696
0.7833946
0.9189029
0.9175185
0.9193514
0.9158908
0.7245754
0.9198682
0.8972916
0.9158482
0.897537
0.7971711
0.9083357
0.9245107
0.9145091
0.9036899
0.9014977
0.7754769
0.901981
0.9137774
0.9013661
0.9077948
0.8989997
0.9078329
0.9215659
0.9050135
0.9180115
0.9171034
0.9156038
0.9211782
0.9215755
0.9150615
0.9057621
0.9162766
0.9206748
0.903276
0.8726157
0.906004
0.8733267
0.9255356
0.9068539
0.9178254
0.8794098
0.925899
0.9143667
0.902669
0.8737495
0.9124054
0.907951
0.9077462
0.9080737
0.9168784
0.9084635
0.9164725
0.9164557
0.9187478
0.8988715
0.87364
0.9180473
0.9088566
0.9168802
0.8716244
0.917232
0.9084939
0.9131067
0.9158442
0.9244478
0.9136062
0.9267007
0.9029339
0.8997201
0.9148004
0.8636296
0.9161564
0.9076608
0.9105968
0.9144093
0.8725847
0.9211157
0.9144383
0.9229092
0.9223422
0.9056644
0.9138382
0.9087219
0.9149175
0.9097261
0.9114506
0.9114212
0.9081611
0.9035308
0.9004525
0.9011241
0.9059346
0.9038455
0.9062243
0.9059936
0.9070472
0.9210188
0.9152957
0.9153878
0.9105513
0.9229057
0.923281
0.922347
0.9216645
0.9069344
0.9207448
0.8703373
0.9220639
0.8969419
0.9217091
0.915213
0.9251895
0.914532
0.9006052
0.9082449
0.915745
0.9076553
0.9195955
0.9067155
0.912086
0.9077164
0.9104387
0.9188447
0.9096039
0.9170437
0.9165143
0.9202111
0.9270439
0.9171558
0.8998011
0.8702567
0.8823508
0.9058
0.8878436
0.8851412
0.8730464
0.8985929
0.915812
0.8640958
0.9126221
0.8886474
0.9172047
0.8814337
0.8884259
0.8914795
0.8917503
0.8950876
0.898011
0.8832778
0.9025201
0.8697403
0.8831927
0.9109322
0.9062991
0.7805247
0.8878884
0.9046732
0.8713012
0.9053021
0.8749419
0.9052761
0.8756516
0.8694476
0.9040659
0.9127913
0.8984997
0.9103838
0.8992342
0.8877196
0.8783244
0.8905267
0.9043354
0.9036306
0.9015624
0.8983224
0.889391
0.9144295
0.8925722
0.9127426
0.912738
0.8837599
0.8961946
0.8993381
0.8993272
0.8949503
0.9084948
0.8898987
0.8835772
0.8824626
0.8786064
0.8880459
0.8821837
0.8885677
0.8865282
0.8816603
0.8802953
0.912152
0.904267
0.898164
0.8730978
0.911242
0.9134252
0.9102735
0.9101885
0.8661921
0.9094578
0.881433
0.909212
0.8748399
0.8883975
0.901054
0.9113852
0.8951816
0.8737461
0.8893971
0.8808869
0.8885986
0.9066104
0.8880762
0.89525
0.8896748
0.8900788
0.9120137
0.8933377
0.9094288
0.9084331
0.9100508
0.921852
0.9140439
0.9066525
0.9058699
0.9070258
0.9138926
0.9079181
0.9094194
0.9058002
0.9165642
0.9168565
0.9045751
0.9189776
0.9051573
0.9162222
0.9062942
0.8975423
0.9090684
0.9077284
0.9094626
0.9088788
0.797419
0.9074113
0.8982568
0.9037509
0.9122193
0.9086761
0.8950888
0.9080443
0.9127132
0.8986475
0.909527
0.906217
0.9085734
0.9060496
0.9051834
0.9105501
0.9188853
0.9107634
0.9134808
0.9110876
0.9051005
0.9047821
0.9076212
0.9041795
0.9098835
0.9130569
0.9093806
0.9077325
0.9197795
0.9065313
0.9177747
0.9181411
0.9075506
0.9069565
0.9074262
0.9070721
0.9043955
0.910054
0.9057259
0.902863
0.9027655
0.9037316
0.9025608
0.9034757
0.9033893
0.905864
0.9040082
0.9043592
0.9238007
0.9103772
0.9082428
0.9044698
0.9196904
0.9185885
0.9243454
0.9191569
0.9033449
0.914796
0.9057398
0.9156191
0.9030661
0.9064549
0.9090622
0.9208063
0.9073587
0.9043215
0.903753
0.9071788
0.9068633
0.9143611
0.9020974
0.911408
0.899605
0.9067116
0.9154317
0.9062741
0.9136861
0.9134565
0.9112112
0.9158898
0.9114332
0.9165501
0.8931253
0.8945535
0.9145114
0.8987124
0.8667218
0.8985433
0.8728229
0.9245666
0.8902488
0.9182833
0.870355
0.92153
0.8979095
0.9024605
0.871396
0.9044753
0.9128549
0.9114895
0.9005298
0.9093619
0.8942038
0.8978547
0.9206995
0.9137089
0.8971288
0.8544234
0.9086194
0.8914273
0.9130915
0.8838234
0.9106038
0.9006139
0.8945223
0.9148218
0.9219123
0.9114387
0.915922
0.9114649
0.905042
0.8993626
0.854318
0.9100166
0.9173174
0.9185084
0.9070275
0.867902
0.9235323
0.9068631
0.9214176
0.9214478
0.896292
0.9084467
0.9100627
0.9071712
0.9109599
0.9149505
0.9023841
0.9036716
0.8971054
0.9003413
0.9041931
0.9055272
0.902462
0.8955714
0.8979948
0.8963962
0.9199536
0.910387
0.910307
0.8977783
0.9190857
0.9207129
0.9190805
0.9210591
0.8876516
0.9167223
0.8663023
0.9187977
0.8994458
0.8998581
0.9100995
0.9205317
0.9110112
0.9010957
0.8983793
0.8997001
0.8982384
0.9150269
0.901264
0.9038107
0.9017469
0.9067652
0.924523
0.9046732
0.9147659
0.9149201
0.9191301
0.9215285
0.9203712
0.8960087
0.9077535
0.9146717
0.9079394
0.856192
0.9016008
0.9090291
0.8922036
0.9068496
0.9067085
0.9027192
0.8931281
0.9078668
0.9170981
0.8915353
0.8974582
0.8940433
0.8824842
0.8835471
0.9109914
0.8980444
0.9109687
0.9188903
0.8962518
0.8943529
0.8989767
0.9093417
0.9059599
0.9113436
0.8916718
0.8824595
0.9035845
0.907095
0.9130213
0.8963625
0.9108395
0.9002494
0.9080132
0.7904501
0.7541779
0.9146078
0.8973847
0.8941304
0.9003206
0.8996332
0.9013003
0.8921988
0.8993494
0.9091835
0.9053415
0.9047602
0.8930266
0.9005208
0.8933779
0.8994535
0.8953939
0.891258
0.8895529
0.8859092
0.8875847
0.8861961
0.8857486
0.8817678
0.8851615
0.8883912
0.8914802
0.8861161
0.9134251
0.8988443
0.9054629
0.9128525
0.9088081
0.9086714
0.9041535
0.905938
0.9068684
0.9044833
0.8969132
0.8989574
0.8356432
0.9220752
0.8962478
0.9077782
0.8929176
0.8349868
0.909018
0.9146738
0.8973283
0.9050168
0.8893358
0.8904413
0.8936802
0.8850866
0.8983442
0.8974919
0.8981273
0.8982966
0.9029178
0.9153551
0.9039443
0.910239
0.9058878
0.913434
0.9201496
0.903163
0.8783266
0.9069542
0.8800514
0.9217403
0.9054468
0.9184265
0.8846509
0.9188188
0.9137772
0.9022324
0.8812201
0.9113151
0.9038951
0.9
0.9062244
0.9174853
0.9085561
0.918265
0.9146518
0.9080233
0.8991447
0.8915645
0.9197271
0.9122597
0.9155014
0.8641606
0.9143741
0.9067397
0.9146745
0.9102746
0.9257653
0.9137464
0.9187252
0.8940208
0.896502
0.9152512
0.8752359
0.9077424
0.9007186
0.9068034
0.9112125
0.8831482
0.9178422
0.9141131
0.9223564
0.9224981
0.9066119
0.9194923
0.9103945
0.912996
0.9127046
0.9067061
0.9104707
0.9028461
0.904557
0.8991027
0.9000575
0.903387
0.8982019
0.90333
0.9014863
0.9049084
0.9234965
0.9134721
0.9169764
0.9114198
0.9241507
0.9244934
0.9229936
0.9238531
0.9087822
0.9159351
0.8870506
0.9176103
0.8988065
0.9202634
0.9139766
0.9202054
0.9076262
0.8973384
0.9126569
0.9128588
0.9093711
0.916909
0.9056348
0.9067076
0.9108046
0.9028769
0.9155574
0.9101989
0.9136399
0.915094
0.9151594
0.9247448
0.9150108
0.8979967
0.9055648
0.914347
0.9054507
0.7456731
0.9055448
0.9058437
0.9010125
0.9093964
0.9032304
0.9047317
0.9037337
0.9136502
0.9156129
0.898605
0.9018861
0.8987729
0.8941418
0.8954885
0.9071388
0.8952227
0.9091135
0.916182
0.8994368
0.8980209
0.8960113
0.9101272
0.9019538
0.9058391
0.8932803
0.8924691
0.9034675
0.9064877
0.9111927
0.8983256
0.9085449
0.9046913
0.9055386
0.8590972
0.8560578
0.9093196
0.9039511
0.8964463
0.9005705
0.900617
0.9009598
0.8984997
0.9028243
0.9079281
0.9080915
0.9081651
0.8976098
0.9015424
0.8964264
0.8972013
0.8955144
0.8937078
0.8981332
0.8967327
0.8967886
0.888748
0.8934585
0.8923973
0.8910562
0.8958693
0.8942557
0.8958505
0.9180607
0.897244
0.9041377
0.9145642
0.9080512
0.9060177
0.9041886
0.9083951
0.9102318
0.9024767
0.9030643
0.9019059
0.8677037
0.9182859
0.8991612
0.9056141
0.896569
0.8627436
0.9106477
0.9148075
0.8991665
0.9049702
0.8920853
0.8957712
0.8955229
0.8898013
0.9071782
0.9026006
0.8980762
0.8986376
0.8989008
0.9080042
0.9057293
0.9197096
0.904551
0.911134
0.9233244
0.9063718
0.8818172
0.9025702
0.8818874
0.9256081
0.9070187
0.9229133
0.874902
0.9243999
0.9136031
0.9052869
0.8805447
0.9160111
0.9108125
0.9104205
0.911653
0.924118
0.9060136
0.9155325
0.9201057
0.9203581
0.9037375
0.8821602
0.9201886
0.9094555
0.9216251
0.877423
0.9167253
0.9065765
0.9111591
0.9183465
0.9285863
0.9212232
0.9264818
0.9080844
0.9050201
0.9138489
0.8669934
0.9222765
0.9116483
0.9124511
0.9159925
0.8781629
0.9211639
0.9106935
0.9296335
0.9293272
0.9120691
0.9174155
0.9142121
0.9200773
0.9124124
0.9172975
0.9152603
0.9064901
0.9059614
0.9043403
0.9059823
0.9073521
0.9079211
0.9079924
0.9061525
0.9068984
0.9275121
0.9222293
0.9183007
0.9103463
0.926006
0.9251148
0.924063
0.9249239
0.9039092
0.9241231
0.8891828
0.9239647
0.8998513
0.921302
0.9216108
0.9251109
0.9162692
0.8980207
0.9021583
0.9121797
0.9100341
0.9231468
0.9101892
0.9154103
0.9106581
0.9079549
0.9253778
0.9140556
0.922618
0.9228579
0.9242997
0.9280795
0.9200832
0.9123823
0.8920428
0.9021872
0.9147838
0.8962139
0.8629745
0.8954429
0.8674198
0.9227865
0.8931062
0.9196855
0.8622637
0.920878
0.8999783
0.9002311
0.8646964
0.905866
0.9086043
0.9043727
0.9001224
0.9081219
0.8939212
0.9011128
0.9150176
0.9121534
0.8928322
0.858985
0.9117637
0.8947919
0.9112013
0.8717752
0.9123516
0.8964154
0.8939841
0.9144013
0.9226591
0.9102496
0.9186955
0.9072303
0.8989928
0.9001878
0.8546924
0.9097147
0.9108619
0.9126687
0.9056361
0.8594402
0.9186426
0.9087214
0.920315
0.9202323
0.8969286
0.9086537
0.8996624
0.9071874
0.9044228
0.9120899
0.9007365
0.8944724
0.8937621
0.8984534
0.8985009
0.9001017
0.8973055
0.89605
0.8969072
0.8939019
0.9189237
0.9132492
0.9089616
0.895417
0.9207538
0.9203249
0.9208291
0.9181921
0.8900238
0.9148204
0.8624127
0.9189466
0.8938396
0.9022401
0.9093314
0.9207136
0.9069718
0.8953828
0.9008127
0.9009979
0.9022656
0.9168665
0.9004979
0.9024875
0.8975449
0.9072568
0.9181697
0.904733
0.9155384
0.9172309
0.9172531
0.9191653
0.918376
0.9041736
0.8382375
0.8406915
0.9053649
0.8943735
0.8988375
0.8249486
0.9166488
0.9193
0.7653563
0.9192948
0.9113786
0.9131558
0.8467295
0.9109634
0.9104279
0.9031877
0.9136266
0.9173994
0.8986808
0.898461
0.8256721
0.8420151
0.9122613
0.9035154
0.8851229
0.8990285
0.9011116
0.8240581
0.9021579
0.9099933
0.904495
0.8358636
0.8327158
0.9098621
0.9143533
0.9095011
0.9058035
0.910952
0.8979
0.8426795
0.9074188
0.8975002
0.9081368
0.9098672
0.9027952
0.9111781
0.9204139
0.90171
0.9192068
0.9184425
0.8958311
0.9018435
0.9028007
0.901413
0.907381
0.9133951
0.9041418
0.8988283
0.8906724
0.900913
0.9045561
0.9012444
0.9023932
0.8948288
0.8980524
0.8971373
0.9186843
0.8960192
0.9004624
0.8459298
0.9067887
0.9063294
0.9088544
0.9077187
0.8381942
0.9127467
0.8961158
0.9090489
0.8892318
0.8477111
0.9016205
0.9182095
0.9103094
0.8937914
0.8968854
0.8468431
0.9023304
0.9106294
0.8975797
0.9017993
0.8948403
0.9021617
0.9130465
0.9033471
0.9107384
0.9089025
0.9120469
0.9125946
0.9122751
0.914489
0.8929667
0.8989972
0.9183638
0.9006446
0.8583418
0.8965968
0.868615
0.9208387
0.8965366
0.9254157
0.8576843
0.9224373
0.8987209
0.9062795
0.8643814
0.9067534
0.9093673
0.9131041
0.9031254
0.9112981
0.8945595
0.8993402
0.9210869
0.9165033
0.893481
0.8505695
0.914526
0.8937518
0.9124088
0.8760651
0.9161095
0.8967655
0.8984068
0.9072143
0.9202533
0.9115735
0.9190566
0.9125752
0.9039954
0.8981792
0.827813
0.9135816
0.9140994
0.9127125
0.9141078
0.8639075
0.9235245
0.9081055
0.9238201
0.9231384
0.898389
0.9087514
0.9073791
0.9082614
0.9054352
0.9165635
0.9070294
0.8982646
0.8977236
0.900343
0.9053918
0.9050672
0.9027683
0.9007
0.8989243
0.8978943
0.9239157
0.9127095
0.9111033
0.8967219
0.9232194
0.9239752
0.9239793
0.9222
0.8919755
0.9145526
0.8580652
0.9188914
0.8925457
0.9041061
0.912333
0.926181
0.9098725
0.8939659
0.9028028
0.8988744
0.905404
0.9155232
0.9042519
0.9101754
0.900314
0.9063379
0.9223751
0.9087328
0.9173306
0.9145366
0.9183853
0.9246074
0.9188188
0.9017857
0.9066337
0.9140514
0.9177298
0.8940761
0.8985297
0.9065712
0.8924571
0.9202249
0.9075607
0.9151868
0.8933625
0.9192037
0.9136726
0.885481
0.8942615
0.9031865
0.8925002
0.8904753
0.9049063
0.9098732
0.9116757
0.916456
0.9059082
0.9037365
0.8952371
0.9041819
0.9124225
0.9106445
0.9066129
0.8807211
0.9105096
0.9063591
0.9167466
0.9053137
0.9231477
0.9068712
0.9210213
0.887742
0.8879718
0.9157173
0.8905089
0.9027734
0.8897136
0.8911101
0.9016554
0.8924518
0.911027
0.909482
0.917517
0.9171416
0.8984491
0.9054781
0.9007815
0.9083507
0.8981627
0.8993861
0.8956097
0.8975889
0.8953423
0.8908988
0.8875338
0.8953769
0.8894578
0.8940451
0.8949229
0.8968388
0.9202184
0.9118571
0.910673
0.9129862
0.9134251
0.9118441
0.9103212
0.907782
0.9075592
0.9111812
0.8965505
0.9109591
0.8805154
0.9218923
0.9018935
0.9154382
0.9015059
0.8782229
0.9096315
0.9145793
0.9017012
0.9103489
0.9032506
0.8992466
0.9040331
0.8928851
0.9150465
0.9041425
0.9010164
0.899993
0.9043808
0.9199272
0.9080508
0.9122294
0.8908508
0.8987003
0.9107772
0.8927372
0.8592797
0.8932053
0.8683766
0.9225211
0.8864024
0.9197507
0.8563131
0.9209469
0.8954859
0.8986549
0.8629966
0.8996179
0.9021861
0.9025986
0.9009201
0.9083087
0.8919235
0.8981646
0.913326
0.9092486
0.89032
0.8534722
0.9080344
0.8922921
0.9080032
0.8727231
0.9122782
0.8953929
0.895912
0.9111944
0.9172908
0.9060388
0.9136805
0.905672
0.8946946
0.8961918
0.8515252
0.9069524
0.912023
0.9148862
0.9029797
0.8576714
0.9190855
0.9085532
0.9181031
0.9178684
0.8979659
0.9066676
0.8999424
0.9058436
0.9018782
0.9105729
0.9033769
0.8936901
0.8947157
0.8955556
0.8987797
0.8995845
0.8987047
0.8929303
0.8947676
0.8939261
0.9182623
0.9062545
0.9057927
0.8929936
0.9146982
0.9189371
0.917952
0.9177927
0.8861902
0.91215
0.8620311
0.9162885
0.8907291
0.9026101
0.908856
0.9202523
0.9023521
0.8945206
0.8993505
0.8984567
0.901089
0.9144651
0.898909
0.9049581
0.8986641
0.9017063
0.9156729
0.9028631
0.9105555
0.9117163
0.9146545
0.9190778
0.9195129
0.9154385
0.8955471
0.8989128
0.9184628
0.9031064
0.857757
0.8963876
0.8704586
0.9218821
0.8970111
0.9239866
0.8642968
0.9268964
0.9005058
0.9096582
0.8696187
0.9090134
0.9110936
0.9138196
0.904382
0.9111167
0.8945077
0.9019128
0.9198955
0.9184539
0.8960532
0.8537037
0.914195
0.8960469
0.9137723
0.8791413
0.9195939
0.9002912
0.8989727
0.910909
0.9234102
0.9135087
0.9200614
0.9105206
0.9024575
0.9002775
0.8300975
0.9144509
0.9147292
0.9143974
0.9150857
0.8646117
0.9230662
0.9083933
0.9246366
0.924441
0.9000542
0.908876
0.9078138
0.9108258
0.9069602
0.9175429
0.909117
0.902629
0.8995513
0.9012537
0.9079056
0.9044784
0.9056488
0.901531
0.9006281
0.9000361
0.9262689
0.9139293
0.9144985
0.8985017
0.9240776
0.9260804
0.9259687
0.9235519
0.8942983
0.9175287
0.8586007
0.919903
0.8925713
0.9047413
0.9127729
0.9255445
0.9101547
0.8950822
0.9030455
0.9023874
0.9057992
0.9190081
0.9034285
0.9106153
0.902057
0.9070539
0.9242419
0.909517
0.9197168
0.9153617
0.9194747
0.9265226
0.9213958
0.891264
0.8999964
0.9006182
0.8955448
0.8921604
0.9033976
0.9006263
0.9111729
0.8504663
0.8977557
0.8380464
0.9057293
0.9066361
0.8988489
0.9042734
0.9072886
0.7912931
0.8913665
0.8942795
0.9015902
0.872758
0.8990338
0.9050068
0.8931473
0.8911765
0.8966043
0.9001802
0.8939054
0.8984013
0.8843328
0.8950073
0.8968727
0.9025606
0.8961783
0.8320645
0.8332957
0.7932137
0.8974913
0.8988707
0.892812
0.903348
0.9040055
0.8928054
0.9116747
0.9128137
0.8780479
0.9041003
0.8594008
0.9129318
0.8312162
0.8315932
0.6514925
0.8343763
0.8333522
0.8277092
0.8308205
0.8452555
0.7886743
0.7446887
0.7238747
0.7213444
0.7595162
0.7465211
0.7651567
0.7253603
0.699206
0.7111737
0.8332769
0.888133
0.8830986
0.8965814
0.8976917
0.8990033
0.8949837
0.895846
0.8955774
0.8926959
0.8979029
0.8929083
0.8819409
0.9065645
0.8855186
0.9052872
0.8418699
0.8857091
0.9088992
0.9041799
0.7776147
0.7407558
0.8623639
0.8796154
0.8756705
0.8741039
0.8572532
0.778292
0.889305
0.8900624
0.8905104
0.9026153
0.9006287
0.907481
0.904059
0.9157646
0.9253594
0.8998665
0.872459
0.9085126
0.861598
0.91651
0.9037051
0.914612
0.8569947
0.9215763
0.9154985
0.8902334
0.8593346
0.9052685
0.8896264
0.888
0.9019793
0.9210291
0.9077598
0.9184903
0.9141197
0.9118095
0.8846111
0.8792272
0.922953
0.9094208
0.9175416
0.7758469
0.913995
0.9082237
0.9138046
0.9079417
0.9240926
0.9082101
0.923518
0.8875046
0.8947233
0.9178023
0.8621372
0.9130529
0.8989179
0.9018138
0.9144464
0.863183
0.9077567
0.9031084
0.9194432
0.9189399
0.8997844
0.9136719
0.9071642
0.9125546
0.9048392
0.9069482
0.9012879
0.8970383
0.8969741
0.8945337
0.890361
0.8929862
0.8898602
0.8963202
0.8980316
0.8979555
0.9238747
0.9142909
0.9173342
0.9130638
0.9214136
0.9240493
0.9204554
0.9209871
0.905402
0.9178822
0.8788345
0.9206676
0.8886375
0.9253133
0.9151089
0.9194288
0.8989536
0.8877384
0.9000634
0.9135075
0.9042126
0.9160316
0.9020427
0.9041679
0.9004861
0.9002827
0.9166608
0.9053094
0.9081614
0.9056242
0.9108982
0.9273371
0.9174358
0.9119646
0.8912949
0.8983577
0.9091264
0.8942449
0.8575802
0.8956192
0.8686669
0.9219685
0.8907606
0.9215137
0.8589125
0.9187249
0.8953916
0.9047845
0.8624958
0.903451
0.908539
0.9086488
0.8975182
0.9062904
0.8884381
0.8967031
0.9176825
0.9084817
0.8970169
0.8376666
0.9082932
0.8902819
0.9062299
0.8742542
0.9112837
0.8935545
0.8886471
0.9118264
0.9222168
0.910533
0.912115
0.90933
0.8992866
0.8974944
0.8339643
0.9085122
0.9094817
0.9122235
0.9052187
0.8577019
0.922288
0.9030727
0.9190022
0.9190334
0.8961822
0.9034321
0.9060403
0.9089906
0.9074464
0.9131101
0.9007509
0.8960151
0.8969941
0.8997462
0.9033595
0.9017909
0.9040849
0.8965066
0.8970423
0.896927
0.9206789
0.9054942
0.907226
0.8959117
0.915389
0.9164718
0.9161416
0.914868
0.8884938
0.9122739
0.8555205
0.9106248
0.8919909
0.8991022
0.9117563
0.9218538
0.9097522
0.8928506
0.9000961
0.8974378
0.9020037
0.9136217
0.8987644
0.9048734
0.8986396
0.9052914
0.919205
0.9041591
0.9135482
0.9099797
0.9144245
0.9209716
0.9188089
0.9079407
0.8948224
0.897558
0.9095714
0.895554
0.8691575
0.8919886
0.886281
0.9201218
0.8859788
0.9174628
0.8830368
0.9184649
0.8959521
0.9057683
0.8830191
0.9060594
0.9109425
0.9146424
0.9025352
0.9045839
0.8887713
0.8962206
0.9134605
0.912883
0.895764
0.8693154
0.9055232
0.8885184
0.9066829
0.8860252
0.9065746
0.8986025
0.8914798
0.910255
0.920101
0.9091974
0.9114789
0.9074234
0.8995191
0.8943723
0.8747254
0.9050724
0.9093457
0.9155411
0.9068846
0.8832648
0.9190014
0.9033834
0.9205939
0.9203228
0.9023123
0.9037316
0.9045409
0.9049607
0.9080517
0.9143213
0.9028888
0.8980539
0.8987099
0.9040251
0.9029528
0.9041615
0.9041905
0.9018857
0.9027257
0.8989983
0.9249738
0.9055584
0.905964
0.8951517
0.9179191
0.9145602
0.9178725
0.9149177
0.8880955
0.9165908
0.8688334
0.9147229
0.8946638
0.8982164
0.906827
0.9209912
0.9053271
0.89817
0.8997231
0.902701
0.903959
0.9140184
0.8993148
0.9054501
0.902689
0.9024983
0.9152233
0.9040289
0.9099673
0.9096482
0.9125501
0.9191444
0.9160936
0.9059526
0.8931004
0.8950476
0.9057506
0.8938865
0.8688911
0.8881994
0.8845388
0.9184662
0.8834013
0.917356
0.8832198
0.9173688
0.8951909
0.9047515
0.8828706
0.9029067
0.9099199
0.9137875
0.9008134
0.9030233
0.8860704
0.8949798
0.9126082
0.9098275
0.8954021
0.8705702
0.906965
0.889151
0.9060028
0.8868917
0.9063258
0.8977643
0.8906836
0.9077561
0.9203036
0.908567
0.9099357
0.905513
0.8997283
0.8948133
0.8717786
0.9045796
0.910576
0.9162648
0.9049905
0.8836516
0.9182518
0.9007307
0.919473
0.919239
0.8986653
0.9047619
0.9025588
0.9028236
0.9059707
0.9138969
0.901911
0.8950914
0.8960722
0.9007468
0.9025341
0.9038636
0.9045264
0.8991109
0.8998008
0.8958462
0.9228884
0.9043934
0.9044625
0.8931877
0.9181565
0.9145618
0.9160024
0.9159965
0.8868562
0.9162544
0.869415
0.9130697
0.8905246
0.8979027
0.9042981
0.9206288
0.9048387
0.8934978
0.8982662
0.9009769
0.8985256
0.9114768
0.899006
0.9020309
0.8995212
0.9010769
0.915875
0.9017681
0.9097651
0.9084701
0.9111933
0.9179542
0.9139379
0.9081433
0.8940092
0.8985958
0.9098162
0.8987578
0.8763283
0.8910299
0.8893058
0.9199114
0.8881535
0.9184227
0.8838484
0.9190095
0.900276
0.9080019
0.8852283
0.9080899
0.9126018
0.9122529
0.9015283
0.9073754
0.8919828
0.90185
0.9149209
0.9122043
0.8987884
0.8713068
0.9076112
0.8910636
0.9059372
0.8937012
0.9073935
0.9023883
0.8947723
0.9118633
0.922282
0.9089743
0.9094548
0.9092814
0.9021987
0.8970503
0.8708685
0.9075157
0.9103659
0.9139026
0.9088405
0.8883299
0.9211035
0.902194
0.9191344
0.9193933
0.9001416
0.9046941
0.9086786
0.9080447
0.910395
0.9183289
0.9047412
0.8967716
0.8999564
0.9050049
0.9054698
0.9032352
0.9044966
0.8985481
0.9021121
0.8966007
0.9218014
0.9077279
0.9053343
0.8977034
0.9155124
0.9152108
0.916844
0.9155685
0.891439
0.916898
0.8747238
0.9152951
0.8988899
0.9013459
0.9089833
0.9219176
0.9093933
0.8977705
0.899733
0.9055653
0.9046558
0.9143951
0.9032945
0.9037029
0.9049342
0.9037174
0.9143392
0.9054698
0.9144016
0.9149808
0.9153169
0.9208453
0.9174814
0.9109271
0.8873871
0.8949214
0.9070528
0.8991442
0.8753286
0.8930138
0.8948396
0.9215534
0.8820008
0.920177
0.8938662
0.9186224
0.8910752
0.9127237
0.8929165
0.9055774
0.9125975
0.917502
0.8997784
0.907061
0.8898876
0.8956624
0.9150477
0.9133394
0.8971928
0.8754359
0.9034739
0.8869371
0.9092381
0.8997095
0.9040104
0.8975788
0.8848229
0.9121668
0.9185506
0.9096122
0.9086921
0.9147012
0.9005658
0.890621
0.8820319
0.9032564
0.9138103
0.9150175
0.9079478
0.8929163
0.9232832
0.9018777
0.921229
0.9216398
0.8988518
0.9066376
0.9079827
0.9071475
0.9077493
0.9177018
0.9047272
0.9052972
0.8969261
0.9045138
0.9105626
0.9059698
0.9061932
0.89914
0.901521
0.9000803
0.9210145
0.9037472
0.9036271
0.8878756
0.914249
0.9130045
0.9159373
0.9141078
0.8874408
0.9174558
0.8780671
0.9128631
0.8954294
0.889522
0.9080896
0.9207931
0.9133974
0.9007446
0.8996865
0.897736
0.9015443
0.9133943
0.9049017
0.9036026
0.9035644
0.9057397
0.9185335
0.9020969
0.9124229
0.9127312
0.9147087
0.9168448
0.9161503
0.909702
0.8883063
0.8967892
0.9132608
0.8919999
0.8475586
0.8893899
0.8565173
0.916194
0.887889
0.9128654
0.8569016
0.9185795
0.8962952
0.8985072
0.8584155
0.8955577
0.8992109
0.9017107
0.896023
0.9042484
0.8875323
0.8976139
0.9123972
0.913732
0.8844189
0.8546572
0.9070645
0.8864286
0.9081027
0.8578249
0.9074792
0.8893595
0.888645
0.9024884
0.9176249
0.9036474
0.9170704
0.9000293
0.8888234
0.9000546
0.8500192
0.9075633
0.9030875
0.9063422
0.906929
0.8600742
0.9137379
0.8996389
0.91641
0.9161357
0.8918591
0.9018975
0.8990872
0.9036436
0.8987236
0.909782
0.8948259
0.8929083
0.8874801
0.8868957
0.8899231
0.8947059
0.892036
0.8899377
0.8886923
0.8913971
0.9191744
0.907975
0.9083148
0.8944369
0.9212484
0.9228501
0.9199829
0.9207449
0.8858551
0.9114953
0.8125174
0.9125134
0.8847656
0.9046056
0.9063968
0.9164782
0.899717
0.8873391
0.8954559
0.9015102
0.8941841
0.9105182
0.8955464
0.8991676
0.8963786
0.9034241
0.9153071
0.8958038
0.9077659
0.9070841
0.913737
0.9223132
0.9143605
0.9147394
0.8978214
0.905795
0.9165822
0.8953116
0.8568378
0.9007688
0.859812
0.9206702
0.9002925
0.9189772
0.8578531
0.9263245
0.9047364
0.8969474
0.8617128
0.9052322
0.9068914
0.907152
0.9046537
0.9171689
0.8998889
0.9077492
0.9195543
0.9162415
0.8953952
0.8496575
0.9125035
0.9009348
0.9143902
0.8722831
0.9139913
0.8994866
0.9026886
0.9112826
0.9209136
0.9120682
0.9225983
0.905403
0.8997168
0.9016042
0.7915147
0.9122564
0.9091133
0.9100936
0.9091423
0.8559379
0.9174909
0.9110082
0.9207262
0.9206069
0.9033884
0.9086897
0.9045781
0.9126156
0.91083
0.914049
0.9045897
0.9037403
0.8993103
0.8997774
0.9025723
0.9033773
0.9027017
0.8985913
0.9018752
0.8997527
0.9238788
0.9142432
0.9094557
0.9013336
0.9207493
0.9230742
0.9203716
0.9200643
0.8946931
0.9179208
0.863986
0.9183174
0.8978163
0.913493
0.9119039
0.9219398
0.9086474
0.8959508
0.9039352
0.9075013
0.9039233
0.9159908
0.9062022
0.9104525
0.9023098
0.9082063
0.9195043
0.9078232
0.9123011
0.9092195
0.9139736
0.922358
0.9164177
0.9100676
0.9174537
0.920799
0.9132046
0.9060766
0.9149947
0.9187808
0.9143889
0.9161167
0.9147537
0.9161073
0.9100846
0.916269
0.9225325
0.9074361
0.911518
0.9098387
0.9073022
0.9050287
0.9104288
0.9155609
0.9177182
0.9253742
0.9120523
0.9045494
0.911119
0.9182197
0.9165345
0.9159587
0.9121408
0.9132225
0.9149791
0.914364
0.9222729
0.9069127
0.9192098
0.915719
0.9162997
0.8968445
0.904889
0.9244776
0.9168704
0.9080121
0.9099709
0.9095012
0.9142066
0.9124452
0.9151091
0.9195921
0.9217893
0.9211489
0.9132201
0.9111405
0.9086912
0.9108654
0.9074635
0.905393
0.9119211
0.9065401
0.9113646
0.90484
0.9030374
0.9032143
0.9018355
0.9112386
0.9076421
0.9075263
0.9236296
0.9112797
0.9157127
0.9199203
0.9164052
0.9184978
0.9160898
0.9172953
0.9186505
0.9138176
0.9143304
0.9164951
0.9045677
0.9249588
0.9144735
0.9177817
0.9095872
0.9028872
0.9168853
0.9226101
0.9150166
0.9161002
0.9088177
0.9100404
0.9117106
0.9015646
0.9135867
0.9138456
0.9124223
0.9117678
0.9131761
0.9166037
0.9130221
0.8818832
0.9122911
0.9168526
0.8938573
0.9017084
0.9206243
0.9111637
0.9201317
0.8949556
0.9103233
0.8921031
0.9215251
0.9043399
0.9197037
0.9147741
0.9231846
0.8828335
0.8926321
0.8954738
0.9151614
0.86779
0.9126831
0.9172756
0.8851877
0.8864498
0.9143695
0.9149618
0.8862621
0.91099
0.8731314
0.9196512
0.8977878
0.9169695
0.912244
0.8858758
0.8928786
0.8893115
0.8942849
0.9032201
0.9013634
0.9148988
0.918801
0.8844321
0.9186711
0.9164122
0.883926
0.9175976
0.8939287
0.9201025
0.8918452
0.8918871
0.8818809
0.8850713
0.8775819
0.8825953
0.8843111
0.8800216
0.8931583
0.8836
0.8825189
0.8835201
0.8881749
0.8847141
0.8919471
0.883647
0.8779285
0.8801737
0.9097964
0.8877198
0.8907909
0.9147219
0.8861522
0.8860773
0.8853004
0.8866462
0.917073
0.8917424
0.9159806
0.8921816
0.9019258
0.9153359
0.8820014
0.8997902
0.8831635
0.9023634
0.9184569
0.918854
0.8849282
0.8913753
0.8815514
0.8852152
0.8851093
0.8855653
0.8926996
0.884003
0.8919678
0.8907041
0.8877828
0.8972408
0.8978832
0.8860275
0.9057132
0.9095055
0.885548
0.8930784
0.9104169
0.9065401
0.9140678
0.8487693
0.896714
0.8586733
0.9129905
0.9025123
0.9070744
0.9094931
0.9150545
0.837177
0.8947312
0.900951
0.9063971
0.8768579
0.9023284
0.9068122
0.8912474
0.8880901
0.9016098
0.9075522
0.8894278
0.9
0.884003
0.9069007
0.8963211
0.9078528
0.9077316
0.8218844
0.8594237
0.8448192
0.8979938
0.9015111
0.8973512
0.9092746
0.9114132
0.8834255
0.9115563
0.9100104
0.8847763
0.9114256
0.8448974
0.9169093
0.8617316
0.8615794
0.831285
0.8187086
0.8273512
0.7467017
0.8070385
0.8332577
0.850921
0.8363664
0.8299577
0.8301232
0.8506018
0.8368533
0.8523254
0.8317088
0.8264507
0.8300148
0.8830922
0.8843508
0.8826518
0.9025475
0.897178
0.8945053
0.8985265
0.8936756
0.9032847
0.8971227
0.9042412
0.8897446
0.8981401
0.9066919
0.8844192
0.903803
0.8352179
0.8961583
0.9138659
0.9103149
0.8387254
0.8486703
0.8671447
0.8897399
0.8812614
0.8844834
0.8708193
0.8380356
0.8942476
0.893896
0.8930258
0.8994168
0.9001853
0.8939081
0.8984154
0.906942
0.9040683
0.8918329
0.8972771
0.8974035
0.8950018
0.9097676
0.8957448
0.9072136
0.8944907
0.9082896
0.9071395
0.8927446
0.8963594
0.8945049
0.8923984
0.8927457
0.9000536
0.9018913
0.9027325
0.9121144
0.9044856
0.9015007
0.8923744
0.9002128
0.9045521
0.9025076
0.9005994
0.884653
0.907427
0.9021578
0.9072406
0.8959885
0.9075681
0.8964176
0.9082037
0.8911787
0.886319
0.9041649
0.892385
0.8961123
0.9005297
0.907531
0.897223
0.8931905
0.9038767
0.9067584
0.909531
0.9089155
0.8887558
0.8963583
0.8917764
0.9011142
0.8957729
0.8964242
0.890032
0.8844078
0.8797992
0.8830642
0.8817671
0.8846786
0.8852865
0.8838856
0.8825719
0.883804
0.9103591
0.9018297
0.902903
0.8998891
0.9120295
0.9115995
0.9128872
0.9100385
0.8995065
0.9043347
0.8945241
0.9077315
0.8814331
0.9129862
0.9011225
0.9090782
0.8943761
0.8862656
0.906708
0.9070966
0.8930291
0.9012499
0.8888889
0.89643
0.8912208
0.8839868
0.9019053
0.8928456
0.8999144
0.9007928
0.9022238
0.9151155
0.9102405
0.9116102
0.8875701
0.89831
0.9127184
0.8916444
0.8484086
0.8943603
0.8548186
0.9208001
0.8844688
0.9157004
0.85076
0.9218755
0.891955
0.8955785
0.8548424
0.9010839
0.90527
0.9071093
0.9006837
0.9056957
0.8889945
0.8996091
0.9173759
0.9085568
0.8849368
0.8373621
0.9080145
0.8909941
0.9083735
0.866122
0.9091911
0.8911011
0.8920861
0.9080164
0.9227102
0.9067265
0.9178356
0.9004106
0.8971613
0.8936789
0.839443
0.9098423
0.9041037
0.9091996
0.9057232
0.8474802
0.9181227
0.8997452
0.9180552
0.9178971
0.8934387
0.9008871
0.9007357
0.9041076
0.9045881
0.907619
0.8985054
0.8920567
0.8905713
0.8932351
0.8936588
0.895616
0.895587
0.8961767
0.8936999
0.890556
0.916919
0.9089567
0.9061307
0.894382
0.9146596
0.9160874
0.9141418
0.913596
0.8868486
0.9128844
0.8546222
0.91321
0.8859775
0.8998147
0.904365
0.9177785
0.9091655
0.8906869
0.8924715
0.9027848
0.8989914
0.9115019
0.8962432
0.9008282
0.8946602
0.9022636
0.9148681
0.9010871
0.9091687
0.9084963
0.9126496
0.9215334
0.9167376
0.9137178
0.8911045
0.8955671
0.9111017
0.8955946
0.8516146
0.8933256
0.8728927
0.9219442
0.8854973
0.9206982
0.8587027
0.9199215
0.8928208
0.9044027
0.856399
0.9053086
0.9087033
0.9096751
0.9006387
0.9041426
0.888901
0.8953012
0.9169025
0.9106823
0.8962082
0.837637
0.9070077
0.8902545
0.909899
0.8770074
0.9124395
0.8925862
0.8909057
0.913407
0.9204553
0.9093777
0.9135274
0.9092183
0.8974053
0.8938938
0.8379292
0.9069909
0.907784
0.9140453
0.906211
0.8586109
0.9175377
0.904301
0.9183045
0.9185628
0.8958205
0.9043066
0.904767
0.9086096
0.9048842
0.9159577
0.9023668
0.8946107
0.8956291
0.896663
0.9034589
0.902847
0.9056007
0.8933741
0.897318
0.896724
0.9209974
0.904918
0.9085941
0.8904244
0.9146152
0.9170347
0.913945
0.9134391
0.8821756
0.9137218
0.8548846
0.9127851
0.8904586
0.8998913
0.9089612
0.9222423
0.9071525
0.8928976
0.8996385
0.8977113
0.9012797
0.914192
0.9025538
0.9047722
0.9005816
0.9062951
0.9183931
0.9041775
0.9160394
0.9148891
0.9144181
0.922475
0.9191737
0.9082412
0.8916933
0.8996542
0.9173787
0.8946452
0.8673681
0.8938973
0.8741683
0.9155591
0.8893945
0.9119097
0.8726294
0.9190289
0.8972104
0.8956604
0.8732223
0.9006707
0.9045344
0.9023569
0.9001174
0.9084525
0.895338
0.9025078
0.9160262
0.9101547
0.886367
0.8741909
0.9124752
0.89536
0.9081507
0.8200079
0.9128577
0.8909137
0.8934387
0.9060986
0.9186576
0.9025804
0.9111677
0.8955967
0.8954006
0.8999071
0.869599
0.9078166
0.9057455
0.9041699
0.9042508
0.8728481
0.9127671
0.8964356
0.9151688
0.9149373
0.894699
0.9057219
0.9016126
0.9094876
0.9050279
0.9085635
0.8954955
0.8950095
0.8933915
0.8939023
0.8952716
0.8978417
0.8943959
0.8964489
0.892408
0.8940876
0.9173942
0.9082592
0.9045047
0.8998752
0.9181128
0.9177138
0.9188227
0.9166229
0.8920598
0.9144643
0.8648467
0.9146457
0.8838575
0.9057399
0.9102627
0.9174544
0.9060001
0.8902231
0.8923473
0.9003172
0.8978544
0.9114359
0.897776
0.8994703
0.8990319
0.8992619
0.9146507
0.8985641
0.9083983
0.9089657
0.911347
0.9236756
0.9185081
0.8962558
0.8947847
0.8927543
0.9087336
0.8877744
0.8964657
0.8936397
0.9068409
0.9056031
0.890003
0.9061261
0.8997053
0.9138929
0.8995811
0.8901704
0.9051831
0.8901191
0.8956925
0.900281
0.8935628
0.8948118
0.8919087
0.896353
0.9048117
0.8964444
0.8888231
0.8982766
0.9009753
0.8965705
0.9026616
0.8906949
0.9065354
0.8927332
0.8948691
0.8976495
0.907968
0.8916791
0.9085708
0.897511
0.8887541
0.8982323
0.9023615
0.8951663
0.910764
0.9106626
0.9002096
0.8966135
0.9073592
0.9045367
0.910533
0.910336
0.8728561
0.8928031
0.8886337
0.8879323
0.8857759
0.8973334
0.8850094
0.8732515
0.873087
0.8750512
0.8802397
0.876989
0.8813315
0.8733818
0.8733838
0.8751581
0.9074887
0.895937
0.8966278
0.8944321
0.9108155
0.9083013
0.909579
0.905655
0.8910374
0.9103214
0.8912561
0.9064516
0.8776766
0.9008536
0.9022423
0.908294
0.8894527
0.878397
0.9015548
0.8958492
0.8846112
0.8956594
0.8863711
0.88855
0.8859461
0.8810702
0.9062288
0.8873723
0.9022464
0.9036901
0.9067356
0.9138897
0.9044287
0.9151356
0.8894746
0.8968024
0.9153435
0.8905692
0.8513786
0.8975461
0.8611059
0.9196015
0.8869437
0.9176197
0.8550935
0.9224183
0.894221
0.8972104
0.8581255
0.8997088
0.9058311
0.9094806
0.8961616
0.9063343
0.8873306
0.8987392
0.9142298
0.9094708
0.8834117
0.8393138
0.9042768
0.8908379
0.9093959
0.8738466
0.9117939
0.8965088
0.8916763
0.910594
0.917524
0.9067356
0.9179994
0.9049153
0.8963663
0.8992873
0.8406365
0.9089503
0.905793
0.90474
0.9052616
0.8551698
0.921737
0.8991426
0.9168891
0.9169973
0.8945721
0.9039411
0.9049492
0.9047432
0.9047142
0.9123051
0.8998728
0.896815
0.892116
0.8956186
0.8973959
0.8956623
0.8973986
0.8927176
0.8944705
0.89052
0.9170452
0.9103007
0.9063737
0.8962684
0.9166637
0.9193959
0.9177249
0.9162623
0.8879959
0.911516
0.8529143
0.9107873
0.8912126
0.9052338
0.9083357
0.9196825
0.9059725
0.892602
0.8955617
0.9017651
0.900108
0.9096174
0.9037576
0.9069257
0.8958326
0.9022715
0.9174718
0.9009368
0.9122439
0.9134396
0.9156272
0.9251173
0.9158643
0.9095231
0.8937032
0.895327
0.9202756
0.9014668
0.8606622
0.8945718
0.8682205
0.9181691
0.8915375
0.9173638
0.8639422
0.9182144
0.8972749
0.894285
0.8711338
0.9026992
0.9017483
0.9046174
0.8932474
0.9135802
0.8901047
0.9008449
0.9169
0.911412
0.8886517
0.8662499
0.9126606
0.8900036
0.91159
0.865686
0.9091458
0.8952573
0.8945779
0.9051995
0.9219341
0.9067227
0.917706
0.9069197
0.8978076
0.8995233
0.8625923
0.9113978
0.9036725
0.910609
0.9081407
0.8668034
0.9156694
0.8987744
0.9239964
0.9242878
0.8955798
0.9057961
0.9035292
0.9058274
0.9010902
0.9105766
0.8981105
0.8950909
0.887782
0.8915496
0.8942322
0.8968705
0.8916889
0.8924821
0.8917757
0.8907321
0.9204725
0.9097736
0.9069064
0.9001261
0.9199508
0.920776
0.9205947
0.9165812
0.8893932
0.9186506
0.8601346
0.9177981
0.8868167
0.9033215
0.9083596
0.9176113
0.9040404
0.8920413
0.8946216
0.8995819
0.8997087
0.9139929
0.8973682
0.9042354
0.8944687
0.9040148
0.9185447
0.9028588
0.9120301
0.9098527
0.9151798
0.9257462
0.910543
0.9131261
0.9051194
0.9167936
0.9198131
0.8995215
0.8541809
0.9069734
0.8504414
0.9197537
0.907793
0.917284
0.8570615
0.9239936
0.9154548
0.8952052
0.8561882
0.9096916
0.898665
0.8997862
0.9065134
0.9176312
0.9078787
0.918683
0.917969
0.9121568
0.8988052
0.8709137
0.9196533
0.9120338
0.9100836
0.8573144
0.9126238
0.9086146
0.9170285
0.90934
0.9284497
0.9188372
0.9201578
0.8948634
0.8943872
0.9187312
0.8529546
0.9106215
0.9056751
0.9059751
0.9101675
0.860242
0.9124564
0.9101259
0.9256299
0.9256583
0.9065115
0.9140299
0.9076387
0.9127355
0.9068624
0.9062545
0.9073701
0.9029245
0.9019537
0.9024223
0.8979754
0.9052085
0.899215
0.9053052
0.9049948
0.9078622
0.9246434
0.9188198
0.9173475
0.9160138
0.9235722
0.9243302
0.9216114
0.9226285
0.9102582
0.9187963
0.8657726
0.918289
0.8934779
0.9261146
0.9146458
0.9218266
0.9071808
0.8921508
0.904636
0.9183681
0.912267
0.9185732
0.9078392
0.9080971
0.9051184
0.9012843
0.915921
0.9120096
0.9094013
0.9109055
0.9121401
0.9231406
0.9162593
0.9093159
0.9001361
0.9072999
0.9120313
0.8969418
0.8616347
0.902235
0.8642505
0.9180843
0.9016055
0.9144321
0.8669895
0.9180535
0.9057761
0.8980987
0.8647538
0.9090168
0.9039773
0.9058468
0.899294
0.9096388
0.9008345
0.9066881
0.9169343
0.9094035
0.8981394
0.855724
0.9130621
0.9004645
0.9090586
0.8719689
0.912444
0.9013165
0.9034254
0.9072685
0.9240118
0.9101219
0.9153905
0.896733
0.8916065
0.9060847
0.8573904
0.9023284
0.9054749
0.9089923
0.9089876
0.8651242
0.9159746
0.9090346
0.9198774
0.9198328
0.9035976
0.9092636
0.9066184
0.905948
0.9056865
0.9120684
0.9077508
0.9027688
0.8992637
0.9014374
0.9025021
0.9014903
0.9014865
0.9025434
0.901604
0.8993119
0.9228974
0.9101899
0.9106133
0.9017298
0.9211428
0.9217785
0.9192863
0.9203425
0.8988979
0.91243
0.8610275
0.9140149
0.898122
0.9112208
0.906367
0.9180944
0.9067037
0.8942811
0.9081916
0.9091265
0.9075621
0.9151083
0.9011659
0.9065598
0.9051925
0.9035123
0.9150881
0.9087075
0.909655
0.9087548
0.9124611
0.9207481
0.9148808
0.9043008
0.8912175
0.8968949
0.9120559
0.9027822
0.904634
0.8931236
0.9127355
0.9205737
0.8903953
0.9201532
0.9050349
0.9186104
0.8960032
0.9100273
0.9112674
0.9051573
0.9110712
0.9143134
0.8945748
0.9085521
0.8886815
0.9011033
0.9170276
0.9072061
0.8949646
0.9009926
0.9093395
0.8959717
0.911359
0.9000561
0.9061842
0.8955498
0.8888555
0.9120496
0.9214639
0.9097084
0.9123748
0.9103784
0.9019679
0.901647
0.9080635
0.9037613
0.9102833
0.9084601
0.9063373
0.9054942
0.925944
0.9049476
0.9214616
0.9211899
0.8979155
0.9099268
0.9058277
0.9064432
0.9053193
0.9147671
0.9041894
0.9029737
0.8939455
0.9024302
0.9023879
0.9005306
0.902717
0.8993211
0.8986138
0.9017253
0.9246834
0.9058717
0.9089614
0.8961608
0.9182925
0.917966
0.9180937
0.9157477
0.8951036
0.9128398
0.9037158
0.9144366
0.896529
0.900676
0.9077679
0.9192916
0.905402
0.9005533
0.9014527
0.89693
0.9080669
0.9128832
0.9036162
0.9061172
0.9002104
0.9037623
0.919395
0.9092562
0.915161
0.9131519
0.9155349
0.9200763
0.9171579
0.9078905
0.8959638
0.9045683
0.9147828
0.8953392
0.8597626
0.8972937
0.8588857
0.9209501
0.8952528
0.915996
0.8528657
0.9199014
0.9029724
0.8932416
0.8567531
0.8986306
0.9011925
0.9008436
0.9003282
0.9103015
0.8960084
0.9052051
0.9111794
0.9087299
0.8923762
0.8487228
0.9159628
0.8985727
0.9107264
0.8676306
0.9135032
0.8978709
0.9002754
0.9057997
0.9192588
0.9047057
0.9188924
0.8998507
0.8978776
0.899837
0.8416923
0.9050908
0.9066928
0.9088314
0.9049874
0.8539215
0.9187639
0.900355
0.9196814
0.919826
0.8978516
0.9069743
0.9016847
0.9088476
0.9004175
0.9062983
0.9000655
0.8930542
0.8896182
0.8941525
0.8917084
0.8968173
0.8925517
0.8946389
0.8931231
0.8947426
0.9186648
0.9065674
0.9084427
0.8964155
0.9203468
0.9206793
0.9208026
0.9193463
0.8929748
0.9123704
0.8598354
0.915083
0.892616
0.9063043
0.9056332
0.9186821
0.9051891
0.892827
0.8991509
0.9068481
0.902317
0.911329
0.902292
0.9031348
0.902659
0.8997045
0.9136683
0.9012075
0.9119838
0.9090193
0.9132136
0.9244037
0.9182289
0.9136966
0.8952127
0.8988348
0.9272766
0.9046646
0.9001418
0.9006733
0.9097622
0.9251144
0.8971272
0.9211396
0.9015569
0.9241783
0.9029558
0.901728
0.9010026
0.9118322
0.9101475
0.9138299
0.8954018
0.9176059
0.8945956
0.9045527
0.9223368
0.9199751
0.8892664
0.9003353
0.9212578
0.8964205
0.9152031
0.8900282
0.9168295
0.8994271
0.8945938
0.9156675
0.9234469
0.9126425
0.9249411
0.9106807
0.9046264
0.9042137
0.9041254
0.9134026
0.911925
0.9152397
0.917924
0.9012135
0.9247127
0.8431864
0.9276937
0.9274547
0.8987812
0.9155503
0.912349
0.9148666
0.9106094
0.9172216
0.9026772
0.8987765
0.8978102
0.8989098
0.9013626
0.9034964
0.9006384
0.8984186
0.8989227
0.8964683
0.9256914
0.9145804
0.9151172
0.9038079
0.9280218
0.9269627
0.9258433
0.9262628
0.8931806
0.9266904
0.8984366
0.9258554
0.8960883
0.9116433
0.9211891
0.9253322
0.9132811
0.8927807
0.8270117
0.9059559
0.9067116
0.9178315
0.9113048
0.9130929
0.903448
0.9091414
0.9210602
0.9094093
0.9226938
0.9220836
0.9231047
0.9262252
0.9225872
0.9117053
0.8902364
0.8971329
0.9155504
0.8942453
0.890039
0.8947349
0.8975127
0.9175708
0.892548
0.9181738
0.8971818
0.9197518
0.9004903
0.9020422
0.895857
0.903637
0.9018563
0.9029856
0.8997978
0.9118597
0.8902921
0.8980341
0.917946
0.9128478
0.869838
0.9029162
0.9148738
0.8922028
0.9133224
0.8839951
0.9129987
0.8925334
0.8927969
0.909507
0.9191467
0.9093404
0.9195394
0.902117
0.8990226
0.9006193
0.8956177
0.9087532
0.9101108
0.9132329
0.9115054
0.8932607
0.9216527
0.8998926
0.921691
0.9214566
0.8964299
0.910295
0.9060766
0.9117176
0.9091266
0.9112225
0.9001311
0.8955779
0.8906938
0.8928375
0.898129
0.8978065
0.8975311
0.8954265
0.8952416
0.8929876
0.9207963
0.9118727
0.9115428
0.8956768
0.9205022
0.9232753
0.9184736
0.9197693
0.8900679
0.919081
0.8963959
0.9198728
0.8914954
0.9085487
0.9133262
0.9187976
0.9069067
0.8919922
0.8995437
0.9020648
0.8996499
0.9120981
0.9039426
0.9097907
0.904474
0.8965467
0.9171481
0.9002052
0.9154609
0.9124411
0.9133654
0.9216122
0.9188834
0.8978245
0.9123428
0.9178048
0.904745
0.8674875
0.8995108
0.9097583
0.8912861
0.9077601
0.9133584
0.9049929
0.8925714
0.9123542
0.9194702
0.8927679
0.8963926
0.8978978
0.8876175
0.8887266
0.908037
0.9010317
0.9151339
0.9233425
0.9009706
0.8938436
0.8964689
0.9117489
0.9093867
0.913025
0.8975279
0.8845269
0.9103855
0.9072377
0.9156648
0.8930385
0.911404
0.9017164
0.9117926
0.6914441
0.8063558
0.9195069
0.8975207
0.8955851
0.899554
0.8982506
0.8953555
0.8967376
0.8980333
0.9143106
0.906175
0.9057869
0.8973164
0.901824
0.8909982
0.8989198
0.895249
0.8909874
0.8914619
0.8913399
0.89232
0.8842044
0.8828625
0.8867186
0.8845957
0.8894917
0.8921341
0.8919399
0.9168039
0.8983835
0.907967
0.9183277
0.9053483
0.9064436
0.9046042
0.9037776
0.9125112
0.9025692
0.905423
0.9019566
0.8456863
0.9260684
0.9029776
0.9066108
0.8976172
0.8377955
0.911784
0.9180756
0.8965121
0.9020389
0.8907523
0.89726
0.8934117
0.8817248
0.9035078
0.8990845
0.8979855
0.9006411
0.9008217
0.9157986
0.9056469
0.8796236
0.9034291
0.9065884
0.8850267
0.8964048
0.911561
0.903883
0.9150582
0.8891719
0.9015081
0.8841843
0.9124565
0.8991316
0.9090172
0.9076582
0.9152351
0.8774637
0.8895384
0.8918676
0.9089858
0.8604976
0.9032384
0.9112461
0.8786121
0.8784918
0.9102732
0.9084926
0.8831366
0.9042068
0.8659389
0.9117146
0.8942008
0.9096845
0.9054074
0.8755591
0.887733
0.8826534
0.8888967
0.8987509
0.8938252
0.9096563
0.9110474
0.876462
0.9133894
0.9109794
0.8782753
0.9120956
0.8886802
0.9149498
0.8872606
0.8877768
0.8713828
0.8778416
0.8709456
0.8731728
0.881444
0.8739949
0.8797925
0.8751727
0.8741126
0.8706084
0.8798685
0.8736592
0.8815813
0.8734569
0.8732538
0.8707632
0.9048717
0.8822168
0.8836279
0.9072284
0.8798209
0.878994
0.8795475
0.8791765
0.9066303
0.8774463
0.9080599
0.8801161
0.8916139
0.9123357
0.8737956
0.8933703
0.8770589
0.8942459
0.9142152
0.910992
0.8732461
0.8859737
0.873454
0.8742506
0.8798335
0.8773324
0.8915314
0.8737917
0.8827218
0.8794096
0.8807303
0.8948614
0.8894243
0.912392
0.8972948
0.8948148
0.9157802
0.9025544
0.8803561
0.8957849
0.8902493
0.9226533
0.8926885
0.9196738
0.8876002
0.9233134
0.9030364
0.9107932
0.8909696
0.9064792
0.9177737
0.9185235
0.9006026
0.9106779
0.8945079
0.9017102
0.920031
0.914845
0.9002254
0.876268
0.9085368
0.8917836
0.9106731
0.8901504
0.9094324
0.9023239
0.8939275
0.9167432
0.9234288
0.9146071
0.9170223
0.9138616
0.9045428
0.9015397
0.8829846
0.91343
0.9144862
0.9184596
0.9120704
0.8902497
0.9200336
0.9046241
0.9227073
0.9229244
0.9012007
0.909981
0.9108244
0.9122031
0.9106357
0.9198969
0.9091464
0.903493
0.9003035
0.9066183
0.9077402
0.905064
0.9050512
0.9031096
0.9018916
0.9024873
0.92565
0.9129844
0.910102
0.898618
0.9198681
0.9219437
0.9217236
0.9202391
0.8934537
0.9155821
0.8787845
0.9217041
0.8991252
0.9035484
0.9136872
0.9251144
0.9108798
0.900848
0.8986272
0.9022246
0.9028946
0.9172438
0.9042481
0.9122757
0.9025665
0.9098756
0.918503
0.9035147
0.9183673
0.9141176
0.9195342
0.919454
0.9230093
0.9168298
0.9065823
0.9128572
0.9184531
0.9011293
0.8632846
0.9033314
0.8589624
0.9221222
0.905401
0.9207683
0.8606931
0.9231546
0.9152049
0.8992593
0.8594623
0.9099657
0.9079215
0.9034324
0.9065301
0.9161857
0.9039378
0.9130049
0.9179023
0.9154804
0.9000109
0.8617093
0.916974
0.9047179
0.9131664
0.8751187
0.9163566
0.9046415
0.9107489
0.9120829
0.9262975
0.9170612
0.9245714
0.9047431
0.901089
0.9142533
0.8269268
0.9134906
0.9116735
0.909853
0.914706
0.865406
0.9171271
0.9143891
0.9225883
0.9223934
0.9083637
0.9167452
0.9125833
0.9149857
0.9089299
0.9102723
0.9121405
0.9074683
0.9027388
0.9044645
0.904692
0.9091885
0.9045895
0.9083012
0.905253
0.904117
0.924664
0.9160596
0.9145038
0.9073501
0.9262543
0.9268667
0.9251815
0.9255887
0.9005983
0.9169569
0.8673591
0.918828
0.8985953
0.9208429
0.9163548
0.9221571
0.913756
0.8963654
0.9083352
0.9116635
0.9107586
0.9173675
0.9075783
0.9117208
0.9080378
0.9108851
0.92148
0.912657
0.9144832
0.9143291
0.9178669
0.9234624
0.922359
0.9085731
0.9024688
0.9110358
0.9179496
0.8996139
0.8642457
0.9070363
0.8544746
0.9226604
0.9042882
0.9175482
0.8423993
0.9234351
0.9125394
0.8954576
0.8409378
0.9041831
0.9034841
0.9027471
0.9072784
0.9186674
0.9043247
0.9142083
0.9172394
0.9129671
0.894706
0.8496163
0.9186928
0.9034994
0.9122801
0.8626535
0.9119606
0.9038413
0.9072442
0.9067176
0.9274908
0.9103615
0.9211776
0.8961597
0.8951575
0.9104173
0.8450096
0.9099458
0.9044868
0.9056497
0.912093
0.8461334
0.9144408
0.9103927
0.9209827
0.9205229
0.9049591
0.9144815
0.9041492
0.9119943
0.9100352
0.9059241
0.9008193
0.9033387
0.9006191
0.8953725
0.8988642
0.9018585
0.8974712
0.9018041
0.8995477
0.9026475
0.9226948
0.9174695
0.9148583
0.9055197
0.9238799
0.9228982
0.9215769
0.9198985
0.9034333
0.9174338
0.8698651
0.9174105
0.8976759
0.9236834
0.9106123
0.9184002
0.9025003
0.8915058
0.9060652
0.913517
0.9022675
0.9146006
0.9061794
0.9049779
0.9058099
0.9028549
0.9144295
0.9034796
0.9133366
0.910895
0.9159031
0.923406
0.9170625
0.8975479
0.9114013
0.9171531
0.9094623
0.8618894
0.906725
0.910293
0.8944054
0.9049128
0.9069325
0.9075846
0.8948175
0.9065806
0.9191534
0.8932777
0.902988
0.8930439
0.8874614
0.8895347
0.9044269
0.896636
0.9134884
0.9192577
0.8987993
0.8976523
0.8960366
0.9109938
0.9055599
0.91239
0.8936178
0.8851321
0.9069891
0.9081413
0.912395
0.8965431
0.9121515
0.8989299
0.9113185
0.8177702
0.8237573
0.9178965
0.8995556
0.8932018
0.9064266
0.9020378
0.8995043
0.8992814
0.9013477
0.9132225
0.9081758
0.9078666
0.8946173
0.9009953
0.8952296
0.8971496
0.8920528
0.8917372
0.8934168
0.8891991
0.892065
0.8868206
0.8816264
0.8830258
0.8868425
0.8902536
0.8898342
0.8867397
0.9167655
0.8968738
0.9025843
0.9151575
0.9087514
0.9083832
0.9062456
0.9067422
0.9123742
0.9008882
0.9061803
0.8991674
0.8428577
0.9247062
0.8959544
0.9084132
0.8919579
0.8356734
0.9127113
0.920498
0.8931147
0.9037325
0.8926218
0.8903237
0.8944709
0.885637
0.9006962
0.8934464
0.8983015
0.8978008
0.90042
0.9155032
0.9037079
0.9107073
0.7965911
0.8584256
0.9114701
0.901153
0.904475
0.8383995
0.9166491
0.9169779
0.8513245
0.9186545
0.9140611
0.9206124
0.7992843
0.9128062
0.9141111
0.9024433
0.9147456
0.9180339
0.8993693
0.9022044
0.8465012
0.7932084
0.9190751
0.9106378
0.8921799
0.9026217
0.9086761
0.840998
0.9054125
0.9060045
0.9119166
0.844053
0.8454521
0.9131742
0.9179999
0.9071356
0.9115606
0.9133536
0.9069068
0.7966873
0.9053514
0.9045133
0.9151859
0.9165321
0.905843
0.9114607
0.9232146
0.9050974
0.9186067
0.9190102
0.8964556
0.9041962
0.9059196
0.9046782
0.9112029
0.9191299
0.9069553
0.8969621
0.8954379
0.8977987
0.9012543
0.9013451
0.9043055
0.8966171
0.8956456
0.8942679
0.9181655
0.9044081
0.9075462
0.7965234
0.9169299
0.9170936
0.9181992
0.9161209
0.7837102
0.9142008
0.9006209
0.9161914
0.8984484
0.8126952
0.9106654
0.9227103
0.9117493
0.8979819
0.9061528
0.7647199
0.8982877
0.9120569
0.8998153
0.9102162
0.9032166
0.9026002
0.9175735
0.9019041
0.9176209
0.9154703
0.9129964
0.9198514
0.9162214
0.9047464
0.8816276
0.8922284
0.9153237
0.8962572
0.8892646
0.8816256
0.897772
0.9192762
0.8789963
0.9130112
0.8932178
0.9191727
0.8920349
0.8926395
0.8933343
0.9034799
0.8970375
0.8992406
0.8893735
0.9078116
0.8831178
0.8984101
0.9134766
0.9076845
0.797944
0.8945427
0.9102431
0.8840015
0.9101568
0.8828285
0.9079425
0.8781822
0.8817111
0.9082051
0.9170453
0.9105622
0.9149736
0.9005665
0.8939477
0.8914619
0.8921558
0.9037315
0.9023352
0.9046106
0.9057569
0.8940984
0.917124
0.899701
0.9196751
0.9193277
0.8912163
0.9060262
0.9028573
0.9069958
0.9051706
0.9072217
0.8971391
0.8945165
0.8904085
0.8924256
0.8922875
0.8931521
0.8938147
0.894687
0.8918426
0.892213
0.9152303
0.9041784
0.9061252
0.8893499
0.9206807
0.9207851
0.9178566
0.9172767
0.8825004
0.9121115
0.88852
0.910654
0.8831807
0.9024823
0.9094906
0.9184887
0.8997769
0.88611
0.8966591
0.8924228
0.9013224
0.9107225
0.8962408
0.8988736
0.8983088
0.8951563
0.9116806
0.9031681
0.9090455
0.9098144
0.9086891
0.9198795
0.9118255
0.9138999
0.9015453
0.9030373
0.9215858
0.8968441
0.8539815
0.8960052
0.8585881
0.9189908
0.8933148
0.9179994
0.8566002
0.917671
0.9060164
0.89889
0.8564205
0.9002758
0.897629
0.8982694
0.9033401
0.9140792
0.8979245
0.9031945
0.9134308
0.9100438
0.8874214
0.8594202
0.9161828
0.9001397
0.9134411
0.8542694
0.908181
0.8998689
0.9004592
0.9021124
0.9191189
0.9058355
0.919472
0.8976753
0.8945898
0.903614
0.8468077
0.9101884
0.9025112
0.9071647
0.9081843
0.8568316
0.9157384
0.9055311
0.9201439
0.9200237
0.8972846
0.9098918
0.9046753
0.9085966
0.9049879
0.9076978
0.901042
0.8926648
0.8907407
0.8932353
0.8956613
0.9012448
0.892124
0.8950465
0.8958643
0.8968688
0.9169709
0.9116499
0.9132094
0.9012106
0.919861
0.9175585
0.9161575
0.914503
0.8940359
0.9174296
0.8592741
0.9212438
0.8877147
0.9131104
0.9128271
0.9190735
0.9067104
0.8911
0.8936652
0.9038606
0.8997271
0.9128761
0.9023426
0.9044435
0.8971404
0.8984474
0.9147352
0.9059595
0.9105215
0.9085335
0.9143292
0.9218696
0.9189714
0.8833486
0.901264
0.9079955
0.8972169
0.8888968
0.9054127
0.8986212
0.9072386
0.8433829
0.8977738
0.8310384
0.9017314
0.9006343
0.9030411
0.9010199
0.9022224
0.7883704
0.8874139
0.8901306
0.9042935
0.8776763
0.9039237
0.9044663
0.8903843
0.8866441
0.8998917
0.9015386
0.8958423
0.9001814
0.8831211
0.8942905
0.9006103
0.8994359
0.9027182
0.8298034
0.827383
0.7901148
0.9015509
0.891339
0.8877007
0.910856
0.9044075
0.8870001
0.9065632
0.9075372
0.8764646
0.9014372
0.8534642
0.9155498
0.8210825
0.8211124
0.6828389
0.8316145
0.8267531
0.833415
0.8282476
0.8371654
0.7847468
0.7496431
0.7408869
0.725624
0.7659113
0.7518263
0.770708
0.7435635
0.7175876
0.7252378
0.8309001
0.8888929
0.8920881
0.9019105
0.8975134
0.8963027
0.8977641
0.8905162
0.9010697
0.8909899
0.9032839
0.895028
0.8863073
0.9110462
0.8799229
0.9038705
0.8356469
0.886478
0.9097703
0.9085368
0.7837667
0.7347372
0.8604599
0.8820701
0.8753532
0.8748249
0.8513489
0.7865689
0.8849666
0.8850367
0.8891444
0.9044967
0.9003282
0.9126055
0.9171517
0.9259667
0.9269126
0.9018317
0.8792987
0.9182322
0.8542382
0.9247864
0.9204619
0.9179689
0.8596478
0.9226474
0.9269049
0.8962817
0.8593595
0.9122637
0.8997152
0.89948
0.9101725
0.9256425
0.9194756
0.929585
0.9149089
0.919803
0.8994189
0.8810287
0.9236873
0.9221272
0.9205536
0.85674
0.9191338
0.9176471
0.9273796
0.911367
0.9300196
0.918463
0.9306239
0.8951551
0.8987106
0.9259681
0.8622459
0.9182596
0.9038981
0.9045332
0.9182888
0.8647467
0.9140267
0.9169536
0.9265727
0.9264505
0.915095
0.9214512
0.9132378
0.9204077
0.9103985
0.9070851
0.908533
0.9129493
0.9108112
0.9064521
0.901903
0.9074283
0.9009522
0.9104067
0.9102082
0.9135447
0.9268644
0.9220072
0.92095
0.9244298
0.9257927
0.9264123
0.9226431
0.9236685
0.9203905
0.9213535
0.8858197
0.9215526
0.8984283
0.9337805
0.9196502
0.9201957
0.9087246
0.8948648
0.9118493
0.9263923
0.9146629
0.9258241
0.9090778
0.9085514
0.9104559
0.9082368
0.9145169
0.9146703
0.9163246
0.9144638
0.9184734
0.9288954
0.9167084
0.8857122
0.9233385
0.9253825
0.9010477
0.9013936
0.9161368
0.9222872
0.9144976
0.9047969
0.9212854
0.9014208
0.9118781
0.9019891
0.923598
0.9093645
0.9129834
0.8997346
0.8957319
0.8932234
0.9202172
0.8765369
0.9236671
0.9224541
0.8831646
0.8811308
0.9154007
0.9202573
0.8951162
0.9221513
0.8822513
0.9073797
0.9004554
0.9191127
0.924367
0.8952967
0.9061591
0.9028418
0.8998104
0.8965641
0.898454
0.924148
0.9142483
0.8807673
0.9058406
0.9110527
0.8834658
0.9136703
0.8953081
0.9239903
0.9028381
0.9027603
0.9011756
0.8993956
0.890518
0.8978594
0.8981386
0.8876356
0.9011146
0.8966492
0.8994641
0.8949162
0.8960784
0.8969401
0.8983669
0.900988
0.8973442
0.90057
0.9185708
0.8873102
0.8955526
0.9247752
0.8925931
0.8878217
0.8904995
0.8895004
0.92291
0.8885661
0.9198446
0.8830032
0.901056
0.9251154
0.8875997
0.8973043
0.8992267
0.9011418
0.9282446
0.9261712
0.9004783
0.9038157
0.8941197
0.8845556
0.8998215
0.8942665
0.9041081
0.902495
0.8877668
0.8876413
0.8896828
0.9006705
0.8930243
0.9129436
0.8966002
0.899964
0.907543
0.8987378
0.8774019
0.8961653
0.8950323
0.9210167
0.8880952
0.9225982
0.8899882
0.9219396
0.8957365
0.9117828
0.8890683
0.9054994
0.9167468
0.9223035
0.8994425
0.905554
0.8925947
0.8974443
0.9168349
0.9120907
0.9026481
0.8752134
0.9097887
0.8915959
0.9080341
0.8962702
0.9076885
0.9013141
0.8888473
0.9161802
0.9181543
0.9136566
0.9108143
0.9140247
0.9074067
0.9011318
0.8823225
0.9107104
0.9154522
0.9139751
0.9075732
0.8937734
0.9232946
0.9025628
0.9222021
0.9220439
0.8992801
0.9048446
0.9062066
0.9085314
0.9117209
0.9196463
0.9087149
0.9007485
0.8996922
0.9035366
0.9097709
0.9067152
0.9087386
0.9018715
0.9030281
0.9027537
0.9234988
0.9082605
0.9070793
0.8948168
0.9168017
0.9130064
0.9169817
0.9163249
0.8943957
0.9199819
0.8718169
0.9155541
0.9022622
0.9007177
0.9068527
0.922445
0.9117731
0.9022693
0.9025854
0.903081
0.9055518
0.9175994
0.9081607
0.9088889
0.9030314
0.9090516
0.919993
0.9062422
0.9129324
0.9121172
0.9151541
0.9196568
0.9210164
0.9119545
0.8896577
0.8919908
0.9070585
0.9030368
0.8765127
0.8908729
0.8916396
0.9201709
0.8840818
0.9215776
0.893519
0.920681
0.8942347
0.9135564
0.8925724
0.90653
0.9138894
0.9187799
0.8997533
0.9036932
0.8912612
0.8944689
0.9153931
0.9128264
0.8994007
0.8769541
0.9062716
0.8843937
0.9059774
0.8997664
0.9048475
0.8979216
0.8821426
0.9099788
0.9192703
0.9112128
0.9085792
0.9143838
0.9038168
0.8910139
0.8824451
0.9083164
0.9170903
0.9181393
0.9053133
0.8917586
0.9221297
0.9039253
0.9253071
0.9254491
0.9003137
0.9067999
0.9074773
0.905934
0.9072436
0.9207815
0.9077203
0.9020737
0.8973082
0.9041639
0.9082788
0.9091932
0.9064383
0.9003213
0.9024532
0.9000547
0.922868
0.9058704
0.9059614
0.8915694
0.9146328
0.9125744
0.9157775
0.913872
0.8835078
0.9131914
0.8762968
0.9166934
0.8973982
0.8913116
0.9105697
0.9198324
0.9103121
0.9022463
0.8995378
0.8982348
0.9028677
0.914708
0.9039974
0.9051646
0.9064009
0.9045079
0.9175305
0.9042848
0.9133173
0.9145599
0.9164081
0.9161559
0.9179643
0.9102935
0.8364447
0.8289338
0.9072595
0.9005748
0.9043147
0.7972813
0.9199773
0.9219737
0.820247
0.9222346
0.9157019
0.9194708
0.8278927
0.9153772
0.918513
0.9044491
0.9185159
0.9209066
0.8962822
0.8970853
0.815193
0.833308
0.9160413
0.9115843
0.8866259
0.8986382
0.9037427
0.7914675
0.906351
0.9146234
0.905315
0.7920843
0.8054355
0.9160775
0.9162234
0.9098921
0.9034454
0.9185548
0.9029704
0.8341189
0.910846
0.9031355
0.9141352
0.9171229
0.9058527
0.9137631
0.9231891
0.9011343
0.9205307
0.9201111
0.8999892
0.9055029
0.9053091
0.9046774
0.9126419
0.9167049
0.9068968
0.8997878
0.8987355
0.9030753
0.9088902
0.9020257
0.9081338
0.9026412
0.8988994
0.8977146
0.9173767
0.9034609
0.9055982
0.8331309
0.9121992
0.910461
0.9147783
0.9107862
0.823842
0.9165507
0.8964264
0.9119408
0.8988687
0.8377266
0.907776
0.9208885
0.9114653
0.9024856
0.9024015
0.8368784
0.9024694
0.9162755
0.9029157
0.9041826
0.9024942
0.9069141
0.9174219
0.9036337
0.9120045
0.9119612
0.9108435
0.9147951
0.9140658
0.9085211
0.8360178
0.8289012
0.9081694
0.901337
0.9054399
0.797194
0.9235086
0.9221848
0.8197537
0.9200432
0.9165025
0.920512
0.8288023
0.9155956
0.9201858
0.9045099
0.9169321
0.9192492
0.8972522
0.8973049
0.8143775
0.8321644
0.9163702
0.9109081
0.8877868
0.8982616
0.9049035
0.7927039
0.9075755
0.9113404
0.9064987
0.7862968
0.8102548
0.9121977
0.9175726
0.9134774
0.9047804
0.9178111
0.9040527
0.834043
0.9125832
0.9033936
0.9166696
0.9177461
0.9039673
0.9149427
0.9233253
0.9027225
0.92194
0.921521
0.9008009
0.9062566
0.904554
0.9038824
0.9137372
0.9157728
0.9074671
0.8997302
0.8970482
0.9014808
0.9081742
0.9045311
0.9064779
0.9033716
0.9007793
0.8965045
0.917211
0.9021427
0.9049998
0.8337634
0.9103436
0.9102138
0.9141519
0.9100389
0.8239892
0.9154792
0.8946793
0.9109277
0.8986115
0.8375186
0.9075266
0.9199764
0.9096381
0.9009633
0.9010961
0.8356574
0.9020608
0.9154628
0.9024669
0.9049492
0.9024373
0.9077602
0.9172188
0.9042395
0.9140975
0.9127915
0.9122491
0.91418
0.915085
0.9013837
0.9145572
0.9171191
0.9027601
0.9013225
0.9086405
0.9136405
0.903393
0.8913908
0.9122307
0.8720918
0.9020103
0.909766
0.9214614
0.8975541
0.9017499
0.8524026
0.892388
0.8961585
0.9086133
0.901988
0.9136982
0.9195189
0.9023135
0.8961076
0.8964832
0.9123741
0.9073594
0.9139356
0.8977297
0.8958727
0.9092185
0.9121482
0.9191545
0.8758526
0.8766189
0.8594226
0.9097503
0.8942131
0.8988483
0.9205488
0.9068287
0.9000716
0.9029993
0.9116068
0.8921393
0.904297
0.8880924
0.9174105
0.8732557
0.8736713
0.8509296
0.8766936
0.8730983
0.8741066
0.8729922
0.8739934
0.8622211
0.849942
0.8558827
0.8435172
0.8529258
0.8501892
0.8518643
0.8546951
0.8504854
0.8532062
0.8913036
0.9020842
0.9090781
0.9178658
0.9112714
0.9081902
0.9074863
0.9082107
0.9164256
0.9020344
0.9077149
0.9037871
0.8954352
0.9297823
0.8984422
0.9076129
0.8749546
0.8974304
0.912733
0.9216569
0.851937
0.8678387
0.8794599
0.8925887
0.8892942
0.8895659
0.8747793
0.8558525
0.8957888
0.8970164
0.8976756
0.9126003
0.9079835
0.9087327
0.9061928
0.9071762
0.9218613
0.8967835
0.8264659
0.905887
0.8541904
0.9216422
0.9056727
0.9174215
0.8564341
0.9265663
0.9094998
0.8935848
0.855604
0.9083214
0.900649
0.8969279
0.9060225
0.914444
0.9040774
0.9156218
0.9141788
0.9092549
0.8957233
0.8632189
0.9186449
0.9059211
0.911322
0.858941
0.9133998
0.9028305
0.9119488
0.9092533
0.9268301
0.9131129
0.9215151
0.8913474
0.8929445
0.9130357
0.8507765
0.9075136
0.9002298
0.9035125
0.9098896
0.8590366
0.9156078
0.9100403
0.9236201
0.9235742
0.90412
0.9112376
0.9072327
0.9133201
0.9068436
0.904186
0.9073927
0.9033659
0.9019544
0.8978708
0.9002355
0.9033159
0.8975226
0.9015882
0.9038997
0.9035056
0.9228098
0.9105574
0.9159527
0.9081424
0.9223707
0.9221013
0.9210424
0.9198925
0.9033018
0.9153657
0.8651066
0.9171679
0.889167
0.9207284
0.9096444
0.9181248
0.9078674
0.8926396
0.9081516
0.9088205
0.907597
0.9176849
0.9020287
0.9098879
0.9088388
0.9008017
0.9129129
0.9113532
0.9117637
0.9108642
0.915232
0.9220671
0.9200425
0.8815228
0.9116263
0.9125475
0.8476695
0.9027593
0.9177386
0.9145452
0.9256738
0.9010509
0.9101553
0.8990578
0.9221933
0.895944
0.9140997
0.9126655
0.9225269
0.8902841
0.8947293
0.89889
0.9141128
0.8547002
0.9114421
0.9136044
0.8782049
0.881245
0.9140361
0.9139796
0.8817123
0.9093033
0.8671164
0.9245094
0.8906781
0.9124585
0.9123015
0.8967623
0.9007142
0.8971437
0.8921103
0.906874
0.9079109
0.9127456
0.9244158
0.8798728
0.9169862
0.9186348
0.8563008
0.9210242
0.9047204
0.9230715
0.9006699
0.9007847
0.8903189
0.8935192
0.8924552
0.8936185
0.8914253
0.8941018
0.8991465
0.8933172
0.8941605
0.8922956
0.8949577
0.8928482
0.895507
0.8930101
0.8934236
0.8922062
0.9100492
0.8754675
0.8714301
0.9121938
0.8834443
0.8775789
0.8821048
0.8806558
0.9091421
0.7512265
0.917853
0.8803889
0.9112278
0.9124077
0.8538379
0.8965047
0.895018
0.9101203
0.927342
0.9184368
0.8942001
0.8977756
0.8878291
0.8684738
0.8996203
0.8958378
0.9016674
0.894017
0.8816689
0.8795246
0.8830399
0.8936303
0.8959609
0.913224
0.905073
0.9072224
0.9211476
0.8989333
0.8562377
0.9010771
0.8599197
0.9211958
0.9031896
0.917753
0.8575166
0.9234341
0.9080484
0.8959419
0.8559092
0.9046652
0.9058608
0.9049386
0.9002295
0.9188328
0.9015372
0.9099675
0.919203
0.9125675
0.8940601
0.846776
0.9213089
0.9002183
0.9135807
0.8673262
0.9170037
0.9045705
0.9033389
0.9094429
0.9223084
0.9073043
0.9263432
0.9045936
0.8989458
0.9111127
0.8438753
0.9100605
0.9076465
0.9101029
0.912239
0.8566657
0.9207225
0.9076035
0.9226031
0.9218451
0.90138
0.9097278
0.90252
0.9127175
0.9021261
0.9123854
0.8999674
0.8979201
0.8970988
0.8984878
0.8987734
0.9008859
0.8994149
0.9024179
0.8974257
0.9035725
0.9238221
0.9128431
0.9128116
0.9050207
0.9238401
0.9219903
0.922262
0.9207799
0.9019056
0.9186192
0.856862
0.9222039
0.8971871
0.9159652
0.9185743
0.924935
0.9056112
0.8955088
0.9016882
0.9105662
0.9036201
0.915655
0.9045811
0.9093737
0.9004079
0.9049321
0.9158987
0.9039641
0.9103556
0.9094952
0.913085
0.9269129
0.9181497
0.916871
0.9102364
0.911672
0.9224495
0.9095453
0.9135353
0.9094644
0.9190913
0.9283322
0.9064435
0.9248457
0.9130075
0.9279975
0.9137074
0.9093404
0.9142277
0.9124365
0.9194266
0.9209391
0.9063521
0.9151534
0.9023079
0.9149757
0.9242981
0.9174087
0.9047533
0.9131969
0.9138991
0.9061735
0.9137487
0.9124679
0.9179909
0.9159616
0.9072101
0.9174044
0.9232641
0.9176701
0.9201195
0.9194686
0.9126652
0.9134517
0.913331
0.9158096
0.9176265
0.9184662
0.916353
0.9130234
0.9248266
0.9186172
0.9232928
0.9235084
0.9059976
0.9127317
0.9133955
0.9146093
0.9142817
0.9203148
0.9119555
0.9072102
0.9053928
0.90972
0.9123305
0.9122732
0.9122813
0.9082372
0.9069909
0.9074596
0.928485
0.9147537
0.9198966
0.9086067
0.9235536
0.9230285
0.924161
0.923968
0.9102326
0.9236248
0.9090713
0.9177295
0.9114915
0.9145825
0.9150574
0.9247954
0.916171
0.9128573
0.9156147
0.9144795
0.913804
0.9162696
0.9117751
0.9124645
0.9105419
0.9092179
0.9202017
0.9147298
0.9227597
0.9211864
0.9187408
0.9252986
0.9224679
0.9151639
0.8895858
0.8992506
0.9146021
0.8967528
0.870635
0.8948158
0.8803267
0.9239207
0.8879964
0.9204365
0.8724511
0.920378
0.8957185
0.9068687
0.8765851
0.9066284
0.909772
0.911144
0.9022605
0.9101499
0.890289
0.9000762
0.9195753
0.916529
0.8969061
0.8619258
0.9106268
0.8870691
0.9121322
0.8899867
0.9114632
0.895099
0.8905892
0.9132884
0.9187815
0.9116402
0.9153648
0.9112371
0.9024576
0.8954996
0.8575174
0.90758
0.9175663
0.9141613
0.907497
0.8704859
0.9248081
0.9050885
0.9192828
0.9191241
0.8990399
0.9077508
0.9049464
0.9090064
0.907613
0.9152361
0.9070635
0.8974303
0.8949889
0.9006073
0.9043849
0.9048086
0.9038043
0.8980834
0.8960073
0.9006606
0.919635
0.9103928
0.909613
0.8961586
0.9186877
0.9197049
0.9195622
0.9194034
0.8915716
0.9175015
0.8668177
0.9169414
0.8963256
0.8956961
0.9056706
0.923499
0.9077381
0.899156
0.8978287
0.9007595
0.9021911
0.913809
0.9087544
0.9055465
0.9022938
0.9074383
0.9177735
0.9041568
0.9156292
0.9147411
0.9188844
0.9218544
0.9195141
0.9094971
0.9058928
0.912352
0.917375
0.9037925
0.87119
0.9038993
0.8687711
0.9226182
0.9050979
0.921869
0.8675915
0.9280797
0.9094373
0.9069255
0.8695684
0.9115035
0.9093272
0.9109154
0.9100202
0.9167461
0.907546
0.9119963
0.9190242
0.9126891
0.9018624
0.8653431
0.9164602
0.9062832
0.9140402
0.8811004
0.9192191
0.9070971
0.9084399
0.9095023
0.924883
0.9165908
0.9178458
0.9062086
0.9020563
0.9102364
0.857175
0.9118996
0.9127029
0.9183723
0.9116703
0.8678673
0.9217382
0.9150848
0.924497
0.9244142
0.907785
0.911349
0.9124252
0.9140979
0.9103967
0.9133522
0.9053555
0.905288
0.9029934
0.9023962
0.9053702
0.9073968
0.9066762
0.9034962
0.9038558
0.9037011
0.9236612
0.9173129
0.9171917
0.9089459
0.9186782
0.9204776
0.9201469
0.9186662
0.906089
0.9211036
0.8785843
0.9150146
0.9049124
0.9161847
0.9150414
0.9208613
0.9118696
0.9008938
0.9086975
0.9131218
0.9058485
0.9180322
0.9097939
0.912914
0.9078098
0.9113897
0.9176995
0.9088501
0.9180518
0.9173345
0.9216666
0.9209199
0.9240259
0.9135139
0.8999822
0.9052156
0.9171999
0.9006306
0.8641713
0.9015592
0.8761817
0.9203472
0.9022367
0.9168789
0.8714339
0.9242193
0.905092
0.9079721
0.8693203
0.9079054
0.9069743
0.908094
0.90263
0.910417
0.9000072
0.9087644
0.915194
0.9155224
0.8978713
0.862602
0.9144012
0.9013654
0.9156974
0.8744412
0.9128191
0.9050722
0.9020054
0.9120964
0.9213034
0.9110056
0.9180476
0.9074816
0.9031797
0.9060252
0.865022
0.9129215
0.914473
0.9132412
0.9103429
0.8641774
0.9222735
0.9074168
0.921974
0.9212942
0.900165
0.9099947
0.9059769
0.9087475
0.9062102
0.9134839
0.9025878
0.9000431
0.8992307
0.9005279
0.9033583
0.9025135
0.9028215
0.9005672
0.8985237
0.8965865
0.9238953
0.9143689
0.9091165
0.9001179
0.9190312
0.9207543
0.9223443
0.9180736
0.8960453
0.9201067
0.8625991
0.9160945
0.9002775
0.9107919
0.912489
0.9231088
0.9120023
0.9015514
0.9034979
0.9086687
0.9045099
0.914673
0.9048823
0.9107308
0.9061529
0.9037777
0.9193302
0.908985
0.9144896
0.9161304
0.9195286
0.9256856
0.9180276
0.8923795
0.9060771
0.9071013
0.8994639
0.9002153
0.9165318
0.9110189
0.9231126
0.9109606
0.899784
0.905659
0.9234312
0.9060055
0.9121729
0.9165972
0.9269839
0.9033058
0.9090418
0.9149173
0.9134406
0.8866324
0.9048686
0.9080592
0.9024056
0.8935889
0.9153918
0.9147443
0.893466
0.9061974
0.8901999
0.9210846
0.8979459
0.915035
0.906639
0.9033349
0.9071095
0.9058554
0.8982881
0.9094031
0.9001634
0.9083942
0.9224651
0.8848778
0.9160465
0.9163074
0.8965967
0.9236408
0.9131267
0.9162926
0.9119156
0.9118344
0.9000981
0.9040305
0.9037447
0.8939646
0.905906
0.9083956
0.9034683
0.9008937
0.8999927
0.9036551
0.9037683
0.9031543
0.9029872
0.8977004
0.9035809
0.9031464
0.9172845
0.8881937
0.9004531
0.908657
0.9020924
0.9012119
0.9055852
0.9027048
0.9048896
0.9009848
0.9141772
0.8950642
0.9077464
0.9048915
0.8900248
0.907905
0.9054001
0.9128756
0.9165753
0.917106
0.8973218
0.9071138
0.9020246
0.8985202
0.9017137
0.8929976
0.903654
0.8992357
0.9018584
0.9004082
0.9022126
0.9003114
0.9046693
0.9175258
0.8997461
0.9067872
0.9181901
0.9015294
0.8603754
0.8988663
0.8715005
0.9224596
0.8969765
0.9209573
0.8591757
0.9243157
0.899586
0.9001531
0.8619245
0.90486
0.914095
0.9159942
0.9030279
0.9119142
0.8983838
0.9046086
0.9239656
0.9203612
0.8923986
0.7967213
0.9114587
0.8977541
0.9110946
0.8797353
0.9180678
0.9045315
0.9009583
0.9134317
0.9216185
0.9113781
0.9224446
0.9100404
0.9083934
0.9024355
0.8491931
0.9152699
0.9119087
0.912668
0.9104842
0.8559179
0.9234511
0.9111627
0.9225137
0.9220572
0.8955181
0.907412
0.9083926
0.9090008
0.9054486
0.9168519
0.901448
0.8969463
0.8943672
0.8993405
0.9009656
0.90165
0.9016064
0.8984676
0.8964534
0.8964187
0.9199386
0.9144433
0.9151941
0.899527
0.9200224
0.9227699
0.9221352
0.9192564
0.8923088
0.9187667
0.8640773
0.9192464
0.9026175
0.910118
0.9124429
0.9191996
0.9079391
0.9031386
0.9045494
0.9067084
0.901157
0.9157751
0.9083241
0.9077637
0.9035777
0.9090942
0.9203549
0.9076547
0.916435
0.916132
0.9207494
0.9247164
0.9189474
0.9069946
0.9296353
0.9244452
0.903948
0.919755
0.9319255
0.9252808
0.9323429
0.9045192
0.9259476
0.9064555
0.9312472
0.9165386
0.9281343
0.9293715
0.9360281
0.8996902
0.9175151
0.918056
0.9305692
0.8902982
0.9302413
0.9264248
0.9089053
0.9034045
0.9296341
0.9312173
0.9048401
0.9277063
0.901823
0.9368053
0.9167949
0.9287214
0.9277932
0.9017425
0.9061606
0.9034681
0.909819
0.9238846
0.9221944
0.9294619
0.9315369
0.9029446
0.9311718
0.928184
0.902517
0.9334377
0.9043661
0.935893
0.9054969
0.9052317
0.9039866
0.8984434
0.8978184
0.9030457
0.9021018
0.9002619
0.9104997
0.9017973
0.9061485
0.9057599
0.9067395
0.9024005
0.9069865
0.9070554
0.9041182
0.901781
0.9195101
0.9018383
0.9134642
0.9283138
0.9114242
0.9079111
0.9075604
0.9077806
0.9285348
0.907961
0.9313803
0.9058254
0.9254594
0.9276063
0.8977635
0.9143752
0.9040458
0.9210835
0.9385014
0.934495
0.900996
0.9008531
0.9033045
0.9051523
0.9107875
0.9087349
0.9047472
0.9026718
0.9030253
0.9026241
0.9000835
0.9160601
0.914816
0.9153687
0.8944675
0.9054358
0.92074
0.9004738
0.8619189
0.8975019
0.8693112
0.9184501
0.8985697
0.9215029
0.8555805
0.9243058
0.8997003
0.8999488
0.8593662
0.904363
0.9130869
0.9134024
0.9019727
0.9064895
0.8965031
0.9029255
0.9191353
0.9157959
0.8935058
0.7982907
0.9160202
0.8976254
0.9122807
0.8754045
0.9180397
0.8982372
0.9012419
0.9135051
0.9180839
0.9104446
0.9210783
0.9094009
0.905044
0.9007807
0.8508233
0.913104
0.9132061
0.9163708
0.9118627
0.8569821
0.9200517
0.907494
0.926012
0.9255186
0.8991299
0.9071212
0.9050705
0.9093715
0.9062011
0.9160913
0.9007338
0.8956144
0.8959504
0.8969427
0.898228
0.8975884
0.8998231
0.8979016
0.8978751
0.8945252
0.919765
0.9130078
0.9115911
0.8976602
0.9231334
0.9219606
0.9225725
0.9205987
0.8945762
0.91908
0.8625541
0.918652
0.8985192
0.9085784
0.9128999
0.9246447
0.9085411
0.8978866
0.9046798
0.9014282
0.9066776
0.9126416
0.9049835
0.9092664
0.9030713
0.9052586
0.9176899
0.9104213
0.9131804
0.9120591
0.9182596
0.9262208
0.9180056
0.9109746
0.9055478
0.9127066
0.9193888
0.9039426
0.8679422
0.9099131
0.8664749
0.925944
0.9085394
0.9206871
0.8177998
0.9226303
0.9158356
0.8958969
0.8180648
0.9092621
0.9046865
0.9060485
0.9082258
0.9165867
0.9125129
0.9169479
0.9180009
0.9138646
0.8938513
0.8579173
0.9178789
0.9107555
0.9155936
0.8672451
0.9169454
0.911168
0.9099853
0.912084
0.9284025
0.9141375
0.919019
0.8967937
0.8992231
0.9152271
0.8570457
0.9088594
0.9054395
0.9107243
0.9152542
0.813784
0.9182472
0.9100427
0.9225141
0.9226188
0.9069409
0.9164215
0.9120856
0.9159548
0.9125921
0.9094897
0.9041348
0.9043453
0.9013978
0.9003182
0.8975379
0.9037837
0.8976606
0.9018263
0.9024285
0.9026683
0.922682
0.9208863
0.9183695
0.9134281
0.9247676
0.9253025
0.9231174
0.9247346
0.9072769
0.9170133
0.8716751
0.9238875
0.8977855
0.9220636
0.9180583
0.9234671
0.9125297
0.8961474
0.9052775
0.9188969
0.9107162
0.9195915
0.9077974
0.9077811
0.9079849
0.904383
0.9187222
0.9119668
0.9149154
0.9136836
0.9158248
0.9240964
0.9185894
0.9130766
0.9114742
0.9187567
0.9238058
0.9054898
0.8747372
0.910979
0.8628892
0.9221736
0.9107501
0.9174706
0.8747496
0.923221
0.9164448
0.8958217
0.8729276
0.9144389
0.9026336
0.9016052
0.9115788
0.9198382
0.9131673
0.9211675
0.9143636
0.912294
0.8973423
0.8890082
0.9246901
0.9143848
0.9157699
0.8738325
0.9138891
0.909353
0.9208012
0.9097998
0.9273904
0.9162306
0.9236746
0.8973775
0.9007915
0.9204419
0.8639056
0.9132601
0.9088824
0.9103077
0.9159309
0.8712363
0.9177213
0.9125299
0.9226842
0.9224108
0.911095
0.917103
0.9123027
0.9188343
0.9158425
0.9092482
0.9135026
0.9061546
0.9063352
0.9038581
0.9051249
0.908972
0.9032669
0.9060478
0.9064485
0.9087849
0.9280371
0.9184026
0.922175
0.9182813
0.9271971
0.9280107
0.9248584
0.9254619
0.9120712
0.9183105
0.8827225
0.9227009
0.9006013
0.925702
0.9186475
0.9184832
0.9117763
0.8963601
0.9127294
0.9199957
0.9091956
0.9192718
0.9086806
0.9083502
0.9117924
0.9128274
0.9164009
0.9110132
0.9158598
0.9152014
0.9181274
0.9252902
0.9207243
0.8882274
0.9161908
0.9141629
0.8898164
0.900709
0.9255549
0.9143038
0.9276002
0.8923088
0.9112883
0.8948445
0.925007
0.903958
0.9172793
0.9149647
0.9267443
0.8843224
0.898512
0.9048092
0.9145159
0.8654853
0.9127199
0.916553
0.8867931
0.8829514
0.9204693
0.9207338
0.8846639
0.9128874
0.8752618
0.9272584
0.905589
0.9168901
0.9162268
0.8871187
0.8924149
0.8925066
0.8938237
0.9067607
0.9054842
0.9162618
0.9266862
0.8817379
0.9199751
0.9213671
0.8820531
0.9245591
0.8945587
0.9231233
0.8900509
0.8906029
0.8874789
0.886503
0.885452
0.8819651
0.8898818
0.8836549
0.8924893
0.8826824
0.8880774
0.8896274
0.8956729
0.8893009
0.8991315
0.8851466
0.8866588
0.8858263
0.9079346
0.8833442
0.8937044
0.9152122
0.8847704
0.88445
0.8863847
0.8826249
0.9163479
0.8900293
0.9173545
0.8833542
0.9039994
0.9156004
0.8785823
0.9041601
0.8873642
0.9084337
0.9217227
0.9217769
0.8888373
0.891107
0.8827298
0.8892636
0.8918716
0.8881505
0.8951999
0.8894939
0.8918169
0.8927249
0.8905216
0.8927836
0.8990582
0.9053176
0.9286211
0.9206093
0.9034568
0.9190905
0.9355932
0.9255428
0.9429047
0.9075527
0.9238696
0.9133878
0.9395914
0.9152216
0.9282012
0.9303791
0.9423057
0.9110155
0.9207558
0.9208964
0.9340625
0.8930209
0.9269881
0.9252078
0.9032856
0.9051752
0.9311303
0.9316964
0.8999532
0.922897
0.8965554
0.9464882
0.9121258
0.9277066
0.9227855
0.9081217
0.9101143
0.9143619
0.9055628
0.9215652
0.918729
0.9248344
0.9416493
0.9022648
0.9319014
0.9305969
0.905653
0.9390324
0.909781
0.9390076
0.9096935
0.9091929
0.9136836
0.9095277
0.9082069
0.905643
0.9109456
0.9078443
0.9188117
0.9138445
0.9129817
0.9165958
0.9176288
0.9130853
0.9178189
0.9126231
0.9139301
0.9130805
0.9276625
0.8987529
0.9069858
0.9240351
0.9036717
0.9033177
0.9078938
0.9049022
0.9294748
0.9099436
0.938029
0.9049931
0.9268988
0.9247516
0.8969538
0.9150529
0.9121116
0.9283002
0.9379227
0.9295216
0.9134192
0.909046
0.9056086
0.9044128
0.913096
0.9125281
0.9119913
0.9111299
0.9102283
0.9094484
0.9091038
0.9118931
0.9130988
0.866865
0.9065786
0.9140374
0.8854433
0.8896695
0.9059411
0.9062007
0.90679
0.8887974
0.9063051
0.8849115
0.9082804
0.888837
0.9102829
0.9029024
0.9079792
0.8765297
0.871672
0.8781528
0.9073417
0.8432616
0.9068323
0.911333
0.867359
0.863301
0.9014461
0.9060795
0.8749908
0.9049885
0.8624982
0.9025871
0.8882774
0.9069273
0.9095859
0.8726215
0.8865794
0.8828419
0.8863294
0.8899487
0.8847555
0.9087544
0.9100394
0.8635062
0.9091679
0.905109
0.8565542
0.9092433
0.8842583
0.9157488
0.8933253
0.8931306
0.873311
0.8770821
0.8677674
0.8723459
0.8727884
0.8713126
0.8757414
0.8661006
0.8663947
0.8644471
0.8672311
0.8711611
0.8711939
0.8650505
0.8661974
0.8709808
0.9041086
0.8662607
0.8709807
0.9084322
0.8726663
0.8730693
0.874959
0.8699604
0.9068585
0.8699946
0.9064966
0.8682108
0.8917473
0.9134043
0.8564463
0.8849611
0.877429
0.8894925
0.9155964
0.9134632
0.8760403
0.8849149
0.869554
0.863606
0.8785945
0.873265
0.8886065
0.8756832
0.8742602
0.8770668
0.8771891
0.8900279
0.8844954
0.9066822
0.8933493
0.9047396
0.9204903
0.8924167
0.8623062
0.9011073
0.8682235
0.9166549
0.8945547
0.9150352
0.8610667
0.9218491
0.9036983
0.8898557
0.8641235
0.9045652
0.8968711
0.8944841
0.8994575
0.9141935
0.896245
0.9088092
0.9155552
0.9082781
0.8907681
0.8669675
0.9157668
0.9000036
0.9102069
0.858873
0.9137668
0.8975056
0.9057885
0.9089118
0.920598
0.9079671
0.9233275
0.8956624
0.8930387
0.905362
0.8602799
0.9088217
0.9026282
0.9063042
0.9044895
0.8634757
0.9124002
0.8997479
0.9178232
0.9175882
0.9035228
0.9087778
0.9044131
0.9076196
0.8997871
0.9118395
0.8990257
0.8934075
0.8918394
0.8890196
0.8925046
0.8970965
0.8909144
0.8935789
0.891977
0.8944524
0.9203833
0.9102953
0.9104494
0.902867
0.9192858
0.9215672
0.9195492
0.9190071
0.8967256
0.9133213
0.8644536
0.9153879
0.8850996
0.9136496
0.9107111
0.919635
0.9008954
0.8843646
0.8984979
0.905251
0.900502
0.9141396
0.8975151
0.9028271
0.9034645
0.8993856
0.9139309
0.9042916
0.9101055
0.9101756
0.9127799
0.9260194
0.9149118
0.9065854
0.8452736
0.8473749
0.9085263
0.895397
0.8983855
0.8288275
0.9132852
0.9200609
0.8359607
0.9176209
0.9125138
0.9177468
0.8495665
0.9117563
0.9125745
0.9045065
0.9112219
0.9170957
0.8981574
0.9003352
0.8387838
0.8483434
0.9138215
0.9065204
0.8808095
0.8930504
0.9027887
0.829329
0.9042316
0.904982
0.9060214
0.8348522
0.8358464
0.9095449
0.9195908
0.9101832
0.9061921
0.9099208
0.900571
0.849672
0.9074808
0.9008504
0.9120064
0.9143735
0.9039284
0.9093358
0.9211964
0.9022122
0.920192
0.9198494
0.8973973
0.903712
0.9057854
0.9059296
0.9064801
0.9121517
0.9051082
0.8962846
0.8937999
0.9002396
0.9008698
0.9028443
0.8982426
0.8990195
0.8978891
0.8953651
0.9167535
0.9007404
0.9024812
0.8495388
0.9146375
0.9118587
0.9136325
0.9106516
0.8432007
0.9110725
0.8957377
0.9124851
0.8958686
0.858614
0.9037084
0.9203997
0.910944
0.8984153
0.9013946
0.8540138
0.90351
0.9122458
0.8996224
0.9012337
0.8987151
0.9018244
0.9168747
0.9040443
0.9136161
0.9122018
0.9108998
0.9167238
0.9133397
0.9112771
0.8459442
0.8488645
0.9083621
0.8982931
0.9034503
0.8272946
0.9145551
0.9159798
0.8332505
0.9168377
0.9114981
0.9178678
0.8493407
0.9112052
0.9105966
0.9029745
0.9116022
0.915109
0.8967093
0.8997962
0.8337315
0.8462144
0.9094888
0.9096958
0.8813137
0.896359
0.9041365
0.8312644
0.9021897
0.9044799
0.9078915
0.8339197
0.8330413
0.9096899
0.9171948
0.9076836
0.9050258
0.910727
0.9005436
0.8498338
0.9094968
0.9029053
0.9113924
0.9129079
0.9029753
0.9106421
0.9193767
0.9028268
0.9193448
0.9192258
0.8948258
0.9023807
0.9060393
0.9016481
0.9091229
0.9142917
0.9041115
0.8960894
0.8947141
0.8985143
0.900843
0.9016811
0.901559
0.8996201
0.8986852
0.8956837
0.9175129
0.9028369
0.9000851
0.8481117
0.91369
0.9110501
0.9130221
0.9110283
0.8413856
0.9083671
0.8992091
0.9100365
0.8941946
0.8563216
0.9032591
0.9218276
0.9084395
0.9005606
0.901208
0.8527345
0.9022044
0.9116709
0.8958885
0.8984526
0.8983282
0.9000612
0.9179332
0.9047215
0.9107482
0.9098959
0.911315
0.9143054
0.9115387
0.874519
0.9119318
0.9116366
0.8892098
0.8944647
0.9153675
0.910141
0.9166755
0.8952778
0.9030386
0.8911214
0.9182841
0.895257
0.9141921
0.9090095
0.9179241
0.882968
0.8937475
0.8984132
0.9140527
0.8602797
0.9110186
0.9103582
0.8783921
0.8736264
0.9164721
0.9155665
0.8817595
0.9074868
0.8706567
0.9203987
0.8950692
0.9155858
0.9110854
0.8870968
0.894334
0.8892256
0.8870653
0.901412
0.8939877
0.9128676
0.9191859
0.8763951
0.9125593
0.913192
0.8801991
0.9159983
0.8988087
0.9196088
0.892238
0.8925932
0.8821355
0.8889283
0.8841448
0.8812017
0.888241
0.8886297
0.8933223
0.8861985
0.8813147
0.8871667
0.8837436
0.8914885
0.8877503
0.8826921
0.8838152
0.8846724
0.9086303
0.8723022
0.8926031
0.9085559
0.887687
0.8851004
0.8838003
0.8848335
0.9115182
0.887182
0.9141285
0.8791775
0.9025062
0.9123744
0.8745775
0.899737
0.8905652
0.9014135
0.9199285
0.9168532
0.8808871
0.8946771
0.8884338
0.8833002
0.8930201
0.8898618
0.894971
0.8843808
0.8832434
0.8833105
0.882171
0.8916173
0.8906429
0.8889253
0.8914913
0.9039119
0.8946804
0.884351
0.9021763
0.8989655
0.9041396
0.8973913
0.8954367
0.8953534
0.8986467
0.9092958
0.9002766
0.8958326
0.8968113
0.8778032
0.8830416
0.8894182
0.898373
0.8776713
0.8970964
0.901519
0.8926735
0.8850675
0.8867538
0.8967238
0.8947083
0.8977362
0.883448
0.8881813
0.8976625
0.9048975
0.8981775
0.886554
0.8947969
0.875536
0.9020466
0.8897417
0.8848366
0.9000502
0.9004445
0.8825785
0.9035402
0.9064303
0.8794388
0.8973121
0.8987899
0.9111232
0.8955966
0.8952844
0.8642145
0.8774133
0.8685714
0.8787846
0.8734168
0.8846698
0.8642971
0.8529026
0.8596086
0.8594705
0.8663685
0.8606447
0.8697899
0.8641847
0.8606917
0.8626141
0.8989956
0.8806856
0.8878821
0.8985606
0.9012959
0.8995179
0.8986547
0.8973095
0.8916567
0.8889879
0.8958636
0.8919994
0.8750969
0.9100418
0.8796765
0.902476
0.8775176
0.8778387
0.9023962
0.8997531
0.8706533
0.8835473
0.8691107
0.8779791
0.8770365
0.8633566
0.8943755
0.8733951
0.889069
0.8871382
0.8885968
0.9113613
0.8990593
0.9053105
0.9284628
0.9215174
0.901644
0.9136112
0.9382271
0.925215
0.9420355
0.9069198
0.9223373
0.9102175
0.9378442
0.9074691
0.9232114
0.9324585
0.9374047
0.9080621
0.9193226
0.920597
0.932732
0.8867489
0.9221147
0.9205583
0.9006848
0.9057538
0.9289338
0.9344461
0.8998642
0.9197413
0.8902522
0.9411285
0.9123782
0.9284913
0.9209591
0.9072887
0.9052935
0.9080516
0.9023698
0.9220565
0.9201863
0.9222234
0.939206
0.904933
0.9278237
0.9292276
0.8996276
0.939063
0.909897
0.9351171
0.910493
0.9108305
0.9119339
0.9021114
0.9027851
0.9004069
0.9087587
0.9073577
0.9187535
0.913091
0.9136526
0.9163997
0.916134
0.9137181
0.9156342
0.9114528
0.9138277
0.9114107
0.9251851
0.900404
0.9027675
0.9246161
0.89953
0.8995103
0.902001
0.8995039
0.9255702
0.9058355
0.9332124
0.8985908
0.9229068
0.920423
0.8895228
0.9146447
0.9136983
0.923328
0.937027
0.9274649
0.9095767
0.9079053
0.9078803
0.9018763
0.9131141
0.9144364
0.9146219
0.9113135
0.9046897
0.9056011
0.9012381
0.9028207
0.911589
0.9097272
0.8845044
0.8921355
0.9138768
0.9015766
0.9000547
0.8926494
0.9168338
0.9204306
0.8831665
0.9228478
0.9097023
0.9160987
0.8925077
0.9091638
0.9153048
0.9066152
0.9117056
0.9150622
0.8997261
0.9056142
0.8856357
0.8935907
0.91792
0.9120101
0.8929464
0.8978379
0.9080137
0.8868227
0.9107086
0.904698
0.9090747
0.8933284
0.8842165
0.9144552
0.9236269
0.9134656
0.9129975
0.9155849
0.9008653
0.887393
0.9079943
0.9068157
0.9144597
0.9124149
0.9059948
0.9134267
0.9211283
0.902617
0.9224879
0.9223294
0.9008402
0.9108991
0.9109767
0.9072732
0.9093114
0.9171286
0.9041999
0.9005583
0.8955692
0.9016055
0.9063096
0.9034503
0.9032433
0.9006092
0.8985449
0.9003838
0.9213333
0.9063561
0.9043687
0.8940895
0.9150479
0.9181664
0.9189438
0.9158335
0.8821054
0.9158649
0.8991551
0.9150994
0.8987129
0.8923956
0.9078561
0.9205844
0.9114208
0.9017234
0.8998779
0.893617
0.9048268
0.9162339
0.8988679
0.9084472
0.898023
0.9049657
0.9220134
0.9058735
0.9130481
0.9131612
0.9129229
0.920384
0.918894
0.9023225
0.9058273
0.9135785
0.9239062
0.8957905
0.8782216
0.9052788
0.8566767
0.9169521
0.904861
0.9107429
0.8598955
0.9178756
0.9106377
0.8889634
0.8639556
0.8992489
0.8905768
0.8881841
0.9016648
0.9180246
0.9071078
0.9171883
0.9144612
0.9070771
0.8881153
0.8810745
0.9183586
0.9102124
0.9108185
0.8008926
0.9132925
0.9054917
0.9145183
0.9048167
0.9236289
0.9089286
0.9215459
0.8855515
0.8900917
0.9165803
0.8595459
0.9062002
0.8971841
0.8985269
0.9057737
0.8640346
0.911539
0.9032282
0.9190721
0.9189132
0.8979517
0.9105065
0.9024259
0.9135222
0.9048697
0.8990027
0.8991275
0.8950044
0.8954241
0.8908316
0.8878848
0.8908268
0.8894238
0.8951757
0.8959991
0.897292
0.9223516
0.9121687
0.9159685
0.9134106
0.9239601
0.9248383
0.9222171
0.9212194
0.9060257
0.9178598
0.8735442
0.9189515
0.8891473
0.9241478
0.9109334
0.9160502
0.9028594
0.886113
0.8980275
0.9157143
0.9030607
0.9148619
0.9012896
0.9026115
0.9015344
0.8978747
0.9112231
0.9032119
0.9068457
0.9051392
0.9111762
0.9262757
0.9135441
0.9056801
0.9121832
0.9165725
0.9166637
0.8986896
0.9019006
0.9124786
0.8950788
0.9129687
0.909444
0.9135274
0.8927026
0.9216487
0.9184259
0.8492539
0.8946737
0.9050734
0.8982219
0.8988216
0.9050385
0.9106221
0.9118443
0.9197542
0.9091329
0.9061658
0.8978383
0.9004191
0.9133825
0.9139007
0.9107333
0.8893558
0.9094186
0.9145149
0.9153801
0.9061944
0.9157898
0.9078589
0.9208678
0.8918535
0.8907038
0.9147465
0.8967247
0.9046303
0.8990868
0.9008174
0.9105852
0.8967038
0.9095681
0.914264
0.9183403
0.9181831
0.9038496
0.9066244
0.9044944
0.9115673
0.90741
0.9022688
0.9026112
0.9003746
0.8986862
0.8968073
0.8965007
0.8990856
0.8956638
0.9015331
0.9006727
0.9006365
0.9220399
0.9123796
0.9142294
0.9150283
0.9156157
0.9155849
0.9141859
0.9094484
0.9153296
0.9096555
0.9021306
0.9129147
0.8911093
0.9229763
0.9094529
0.9157627
0.8983336
0.8928129
0.9118578
0.9210721
0.9029369
0.9137822
0.8988142
0.9015056
0.9018599
0.8985213
0.9082585
0.9082952
0.9074995
0.9078756
0.9068347
0.9200482
0.9103461
0.8940871
0.9092715
0.914194
0.9088862
0.8939901
0.8986926
0.9106244
0.8979606
0.9036169
0.9152548
0.9000926
0.8897911
0.9102267
0.9149009
0.8839949
0.888595
0.8907814
0.8861606
0.8871894
0.905698
0.9016905
0.9147945
0.9223133
0.9025004
0.8929911
0.8984238
0.9080241
0.9085734
0.9170429
0.9025247
0.8856034
0.9064135
0.9113428
0.9206022
0.8906408
0.9096047
0.892345
0.9136708
0.8857738
0.8901854
0.9201552
0.8973505
0.8935143
0.900904
0.9032959
0.8964502
0.8953635
0.8987946
0.9138425
0.9089767
0.9089366
0.8829547
0.8960745
0.8857203
0.8996139
0.8862121
0.8861558
0.882844
0.8847496
0.882118
0.8773076
0.8723768
0.8807034
0.8739415
0.8827082
0.8819106
0.886362
0.9108144
0.8978759
0.9040255
0.9137371
0.9093513
0.9067133
0.9072285
0.9068102
0.9109143
0.9003894
0.9014863
0.9036686
0.8851989
0.9274988
0.8947954
0.9098327
0.8838863
0.8865459
0.9089183
0.9203546
0.8883305
0.8986126
0.8857664
0.8935182
0.8928471
0.8826826
0.9011805
0.8903257
0.9008034
0.9015392
0.8974217
0.9156256
0.9064348
0.909534
0.9037322
0.910706
0.9165694
0.9013414
0.8697329
0.9028468
0.8756694
0.9189588
0.9048121
0.9215707
0.8668078
0.9255926
0.9106488
0.8959324
0.8688125
0.9110945
0.9038844
0.9074261
0.9045448
0.9135613
0.9031827
0.9138474
0.9169271
0.9138117
0.8957845
0.8715363
0.9174554
0.9024802
0.9175853
0.8714286
0.9124077
0.9052019
0.9053964
0.9082916
0.9262705
0.9141248
0.9211061
0.9033955
0.9002682
0.9080885
0.8637786
0.9118819
0.9057446
0.9129535
0.9129676
0.8689552
0.9163435
0.9052821
0.9259143
0.9254184
0.9075294
0.9171791
0.9083384
0.9139865
0.909898
0.9120683
0.9056283
0.9062308
0.9034815
0.9009685
0.9032712
0.9011807
0.9024902
0.9004898
0.9028456
0.9018558
0.9248128
0.912917
0.9174176
0.9088598
0.9213527
0.9234377
0.9234047
0.9201286
0.9028014
0.9164033
0.8763772
0.9223974
0.8964988
0.91516
0.9142429
0.9233774
0.9058457
0.8955377
0.8996741
0.9114851
0.9062019
0.9184185
0.9036674
0.9086464
0.9071604
0.9042518
0.9177008
0.9089191
0.9141344
0.9113427
0.9165102
0.9208775
0.917711
0.9149777
0.8934673
0.8927663
0.9153034
0.8981013
0.8766154
0.8971591
0.888799
0.9240267
0.8895325
0.9239903
0.8871519
0.9241266
0.8994916
0.9076508
0.8892365
0.9099661
0.9136572
0.9145606
0.904146
0.9101285
0.8923279
0.8981562
0.9173504
0.9134591
0.8979174
0.8769288
0.908367
0.8932141
0.9143132
0.8886997
0.9115557
0.9004751
0.8902695
0.9193006
0.9245812
0.9159295
0.9187605
0.9111351
0.9006198
0.9009765
0.8776826
0.911528
0.9163837
0.9187585
0.9070109
0.8842613
0.922046
0.9000961
0.9247556
0.924822
0.9032188
0.909165
0.9100467
0.9120922
0.9126877
0.9199007
0.9105908
0.9028602
0.9018456
0.9054503
0.9081167
0.9079613
0.9077051
0.9047361
0.9039893
0.9073854
0.9249291
0.9115076
0.9105625
0.8962018
0.9197574
0.9204316
0.9197921
0.9201301
0.89138
0.9177717
0.8743403
0.9186305
0.8964092
0.9024762
0.9093807
0.9255171
0.9127414
0.8982296
0.8983195
0.9021022
0.9041548
0.918152
0.9059881
0.9083288
0.9051422
0.9099877
0.922514
0.9053227
0.9170213
0.9154068
0.9198035
0.9221872
0.9198979
0.9178447
0.899571
0.9034502
0.9180873
0.9035718
0.8651803
0.9
0.8756591
0.921869
0.8984403
0.9217173
0.8739621
0.9223
0.9056719
0.9024133
0.8752124
0.9092934
0.9115199
0.9112872
0.898572
0.9155872
0.9027091
0.9077132
0.9172681
0.9176128
0.8972488
0.8646675
0.9134082
0.9006453
0.9175776
0.8810386
0.9135143
0.9038385
0.9025566
0.9120639
0.9245119
0.9120825
0.9208443
0.9086907
0.9017905
0.90715
0.8728864
0.9149359
0.9125739
0.9146083
0.9131908
0.8735446
0.9227107
0.9111385
0.9244989
0.9246021
0.9039295
0.9093079
0.9095278
0.9116724
0.9107641
0.9154487
0.9051344
0.9019608
0.8993697
0.9059826
0.9035433
0.9076488
0.9035566
0.9054712
0.9072732
0.9053204
0.9202118
0.9150736
0.9166521
0.9049995
0.9222536
0.9215329
0.9229721
0.9230796
0.89825
0.9188898
0.8686104
0.9209184
0.8975928
0.9132015
0.9159109
0.9270697
0.9099278
0.8974805
0.9044886
0.904621
0.9095449
0.9200279
0.904444
0.9059853
0.9047363
0.9102821
0.9230609
0.9108334
0.916142
0.9180881
0.9178044
0.9265616
0.9214985
0.9054286
0.8502011
0.8625867
0.9073578
0.8947106
0.8969839
0.8412566
0.9043731
0.9146244
0.8476666
0.9129812
0.9041066
0.9131774
0.8615162
0.9102255
0.9062657
0.9016009
0.9027703
0.9061964
0.9017146
0.8989935
0.8462463
0.8613931
0.9078263
0.9046989
0.8873599
0.8992008
0.9061987
0.8457693
0.9000285
0.8954404
0.9059986
0.8446569
0.8536744
0.9096874
0.9152347
0.9067931
0.9062083
0.9039736
0.8937565
0.8645307
0.9044403
0.8982826
0.9036558
0.9086699
0.9003488
0.9087804
0.9141031
0.9056857
0.9138556
0.9134344
0.8978998
0.9051064
0.9033584
0.9053261
0.908003
0.9035575
0.9019404
0.8967849
0.8892472
0.8984586
0.9000429
0.8986253
0.9023718
0.8940896
0.8940676
0.8957832
0.9170295
0.9017639
0.9037278
0.8632375
0.9109839
0.9118932
0.9140159
0.9120616
0.8578406
0.9053396
0.8960403
0.9084214
0.8922486
0.8681806
0.8975606
0.9133234
0.9063485
0.8952202
0.9010342
0.86076
0.9016463
0.911938
0.8959088
0.8957435
0.8966075
0.8969876
0.9131831
0.8998081
0.9033277
0.9039315
0.9048782
0.9156166
0.9087661
0.9084305
0.8511836
0.851657
0.9099651
0.8975435
0.9008115
0.8291113
0.9152572
0.9167858
0.8387245
0.9184008
0.9093005
0.915386
0.8514142
0.9095532
0.908251
0.906906
0.9148778
0.9141161
0.9004782
0.9016076
0.8400363
0.8507026
0.9118312
0.9076604
0.8876335
0.9001261
0.9109735
0.8311629
0.9023531
0.8991322
0.9069907
0.8318087
0.84235
0.911068
0.9207924
0.9114347
0.9073099
0.9085416
0.8985695
0.8546431
0.9061961
0.9016546
0.9089339
0.9140427
0.9028287
0.907683
0.9189104
0.9061897
0.9208299
0.9206729
0.9020964
0.9077825
0.9048564
0.9064746
0.9078012
0.9124562
0.9036923
0.8983807
0.8968886
0.8973185
0.9042618
0.9024364
0.9016429
0.8996585
0.8972144
0.8973381
0.9180208
0.9030429
0.9070417
0.8521489
0.9142286
0.9106619
0.9143631
0.9144334
0.8471719
0.9104926
0.9004017
0.9156496
0.8936139
0.8604
0.9044023
0.9185288
0.9115497
0.8967039
0.9026584
0.8560324
0.907967
0.9130832
0.8993947
0.9033343
0.9000647
0.9026357
0.9172733
0.9050471
0.9122417
0.9131969
0.9138404
0.9169681
0.9190281
0.9101626
0.8447311
0.8487354
0.9078446
0.8968525
0.8988588
0.8210879
0.9135275
0.9176975
0.8318797
0.9181089
0.9115641
0.9177797
0.8486929
0.9081733
0.9094716
0.9023848
0.910497
0.9174296
0.8984634
0.8974433
0.83202
0.8471458
0.9127151
0.9074963
0.880459
0.8962371
0.9044282
0.8259802
0.9013912
0.9037236
0.90729
0.8323318
0.8298411
0.9083702
0.9189655
0.908363
0.9077261
0.9099982
0.9000761
0.8501512
0.9080772
0.9032223
0.9141917
0.9126074
0.9031332
0.9083843
0.9190414
0.9033101
0.9203726
0.9201386
0.8958909
0.9045183
0.9054122
0.9019474
0.9086921
0.9130357
0.905275
0.8971283
0.8950149
0.8985397
0.9001411
0.9031381
0.900308
0.8985002
0.8985129
0.8928571
0.9194744
0.9043434
0.9010753
0.8460112
0.9130882
0.9109931
0.9117909
0.9084844
0.8377383
0.9089336
0.8984378
0.9109358
0.8939239
0.8561548
0.9057823
0.9226531
0.9113843
0.898688
0.9016327
0.8531282
0.9011293
0.9114288
0.8977199
0.9017425
0.89963
0.9009061
0.920349
0.9033309
0.9120828
0.9111079
0.9120356
0.9173818
0.9122638
0.9076985
0.883849
0.8915322
0.9126022
0.8953395
0.8909158
0.8845322
0.8975522
0.91802
0.8779385
0.9158525
0.879722
0.9210264
0.8963906
0.891065
0.8865772
0.8958911
0.9008498
0.9016261
0.8800223
0.9058507
0.8774061
0.8994505
0.9144327
0.9127117
0.8439125
0.8907937
0.9078789
0.8813371
0.9101732
0.8781749
0.9075382
0.8870612
0.8843029
0.9082764
0.9166429
0.9003916
0.9175126
0.8986409
0.893802
0.8950733
0.8897579
0.9062682
0.9052673
0.9046768
0.905402
0.8885429
0.9158349
0.8953314
0.9168118
0.9172673
0.8870884
0.897447
0.9008715
0.9023355
0.8973424
0.9106388
0.8897915
0.8858756
0.884518
0.8828046
0.890075
0.8899154
0.8904753
0.8827694
0.8871093
0.885797
0.9145723
0.9104999
0.9089273
0.885821
0.9153046
0.9172552
0.9155611
0.915205
0.8846641
0.9141628
0.881577
0.9167143
0.8758327
0.897996
0.9047031
0.9202489
0.9038978
0.8780378
0.8881111
0.8919326
0.8962505
0.9082371
0.8905922
0.9001611
0.88486
0.8933047
0.9135785
0.8973444
0.908615
0.9070231
0.9115541
0.92273
0.9140563
0.9069291
0.8547496
0.8605049
0.9068308
0.8974908
0.8991368
0.8482646
0.9088136
0.9169233
0.8462476
0.9179765
0.9054152
0.9155187
0.8661139
0.9059832
0.9065505
0.9038914
0.9055528
0.9113711
0.9004765
0.9071888
0.8470513
0.8633251
0.9104053
0.9059589
0.8852465
0.9008787
0.9070701
0.8487684
0.902947
0.8963303
0.9093354
0.8518547
0.8555491
0.9120334
0.9177299
0.9082377
0.9128148
0.9027031
0.8952512
0.8652911
0.9014207
0.9007862
0.9081925
0.9126535
0.8984686
0.9059854
0.9163278
0.9045702
0.9190999
0.9183389
0.8971811
0.9065763
0.9050669
0.9064966
0.9074015
0.9116132
0.9042166
0.9009516
0.8917779
0.8959058
0.8985868
0.900141
0.9017249
0.8965867
0.8962824
0.8951692
0.9188064
0.8995229
0.902081
0.8587442
0.9122887
0.9138218
0.9151819
0.9087844
0.8537173
0.9119812
0.8914572
0.9076301
0.8900259
0.8662641
0.9039067
0.9182578
0.9114373
0.8935922
0.899919
0.8620088
0.9007232
0.9160721
0.8994283
0.8977219
0.8976352
0.9026427
0.9174504
0.9021336
0.9122478
0.9114328
0.9124699
0.9150035
0.9088677
0.9093147
0.8500633
0.8520325
0.9089534
0.898962
0.8953308
0.8333016
0.9090423
0.9187125
0.8415251
0.9163327
0.9046021
0.9170619
0.8577331
0.9064304
0.9014885
0.9024399
0.9099205
0.9104594
0.8957268
0.9039997
0.8385621
0.8565104
0.9099675
0.9087409
0.8824909
0.8991037
0.9065307
0.8324341
0.9057365
0.8987342
0.9129215
0.8319785
0.8417347
0.9100525
0.917294
0.9068513
0.9094787
0.9081403
0.8997636
0.8553518
0.9019763
0.8999641
0.9130892
0.9101686
0.9027516
0.9003513
0.9180493
0.9025172
0.9185082
0.9182392
0.8944696
0.9071601
0.9105176
0.9051526
0.9034945
0.9092421
0.9063147
0.8968071
0.8956315
0.8988365
0.9009296
0.9022413
0.900584
0.898481
0.8972674
0.8950908
0.9190044
0.9024932
0.9071874
0.8532912
0.9140146
0.913519
0.9134237
0.910087
0.845261
0.9089162
0.8949412
0.9121199
0.8906636
0.8622779
0.9062267
0.9167331
0.9069874
0.8940436
0.9027798
0.855504
0.9023307
0.9102753
0.8999929
0.9027073
0.9015683
0.8993946
0.9177697
0.9016638
0.9134071
0.9117191
0.9120222
0.9179433
0.914964