0.8769641
0.9088691
0.8852001
0.8801965
0.9015274
0.8844113
0.9001571
0.8903301
0.872895
0.9047301
0.8835964
0.8949183
0.8804076
0.8818633
0.9091879
0.8955414
0.8842882
0.9002903
0.9013963
0.9019769
0.9052138
0.9037652
0.9007809
0.9023771
0.8990579
0.9017624
0.9003078
0.9025681
0.901288
0.8995183
0.9023058
0.9009458
0.9004137
0.8997631
0.898506
0.9000538
0.8985351
0.8998102
0.9024451
0.9027446
0.8981501
0.8995478
0.8949888
0.9182104
0.8990133
0.8996067
0.8970962
0.8814476
0.8814433
0.8810323
0.8835911
0.8859818
0.8812221
0.8816879
0.881564
0.9009698
0.8567924
0.8976355
0.8689538
0.8778651
0.8927611
0.8876592
0.8768153
0.8584843
0.8565633
0.8554069
0.8907515
0.8930198
0.9119565
0.8528667
0.9021849
0.8862338
0.8826519
0.8820753
0.8779059
0.850062
0.8811074
0.9064988
0.9018907
0.886341
0.9029365
0.8913813
0.8948973
0.9056942
0.8794388
0.865753
0.9137144
0.8680507
0.8726847
0.8636717
0.8632624
0.866257
0.8683533
0.9132394
0.8937699
0.8588791
0.8941858
0.8948479
0.9033282
0.8878542
0.8816855
0.9075454
0.882874
0.8841338
0.8983481
0.8903032
0.8934937
0.8948228
0.8689919
0.9018687
0.8834204
0.8923416
0.884926
0.8833163
0.9083719
0.8964851
0.8820043
0.9084002
0.902929
0.9042927
0.9039278
0.9064617
0.9032928
0.9063315
0.9071301
0.9068498
0.9077071
0.9081243
0.906966
0.9044031
0.9053176
0.9064756
0.9053399
0.9045998
0.907461
0.9048437
0.9040831
0.9043634
0.9033448
0.904231
0.9033973
0.9062265
0.8916649
0.9135255
0.9029962
0.9013997
0.9061098
0.8909401
0.8905733
0.8876883
0.8913225
0.891339
0.8896647
0.886879
0.890943
0.9026609
0.8630198
0.90097
0.8707348
0.8799298
0.9004391
0.892491
0.8767024
0.8644877
0.8614899
0.8614447
0.8879086
0.8917158
0.9045088
0.860089
0.9063053
0.8913792
0.8853138
0.8833681
0.8772261
0.8016792
0.880311
0.909381
0.9094723
0.8895411
0.9019146
0.897115
0.8999565
0.9027002
0.8854561
0.846951
0.9137778
0.85072
0.8529818
0.8440298
0.8473912
0.8513231
0.8457865
0.9090815
0.8984013
0.8694994
0.8919365
0.8932764
0.9017943
0.8879732
0.8895714
0.911843
0.887581
0.8863174
0.9038929
0.8862552
0.9018392
0.8963978
0.8808414
0.8442961
0.8919131
0.8930973
0.8858711
0.8885923
0.9136438
0.9004287
0.8912888
0.9035776
0.9031959
0.9028712
0.906389
0.9026225
0.9010966
0.905909
0.9017692
0.9040576
0.9048345
0.9033015
0.9049105
0.9011777
0.9012078
0.9050813
0.9032822
0.9041899
0.9032992
0.9053647
0.9014917
0.9034892
0.9025942
0.9034363
0.9004106
0.9040546
0.8982781
0.9133941
0.9036854
0.8987392
0.9031721
0.8893139
0.8891496
0.8897332
0.888933
0.8917483
0.8891695
0.8898927
0.8888244
0.9045704
0.8008838
0.8999928
0.8776466
0.8859782
0.8961547
0.8916966
0.8187073
0.7747544
0.7706477
0.7700028
0.8904154
0.8949185
0.9107633
0.7936471
0.9081089
0.8907985
0.889694
0.8892182
0.8196635
0.8577468
0.8885416
0.9109884
0.9092594
0.8915156
0.9079124
0.8949651
0.903205
0.9060195
0.8903676
0.8838668
0.9125335
0.8795429
0.8830953
0.8789596
0.8811691
0.8788076
0.8836471
0.9160065
0.8350238
0.7844997
0.9003993
0.8987212
0.9063804
0.8917399
0.8791986
0.909892
0.881867
0.8847543
0.9005986
0.8887374
0.8980963
0.8957593
0.8673515
0.8996951
0.88913
0.8903256
0.8828767
0.8856569
0.9077094
0.8921525
0.8818129
0.9083405
0.9013556
0.9010297
0.906985
0.9039708
0.902869
0.9016706
0.9033472
0.9081531
0.9064355
0.9068136
0.903257
0.901413
0.9024268
0.903822
0.902906
0.8997945
0.9010688
0.9003634
0.8988788
0.9016594
0.8992871
0.8989605
0.8993681
0.9012812
0.895193
0.9153497
0.9033959
0.9002011
0.8999641
0.8880534
0.8879682
0.8882777
0.8863263
0.8867237
0.8868111
0.888804
0.8879592
0.9047602
0.8577823
0.8975376
0.8645238
0.8839061
0.894593
0.893806
0.87642
0.8553861
0.8536147
0.8517559
0.8909439
0.8962806
0.9102452
0.853716
0.9094781
0.8874108
0.887921
0.8859999
0.8769851
0.7784455
0.8821597
0.9064812
0.9043074
0.8920255
0.9048214
0.8931197
0.8985613
0.9036588
0.8866122
0.832362
0.9151935
0.8409915
0.8445567
0.8374182
0.833607
0.8426572
0.834981
0.9107493
0.8972588
0.8588121
0.8945102
0.894699
0.9040032
0.8899829
0.8792044
0.9125
0.8738149
0.8796595
0.8995215
0.8825245
0.8952552
0.8897523
0.8659996
0.8973222
0.8786719
0.8948259
0.8786047
0.8791503
0.9056983
0.9043258
0.8749405
0.9148732
0.9101067
0.9096938
0.9133956
0.9110922
0.9101752
0.9140963
0.9105188
0.9136415
0.9091945
0.9130589
0.9087671
0.9075883
0.9089486
0.9097193
0.910475
0.9087925
0.9105833
0.910078
0.9079262
0.9073044
0.9080472
0.9094239
0.9036439
0.9120723
0.8978337
0.9190883
0.9035528
0.9068291
0.9006011
0.8905489
0.8901011
0.8879028
0.8891153
0.8905876
0.890282
0.8886305
0.8899005
0.8940025
0.86274
0.889608
0.8599963
0.8841066
0.8954823
0.8917802
0.8787868
0.8552666
0.8528113
0.8507804
0.8777364
0.8884077
0.9127838
0.8527436
0.9143175
0.8838267
0.8838672
0.8847702
0.8781345
0.8400167
0.8785641
0.9019982
0.9000213
0.893556
0.9037652
0.8883104
0.9029077
0.9035012
0.8896752
0.8606989
0.9226167
0.8649577
0.8676275
0.8587889
0.8631247
0.8636969
0.8609647
0.9095778
0.8955352
0.854589
0.8845806
0.8851244
0.9021587
0.8918644
0.9048468
0.9060382
0.9173627
0.9141886
0.9224319
0.9166028
0.9220811
0.9188684
0.9095707
0.9329955
0.9170617
0.9023973
0.902836
0.9078882
0.9078625
0.8971358
0.9143008
0.8579086
0.858097
0.8559486
0.8582073
0.8686148
0.8598447
0.8587094
0.8553337
0.8625069
0.8603124
0.8632776
0.8622772
0.8532464
0.8589135
0.8653647
0.8591055
0.8609542
0.8518103
0.8597065
0.8583073
0.8660833
0.8579719
0.8602625
0.8592137
0.8596295
0.899133
0.9171798
0.9091455
0.8605905
0.9073365
0.8951683
0.8946855
0.893342
0.8940692
0.8951517
0.8950218
0.8933406
0.8947923
0.9135268
0.8979862
0.9127049
0.9106478
0.9073725
0.8989481
0.9037588
0.9140352
0.9081549
0.9077333
0.9067051
0.9162009
0.9293245
0.9037664
0.8988921
0.8613508
0.9147699
0.9171242
0.9107213
0.9150439
0.9043189
0.9169161
0.9120603
0.912165
0.8956273
0.9034726
0.9074307
0.8724169
0.8832571
0.8950497
0.9104969
0.9095367
0.9089718
0.9122925
0.9063135
0.9083565
0.9092679
0.9113006
0.913045
0.9201619
0.9073178
0.9255851
0.9255345
0.8677299
0.8979055
0.9134449
0.918475
0.9100278
0.9140997
0.9194429
0.9072668
0.9227797
0.9157408
0.8969336
0.9293157
0.9075287
0.9187861
0.9058481
0.9084699
0.9108861
0.9117719
0.9142837
0.9094038
0.9063396
0.9063601
0.9098588
0.903704
0.9064929
0.905026
0.9095294
0.9086898
0.907209
0.908376
0.9065232
0.9069288
0.9053339
0.9035201
0.907766
0.9019477
0.9099315
0.9027273
0.9041297
0.9047852
0.9018366
0.9042357
0.9029997
0.9083534
0.9053363
0.9122602
0.8490875
0.8986958
0.8457225
0.9022071
0.9021266
0.9041992
0.9046836
0.9042382
0.9020626
0.9043475
0.9020355
0.8378097
0.9020251
0.8127527
0.897677
0.9011589
0.8341089
0.8120452
0.9162461
0.8967441
0.896233
0.8972954
0.9070864
0.9156647
0.9170062
0.8990249
0.9107882
0.9103384
0.907152
0.9214996
0.9169739
0.8981631
0.9042342
0.8573221
0.8544949
0.8757153
0.8994831
0.8214529
0.8883653
0.8923437
0.9063263
0.8954239
0.9308735
0.8986186
0.8991993
0.8964717
0.8960614
0.8994934
0.8960314
0.9143973
0.9215639
0.9003363
0.9164155
0.9166895
0.8987036
0.9129664
0.8855566
0.9110631
0.881624
0.8885499
0.9001967
0.8816396
0.8930537
0.8863734
0.8720103
0.9003815
0.8849676
0.8886558
0.8826322
0.8849154
0.9091786
0.8963181
0.8782701
0.9076002
0.903662
0.9051773
0.9082295
0.9078428
0.9023351
0.9059613
0.9030483
0.9097047
0.9039011
0.9043158
0.9057762
0.9045828
0.9052609
0.9078596
0.9057929
0.9025413
0.9047057
0.9057648
0.9024574
0.9068458
0.9022303
0.9028835
0.9028705
0.9029554
0.8948068
0.9179473
0.9051993
0.9009869
0.8975847
0.8868612
0.8869787
0.8850608
0.884322
0.8854962
0.8869999
0.8857112
0.8869645
0.9043385
0.8550503
0.9013153
0.8672204
0.8819883
0.8927302
0.8932509
0.8810536
0.8575148
0.8578023
0.8569884
0.8883153
0.8915567
0.9111903
0.8563199
0.9075476
0.8875952
0.8841085
0.8843187
0.8807323
0.5373727
0.8791008
0.9046396
0.9052096
0.8926063
0.9066596
0.8972282
0.8981921
0.9070535
0.8865181
0.8357062
0.9143262
0.8422578
0.8463674
0.8322472
0.8362013
0.8413463
0.8355308
0.9118221
0.9009387
0.8595656
0.8884293
0.8883327
0.9029584
0.8902014
0.909456
0.9120941
0.9163102
0.9135684
0.9173614
0.9193599
0.9264463
0.9158774
0.9052068
0.9312961
0.9145448
0.9089932
0.9040103
0.9106039
0.9126018
0.8825784
0.9132139
0.8448486
0.8372495
0.8404235
0.8476543
0.8484046
0.8428092
0.8469128
0.8392932
0.8465187
0.8426102
0.8449306
0.8442112
0.8372807
0.8446469
0.8490731
0.8346948
0.8407215
0.8426131
0.8386418
0.8407607
0.8441089
0.83812
0.8382847
0.8414914
0.838139
0.9016773
0.9150579
0.9016052
0.8567605
0.9005987
0.8952822
0.8949962
0.8962556
0.8894268
0.8917588
0.8940854
0.8969754
0.8953488
0.9049083
0.8870891
0.9035816
0.9029802
0.9079241
0.8934791
0.890409
0.9073186
0.8988024
0.8988373
0.8992139
0.9172551
0.9260131
0.9049358
0.8875552
0.8518278
0.909679
0.913014
0.913342
0.9077946
0.8971503
0.9162067
0.9106506
0.9061297
0.8794923
0.8969296
0.8954752
0.8689466
0.8713933
0.8957249
0.9051281
0.9176437
0.9065246
0.9089575
0.90235
0.9029238
0.9029717
0.9062994
0.9127285
0.913207
0.8998805
0.9254711
0.925231
0.8525629
0.9006505
0.9118745
0.9168549
0.9103765
0.9100282
0.9189779
0.9116459
0.9248914
0.9180413
0.9017163
0.9302606
0.9097106
0.9203144
0.9091909
0.9156087
0.9097789
0.9107201
0.9153177
0.9090357
0.9034835
0.9031157
0.9057304
0.9065481
0.9051817
0.9031216
0.9081145
0.9065461
0.9046272
0.9075107
0.9033681
0.9060986
0.9048539
0.90141
0.9047945
0.9030693
0.9059835
0.9037882
0.9023934
0.9022438
0.9044479
0.9058803
0.9019382
0.9076824
0.9018903
0.9205493
0.8563996
0.9023207
0.8600476
0.9000903
0.8997291
0.9000108
0.8999495
0.9002555
0.8992668
0.900245
0.8997422
0.8328224
0.9044007
0.8440444
0.9039378
0.9061885
0.8470826
0.8312718
0.9173195
0.9038875
0.903102
0.9038296
0.9089875
0.9193968
0.9173404
0.9031751
0.9084866
0.9101151
0.9062154
0.916545
0.9181051
0.9001046
0.9069327
0.8608073
0.8595014
0.879237
0.9010887
0.8385599
0.8968303
0.8990832
0.8999604
0.9011651
0.9251847
0.9012682
0.9033158
0.9033532
0.9039621
0.9013752
0.9021786
0.9161054
0.922057
0.900349
0.9164322
0.9180086
0.8983551
0.911996
0.9154544
0.9212153
0.9103128
0.9147705
0.9207076
0.9079301
0.9274813
0.9161507
0.9015427
0.9334391
0.9152873
0.9226861
0.9105974
0.9116404
0.9125428
0.9167716
0.9187995
0.9095143
0.9061993
0.9025112
0.908854
0.9087787
0.9056502
0.9042549
0.9085508
0.9117006
0.9065471
0.9113829
0.9062713
0.9048357
0.9051242
0.9043591
0.9044729
0.9046779
0.9066116
0.9024364
0.9078546
0.9044401
0.9061726
0.9059182
0.9052476
0.9078834
0.9108705
0.9197242
0.8082155
0.9055929
0.7917293
0.9095122
0.9093914
0.9080856
0.9092934
0.9093709
0.909166
0.9079226
0.9090613
0.8358644
0.9061615
0.834401
0.9013227
0.9033524
0.8482559
0.834668
0.9161397
0.9014328
0.9003211
0.9023995
0.9121391
0.9182967
0.9183231
0.9067339
0.9131439
0.914322
0.9124101
0.9219361
0.9167751
0.9046434
0.9071308
0.7983376
0.791138
0.880482
0.9048489
0.7536064
0.8912908
0.8990182
0.907011
0.9002772
0.9322955
0.906127
0.9069152
0.9023546
0.9016601
0.9063886
0.9005437
0.9179935
0.9240364
0.8996532
0.9201252
0.9209415
0.9001154
0.920841
0.8773719
0.9104063
0.7614646
0.8486318
0.8864811
0.8707028
0.8826698
0.8772408
0.8829764
0.908818
0.8596233
0.8794568
0.8732261
0.872449
0.9110411
0.9098463
0.8035217
0.9219505
0.9184342
0.9177489
0.918015
0.9188317
0.9176806
0.9189863
0.9182341
0.9213373
0.9175479
0.91869
0.9169421
0.9187533
0.9172225
0.9219774
0.9198351
0.9206684
0.920212
0.9158684
0.9183745
0.919464
0.9204557
0.9203431
0.920592
0.9183315
0.8948597
0.9275868
0.9138022
0.9181568
0.9084164
0.9022392
0.9016857
0.8987355
0.898949
0.9007497
0.9026413
0.8998748
0.9028931
0.9076282
0.8892849
0.9061045
0.8778312
0.8604582
0.9021728
0.9082839
0.8894152
0.8902799
0.8897456
0.8895579
0.8556575
0.8670106
0.9157774
0.8892603
0.9191464
0.8727154
0.8676719
0.8683948
0.8902239
0.8759378
0.8643275
0.9130284
0.9116165
0.9084545
0.9108238
0.9039727
0.9127835
0.9139197
0.8946499
0.8885249
0.9129176
0.8925806
0.8945635
0.8902232
0.8907196
0.8924924
0.8880683
0.9109512
0.9158983
0.8860109
0.852765
0.8537677
0.9145251
0.8988833
0.9121941
0.9130235
0.920073
0.9144385
0.9207834
0.9189629
0.9270567
0.9205293
0.8997817
0.9321543
0.9201041
0.9159821
0.9090026
0.9065193
0.911129
0.8886858
0.9185095
0.8908073
0.8866331
0.8905064
0.8949772
0.8907708
0.8887414
0.8914706
0.8888521
0.8897354
0.8897354
0.8911707
0.8899319
0.8867365
0.8909251
0.8923411
0.8883497
0.886641
0.8869424
0.8883561
0.8910731
0.8934952
0.8879422
0.8903183
0.8900868
0.8860895
0.8979816
0.9067367
0.8937644
0.8873261
0.8882723
0.8920603
0.8917703
0.8930936
0.8913445
0.8892778
0.8919527
0.8925222
0.8919049
0.8954373
0.8893547
0.8931679
0.898229
0.9080172
0.8803485
0.874729
0.9092013
0.8945134
0.8939361
0.8930577
0.9206587
0.927796
0.9110353
0.8860172
0.8936091
0.9123942
0.9145895
0.9148521
0.9086678
0.8974039
0.920236
0.9022117
0.8985355
0.8378347
0.8922964
0.8840731
0.8879217
0.8928875
0.891498
0.9036913
0.9194393
0.9015251
0.9024461
0.8969355
0.9013787
0.9008754
0.9049534
0.9150773
0.9125224
0.8927207
0.9259586
0.9251089
0.897286
0.8972965
0.8735888
0.9125783
0.822156
0.8271805
0.8761255
0.8573416
0.8797434
0.8705513
0.8793992
0.9049037
0.8502954
0.8762241
0.8654579
0.8675365
0.9125898
0.9063836
0.8070365
0.9150541
0.9120159
0.9149056
0.9116715
0.9116796
0.9131924
0.9113271
0.9083732
0.9122578
0.9126032
0.913711
0.9146732
0.909559
0.9115893
0.9138935
0.9126919
0.9122131
0.9120226
0.9100949
0.9085364
0.9129652
0.9120867
0.9100226
0.909575
0.9106523
0.8969223
0.9242975
0.913138
0.9136028
0.9086703
0.8950324
0.8944316
0.8920156
0.8950911
0.8952145
0.894966
0.892573
0.8955764
0.907729
0.8823529
0.9070675
0.8776989
0.8557946
0.9052617
0.9046517
0.8872636
0.8847725
0.8843481
0.8826986
0.8458324
0.8554484
0.9118025
0.8804375
0.9136128
0.857547
0.864123
0.863225
0.88827
0.8693924
0.8604617
0.9116122
0.9107237
0.9022603
0.9073819
0.90309
0.9081811
0.9143647
0.8943586
0.8840554
0.9095899
0.8879053
0.8882651
0.8785251
0.8873382
0.8861343
0.8872549
0.9155207
0.9115482
0.8820775
0.8259011
0.8269209
0.9113276
0.8962936
0.912563
0.9114172
0.9156034
0.9173758
0.9268549
0.9176667
0.9319134
0.9195948
0.902577
0.9342575
0.9230192
0.9153913
0.9086434
0.9077794
0.9115962
0.8920557
0.9212328
0.8966228
0.8919089
0.8958802
0.898374
0.8965745
0.893055
0.8958165
0.8975094
0.8951013
0.894572
0.8951949
0.8950956
0.8918057
0.8932704
0.8951018
0.8925589
0.8896061
0.8939651
0.8895105
0.8904734
0.8942187
0.8931551
0.8938467
0.8922775
0.8934063
0.8996439
0.9090483
0.887763
0.8874052
0.8903235
0.8931906
0.8926122
0.8936532
0.8936202
0.8955862
0.8923436
0.8944278
0.8924631
0.8933506
0.8925556
0.8893083
0.9006266
0.9064541
0.8784306
0.8744406
0.9139966
0.8969443
0.8949869
0.8961823
0.9213769
0.9291903
0.9085473
0.8873646
0.8980434
0.9136972
0.9157918
0.9197146
0.9140575
0.8987146
0.9205277
0.9017741
0.8977513
0.8388166
0.8915853
0.8764011
0.8873377
0.8951311
0.8986099
0.9014543
0.9218649
0.8975336
0.9004388
0.8960091
0.9016135
0.9000621
0.9021263
0.9149174
0.9131248
0.8966989
0.928941
0.9289693
0.8977419
0.9028998
0.8904656
0.91383
0.8883168
0.8852952
0.9011299
0.8984323
0.8708289
0.8988208
0.8953156
0.9155471
0.889669
0.8979686
0.8868838
0.8911305
0.9120079
0.9055446
0.8819028
0.9205321
0.919331
0.9186467
0.9173574
0.9182859
0.9191084
0.9211998
0.9192792
0.9201847
0.919164
0.9198487
0.91913
0.9175961
0.9183845
0.9205966
0.9164256
0.9166256
0.916816
0.9184432
0.9187388
0.9188034
0.9163799
0.9174492
0.9174202
0.9174044
0.9088193
0.9271103
0.9206283
0.9169074
0.9184893
0.9094198
0.909107
0.9070428
0.9082357
0.9078132
0.9091167
0.9071145
0.909985
0.9177841
0.8976855
0.9176837
0.8948857
0.8902799
0.9135656
0.9152847
0.9020242
0.9014039
0.8992085
0.8998146
0.8889208
0.8967074
0.9146793
0.896822
0.9202775
0.8965139
0.7893995
0.8533552
0.9023721
0.8950959
0.8570742
0.9205512
0.9170228
0.9134284
0.9137266
0.9171187
0.9166667
0.9241239
0.905864
0.8990107
0.9133728
0.8980173
0.8971563
0.8966184
0.8945387
0.8974578
0.8991956
0.9183515
0.9202541
0.8982325
0.8926715
0.8940791
0.9196797
0.9063534
0.8534317
0.9111011
0.8766253
0.8803587
0.8979784
0.8846633
0.8878012
0.8868072
0.8782889
0.9003891
0.8797489
0.8826648
0.8852265
0.8874617
0.9120587
0.9096717
0.8755299
0.9192849
0.9173197
0.9200112
0.9221786
0.9192332
0.9211482
0.9200671
0.9199595
0.921239
0.9207496
0.920717
0.9209801
0.9198388
0.9189538
0.9211611
0.9201586
0.9207232
0.9203818
0.9221808
0.9180592
0.9198631
0.9213024
0.9205873
0.9185643
0.9150118
0.8981478
0.927135
0.9199903
0.9162956
0.9160345
0.9004069
0.9008742
0.8987188
0.8996
0.8996297
0.9003782
0.8991477
0.900696
0.9167604
0.8830532
0.9132362
0.8772821
0.8810515
0.9124366
0.9153692
0.8848826
0.8867836
0.8862441
0.8858131
0.8831001
0.8873497
0.9125091
0.884365
0.9220294
0.8841243
0.8837645
0.8808441
0.8837359
0.8744478
0.8788746
0.9151025
0.9123498
0.9118438
0.9126717
0.9133553
0.9178198
0.9225698
0.8955971
0.8862697
0.9152917
0.8860232
0.8896132
0.8866782
0.8871351
0.8896446
0.8872126
0.9125551
0.9108167
0.8826995
0.8789318
0.8794699
0.9172614
0.8959432
0.9194495
0.9253384
0.9195034
0.9216238
0.9231464
0.9159679
0.9310454
0.9217015
0.9064094
0.9334487
0.918732
0.9252455
0.9147855
0.9140695
0.9198635
0.9129521
0.9208243
0.871293
0.8623477
0.8621945
0.8649747
0.859865
0.8603786
0.8607296
0.8688952
0.8670546
0.8638761
0.8665222
0.865174
0.8617746
0.8625089
0.8581002
0.8565265
0.8557406
0.8651471
0.8557261
0.8595119
0.8580293
0.8556456
0.8559545
0.8593986
0.8625141
0.9115968
0.9175451
0.9006763
0.8760536
0.8988683
0.9119456
0.9117467
0.9121585
0.9111391
0.9110545
0.9117552
0.9127363
0.91202
0.8943232
0.9043776
0.8893604
0.9022478
0.9129563
0.8957723
0.8909464
0.9175381
0.9025552
0.9032281
0.9028516
0.9156322
0.9206619
0.9211538
0.9026297
0.8752203
0.9170642
0.918722
0.9282926
0.9186723
0.9047068
0.9188209
0.9079381
0.900269
0.887562
0.9057776
0.8815932
0.8687662
0.8723134
0.9121013
0.9029014
0.9366414
0.905802
0.9091788
0.9043921
0.902627
0.9040578
0.9032084
0.9190265
0.9249956
0.9006953
0.9266795
0.9264789
0.8632658
0.9202272
0.899642
0.9265635
0.8843831
0.889799
0.9057986
0.8927766
0.8984779
0.9054809
0.9006152
0.9198298
0.8965676
0.9040062
0.9013072
0.8996585
0.9217081
0.9264124
0.8880277
0.9360022
0.9330411
0.9316912
0.9305995
0.9329576
0.9320907
0.9317649
0.933118
0.9352459
0.9328656
0.9360365
0.9337917
0.931504
0.9314343
0.9325111
0.9315012
0.9316864
0.9342531
0.9308525
0.9296324
0.9335465
0.9315371
0.9298663
0.9302591
0.9311107
0.9206585
0.9362216
0.9276881
0.9336268
0.9269454
0.9191032
0.919365
0.9192963
0.9163132
0.919501
0.9190673
0.9197391
0.9196303
0.917093
0.9175958
0.9161497
0.9000851
0.8925127
0.9200485
0.9201688
0.9132662
0.9172534
0.91549
0.9157431
0.8872731
0.8930067
0.9235473
0.9148825
0.9346655
0.89987
0.8951335
0.8994722
0.9138134
0.9060654
0.8908409
0.9215646
0.9197075
0.9233488
0.9300911
0.9206159
0.9233381
0.9271917
0.9187463
0.9080278
0.9285961
0.9150917
0.9146835
0.9119031
0.9135253
0.914207
0.9087877
0.9244204
0.9333879
0.9096727
0.8871915
0.8866182
0.9260886
0.9219034
0.9139295
0.9117884
0.9162992
0.920504
0.9233431
0.913446
0.928331
0.9201757
0.9080801
0.9295853
0.9196356
0.9167051
0.9092204
0.9114654
0.9117342
0.9016531
0.9164452
0.8648366
0.8659744
0.8606324
0.8734747
0.867256
0.8602291
0.864741
0.8661956
0.8676006
0.8654505
0.8690498
0.8631461
0.8608089
0.8634128
0.8681519
0.8630363
0.8657217
0.8641777
0.8615816
0.8629026
0.8650773
0.8629457
0.8632823
0.8601509
0.8646934
0.9036204
0.9164284
0.9025735
0.8364003
0.9025214
0.9003261
0.9003623
0.8974945
0.8995469
0.8992192
0.8995397
0.8984898
0.9015791
0.9048461
0.9030344
0.9017276
0.9067791
0.9085989
0.899842
0.8963014
0.9153597
0.9026759
0.9032676
0.9027738
0.9202231
0.9273332
0.9157297
0.9007373
0.8751495
0.913383
0.9153669
0.9207678
0.9163763
0.9034762
0.9163884
0.9098855
0.9080068
0.891368
0.9011285
0.8934077
0.8736108
0.8818336
0.902892
0.9122026
0.9238274
0.9109797
0.9120339
0.9047825
0.9120844
0.9086332
0.9134366
0.9121273
0.9185629
0.903869
0.930008
0.9291402
0.8714381
0.9107855
0.9056822
0.834336
0.914227
0.9134038
0.9150017
0.919054
0.9173763
0.9157315
0.9080046
0.9263847
0.9131114
0.9150806
0.9054238
0.9081013
0.8388646
0.9023904
0.916557
0.9170839
0.9162568
0.9154674
0.9193766
0.920072
0.918752
0.9170749
0.9187719
0.9189199
0.9199307
0.9196351
0.9187361
0.9163848
0.9190471
0.922281
0.9171901
0.9168581
0.9145168
0.9134907
0.9151078
0.9175115
0.914615
0.9155287
0.9163616
0.917591
0.9078253
0.9217463
0.9186227
0.9148041
0.9170534
0.9085032
0.9082698
0.9063785
0.9066756
0.9041842
0.9084715
0.9064114
0.9088662
0.9198859
0.9062248
0.9147151
0.9048522
0.915161
0.9161567
0.9115106
0.9140773
0.9108003
0.909628
0.9109457
0.9129363
0.9191324
0.8947442
0.9054834
0.9162593
0.9186059
0.911005
0.9113498
0.9154445
0.9106135
0.9082421
0.9151154
0.9149347
0.9134677
0.9106608
0.9130389
0.9155705
0.918383
0.9057108
0.9166349
0.9164725
0.9127321
0.914853
0.9157994
0.9164985
0.9159591
0.9177204
0.850939
0.9254686
0.9127978
0.9200619
0.9202285
0.9187944
0.9053849
0.9076295
0.9040939
0.919111
0.9116758
0.9213329
0.9184277
0.9246215
0.9206974
0.9139384
0.9299944
0.9224762
0.905606
0.9041709
0.9091905
0.9080797
0.8858294
0.919327
0.8594792
0.8525725
0.8542353
0.8673454
0.8611966
0.8536071
0.8553733
0.8524659
0.8589875
0.8585093
0.8607335
0.858401
0.8482615
0.8604165
0.8617147
0.8551944
0.857334
0.8515247
0.8531136
0.8559627
0.8582104
0.8538229
0.8561944
0.8542586
0.8524987
0.8956298
0.9162717
0.904007
0.7883911
0.9045188
0.8891454
0.8888103
0.8900732
0.8880897
0.8917398
0.8891618
0.8901964
0.8900112
0.9174408
0.8890617
0.9130132
0.9094748
0.9134933
0.8957577
0.8957402
0.9072499
0.9015493
0.9027544
0.9014053
0.9224153
0.9319689
0.9031351
0.8901038
0.8636294
0.9125085
0.9125566
0.9109389
0.9057586
0.8992848
0.9189257
0.9144805
0.9135869
0.8879767
0.8925163
0.9018162
0.8811157
0.8856929
0.884895
0.9147629
0.9085704
0.9115942
0.913649
0.9035734
0.9114136
0.9101197
0.9149159
0.9150169
0.9125986
0.9006683
0.9289466
0.9297355
0.8748217
0.8922665
0.9115459
0.9175452
0.9139685
0.9192481
0.9194502
0.9163355
0.9246793
0.9180196
0.9060179
0.9339988
0.9139078
0.9156168
0.9045077
0.9105475
0.9097888
0.899685
0.9169742
0.8372244
0.8336541
0.8364953
0.8386384
0.8368103
0.8314425
0.8383449
0.8381247
0.8361264
0.8354135
0.8396608
0.8346683
0.8313927
0.8360154
0.8336277
0.8270476
0.8338456
0.832
0.8313466
0.8315575
0.8355031
0.8277099
0.8292439
0.8311548
0.8324489
0.9010106
0.9164192
0.8910066
0.8591748
0.8938894
0.8920421
0.891795
0.8932687
0.8930737
0.893528
0.8932705
0.8935092
0.8924174
0.8967991
0.8978794
0.8941151
0.9049025
0.9110387
0.8877573
0.8877203
0.9130512
0.9014933
0.9016897
0.9017483
0.9143467
0.9209077
0.9092898
0.897561
0.8427823
0.9144444
0.9151239
0.9170187
0.9134938
0.9045916
0.9184188
0.9017216
0.8987809
0.8815509
0.8984733
0.8828377
0.8643966
0.863932
0.8997971
0.9006527
0.9254676
0.9051362
0.9069076
0.9017425
0.9019594
0.9023671
0.9023846
0.915813
0.9193964
0.8990331
0.9248798
0.9247146
0.8320672
0.9104128
0.917295
0.8838613
0.9222237
0.9212798
0.9236861
0.925058
0.9231109
0.9237453
0.9177098
0.9333844
0.9207041
0.9168094
0.9142886
0.9156535
0.884291
0.9082161
0.9191457
0.9192681
0.9162619
0.9190533
0.9221761
0.9207309
0.9173159
0.9212154
0.9193377
0.9171867
0.917261
0.9183386
0.9191179
0.9185483
0.9174259
0.9243075
0.9168103
0.9185284
0.9158499
0.9186688
0.9183645
0.9203885
0.9212074
0.9213176
0.9178558
0.9185452
0.9149014
0.9278997
0.926493
0.9180767
0.9304031
0.9151923
0.9150022
0.9171421
0.9134084
0.91433
0.9141852
0.9179883
0.915656
0.9287125
0.915174
0.9283024
0.9178688
0.919267
0.9228576
0.9226272
0.9186298
0.9226758
0.9211138
0.9222101
0.9254399
0.9266337
0.9013023
0.9155909
0.9211354
0.9208538
0.9199618
0.9205073
0.9188053
0.9171339
0.920205
0.9294188
0.9283457
0.9208796
0.9143934
0.9242341
0.9201849
0.9232987
0.9149603
0.9227941
0.9164377
0.9239031
0.9231083
0.9215934
0.9245199
0.9253478
0.9228674
0.8887643
0.9326823
0.9192123
0.9290405
0.9287786
0.9238131
0.9111758
0.9139716
0.9052546
0.9155346
0.9166725
0.9222438
0.9244117
0.9251533
0.921284
0.9052083
0.9313987
0.918962
0.9101252
0.9051508
0.9101334
0.9089329
0.8962223
0.9169151
0.8469365
0.8419463
0.8475413
0.8525793
0.8493006
0.8427488
0.8515566
0.8426778
0.8519008
0.8476375
0.8521598
0.8480922
0.8403812
0.8462063
0.8525333
0.8458399
0.8423422
0.842023
0.8415494
0.8443624
0.8475533
0.8444664
0.8471591
0.8419182
0.8439214
0.9023732
0.9181966
0.9084261
0.8573502
0.9072601
0.9008201
0.9005772
0.8969027
0.8984401
0.8983542
0.9011097
0.8970203
0.9009558
0.9124987
0.8942915
0.9124865
0.9049573
0.9052491
0.9026202
0.8948212
0.911877
0.9033281
0.902893
0.9032293
0.9199717
0.9294295
0.9078022
0.8965779
0.8510174
0.9133083
0.9166074
0.9136135
0.9125111
0.906188
0.9219984
0.9134108
0.9134466
0.8930095
0.8994012
0.8989167
0.8773465
0.8805262
0.8991734
0.9087752
0.9142367
0.9096142
0.9111786
0.9028285
0.9069935
0.907727
0.9099789
0.9109998
0.9201001
0.9029417
0.9265566
0.9266573
0.8592526
0.9006538
0.9131081
0.9116389
0.9164579
0.9214171
0.9215551
0.9184603
0.9265275
0.9175308
0.9091167
0.9342159
0.9179856
0.9123024
0.906188
0.9111988
0.9100888
0.897503
0.9171352
0.6648529
0.6535516
0.4087747
0.7149654
0.6665654
0.5407668
0.3887664
0.6692511
0.6423361
0.6376381
0.6459161
0.6321629
0.6460619
0.5383006
0.6515258
0.6671175
0.6656362
0.6463264
0.6668115
0.6673909
0.6589499
0.6631675
0.6714508
0.6645722
0.6534136
0.8999826
0.9154456
0.90529
0.8519687
0.9013024
0.8962108
0.8962468
0.8975282
0.8989706
0.8992001
0.8962234
0.897446
0.8967218
0.9091979
0.8977163
0.9053237
0.909304
0.9102919
0.8958833
0.8947919
0.9142358
0.9041169
0.9048994
0.9033941
0.9196313
0.9247518
0.9084546
0.8969667
0.8326022
0.9173975
0.9153415
0.9165662
0.9138396
0.9000359
0.9209196
0.908145
0.9088829
0.886414
0.897635
0.8942388
0.8678024
0.8643014
0.8973603
0.9064421
0.9186551
0.9047907
0.9075553
0.9016223
0.905795
0.907343
0.9068619
0.9157952
0.9197975
0.898701
0.9278708
0.9286779
0.8498016
0.9041165
0.9119836
0.9148397
0.9101431
0.9190425
0.9221825
0.9135039
0.9260396
0.9177507
0.9027253
0.9298234
0.9134022
0.9139466
0.9090395
0.9121192
0.9089531
0.9011236
0.9144197
0.853038
0.8430631
0.8474678
0.8547241
0.8462723
0.8415823
0.8444821
0.8478595
0.8501105
0.8454392
0.8524744
0.8435851
0.8455819
0.8468381
0.8474959
0.8498249
0.8502684
0.8455337
0.8433221
0.8490049
0.8447465
0.8453779
0.8462232
0.845088
0.8467098
0.9052668
0.917603
0.9036072
0.8633386
0.8990878
0.9007982
0.9006761
0.8991373
0.9012505
0.8996197
0.9003739
0.8994108
0.9012899
0.8991718
0.8995954
0.8980146
0.9008593
0.9106699
0.8917822
0.8978769
0.9175204
0.8998675
0.8999821
0.898855
0.9126107
0.9220448
0.9121013
0.9000643
0.8568466
0.9153825
0.9138022
0.9189007
0.9168297
0.9005749
0.915967
0.9108835
0.9050564
0.8842893
0.9004142
0.8864361
0.8641777
0.8669268
0.8988897
0.9023729
0.9267115
0.9057523
0.9077387
0.9015694
0.904258
0.9060124
0.9032247
0.9136047
0.9200573
0.9008957
0.9232403
0.9228489
0.7062045
0.909542
0.874895
0.9018723
0.8721386
0.8681383
0.8941516
0.885653
0.8591695
0.8809583
0.8801669
0.9090147
0.8731044
0.8776884
0.8668937
0.8768431
0.9039072
0.8935133
0.8598369
0.9118958
0.9081298
0.9108953
0.9121181
0.913393
0.9106011
0.9107737
0.9072333
0.9113217
0.9114756
0.9155382
0.9107061
0.9091943
0.9121519
0.912576
0.9048658
0.9071314
0.908765
0.9098866
0.9078994
0.9105291
0.9092198
0.9113168
0.9029317
0.9124881
0.8911438
0.9211908
0.9078377
0.906965
0.9087696
0.8914474
0.891844
0.8921823
0.890986
0.891403
0.8915023
0.8928597
0.8923786
0.9101958
0.8815398
0.9088471
0.8810363
0.8757537
0.9038073
0.9037714
0.8830382
0.8854581
0.8855995
0.8847213
0.8748726
0.884467
0.8985665
0.883752
0.9111509
0.8775429
0.8321469
0.8319411
0.8840055
0.8776055
0.8375321
0.9159034
0.9112434
0.8978342
0.898088
0.9089607
0.9054621
0.9122302
0.8890134
0.8928635
0.8984064
0.8934485
0.8949554
0.8870833
0.8899119
0.8932014
0.8931673
0.9017381
0.9103875
0.8834948
0.8763813
0.8765549
0.9119288
0.8878929
0.8808612
0.9075621
0.8725548
0.8697352
0.8933055
0.8821009
0.8572066
0.8856785
0.8806514
0.910123
0.8692602
0.8852507
0.8710245
0.8739685
0.9047586
0.9003559
0.8638277
0.9119079
0.9093733
0.9077538
0.9119386
0.9103243
0.9078882
0.9085696
0.9084698
0.9093173
0.9091233
0.9101232
0.9091621
0.9071656
0.9076737
0.9101136
0.9063789
0.9089937
0.9110542
0.9103166
0.9081669
0.9100704
0.9107327
0.9095465
0.9078463
0.9117291
0.8902486
0.9204879
0.9083734
0.9063214
0.9026915
0.8926162
0.8927328
0.8905814
0.8917114
0.8929281
0.8937935
0.8914248
0.8929105
0.9069235
0.8865714
0.8994385
0.8811166
0.8730824
0.9020663
0.9017017
0.8900376
0.8849088
0.8833042
0.8832319
0.8754203
0.8830651
0.9049511
0.8805519
0.9102587
0.8783813
0.8182623
0.8288908
0.8910888
0.8734933
0.8319379
0.9065224
0.9035778
0.9020466
0.8981982
0.9002973
0.9040646
0.9098296
0.8920621
0.8903135
0.9045848
0.8889009
0.8929433
0.8865818
0.8885379
0.8924545
0.8908592
0.9093967
0.9071932
0.8859397
0.8734085
0.8739916
0.9116322
0.8931253
0.882155
0.9106642
0.8505452
0.8518273
0.8930992
0.8691565
0.8874641
0.8794759
0.8847249
0.9079406
0.867857
0.8877823
0.8778292
0.8817056
0.9111081
0.9051857
0.8445074
0.9174914
0.9149386
0.9138356
0.9168182
0.9131795
0.9122386
0.9140163
0.9151334
0.9171079
0.9136415
0.9147843
0.9134138
0.9119228
0.9122097
0.914164
0.9122354
0.9124881
0.9137925
0.9113361
0.9091681
0.9126255
0.9094025
0.9124116
0.9110144
0.9102383
0.8976484
0.9287977
0.9133704
0.9105286
0.9143849
0.8965418
0.8963402
0.895678
0.8941012
0.8969153
0.8967124
0.8956758
0.897846
0.9108389
0.8865281
0.90841
0.8825296
0.8709524
0.9096273
0.9070823
0.8924091
0.8882856
0.8895081
0.8890408
0.8563312
0.867727
0.914521
0.8834174
0.9202293
0.874833
0.8747272
0.8742533
0.8936095
0.8781021
0.8697448
0.9116197
0.9104665
0.9076663
0.9140233
0.9066481
0.906519
0.9170873
0.900239
0.8889288
0.9108334
0.8939605
0.8928942
0.8897848
0.8900007
0.8938328
0.8902282
0.9107587
0.9122028
0.8846126
0.8617535
0.8617481
0.9123319
0.9023641
0.9147325
0.9136935
0.9165406
0.9205848
0.9249025
0.9184982
0.9248225
0.9215612
0.9087985
0.9326411
0.916509
0.9153043
0.9092703
0.9130327
0.9105624
0.894163
0.918163
0.8511036
0.8467436
0.8455761
0.8564076
0.8489171
0.8475598
0.8503305
0.8444578
0.8490827
0.8435517
0.8479572
0.8454327
0.8459919
0.8519622
0.8537785
0.8418308
0.8422163
0.8425985
0.84139
0.845036
0.8505897
0.8401778
0.8436867
0.841404
0.8471144
0.8998091
0.9158719
0.9018392
0.8593585
0.9002208
0.9010245
0.9003119
0.8999213
0.8980032
0.8992991
0.900838
0.9004292
0.900526
0.9024364
0.8954513
0.9056394
0.9035874
0.9095064
0.8947312
0.8919971
0.9117093
0.9011937
0.9024833
0.899521
0.9175478
0.9264114
0.9105377
0.8980953
0.859611
0.91411
0.915542
0.9170702
0.9113078
0.8996596
0.9210637
0.9106496
0.9060719
0.8829787
0.9000534
0.8933512
0.8757181
0.8761936
0.9021491
0.9058978
0.9202863
0.9053374
0.9073183
0.9022623
0.9034547
0.9040051
0.9066265
0.914882
0.918966
0.9022572
0.9268048
0.9273501
0.8570581
0.9040827
0.9141898
0.9147394
0.9168077
0.9199568
0.9254422
0.9216529
0.9258588
0.9212027
0.91113
0.9327236
0.9192429
0.9124624
0.9070467
0.9131376
0.9121536
0.8962268
0.9195709
0.8522732
0.843907
0.8471752
0.8550288
0.8515861
0.8470818
0.8498632
0.848302
0.8483951
0.8482223
0.8522247
0.8472457
0.8460291
0.8523164
0.8517784
0.8440905
0.8435531
0.8449367
0.8461191
0.8475876
0.850511
0.8459543
0.8495602
0.843092
0.8447217
0.9030053
0.9193154
0.9051028
0.8596504
0.9056047
0.9013326
0.9006972
0.8995547
0.8998885
0.9007057
0.9002767
0.9001041
0.9016281
0.9067091
0.8970514
0.9084323
0.9081085
0.9107625
0.896601
0.8977808
0.9135587
0.9046313
0.9059984
0.9040274
0.9208094
0.9268878
0.9106338
0.8998107
0.8539156
0.9148631
0.9190443
0.9201725
0.9146435
0.9029599
0.9199016
0.9122666
0.9081209
0.8869157
0.9000821
0.8984956
0.8772085
0.8764823
0.9033227
0.9060212
0.9196507
0.9082143
0.9113091
0.9035533
0.9041204
0.9061856
0.9067131
0.9160594
0.9219485
0.9044866
0.9284329
0.9292768
0.8587396
0.9049086
0.9213966
0.9185485
0.9285511
0.9270609
0.9303086
0.9276875
0.9310064
0.9260455
0.9203549
0.9383969
0.9298761
0.9248102
0.9180937
0.9175202
0.9196537
0.9034852
0.9304754
0.9106651
0.9078363
0.909955
0.9136802
0.9097619
0.9084277
0.9091601
0.9086232
0.9092885
0.9120081
0.9108197
0.9104337
0.9056218
0.909433
0.9090711
0.9083288
0.909988
0.9072169
0.908408
0.9086718
0.9093841
0.9069311
0.9058392
0.9088628
0.9078287
0.9102028
0.9103872
0.9084456
0.9049011
0.9141069
0.9096364
0.9098313
0.907239
0.9077864
0.9086622
0.9099597
0.9081065
0.9097788
0.9192229
0.9049729
0.912904
0.9184326
0.9187722
0.9018249
0.9007684
0.9205242
0.913534
0.9128787
0.9124322
0.9309162
0.9347413
0.9206478
0.9069027
0.9089675
0.9223948
0.9234366
0.9225205
0.9207109
0.9132356
0.9268727
0.9197003
0.9166518
0.8951049
0.9049552
0.9087245
0.9036964
0.9121894
0.9062295
0.9204322
0.9237925
0.9137646
0.913929
0.9163153
0.9167267
0.9162061
0.920431
0.922801
0.9224594
0.9137576
0.936538
0.9373948
0.9220807
0.9109843
0.8509903
0.9102546
0.8742535
0.8810446
0.9018659
0.8837939
0.889283
0.8887435
0.8773151
0.899979
0.8798325
0.8845212
0.884712
0.8860613
0.9105544
0.9090292
0.8766707
0.9190069
0.9173435
0.919204
0.9217924
0.9180861
0.9208724
0.9183531
0.9189274
0.920549
0.919039
0.919874
0.9188158
0.9184605
0.9189406
0.9206965
0.9204494
0.920711
0.9193865
0.9219061
0.9171724
0.9199259
0.9186852
0.9196703
0.9182469
0.9147671
0.8971674
0.9270898
0.9194148
0.9157396
0.9156782
0.8997927
0.9001429
0.8988503
0.9009102
0.9001923
0.9000393
0.8993971
0.899921
0.9165552
0.8847083
0.9115201
0.8764265
0.8851346
0.9120006
0.9147813
0.8854048
0.8877107
0.8880935
0.8867428
0.8824207
0.8873567
0.9128312
0.8823593
0.9228924
0.8860429
0.8848952
0.8810512
0.8841797
0.8764586
0.8786737
0.9142986
0.9128632
0.9119039
0.9142917
0.9136473
0.9195994
0.9221048
0.8940654
0.8845918
0.9159617
0.888307
0.8917662
0.8872468
0.8872224
0.8889765
0.8865394
0.912797
0.9109129
0.8825827
0.8793377
0.8804407
0.915843
0.8973008
0.9093587
0.910087
0.9165358
0.9189256
0.9207886
0.9148959
0.9277435
0.9194017
0.9051408
0.9312415
0.9127146
0.9179838
0.9073975
0.9106654
0.9062838
0.8972293
0.9187203
0.8599157
0.8563592
0.8565171
0.8678845
0.8655635
0.8570621
0.8602082
0.8583891
0.8585722
0.8639137
0.8645662
0.8633843
0.857294
0.8583991
0.8621635
0.8558651
0.8623488
0.8565336
0.8556709
0.8611748
0.8606782
0.8588629
0.858437
0.8600347
0.8605823
0.8977706
0.9111467
0.9001477
0.8180126
0.8989325
0.8952371
0.8951121
0.8929838
0.8956195
0.8957431
0.8952099
0.8932252
0.8961149
0.8999381
0.8944802
0.8976427
0.9012417
0.9097479
0.8928688
0.8931535
0.9114781
0.8999203
0.9005941
0.899815
0.9165185
0.9256833
0.9090941
0.8966505
0.8667624
0.9162596
0.9154834
0.9194773
0.9130003
0.9021921
0.9162772
0.9066515
0.9005311
0.8749717
0.896608
0.8887655
0.8718632
0.8731589
0.8987314
0.9032456
0.922831
0.904335
0.9088985
0.9015223
0.9058641
0.9045597
0.905014
0.9139169
0.9129244
0.8977649
0.9284187
0.9292352
0.8621103
0.9030512
0.9083218
0.905376
0.9194406
0.9172347
0.9221016
0.9222765
0.9271097
0.9202148
0.9060866
0.9314017
0.9214824
0.9085273
0.9059467
0.9126869
0.9085952
0.8866757
0.9181821
0.8584956
0.8598195
0.8566691
0.8648588
0.8618511
0.8592165
0.86169
0.8617126
0.8610353
0.8608626
0.8647074
0.8624385
0.852638
0.8629252
0.8659361
0.8566676
0.8588334
0.8546343
0.8597251
0.8559448
0.8611711
0.8559948
0.8586066
0.8588303
0.8565166
0.8952534
0.9171136
0.8998508
0.7844274
0.9027125
0.8907912
0.8914034
0.890603
0.8882163
0.8907479
0.8912585
0.8903562
0.8914541
0.9124305
0.8934731
0.9094704
0.9069488
0.90919
0.8972665
0.8993651
0.9099312
0.9014275
0.901586
0.9016453
0.9185605
0.92865
0.9084605
0.8935217
0.8606196
0.9133675
0.9159646
0.9093961
0.9102196
0.9007045
0.9207676
0.9131999
0.9140127
0.885332
0.8961125
0.8962688
0.8779385
0.8836618
0.8910079
0.9088999
0.909695
0.9087223
0.9105438
0.9049652
0.9070979
0.9081559
0.9097625
0.913195
0.9152488
0.9009111
0.9260074
0.9280879
0.8784353
0.8952831
0.8920399
0.8981286
0.8991118
0.9014733
0.90701
0.9025981
0.9108544
0.9053926
0.890178
0.9200263
0.9013423
0.8981352
0.8962696
0.8950671
0.9031934
0.8932998
0.9013181
0.9038743
0.9001437
0.9041052
0.908711
0.903657
0.9047517
0.9061387
0.9026053
0.9046295
0.9026741
0.9056294
0.9017694
0.9001221
0.9036844
0.9066719
0.9003848
0.9047636
0.9018682
0.9061376
0.903583
0.9064769
0.9033559
0.9037708
0.9017175
0.8993614
0.8611491
0.9163196
0.9119251
0.8971291
0.9096345
0.8575054
0.8568601
0.8569032
0.8534676
0.853051
0.8581336
0.8567862
0.8589523
0.9112992
0.8873703
0.9112033
0.889892
0.8945682
0.9042029
0.9047177
0.8992144
0.8966222
0.8953856
0.8946459
0.9011968
0.9118673
0.9008521
0.8909117
0.9019962
0.9024528
0.9027407
0.8977752
0.9000673
0.8890017
0.9040427
0.9149883
0.9125605
0.8947619
0.9007949
0.9085852
0.9027518
0.9110881
0.8532456
0.9002821
0.9035564
0.8969615
0.8986595
0.8970572
0.8984602
0.8964777
0.9016446
0.9076913
0.9116313
0.9005297
0.9065414
0.9067383
0.9092489
0.8523618
0.9163345
0.9113801
0.9157754
0.9189019
0.920595
0.9215408
0.9258962
0.9185491
0.910359
0.9350219
0.9210582
0.9125778
0.9075883
0.9136004
0.9091567
0.897911
0.9169508
0.6641261
0.6358124
0.6500022
0.7205418
0.6472271
0.6532332
0.6642879
0.6697983
0.6598447
0.6616551
0.6606698
0.657439
0.6063849
0.6662473
0.642424
0.6776455
0.6658976
0.6644596
0.6808255
0.6684035
0.6470433
0.6801548
0.6862443
0.6740317
0.6698056
0.9020146
0.9148809
0.9062655
0.8551126
0.9041247
0.8982459
0.8979643
0.8966225
0.8980261
0.8967141
0.8973047
0.8967391
0.898407
0.9083479
0.8969723
0.907178
0.9069039
0.9091749
0.8984907
0.8981771
0.9167393
0.9054112
0.904711
0.9041839
0.9192581
0.9270743
0.9091863
0.9009883
0.8339611
0.9153189
0.9162645
0.9171482
0.9165008
0.9015429
0.9199775
0.9153704
0.912525
0.8883932
0.8951124
0.8934411
0.86528
0.8695717
0.8952621
0.9075356
0.9184702
0.9095287
0.9098828
0.9029651
0.906582
0.9100559
0.9077611
0.9177915
0.9170429
0.9018605
0.9304706
0.9306848
0.8527326
0.9042019
0.8750641
0.9119447
0.8297199
0.8370356
0.8879665
0.8489861
0.8778373
0.8694676
0.8780212
0.9069221
0.8589245
0.8828763
0.8690777
0.87483
0.9084393
0.907316
0.8285942
0.9159156
0.9122938
0.9129216
0.9153575
0.9128789
0.9139732
0.9139511
0.913809
0.9173659
0.9127664
0.9127614
0.9123441
0.9135452
0.9120957
0.9111695
0.911617
0.9138787
0.9147641
0.9105983
0.9106248
0.910043
0.9095044
0.9094425
0.9110866
0.9101511
0.8982992
0.9231117
0.9044782
0.9128729
0.9007961
0.8949384
0.8948547
0.8946286
0.8937186
0.894843
0.8947121
0.8949057
0.895524
0.8980004
0.8835107
0.8936271
0.8773757
0.8586572
0.8988407
0.8984903
0.8910732
0.8783335
0.877075
0.8769574
0.8473619
0.8541837
0.9107448
0.8825642
0.915955
0.862889
0.8678002
0.8718697
0.891093
0.868741
0.858204
0.9047335
0.9023967
0.9008313
0.9089589
0.8937998
0.906095
0.9074598
0.8933843
0.878471
0.9141037
0.8833086
0.8842376
0.8826187
0.8835287
0.8816802
0.8793078
0.9112365
0.9141132
0.8759156
0.8452234
0.8450699
0.9087035
0.8963238
0.9089689
0.9047636
0.9200345
0.9163184
0.9211276
0.9215624
0.9265088
0.9191569
0.9055836
0.9311118
0.9216863
0.9085801
0.9058415
0.9122654
0.9089151
0.887819
0.9184654
0.8589943
0.8588415
0.8587788
0.8657334
0.8601902
0.8613144
0.8627881
0.861475
0.8634679
0.8643267
0.8639116
0.8634919
0.8544599
0.8620429
0.8655278
0.8559458
0.8598092
0.8557483
0.8603089
0.8576648
0.8614079
0.8568004
0.8582381
0.8591125
0.8550985
0.8938474
0.9173577
0.9003454
0.7860106
0.9028066
0.8926537
0.8931001
0.8905782
0.8895935
0.8909688
0.8930367
0.8902493
0.8929541
0.9126408
0.8920222
0.9112378
0.9081929
0.9088861
0.8973218
0.8975999
0.9108805
0.8991916
0.8993483
0.8992856
0.9194628
0.9285461
0.9074193
0.8939027
0.8620822
0.9134188
0.9182354
0.9111969
0.9114042
0.9002349
0.9201593
0.9130574
0.916003
0.8850966
0.8970158
0.8981248
0.8766452
0.8842215
0.890614
0.9103339
0.9107363
0.9093277
0.9111472
0.9036994
0.9077477
0.9082482
0.9103279
0.9129419
0.9154163
0.9004026
0.9270453
0.928971
0.8772395
0.8961547
0.8858836
0.9119399
0.8901575
0.892421
0.9000174
0.8943662
0.9009261
0.8906454
0.8867073
0.9118054
0.8879283
0.8965284
0.8944437
0.8841239
0.9081316
0.9012018
0.8847863
0.9150755
0.9112505
0.9110712
0.9136907
0.9124461
0.9126145
0.9126316
0.9146606
0.9157574
0.9138964
0.9162496
0.9173508
0.9119946
0.9118606
0.9160132
0.9119224
0.9151502
0.9131702
0.914576
0.9141474
0.9163433
0.9139563
0.9120999
0.9130052
0.9120025
0.9009645
0.9230398
0.9127161
0.9103347
0.9105278
0.8949798
0.8950551
0.8973911
0.8983879
0.8970096
0.8951904
0.8975455
0.8957188
0.9152763
0.8839835
0.9108953
0.8885305
0.8905204
0.9078357
0.9067105
0.8896203
0.8835377
0.8814617
0.8838466
0.8887302
0.9005363
0.9116173
0.883968
0.9132579
0.8939142
0.8856917
0.8877187
0.8899915
0.8782347
0.8897593
0.9154803
0.9149622
0.9060692
0.9089825
0.9047126
0.9127635
0.9160332
0.8959663
0.8928953
0.9098364
0.8927274
0.8953261
0.8879951
0.8917526
0.8926791
0.8938671
0.9135949
0.9099951
0.8899119
0.8963421
0.8966469
0.9152157
0.895799
0.8787923
0.9149599
0.8759313
0.8768174
0.898355
0.8890394
0.8690315
0.8895083
0.8875663
0.9121542
0.8811067
0.8928918
0.8853127
0.8833079
0.9106604
0.9108922
0.8740519
0.9218438
0.9195038
0.9202236
0.9189644
0.9182648
0.9203049
0.9189892
0.9204741
0.9214566
0.9189559
0.9204398
0.9187318
0.9175345
0.9193882
0.9189883
0.9212854
0.9180877
0.9197989
0.9174706
0.917691
0.9192019
0.9190567
0.9184899
0.915597
0.9197791
0.9070361
0.923093
0.9250373
0.9160281
0.9182793
0.9060994
0.9059008
0.9058937
0.9028668
0.9037858
0.9049354
0.9062389
0.9063778
0.9117282
0.8925234
0.9114014
0.887636
0.8816062
0.911158
0.9146018
0.898727
0.8965258
0.8963601
0.8948692
0.8856339
0.8857627
0.910713
0.8930096
0.9172632
0.8860864
0.8672326
0.859262
0.89837
0.8812138
0.8595491
0.9182196
0.9179409
0.9120994
0.9130404
0.9125295
0.9130109
0.9208176
0.9015374
0.8931161
0.9111418
0.896194
0.8929481
0.8962867
0.8943183
0.8964999
0.8945311
0.9147611
0.9168443
0.8937448
0.8785412
0.880055
0.9209503
0.9020972
0.9114931
0.9100403
0.9194845
0.9214443
0.9239299
0.9200182
0.9259844
0.9181752
0.9147947
0.937249
0.9198604
0.9164746
0.9086088
0.9118226
0.9129429
0.8980181
0.9177859
0.8756272
0.8706765
0.8732702
0.8786513
0.8765314
0.8730311
0.8747786
0.8720857
0.8752212
0.8702655
0.8769486
0.8725465
0.871497
0.8770221
0.8779688
0.8701753
0.872635
0.8698523
0.8737254
0.8720246
0.8779609
0.870681
0.8726695
0.8682869
0.8729554
0.9024493
0.9186775
0.9084056
0.8769599
0.9055625
0.9001484
0.8997864
0.8979186
0.8992504
0.9016606
0.9002785
0.8984737
0.9010398
0.9159175
0.9024609
0.9106499
0.9136022
0.912347
0.8941126
0.9032851
0.9162368
0.9070907
0.9080727
0.9082122
0.9239363
0.9319519
0.9130313
0.9041429
0.8620403
0.9156834
0.9169442
0.9167172
0.9156525
0.9054662
0.9195699
0.9143268
0.9147879
0.8945523
0.9013063
0.9033278
0.8574559
0.8919759
0.8987058
0.9123244
0.9172823
0.9115293
0.9134697
0.9105924
0.9113128
0.9109348
0.9121646
0.918271
0.9187126
0.9098416
0.9301775
0.9291619
0.8808869
0.906754
0.9047965
0.9301817
0.9001701
0.9100457
0.9143347
0.9050317
0.9114674
0.9144293
0.9069751
0.9103582
0.8963076
0.918544
0.9068777
0.9087643
0.9263681
0.9310592
0.9053277
0.9381187
0.9337252
0.9320431
0.933199
0.9338557
0.9321817
0.9345581
0.9342278
0.9371645
0.9347344
0.9348638
0.9337755
0.9330878
0.9308903
0.9323052
0.9339894
0.933947
0.9339041
0.9324475
0.9326271
0.9307633
0.9338698
0.9323815
0.9315829
0.934535
0.9218016
0.9402192
0.930891
0.9339419
0.9313303
0.9222731
0.9221968
0.921058
0.9208493
0.9215125
0.9222734
0.9211586
0.9226176
0.9253533
0.9143992
0.9256244
0.9065121
0.9133226
0.927337
0.9270321
0.9124224
0.909019
0.9085366
0.9084077
0.9037752
0.9019074
0.9276879
0.9119551
0.9360791
0.9120591
0.9070809
0.9089839
0.9130686
0.9003551
0.8990141
0.9264814
0.9247041
0.9294413
0.9325586
0.9270438
0.9303593
0.928919
0.9198197
0.9092283
0.9326252
0.9126074
0.9109739
0.907729
0.9109061
0.9148595
0.909934
0.928142
0.9301616
0.904129
0.9000517
0.8993265
0.9301815
0.9218039
0.9007504
0.9203386
0.8801039
0.8822963
0.9025911
0.888099
0.9028439
0.8941003
0.9012926
0.9178322
0.8839433
0.8967108
0.8962321
0.8975994
0.918508
0.9243073
0.8790082
0.9272765
0.925778
0.9262122
0.9239465
0.9233808
0.9260632
0.9278903
0.9269624
0.9267045
0.9250693
0.9237738
0.9241437
0.9240722
0.9245198
0.9251837
0.9250313
0.9245669
0.9259054
0.9241415
0.92039
0.9247904
0.9258413
0.9263176
0.9237486
0.924508
0.917336
0.9357133
0.9230318
0.9258634
0.9193112
0.9149003
0.9144783
0.9149503
0.9150295
0.9180762
0.9144471
0.914904
0.9150647
0.9198631
0.907061
0.9186349
0.9009982
0.8883274
0.918933
0.9181393
0.9095043
0.9032782
0.9025028
0.9023277
0.8784465
0.891455
0.9236258
0.9066615
0.9263486
0.8928092
0.8904628
0.8955539
0.9100483
0.8998969
0.8895162
0.9203139
0.9217589
0.9240001
0.9248852
0.920926
0.9246226
0.9258124
0.9098551
0.9059291
0.920657
0.9054501
0.904222
0.903836
0.9041256
0.9065145
0.9072284
0.9211418
0.9276456
0.9020843
0.8819638
0.8833393
0.9236739
0.9123455
0.9101615
0.9154851
0.9082709
0.9089433
0.9204918
0.9102983
0.9230958
0.9181382
0.9013641
0.9306368
0.9082709
0.9191542
0.9087202
0.9147469
0.9094707
0.9086677
0.9137321
0.9077044
0.9021414
0.9034701
0.9033433
0.9046683
0.9024294
0.9034755
0.9073301
0.9052131
0.9026235
0.9047278
0.9002946
0.9044456
0.9044606
0.9014909
0.9030969
0.9008993
0.9061371
0.9014256
0.9023156
0.900194
0.9034651
0.9041948
0.8992461
0.9069742
0.9010878
0.9180696
0.854327
0.9013206
0.8591654
0.899816
0.8997727
0.8979113
0.8996356
0.8989924
0.8999063
0.897471
0.8996663
0.8374886
0.9046343
0.84385
0.9023262
0.9051675
0.8490446
0.8298801
0.9163578
0.90467
0.90322
0.9048488
0.9104123
0.9181256
0.9147184
0.90294
0.9083625
0.9109145
0.905939
0.9150248
0.9169147
0.9005439
0.9060704
0.8606467
0.8601401
0.8784701
0.9026612
0.8387703
0.8940233
0.8990082
0.8985371
0.9007344
0.9232313
0.9025663
0.9052714
0.9040605
0.9019932
0.9015737
0.9010391
0.9148689
0.9210563
0.8995613
0.9135168
0.9147909
0.8982813
0.9100014
0.9003426
0.9248814
0.8979787
0.8975466
0.9120397
0.8995252
0.9048972
0.9072033
0.8977385
0.9153899
0.9016589
0.9085976
0.9041129
0.9027719
0.9210624
0.9282005
0.8974866
0.9268554
0.9221465
0.9235221
0.9237189
0.9243439
0.9237479
0.9230876
0.9238717
0.9228666
0.9216352
0.9244767
0.9215278
0.9215604
0.9215354
0.9250268
0.9271461
0.9244858
0.9235512
0.9211877
0.9236842
0.9234441
0.9243456
0.9253433
0.9236321
0.9240918
0.9155888
0.9326344
0.9246935
0.9282215
0.9153373
0.9129413
0.9123663
0.9100193
0.9113155
0.9123365
0.9130983
0.9105477
0.9131722
0.9173418
0.9009733
0.9154509
0.8972016
0.9041646
0.9184929
0.917886
0.9055974
0.8996116
0.8987512
0.8986123
0.898106
0.8999578
0.929128
0.895837
0.9226134
0.9094982
0.897532
0.9017382
0.9069355
0.8962402
0.8969558
0.9209088
0.9207968
0.9210322
0.9228753
0.9191494
0.9232648
0.9252798
0.9115298
0.903473
0.9287658
0.9067984
0.9061525
0.9022986
0.9051007
0.9094593
0.9027309
0.9205302
0.9274475
0.895277
0.8935945
0.8928407
0.9271913
0.9156078
0.9085176
0.9106384
0.915218
0.9140989
0.9194188
0.9137494
0.9238468
0.9168154
0.9023776
0.9327391
0.9169973
0.9124947
0.9044892
0.9079364
0.9121446
0.8922533
0.915522
0.9011346
0.8934812
0.8966594
0.8964832
0.8998881
0.8936782
0.8979939
0.8957842
0.8966517
0.8957313
0.8975456
0.895726
0.8928949
0.8986052
0.8957728
0.8920184
0.8953281
0.8957387
0.8946661
0.8962901
0.8960653
0.8933741
0.896498
0.8942055
0.8940243
0.8979821
0.9093398
0.8933642
0.8924477
0.8900604
0.8902104
0.8899627
0.892615
0.8929849
0.8943639
0.8905913
0.893823
0.8901277
0.8933654
0.8921797
0.8869665
0.9015654
0.9052931
0.8838202
0.8767377
0.9083664
0.897943
0.896899
0.895955
0.915244
0.9233421
0.9075722
0.8929128
0.897544
0.9082057
0.9121937
0.9139978
0.9091135
0.8967686
0.9151541
0.8961749
0.8910613
0.7647861
0.8906602
0.882798
0.8922213
0.8980982
0.894622
0.8984947
0.9169752
0.8995134
0.9020504
0.8930911
0.8964829
0.8929206
0.8982445
0.9133967
0.9155442
0.8954628
0.9225392
0.9225223
0.9041933
0.8994661
0.8892584
0.8987589
0.9035762
0.9064517
0.9112578
0.9107705
0.9114715
0.9078789
0.8892375
0.9239711
0.9075606
0.8904244
0.8899513
0.8931769
0.9048251
0.8804851
0.9010022
0.8943993
0.8892314
0.8909091
0.8988975
0.8975633
0.8905382
0.8931579
0.8907664
0.8964327
0.8939013
0.8948787
0.8935728
0.8890479
0.8906358
0.8967561
0.8901579
0.8942992
0.8884735
0.8903188
0.8908227
0.8950815
0.8915702
0.8897491
0.8923201
0.8910873
0.8556743
0.913454
0.9020833
0.883061
0.8993315
0.8152093
0.8145522
0.8128696
0.8140383
0.8145964
0.8148467
0.8121988
0.8167342
0.9115732
0.87573
0.9098218
0.8898794
0.8989408
0.8908259
0.8926758
0.8978495
0.8834435
0.8820239
0.8812498
0.9063587
0.9175057
0.9009651
0.8736507
0.8953762
0.9041933
0.9004589
0.895962
0.8978419
0.880145
0.9014232
0.9130419
0.909482
0.881457
0.8926431
0.8997218
0.8977485
0.9035681
0.8138907
0.8931545
0.9004456
0.8902812
0.8933062
0.8864829
0.8904495
0.8906768
0.8936634
0.9107853
0.9020698
0.889665
0.9185808
0.917257
0.9053757
0.827217
0.9101308
0.9147076
0.916132
0.9152018
0.920552
0.9182241
0.9231228
0.9175549
0.9029717
0.9290868
0.915259
0.9132302
0.907601
0.9114286
0.9050479
0.8969132
0.9153969
0.8473444
0.8388105
0.8405913
0.849422
0.8455269
0.8405027
0.8436826
0.8440724
0.8472589
0.8471719
0.8490331
0.8454477
0.8410941
0.8426048
0.8455343
0.8404941
0.8379737
0.8463981
0.8401868
0.8375723
0.8417144
0.838831
0.844431
0.840948
0.8404833
0.899276
0.9158806
0.9007219
0.862369
0.9002691
0.8994904
0.8990889
0.8996501
0.896398
0.8961593
0.9001372
0.9006773
0.8994586
0.9016305
0.8931877
0.9003267
0.9022832
0.9139261
0.8960092
0.8894835
0.9100771
0.8973703
0.8959702
0.8961456
0.9178744
0.9247699
0.910698
0.8950706
0.8583094
0.9149842
0.9167757
0.9148465
0.911014
0.9020427
0.9174477
0.9072052
0.9043376
0.877548
0.8975308
0.892457
0.8670455
0.8732656
0.9006699
0.9037567
0.9197935
0.9050323
0.9073797
0.8999532
0.9037239
0.903611
0.9031588
0.9113424
0.9166403
0.901334
0.928201
0.9269943
0.8487733
0.9070728
0.9060094
0.9099194
0.9108435
0.9144991
0.9206095
0.9146453
0.9250194
0.9156195
0.9022922
0.9302713
0.9160953
0.9108344
0.9051152
0.9046638
0.9068851
0.8969902
0.9183485
0.8974536
0.8930125
0.8972037
0.8982211
0.8948
0.8944206
0.8974592
0.8952436
0.8966744
0.8942658
0.8947196
0.8940585
0.8934771
0.8959135
0.8951507
0.8940187
0.8950667
0.8935449
0.8957303
0.8941807
0.8946411
0.8966068
0.8947158
0.8962388
0.8921841
0.895751
0.9093467
0.894141
0.8925038
0.8932956
0.8926977
0.8929773
0.8914561
0.8913386
0.8922044
0.8936023
0.892629
0.8936053
0.8986573
0.8905378
0.8929858
0.8987718
0.9047396
0.8830024
0.8765144
0.9060033
0.8965292
0.8969222
0.8958962
0.9151463
0.9235649
0.9105826
0.8929687
0.8949713
0.9100345
0.9130994
0.9148715
0.9057767
0.8939316
0.9164856
0.9011506
0.901239
0.7760361
0.8922837
0.8893158
0.8907263
0.9023308
0.8929874
0.8970849
0.9152554
0.8975509
0.9005377
0.8937527
0.8959432
0.8975008
0.8986687
0.9132234
0.9120176
0.8975681
0.9238206
0.9249402
0.9034003
0.8998545
0.884327
0.9042072
0.8784951
0.8740533
0.896284
0.8818231
0.8628206
0.8868794
0.88654
0.9140641
0.8744695
0.8863084
0.8786279
0.8778149
0.9075386
0.8992107
0.8648279
0.9152843
0.9116871
0.9118537
0.9124987
0.9127398
0.9109767
0.9124259
0.9083722
0.913321
0.9122022
0.9127762
0.9128984
0.9086685
0.9118774
0.9152338
0.9079249
0.910335
0.9100659
0.9117699
0.9094311
0.9107879
0.9120301
0.9101088
0.9092305
0.909266
0.8931391
0.9215693
0.9112453
0.9081226
0.909291
0.8908153
0.890771
0.8917969
0.8915601
0.891616
0.8916358
0.8925183
0.8915465
0.9149867
0.8832545
0.9076093
0.8863653
0.8752755
0.904113
0.905844
0.8898475
0.8891544
0.8894205
0.8885461
0.8793543
0.8897141
0.8988855
0.8854272
0.9123154
0.8847763
0.8394086
0.8337479
0.8912966
0.8800191
0.8423595
0.9125433
0.9105445
0.9080017
0.9039079
0.9103131
0.9055822
0.9160613
0.8883276
0.8916841
0.9035424
0.8925134
0.8980375
0.8894574
0.8923283
0.8946554
0.8924293
0.909453
0.9071727
0.8879285
0.876238
0.8762485
0.9148883
0.8950611
0.8761815
0.9120977
0.8801213
0.8865294
0.8988451
0.879796
0.8987221
0.8910153
0.8748009
0.9044253
0.8817193
0.8998654
0.886444
0.885393
0.9138879
0.9065477
0.8780954
0.9127978
0.9087603
0.9073133
0.9093172
0.9067089
0.9090237
0.910538
0.9120421
0.9137895
0.9089374
0.9135192
0.9113506
0.9057632
0.9109911
0.9117544
0.9081582
0.9073067
0.9103096
0.9070038
0.9072598
0.9094138
0.9055671
0.9097008
0.9059735
0.9099806
0.8987787
0.9254866
0.9077004
0.9087073
0.9062456
0.8934532
0.8932908
0.8897338
0.8934723
0.8922164
0.8929121
0.8892955
0.893947
0.9026071
0.8764968
0.9010545
0.8722693
0.8844299
0.9010714
0.9033515
0.8873569
0.8708962
0.8689248
0.8709442
0.8833297
0.8892293
0.9146253
0.8691844
0.912417
0.8925222
0.8843931
0.8896606
0.88737
0.8701451
0.8836323
0.9083784
0.9086156
0.8996785
0.910062
0.897644
0.90678
0.9137852
0.8915572
0.8791015
0.9167803
0.8803096
0.882078
0.875177
0.8798279
0.8832777
0.8793638
0.9145559
0.9073744
0.8738012
0.8857306
0.8851938
0.9095827
0.896723
0.8824467
0.9101373
0.8582161
0.858871
0.8926913
0.8711519
0.8891562
0.8802015
0.8799681
0.9092335
0.8624426
0.8837789
0.8663839
0.8689224
0.9118925
0.9049844
0.8607185
0.912342
0.9073067
0.9105354
0.9108771
0.9105763
0.9075761
0.9092967
0.908927
0.9112311
0.9106544
0.9120316
0.9092292
0.9065068
0.9081748
0.9077016
0.9073593
0.907552
0.9105317
0.9055398
0.9056416
0.907932
0.9065404
0.9090716
0.9060954
0.9078429
0.8962556
0.9229543
0.9064834
0.9084532
0.9033436
0.8912706
0.8915467
0.8908468
0.8922495
0.8945273
0.8911255
0.8912057
0.8917978
0.9057981
0.8791464
0.8956324
0.8830238
0.8666716
0.8987072
0.8938441
0.8922717
0.8796706
0.8796848
0.8789587
0.8651125
0.8755214
0.9126813
0.8726862
0.9102028
0.8722641
0.8737836
0.8744176
0.8933949
0.8719322
0.8723389
0.9039249
0.908903
0.893739
0.9075891
0.8993906
0.9042824
0.9124849
0.8892415
0.8846959
0.9089461
0.8855341
0.8882977
0.8783223
0.8866076
0.8862491
0.885201
0.9114282
0.912016
0.8791085
0.871167
0.8697331
0.9086056
0.8954451
0.8870852
0.9164583
0.8885269
0.8953845
0.9058161
0.895214
0.8964698
0.8965795
0.8881821
0.908571
0.8913314
0.9022065
0.8908205
0.8934253
0.9148078
0.907449
0.8887303
0.9186748
0.916068
0.9169813
0.9217873
0.9188879
0.9160433
0.9185139
0.9165213
0.9196854
0.9194222
0.9188982
0.9188238
0.9146376
0.917404
0.9190782
0.9185603
0.9221751
0.9168618
0.9183289
0.919678
0.9171028
0.9178264
0.9187346
0.9185977
0.9175982
0.9051308
0.9268042
0.9163833
0.9126735
0.9163417
0.9026191
0.9026935
0.902031
0.9027142
0.9018407
0.9028231
0.9026489
0.9029957
0.9161935
0.8909188
0.9102886
0.8857789
0.8929336
0.9089956
0.9082676
0.8957081
0.8847065
0.8834023
0.8846555
0.8907084
0.8937385
0.919645
0.885931
0.9173315
0.8974124
0.8905854
0.8897199
0.8956191
0.8860012
0.8886068
0.9139892
0.9099857
0.9111659
0.9135243
0.9078077
0.9142293
0.9198333
0.9004612
0.8927326
0.9152619
0.8936276
0.8960624
0.8932358
0.8909559
0.895228
0.8917715
0.918169
0.9091702
0.8842821
0.8941077
0.8943717
0.9179032
0.8993695
0.9116079
0.9041391
0.9161589
0.9164872
0.9225484
0.9208379
0.9233756
0.9212142
0.9043888
0.9314404
0.9177033
0.9068466
0.9039013
0.9091203
0.9076859
0.8945645
0.9163057
0.844096
0.8402741
0.8439095
0.8519425
0.8499207
0.8429371
0.8473002
0.8405731
0.8459437
0.8449356
0.8463291
0.844338
0.8383041
0.8451677
0.8501988
0.8431597
0.8384998
0.8414164
0.841429
0.8384074
0.8445871
0.8427625
0.8454652
0.8433887
0.8434047
0.8996029
0.9157142
0.9092497
0.856706
0.9068359
0.8981084
0.8980646
0.89967
0.8969635
0.8970023
0.8990809
0.9002246
0.8985926
0.9137529
0.8951818
0.9152719
0.9055158
0.9057684
0.8998633
0.8967974
0.9100726
0.9051882
0.9042833
0.904659
0.9214273
0.9293969
0.9045171
0.8959864
0.8469274
0.9134683
0.9156879
0.9124088
0.9104351
0.9064709
0.9212783
0.9153257
0.9122596
0.8894345
0.8961438
0.8998501
0.8755968
0.8778739
0.899021
0.9068642
0.9121438
0.9097376
0.9120009
0.9025183
0.9071968
0.9071858
0.9067781
0.9098766
0.9180467
0.9031071
0.9287762
0.9289914
0.8591349
0.8987812
0.8787603
0.903001
0.888455
0.8879369
0.9008933
0.8886231
0.8997073
0.8914987
0.8776551
0.9099553
0.8904907
0.8902026
0.8898153
0.8787047
0.9038102
0.8892222
0.8818923
0.9085997
0.9003124
0.9038805
0.9079861
0.9047212
0.9039409
0.9064991
0.9061677
0.9061988
0.9066657
0.9063023
0.9071314
0.9015923
0.9038119
0.9087807
0.9059425
0.9061798
0.9029387
0.9046651
0.9064448
0.9073034
0.9022691
0.9035075
0.9049475
0.9019327
0.8915671
0.9164421
0.9055809
0.8974219
0.9002284
0.8896747
0.8891872
0.8863067
0.888203
0.8888326
0.8884816
0.8872769
0.8901159
0.9080468
0.8753883
0.9032943
0.8777879
0.8812923
0.8929851
0.8938257
0.8887659
0.8735312
0.8709322
0.8723435
0.8917346
0.9004129
0.9103759
0.8699461
0.9054897
0.8906854
0.8916127
0.8849619
0.8894174
0.8704195
0.8884153
0.9080472
0.901872
0.8915255
0.9085085
0.8935055
0.9001083
0.9079432
0.8821665
0.8860965
0.9118418
0.8843564
0.8848798
0.8765233
0.8827533
0.8846321
0.8867638
0.9121393
0.8993389
0.8762072
0.894842
0.8943982
0.9073212
0.8894979
0.9209274
0.9284978
0.9162065
0.9200923
0.9224801
0.9142797
0.9266886
0.9203303
0.9052173
0.9313904
0.9186165
0.9303307
0.9140487
0.9189515
0.9205183
0.9211418
0.9182222
0.9178082
0.9116345
0.9153174
0.9175483
0.9148454
0.9152121
0.9134171
0.9184942
0.9161562
0.91273
0.9151941
0.910098
0.9136273
0.9135229
0.908133
0.9139444
0.91032
0.9158507
0.9105934
0.9146813
0.909376
0.9105445
0.9116424
0.9110833
0.9157529
0.9181887
0.9249111
0.8675541
0.9169814
0.8554648
0.9170219
0.9169035
0.9141425
0.9141056
0.9177016
0.9168324
0.9138256
0.9165416
0.6996374
0.9139617
0.8470982
0.9048113
0.9116852
0.8617297
0.8502221
0.9214273
0.9114126
0.9099875
0.9103601
0.9148891
0.9158151
0.9216203
0.9113924
0.9213812
0.9174553
0.9170022
0.9274239
0.9212362
0.9105256
0.9137601
0.8684076
0.868736
0.8883093
0.9096073
0.8469446
0.9037037
0.9062657
0.915395
0.9079842
0.9398204
0.9101754
0.9076217
0.9086106
0.9101476
0.9119388
0.908055
0.9225833
0.9326111
0.9072758
0.925345
0.926006
0.908848
0.9180281
0.9092341
0.9079125
0.913933
0.9158793
0.9166166
0.916196
0.9176072
0.9169736
0.906827
0.9331659
0.9147232
0.9094266
0.9055713
0.9072545
0.9040382
0.9020306
0.9117877
0.9070918
0.9035591
0.9052835
0.9113134
0.9088979
0.9064315
0.9075777
0.9062446
0.9065751
0.9070254
0.9063746
0.9050322
0.9035379
0.9040465
0.9095148
0.906141
0.9042579
0.9036207
0.9035115
0.9037984
0.9102577
0.9055397
0.9039414
0.9021514
0.9038243
0.9021356
0.9108289
0.9099602
0.8979678
0.9128303
0.9007589
0.9008697
0.9009856
0.9017653
0.9020149
0.9009973
0.9012858
0.9023024
0.9116921
0.9026296
0.9111885
0.9074913
0.9137737
0.9011981
0.9046667
0.9056726
0.9053766
0.9075192
0.9059632
0.9153998
0.9233616
0.9069547
0.9026594
0.9090815
0.9158904
0.9120025
0.9132791
0.9052692
0.9009623
0.9134288
0.9090172
0.9137488
0.8948317
0.8519011
0.9077931
0.9048247
0.9116018
0.8983092
0.9059275
0.907799
0.907707
0.9091313
0.901692
0.9043583
0.9051112
0.9047554
0.9070353
0.9175526
0.9060663
0.9260214
0.9262251
0.9098621
0.9012859
0.8771853
0.9178258
0.8438183
0.8417726
0.8856635
0.8645479
0.8790472
0.8789937
0.8741031
0.9069269
0.8575825
0.883148
0.8738041
0.8748529
0.9076918
0.9090909
0.8377368
0.9165017
0.9133077
0.9140486
0.916247
0.9163403
0.9125962
0.9163399
0.915162
0.914314
0.9155417
0.9133872
0.9150073
0.9133231
0.913912
0.9151858
0.9148361
0.9141966
0.9139282
0.9136935
0.9160654
0.9139853
0.9137595
0.9133465
0.9156503
0.9141378
0.9019362
0.9243642
0.9133878
0.911981
0.9075869
0.8974063
0.8968853
0.8958206
0.8982593
0.8975013
0.8978555
0.8956989
0.8972434
0.902234
0.8864526
0.9035945
0.8732379
0.8621419
0.9086953
0.9053407
0.8933585
0.8895876
0.8873178
0.8866021
0.8552901
0.8597412
0.911285
0.8825516
0.9189045
0.8704535
0.8703561
0.8682093
0.8947631
0.8733012
0.8632849
0.9132968
0.9135603
0.9022337
0.9091199
0.9061104
0.9113847
0.9135006
0.8943779
0.8877034
0.9146518
0.8863677
0.8915433
0.8860985
0.8853037
0.8892137
0.8891338
0.9165844
0.9122893
0.8853758
0.8455707
0.8455902
0.9087097
0.8944034
0.889233
0.9197635
0.863199
0.8708132
0.8938877
0.8771394
0.8883856
0.8885263
0.8940229
0.9104842
0.8730615
0.8922525
0.887884
0.8907372
0.9131549
0.9190858
0.8605259
0.9252835
0.9209288
0.9203186
0.920345
0.9191215
0.9191873
0.9194657
0.9219263
0.9208694
0.9194323
0.9201936
0.9195878
0.9210184
0.9185382
0.9224901
0.9204673
0.9222039
0.9220884
0.9197728
0.9200687
0.9203964
0.9207061
0.9188915
0.916887
0.9212002
0.9085469
0.9300059
0.9190536
0.9206846
0.917014
0.9067706
0.9064169
0.9056698
0.9049945
0.9036046
0.9065836
0.9062478
0.9063473
0.9086709
0.8947406
0.9120977
0.8944614
0.8799171
0.9111572
0.9159708
0.9007292
0.8946973
0.8942518
0.8953368
0.6945206
0.8765226
0.9195819
0.8969539
0.9211617
0.8831365
0.8821613
0.8884338
0.9018509
0.8864616
0.8765877
0.916482
0.9158162
0.9142037
0.9211105
0.9120993
0.9166283
0.9189313
0.9035119
0.897338
0.9178347
0.8972466
0.8976033
0.8952863
0.8972421
0.8995125
0.8959465
0.9175841
0.9225806
0.8936598
0.8648757
0.8650399
0.914744
0.9091782
0.8876044
0.9202155
0.8634992
0.8737485
0.8951336
0.8770065
0.8909859
0.8864088
0.8896225
0.9092903
0.8758341
0.8886373
0.8864607
0.8887445
0.9164256
0.9160596
0.8591943
0.9258447
0.9190386
0.9216098
0.9211416
0.9203005
0.9199146
0.9201917
0.9228704
0.9222311
0.9238464
0.9225394
0.9229883
0.9198118
0.9207751
0.92223
0.9211183
0.919979
0.92164
0.9179994
0.9180673
0.9208935
0.9191622
0.9185216
0.9182691
0.9207144
0.9099921
0.9305508
0.9176684
0.9222991
0.9153178
0.9041867
0.9035973
0.9043351
0.904477
0.9039855
0.9043515
0.9044471
0.9038269
0.9077251
0.8958497
0.9119613
0.8921653
0.8786799
0.9102591
0.9162504
0.898516
0.8960431
0.8956009
0.8957744
0.6669534
0.8737797
0.919887
0.8973473
0.9214723
0.877765
0.8814148
0.8883258
0.8995978
0.8870005
0.8753502
0.91728
0.9172977
0.9143747
0.9220919
0.9098662
0.9143344
0.917108
0.9035035
0.8940672
0.9168949
0.895516
0.8950055
0.8936643
0.8962159
0.8999005
0.8937768
0.9204791
0.921164
0.8962767
0.8664942
0.8667834
0.9151013
0.9076497
0.8926882
0.9211916
0.8638587
0.8715284
0.8935617
0.8756561
0.8966942
0.8882434
0.8974743
0.9137686
0.8755304
0.8933095
0.8856414
0.8912456
0.9162186
0.9161515
0.8607721
0.9237211
0.9201151
0.92015
0.9211553
0.9170609
0.9204955
0.9203568
0.9220195
0.9223199
0.9223199
0.9191926
0.9208558
0.9195983
0.9190153
0.9222812
0.9180928
0.9196522
0.9202564
0.9172165
0.9184611
0.9211712
0.9215933
0.9204625
0.9193849
0.9182284
0.9100449
0.9308567
0.9188503
0.9213563
0.9165092
0.905802
0.9050196
0.9059471
0.904806
0.9028726
0.9060045
0.905592
0.9051385
0.9095228
0.8970499
0.9125955
0.8970504
0.8735443
0.9095859
0.917141
0.9017851
0.8980683
0.8951059
0.8965431
0.6437541
0.8751495
0.9201239
0.8979149
0.9215624
0.8782718
0.8799783
0.8882655
0.904215
0.8929445
0.8779443
0.9152331
0.9141066
0.9154773
0.9204153
0.9119396
0.9191413
0.9195253
0.9043389
0.8987689
0.9192238
0.9009831
0.8976213
0.8994077
0.9002104
0.9021019
0.8986792
0.9187052
0.9218133
0.8957819
0.8658159
0.864198
0.9156872
0.9077825
0.9110248
0.9038231
0.9190518
0.9144044
0.9219787
0.9223
0.9239279
0.9190685
0.9097254
0.9335237
0.918286
0.9049885
0.9079106
0.9113137
0.9116621
0.8947214
0.9179668
0.8542191
0.8500283
0.8510646
0.8577395
0.8569559
0.8581051
0.856276
0.8524818
0.8604521
0.8584081
0.8559751
0.8586859
0.8517051
0.8573831
0.8612117
0.8514361
0.854335
0.8486107
0.8470953
0.8526834
0.8592238
0.8519159
0.8531343
0.8527716
0.8479616
0.8973001
0.9231684
0.907747
0.8627176
0.9108978
0.8929559
0.8933144
0.8928883
0.8925725
0.8916603
0.8935737
0.8932486
0.8939405
0.9155617
0.8982385
0.912917
0.9063249
0.9112181
0.8984145
0.9036864
0.9108841
0.9045879
0.9054529
0.9039414
0.919635
0.926286
0.9089375
0.9011225
0.8586126
0.9139948
0.9149766
0.9146185
0.9111307
0.9012052
0.9197103
0.9155358
0.916573
0.8942847
0.9011974
0.9061923
0.8794226
0.8867938
0.8910704
0.9106177
0.9068018
0.9125311
0.9139655
0.908486
0.908271
0.91101
0.9111159
0.913324
0.9167986
0.9049925
0.9260836
0.9262959
0.8618815
0.8983585
0.9160395
0.9184397
0.9219114
0.9215041
0.9262131
0.9185672
0.9263819
0.9250199
0.9102957
0.9370108
0.9256013
0.9186063
0.9145435
0.9152615
0.9150644
0.9029006
0.9206696
0.8735033
0.8699175
0.8696281
0.8769586
0.8712538
0.8711493
0.8728616
0.8730809
0.8699274
0.8710143
0.87458
0.8696184
0.8655998
0.872791
0.873443
0.8720187
0.8745057
0.8710634
0.8731801
0.8737297
0.8709809
0.8737631
0.8721244
0.8722702
0.8714063
0.9087657
0.9211662
0.9128372
0.8712964
0.9140556
0.9080786
0.9076829
0.9083772
0.9061308
0.9071984
0.9078503
0.9084492
0.9081717
0.915129
0.9056725
0.9107149
0.9120393
0.9170455
0.8996557
0.9031944
0.9184988
0.910818
0.9132308
0.9111999
0.923012
0.9292122
0.9167016
0.9057373
0.8777964
0.9200042
0.9173513
0.9192865
0.9176173
0.9099248
0.9197454
0.9157946
0.9102836
0.8980395
0.9064353
0.9064141
0.8873359
0.8876986
0.9048304
0.9101404
0.9226611
0.913525
0.9164188
0.9087459
0.9083354
0.9132025
0.9109496
0.9202866
0.9248225
0.9068984
0.9305319
0.9304496
0.8717447
0.9101543
0.9136637
0.9121698
0.9293744
0.9215941
0.9253188
0.9264906
0.9296255
0.9256489
0.9212233
0.9335663
0.9272599
0.9091072
0.9139838
0.9166816
0.91853
0.899967
0.9224732
0.8720208
0.8698413
0.864469
0.8784062
0.8719385
0.8714153
0.8717949
0.8705073
0.8704399
0.8714891
0.87042
0.8705081
0.871046
0.8716417
0.87468
0.8673863
0.8713929
0.8627363
0.8716538
0.8703166
0.8743838
0.8690906
0.8734806
0.8693833
0.8675432
0.9066215
0.9240235
0.9217851
0.8792722
0.9256032
0.9084611
0.9084184
0.9077378
0.9037716
0.9045007
0.9076012
0.9074168
0.9085963
0.9263939
0.9047825
0.9274846
0.9192074
0.9224597
0.9132323
0.9153664
0.9174325
0.9162925
0.9150684
0.9150556
0.9290481
0.9308002
0.9116496
0.9073237
0.8739679
0.9229715
0.9232838
0.9161883
0.9165814
0.9130138
0.9286192
0.9298185
0.9272072
0.9073484
0.907161
0.9241703
0.8897658
0.901838
0.9045658
0.924387
0.9095188
0.9210442
0.9219331
0.9208111
0.9207558
0.9208373
0.9250715
0.9185152
0.9230742
0.9156665
0.9356107
0.9357568
0.8820933
0.9021573
0.8894851
0.9118078
0.8877588
0.8885252
0.9067376
0.8900462
0.9064815
0.9021766
0.8752154
0.8731771
0.8935642
0.8983727
0.8868389
0.887443
0.9140735
0.8955442
0.8903377
0.902992
0.8990796
0.8987565
0.9059125
0.9005705
0.8982275
0.9011419
0.8989144
0.9050072
0.9037133
0.9036179
0.9024924
0.8986606
0.8989006
0.9009275
0.8988431
0.8993443
0.9015669
0.8980908
0.8998165
0.8996693
0.8956581
0.8976398
0.8976045
0.9020946
0.8932434
0.9153979
0.8998929
0.8965997
0.893686
0.8872792
0.8868689
0.883969
0.8867312
0.8877336
0.8879046
0.8842151
0.8869766
0.9034021
0.7544494
0.8932623
0.8722793
0.8847612
0.8921964
0.8869863
0.8404805
0.7137762
0.708864
0.7058152
0.8953233
0.8944854
0.9129645
0.7355569
0.9066951
0.8921962
0.892336
0.8911911
0.8407541
0.856538
0.8897743
0.905074
0.9023438
0.8849065
0.9094298
0.8884404
0.8991475
0.8982793
0.8871778
0.8759982
0.9223886
0.8764501
0.8796861
0.8703218
0.8764379
0.8787425
0.8744908
0.9132623
0.8383549
0.7420654
0.9026829
0.9023695
0.9045729
0.8926404
0.9119808
0.9061594
0.916384
0.918203
0.9231919
0.9182589
0.921324
0.9219345
0.9067184
0.9305387
0.9137255
0.9077222
0.9037487
0.91008
0.9062107
0.892997
0.9166459
0.8466456
0.8429271
0.8439516
0.855843
0.8506717
0.8457965
0.843526
0.8434345
0.8483549
0.8484423
0.8471224
0.8481984
0.8459601
0.8478838
0.8492937
0.8424019
0.8453942
0.8438406
0.8492048
0.8454739
0.8466948
0.845621
0.8466067
0.8479677
0.8454296
0.9021502
0.9188119
0.906297
0.8603994
0.9049984
0.897377
0.8976949
0.8984247
0.895825
0.8973128
0.8978714
0.8988621
0.8991101
0.9149104
0.8918633
0.9142052
0.9078479
0.909908
0.902274
0.8988727
0.9119824
0.9008393
0.9018309
0.9008154
0.9179454
0.9295691
0.9057287
0.8937268
0.8491899
0.9131083
0.9153703
0.9119619
0.9120778
0.9017173
0.9212442
0.9153551
0.9097282
0.8899862
0.9007942
0.9050224
0.8811428
0.8818991
0.8982145
0.9058138
0.9086819
0.9061107
0.9094885
0.9043849
0.9029759
0.9011624
0.9065928
0.9115154
0.9135842
0.906117
0.9290219
0.9292377
0.859166
0.8976091
0.9189399
0.9223882
0.9166962
0.9159525
0.9242591
0.913164
0.9289381
0.9176184
0.9089776
0.932425
0.9178092
0.9271505
0.9109591
0.9142094
0.9166581
0.9173865
0.9170313
0.9100771
0.9076796
0.9079329
0.9139751
0.9091104
0.906817
0.9076192
0.9086888
0.9080977
0.9023366
0.9097237
0.9002015
0.9043578
0.9043733
0.9034899
0.9076155
0.9076918
0.9075393
0.9016894
0.9060787
0.9048284
0.9046339
0.9057137
0.9055947
0.9065769
0.9160957
0.9191777
0.8572755
0.9091568
0.8543675
0.9105834
0.9104243
0.9102921
0.9118834
0.9133836
0.9100436
0.9105964
0.9116675
0.7583873
0.9090358
0.8391557
0.9088152
0.9065698
0.8501702
0.8339765
0.9190501
0.9053271
0.9042706
0.9049973
0.9138035
0.9191603
0.9233728
0.9027723
0.9131498
0.9109519
0.9140761
0.9232104
0.9191184
0.9041662
0.9151726
0.8682272
0.8627205
0.8802268
0.9080783
0.8375596
0.8969395
0.8996305
0.9084051
0.9032777
0.9365864
0.9081426
0.9065521
0.903264
0.9072073
0.9061441
0.9045235
0.9202316
0.9268921
0.9033369
0.9219598
0.921829
0.9031218
0.9223878
0.9066889
0.9049436
0.9102225
0.9133777
0.9199101
0.9134136
0.9241237
0.9149419
0.8978526
0.9316505
0.9180533
0.9060641
0.8996983
0.9046959
0.9058583
0.8814745
0.9167204
0.8880837
0.8827517
0.8869958
0.8905831
0.8899366
0.8857979
0.8879323
0.8847179
0.8902075
0.8858961
0.8911545
0.8858042
0.8836465
0.8858664
0.8891762
0.8843948
0.8851705
0.8850191
0.883342
0.885962
0.8875134
0.8841676
0.8873094
0.8847469
0.8866002
0.8927449
0.9037072
0.8823681
0.8802753
0.8776716
0.8834239
0.8832533
0.8842011
0.885727
0.8879855
0.8823201
0.8842856
0.8836365
0.8860741
0.884651
0.879184
0.8929609
0.9031353
0.86584
0.8627124
0.9082411
0.8881431
0.8887823
0.8890816
0.9154288
0.9218878
0.909891
0.8811632
0.8883863
0.9084704
0.909436
0.9134615
0.9090746
0.8919857
0.911461
0.8899782
0.8893191
0.7628736
0.8822833
0.8682271
0.8829453
0.8918078
0.8828317
0.8945016
0.9205597
0.8952991
0.8982847
0.8905818
0.8917026
0.8916816
0.8958234
0.9141228
0.9090255
0.8909935
0.9237947
0.9243521
0.8934748
0.8924413
0.904683
0.9055424
0.9152869
0.9118158
0.915831
0.914466
0.9208822
0.9153268
0.8985355
0.9306889
0.914681
0.9100673
0.9006766
0.9030518
0.9077738
0.8891685
0.9137759
0.8982288
0.8917722
0.892629
0.8939977
0.8938105
0.892581
0.8947866
0.8926035
0.8972098
0.893194
0.8951372
0.8951598
0.8900454
0.8955679
0.8931918
0.8924542
0.8952832
0.893076
0.8956651
0.8946793
0.8903374
0.8966219
0.8969356
0.8922171
0.8941382
0.8975551
0.9098644
0.8899416
0.8892687
0.8892372
0.888689
0.8883993
0.8922009
0.8907859
0.8916946
0.8894797
0.8935736
0.8889668
0.892669
0.8886901
0.8849272
0.8948229
0.9031314
0.880195
0.8741555
0.906833
0.8947407
0.8950927
0.8939013
0.9144636
0.9215236
0.9067767
0.8901631
0.895759
0.9073678
0.9113241
0.9111703
0.9078915
0.8946735
0.9153775
0.8936781
0.8912894
0.7674255
0.889152
0.8820642
0.8890241
0.8963664
0.8913854
0.8975389
0.9164288
0.9013409
0.9010676
0.8921129
0.8958379
0.8958386
0.8981254
0.9132729
0.9124165
0.8931643
0.9214809
0.9211965
0.9020684
0.8949657
0.8835311
0.9139412
0.8629879
0.8642201
0.8950092
0.8740468
0.8914004
0.885534
0.8865853
0.9147974
0.8747267
0.8914037
0.8791922
0.8808846
0.910767
0.9099878
0.8636648
0.9186173
0.9146804
0.9148786
0.9149692
0.91674
0.918289
0.9204298
0.9180818
0.9136086
0.9146053
0.9157137
0.9141475
0.9139648
0.9171063
0.914632
0.9124671
0.9140279
0.9153333
0.912642
0.9125925
0.9148523
0.9114377
0.9127962
0.9118211
0.916652
0.9046087
0.9261531
0.9133748
0.9162966
0.9088626
0.897827
0.8974267
0.8969198
0.9018744
0.900994
0.8978388
0.8979072
0.8973478
0.9023647
0.8910335
0.898891
0.8850795
0.8732632
0.9070343
0.9018998
0.8982091
0.8886282
0.8893743
0.8878197
0.8739925
0.8805808
0.9108973
0.894503
0.9157151
0.8835444
0.8777272
0.8864298
0.8989051
0.8838818
0.8705619
0.9093736
0.9081991
0.9091073
0.9102723
0.9014547
0.9063386
0.9122495
0.8963163
0.8907521
0.9189883
0.8940046
0.8907037
0.8885673
0.8918314
0.8910535
0.8897377
0.913833
0.9199749
0.8879282
0.8767719
0.8785738
0.9103685
0.900668
0.9087486
0.9045156
0.9215735
0.9169754
0.9186909
0.9199108
0.9254188
0.918541
0.9105049
0.9318658
0.921714
0.9108039
0.9042811
0.9092329
0.9081651
0.8900828
0.9186163
0.856828
0.8577138
0.8540388
0.8640569
0.8575976
0.8570723
0.8561714
0.8568936
0.8573813
0.8623437
0.8641598
0.8618083
0.8535085
0.8604036
0.8613498
0.8562159
0.8554676
0.8519565
0.858968
0.8561923
0.8611027
0.8565894
0.8557276
0.8572462
0.8570234
0.894448
0.9176265
0.8991029
0.7874248
0.9010405
0.8882342
0.8886007
0.8881326
0.8860675
0.8896348
0.8886215
0.8882562
0.8886364
0.9122947
0.8922393
0.909619
0.9069835
0.9104829
0.8972436
0.8956167
0.9120585
0.9008746
0.9017135
0.9024532
0.9177553
0.929695
0.9062679
0.8935477
0.8632508
0.9129206
0.9174947
0.9121182
0.9112208
0.8988999
0.9190681
0.9084874
0.9105691
0.8833994
0.8964951
0.8949789
0.8739391
0.8830863
0.8898117
0.90739
0.9094467
0.9035642
0.9062296
0.9036478
0.9058999
0.9062907
0.9071452
0.91363
0.9179323
0.8998758
0.9285008
0.9302678
0.8732573
0.8928163
0.91509
0.9172758
0.9129125
0.9129259
0.9186444
0.9110192
0.9237122
0.9182717
0.9013334
0.9279118
0.9150781
0.9180697
0.9061224
0.9123025
0.9087898
0.9102749
0.9160943
0.9066895
0.9030949
0.9040252
0.9087973
0.9027922
0.902633
0.901516
0.9059268
0.9067769
0.9034934
0.9048879
0.9029418
0.9040958
0.9066496
0.9051126
0.902116
0.9033507
0.9058647
0.9021821
0.9017716
0.9048402
0.9017022
0.9040034
0.9017106
0.9036071
0.9051748
0.9215276
0.8544111
0.9017695
0.8511863
0.901489
0.9016435
0.9007365
0.9028087
0.9027892
0.901025
0.9014034
0.901746
0.84258
0.9025236
0.8269513
0.9015472
0.9060302
0.8348704
0.8195355
0.9170621
0.9032258
0.9015759
0.9034416
0.9132921
0.9186022
0.9171591
0.901418
0.9074942
0.909834
0.9130635
0.917938
0.9173161
0.9041012
0.9120034
0.8529097
0.852951
0.874743
0.9074995
0.8281642
0.8944056
0.9021155
0.904266
0.9028631
0.9304988
0.9083002
0.9081513
0.9001293
0.9046716
0.9056852
0.9025401
0.9186228
0.9242287
0.900244
0.9202293
0.9204744
0.9015678
0.9147642
0.8792506
0.9101378
0.8874896
0.8927399
0.9021625
0.887988
0.8993145
0.8943233
0.6020603
0.9110971
0.8912083
0.8982644
0.8898552
0.8876184
0.9072485
0.9003658
0.8844401
0.9097624
0.9033841
0.907861
0.9107263
0.9056564
0.9055817
0.9087519
0.9095809
0.9091103
0.9060821
0.9064971
0.9051064
0.9023403
0.9095613
0.9080431
0.9031564
0.9046565
0.9057162
0.9041179
0.9041414
0.9062144
0.9029355
0.9035857
0.9057298
0.9072128
0.8906732
0.914467
0.9078227
0.9081323
0.9007775
0.8851462
0.8848171
0.8868322
0.8866264
0.8875448
0.885083
0.8873173
0.8864634
0.9008724
0.8796461
0.8954201
0.5257984
0.8844617
0.8963066
0.8960155
0.8923663
0.8782941
0.8764209
0.8777806
0.8900601
0.8892644
0.9067129
0.8764123
0.9097339
0.8922308
0.8830081
0.8910291
0.8932568
0.8673715
0.8805297
0.9042501
0.9035404
0.8851781
0.9043982
0.8931028
0.9009415
0.9017372
0.8842798
0.8792068
0.9174803
0.8826579
0.8847588
0.8780015
0.8790811
0.8803385
0.8794308
0.910316
0.9086872
0.8786275
0.892153
0.8926167
0.9024477
0.8813764
0.9172487
0.9227351
0.9140067
0.9120261
0.9203351
0.9088196
0.9252261
0.9160671
0.9077185
0.9289155
0.917229
0.9242562
0.9098172
0.9111973
0.9121842
0.9131854
0.9157276
0.9091233
0.9061796
0.9078004
0.911211
0.9052406
0.9088288
0.9075657
0.9090586
0.9095561
0.9096336
0.9110582
0.906017
0.909668
0.9050725
0.9069701
0.9097857
0.9077159
0.9084592
0.9052635
0.9070448
0.9072808
0.9072834
0.9093202
0.9060175
0.9109981
0.9114971
0.9210499
0.8552729
0.9014341
0.8475859
0.9086526
0.9079474
0.9069618
0.9101476
0.9101056
0.9075285
0.9074239
0.9083956
0.7410398
0.9032131
0.8348916
0.9063859
0.9060125
0.8463552
0.8302132
0.9150713
0.9022298
0.9002616
0.9010284
0.9093839
0.9167545
0.9186385
0.89995
0.9146346
0.9166054
0.9128113
0.9235246
0.9148668
0.9031807
0.913368
0.8652529
0.8584589
0.878096
0.903043
0.8312608
0.8926231
0.895856
0.9064006
0.9012399
0.9336673
0.903535
0.9030705
0.9005489
0.9020641
0.9036406
0.9013083
0.9192606
0.9264803
0.9007814
0.9205434
0.9207132
0.9041008
0.9171661
0.8943249
0.9168271
0.8645007
0.8778629
0.9014305
0.8787944
0.894264
0.8924167
0.8914085
0.9137149
0.8797893
0.8914615
0.8751402
0.8841199
0.9135041
0.9111871
0.869261
0.923278
0.9159484
0.9201623
0.9177021
0.9196104
0.9183531
0.9194631
0.9199595
0.9194675
0.9175388
0.9204907
0.9173904
0.9159631
0.9185007
0.9195382
0.9169277
0.9170117
0.9203063
0.918673
0.916807
0.9189567
0.916728
0.9182104
0.9166257
0.9182815
0.9054235
0.923465
0.9140723
0.9162956
0.9128804
0.899582
0.8994998
0.9015022
0.9026571
0.9024434
0.8999072
0.9011462
0.9003409
0.9027535
0.8932337
0.9028494
0.8905706
0.8758412
0.9074295
0.9049005
0.9039398
0.8950862
0.8924658
0.8948949
0.8746783
0.8833525
0.9158498
0.8939524
0.9199717
0.8855194
0.8841264
0.8888889
0.9055559
0.8895692
0.8794832
0.9089929
0.9102618
0.9077731
0.9115656
0.9039756
0.9131776
0.9174066
0.8971749
0.894887
0.914987
0.8997375
0.9014564
0.8955555
0.8960069
0.8961247
0.8957405
0.916892
0.9199542
0.89591
0.8810259
0.8816045
0.9164274
0.9022433
0.9086991
0.9056765
0.9191274
0.9174678
0.9203145
0.9199788
0.9257929
0.9163128
0.9011757
0.9334985
0.9207437
0.9079557
0.9017268
0.9069598
0.9089601
0.8889926
0.9183367
0.8927047
0.8862742
0.8853413
0.8954875
0.890014
0.8867429
0.8892824
0.8870628
0.8939116
0.8908977
0.8894304
0.8903181
0.8838515
0.8907405
0.8925258
0.8844335
0.8869839
0.8883138
0.8865209
0.8884701
0.8896018
0.8854869
0.8839689
0.8825019
0.8866793
0.8919093
0.9057937
0.8960443
0.883692
0.8926489
0.8902782
0.8902741
0.8901322
0.8885308
0.8890898
0.888115
0.8903776
0.8909787
0.903418
0.8881843
0.8936833
0.8976948
0.9081411
0.8807658
0.8788376
0.9117773
0.8955907
0.8945688
0.8933245
0.919371
0.9240965
0.9091039
0.8919127
0.894003
0.9111589
0.9131578
0.910724
0.9123008
0.8979996
0.9163402
0.9030742
0.8983266
0.8238969
0.890773
0.8865428
0.8878539
0.8964627
0.8935168
0.8979666
0.9159582
0.8966248
0.9024825
0.8941661
0.8959695
0.895243
0.8990002
0.9156196
0.9143235
0.9019114
0.9268638
0.9266617
0.9023342
0.8983792
0.8901139
0.9123792
0.8853104
0.8881487
0.9075007
0.8873609
0.9066353
0.9015119
0.8760128
0.8725344
0.8947065
0.8977698
0.8862566
0.8858406
0.9126929
0.8947657
0.8901222
0.9036564
0.8980367
0.8974757
0.9052853
0.8989427
0.8967073
0.8986024
0.8981531
0.903198
0.9017412
0.9023137
0.9009488
0.8973376
0.8963529
0.899456
0.8979178
0.8977072
0.9001368
0.8955736
0.897148
0.8980761
0.8926476
0.8958814
0.8950783
0.8989615
0.8918681
0.9143713
0.89835
0.8943191
0.8929151
0.8854708
0.8850995
0.8834589
0.8852879
0.8860953
0.8856109
0.8833382
0.8851983
0.9010244
0.7504997
0.8927645
0.8730387
0.8825809
0.8910245
0.8860344
0.8373324
0.7099111
0.7047966
0.7015033
0.8933617
0.8921636
0.9120921
0.731793
0.9080364
0.8905902
0.889191
0.8910555
0.8382574
0.8551209
0.8900406
0.9034855
0.9005019
0.8827709
0.9072169
0.8872794
0.8960533
0.8977912
0.8865111
0.8724993
0.9212579
0.8722935
0.876749
0.8666024
0.8738433
0.8756779
0.8710212
0.9116244
0.8359269
0.7378633
0.9011126
0.9014632
0.9037456
0.8938744
0.8778297
0.9134916
0.8424503
0.8455954
0.887067
0.8643431
0.8756386
0.8798249
0.8819449
0.9086835
0.8627314
0.8810996
0.8712437
0.8750505
0.9115515
0.9085351
0.8367609
0.9175574
0.9145684
0.9166078
0.9178698
0.9150258
0.9167696
0.9168989
0.9171364
0.9176297
0.9168283
0.9151817
0.9153392
0.9164277
0.9174938
0.9168197
0.9158627
0.9163338
0.9145314
0.916137
0.9156299
0.9167313
0.9150913
0.9153672
0.9182037
0.9156235
0.9009454
0.9250512
0.9176763
0.9158744
0.9084337
0.9021993
0.9019594
0.9012116
0.8996512
0.9000752
0.9021696
0.9006561
0.9022613
0.9074874
0.8875588
0.9025665
0.8780034
0.8628635
0.909922
0.9086508
0.8915152
0.8879167
0.8868519
0.8861765
0.85343
0.860296
0.9100974
0.8866527
0.920387
0.8713542
0.8665243
0.8707591
0.892485
0.8754865
0.8582247
0.9145722
0.9125206
0.9096562
0.9085726
0.9105767
0.9126973
0.9158822
0.8991099
0.8844969
0.9129865
0.8875528
0.8893177
0.8891021
0.8840263
0.8889089
0.8847617
0.9153524
0.915899
0.8875765
0.8459387
0.8451825
0.9119479
0.897324
0.8948655
0.9113444
0.8939601
0.8978424
0.9105815
0.8954318
0.912511
0.9021235
0.8800422
0.8761898
0.9009905
0.9029659
0.8888809
0.89622
0.914726
0.8967974
0.8952159
0.9072326
0.9041209
0.904733
0.9086368
0.9052587
0.9059247
0.9068807
0.9045226
0.9082898
0.9062689
0.9062946
0.9052932
0.9038241
0.9059476
0.9058945
0.9029109
0.9042565
0.9076178
0.9031693
0.90331
0.9036691
0.9012774
0.9020889
0.9025055
0.9063481
0.8992307
0.9171215
0.9038264
0.8989763
0.8978964
0.8966251
0.8961437
0.8930854
0.8926116
0.8923443
0.8956026
0.8932438
0.896498
0.9030685
0.7719669
0.9012666
0.8783808
0.8912525
0.8978303
0.8934527
0.844095
0.6596366
0.6560231
0.6469422
0.8961629
0.8980087
0.9160096
0.7531863
0.9103931
0.8983189
0.8939084
0.8953438
0.8443294
0.863773
0.8986286
0.9115471
0.9079323
0.891429
0.9106619
0.8944976
0.9038981
0.907115
0.8957883
0.8809783
0.9207131
0.8795097
0.8827989
0.8725796
0.8793878
0.8817809
0.8801441
0.9140265
0.8514602
0.7533596
0.9081255
0.9065473
0.9073528
0.8960575
0.8901918
0.9149417
0.8898787
0.8922906
0.9050952
0.8938255
0.9073784
0.897757
0.8806253
0.870478
0.897151
0.9006732
0.891711
0.8923484
0.9142916
0.8971697
0.8895588
0.9038634
0.9041091
0.9020101
0.9067335
0.9055621
0.9017969
0.9013483
0.9018442
0.9081324
0.9056765
0.9058971
0.9044231
0.9034181
0.9030851
0.9061997
0.8984177
0.9024364
0.9035829
0.9009905
0.9019587
0.904401
0.9003913
0.9023867
0.8998415
0.9039908
0.8972459
0.9134825
0.9010014
0.8948352
0.8947785
0.8868592
0.8871797
0.8887032
0.8894708
0.8911816
0.8865923
0.8890664
0.8879815
0.9011986
0.7654773
0.8970188
0.8766626
0.8876662
0.8924155
0.8899212
0.8443228
0.4902096
0.4787097
0.4641568
0.8944664
0.8995964
0.914211
0.7440559
0.9053541
0.8922559
0.8925158
0.8938679
0.8452044
0.8594199
0.8955514
0.9095689
0.9085073
0.8828247
0.9065211
0.8937365
0.9015078
0.9045546
0.8890623
0.8793185
0.9205879
0.8767359
0.8802114
0.8685738
0.8796032
0.8778788
0.8782742
0.9165928
0.841667
0.7356995
0.9025344
0.902182
0.9051256
0.8941454
0.8550415
0.912921
0.8741796
0.8827788
0.900118
0.8905357
0.8934499
0.8932505
0.8818286
0.9045085
0.8875326
0.8905737
0.8859092
0.8856968
0.913039
0.9100505
0.8759382
0.9175423
0.9203058
0.9170948
0.9187161
0.9196022
0.9174056
0.9187023
0.9192735
0.9183681
0.9174251
0.9211552
0.9184093
0.9181297
0.9158556
0.9204708
0.9183709
0.9206355
0.917845
0.9197604
0.919678
0.9179333
0.9193717
0.9189979
0.9174248
0.9178628
0.9043797
0.927577
0.9169845
0.9159539
0.9174347
0.9030473
0.9030049
0.90133
0.9022858
0.901374
0.9032121
0.9011702
0.9042462
0.914062
0.8843103
0.9142877
0.8821285
0.8888093
0.9131752
0.9084214
0.889266
0.884186
0.8843251
0.8842143
0.8889285
0.8871491
0.9171961
0.8844542
0.9202661
0.8943374
0.8868127
0.8828509
0.8895184
0.8781673
0.8836165
0.9175715
0.9132365
0.9109714
0.9167362
0.914983
0.9149566
0.9217969
0.9022136
0.8908773
0.9153757
0.8915002
0.8953963
0.8914551
0.8903605
0.8920044
0.8900311
0.9148111
0.9117514
0.8790824
0.8815281
0.8808227
0.9195966
0.9013263
0.9007431
0.9046618
0.9124432
0.9133538
0.9155782
0.9162796
0.9177308
0.9080001
0.8927708
0.9305502
0.9130903
0.9102351
0.9026059
0.9002011
0.9028018
0.8634161
0.9116664
0.8986731
0.8907427
0.8958372
0.9002799
0.8981387
0.8965947
0.8961377
0.8934961
0.8957906
0.8981701
0.8990316
0.898206
0.8899025
0.8975651
0.8976508
0.8911429
0.8929057
0.8933637
0.8956471
0.8950998
0.8939011
0.8930866
0.8961609
0.8923768
0.8973889
0.8913354
0.9092475
0.9038712
0.8928491
0.9015941
0.8921012
0.8923015
0.8941103
0.8886793
0.8903
0.8920344
0.894271
0.8944058
0.9072491
0.8911487
0.904205
0.8937044
0.9044054
0.8935425
0.8962672
0.9024189
0.8977007
0.89709
0.8983559
0.9118545
0.9186963
0.9010398
0.8890031
0.8994127
0.909042
0.9068548
0.9060278
0.902143
0.8926125
0.9096325
0.9130821
0.912612
0.8798714
0.8938752
0.9020163
0.9001545
0.9043841
0.8905997
0.9052395
0.9116744
0.9020035
0.9049498
0.8963698
0.9018593
0.9029077
0.9059445
0.910468
0.9129502
0.8980629
0.9213459
0.9202533
0.9013393
0.8947388
0.9013215
0.9071308
0.9096742
0.9085991
0.9147287
0.9171968
0.9117678
0.911027
0.8911439
0.9289659
0.9141796
0.9109847
0.901194
0.9012648
0.9044378
0.8703067
0.9090683
0.8948625
0.8927611
0.8967686
0.9018084
0.8983191
0.8984279
0.8982556
0.8952594
0.8957649
0.8995394
0.9007054
0.899179
0.8916933
0.8981105
0.8965243
0.8953674
0.8940025
0.8973276
0.891175
0.896002
0.8972121
0.8913312
0.8921746
0.8950479
0.8967835
0.8948717
0.9075341
0.9046348
0.8919257
0.8997955
0.8907946
0.8909925
0.8916975
0.8925079
0.8940836
0.8911327
0.8916966
0.8916892
0.902461
0.8894168
0.8986081
0.8901346
0.9023348
0.8916327
0.8922686
0.9070334
0.8953425
0.8952539
0.8960673
0.909643
0.9186717
0.899621
0.8911983
0.9004586
0.9082225
0.9053132
0.9046024
0.9066945
0.8935946
0.9074755
0.9072027
0.9065477
0.8834424
0.8927979
0.8965391
0.8963446
0.8999964
0.8909269
0.8989511
0.9145679
0.898067
0.9026843
0.8939783
0.8969914
0.8985315
0.9000072
0.9131299
0.9141911
0.8970917
0.9184075
0.9169775
0.9026568
0.8960902
0.8924966
0.9143211
0.8890445
0.896542
0.9120273
0.8935599
0.9044894
0.9031166
0.8867016
0.8675138
0.8977563
0.900426
0.8955579
0.8904164
0.916341
0.9017472
0.8987081
0.9139974
0.910075
0.9129684
0.9164861
0.9127731
0.9114102
0.9126152
0.9112503
0.9138833
0.9129671
0.9118517
0.9115907
0.9082761
0.9110384
0.911689
0.9111339
0.9134981
0.9112772
0.9155933
0.9140205
0.9109162
0.9090364
0.9126555
0.9128364
0.9135546
0.9051158
0.9233481
0.9122059
0.9067486
0.9093947
0.9028282
0.90216
0.9011823
0.8995928
0.9021635
0.90315
0.9016084
0.9023036
0.9128547
0.7909247
0.9092074
0.8826674
0.8960343
0.9078453
0.9073753
0.8423895
0.7364404
0.7305229
0.7277741
0.8978056
0.9013432
0.9139696
0.7743618
0.9157499
0.8981459
0.8960872
0.8959403
0.842963
0.8708933
0.8949529
0.9172302
0.918298
0.8983346
0.9123225
0.9113001
0.9124388
0.9151836
0.8958661
0.8809936
0.9201761
0.883086
0.8874134
0.8827636
0.880835
0.8859677
0.8807717
0.9194065
0.8600754
0.7325405
0.9055132
0.9047837
0.9175964
0.9009427
0.903154
0.9096415
0.9116422
0.9112829
0.9202063
0.9145332
0.9233796
0.9142897
0.8989681
0.932585
0.9157831
0.9073968
0.9021164
0.9048783
0.912622
0.8901964
0.9111474
0.8982671
0.8930143
0.8950649
0.8991449
0.8982959
0.8936533
0.8981528
0.8918694
0.8957791
0.8951802
0.8967499
0.8938543
0.8915022
0.8958597
0.8948607
0.8938539
0.894296
0.8977815
0.8983075
0.8974924
0.8949539
0.895112
0.8966625
0.8960629
0.8926328
0.8969773
0.9094162
0.8927028
0.891855
0.8892836
0.8933857
0.8934221
0.8932772
0.8944099
0.8912854
0.8935204
0.8941185
0.8935634
0.8924958
0.8903518
0.886433
0.8953589
0.9051495
0.881554
0.8734112
0.9083689
0.8947178
0.893788
0.8928002
0.9141856
0.9206059
0.9088448
0.8899232
0.900317
0.9095604
0.9107117
0.9145623
0.9081488
0.894691
0.916401
0.8955915
0.8932338
0.7712916
0.889561
0.8838429
0.8921203
0.8948077
0.8914608
0.8972632
0.9151
0.8975282
0.9004595
0.8941113
0.8959291
0.8954519
0.8981245
0.9132329
0.9134548
0.8959109
0.9229827
0.9236075
0.9048387
0.9006544
0.8897996
0.9104076
0.8753536
0.8802204
0.8959562
0.8914072
0.894093
0.8919793
0.8949895
0.9175786
0.8781578
0.8843667
0.8830382
0.8827207
0.9099618
0.9058012
0.8732843
0.9117647
0.911832
0.9103106
0.9116813
0.912071
0.9121242
0.9123324
0.9120401
0.9141687
0.9122641
0.9126786
0.9133712
0.9118092
0.9111415
0.9140803
0.9138059
0.9121432
0.9111885
0.9141255
0.9121698
0.9144138
0.912514
0.9111517
0.9139282
0.9107067
0.9008199
0.9253793
0.9177769
0.9131751
0.9158152
0.8991231
0.8985306
0.8981445
0.8961512
0.8976448
0.8979956
0.8979061
0.8988136
0.9160817
0.8933015
0.9184909
0.8947575
0.8825651
0.9105145
0.9135122
0.8970438
0.8931398
0.8930101
0.891599
0.8845961
0.8928483
0.9097015
0.8897537
0.9195881
0.8899574
0.8877748
0.8909666
0.8971515
0.8910415
0.8872598
0.915673
0.9171827
0.9114734
0.9113561
0.9133699
0.9089102
0.9199916
0.8951069
0.89949
0.9054904
0.8977595
0.8994405
0.8951837
0.8992854
0.9016034
0.899791
0.9130494
0.9167302
0.8967567
0.8864722
0.8866921
0.9202798
0.8995864
0.9058252
0.9068152
0.9141562
0.915271
0.9202337
0.9171294
0.9230416
0.9203561
0.9006852
0.9367852
0.9169061
0.9082667
0.9057164
0.9057843
0.9088728
0.8912715
0.9169298
0.8992717
0.8917416
0.8987847
0.899632
0.8984621
0.8962511
0.9006292
0.8959475
0.9025473
0.8993306
0.8991883
0.8985691
0.8941473
0.9003214
0.8994964
0.8948503
0.8960137
0.8961431
0.8979547
0.8975355
0.8982682
0.8983075
0.8981394
0.8956975
0.8963173
0.8984136
0.9072562
0.8938846
0.893062
0.8909858
0.891142
0.8908944
0.8925339
0.8909996
0.8892746
0.8908732
0.8937031
0.8914723
0.8945774
0.8935876
0.8899529
0.8976737
0.9086077
0.8831994
0.8774272
0.9105835
0.8963105
0.896623
0.8963189
0.9134906
0.9221196
0.9068525
0.894998
0.9032235
0.9094236
0.9157741
0.9134729
0.9102128
0.899775
0.9164502
0.8980298
0.893058
0.7777368
0.8900527
0.8859724
0.8927089
0.9001092
0.8916384
0.8999314
0.9174622
0.9020554
0.9024153
0.8938572
0.8982879
0.8987547
0.9011504
0.9137907
0.9159503
0.9008569
0.922341
0.9234233
0.9060164
0.8986319
0.8824819
0.911887
0.8621952
0.8596625
0.8957376
0.8818179
0.8820491
0.8819176
0.8866683
0.9116398
0.8673347
0.8840445
0.874545
0.8779066
0.9098333
0.9067664
0.8551023
0.9136096
0.913986
0.9140696
0.9161652
0.9135311
0.9155983
0.913223
0.917134
0.918601
0.9139522
0.9134545
0.9145233
0.9137725
0.9139346
0.9145096
0.9129777
0.9157722
0.9139126
0.9161081
0.912719
0.9143866
0.916437
0.9140971
0.9129107
0.9125969
0.9008972
0.9293361
0.9112976
0.9131115
0.9104389
0.9006926
0.9008062
0.9022093
0.9031252
0.9027174
0.9019893
0.9025935
0.9021964
0.9112464
0.8880192
0.9066671
0.8876919
0.8711507
0.9058012
0.9086302
0.8962794
0.8900385
0.8902618
0.8903537
0.8653182
0.8774667
0.9119401
0.8892651
0.9182933
0.8807084
0.8724961
0.87246
0.8964244
0.8815756
0.8687177
0.9153079
0.9111358
0.9079847
0.9108409
0.9084455
0.9101299
0.9157418
0.9007193
0.8903973
0.9115451
0.894679
0.8941314
0.8874749
0.8910689
0.8959617
0.8912912
0.9119238
0.9124831
0.8908571
0.8719363
0.8710458
0.9154576
0.902013
0.8750505
0.9106332
0.8543046
0.8577132
0.8852944
0.8757251
0.8551562
0.8802173
0.8749725
0.9071559
0.8639219
0.8835779
0.871286
0.8725715
0.9055721
0.9092516
0.8519861
0.9177108
0.9147127
0.9162972
0.9159222
0.9188073
0.9156917
0.9177394
0.9156784
0.917783
0.9172855
0.9172096
0.9172504
0.9153452
0.917073
0.9186943
0.9153937
0.9134007
0.9154455
0.9149789
0.9151231
0.915462
0.9130018
0.9136293
0.9121118
0.9205581
0.8971587
0.9242895
0.9123649
0.9134435
0.9091006
0.8927378
0.8926937
0.8943139
0.894443
0.8956468
0.8926718
0.8944322
0.8930735
0.9069042
0.8897501
0.9021566
0.8739428
0.8675082
0.9065653
0.9041573
0.8887215
0.8863983
0.8865818
0.886228
0.8601736
0.8697201
0.9070078
0.8876331
0.9208977
0.8759143
0.8367153
0.8453663
0.8903716
0.8713853
0.8241004
0.9086918
0.908664
0.9039822
0.9099361
0.8988695
0.9089275
0.9157219
0.8959439
0.8851911
0.9034236
0.8880921
0.885184
0.8829546
0.8856164
0.8853399
0.8852542
0.9115882
0.9163885
0.8866613
0.8572276
0.8584874
0.910807
0.8958545
0.8800275
0.9086687
0.8618835
0.8632055
0.8916344
0.874105
0.8801229
0.8843927
0.884783
0.9114368
0.8685852
0.8822956
0.8755341
0.8736288
0.9099959
0.9064885
0.8617271
0.9140273
0.9139087
0.9141841
0.9162527
0.915319
0.9117834
0.9122609
0.9133446
0.9168828
0.9121158
0.9161222
0.9123468
0.9132721
0.9136665
0.9145501
0.9132402
0.9136042
0.9131461
0.9124538
0.9107918
0.9137009
0.9135147
0.9144021
0.9143985
0.9089719
0.8993769
0.9249473
0.9153087
0.9177112
0.913132
0.8942546
0.8936147
0.8948199
0.8951072
0.8944787
0.8943872
0.8943821
0.8947938
0.9148006
0.8909762
0.9122171
0.8859728
0.868038
0.9103221
0.9096407
0.8921878
0.8903358
0.8892044
0.8905335
0.8704837
0.8800851
0.9106058
0.8853638
0.911257
0.8789023
0.8769549
0.8726246
0.8927203
0.8818297
0.8697289
0.9149017
0.9149069
0.911944
0.9099796
0.9128765
0.9073849
0.9235086
0.8913965
0.8941034
0.9065179
0.8930651
0.8972442
0.8932248
0.8898964
0.8923836
0.8949586
0.9134256
0.9119416
0.8877643
0.869761
0.8690654
0.9160356
0.8987573
0.8938056
0.8969281
0.9073941
0.9062912
0.9119686
0.9136364
0.9120393
0.908719
0.8895482
0.9206627
0.9085292
0.8907325
0.8889292
0.8946084
0.9048615
0.8834825
0.9062422
0.8938942
0.89404
0.8917834
0.8998991
0.9005595
0.8953201
0.8955489
0.8925259
0.8986829
0.8995589
0.8981804
0.8985192
0.8919985
0.8982027
0.9017922
0.8920116
0.8943172
0.8887467
0.8942182
0.8937541
0.899812
0.8927635
0.8926416
0.8931908
0.8905851
0.8573512
0.9163928
0.9046393
0.8828513
0.8995384
0.8143701
0.8140381
0.8136573
0.8152866
0.8156081
0.8149349
0.8134057
0.8151918
0.9144822
0.8784321
0.9103227
0.8877969
0.8977528
0.8968091
0.8970802
0.8988848
0.8878426
0.8883126
0.887023
0.9077616
0.9193924
0.8977969
0.8774362
0.8952706
0.8986516
0.9020886
0.8940003
0.8992734
0.8779126
0.9041145
0.9088019
0.9115959
0.8842994
0.8933063
0.9002118
0.89969
0.9075305
0.8191886
0.8986496
0.8996164
0.8936456
0.8994337
0.8924798
0.8910822
0.8892891
0.9003462
0.9080591
0.9030158
0.8870513
0.9151481
0.9153533
0.9084719
0.824413
0.8863344
0.9116972
0.8676615
0.8676862
0.8963269
0.8807726
0.8909929
0.8863037
0.8877064
0.9124231
0.8690893
0.8867265
0.8802658
0.8853476
0.906351
0.9112242
0.8678173
0.9149626
0.9162103
0.9164404
0.9146041
0.916577
0.9141831
0.9130253
0.9179384
0.9162438
0.913563
0.9143923
0.9147751
0.9148245
0.9136971
0.9165739
0.9109099
0.9126485
0.915491
0.9151462
0.9116486
0.9147144
0.9114976
0.9128375
0.9138913
0.9139188
0.9002913
0.9282863
0.9123908
0.9165578
0.9102126
0.9027871
0.9027061
0.8997171
0.8989545
0.898519
0.9028352
0.9000247
0.9031628
0.9091037
0.8938138
0.9092289
0.8872993
0.8825091
0.9090561
0.907105
0.8993722
0.891414
0.8908095
0.8907829
0.8686018
0.8791932
0.9143611
0.8924499
0.9204653
0.8789823
0.8776991
0.8814238
0.8994829
0.8872861
0.8753918
0.9137659
0.9115867
0.9087345
0.9119396
0.9046182
0.9076678
0.9154589
0.8994733
0.8939657
0.9102102
0.894815
0.8948559
0.8905315
0.8937009
0.8954692
0.8945785
0.9098272
0.9185058
0.8894669
0.8763952
0.8765264
0.916684
0.9039833
0.8873897
0.9126123
0.8637413
0.8650385
0.8948214
0.8775525
0.8872261
0.8858861
0.8805954
0.9154449
0.8667322
0.8875031
0.8747832
0.8820507
0.9098414
0.9063761
0.8619163
0.9149607
0.9109026
0.9110305
0.910872
0.9116811
0.913071
0.9107181
0.9148877
0.9119888
0.9111861
0.9109493
0.9114547
0.9108415
0.908528
0.9113229
0.9113057
0.9120203
0.9135503
0.9109102
0.9078622
0.9105134
0.910057
0.9115252
0.910934
0.9099302
0.8963942
0.9244152
0.9083748
0.9142125
0.9081134
0.896866
0.8961127
0.8952163
0.8973571
0.8974332
0.8962079
0.8956876
0.8967809
0.9026272
0.8863726
0.8998531
0.88154
0.8710124
0.904375
0.9030221
0.8967567
0.8891196
0.8859495
0.8867606
0.8669411
0.879931
0.9107866
0.888583
0.9172148
0.8825989
0.8738755
0.8808815
0.8964363
0.8835688
0.8744014
0.91184
0.9097055
0.9056319
0.9080214
0.9023552
0.9079696
0.910201
0.8928763
0.8851759
0.9139249
0.8878431
0.8895521
0.8827245
0.8843908
0.8865606
0.8877942
0.913961
0.9167621
0.882773
0.8773198
0.8766842
0.9120567
0.8965801
0.9056617
0.9075041
0.9139631
0.9151577
0.9210654
0.917247
0.9236962
0.9208899
0.9002383
0.9366207
0.9164477
0.9088107
0.9059064
0.9057783
0.9095525
0.8917851
0.9172022
0.899739
0.8927775
0.8995719
0.8997401
0.8992472
0.8975998
0.9013743
0.8964141
0.9030931
0.8997574
0.9001341
0.8986768
0.8942929
0.9004301
0.8997245
0.8959246
0.8974844
0.8964903
0.8988613
0.8981629
0.898775
0.8991338
0.8992834
0.8963268
0.8969455
0.8992543
0.9083812
0.8934284
0.8932909
0.890927
0.891286
0.8910383
0.8931635
0.8916307
0.8906341
0.8913418
0.8945738
0.8915765
0.8945619
0.8936518
0.889483
0.897221
0.909388
0.8829702
0.8780614
0.9109286
0.8971766
0.8973699
0.8965855
0.9136458
0.9231528
0.9073117
0.8951031
0.9028143
0.9095758
0.9153128
0.913317
0.910713
0.8996041
0.9169158
0.8979388
0.8934406
0.7776093
0.8899123
0.8857429
0.892651
0.9008993
0.892106
0.8997219
0.9172729
0.9013338
0.9022879
0.8950491
0.8981955
0.8986633
0.9009422
0.9136041
0.9158759
0.9009263
0.922045
0.9232421
0.9057744
0.89866
0.8854383
0.9143199
0.864518
0.8700421
0.892475
0.8800696
0.8858764
0.8823114
0.8928584
0.9143093
0.8704339
0.8846374
0.8812784
0.8852865
0.9066948
0.9101215
0.8622874
0.9181913
0.9186881
0.9153288
0.917822
0.9157331
0.9140134
0.9170523
0.9169477
0.9178482
0.9119497
0.9134642
0.9125969
0.9156795
0.9151528
0.9175021
0.9140554
0.914982
0.9144523
0.9149782
0.9143625
0.9155665
0.915194
0.9147484
0.9148601
0.9139762
0.9025518
0.9294953
0.9142926
0.9141622
0.9123907
0.9029463
0.9026711
0.8998336
0.8991093
0.9008124
0.9023735
0.9002972
0.9029723
0.9096917
0.8916421
0.9071176
0.8927797
0.875375
0.9097907
0.9104106
0.892758
0.8936049
0.892532
0.8925852
0.8669156
0.8783198
0.9129628
0.8898408
0.9179884
0.8819845
0.8751172
0.8796976
0.8929363
0.8851099
0.8727536
0.9143073
0.913634
0.910419
0.9126758
0.9080794
0.9125273
0.916582
0.8988489
0.895562
0.9106824
0.8953159
0.8982423
0.8957964
0.8967536
0.897957
0.8960575
0.9114958
0.9193509
0.8908372
0.8761198
0.8749596
0.9163305
0.899787
0.8765378
0.9066904
0.8682948
0.8642034
0.893241
0.8800245
0.8495886
0.8835011
0.8853392
0.9085233
0.8673728
0.8821047
0.8738127
0.8767632
0.9061301
0.9053727
0.8605331
0.916761
0.9125236
0.9160381
0.915703
0.915029
0.9147037
0.9174024
0.9136161
0.9141117
0.9169492
0.915262
0.9155732
0.9123843
0.9169665
0.9168641
0.9126221
0.9143019
0.9139179
0.9130281
0.9125928
0.9133593
0.9130173
0.9134129
0.9115092
0.9141276
0.8972792
0.9221459
0.9142566
0.9120087
0.9122484
0.8968294
0.8971443
0.8942044
0.8952526
0.8948981
0.8981542
0.8946418
0.8972638
0.9123407
0.8870325
0.912678
0.8859716
0.8725259
0.9077544
0.911477
0.890172
0.8909675
0.8895084
0.8883127
0.8770836
0.8771853
0.9053057
0.8864072
0.9156079
0.8798639
0.8242385
0.8223372
0.8904683
0.8790923
0.8284624
0.9140066
0.9151105
0.9087812
0.9019839
0.9108463
0.9127356
0.9197305
0.8956327
0.8934845
0.9008214
0.8945079
0.8967707
0.8879329
0.8955283
0.8972328
0.8936699
0.9084667
0.9115886
0.8872917
0.8688951
0.8679017
0.9190731
0.8957821
0.888416
0.9156734
0.8668174
0.8771176
0.8914723
0.8823529
0.8937764
0.8890961
0.8909311
0.9161909
0.874057
0.8889246
0.8773147
0.8840293
0.9111149
0.9132144
0.8705482
0.9139367
0.9101472
0.9129124
0.9130495
0.9113858
0.9121626
0.9132458
0.914927
0.9155293
0.9123784
0.9125254
0.9128365
0.9131854
0.9099989
0.9121731
0.9100109
0.9119907
0.913441
0.9093145
0.9102978
0.910564
0.9092665
0.9113445
0.9077184
0.9094458
0.9010691
0.9264595
0.9104093
0.9175225
0.9087056
0.9057284
0.905609
0.9040161
0.9024079
0.9043267
0.9058911
0.9036626
0.9054189
0.9099267
0.8921181
0.907814
0.891916
0.8806923
0.907851
0.9099571
0.8990055
0.8920353
0.8928126
0.8937337
0.8721473
0.8839844
0.911174
0.8917737
0.9167902
0.8888613
0.8870691
0.8869759
0.8998107
0.8870603
0.88171
0.9087227
0.9085436
0.9103865
0.9131041
0.9050858
0.9094965
0.9171724
0.901908
0.8946322
0.9173003
0.9006669
0.901911
0.8958081
0.8963751
0.8977787
0.8954821
0.9157572
0.9181444
0.8924597
0.8777794
0.8760562
0.9109601
0.9048344
0.8903249
0.9181958
0.8991391
0.8929025
0.9063502
0.9065161
0.9025077
0.9015447
0.9002578
0.8866358
0.8979686
0.899848
0.8979246
0.9025367
0.9206563
0.9111355
0.8970068
0.9223877
0.9215413
0.919243
0.9251656
0.922181
0.9206399
0.9211395
0.9194563
0.9200181
0.9225648
0.9212612
0.9215223
0.9166113
0.9189058
0.9231997
0.9210471
0.9178039
0.9195751
0.9203186
0.918166
0.9250813
0.9219553
0.921842
0.9191218
0.9196307
0.9097667
0.9291066
0.9233604
0.9209263
0.9247549
0.9061572
0.9061152
0.9064936
0.906985
0.9072608
0.9053528
0.9070276
0.9070932
0.9267531
0.8651222
0.9250506
0.8986745
0.9056331
0.9213953
0.9212623
0.8602139
0.8600015
0.8593664
0.8595718
0.903982
0.9017691
0.913015
0.8647674
0.9213985
0.9059686
0.8966605
0.8938326
0.8607572
0.8807906
0.897295
0.9290033
0.9263684
0.9130295
0.918237
0.9249974
0.9219811
0.9284152
0.9040065
0.8997138
0.9150327
0.8975194
0.8987306
0.8942774
0.8983382
0.8987561
0.9005581
0.9202697
0.8975307
0.8631055
0.90277
0.9036546
0.9210535
0.9005937