0.8790476
0.8974853
0.9055563
0.9002942
0.8952038
0.8929915
0.8926352
0.8938535
0.8946989
0.89189
0.8998746
0.8942668
0.893287
0.9496386
0.9121179
0.9052843
0.8911385
0.9027578
0.9028259
0.9096871
0.9086126
0.9059701
0.9017857
0.9083835
0.9158396
0.9094886
0.9088592
0.9082716
0.9108129
0.9107338
0.9099487
0.9076282
0.907657
0.9076079
0.9043967
0.8712584
0.8712584
0.9064323
0.9080245
0.9055622
0.9071898
0.9007345
0.9067339
0.9018883
0.9077956
0.8906205
0.9008034
0.8899102
0.8761396
0.8883015
0.8903787
0.9023658
0.9167201
0.9137489
0.914484
0.8682088
0.9112856
0.9140687
0.8996497
0.9116404
0.8252334
0.8891793
0.8967436
0.9034756
0.8911159
0.8725706
0.8880589
0.8859785
0.8849452
0.8822784
0.8901402
0.9062952
0.9060349
0.9067
0.8948782
0.8948783
0.9011297
0.8987574
0.9026072
0.9125457
0.8850272
0.879702
0.902353
0.9035227
0.8919231
0.9165197
0.9110337
0.9104951
0.9109258
0.9095688
0.9021454
0.9057313
0.9161216
0.9188288
0.817364
0.9116539
0.8949777
0.8990572
0.923823
0.8888446
0.9131504
0.9214286
0.9264381
0.9173698
0.9162458
0.916421
0.9159389
0.9157614
0.9158302
0.9137177
0.918596
0.9120742
0.9112062
0.9538565
0.9246211
0.9275486
0.9141324
0.9220114
0.9215816
0.9040497
0.9055306
0.8933415
0.8960671
0.9010643
0.9028806
0.9032009
0.903741
0.9035817
0.9028105
0.9018357
0.8963896
0.9031248
0.8987654
0.9043955
0.9014528
0.9113104
0.9113104
0.9006721
0.9072046
0.8985692
0.9035164
0.8938413
0.901057
0.8812528
0.9061858
0.9142045
0.886228
0.9153005
0.9124747
0.9144671
0.9147907
0.8964234
0.9090026
0.9093458
0.9084771
0.908579
0.9002592
0.8983837
0.8955848
0.8979607
0.9064589
0.9136537
0.921146
0.9272898
0.9266713
0.9012408
0.9123366
0.9090298
0.9120085
0.9043701
0.9184232
0.9115904
0.9118094
0.9135043
0.8983743
0.9015449
0.9154722
0.9083617
0.8958703
0.904924
0.9148017
0.9137328
0.9181426
0.8963581
0.9153143
0.9052763
0.9072682
0.9117432
0.9109823
0.9100597
0.8936333
0.891156
0.9190977
0.9180594
0.9041679
0.8311559
0.8914397
0.8918978
0.9218697
0.9193035
0.8820662
0.9033705
0.9030002
0.9008291
0.9004061
0.896075
0.8961547
0.8945875
0.8947142
0.8951274
0.8952159
0.8970131
0.8894656
0.9445346
0.9118072
0.9113343
0.8941945
0.9087714
0.903
0.9116124
0.9165704
0.9012723
0.9030294
0.9141735
0.9132267
0.9175343
0.9178772
0.9168078
0.9142125
0.9150497
0.9124048
0.915329
0.9126652
0.9154675
0.9033092
0.8596004
0.8596004
0.9036851
0.9084904
0.9027277
0.9064089
0.9040249
0.9050885
0.9001327
0.9074432
0.8868456
0.8948586
0.8856895
0.8806826
0.8849673
0.8868778
0.8982211
0.9142959
0.9183535
0.9138742
0.8589232
0.9088888
0.9113357
0.9039006
0.9135708
0.8159997
0.8865621
0.8971392
0.9003955
0.8972557
0.8807323
0.8834885
0.8762063
0.8848815
0.8826689
0.8905313
0.9016714
0.9027567
0.9013865
0.8924534
0.8962958
0.8982753
0.9000069
0.9086771
0.9125243
0.8836625
0.8817028
0.8927118
0.9031852
0.886028
0.9092388
0.910479
0.9059985
0.9057322
0.9052624
0.905146
0.8974894
0.9185966
0.9148288
0.8047686
0.9135597
0.896994
0.9044507
0.9175638
0.8873581
0.8789654
0.9046178
0.9108806
0.9021999
0.8995347
0.8961467
0.8947632
0.8973883
0.8970394
0.8969885
0.9005157
0.8979075
0.8909804
0.9386081
0.9119432
0.9145905
0.8943506
0.9086555
0.9012016
0.9210696
0.9198147
0.9150947
0.9122105
0.9189375
0.9160158
0.9185183
0.9221016
0.9213202
0.916581
0.9175654
0.9195901
0.9202914
0.9135518
0.9192656
0.910807
0.7649644
0.7649644
0.9113081
0.91321
0.9093738
0.9109238
0.90688
0.9099369
0.9049431
0.914142
0.8861006
0.9038867
0.8852678
0.8845141
0.884829
0.8874175
0.91283
0.9126224
0.9260757
0.9145527
0.8004032
0.9185548
0.918065
0.9113003
0.9218422
0.8726066
0.8963109
0.9021119
0.9045431
0.8901298
0.8825844
0.8854402
0.8798865
0.8864648
0.8897621
0.8917621
0.9018865
0.9017802
0.9024373
0.8993135
0.8987856
0.9038067
0.9006693
0.9127239
0.9167592
0.8901813
0.8902928
0.9023891
0.9106189
0.8882099
0.9149003
0.9100099
0.9056857
0.9016513
0.9017525
0.9146174
0.9036005
0.9146021
0.9162123
0.8707578
0.9161041
0.9071311
0.9118227
0.9189262
0.8919297
0.8779682
0.8938508
0.8996246
0.8993008
0.8881628
0.8858935
0.8844587
0.8846001
0.8859394
0.887985
0.8940421
0.8906183
0.8864139
0.9425078
0.9118748
0.9009533
0.8920727
0.8991063
0.9033499
0.9258785
0.9237657
0.9134978
0.9107913
0.921406
0.9249956
0.9226299
0.9239165
0.9236413
0.9205394
0.9244934
0.9230497
0.9239301
0.9200599
0.9239906
0.9154283
0.8923671
0.8923671
0.9179223
0.9109395
0.9186791
0.9121658
0.9097595
0.9061363
0.911481
0.9117949
0.8733408
0.9080675
0.8762109
0.8737374
0.8756935
0.8757635
0.9141035
0.927647
0.9261918
0.923058
0.890113
0.9209046
0.9228939
0.9087976
0.9238352
0.8917885
0.8826337
0.9052412
0.9098315
0.9001506
0.8906596
0.8996711
0.8938542
0.8971188
0.8917256
0.8992038
0.9112403
0.9096661
0.9114187
0.8997954
0.9049662
0.9037214
0.8984806
0.911998
0.9217583
0.8781269
0.8734927
0.8930427
0.913867
0.882999
0.9197352
0.917498
0.9159579
0.9172215
0.9153694
0.908972
0.9138104
0.9108033
0.9124257
0.8876047
0.9187885
0.9085632
0.9106045
0.9224271
0.8801621
0.9106681
0.9201765
0.9231653
0.9105072
0.9142748
0.9150361
0.9156665
0.9141145
0.9149483
0.9164388
0.9115884
0.9131751
0.9104399
0.9444557
0.9208923
0.9254165
0.9134924
0.9242445
0.9154597
0.8998647
0.8991202
0.9063991
0.8982217
0.8962463
0.8924944
0.8989751
0.8991194
0.8974603
0.8962575
0.8967998
0.8953543
0.8973568
0.8934195
0.8972532
0.9048795
0.908882
0.908882
0.9023838
0.9075105
0.8995554
0.9060141
0.9036717
0.9002342
0.8881033
0.909308
0.9140996
0.8878922
0.9120096
0.9057514
0.9118725
0.912956
0.8893217
0.8952745
0.9073492
0.900908
0.9028237
0.9014441
0.8999417
0.9000826
0.902466
0.9047906
0.9116315
0.9181501
0.9207256
0.9243952
0.9045189
0.9069899
0.9061325
0.9074721
0.9045434
0.9135613
0.9031001
0.9024796
0.9037731
0.8913745
0.8919734
0.9025537
0.9022381
0.9052489
0.8997485
0.9081622
0.9127077
0.9108484
0.8916026
0.9074474
0.9006872
0.9007854
0.8975327
0.8953561
0.8989588
0.9005584
0.8903974
0.9172717
0.9108708
0.9033654
0.90629
0.8964917
0.9036714
0.9027425
0.9115163
0.9091131
0.9179712
0.9214237
0.9162688
0.9162827
0.9144281
0.9138092
0.9162237
0.9168879
0.914525
0.9158479
0.9166466
0.9123904
0.9455665
0.9269942
0.9215373
0.917594
0.920293
0.9160363
0.9180715
0.9194636
0.9116104
0.9054773
0.9194429
0.9177885
0.9182277
0.9206143
0.9201845
0.9161382
0.9154516
0.9164417
0.9182916
0.9147276
0.9186946
0.9141414
0.9126872
0.9126872
0.9133487
0.9155076
0.9137086
0.9156547
0.9128697
0.9191509
0.9121197
0.9183376
0.9115528
0.9063068
0.9119083
0.9023283
0.9117739
0.9114789
0.9027773
0.9163655
0.9229559
0.9204778
0.9102617
0.9172277
0.9206678
0.9088908
0.9222195
0.90957
0.9094166
0.9198455
0.9207245
0.9224704
0.9140374
0.9081537
0.9100876
0.9142189
0.9076461
0.9119778
0.9112985
0.911473
0.9122029
0.9075973
0.9032837
0.9101925
0.9099217
0.9133664
0.9202639
0.9094652
0.9077702
0.9148097
0.9088997
0.9114747
0.9145647
0.9138683
0.91156
0.9089122
0.9094957
0.9118312
0.9126406
0.9068732
0.9034476
0.9065715
0.9203016
0.9114351
0.9104824
0.9072621
0.9118391
0.9129625
0.9207534
0.9277909
0.9134595
0.9185539
0.9177569
0.916732
0.9171714
0.91774
0.9179891
0.9148519
0.9185283
0.914559
0.9426485
0.9222892
0.9315288
0.9151122
0.9271367
0.9186002
0.9046178
0.9035136
0.9098861
0.8982008
0.9048061
0.9005684
0.9040899
0.9070879
0.9081005
0.9030859
0.9065255
0.9006545
0.9031625
0.8971477
0.9026126
0.8784939
0.9053578
0.9053578
0.7766221
0.8851878
0.7698075
0.8808119
0.9082321
0.8752195
0.8902407
0.8831649
0.9167675
0.8863066
0.9161679
0.9126335
0.9161031
0.91705
0.8901593
0.9006446
0.9143783
0.9067156
0.902273
0.902936
0.9048407
0.9041558
0.9103259
0.9080802
0.9145953
0.9191894
0.9189189
0.9230689
0.9052919
0.9074789
0.9030933
0.9067172
0.9063694
0.9127462
0.8986333
0.8979539
0.8982526
0.8883602
0.895736
0.90938
0.904747
0.9129031
0.9050912
0.9133745
0.9165802
0.9189601
0.8919376
0.9101317
0.8701959
0.8491531
0.8912361
0.8900624
0.89045
0.9077045
0.8895609
0.914996
0.9134385
0.8990645
0.9104612
0.9019411
0.907774
0.9102763
0.917222
0.9107028
0.9212291
0.9280982
0.9167018
0.9180857
0.9164737
0.9145994
0.9160438
0.9177674
0.919187
0.921674
0.9206961
0.9127094
0.952623
0.9271754
0.9297822
0.9159168
0.9237597
0.9229266
0.9041495
0.9032485
0.9017912
0.8988703
0.9013608
0.8975069
0.9009465
0.9058136
0.9046496
0.9025065
0.9028219
0.8973614
0.9027762
0.8991354
0.9014549
0.8723333
0.9032861
0.9032861
0.8440792
0.8747954
0.8430543
0.8732851
0.9026331
0.8704134
0.8811202
0.8767133
0.9150624
0.8793616
0.9153115
0.9145673
0.9138962
0.9151485
0.8975906
0.9058781
0.9121599
0.9083898
0.9037122
0.9040112
0.9038101
0.9023055
0.903834
0.9076196
0.9168329
0.9160332
0.9229855
0.9199231
0.9054238
0.9117595
0.9042447
0.9064163
0.9047806
0.9115138
0.9072754
0.9072139
0.9077249
0.8984143
0.8964761
0.9112259
0.9042306
0.9032829
0.9067517
0.9158203
0.9146721
0.918161
0.8939694
0.9122332
0.870201
0.8263468
0.9054109
0.903963
0.900689
0.9006337
0.888864
0.9174941
0.9208558
0.8976103
0.9056047
0.897905
0.8983614
0.9239504
0.9158626
0.9063209
0.9232632
0.930538
0.9186626
0.9181083
0.9150236
0.9134925
0.9166429
0.9175973
0.9182652
0.9217019
0.9206844
0.9121842
0.9538999
0.925553
0.927151
0.9167082
0.9231544
0.9247968
0.9016387
0.8998701
0.9006046
0.8966573
0.9023401
0.9001033
0.9022451
0.9003958
0.9000667
0.8987351
0.9006672
0.8955218
0.9016381
0.8959849
0.8988814
0.8679741
0.9039583
0.9039583
0.8446081
0.8768453
0.8390711
0.8718083
0.9002831
0.8684972
0.8826985
0.8736151
0.9097973
0.8796216
0.9092668
0.9124536
0.9098716
0.9104601
0.8917397
0.9030618
0.9084321
0.9039071
0.9045412
0.9025902
0.8994791
0.9007889
0.9028945
0.9070393
0.9151125
0.9155963
0.92437
0.9216091
0.9029091
0.9113856
0.9029955
0.9023007
0.9001436
0.9119127
0.9048888
0.9037427
0.9054539
0.8958825
0.8994809
0.9076976
0.9012213
0.9030461
0.9033363
0.9154127
0.9157002
0.9166811
0.8898015
0.9094454
0.8681376
0.8323599
0.9061417
0.9035179
0.9025185
0.8954234
0.8902935
0.9191051
0.9211263
0.898566
0.9058853
0.8952789
0.8990319
0.9207103
0.9159981
0.9080546
0.9220879
0.9292008
0.9178375
0.9151142
0.9112445
0.9111127
0.9138035
0.9128685
0.9142587
0.9221572
0.9195419
0.9113274
0.9564822
0.9286596
0.9294674
0.9142186
0.9227011
0.9246366
0.8997562
0.8999408
0.8993679
0.8948096
0.9013028
0.9021516
0.9014573
0.9033349
0.90184
0.8991695
0.8977218
0.8962968
0.900769
0.8950876
0.9001776
0.8692925
0.9030695
0.9030695
0.8488726
0.8810148
0.8425176
0.8747816
0.8993554
0.8737329
0.8824063
0.8763632
0.9084703
0.8801817
0.9077837
0.9111642
0.9078435
0.9092861
0.8960892
0.9062094
0.910382
0.9047585
0.9019207
0.9035036
0.898415
0.9012932
0.9011149
0.904224
0.9164058
0.917659
0.9240608
0.9214204
0.9061439
0.9125363
0.9027802
0.9066253
0.9043289
0.9120576
0.9074867
0.9080606
0.9089686
0.8976901
0.8984727
0.9101452
0.9060266
0.9027487
0.9057647
0.9176349
0.9125752
0.9175571
0.892182
0.9108428
0.8720711
0.830738
0.9055078
0.9044275
0.9042388
0.8976292
0.8894882
0.917452
0.9225259
0.8967986
0.9032177
0.8940521
0.8985878
0.9231318
0.9156297
0.91193
0.925247
0.9275751
0.921027
0.9204807
0.9184193
0.9177472
0.9214195
0.9209137
0.9195765
0.9244708
0.9241824
0.9171079
0.9548801
0.9293543
0.9283947
0.9197703
0.9257845
0.9257888
0.9051383
0.9058927
0.9052684
0.900357
0.9082229
0.9087903
0.9068977
0.9063892
0.9082314
0.9055107
0.9030979
0.8987175
0.9062672
0.9012902
0.9046414
0.8761363
0.9055857
0.9055857
0.8523028
0.8840766
0.8486116
0.8792716
0.9046765
0.8736221
0.8893625
0.8776105
0.9135641
0.8869523
0.9113052
0.915798
0.9127108
0.9127979
0.8999347
0.908171
0.9099681
0.9109387
0.9095008
0.903595
0.903478
0.9020258
0.9043089
0.9114997
0.9168614
0.9208765
0.9263723
0.9234872
0.9070768
0.9162972
0.9056644
0.9091006
0.9068589
0.9146667
0.9105527
0.911595
0.9106523
0.9016366
0.9024007
0.9110616
0.9068912
0.9075498
0.9071207
0.9186995
0.9172551
0.922151
0.8969087
0.914212
0.8750687
0.8377752
0.9085466
0.9061248
0.9064938
0.9024189
0.8950026
0.9207818
0.9245125
0.9007356
0.9089386
0.8962746
0.9039272
0.9265142
0.9218502
0.9077385
0.9240776
0.9294405
0.9180729
0.9195615
0.9166371
0.9135763
0.9198446
0.9186507
0.918508
0.9212435
0.9194316
0.9130419
0.95333
0.9292818
0.926096
0.9191441
0.9259999
0.9248136
0.9020804
0.90243
0.9009621
0.9012631
0.9029826
0.9056101
0.9028038
0.9049101
0.902257
0.9032538
0.9018439
0.8983454
0.9038568
0.8965454
0.9013711
0.8709522
0.9032362
0.9032362
0.8522194
0.8802197
0.845575
0.8754955
0.9004078
0.8733641
0.887213
0.8775269
0.9104462
0.883225
0.9104626
0.9137387
0.9100156
0.9109892
0.8981263
0.9045936
0.9088661
0.9061484
0.9040132
0.9057305
0.8993279
0.9053806
0.9032916
0.9094177
0.9149556
0.91714
0.9248376
0.921869
0.9039574
0.9123669
0.9058594
0.9060033
0.907521
0.9131154
0.9076427
0.9071066
0.9078532
0.8964379
0.9007434
0.9090503
0.9069319
0.9042966
0.9060069
0.9179518
0.9161182
0.9195414
0.8927476
0.9125701
0.8683355
0.8350547
0.9075138
0.9073332
0.9029955
0.9027708
0.8967385
0.9186661
0.9224874
0.9011263
0.9095289
0.8977602
0.9030631
0.9228345
0.9172568
0.9105946
0.9246821
0.9296663
0.9195899
0.9209618
0.9167995
0.9155504
0.9174448
0.9173589
0.9194927
0.9225389
0.9214914
0.9150403
0.9550456
0.9297464
0.9284309
0.918541
0.9252636
0.927235
0.9033063
0.9050661
0.9056349
0.8997725
0.9073182
0.9052658
0.9062351
0.9089981
0.9071724
0.9042611
0.905605
0.8991701
0.9064047
0.8998494
0.9053404
0.8701893
0.9054064
0.9054064
0.8523089
0.8821842
0.8481755
0.8758605
0.9050458
0.8726854
0.8856091
0.8756059
0.9115422
0.8855408
0.9108622
0.9179668
0.9120778
0.9128595
0.8979451
0.9076796
0.9113722
0.9087242
0.906879
0.9007349
0.9030913
0.9035025
0.902535
0.9107092
0.9165042
0.9217298
0.9259978
0.9236316
0.9063157
0.9155213
0.9075363
0.9093132
0.9076122
0.9143479
0.908565
0.9081101
0.9087778
0.9023912
0.9022295
0.908688
0.9061553
0.9074114
0.9082532
0.9190733
0.9164741
0.9196972
0.8943839
0.916652
0.8739397
0.8375903
0.9070882
0.9097507
0.9055081
0.9046781
0.8959861
0.9207742
0.9268285
0.9021339
0.9077495
0.899861
0.9042941
0.9264398
0.9192922
0.9081027
0.9255558
0.9266207
0.915559
0.9142706
0.9085644
0.9068236
0.9116962
0.9138294
0.9157037
0.9193921
0.9206709
0.9087897
0.9520362
0.9263388
0.931421
0.9138264
0.9249384
0.9224174
0.9015628
0.8933338
0.8965542
0.8934675
0.8972949
0.8981125
0.897393
0.8992995
0.8986406
0.8970421
0.8991194
0.8951941
0.8952495
0.8963942
0.899539
0.8687073
0.8991679
0.8991679
0.8335788
0.872501
0.8336831
0.87009
0.8954303
0.8645385
0.8752149
0.8707226
0.9114499
0.8747632
0.9104526
0.9100548
0.9087128
0.9101224
0.8898937
0.9001896
0.9099623
0.9052317
0.8987273
0.8982583
0.8980151
0.8962543
0.8998988
0.8996999
0.9160234
0.9183137
0.9204705
0.9205771
0.8996281
0.9088733
0.8943084
0.9003311
0.8982068
0.9079776
0.8991439
0.8989516
0.9009529
0.8912094
0.8972885
0.9066486
0.9047355
0.8999056
0.9012373
0.9155879
0.9103709
0.9180925
0.8902853
0.9109021
0.8637975
0.8238735
0.9015713
0.9009123
0.8978254
0.8962274
0.8860034
0.9189388
0.9207627
0.8928807
0.9097082
0.8942811
0.8937941
0.9167353
0.9189507
0.9085959
0.9239486
0.9269823
0.9150583
0.9153022
0.9116072
0.9085737
0.9123103
0.9129671
0.9185565
0.9144532
0.9160956
0.9077198
0.9516085
0.9279452
0.928855
0.9133534
0.9229321
0.9225806
0.8973136
0.8940273
0.8975092
0.8871307
0.897334
0.8938452
0.8987045
0.8966788
0.8974923
0.8980917
0.8983417
0.8918618
0.8960685
0.8943738
0.8963752
0.8642008
0.901599
0.901599
0.8340193
0.8726129
0.8336254
0.8674322
0.8955049
0.8646349
0.8771829
0.868879
0.9073234
0.8777365
0.9072213
0.9094142
0.9073215
0.9088125
0.8875297
0.8955941
0.9099875
0.9007144
0.899446
0.8988344
0.8967042
0.8951979
0.9003981
0.90498
0.9096967
0.9167575
0.9227528
0.9173178
0.8998698
0.9081139
0.8964908
0.9001371
0.9030357
0.9085042
0.8978471
0.8971642
0.8960332
0.8900086
0.8956404
0.9076902
0.9030696
0.8997088
0.8994105
0.9093538
0.9125158
0.916022
0.8865666
0.9097172
0.8593691
0.8206805
0.8998624
0.8983279
0.8958466
0.8931502
0.8837962
0.9186781
0.9196417
0.8910782
0.9072143
0.8909038
0.8961558
0.9163629
0.9160169
0.9098711
0.9213507
0.9284561
0.9175018
0.9156474
0.9121261
0.9097299
0.9152307
0.9151841
0.9164621
0.9181586
0.9175195
0.9130882
0.9525038
0.9264005
0.9294752
0.9161858
0.9223493
0.9244032
0.8983523
0.8944658
0.8983191
0.8908071
0.8997762
0.8967381
0.8998999
0.8987403
0.8975483
0.899916
0.8982723
0.8949235
0.8958411
0.8934935
0.8986095
0.870143
0.9000939
0.9000939
0.8361283
0.8716933
0.8318945
0.8675825
0.8955257
0.8641095
0.8752051
0.8678792
0.9097357
0.8795476
0.9087747
0.9083772
0.9088727
0.9097728
0.8899952
0.8997996
0.9108408
0.9061932
0.9032165
0.8976959
0.8982725
0.8918988
0.898342
0.9048544
0.9116297
0.9148136
0.9208431
0.9215522
0.8962547
0.9101993
0.897063
0.9002626
0.8969889
0.9072822
0.8984682
0.8984777
0.8996283
0.8917219
0.8986774
0.9089966
0.9055014
0.8964726
0.8975043
0.9130154
0.9122126
0.9156819
0.8865736
0.9072719
0.8606956
0.8171767
0.9026781
0.9021481
0.9005381
0.8937032
0.8823861
0.916395
0.9202998
0.8918434
0.9070429
0.8894119
0.8910322
0.9183268
0.9174057
0.9089731
0.9213392
0.9274398
0.9145764
0.9156248
0.9084525
0.9070639
0.9153233
0.9139189
0.9140372
0.920331
0.9166132
0.9093405
0.9537965
0.927084
0.9305755
0.9133717
0.9213628
0.9252245
0.8967341
0.8936536
0.8929402
0.8862748
0.8940151
0.8981066
0.8964412
0.8961411
0.8946072
0.8968732
0.8947565
0.8918628
0.8930483
0.8972063
0.896083
0.8645307
0.897846
0.897846
0.8324077
0.8677211
0.8312802
0.8626251
0.8941284
0.8573709
0.8677342
0.8644279
0.9084082
0.8760089
0.9070496
0.9090844
0.9084446
0.9086393
0.8902065
0.9006676
0.9081704
0.9027945
0.8990809
0.8960266
0.8960856
0.8920715
0.893081
0.9029522
0.9123802
0.9172285
0.9215507
0.9187006
0.896513
0.91001
0.8967651
0.9024636
0.8975256
0.906463
0.9038969
0.9028257
0.9029305
0.8937113
0.898438
0.9071074
0.9062576
0.8954439
0.8944901
0.9141594
0.9123003
0.9162635
0.8889587
0.9124294
0.8565734
0.8189219
0.90275
0.9052358
0.9024834
0.8897372
0.883302
0.9193345
0.9177083
0.8920972
0.9051472
0.884967
0.8898259
0.9172331
0.9194301
0.9074715
0.9208773
0.927548
0.9111466
0.9129311
0.9103297
0.9090223
0.9124014
0.9122788
0.9158639
0.9185968
0.9167231
0.9107321
0.9514778
0.9273674
0.9315919
0.9158098
0.9206045
0.925407
0.8968907
0.8947211
0.8941774
0.8888889
0.897239
0.8976498
0.8965569
0.8953934
0.8943105
0.8965416
0.8948725
0.8901655
0.8933303
0.8955574
0.8938033
0.8648628
0.899156
0.899156
0.8299404
0.8684339
0.8295787
0.8654861
0.8924187
0.8603064
0.8736645
0.8632179
0.9073808
0.8764679
0.9057827
0.9088429
0.9067501
0.9074528
0.8905673
0.90054
0.9028904
0.9041886
0.8996709
0.8961841
0.8953393
0.8905152
0.89144
0.9039342
0.9106925
0.9157376
0.9204458
0.9166784
0.8967854
0.9098478
0.8950081
0.8994085
0.8950869
0.9070414
0.9028852
0.9031808
0.9028426
0.8926766
0.8972007
0.9068735
0.9012169
0.8908604
0.8955507
0.9130591
0.9108829
0.9167478
0.8846653
0.9102408
0.857422
0.8111277
0.8998067
0.9007793
0.9010891
0.892453
0.8828731
0.9153013
0.9163554
0.8924956
0.9080199
0.8854459
0.890061
0.9157012
0.9163749
0.9083587
0.9221025
0.926057
0.9174778
0.9165059
0.9130559
0.9120319
0.9166785
0.9158242
0.9158369
0.9223236
0.9164985
0.9094644
0.9532527
0.9251196
0.9307807
0.9125809
0.9261342
0.9225146
0.8996753
0.8989641
0.9018113
0.8954578
0.9014643
0.8985945
0.8996309
0.9009092
0.9012309
0.8974452
0.8996786
0.8956113
0.8989791
0.8955014
0.8986306
0.8718931
0.9003451
0.9003451
0.8425905
0.8715869
0.8366489
0.8659682
0.8973616
0.8638224
0.8802708
0.8720429
0.9089676
0.8851382
0.9079704
0.9116946
0.9077181
0.9097828
0.8899739
0.9033553
0.9113211
0.9076817
0.9017611
0.9018375
0.8994298
0.8997391
0.9017272
0.9022929
0.9171579
0.918659
0.9208799
0.9217358
0.8982307
0.911405
0.8995685
0.9047076
0.8981624
0.9095827
0.902463
0.9031165
0.9019378
0.89788
0.8972142
0.9111081
0.9052272
0.9010826
0.9005293
0.9163043
0.9126783
0.9168654
0.8901598
0.9125338
0.8620779
0.8226534
0.9005755
0.9010554
0.9008347
0.8932233
0.8854415
0.9150126
0.91823
0.8923795
0.9090584
0.8923088
0.8965642
0.9184473
0.9183789
0.9089705
0.9208542
0.9256077
0.9168654
0.9149766
0.9133954
0.912332
0.9142054
0.914237
0.9156787
0.9198855
0.9202812
0.9119977
0.9524293
0.9270249
0.9279126
0.9169297
0.9205457
0.9251355
0.903056
0.8979615
0.9009251
0.8956727
0.8998922
0.9041809
0.9003397
0.902788
0.9003581
0.9017877
0.9023752
0.8993106
0.8979357
0.9022579
0.8987295
0.8714653
0.9031262
0.9031262
0.8439269
0.8761403
0.8418363
0.8710712
0.8974173
0.8706845
0.8804829
0.8727489
0.9138814
0.8854346
0.9108385
0.9113739
0.9113604
0.9125317
0.8944518
0.907173
0.9096838
0.9074302
0.9064522
0.9046547
0.9004598
0.8973576
0.8982994
0.9064367
0.9141808
0.9168414
0.9213303
0.9178144
0.8996333
0.9114328
0.903305
0.903673
0.9002684
0.914182
0.9118881
0.9109252
0.9115577
0.8978577
0.9033954
0.9124433
0.9084927
0.9000687
0.9042171
0.9123787
0.9155397
0.9190664
0.8948734
0.9155319
0.8654817
0.8217336
0.9083743
0.9107241
0.9077183
0.8925099
0.8907463
0.9187493
0.9213498
0.9018048
0.9100987
0.8918014
0.8955429
0.9216433
0.918643
0.9105124
0.9239758
0.9266907
0.9187855
0.9156474
0.9143468
0.9128962
0.9161572
0.9174559
0.918351
0.9220073
0.920955
0.9103605
0.9525067
0.9280561
0.931326
0.918872
0.9251625
0.9272153
0.8996674
0.8974435
0.8999533
0.8961266
0.9009287
0.9033134
0.8997449
0.8996051
0.8981344
0.9000837
0.8998742
0.8964502
0.8958202
0.8995611
0.8984169
0.8743586
0.9031424
0.9031424
0.8358893
0.8778066
0.8341073
0.8733805
0.8994674
0.8718207
0.8796377
0.8743401
0.9106869
0.8835624
0.9093411
0.9124025
0.9105659
0.9100633
0.896645
0.9064418
0.9106571
0.9065387
0.9042755
0.9052787
0.9025349
0.9003301
0.8993835
0.910239
0.9152862
0.9193582
0.9219591
0.9182546
0.900399
0.913729
0.9013266
0.9055284
0.9024835
0.9151987
0.9081966
0.9084932
0.9078526
0.9005303
0.9052445
0.914701
0.9085864
0.9025447
0.9036308
0.9135679
0.9137789
0.9187545
0.8936715
0.9167848
0.8673685
0.8217462
0.9055431
0.9019455
0.9035865
0.8978208
0.888152
0.9201296
0.9217239
0.8985518
0.9093773
0.8919708
0.8956745
0.9220722
0.9213841
0.9130435
0.9237267
0.9265477
0.9192275
0.9212793
0.915041
0.9136724
0.9186063
0.9183284
0.9185294
0.9210767
0.9232906
0.9136734
0.9535119
0.9270945
0.9319728
0.9200819
0.9250621
0.9269239
0.9024561
0.8995641
0.8990033
0.8944079
0.9014517
0.9021361
0.9003501
0.9000478
0.9000037
0.9025513
0.9004794
0.8961315
0.8972575
0.900893
0.8974796
0.8729994
0.9043478
0.9043478
0.8419745
0.8777765
0.8411219
0.8740721
0.900657
0.8693201
0.8831487
0.875861
0.9137503
0.8825157
0.9130728
0.9149509
0.9137436
0.9131765
0.8954821
0.9065798
0.9127203
0.9081364
0.9046138
0.9040914
0.9002681
0.8993699
0.8998734
0.9077614
0.9159001
0.9176889
0.9241523
0.9220048
0.9031081
0.9116533
0.9000677
0.9060954
0.9008675
0.9137075
0.9075792
0.908666
0.9067171
0.8994806
0.9031428
0.9132132
0.9073226
0.9
0.9030154
0.9147707
0.9194081
0.9197121
0.8931181
0.9138218
0.8680758
0.8255738
0.9058465
0.9057389
0.9038157
0.897344
0.8871034
0.9208278
0.923067
0.8982327
0.9102459
0.8927828
0.8975097
0.9196708
0.9218612
0.9095199
0.9206922
0.925064
0.9203002
0.915696
0.909549
0.9084054
0.9130048
0.9123412
0.9151814
0.9193417
0.9167168
0.9104578
0.9528426
0.9257886
0.9276752
0.915925
0.9218436
0.9248958
0.9016937
0.8974891
0.8984134
0.8962137
0.9006416
0.9063516
0.900881
0.9005374
0.9004129
0.904305
0.9031949
0.9010567
0.8977083
0.900776
0.8991124
0.8714323
0.9022316
0.9022316
0.8426446
0.8747265
0.842638
0.8698181
0.8967955
0.8674401
0.8847805
0.8728401
0.9115983
0.8870048
0.9102962
0.913539
0.9111285
0.9109787
0.8972545
0.9075721
0.9120221
0.9098774
0.9061071
0.9053093
0.9043784
0.8971352
0.899918
0.9071852
0.9132108
0.9188351
0.923085
0.9206338
0.90162
0.9114332
0.9046774
0.9043475
0.9023616
0.9124564
0.9122022
0.9128142
0.9130152
0.8995958
0.9064407
0.9132997
0.9092097
0.8964168
0.9078664
0.913466
0.9132888
0.9181997
0.896867
0.9131793
0.8683919
0.8231689
0.9111696
0.9096452
0.909364
0.8963868
0.8931546
0.920995
0.9204645
0.8997901
0.9097892
0.8924233
0.8964784
0.9238253
0.9175999
0.9115297
0.9205254
0.9273776
0.9205109
0.9156436
0.9103923
0.9085486
0.9141883
0.9148362
0.9151293
0.9208884
0.9187681
0.9112533
0.9534562
0.9267764
0.9289692
0.918938
0.9237282
0.9259606
0.904706
0.8998818
0.8999821
0.8939961
0.903598
0.9072169
0.9031333
0.9059616
0.902465
0.906075
0.9047147
0.9031705
0.8998966
0.9025402
0.9020649
0.8707144
0.9060266
0.9060266
0.8414083
0.873218
0.8415762
0.8683386
0.8967054
0.8674798
0.8817846
0.8731709
0.9113523
0.8870799
0.9098945
0.915104
0.9100296
0.91011
0.8998109
0.9105008
0.9112177
0.9121772
0.9080443
0.9070281
0.9059279
0.8986043
0.8997838
0.9080304
0.9140478
0.9183304
0.9232564
0.9203552
0.9025918
0.9125757
0.9050153
0.9053895
0.9028981
0.914738
0.9119919
0.9126431
0.9131976
0.9011157
0.9042368
0.914922
0.9109944
0.8989592
0.9096043
0.9134131
0.9142052
0.9185208
0.8977401
0.9128953
0.867845
0.825125
0.9109569
0.9102319
0.9100692
0.8973756
0.8955571
0.9206796
0.9212547
0.9029942
0.9097371
0.8931701
0.8935178
0.9250846
0.918428
0.9127219
0.9198904
0.9263885
0.9197269
0.917012
0.912245
0.9110627
0.9148777
0.9135174
0.9161505
0.9204795
0.917547
0.9124341
0.9520922
0.9266212
0.9275392
0.9174091
0.921766
0.9247503
0.9053592
0.8982454
0.8994644
0.8945009
0.9036444
0.9067921
0.9003807
0.9038002
0.9010896
0.9044595
0.9041177
0.9001577
0.8981378
0.9008441
0.9017824
0.8718962
0.9049396
0.9049396
0.8462038
0.8751533
0.8429708
0.8712916
0.8987741
0.8678566
0.8830423
0.8761095
0.911921
0.8856267
0.9096043
0.9152928
0.9093896
0.9095857
0.8953361
0.9059168
0.9130245
0.9114984
0.9080612
0.9076067
0.9065407
0.8981566
0.9008064
0.9061302
0.9129938
0.9190519
0.9236487
0.9204022
0.9034606
0.912681
0.903777
0.9046564
0.9023919
0.9121629
0.9124127
0.9132228
0.9132673
0.9017123
0.9045371
0.9164041
0.9109429
0.8986736
0.9087885
0.913288
0.913266
0.9197582
0.8947869
0.9119177
0.8670846
0.8223717
0.9092643
0.9089703
0.9064801
0.8964841
0.8946413
0.9203888
0.9237126
0.9013294
0.9110451
0.892551
0.897929
0.9241925
0.9177795
0.9099318
0.9210093
0.9262797
0.9184287
0.9152578
0.9093377
0.9082336
0.9144146
0.9126324
0.9145553
0.9204245
0.917768
0.9112108
0.9519176
0.9258715
0.9261893
0.9164807
0.9226779
0.9238998
0.905106
0.899638
0.8983641
0.8944806
0.9039613
0.9057376
0.900059
0.9039935
0.9021007
0.903498
0.9054367
0.9006836
0.898473
0.8992676
0.9031153
0.8713133
0.902849
0.902849
0.8421837
0.8736459
0.8399969
0.8715917
0.8981438
0.8672801
0.8815804
0.8730972
0.9107283
0.8855491
0.9091914
0.9145987
0.9092496
0.9094447
0.8966825
0.9044423
0.9118063
0.9097427
0.903078
0.9056173
0.9042444
0.8974861
0.8990456
0.9073651
0.9119136
0.919265
0.9246332
0.919483
0.9011753
0.9138394
0.9042364
0.9051147
0.901331
0.9128597
0.9115948
0.9117743
0.9120915
0.8997726
0.9063906
0.9142114
0.9106916
0.8972466
0.9054148
0.9136411
0.9131925
0.9181414
0.8944834
0.9122732
0.8652984
0.822164
0.9081625
0.905732
0.9060228
0.8962982
0.8918358
0.9202599
0.9213876
0.8994211
0.9102784
0.8923375
0.8953157
0.9225237
0.9185363
0.9165962
0.9260988
0.9325598
0.9231327
0.9186281
0.9209178
0.919833
0.9218137
0.9227058
0.9215017
0.9227438
0.9249347
0.9165038
0.946449
0.9292255
0.9330177
0.9234934
0.926073
0.9286229
0.915272
0.9092132
0.9114552
0.9082392
0.9128774
0.9141727
0.9110701
0.9147625
0.9143105
0.9086649
0.912031
0.9118661
0.91077
0.9089329
0.910276
0.8863835
0.9097851
0.9097851
0.8593061
0.8885093
0.8588734
0.8871855
0.9098017
0.8836231
0.8986058
0.8868907
0.9199397
0.8980712
0.9184798
0.9158816
0.9188308
0.9188192
0.904767
0.9136859
0.9214097
0.9180834
0.909964
0.9137262
0.9165051
0.9113181
0.9179243
0.9157762
0.9169397
0.9208211
0.9228003
0.9253449
0.9155315
0.9179686
0.9110862
0.9182126
0.9169897
0.9157017
0.9080418
0.9079426
0.9067148
0.9036679
0.9064693
0.9135358
0.9083985
0.9123596
0.9155431
0.9137491
0.9174461
0.9209852
0.9057929
0.9172368
0.8773787
0.8385611
0.9072034
0.9068629
0.9038349
0.9097851
0.9006019
0.921545
0.9206349
0.9048283
0.9176959
0.9076777
0.9089173
0.9197258
0.9220534
0.9065537
0.9190878
0.9249497
0.916606
0.917859
0.9142817
0.9140727
0.9162221
0.9142335
0.9128024
0.9186449
0.912692
0.9101922
0.9492185
0.9221068
0.9251501
0.9132759
0.9225027
0.9230452
0.8997884
0.89832
0.8952486
0.8919932
0.9004696
0.9031884
0.9003465
0.9017276
0.9008858
0.8988121
0.8997517
0.8977726
0.8992614
0.8984799
0.8977477
0.8790449
0.9025939
0.9025939
0.8774537
0.888051
0.8754284
0.8851904
0.8978144
0.8807625
0.884614
0.8864759
0.9104751
0.8855835
0.9113358
0.9082148
0.9106244
0.9117045
0.8938095
0.9024443
0.9070212
0.9089514
0.9024321
0.9014043
0.9000654
0.8885792
0.9044385
0.9017115
0.9092999
0.9199408
0.9206481
0.9201572
0.8978866
0.9103545
0.905163
0.9088801
0.8971949
0.913195
0.9064833
0.9068539
0.9090844
0.8943172
0.89815
0.9077149
0.9043386
0.8995675
0.907028
0.9100064
0.9058376
0.9162332
0.8924268
0.9110869
0.8850811
0.8769427
0.9029193
0.9005495
0.8993271
0.8935658
0.8899743
0.9167903
0.9158414
0.8979343
0.9080224
0.8897761
0.8960006
0.921411
0.9114183
0.8921777
0.9056851
0.9068568
0.8993872
0.9058051
0.9007017
0.8991617
0.8982779
0.8989954
0.9026031
0.8953711
0.9012765
0.8901578
0.9252953
0.91567
0.9138775
0.9029149
0.908551
0.8974661
0.9227201
0.9233711
0.9238831
0.9215035
0.9241417
0.9134563
0.9232763
0.9255283
0.9257798
0.9222847
0.9236646
0.9202023
0.923896
0.9212966
0.9236232
0.9186438
0.898928
0.898928
0.9100439
0.9210473
0.9106844
0.9186838
0.9181678
0.9152749
0.919336
0.922108
0.8988049
0.9128133
0.8990057
0.8904739
0.900978
0.9006947
0.9058055
0.9154615
0.9355748
0.9179995
0.8938488
0.9254593
0.9258983
0.9225765
0.9363967
0.8959364
0.899734
0.9087612
0.9020431
0.9043589
0.9043111
0.8967146
0.8927808
0.9006194
0.8963048
0.8971722
0.8882691
0.889315
0.8896222
0.8919349
0.8933526
0.9082398
0.9010931
0.9223668
0.9165441
0.8948779
0.8978565
0.8998238
0.9079351
0.8876941
0.9154996
0.9179542
0.8964939
0.8957331
0.8934049
0.9227425
0.9070161
0.9167822
0.9106482
0.886654
0.9225813
0.9195276
0.9217985
0.909159
0.8896108
0.8811549
0.8994453
0.9022339
0.8975051
0.8937054
0.8911429
0.8913858
0.8880741
0.891099
0.890591
0.8978797
0.8902787
0.8834325
0.9397842
0.9122013
0.9105578
0.8977748
0.9085708
0.8980549
0.9226157
0.9217221
0.9156798
0.9105665
0.9227502
0.9200241
0.9217024
0.9219559
0.9223287
0.9225791
0.9232926
0.9195776
0.9219634
0.9207138
0.9225983
0.9133894
0.894421
0.894421
0.9123557
0.9173212
0.9092039
0.9161778
0.9099613
0.9134561
0.9113261
0.9183924
0.8756729
0.9105114
0.8755602
0.8770379
0.8735803
0.8753576
0.9111748
0.9226018
0.9247285
0.9265034
0.8911187
0.9223643
0.9262627
0.9119997
0.92747
0.8914444
0.8804285
0.9069759
0.9075309
0.9055471
0.8935491
0.8994154
0.8913174
0.898661
0.8931084
0.900417
0.9049064
0.9045695
0.9042038
0.899258
0.8994616
0.9089494
0.9060847
0.9153865
0.9254058
0.8803097
0.8780346
0.8886487
0.9119797
0.8800374
0.9155263
0.9172854
0.9124046
0.9159552
0.9099705
0.914983
0.9102238
0.9170437
0.920272
0.8860723
0.9195114
0.9096031
0.9122464
0.9202569
0.8758908
0.9182877
0.9235062
0.9303187
0.9250397
0.9218604
0.921726
0.9201122
0.9194822
0.9220411
0.9195414
0.9207976
0.9268174
0.9182173
0.9491862
0.9275358
0.9343526
0.9207172
0.9275902
0.925204
0.9144651
0.9138474
0.913268
0.9087997
0.9122207
0.912232
0.9145065
0.9139952
0.9133059
0.911368
0.9139346
0.9116475
0.914017
0.9131595
0.9112804
0.8805741
0.9105326
0.9105326
0.85531
0.885452
0.8553374
0.8849732
0.9063592
0.8806134
0.8954065
0.8858975
0.9188933
0.8990567
0.9178866
0.9202982
0.9177453
0.9192891
0.9029717
0.9080784
0.9242656
0.9155967
0.9127817
0.9101855
0.91191
0.9136512
0.9147827
0.9146848
0.9159234
0.9272366
0.9251543
0.9289314
0.9137161
0.9138838
0.9122059
0.9139019
0.9112258
0.917792
0.9115403
0.9112889
0.9113292
0.908632
0.9057241
0.9116635
0.9093453
0.9114884
0.9094031
0.9138414
0.91639
0.9215144
0.9019925
0.9180862
0.8755603
0.7448509
0.9089655
0.9101038
0.9080393
0.9081339
0.8984909
0.921224
0.9214116
0.9088611
0.9160706
0.90896
0.911857
0.922214
0.9228966
0.8459111
0.8781229
0.8857947
0.8934953
0.8721646
0.8677744
0.865676
0.8699916
0.8683988
0.8652122
0.8874048
0.8759436
0.8700499
0.9483223
0.9045621
0.8895688
0.8772243
0.88229
0.889609
0.9202271
0.9201714
0.9070688
0.9036658
0.923113
0.9266192
0.9194935
0.9195993
0.9191192
0.9219043
0.9177213
0.9197502
0.9207657
0.9191169
0.9208651
0.908451
0.8793774
0.8793774
0.9111333
0.9083051
0.9142561
0.9076307
0.901795
0.9063935
0.9039783
0.9093246
0.3493918
0.9042832
0.3578627
0.8447235
0.3545081
0.3627503
0.908648
0.9243955
0.9247622
0.9273111
0.8830877
0.915619
0.9197721
0.9037125
0.9191901
0.8779671
0.8569037
0.8985058
0.9031144
0.8834556
0.8832851
0.8885456
0.8813029
0.8874106
0.8843606
0.8895045
0.9161518
0.9151699
0.91366
0.9003742
0.9038889
0.9008984
0.9011492
0.9021257
0.9188161
0.8526801
0.8410225
0.874795
0.9081015
0.8607632
0.9177491
0.9125699
0.9206355
0.918875
0.9152499
0.9039025
0.912819
0.918085
0.9206083
0.8798654
0.9153727
0.8983707
0.903056
0.9286768
0.8342745
0.8683455
0.8860118
0.8963584
0.8966795
0.8845079
0.88099
0.8795185
0.881148
0.8830077
0.8849741
0.8895169
0.8865685
0.8792427
0.9435317
0.9132222
0.8938701
0.8863912
0.8960425
0.8968442
0.9237725
0.9272182
0.9117627
0.9139759
0.926165
0.9293492
0.9266986
0.9245197
0.9239057
0.9222559
0.9241808
0.927718
0.9275689
0.9249542
0.925583
0.917197
0.8950794
0.8950794
0.9139343
0.9173161
0.9133025
0.9158348
0.9115844
0.9142656
0.9136866
0.917779
0.8692141
0.9094387
0.8699178
0.867317
0.8689136
0.8702368
0.916804
0.9272431
0.9285764
0.9264307
0.8942604
0.9253948
0.9271323
0.9126608
0.9263611
0.890227
0.8772803
0.9065898
0.9060051
0.8976861
0.8960054
0.8929025
0.8938128
0.8970914
0.8931454
0.8990069
0.9139489
0.9146247
0.9161279
0.9050744
0.9064259
0.9071653
0.9078881
0.9143655
0.9241251
0.874098
0.871522
0.8851745
0.9160356
0.8788737
0.9202115
0.9175061
0.9157081
0.9144023
0.9122518
0.9160449
0.913809
0.9193658
0.9189508
0.8895607
0.920884
0.910228
0.9102859
0.922972
0.8673714
0.9126013
0.9227134
0.9271957
0.9182394
0.923423
0.9205242
0.9206523
0.9204373
0.9198147
0.9210453
0.9167169
0.9241273
0.9143109
0.9417293
0.9259197
0.9358151
0.9184346
0.9286231
0.9209434
0.9097296
0.9089308
0.9136721
0.9040127
0.9091445
0.9070345
0.9087712
0.9110487
0.9111014
0.9041871
0.9056548
0.904423
0.9075815
0.9033976
0.9061546
0.8806119
0.9076841
0.9076841
0.7817537
0.8928219
0.7811287
0.8880811
0.9088658
0.8834632
0.8931458
0.8888848
0.9186577
0.8928518
0.9171424
0.9156319
0.9184562
0.9187502
0.8958775
0.9040214
0.9158939
0.9091763
0.9079844
0.9067232
0.9058234
0.9083189
0.9147769
0.9111214
0.9181224
0.9197561
0.9216398
0.9270119
0.9089775
0.9101662
0.9058452
0.9113839
0.9065391
0.9135402
0.9020938
0.8996157
0.9002382
0.8908424
0.8993884
0.9088185
0.9060525
0.915758
0.9075523
0.9126217
0.9179423
0.9212349
0.8961755
0.9140392
0.8742683
0.8581967
0.8940722
0.8940773
0.8955579
0.9114268
0.8908409
0.91823
0.9144546
0.9030452
0.9141463
0.9091328
0.9114758
0.9129645
0.9179996
0.913541
0.9208916
0.9256576
0.9163589
0.92312
0.9207443
0.9197998
0.9194304
0.9194578
0.9233287
0.9158101
0.9201261
0.9155119
0.9422484
0.9282966
0.9326289
0.9170727
0.9303721
0.9224427
0.9055109
0.9055441
0.9073134
0.9002542
0.9042016
0.9034085
0.9046214
0.9051597
0.9056882
0.9050854
0.9062869
0.9042059
0.904183
0.9009488
0.9019296
0.875735
0.9053622
0.9053622
0.7770476
0.8868592
0.7677269
0.8827512
0.9068551
0.8801501
0.8945475
0.8829075
0.9150224
0.8900746
0.9143051
0.911542
0.9148989
0.9148762
0.8959982
0.9043614
0.9171293
0.9057255
0.9012137
0.9064706
0.9064128
0.9069331
0.9125014
0.9086287
0.9151314
0.9215905
0.9163206
0.9224138
0.9101814
0.9071686
0.9048976
0.9085527
0.9061385
0.9103128
0.8952405
0.8965479
0.897332
0.8891489
0.8945926
0.904349
0.903003
0.9105566
0.9103009
0.9127454
0.915253
0.9207798
0.8952458
0.9114141
0.8717066
0.8472212
0.8921269
0.8932849
0.8929171
0.9071158
0.8902057
0.9149891
0.9116151
0.8995567
0.9105767
0.905161
0.9042435
0.9103501
0.9168269
0.8990343
0.9179931
0.9191823
0.9149182
0.9057651
0.9070982
0.904112
0.9095963
0.9113371
0.9074393
0.921423
0.9093885
0.9090363
0.9596582
0.92174
0.9163951
0.9082288
0.9193263
0.9222991
0.8974983
0.8971078
0.8156739
0.8362247
0.8985013
0.9088693
0.8965161
0.898413
0.8984476
0.8944489
0.8963579
0.8953104
0.8948344
0.9011195
0.9001512
0.8913543
0.8969551
0.8969551
0.8970786
0.8949607
0.8969719
0.8908208
0.8056655
0.8931571
0.8692736
0.8901593
0.9062768
0.8735974
0.9053542
0.902921
0.9047908
0.9069327
0.8821858
0.9118837
0.8957322
0.9149592
0.9037733
0.890922
0.899486
0.8270943
0.8933104
0.9004126
0.9029084
0.9178473
0.9208169
0.9184029
0.8937619
0.9068718
0.8995835
0.9036591
0.8935521
0.9087313
0.9188666
0.9193606
0.9222421
0.8996541
0.8990813
0.9086692
0.9057215
0.8312136
0.9067197
0.9043594
0.8991584
0.9091699
0.88575
0.9117522
0.9004053
0.9010961
0.9186644
0.9215537
0.9176044
0.8356238
0.8901942
0.9135583
0.9175435
0.8975018
0.9004605
0.8067808
0.8129524
0.9230431
0.9101112
0.8974414
0.9121545
0.9177706
0.9162439
0.9078465
0.907993
0.9050891
0.9116873
0.9113339
0.9065522
0.9242972
0.9132901
0.9109589
0.9613969
0.9223509
0.908189
0.9082255
0.910869
0.9229327
0.9144777
0.9095663
0.8399381
0.8592351
0.9117399
0.9267874
0.9113938
0.9135708
0.9116479
0.9102642
0.9092205
0.9172002
0.9100577
0.9131634
0.91282
0.8988654
0.907996
0.907996
0.9163926
0.900633
0.9147462
0.8973018
0.8413851
0.9010985
0.8986524
0.8980051
0.9066638
0.8964474
0.9076544
0.8973519
0.9064674
0.9061863
0.9018741
0.9307554
0.9096491
0.9245491
0.9129757
0.9093308
0.9117476
0.8483988
0.9075792
0.903085
0.900457
0.9188606
0.9271707
0.918287
0.8953505
0.9154622
0.9089016
0.9127593
0.9001035
0.9189993
0.9318729
0.9310809
0.9343014
0.9111715
0.9095347
0.9112848
0.9113807
0.8523548
0.9197996
0.9038039
0.8956446
0.9159472
0.9023993
0.913099
0.9112571
0.9120023
0.9328067
0.9332735
0.9343126
0.8531303
0.9136618
0.9153358
0.9199611
0.9075841
0.9094023
0.8329426
0.8419065
0.9315096
0.9092141
0.8961344
0.9135011
0.9165168
0.9117192
0.9109266
0.9066714
0.9066609
0.9099491
0.9102943
0.9059432
0.9217293
0.9090424
0.9065646
0.959555
0.9183742
0.9131916
0.907336
0.9113314
0.9216648
0.8983151
0.8964586
0.83095
0.8383172
0.8971959
0.9102205
0.8954181
0.8988628
0.8960089
0.8927162
0.8946452
0.8937312
0.8982675
0.8968719
0.8978377
0.8918436
0.8985841
0.8985841
0.8966408
0.8946431
0.8975387
0.8926852
0.8276737
0.8915826
0.8686318
0.8895143
0.9039322
0.875761
0.9043002
0.8979144
0.9028344
0.9045469
0.8845361
0.9116141
0.8967102
0.9112964
0.9016575
0.8901402
0.8984788
0.8358078
0.8879443
0.8993501
0.902163
0.9182267
0.9235957
0.916594
0.890407
0.908039
0.902517
0.9050669
0.896527
0.9108119
0.919218
0.9177733
0.9207761
0.8985369
0.8977544
0.9046831
0.9047816
0.8416037
0.9032022
0.9015578
0.8987246
0.914003
0.8803662
0.910557
0.9020626
0.8949442
0.918354
0.9168033
0.916073
0.8357189
0.8924556
0.9151147
0.9191958
0.8977849
0.8964546
0.8231661
0.8218525
0.9241753
0.9136749
0.8976196
0.9142085
0.9228265
0.9152424
0.9059965
0.9014494
0.898721
0.9065944
0.9055789
0.9065922
0.9228692
0.9094976
0.906985
0.9602233
0.9201232
0.9160044
0.9084181
0.9143443
0.9190064
0.9009141
0.8981413
0.8173125
0.8281424
0.8969225
0.9093384
0.8981185
0.8989532
0.8949642
0.8982405
0.8964983
0.9001641
0.8975059
0.9002016
0.8981338
0.8931961
0.8994229
0.8994229
0.9009263
0.8977014
0.8946139
0.8937532
0.8060127
0.8945108
0.874271
0.891886
0.9048316
0.8774998
0.9045341
0.901356
0.9033064
0.9057979
0.8885349
0.9169423
0.8970475
0.9133875
0.9072843
0.8947329
0.9021529
0.8278408
0.8918444
0.8983318
0.8996801
0.9163187
0.9231864
0.9186802
0.8965233
0.9064429
0.9008836
0.9048313
0.8985088
0.9115651
0.9193825
0.9196824
0.9230577
0.9020436
0.9046287
0.9078771
0.9083488
0.8339945
0.9032034
0.9005332
0.8990518
0.9110142
0.8862787
0.9086486
0.9041809
0.9020894
0.921563
0.9167788
0.9181301
0.8351883
0.8946399
0.9131648
0.9150257
0.8991087
0.8989285
0.8078109
0.8126836
0.9251198
0.9103353
0.8951954
0.9071503
0.9128015
0.9103255
0.9019201
0.9006382
0.9008728
0.9054882
0.9054088
0.8968921
0.921538
0.9080365
0.9084294
0.9605507
0.9133821
0.9088472
0.9021217
0.9068617
0.9169571
0.9030097
0.9013263
0.8307769
0.8426114
0.9019615
0.917343
0.903738
0.9028214
0.9018052
0.9028974
0.9005311
0.9032068
0.902971
0.9066136
0.9031528
0.8894254
0.8969921
0.8969921
0.9013884
0.8938871
0.9018567
0.890522
0.8286068
0.8916946
0.8792
0.890468
0.9029533
0.8838644
0.9020961
0.8956737
0.9005749
0.903136
0.8931374
0.9233874
0.9028013
0.9156109
0.9032328
0.9016003
0.9032389
0.8362129
0.8968579
0.8994426
0.8939455
0.9157643
0.9216836
0.9119206
0.8923648
0.9070267
0.9016904
0.9047722
0.8952009
0.9139263
0.922271
0.9232348
0.9250054
0.8979019
0.902912
0.9072058
0.9038843
0.8380941
0.9090041
0.8985053
0.8915451
0.9086896
0.8950268
0.907805
0.9020974
0.9007285
0.9292765
0.926697
0.9264919
0.8461098
0.9045441
0.9114638
0.9154565
0.9013931
0.8976475
0.8309725
0.8370991
0.9265006
0.9028059
0.8947766
0.9140986
0.9211115
0.9129326
0.9094001
0.9043916
0.9034065
0.9110356
0.907047
0.9034715
0.92409
0.9120192
0.9067791
0.9595798
0.9192088
0.9159294
0.9050601
0.9127659
0.9197088
0.8978933
0.8960436
0.8281226
0.8392627
0.8953467
0.9104219
0.8971599
0.8982374
0.8958402
0.8973357
0.893014
0.8929669
0.8948378
0.8977506
0.8966457
0.8948664
0.8998249
0.8998249
0.9002166
0.8972378
0.9006766
0.8911258
0.8179748
0.8968564
0.8723573
0.8934435
0.9015416
0.8747193
0.9005752
0.9036278
0.9003677
0.9021906
0.8811423
0.9116505
0.9014823
0.9059737
0.9011941
0.8919309
0.9003103
0.8325059
0.8929503
0.8998786
0.9033042
0.9176312
0.9239841
0.9160788
0.894048
0.9075134
0.9043773
0.9042421
0.8970688
0.9116533
0.9163987
0.9172771
0.9193024
0.9039276
0.9028739
0.9074505
0.9111627
0.8365968
0.9052743
0.9034535
0.8993783
0.9143634
0.8853089
0.9082439
0.9033957
0.9002434
0.9229002
0.9207266
0.917341
0.8370769
0.8966491
0.92038
0.916432
0.8980878
0.8981883
0.8088416
0.8209612
0.9279074
0.9112386
0.8972437
0.9111722
0.920167
0.9137466
0.9067127
0.9050072
0.9044896
0.9042325
0.9035671
0.907573
0.9233089
0.9080856
0.9109365
0.9578475
0.9209408
0.9160643
0.9064561
0.9131584
0.9231889
0.9006134
0.8996243
0.8127627
0.8319231
0.8995153
0.9071002
0.9002058
0.9012355
0.8993343
0.8970615
0.8954601
0.8979353
0.9015405
0.8981631
0.9026487
0.8920484
0.8948486
0.8948486
0.8989159
0.8968841
0.8971707
0.8926062
0.8038233
0.8910598
0.869924
0.8888321
0.8986038
0.8734258
0.8994081
0.9031832
0.8974617
0.8999641
0.8901404
0.9139912
0.8988464
0.9123203
0.9008584
0.8949592
0.8992376
0.8262728
0.8902462
0.9006803
0.8999389
0.9154738
0.9219755
0.915763
0.8938849
0.9081311
0.8983244
0.9028653
0.8943881
0.910093
0.9202557
0.9200543
0.9215413
0.8993125
0.9049046
0.9115604
0.905178
0.8325821
0.9054251
0.9027688
0.8960879
0.9131442
0.891742
0.9092523
0.9017736
0.899824
0.9197963
0.9179834
0.9184287
0.826117
0.8948241
0.9167768
0.9155405
0.8999243
0.8997413
0.7935381
0.8035367
0.9235085
0.9074444
0.8662574
0.8906316
0.8981949
0.8987324
0.8862074
0.8852371
0.8820799
0.8835471
0.8810723
0.8903459
0.8917495
0.8912951
0.8881355
0.9447978
0.9094399
0.8978581
0.8910051
0.8966995
0.8974296
0.9224652
0.9231426
0.913263
0.9139687
0.9231758
0.926003
0.9249141
0.9249708
0.9250416
0.9231092
0.9238305
0.9214462
0.9223874
0.9207538
0.9239787
0.9149931
0.8776644
0.8776644
0.9143099
0.9145419
0.9178121
0.911856
0.9149637
0.9121877
0.9163341
0.9148173
0.8815174
0.9116014
0.8792302
0.8679932
0.8804489
0.8812973
0.9150122
0.9276208
0.930053
0.930129
0.8810704
0.9237478
0.9310914
0.9103477
0.9271682
0.8842803
0.8822279
0.8933656
0.896444
0.8865571
0.8872983
0.8829567
0.8848067
0.8844973
0.8857275
0.8901391
0.9081389
0.9078849
0.908854
0.900501
0.8990547
0.9055752
0.9040351
0.9163723
0.9246883
0.8777346
0.8805339
0.8988147
0.9181301
0.8807461
0.9225072
0.9206355
0.9187224
0.9155268
0.9152372
0.9152863
0.9150795
0.917378
0.9166052
0.8757317
0.9244923
0.9112671
0.9158049
0.923644
0.8785921
0.8571903
0.8823403
0.8882139
0.8913197
0.8821453
0.8723497
0.871554
0.8776257
0.8759378
0.8762449
0.8858661
0.8824779
0.8751575
0.9424112
0.9043905
0.8929931
0.8745055
0.8876207
0.888354
0.9267125
0.9264418
0.9111166
0.909152
0.9244932
0.927838
0.9245068
0.9263549
0.9261993
0.9270688
0.9271244
0.9269529
0.9253832
0.9231698
0.924717
0.913025
0.8864892
0.8864892
0.9124491
0.9135314
0.9126189
0.9132186
0.9084674
0.9138218
0.9158161
0.9139227
0.8541882
0.9107573
0.8541082
0.8572218
0.8534658
0.8569477
0.9108784
0.9258445
0.9301172
0.9263368
0.8877752
0.9229121
0.9278755
0.909821
0.9268031
0.886026
0.8641536
0.8965541
0.8992488
0.8916899
0.8935474
0.8842173
0.891623
0.8905582
0.8887306
0.8913182
0.9041543
0.9045621
0.9053365
0.8978688
0.8963696
0.9032984
0.8999076
0.9122813
0.9233279
0.8575872
0.8574284
0.8751416
0.9130342
0.8655125
0.9164224
0.914508
0.9131638
0.9131282
0.9122952
0.911068
0.9165774
0.9135998
0.9131752
0.8847586
0.9179629
0.9113201
0.9092059
0.9191349
0.8574273
0.8839859
0.902475
0.9095655
0.903449
0.8982539
0.8987873
0.8964719
0.8959795
0.8964965
0.8991156
0.903457
0.8999008
0.8932923
0.9409011
0.9138431
0.9105647
0.8952747
0.9107931
0.898415
0.9205048
0.9222595
0.9160024
0.9135655
0.9222505
0.9182889
0.9237716
0.9218406
0.921984
0.9228449
0.9216455
0.9197238
0.921463
0.9229704
0.9221002
0.9128669
0.8258584
0.8258584
0.9142514
0.9181071
0.9129617
0.9158944
0.9163158
0.9113529
0.9167087
0.9172411
0.8928329
0.9094604
0.8925691
0.8887696
0.8932758
0.8929159
0.9083959
0.9206772
0.9272009
0.9240693
0.8419033
0.9195859
0.9217009
0.9131998
0.9264474
0.8848309
0.894626
0.9032809
0.9005223
0.9006433
0.8973159
0.8932566
0.8845592
0.8943392
0.8886555
0.8966757
0.9025405
0.9021989
0.9040362
0.90001
0.9005689
0.9062808
0.9064147
0.9155587
0.9206411
0.8891009
0.8922012
0.9002836
0.9080476
0.8892106
0.9188305
0.9173482
0.9083366
0.9064586
0.903729
0.9161055
0.9078379
0.9177
0.9154074
0.8796209
0.9179944
0.9108231
0.9098151
0.9180752
0.8923159
0.8937673
0.909727
0.9130646
0.9139508
0.9084434
0.9071406
0.9051361
0.9022263
0.9044997
0.9092035
0.9107379
0.9098801
0.9057011
0.9420609
0.9149112
0.914799
0.9022633
0.9144847
0.9137558
0.9310454
0.9311629
0.9231641
0.9190759
0.9298704
0.93318
0.9318405
0.9310248
0.9321517
0.9315575
0.9325039
0.9318451
0.9301958
0.931935
0.9312706
0.9237741
0.8316203
0.8316203
0.9219964
0.926385
0.9206033
0.9272457
0.9185505
0.9239361
0.924413
0.9263967
0.9002147
0.9193246
0.8994927
0.8939249
0.8991727
0.8992623
0.9222776
0.9325506
0.9371899
0.930988
0.842152
0.9297015
0.9341858
0.9172132
0.9368284
0.8894967
0.9017583
0.9039864
0.9094865
0.9033119
0.8987373
0.9032889
0.8973103
0.9023119
0.9010559
0.899787
0.9177649
0.9179826
0.9189494
0.9118199
0.9154372
0.9135512
0.9101343
0.9247538
0.9298012
0.8982414
0.9025062
0.9070482
0.9220372
0.9035401
0.9246613
0.9208359
0.9196653
0.9188486
0.9174759
0.9178144
0.9184981
0.9229202
0.9226521
0.8852365
0.9261186
0.9189876
0.9200704
0.9237513
0.9002608
0.8831291
0.8975374
0.9077259
0.9053544
0.8966794
0.8967228
0.896644
0.8946127
0.8941071
0.8975132
0.8990835
0.8975745
0.8918458
0.9434553
0.9126178
0.912497
0.8966254
0.9059583
0.9046671
0.9201801
0.9172949
0.9133247
0.908453
0.9188236
0.9191548
0.9204545
0.9200956
0.9210855
0.9172789
0.9193156
0.9187087
0.9179281
0.9194233
0.9173278
0.9148327
0.7610347
0.7610347
0.910054
0.9118043
0.9102962
0.9113341
0.9094672
0.9077888
0.906381
0.9103451
0.8886696
0.9062681
0.8879233
0.8878521
0.8893984
0.8889448
0.9085889
0.9185727
0.9258316
0.9215603
0.8015376
0.9169245
0.9198432
0.9107067
0.9202802
0.874823
0.8873924
0.8980787
0.8989203
0.8920112
0.8860537
0.8870881
0.8805158
0.8859966
0.8865106
0.8864252
0.9064594
0.905613
0.9083898
0.90235
0.9013907
0.9029116
0.9022222
0.9100544
0.9235004
0.8889009
0.8886926
0.9002287
0.9053567
0.8879765
0.9166579
0.9127193
0.9071105
0.9089524
0.9070947
0.9131783
0.9038434
0.9187582
0.9173713
0.8739487
0.9172914
0.904787
0.9069726
0.9220836
0.8874222
0.886168
0.9051942
0.9097507
0.9056577
0.8989739
0.897909
0.8964153
0.896591
0.8980876
0.8998706
0.8993615
0.9037728
0.8946828
0.9427024
0.9141667
0.9107453
0.894074
0.9118022
0.904742
0.9217776
0.9194102
0.9116793
0.909721
0.919622
0.921134
0.9202813
0.9221902
0.9213351
0.9170343
0.918563
0.9158071
0.9203103
0.9194439
0.9194818
0.9148966
0.8315694
0.8315694
0.9100465
0.9184886
0.908462
0.9151286
0.9112303
0.9143908
0.9088003
0.9149116
0.8889645
0.9073299
0.8881397
0.8860723
0.8867843
0.8866024
0.9112563
0.9210969
0.9292132
0.9212369
0.8265634
0.9179592
0.9202476
0.9116992
0.9228251
0.8698962
0.8909606
0.8971959
0.9008557
0.89038
0.8899328
0.8853533
0.8826596
0.8936525
0.8913175
0.8903162
0.9059468
0.9064728
0.9061109
0.899886
0.9040029
0.9093902
0.9055126
0.9170027
0.9208748
0.8923094
0.8917424
0.9021702
0.9110221
0.8915667
0.9138378
0.9146153
0.9166219
0.9142569
0.9139302
0.9127465
0.9115155
0.9207062
0.9196821
0.8674871
0.9226296
0.9057826
0.9085827
0.9228219
0.8903899
0.8856248
0.9052355
0.910933
0.9108265
0.904712
0.9004226
0.8996379
0.9017218
0.9012573
0.9006842
0.9003046
0.9000885
0.8980463
0.9445228
0.9130768
0.9142566
0.897466
0.9083022
0.9100278
0.9236457
0.9232523
0.915619
0.9132915
0.9208535
0.9245223
0.9233451
0.9243978
0.9221704
0.9221591
0.9220242
0.9226178
0.9213419
0.9230032
0.9235921
0.916954
0.7816105
0.7816105
0.9166961
0.9183294
0.9171439
0.9152387
0.9105373
0.9152303
0.9139245
0.9159007
0.8881046
0.9084723
0.887957
0.8889605
0.8879579
0.8876998
0.9124504
0.9236148
0.9289714
0.9274856
0.8170746
0.9199671
0.9219632
0.9131937
0.9250942
0.8782964
0.8967852
0.8995946
0.9044326
0.8938296
0.8916886
0.8930132
0.8896926
0.8899217
0.8894778
0.8971739
0.9079027
0.9070616
0.9079937
0.9058294
0.907106
0.909168
0.905627
0.914677
0.9220913
0.8926803
0.893979
0.9069687
0.9144442
0.8917386
0.9190506
0.9141165
0.9111975
0.9129211
0.9116969
0.9157573
0.9130341
0.9219899
0.9183582
0.8790422
0.9213432
0.9125974
0.9154797
0.9235322
0.8895697
0.8872086
0.9078787
0.9133287
0.9059332
0.9049862
0.9040883
0.9032281
0.9002907
0.9006055
0.9053143
0.8994582
0.9007215
0.8963862
0.936186
0.915822
0.9142557
0.8991597
0.911951
0.9063141
0.9240574
0.9252718
0.9170866
0.9131384
0.9245849
0.924551
0.9253228
0.9259875
0.9259456
0.9264809
0.9251172
0.9206675
0.9236763
0.9225365
0.9235834
0.917864
0.8355132
0.8355132
0.915929
0.9228618
0.9158769
0.9237303
0.9159272
0.9207135
0.9142764
0.9220811
0.8917752
0.9134405
0.8911149
0.8872695
0.8906378
0.8915788
0.9138736
0.9224771
0.9328636
0.9222429
0.8300169
0.9257651
0.9253093
0.915486
0.9295352
0.878649
0.902388
0.8998743
0.9032529
0.8973721
0.8911138
0.8902725
0.8911259
0.8936019
0.8889837
0.894774
0.8995829
0.89888
0.8998089
0.9000502
0.9039051
0.9085422
0.9033214
0.922651
0.9242204
0.8934112
0.8920915
0.9027141
0.9144047
0.8929004
0.9180299
0.9183965
0.9094346
0.9095806
0.9104827
0.9181068
0.9088558
0.9210977
0.9178341
0.867393
0.9244812
0.9135417
0.9152128
0.9176297
0.8922857
0.8779014
0.9013345
0.9088141
0.9017425
0.8981619
0.8959631
0.892937
0.8921972
0.8925262
0.896188
0.8996493
0.8944454
0.8864176
0.9413284
0.9104221
0.9137695
0.8918431
0.9044934
0.899533
0.9119387
0.9117465
0.9079865
0.903646
0.9114928
0.9062091
0.9116237
0.9110337
0.9120743
0.9075199
0.910926
0.9108875
0.9099752
0.9099554
0.911938
0.9066805
0.7279874
0.7279874
0.8984715
0.9105592
0.8987291
0.9071111
0.9038965
0.9021951
0.8968904
0.9089672
0.8827401
0.8921294
0.8805116
0.8799548
0.8826351
0.8807256
0.9016589
0.9081304
0.9192362
0.9090158
0.7837806
0.906013
0.9086587
0.9089447
0.9117528
0.8667994
0.886665
0.8969543
0.9001806
0.8915744
0.8807386
0.8799361
0.8692339
0.87711
0.8764674
0.8860573
0.894314
0.8937127
0.8944882
0.8958708
0.8941165
0.9020094
0.8937995
0.9073545
0.9091833
0.8909698
0.889833
0.8979806
0.901033
0.8827311
0.9104018
0.9064071
0.8983082
0.8964152
0.8942894
0.9083806
0.8956365
0.9170485
0.9115952
0.8563406
0.9112989
0.8998259
0.9028783
0.9129397
0.8874628
0.8861768
0.9074865
0.9113534
0.9059181
0.9015479
0.9029006
0.9017645
0.8974377
0.8984239
0.899972
0.9000497
0.8990516
0.8918736
0.9413828
0.9165917
0.9160329
0.9002593
0.910373
0.905613
0.91994
0.9196905
0.9161203
0.9110294
0.9185033
0.9165595
0.9191713
0.9202027
0.9215007
0.9172319
0.9180675
0.9179699
0.9199728
0.9153113
0.9191427
0.9158196
0.7670208
0.7670208
0.9101219
0.9137565
0.9113343
0.9152093
0.9137621
0.9131236
0.9086379
0.915107
0.8889766
0.9051496
0.8867117
0.8905875
0.8890283
0.888813
0.9098997
0.9180311
0.9264695
0.9142118
0.8053459
0.9166817
0.9179456
0.9117377
0.9231102
0.8762374
0.8937945
0.8999195
0.8982508
0.8921953
0.8893104
0.887673
0.8825843
0.8893649
0.8842256
0.890172
0.9028721
0.9026093
0.9031072
0.8993924
0.9009078
0.9063778
0.9013106
0.9130404
0.915247
0.8878859
0.898216
0.9025386
0.9107117
0.8900741
0.9154363
0.9103725
0.9050002
0.9002852
0.8980598
0.9128243
0.9008492
0.9204943
0.914991
0.8698844
0.9200825
0.9089892
0.9148817
0.9181928
0.8937373
0.8810344
0.904623
0.9088862
0.9011279
0.9020972
0.8991546
0.8980131
0.8975201
0.8963843
0.9019032
0.8955426
0.9010509
0.8891425
0.9366668
0.9161135
0.9162814
0.8941307
0.9097898
0.9023663
0.9209397
0.9184055
0.9173208
0.9114753
0.9204824
0.9182529
0.9188172
0.9182271
0.9191416
0.916227
0.9180216
0.91904
0.9180287
0.9156117
0.9194474
0.914313
0.7271605
0.7271605
0.9070689
0.9155477
0.9080472
0.9149682
0.9089749
0.9120668
0.9062272
0.9143666
0.8856865
0.8965668
0.8852559
0.8858686
0.885741
0.8856359
0.9036697
0.9148101
0.9254848
0.9152777
0.7924528
0.9150303
0.9166607
0.9114135
0.9224107
0.8734712
0.8942294
0.8984205
0.9015846
0.8923485
0.8854687
0.8874243
0.8823277
0.8845726
0.8853305
0.8922154
0.8954883
0.8965355
0.8955842
0.8970999
0.8981743
0.9007304
0.8958333
0.9127964
0.9137566
0.8914438
0.8941827
0.9009884
0.9061819
0.8877954
0.9121099
0.9112388
0.8972868
0.8951551
0.895802
0.9151844
0.8981347
0.9179243
0.9141399
0.866475
0.9168568
0.9060975
0.9108625
0.913388
0.8919898
0.8856763
0.9065656
0.9083614
0.9062228
0.9070302
0.9026376
0.9011935
0.9012499
0.9009803
0.9007567
0.9067215
0.8989942
0.8983552
0.9466658
0.9120824
0.9120256
0.8968384
0.9093825
0.9072111
0.9236942
0.9239908
0.915562
0.9114745
0.9233738
0.9269213
0.9219
0.925131
0.9228719
0.9266487
0.9255172
0.9254346
0.9221233
0.9243111
0.9231426
0.9165524
0.7914528
0.7914528
0.9174002
0.9160249
0.9160127
0.9143401
0.9119417
0.9122944
0.9170714
0.9154612
0.8902186
0.9096364
0.89221
0.8938321
0.8913377
0.8921604
0.9158493
0.9275201
0.9320565
0.9257666
0.8305454
0.9220251
0.9261247
0.9160783
0.9258729
0.8829913
0.894147
0.9034581
0.9061422
0.8918462
0.8927581
0.897983
0.8886762
0.8950388
0.8948653
0.8977553
0.916817
0.916268
0.9157016
0.907384
0.9060178
0.9127292
0.9117945
0.9125988
0.9270488
0.8895
0.8948516
0.9037958
0.9149236
0.8917831
0.9194412
0.921951
0.9185291
0.9171961
0.914337
0.9188452
0.9160809
0.9249412
0.9183379
0.8822252
0.9213933
0.9072658
0.9138316
0.9233622
0.895271
0.8937924
0.9045263
0.9093602
0.9126495
0.9049587
0.8997668
0.8987141
0.9001693
0.8990861
0.9060417
0.9062029
0.9049155
0.8996078
0.9399363
0.9188217
0.909621
0.9018338
0.9114432
0.9093012
0.9306979
0.9312285
0.9215882
0.9223183
0.9288747
0.9298117
0.9306687
0.9307153
0.9303053
0.9306979
0.9284356
0.9314644
0.9308247
0.9280244
0.9288886
0.9210178
0.7821763
0.7821763
0.921713
0.9245807
0.9205059
0.9248089
0.9183759
0.9219655
0.924816
0.9229083
0.8973326
0.9214799
0.8939066
0.8900185
0.8950366
0.8944492
0.923498
0.9322484
0.9350044
0.9307562
0.830421
0.9270406
0.932355
0.9199415
0.9351728
0.8893591
0.8980603
0.9015125
0.9084712
0.8997599
0.8969421
0.8995892
0.8943192
0.9039578
0.8996636
0.9037269
0.9159089
0.9152842
0.9157917
0.9136156
0.9129063
0.9135591
0.9148551
0.9203306
0.9294151
0.8987795
0.8981409
0.9073853
0.9223931
0.9014169
0.9244965
0.9228296
0.9195655
0.9175118
0.918567
0.9219563
0.9220256
0.9225721
0.9207829
0.8840095
0.9272132
0.9182578
0.9201977
0.9267314
0.8964773
0.8801466
0.9010997
0.9108265
0.9011587
0.8951459
0.8932693
0.8925987
0.8954664
0.8930629
0.8964548
0.9027389
0.8972086
0.8863636
0.9442257
0.9112703
0.9061579
0.8926628
0.9043545
0.9042773
0.9172045
0.9138254
0.9065526
0.9057711
0.9154288
0.9174613
0.9154181
0.9147523
0.9169507
0.9154037
0.9169928
0.9146241
0.9147764
0.9154389
0.9140541
0.9107137
0.7286389
0.7286389
0.9105168
0.9078171
0.9100606
0.909979
0.9057837
0.9060681
0.9075707
0.9076288
0.887051
0.9000546
0.8838107
0.8803515
0.8846999
0.8859997
0.9057373
0.916096
0.9211041
0.9162978
0.7991632
0.9104542
0.9138852
0.9032822
0.9166848
0.8706054
0.8884128
0.8942643
0.902617
0.8906615
0.8818949
0.880533
0.8774711
0.885575
0.8830936
0.8899676
0.9064931
0.9072553
0.9066983
0.9001678
0.8981321
0.9030912
0.9033769
0.9090491
0.916616
0.8888809
0.8876287
0.8971969
0.9035489
0.8914964
0.9136595
0.9114932
0.9080942
0.9070842
0.9058994
0.9113356
0.9028422
0.9184278
0.9130379
0.8666986
0.9155078
0.9038178
0.9045717
0.9210765
0.8896393
0.8820455
0.9017545
0.9063813
0.9034693
0.9001903
0.8989029
0.8964974
0.8971471
0.8941109
0.8976046
0.901958
0.8943942
0.8934202
0.9485319
0.9097507
0.9061641
0.8896522
0.9058062
0.9009281
0.9148177
0.9154554
0.9100598
0.9054647
0.9132912
0.916135
0.9154843
0.9152853
0.9150308
0.913348
0.9125628
0.9104419
0.9164054
0.9120657
0.9155666
0.9063348
0.7969784
0.7969784
0.9067921
0.9137509
0.9061255
0.911157
0.9041506
0.9093148
0.897435
0.9085727
0.8851264
0.8939572
0.8825147
0.8847861
0.8826422
0.8839845
0.9036612
0.9147037
0.9195644
0.9135508
0.743224
0.9070581
0.9106602
0.9101794
0.9114146
0.8641376
0.8931728
0.8970857
0.9033482
0.8907125
0.8753044
0.8843484
0.8763206
0.8798613
0.8769926
0.8874402
0.9038614
0.9034411
0.9038225
0.8984941
0.8974607
0.9025645
0.8982071
0.9036179
0.9121215
0.8897325
0.8892825
0.9013194
0.9024478
0.8871612
0.9110031
0.9102415
0.9071143
0.904057
0.902431
0.9082227
0.9024027
0.9182364
0.9150943
0.8583116
0.9099335
0.8985025
0.9049626
0.9200593
0.8871649
0.8723053
0.8985296
0.9088049
0.8987158
0.8945311
0.8909951
0.8873892
0.8899798
0.8914304
0.8960071
0.8999321
0.8964826
0.8888451
0.9508742
0.9098231
0.9111805
0.8911469
0.9041091
0.9048004
0.9107791
0.9093159
0.9032877
0.8976446
0.9053697
0.9086203
0.9092362
0.9099148
0.9101633
0.9080612
0.9101213
0.9059121
0.9117444
0.9042677
0.9082763
0.9028247
0.7891571
0.7891571
0.8982027
0.9074293
0.899377
0.9037681
0.8983386
0.9030283
0.892767
0.9041809
0.8827393
0.888137
0.8813695
0.8867202
0.8823508
0.8828043
0.8969677
0.9118181
0.9166068
0.9121252
0.7314434
0.903844
0.9053985
0.8986781
0.9080185
0.8652422
0.8864147
0.8915658
0.8990978
0.8883979
0.8732605
0.8818445
0.8747872
0.8778532
0.8769671
0.8870887
0.9016583
0.9034593
0.9059832
0.8932233
0.8976809
0.9017104
0.8998415
0.9012005
0.9096076
0.8862735
0.8838319
0.8954058
0.8971019
0.8821631
0.9087303
0.9078017
0.905151
0.9068832
0.9056921
0.9036089
0.8996088
0.9187478
0.9166882
0.8564329
0.9079177
0.8923291
0.8977789
0.9222024
0.8853154
0.8736668
0.9021863
0.9061778
0.901931
0.8894775
0.8902735
0.8876637
0.8863513
0.8870921
0.890005
0.9004295
0.8969738
0.8851549
0.9495359
0.9091339
0.9097703
0.8886596
0.9096491
0.9025949
0.909842
0.9080115
0.9039064
0.897982
0.904846
0.9094602
0.9085706
0.9071462
0.9077114
0.9049987
0.9063894
0.905199
0.9073066
0.9016177
0.9095188
0.901472
0.7892476
0.7892476
0.8967032
0.9005341
0.8961134
0.8995625
0.8973656
0.8981686
0.8863466
0.8994254
0.8828003
0.8842834
0.8814677
0.8773937
0.8803338
0.882295
0.8984256
0.9117574
0.9153477
0.9078777
0.7653577
0.8984972
0.9050395
0.899733
0.9041086
0.8602908
0.8853503
0.8903846
0.9038638
0.888869
0.8658213
0.8818218
0.8771923
0.8785543
0.8722985
0.8892356
0.901409
0.9018603
0.9023219
0.8918348
0.8921694
0.8988515
0.8961656
0.9050841
0.9079937
0.8822668
0.8798035
0.8975473
0.8959582
0.8838459
0.9113292
0.9024495
0.9055107
0.9028637
0.9028813
0.9038792
0.8967621
0.9168664
0.9143563
0.8603114
0.9051924
0.890268
0.894786
0.9205285
0.8846937
0.8680859
0.8972216
0.9070545
0.8986676
0.8916559
0.8893005
0.8872896
0.8920611
0.8914294
0.8881344
0.9027226
0.8893917
0.8828001
0.9495892
0.9059359
0.9051891
0.8841994
0.901577
0.9017554
0.9045578
0.9045486
0.8995313
0.8938696
0.9030055
0.9060689
0.9044355
0.906411
0.9067769
0.9011304
0.9035609
0.9021466
0.9056874
0.8999376
0.9072297
0.9002135
0.7809668
0.7809668
0.8946985
0.9011815
0.8927643
0.8992936
0.8932511
0.8982965
0.8778303
0.8995548
0.8744951
0.8757605
0.8728898
0.8771191
0.8726985
0.8743377
0.8927202
0.9042986
0.9100312
0.9043092
0.7464064
0.8933071
0.8989502
0.8925388
0.8982906
0.856493
0.8813801
0.8917234
0.9014714
0.8876674
0.8627916
0.8779705
0.8668401
0.8727393
0.8702374
0.880013
0.8993404
0.8986676
0.8986027
0.8909234
0.891195
0.8936081
0.889149
0.8944776
0.9055075
0.8805641
0.8782139
0.8939047
0.8918909
0.882203
0.8990131
0.9000971
0.9025564
0.9036881
0.9007552
0.8952074
0.8886664
0.9153192
0.9144234
0.8532179
0.9022254
0.885537
0.8922344
0.9200584
0.8820307
0.8802835
0.8969087
0.9112064
0.9006336
0.8967906
0.8965986
0.8945426
0.8957879
0.895992
0.9011813
0.8957805
0.895365
0.8900468
0.9413595
0.9107203
0.9158296
0.890474
0.9075367
0.8991691
0.9039427
0.9051294
0.9065411
0.901413
0.9044048
0.900952
0.9045385
0.9052681
0.9052723
0.907424
0.9020716
0.8998804
0.903227
0.8968213
0.9038854
0.9047517
0.8136973
0.8136973
0.8946779
0.9098282
0.8966453
0.9095474
0.9053809
0.9064468
0.8895198
0.9077751
0.8832972
0.8868391
0.8800276
0.8838444
0.8801174
0.8824318
0.8958763
0.8977808
0.9175726
0.9025617
0.7845664
0.9032046
0.9019359
0.9020078
0.9060023
0.8713435
0.8924001
0.8935254
0.8988043
0.8916785
0.8774119
0.8796591
0.874115
0.8755029
0.8723327
0.881994
0.8920316
0.8928415
0.8947809
0.8896887
0.8904201
0.8997938
0.8969378
0.9089652
0.9035769
0.8868595
0.8887844
0.8981652
0.8981592
0.8868251
0.904578
0.9060848
0.8911595
0.8892222
0.8867296
0.9068065
0.88857
0.9187381
0.9107832
0.8566428
0.9066269
0.8988359
0.9062224
0.9116778
0.8870287
0.8910796
0.9052316
0.9123039
0.9123745
0.9063834
0.9020327
0.9018723
0.9025086
0.8984381
0.9026843
0.9080601
0.9032791
0.8985019
0.9444463
0.916956
0.9117846
0.9006102
0.9064783
0.9107161
0.9288958
0.9284429
0.9197224
0.9145808
0.9269392
0.9291024
0.9301843
0.9279733
0.9291422
0.9276183
0.9293815
0.927169
0.9283774
0.9262898
0.9285135
0.9205236
0.7832599
0.7832599
0.9205022
0.9187168
0.9220884
0.9180345
0.9129125
0.9157122
0.9175742
0.918575
0.8935098
0.9152929
0.8930512
0.8930561
0.8930472
0.8933182
0.9192333
0.932549
0.9322223
0.9299816
0.8221627
0.9252154
0.9292529
0.916346
0.9290084
0.8852764
0.898619
0.9066528
0.9090217
0.8926393
0.8935552
0.8958781
0.8916796
0.8986567
0.8960372
0.9002168
0.9166255
0.9174923
0.9161272
0.9096557
0.9099131
0.9132555
0.9089467
0.9192735
0.9290803
0.89801
0.8979577
0.9084882
0.9179719
0.8998062
0.923642
0.9176577
0.9183681
0.9200513
0.916631
0.9161955
0.9191948
0.9213943
0.920916
0.8854534
0.9237262
0.913424
0.9175712
0.925627
0.8940976
0.8964727
0.9139477
0.9157246
0.9105873
0.9118887
0.9110467
0.9092612
0.9090459
0.9051755
0.9090055
0.9067407
0.9080314
0.9008586
0.9343476
0.9164135
0.9221606
0.9048615
0.91341
0.9084532
0.9176242
0.9147516
0.9181266
0.9143665
0.9160847
0.9119646
0.9179386
0.9144275
0.9156561
0.9177728
0.9184626
0.9101708
0.9141764
0.9141799
0.9165436
0.9152062
0.8599513
0.8599513
0.9043678
0.9196476
0.9056983
0.9208273
0.9135275
0.9131177
0.9053871
0.9169082
0.9015892
0.8986094
0.9003133
0.8952429
0.8998719
0.901297
0.904924
0.9093367
0.9273719
0.911617
0.8545037
0.9139023
0.9143001
0.9155741
0.9178942
0.8864995
0.9059926
0.9052209
0.9034693
0.9029681
0.8945583
0.8925652
0.891717
0.8889406
0.8934814
0.8948712
0.8967567
0.8970044
0.8966157
0.897499
0.899631
0.906505
0.9060792
0.9178887
0.9128277
0.9038462
0.9028125
0.9123862
0.9038696
0.9010907
0.9113888
0.9120895
0.8999343
0.8982665
0.8975299
0.9161881
0.8980448
0.9229158
0.9183437
0.8727933
0.9167164
0.9061742
0.9114811
0.9160778
0.9019503
0.8960336
0.9101319
0.9131829
0.9092108
0.907817
0.9016573
0.9008744
0.9016306
0.9020986
0.9028522
0.9069024
0.903103
0.896796
0.9377866
0.9149968
0.911124
0.9029092
0.9127431
0.9050701
0.9262629
0.9265629
0.9204624
0.918128
0.925041
0.9220338
0.9244413
0.9270068
0.9287102
0.9258005
0.9266738
0.9251469
0.9263068
0.9269472
0.9279263
0.916573
0.8307768
0.8307768
0.9220474
0.9231226
0.9204573
0.9218067
0.9150182
0.9210914
0.9161179
0.9208721
0.8983201
0.9133686
0.8958681
0.8951258
0.8971923
0.8980607
0.9135336
0.926002
0.9337113
0.9216739
0.7946802
0.925569
0.9279171
0.9183395
0.9323824
0.8845975
0.9039556
0.9041729
0.9043384
0.8938292
0.8920467
0.898055
0.8973494
0.8961677
0.900109
0.8983307
0.9106749
0.9092594
0.9126348
0.9065377
0.9088048
0.9115759
0.9103821
0.9214477
0.9261913
0.9001281
0.8982332
0.906309
0.915977
0.8970051
0.923907
0.9215932
0.9107374
0.9129276
0.9102952
0.9189774
0.9134289
0.921318
0.9145675
0.8783754
0.9242908
0.9132079
0.921608
0.9216132
0.8963274
0.8836129
0.9057303
0.9048372
0.9029838
0.9040226
0.900351
0.8983574
0.897789
0.8966986
0.9017232
0.9046865
0.8977965
0.8907551
0.9428936
0.9141451
0.9105097
0.8983375
0.9064077
0.905886
0.9196225
0.923561
0.9170659
0.9118972
0.9218253
0.9222383
0.9252552
0.9234831
0.9238957
0.9215212
0.9219906
0.9204521
0.9228827
0.9221277
0.9232876
0.9163592
0.7662039
0.7662039
0.9138047
0.9157558
0.9156656
0.9155232
0.9130893
0.9135624
0.9114724
0.9133958
0.8924118
0.9101087
0.890408
0.8840455
0.8918688
0.8913067
0.9075666
0.9144878
0.9312921
0.9210065
0.8053104
0.921479
0.9238358
0.9134443
0.9252855
0.878789
0.8953049
0.9025502
0.9020964
0.8911613
0.8937575
0.8899634
0.8821622
0.8913267
0.8912758
0.8929416
0.9060626
0.9057272
0.9063831
0.9011488
0.9011486
0.9024324
0.9024183
0.9147713
0.9209108
0.8934145
0.8918977
0.9029347
0.9106606
0.8898242
0.9219443
0.9153502
0.9077317
0.9094488
0.9061777
0.9162291
0.9089996
0.9204829
0.9169819
0.8713117
0.9202228
0.9119016
0.9137552
0.9242161
0.8898741
0.8808005
0.9024571
0.9062621
0.9043935
0.8980692
0.8945409
0.8923645
0.8955885
0.8934626
0.8974269
0.8998188
0.897173
0.8935241
0.9444407
0.9120383
0.9122029
0.8959069
0.907663
0.9045871
0.920459
0.9194364
0.913822
0.9081426
0.9217448
0.9184686
0.9170553
0.9218756
0.9215189
0.9153299
0.9178505
0.9144723
0.9188278
0.9164518
0.9206304
0.9125306
0.74417
0.74417
0.9085014
0.916796
0.906514
0.9133791
0.907766
0.9102747
0.9090446
0.916193
0.8854921
0.9007781
0.8856639
0.8877954
0.885266
0.886566
0.9054668
0.9189988
0.9281221
0.9128365
0.7969338
0.9183718
0.9187723
0.910708
0.923246
0.8735678
0.8939128
0.90077
0.9029283
0.8877146
0.8864754
0.8878672
0.8793283
0.8905899
0.8858554
0.8893001
0.903075
0.9024566
0.9011708
0.8992105
0.9021491
0.9038442
0.9003359
0.9120553
0.9170451
0.8900869
0.8921145
0.901327
0.9062132
0.8871611
0.9109892
0.9108824
0.9061583
0.9042984
0.9026362
0.9142153
0.9018904
0.9196576
0.9141631
0.8699916
0.9175254
0.9023935
0.9116552
0.9163095
0.8862424
0.8870915
0.9052576
0.9104813
0.9002921
0.9008765
0.8998359
0.8987333
0.8967046
0.8965135
0.9009183
0.902297
0.8952558
0.8898601
0.9369293
0.9131294
0.9134261
0.894377
0.91053
0.8999895
0.9177586
0.9194081
0.9164046
0.9123478
0.9166516
0.9145983
0.9198179
0.9197681
0.9211082
0.9199689
0.9188685
0.9202631
0.919148
0.9174282
0.9196352
0.9128383
0.7601267
0.7601267
0.9083771
0.9135011
0.9095134
0.9162628
0.9159969
0.9108911
0.9103483
0.9144709
0.8892923
0.9050642
0.8890647
0.8858698
0.8891044
0.8887287
0.9079573
0.9123355
0.926665
0.9174195
0.8023607
0.9149805
0.918859
0.9169695
0.9252414
0.8746906
0.8966924
0.9005961
0.901407
0.8968044
0.8905013
0.8855491
0.8811224
0.8863335
0.8858904
0.8906845
0.8964992
0.8963466
0.896558
0.8971852
0.8985527
0.9055527
0.9036277
0.9128991
0.9194897
0.8939241
0.8941519
0.9041224
0.9081145
0.8890764
0.9163659
0.911609
0.9000767
0.895897
0.8972291
0.9150212
0.9075494
0.9214877
0.9143753
0.8687535
0.9198837
0.9104049
0.9153927
0.9168271
0.8884446
0.8830696
0.901781
0.9087407
0.8999753
0.9033134
0.9006942
0.8990763
0.900354
0.8996496
0.8982794
0.8954897
0.896774
0.8917605
0.9355642
0.9108994
0.9163594
0.8925192
0.9075604
0.8982715
0.9160201
0.9179511
0.9136367
0.9067924
0.9140653
0.9096597
0.9166486
0.9193288
0.9189257
0.9161924
0.9170186
0.9149096
0.9159284
0.9151437
0.9163413
0.9134581
0.7665973
0.7665973
0.9054598
0.9153559
0.9061656
0.9130342
0.9126238
0.9103784
0.9047776
0.9113432
0.8888047
0.9011547
0.8876924
0.8830632
0.8893375
0.8896437
0.903378
0.9083307
0.9269455
0.9143876
0.8002412
0.9170709
0.9128756
0.9089093
0.9215444
0.8716625
0.8922156
0.8934264
0.8951647
0.8924388
0.8912965
0.8844433
0.875579
0.8827355
0.880961
0.885947
0.891236
0.8903859
0.8920919
0.8904506
0.8920308
0.9016106
0.9007644
0.9121674
0.9128081
0.8916522
0.894921
0.8963865
0.9037397
0.8882678
0.9143562
0.9110654
0.8950895
0.8957925
0.8962775
0.9150683
0.9017913
0.9156464
0.9136063
0.8651044
0.9157549
0.9079804
0.9129929
0.9103404
0.8894788
0.9001869
0.9138957
0.9153694
0.9084909
0.9099871
0.9108756
0.9099517
0.9065968
0.9075884
0.9096394
0.9044621
0.9051567
0.8955599
0.9362422
0.9178349
0.9237065
0.907942
0.9186757
0.9074313
0.9168329
0.9154037
0.9201989
0.914916
0.917258
0.9087506
0.9157143
0.9175083
0.919167
0.9151813
0.918893
0.9124595
0.9148132
0.9148143
0.9134648
0.9148719
0.8504698
0.8504698
0.9067068
0.9226354
0.9072302
0.9197884
0.915471
0.9151418
0.9091113
0.9179573
0.9006359
0.8997752
0.9002889
0.8981953
0.8997551
0.9002125
0.903491
0.9072399
0.9306428
0.9120574
0.8326165
0.9221431
0.9156964
0.9148959
0.9245283
0.8863855
0.9032022
0.9084182
0.9069968
0.9076515
0.8985788
0.895368
0.8900424
0.8953505
0.8954129
0.8944185
0.8958939
0.8963126
0.8966947
0.897785
0.9021728
0.9092784
0.9039008
0.9207104
0.9112945
0.8979404
0.9034586
0.903477
0.905392
0.8975879
0.9115031
0.9118681
0.893837
0.8892103
0.8887623
0.9206875
0.8984524
0.9254115
0.9165813
0.8798606
0.9184953
0.9106296
0.9169214
0.9134442
0.9010462
0.868767
0.900258
0.9031835
0.8982256
0.8887742
0.8898375
0.8866794
0.8873422
0.8874356
0.8919721
0.8985316
0.8927497
0.8855884
0.9478337
0.9087027
0.908243
0.8894324
0.9025761
0.9044115
0.9105174
0.9105991
0.900486
0.8994409
0.9119645
0.9103322
0.9111087
0.911858
0.9127752
0.9088248
0.9115956
0.9081853
0.9107699
0.9092518
0.9113814
0.8983276
0.5497935
0.5497935
0.8956723
0.90382
0.8998268
0.9027449
0.8992229
0.9002267
0.8937445
0.9022538
0.8769997
0.8871634
0.8750455
0.8758412
0.8752229
0.8756611
0.8983411
0.915103
0.9179953
0.9110873
0.7753672
0.9050016
0.9065394
0.8980603
0.9072418
0.8610231
0.8866724
0.8910551
0.8966992
0.8850018
0.8666374
0.881392
0.8717466
0.8784253
0.8754705
0.8840325
0.9026536
0.9021123
0.9048289
0.8958706
0.8964114
0.9001305
0.898452
0.8958438
0.9105688
0.8843891
0.8836136
0.8967789
0.8990281
0.8812633
0.9075167
0.9013256
0.9072105
0.9056741
0.902569
0.9055973
0.8953952
0.9171299
0.9115922
0.8606256
0.9077474
0.8935073
0.8971679
0.917044
0.8884685
0.8824018
0.9055633
0.9094634
0.9031582
0.8969554
0.8954686
0.8948794
0.8972554
0.8972218
0.8969368
0.897324
0.8949109
0.8902495
0.9397197
0.9093858
0.9113545
0.8927336
0.9085477
0.8997445
0.9154884
0.9149173
0.9151811
0.908506
0.9172181
0.9136213
0.9159568
0.9163779
0.9170182
0.9174241
0.9171765
0.9195016
0.9172992
0.9133765
0.9179401
0.9150225
0.8244532
0.8244532
0.9072744
0.9140732
0.9070033
0.9143361
0.9122047
0.909549
0.9111111
0.9146934
0.8950608
0.9040754
0.8941688
0.8879582
0.893179
0.8936094
0.9044765
0.9158602
0.9243983
0.9160225
0.8294436
0.9145416
0.9206349
0.9096758
0.924757
0.8807594
0.8921558
0.9029529
0.9022701
0.8945575
0.8895036
0.8936706
0.886488
0.8893993
0.8897853
0.8884708
0.9010594
0.899964
0.9016057
0.8954055
0.8943344
0.9042089
0.9029245
0.9110243
0.9158728
0.8857576
0.8867149
0.8974803
0.9069354
0.8919661
0.9166144
0.9145509
0.9043208
0.9019337
0.8999163
0.9097705
0.9082051
0.9165922
0.9144392
0.8789177
0.9206786
0.9074876
0.9137515
0.9145466
0.8915064
0.8671388
0.8945905
0.9038694
0.8985071
0.8907743
0.8893789
0.8881417
0.8867938
0.8875316
0.8906638
0.8910485
0.8901095
0.8830692
0.9427826
0.9040845
0.9054581
0.8859976
0.9002105
0.897659
0.9092197
0.9117145
0.9045948
0.8977895
0.9078769
0.9088014
0.9113947
0.9105299
0.9121994
0.9112445
0.9108958
0.9092089
0.9109763
0.9085437
0.9102047
0.9090032
0.8249161
0.8249161
0.8988654
0.9069443
0.8973661
0.909393
0.8999067
0.9054564
0.8940675
0.9066762
0.8807386
0.894704
0.8783429
0.8767638
0.877904
0.8794939
0.8993458
0.9125761
0.9205424
0.9100834
0.8143335
0.9096607
0.9110388
0.9023007
0.9073598
0.861377
0.8858376
0.8939077
0.8921478
0.8796453
0.8739097
0.8747544
0.8699084
0.8751091
0.8694573
0.8804571
0.8930682
0.8929511
0.8931577
0.8898573
0.893268
0.89638
0.8906532
0.9058118
0.9119931
0.8779773
0.8809263
0.8891314
0.9000325
0.8863924
0.9046028
0.9045158
0.8997178
0.8986111
0.8986407
0.9000933
0.8974584
0.9107441
0.9143894
0.8474717
0.9087551
0.893975
0.8984741
0.9169971
0.8846572
0.8842381
0.9019292
0.909802
0.9078135
0.8991847
0.8990253
0.896444
0.8974404
0.8962729
0.8983122
0.9026349
0.903077
0.8948741
0.9439684
0.9161419
0.9108652
0.8979108
0.9065875
0.9070542
0.9210143
0.922954
0.9148604
0.9080038
0.9212548
0.9211392
0.9259416
0.9242113
0.9220286
0.9213023
0.9223422
0.9229307
0.9231179
0.9224779
0.9243241
0.9146221
0.8467121
0.8467121
0.9162681
0.9165702
0.9159113
0.9142807
0.9112376
0.9131217
0.9094097
0.918476
0.8890633
0.9086864
0.8891942
0.8901913
0.8883616
0.8894171
0.9142958
0.922645
0.9288472
0.9238808
0.8486818
0.9215253
0.9220513
0.9118196
0.9260556
0.8789405
0.8926725
0.9006752
0.9055304
0.8948254
0.8909349
0.8948038
0.8900862
0.8950604
0.8907384
0.8996636
0.9076507
0.9064997
0.9089483
0.9023188
0.9032438
0.9049623
0.9009571
0.9122764
0.9251825
0.8930282
0.8898445
0.9010406
0.9121829
0.8946025
0.9191467
0.9178593
0.9148259
0.9175557
0.9154416
0.9146128
0.9176353
0.9187562
0.915502
0.8789569
0.9183524
0.9116586
0.9119536
0.9239688
0.8885394
0.8723623
0.9047619
0.9045539
0.8981327
0.894293
0.8949037
0.8921551
0.8926138
0.8933007
0.8931485
0.8934877
0.8926708
0.8848758
0.9428145
0.9104241
0.9116436
0.8858769
0.9063373
0.9004768
0.9066258
0.9083352
0.9027096
0.8985194
0.9064632
0.9060161
0.9089321
0.9081855
0.9074782
0.9057567
0.9075532
0.9042958
0.9095412
0.9072236
0.9080896
0.9027918
0.8173362
0.8173362
0.8941211
0.9073623
0.8939659
0.9042091
0.9012279
0.9033514
0.8957183
0.9033221
0.8825624
0.8904692
0.8804166
0.8790032
0.8818892
0.882098
0.8952855
0.9018465
0.9176006
0.9089017
0.8085954
0.9083769
0.9032141
0.8989979
0.9093949
0.8572012
0.8829977
0.8917575
0.8956587
0.8851685
0.8691839
0.8742072
0.8667105
0.8765275
0.8693952
0.8775333
0.890971
0.8896714
0.890036
0.8884983
0.8908559
0.9000483
0.8952711
0.9028977
0.9087117
0.880186
0.879814
0.8997242
0.8979008
0.8815388
0.9058334
0.9015208
0.8950317
0.8938125
0.8958956
0.9042047
0.8929268
0.9143721
0.9147038
0.849763
0.9078128
0.8959558
0.900025
0.9168873
0.8867179
0.8685215
0.8986097
0.9057623
0.8992603
0.8919207
0.8919035
0.8908333
0.889736
0.8919772
0.8943064
0.8963167
0.8928188
0.8867385
0.9468039
0.9112095
0.9088605
0.8899429
0.9002972
0.9033965
0.9143413
0.9140774
0.902534
0.9031982
0.9111523
0.9161265
0.9118348
0.9112874
0.9095283
0.9133416
0.9122034
0.9109844
0.9122845
0.9119035
0.9144238
0.9044572
0.8093423
0.8093423
0.9052255
0.9110827
0.9051823
0.9079309
0.9018425
0.9061908
0.8960991
0.9071301
0.8765087
0.8944111
0.8763955
0.8760042
0.8756317
0.8768889
0.9037013
0.9171493
0.9162283
0.9148944
0.8002558
0.9059813
0.9094383
0.899351
0.9113698
0.8603597
0.8891932
0.8903397
0.8935213
0.8798111
0.8703217
0.878032
0.868966
0.8726395
0.8701167
0.8802989
0.9029539
0.9013037
0.9017615
0.8968273
0.8999934
0.8988312
0.9017618
0.9030327
0.9128981
0.8806046
0.8823508
0.8938378
0.9033934
0.8834801
0.9127592
0.9077293
0.9112982
0.9114126
0.9099866
0.9047229
0.8998471
0.9156098
0.9177081
0.8592381
0.9113151
0.8966727
0.8983727
0.9222988
0.8868972
0.8720597
0.9034563
0.9085571
0.8982259
0.8947817
0.895199
0.8938085
0.8949809
0.8930397
0.8975816
0.8962427
0.8956278
0.8929069
0.9470201
0.9106529
0.9121742
0.8908402
0.9089389
0.9040884
0.90276
0.9029884
0.9033851
0.8984156
0.8983564
0.9055905
0.9018739
0.9016921
0.9010474
0.9043506
0.90405
0.9025585
0.9038856
0.9022485
0.904546
0.9065792
0.8283789
0.8283789
0.9029039
0.9069035
0.899634
0.9056367
0.9015176
0.9032456
0.8937268
0.9058904
0.8846112
0.8860056
0.8825153
0.8774751
0.8836155
0.885206
0.8938568
0.90611
0.9161274
0.9074619
0.8259992
0.902738
0.9031471
0.9009531
0.8986872
0.8678288
0.8888044
0.8911461
0.896811
0.8908218
0.8740048
0.8787692
0.8725444
0.8759002
0.8758308
0.8831342
0.901558
0.9004139
0.9024691
0.8936878
0.8920663
0.9007444
0.8997068
0.9039308
0.9065814
0.8865274
0.8793059
0.8989313
0.8946375
0.8888248
0.9077851
0.9033387
0.9032105
0.9009934
0.9015402
0.9016241
0.9008331
0.9148315
0.9125236
0.8583053
0.9044713
0.8993822
0.900432
0.9172601
0.8886317
0.8819023
0.902767
0.9111943
0.9017054
0.9023639
0.9009198
0.900252
0.89757
0.8972225
0.901863
0.8981077
0.9009347
0.8937805
0.9350566
0.9124921
0.9136256
0.8963554
0.9078424
0.9032833
0.9194959
0.9195937
0.9153511
0.913555
0.9162253
0.9178185
0.9171409
0.9191426
0.919553
0.9191987
0.919288
0.9148724
0.9183286
0.913861
0.9183498
0.9178656
0.8345726
0.8345726
0.9102719
0.9198077
0.9095053
0.9195418
0.9134077
0.9187799
0.9105738
0.9177658
0.8906334
0.9049942
0.8886579
0.8906524
0.8895328
0.8911494
0.907683
0.9194579
0.930895
0.9178396
0.8209731
0.9174058
0.919546
0.9142233
0.9240525
0.8735119
0.899559
0.8994685
0.8978767
0.8969995
0.8886624
0.8854741
0.8796621
0.8904202
0.8878395
0.8847772
0.8999568
0.9006408
0.8982358
0.8977036
0.9001523
0.905634
0.9011688
0.9157016
0.9252204
0.8920297
0.8943617
0.9052294
0.9062066
0.8887497
0.914817
0.913045
0.9028584
0.8988485
0.9018795
0.9165527
0.90806
0.919845
0.9175923
0.8597471
0.9186668
0.9093289
0.9124755
0.9166106
0.8909455
0.8724033
0.89863
0.9043015
0.9053978
0.8932083
0.8957395
0.8929735
0.8908889
0.8928827
0.8960829
0.8994388
0.8995739
0.8888849
0.9415118
0.910914
0.902973
0.893156
0.9027642
0.9031773
0.9118283
0.9119515
0.905562
0.8974754
0.9135123
0.9178918
0.9144891
0.914058
0.9142703
0.9110937
0.9138415
0.9130807
0.9129839
0.9143954
0.9130435
0.908477
0.830937
0.830937
0.907068
0.9074779
0.9043266
0.9038386
0.9015043
0.9060012
0.9067852
0.9051472
0.8817263
0.8971816
0.8795512
0.8786332
0.8792361
0.8805738
0.9040258
0.9149537
0.9206473
0.9185238
0.8305238
0.9136885
0.9086916
0.9007077
0.9124345
0.8674562
0.883894
0.8960683
0.8991171
0.8849243
0.8719599
0.87866
0.874018
0.881348
0.8771177
0.8853512
0.9053274
0.9061289
0.90667
0.8966272
0.8971571
0.9035531
0.8999692
0.9021464
0.9175508
0.8799694
0.8787438
0.8940598
0.9023447
0.8882155
0.9110713
0.9092353
0.9127836
0.9115262
0.9106936
0.903134
0.9066585
0.9177252
0.9164038
0.8635927
0.9148286
0.8981776
0.9034985
0.9235743
0.8836865
0.8809412
0.9050613
0.9119215
0.9037626
0.9037302
0.9018743
0.8994837
0.8945825
0.8958921
0.9027254
0.8973327
0.8976257
0.8942512
0.9400791
0.9134053
0.9110739
0.8971086
0.9108199
0.9020364
0.9204834
0.9192669
0.9169137
0.9098671
0.920023
0.9217249
0.9211824
0.9214385
0.9213507
0.9205527
0.9209331
0.9182403
0.9193172
0.91988
0.9205775
0.9150523
0.8380559
0.8380559
0.9088739
0.9196397
0.9086849
0.9151314
0.9143723
0.9121554
0.9089884
0.9167519
0.8907846
0.9061697
0.8881262
0.8874555
0.8899204
0.8904257
0.9092723
0.9195932
0.9315083
0.918469
0.8328689
0.9172667
0.9203764
0.912619
0.9203137
0.8765692
0.8962274
0.8998669
0.8953948
0.8895853
0.8924604
0.8849742
0.8869364
0.8919545
0.8919814
0.8929053
0.8986601
0.8993063
0.9004376
0.9002283
0.9043102
0.9042771
0.8997908
0.9155613
0.9226171
0.8946121
0.8928122
0.9025648
0.9104743
0.8882988
0.916308
0.9145026
0.9072505
0.9072694
0.9044537
0.916186
0.9095495
0.9194208
0.9160384
0.865676
0.9181936
0.9090209
0.9128238
0.9176106
0.8904606
0.8658163
0.8968333
0.9042086
0.894093
0.8880168
0.8917138
0.8877978
0.8829394
0.8846126
0.8905979
0.8914589
0.8896443
0.8833363
0.9427798
0.910228
0.9047668
0.8834371
0.8996671
0.8966078
0.9066236
0.9096751
0.9039238
0.9017368
0.908935
0.9129058
0.9115678
0.9088111
0.9079888
0.9128499
0.9096482
0.906632
0.9078249
0.9083668
0.9095497
0.9029192
0.8011344
0.8011344
0.8993005
0.9077088
0.897447
0.9022079
0.9002186
0.9012275
0.8920653
0.9049783
0.8760385
0.8885938
0.8738726
0.869519
0.8749544
0.8767878
0.8965168
0.9104988
0.9189972
0.9074465
0.788454
0.9091637
0.9115261
0.8989002
0.9109396
0.8557871
0.8821349
0.8890466
0.8866988
0.8850722
0.8679729
0.8729535
0.8694247
0.8728582
0.8667421
0.8716768
0.8932382
0.8918692
0.8919522
0.8896821
0.8901538
0.8985497
0.8935059
0.9025932
0.9101217
0.8738527
0.8758333
0.8921448
0.8983625
0.8759145
0.9074212
0.901142
0.9017639
0.9011154
0.9010173
0.9046787
0.8984258
0.916975
0.909989
0.8445684
0.9081169
0.8942968
0.899337
0.9150198
0.880221
0.8796687
0.9038401
0.9057569
0.8991407
0.8996478
0.8954342
0.8955144
0.8939508
0.89625
0.896172
0.8949343
0.8934907
0.8890832
0.938436
0.9121873
0.908518
0.8902614
0.9043524
0.9011973
0.919583
0.9229283
0.9154605
0.9091877
0.9196223
0.9185183
0.9228681
0.9240033
0.9246871
0.9231257
0.920652
0.921529
0.9239402
0.9231783
0.9234621
0.9157649
0.8452003
0.8452003
0.9119164
0.9138517
0.910065
0.9142695
0.9096225
0.9107416
0.9153267
0.9137827
0.8888689
0.9105635
0.88936
0.8802404
0.8867619
0.8886648
0.9104935
0.9196957
0.9290158
0.9208613
0.8390641
0.9232671
0.9188224
0.9107485
0.9272878
0.8762669
0.8873092
0.9007989
0.8993272
0.8920955
0.8907151
0.8865658
0.8813024
0.8885827
0.8869045
0.894005
0.9033443
0.9014979
0.9016382
0.8961551
0.898783
0.9047749
0.9058072
0.9175279
0.9214176
0.8836154
0.8852287
0.8981076
0.9122726
0.8890125
0.9161792
0.9179874
0.9089659
0.9070851
0.9064555
0.9101852
0.9122738
0.9198555
0.9153248
0.8644744
0.9173832
0.9098005
0.911926
0.9166836
0.8864161
0.8748121
0.9017718
0.902721
0.8982895
0.8953166
0.8899096
0.8896759
0.8889331
0.8913482
0.8995876
0.9002108
0.8900386
0.8871246
0.9451605
0.9129485
0.9079672
0.8842651
0.9094961
0.9028781
0.9033873
0.9047793
0.9040721
0.9027479
0.9017897
0.9057755
0.9047862
0.9052789
0.9054429
0.9093222
0.9044365
0.9084477
0.9070311
0.9052317
0.9052128
0.8987908
0.8289323
0.8289323
0.8984044
0.9058322
0.8977821
0.9034984
0.8996873
0.8996241
0.8932591
0.8999603
0.8852815
0.8889957
0.883715
0.8816583
0.8833962
0.8852703
0.8979681
0.9065277
0.9163491
0.9106957
0.8316712
0.9062569
0.9091337
0.9005433
0.9085095
0.8663499
0.8854382
0.8930965
0.8968355
0.8919889
0.8738219
0.8816332
0.8784726
0.8787373
0.8738493
0.8846029
0.8964249
0.8971156
0.8984546
0.8897144
0.8913811
0.9012988
0.8958845
0.9037994
0.90756
0.884928
0.8852877
0.8976081
0.8990567
0.8861565
0.9028292
0.9083929
0.9001797
0.9018274
0.9003561
0.9061596
0.8990886
0.9165511
0.9127242
0.8594339
0.911026
0.8965468
0.9024947
0.9175426
0.8872872
0.8822427
0.9061943
0.9056882
0.9036771
0.8957418
0.8968339
0.8942794
0.8929577
0.8927693
0.8971185
0.9063863
0.8928953
0.8910309
0.948872
0.9120539
0.9063876
0.8919362
0.9059593
0.9053203
0.9074501
0.9048377
0.8996119
0.8985636
0.9070569
0.9093124
0.9059906
0.9052529
0.9056127
0.9082875
0.9046569
0.9020735
0.9050892
0.9067818
0.9076768
0.9025563
0.8383457
0.8383457
0.8992378
0.906189
0.8982692
0.9071079
0.8992491
0.903657
0.891486
0.9062334
0.8804841
0.8897502
0.8811796
0.884084
0.8819914
0.8826411
0.9003041
0.9135015
0.9077773
0.9108465
0.8325269
0.9026446
0.9031688
0.8991156
0.9023409
0.8634603
0.8878166
0.8988372
0.9024075
0.8904196
0.8710625
0.8840901
0.8792839
0.8838357
0.8785509
0.8892944
0.9084851
0.908504
0.9093571
0.893836
0.8971836
0.9034081
0.9017114
0.9009089
0.9087256
0.8883614
0.8875139
0.9054282
0.8999214
0.8900621
0.9058004
0.9039005
0.907147
0.9081537
0.906539
0.8995129
0.8982492
0.9206404
0.9167468
0.8597262
0.9077205
0.8939597
0.8943459
0.921131
0.8915792
0.8840168
0.9082585
0.9084901
0.9098781
0.9044965
0.9012276
0.8990049
0.9006576
0.9000778
0.9031149
0.908731
0.9030986
0.8990481
0.9458294
0.9162717
0.9106652
0.8986728
0.9107818
0.9116062
0.9300081
0.9284603
0.9186775
0.9159428
0.9285537
0.9303607
0.9290728
0.9270822
0.9288209
0.9272981
0.9304572
0.9292862
0.9293029
0.9292123
0.9275834
0.915446
0.7962662
0.7962662
0.9200519
0.9158711
0.9184909
0.9156389
0.9159464
0.9132214
0.9230989
0.9167924
0.896878
0.9144356
0.8957956
0.8936019
0.8955541
0.8977507
0.9178674
0.931613
0.933776
0.9305589
0.8326593
0.9276271
0.9294221
0.9180488
0.9297896
0.8857766
0.895843
0.9030253
0.906313
0.8968171
0.897618
0.8948243
0.8931567
0.8944558
0.8995678
0.8981784
0.9207008
0.9203128
0.9193782
0.9137044
0.9094359
0.915403
0.9130845
0.9171614
0.9275531
0.8931279
0.8950523
0.9060753
0.9180851
0.8976336
0.9250992
0.9238042
0.9201764
0.9219029
0.9192927
0.9203441
0.9190427
0.925397
0.9181937
0.8860372
0.9224284
0.9109629
0.9153469
0.9236333
0.8933466
0.8706811
0.8991813
0.9092346
0.9042553
0.8913336
0.891826
0.8893637
0.8893038
0.8880787
0.8930962
0.8981936
0.8941621
0.8864724
0.9477267
0.9091671
0.9115832
0.8893115
0.9020448
0.9026465
0.9113249
0.9116437
0.9045269
0.9004357
0.9124955
0.9116064
0.9118749
0.9135572
0.9125567
0.9111774
0.909058
0.9093873
0.9122453
0.909906
0.9117552
0.9029861
0.6218416
0.6218416
0.9028886
0.9068237
0.8997588
0.901885
0.9029973
0.899842
0.8959299
0.9024939
0.8784136
0.8903115
0.8769995
0.876609
0.8766855
0.8791209
0.9001365
0.9126942
0.9193462
0.9108369
0.777861
0.9042418
0.9078331
0.8985891
0.9095849
0.863978
0.8858751
0.8924959
0.901828
0.8878965
0.8729934
0.8798804
0.8727679
0.8790587
0.8756271
0.8837259
0.9013141
0.9001768
0.8999566
0.8944759
0.8959159
0.8987442
0.8966868
0.9009407
0.9069365
0.8877452
0.8828989
0.8953379
0.8984482
0.8851451
0.9062743
0.9053403
0.9070837
0.9065057
0.9042082
0.9049327
0.8938043
0.9151917
0.9116449
0.8596459
0.9098959
0.8955324
0.8985183
0.9177053
0.8881898
0.8741622
0.9028588
0.9082238
0.9047234
0.8912386
0.8891699
0.8873306
0.8903986
0.8907291
0.8928925
0.9026013
0.8969279
0.8900969
0.9511433
0.9118339
0.9088568
0.8909647
0.9040349
0.9065293
0.9132148
0.9111724
0.9018111
0.9016452
0.9127793
0.911491
0.9122724
0.9136083
0.9133107
0.9079419
0.9100773
0.911417
0.9130781
0.911515
0.9133348
0.9024346
0.5501481
0.5501481
0.9024145
0.9064512
0.9011342
0.9016429
0.8987433
0.8984361
0.8965071
0.9044581
0.8794357
0.8879119
0.8796088
0.8807216
0.8777834
0.8787592
0.9053365
0.9157861
0.9141018
0.9134759
0.7790831
0.9050892
0.9078566
0.8980922
0.905566
0.8619404
0.8844981
0.8946382
0.9008151
0.8869525
0.8729701
0.8832846
0.8766119
0.8800781
0.8765535
0.8876682
0.9077078
0.9075294
0.9087436
0.8963441
0.90004
0.9039385
0.902305
0.8960693
0.9105491
0.8888405
0.8807621
0.896383
0.9020327
0.8840103
0.9114232
0.9042599
0.9098001
0.9046817
0.9060119
0.9039643
0.8965947
0.9164878
0.9141506
0.8629852
0.9137407
0.894317
0.8970005
0.9208031
0.8910827
0.8842554
0.907508
0.9091963
0.9059769
0.9032993
0.8999893
0.8993984
0.8983576
0.8990287
0.9052415
0.8973264
0.8994991
0.8937356
0.93816
0.9138668
0.913992
0.8972988
0.909566
0.903834
0.9193116
0.9223068
0.9195394
0.9160386
0.9210971
0.9200983
0.9205521
0.9222325
0.9217612
0.9216797
0.9204952
0.9207222
0.9210451
0.9187866
0.9213757
0.9154243
0.7901789
0.7901789
0.9125435
0.9173804
0.9117846
0.9168431
0.9124064
0.9118744
0.9143891
0.916549
0.8910583
0.9062003
0.8893993
0.8876517
0.8896376
0.8900226
0.9086016
0.9180201
0.9287001
0.9196781
0.8210754
0.9188111
0.9232027
0.9166314
0.929697
0.8809119
0.8951154
0.9028573
0.9030957
0.8950965
0.8925741
0.8899879
0.8834316
0.894589
0.8886549
0.8930965
0.8982157
0.8987026
0.8989175
0.899224
0.8996117
0.9096686
0.9029435
0.9217695
0.9173279
0.8938517
0.8954276
0.8996253
0.907513
0.8837301
0.9149681
0.9132698
0.9041862
0.9010274
0.9029699
0.919404
0.9061901
0.9164656
0.9103772
0.8732791
0.9208274
0.9096598
0.9167657
0.9128728
0.8930387
0.8795357
0.8964582
0.900311
0.8939394
0.8970865
0.8919457
0.8928313
0.8886753
0.8875993
0.8910574
0.891969
0.8942232
0.8863415
0.9270952
0.9083215
0.9054704
0.8879985
0.9027544
0.8906747
0.9271939
0.9301501
0.9187623
0.9197889
0.9288261
0.9277556
0.9293128
0.9275616
0.9299764
0.9288335
0.9279182
0.9250241
0.9301984
0.9273859
0.9273785
0.9212523
0.9023352
0.9023352
0.9198122
0.926733
0.9189604
0.9250698
0.9215063
0.9213743
0.924305
0.9255323
0.8789008
0.918105
0.8772694
0.8684705
0.8789616
0.879328
0.9206744
0.9240694
0.929947
0.9255153
0.8979197
0.927924
0.9322167
0.9233623
0.9361167
0.8910083
0.884478
0.9036166
0.901102
0.9029287
0.9023528
0.8964579
0.8906843
0.8988852
0.8940881
0.8930743
0.9010034
0.8998142
0.9010757
0.8985458
0.8978381
0.9068665
0.9049701
0.9242387
0.9236948
0.8817535
0.8857497
0.8933474
0.9209292
0.8803674
0.923468
0.9267164
0.9076665
0.9061628
0.9041644
0.9199576
0.9144408
0.9174369
0.9167911
0.8885163
0.9255931
0.9193875
0.9214399
0.9144279
0.8736444
0.8960717
0.9087379
0.9090466
0.9132723
0.9068116
0.9001164
0.899531
0.9025282
0.9012172
0.9047125
0.909782
0.9051021
0.9016828
0.9408892
0.921256
0.9129613
0.9054111
0.9133288
0.913526
0.9335455
0.9316458
0.9221592
0.9213971
0.9320529
0.9315738
0.9325091
0.9326644
0.9327078
0.9324012
0.9306628
0.9335093
0.9315804
0.9311455
0.931566
0.9224965
0.7908866
0.7908866
0.9250261
0.9261196
0.9241743
0.9256408
0.9204222
0.9222431
0.9276076
0.9245663
0.8974133
0.922447
0.8956337
0.8939957
0.8966016
0.8955515
0.9267259
0.9328767
0.9368534
0.9318331
0.8347237
0.9293948
0.9341069
0.9203715
0.9355863
0.8894099
0.8990356
0.9033731
0.9082359
0.9017832
0.8992335
0.9031288
0.8967243
0.9054445
0.9036174
0.9029596
0.9187851
0.9189275
0.9195143
0.9159534
0.9135293
0.9137642
0.9162929
0.9207213
0.930021
0.9006121
0.8990403
0.9073777
0.9263333
0.9019167
0.9231008
0.9258851
0.9237426
0.9206886
0.9214602
0.9248765
0.9242414
0.924376
0.9200076
0.891316
0.9297999
0.9185363
0.9223348
0.9258866
0.90068
0.8623526
0.8895357
0.8948508
0.8977851
0.8852179
0.8807253
0.878962
0.8780514
0.8796507
0.8873354
0.8927452
0.8880501
0.8824959
0.9442823
0.9113299
0.8984445
0.891052
0.8995195
0.8933714
0.9166279
0.9216644
0.9147425
0.9109089
0.9205706
0.9199247
0.9227185
0.9211705
0.922119
0.9194558
0.9205506
0.9166016
0.9216371
0.9199246
0.9220048
0.9137366
0.8780558
0.8780558
0.9139314
0.919154
0.9149501
0.9142746
0.9111088
0.9135353
0.9138392
0.9167692
0.8780347
0.9068963
0.8778416
0.8656079
0.8775687
0.8782121
0.9106706
0.9246528
0.9285765
0.9240497
0.8748282
0.923269
0.92519
0.9086503
0.9264258
0.8804179
0.8791881
0.8922482
0.893776
0.8850583
0.8847077
0.8829913
0.8847646
0.8831764
0.8838156
0.8874245
0.9029286
0.9023515
0.9035179
0.8964244
0.8944622
0.9033291
0.9022677
0.9145554
0.9193956
0.8738331
0.8830333
0.8970012
0.9106302
0.8801729
0.9208041
0.9165764
0.9106443
0.9095741
0.9092581
0.9103242
0.912444
0.9167182
0.9157083
0.874403
0.921819
0.9096358
0.9120179
0.9231592
0.8754079
0.862483
0.8890664
0.8950898
0.8979821
0.8846277
0.8801633
0.8782772
0.8774469
0.8790078
0.8878891
0.8931039
0.8870188
0.8815408
0.9446736
0.9114781
0.8992435
0.8907389
0.898833
0.8941148
0.9169794
0.9216672
0.9140647
0.910912
0.9211149
0.9203109
0.923066
0.9216334
0.9223902
0.9198763
0.9215917
0.9176033
0.9215246
0.9202731
0.9223533
0.9128578
0.8768841
0.8768841
0.914663
0.9192327
0.9154137
0.9142777
0.9114187
0.9133079
0.9137639
0.9169245
0.8778364
0.9069784
0.8777244
0.8666886
0.8772893
0.8780135
0.9114458
0.9245428
0.9287298
0.9249186
0.873855
0.922503
0.9252307
0.9081127
0.9253512
0.8800591
0.8800434
0.8913166
0.8938967
0.8850624
0.8847918
0.8829955
0.8834574
0.8816992
0.8834209
0.886954
0.9030501
0.902355
0.9031272
0.895946
0.8947963
0.9034445
0.9031313
0.9146727
0.9194368
0.8748634
0.8836428
0.8971577
0.9118282
0.8800965
0.9210691
0.9166172
0.910765
0.9100108
0.9093007
0.9102889
0.9131477
0.9161253
0.915014
0.8742434
0.9219342
0.9092208
0.9119068
0.9234496
0.8749637
0.8611969
0.8891926
0.8951756
0.897254
0.8852302
0.8804956
0.8786104
0.8767242
0.8788546
0.8875829
0.8930327
0.8875049
0.8817093
0.9442525
0.9110844
0.8998557
0.8910636
0.8992618
0.8940444
0.9168305
0.9215574
0.9139193
0.9109567
0.9205405
0.9199716
0.9229183
0.921409
0.9220507
0.9194263
0.9206361
0.9176858
0.9212994
0.9203172
0.9223204
0.9137074
0.8775422
0.8775422
0.9147073
0.9190109
0.9154581
0.9146664
0.9119614
0.9136213
0.9140836
0.9167018
0.8772367
0.9069457
0.8776926
0.8668223
0.8773387
0.8774535
0.9116834
0.9241726
0.929074
0.9244345
0.8740679
0.9225086
0.9253879
0.9087372
0.9260877
0.8803099
0.880214
0.8910511
0.8933582
0.8852285
0.8853592
0.8822033
0.8843402
0.8823087
0.8834691
0.8864081
0.9028211
0.9022832
0.9031736
0.8962495
0.8952071
0.9037125
0.9027267
0.9151354
0.9193657
0.8743805
0.8833285
0.8964381
0.9116804
0.879621
0.9209997
0.9173796
0.9103404
0.9088739
0.9091893
0.909988
0.9128816
0.9170988
0.9154029
0.8733489
0.9222396
0.9097592
0.9116463
0.9232749
0.875136
0.9129967
0.9217397
0.9286216
0.9176607
0.9192743
0.9205265
0.9195419
0.9197483
0.9210405
0.922067
0.9156214
0.9214005
0.9141702
0.9401128
0.9299696
0.9372883
0.9212674
0.9294752
0.9224201
0.9096824
0.9069862
0.9122888
0.9066749
0.9093769
0.9020982
0.9069896
0.9091276
0.9104604
0.9089228
0.9089336
0.9051544
0.9073227
0.9016999
0.9071004
0.8825033
0.9068832
0.9068832
0.7842543
0.8889462
0.779878
0.8831135
0.9118757
0.8793014
0.8976605
0.886814
0.9193434
0.8916922
0.9184777
0.9160373
0.919179
0.9197452
0.8944679
0.8983459
0.9173328
0.9086917
0.9034093
0.911175
0.9121582
0.9063688
0.9163558
0.9122882
0.9168006
0.9225077
0.918841
0.9239711
0.9143692
0.9086037
0.904024
0.9086233
0.9064399
0.9132037
0.8966343
0.8944005
0.8959196
0.8919374
0.8931759
0.9096754
0.9067124
0.9151954
0.9058477
0.9143842
0.9177009
0.9198198
0.8975617
0.9080151
0.8668056
0.8482434
0.8886431
0.892628
0.8861755
0.9119359
0.8904565
0.9171983
0.912935
0.9014535
0.9131867
0.9073341
0.9081194
0.9097814
0.9174508
0.9155326
0.9272946
0.9299372
0.9227827
0.9237288
0.9233186
0.9219759
0.9222152
0.9237037
0.9243744
0.9223159
0.9230046
0.9171478
0.9482058
0.9297575
0.9342585
0.9251608
0.9341597
0.9265331
0.9125027
0.9078938
0.9118937
0.9093909
0.9120636
0.9085076
0.9099487
0.9108579
0.9112635
0.9118358
0.9108685
0.908366
0.9088965
0.9090778
0.9096276
0.8862373
0.9108834
0.9108834
0.8590231
0.892331
0.8585481
0.8891748
0.9080068
0.8847864
0.9011703
0.8866623
0.9177401
0.8988149
0.9160121
0.92212
0.9176927
0.9177919
0.9059425
0.910302
0.921974
0.9157417
0.9109071
0.9160895
0.9112071
0.911067
0.9153281
0.9105508
0.9186507
0.9256164
0.9210372
0.9275298
0.91455
0.9157005
0.9112197
0.9175322
0.9121433
0.9166869
0.9060716
0.9040795
0.905606
0.9043682
0.9066812
0.9139526
0.9112432
0.9151342
0.9133293
0.9157145
0.9231308
0.9244194
0.9030848
0.917238
0.8823274
0.83702
0.9067203
0.9086051
0.9069818
0.9100789
0.9017727
0.9207921
0.919586
0.9034606
0.9195153
0.9085112
0.9094433
0.9173866
0.9206083
0.9230524
0.9324193
0.9319342
0.921366
0.9269126
0.9257046
0.9240403
0.9240918
0.9266573
0.9284798
0.9214867
0.9212334
0.9176138
0.9386197
0.9300896
0.9362488
0.9230851
0.9357364
0.9265694
0.9068321
0.9029428
0.9214613
0.9138952
0.9048838
0.8980075
0.9032365
0.9060776
0.904428
0.9035228
0.903854
0.9071984
0.9016564
0.9021547
0.9027731
0.9122447
0.9105214
0.9105214
0.9082642
0.9162721
0.906441
0.9160741
0.9202095
0.9066265
0.8997724
0.9155415
0.9247122
0.8976308
0.9238573
0.9241445
0.9259481
0.9257282
0.898892
0.8942051
0.9228742
0.9040044
0.9109349
0.9099687
0.909846
0.9212357
0.9179036
0.9149573
0.9237775
0.9296575
0.9257346
0.9336213
0.9152506
0.9177195
0.9140989
0.9210582
0.9145024
0.9184802
0.9002896
0.9005833
0.9014105
0.9015015
0.9040779
0.9174123
0.9133352
0.9221665
0.9066549
0.9231043
0.9265112
0.9245719
0.9009915
0.9230226
0.9100955
0.90783
0.898976
0.8973584
0.8954606
0.9172559
0.8912647
0.9225463
0.9149946
0.9084352
0.918174
0.9131035
0.9208766
0.9127803
0.9263849
0.9159862
0.9219135
0.9263316
0.9153118
0.9175915
0.9187541
0.9178329
0.9164586
0.9177627
0.9185579
0.9177301
0.9180436
0.91549
0.9389354
0.921025
0.9267781
0.9154324
0.9257147
0.9160446
0.9102106
0.9089249
0.9124272
0.9052798
0.9068536
0.9011549
0.9085739
0.909827
0.9087854
0.9090429
0.9061984
0.9075988
0.9088207
0.9050159
0.9082536
0.9115501
0.9152049
0.9152049
0.9036473
0.9132733
0.9025482
0.9155856
0.9094349
0.9091197
0.9017825
0.9134333
0.9196228
0.8973878
0.918632
0.9148316
0.9186042
0.9188543
0.8997938
0.8983743
0.9146104
0.905072
0.9132667
0.9052351
0.9024801
0.9107769
0.9138111
0.9105719
0.9186163
0.9225859
0.9227414
0.9292448
0.9115471
0.9118309
0.9128832
0.9139558
0.9091287
0.9164892
0.9006455
0.9004998
0.9017366
0.8984021
0.8995563
0.9108691
0.907697
0.9153292
0.9040988
0.9153358
0.9178025
0.9128605
0.8988269
0.9171825
0.9128698
0.908398
0.9006811
0.898401
0.8978329
0.9061249
0.8947178
0.9186759
0.9084717
0.9059949
0.9074042
0.907496
0.9126207
0.9109343
0.9155673
0.9041204
0.9145879
0.9214338
0.9172486
0.9122468
0.9113649
0.9118911
0.9125635
0.9110898
0.9135686
0.9198029
0.9125443
0.9125964
0.9572933
0.9229767
0.9272215
0.9101575
0.9189292
0.9197606
0.8935415
0.8935918
0.9012676
0.8925938
0.8927547
0.8998205
0.8957826
0.8947524
0.8924074
0.8912194
0.8920202
0.8917368
0.8951225
0.8898807
0.8950992
0.8949453
0.9040866
0.9040866
0.9024231
0.8978446
0.8984969
0.8968245
0.8976989
0.8961001
0.8807658
0.8955663
0.9077471
0.8788514
0.9086184
0.9114005
0.9088711
0.9098034
0.8920834
0.898791
0.8957736
0.8981031
0.9082862
0.8922888
0.8874059
0.8930324
0.886527
0.9037479
0.9056104
0.918841
0.9242756
0.9211595
0.8967436
0.9104963
0.9068108
0.90626
0.8991222
0.9134345
0.9160508
0.9160382
0.9159319
0.8987183
0.900699
0.910527
0.904355
0.8939268
0.8969815
0.9069826
0.9073557
0.9157063
0.8907278
0.9148906
0.9072914
0.9003018
0.9051753
0.9054273
0.9037494
0.8936556
0.8948242
0.9211821
0.9160467
0.9014739
0.9014039
0.884464
0.8945587
0.9159741
0.9147707
0.9076356
0.9211038
0.9254755
0.9140539
0.9154511
0.9138649
0.9128327
0.9166607
0.9194336
0.9137067
0.9229294
0.9176391
0.9149277
0.9542902
0.92568
0.9238898
0.912605
0.9192407
0.9219798
0.9090876
0.9082396
0.9056135
0.9006896
0.9073557
0.9091444
0.9102545
0.9100184
0.9066015
0.9073784
0.9086977
0.9090776
0.9078894
0.9037942
0.908354
0.9032552
0.9099472
0.9099472
0.9071132
0.9091964
0.9059951
0.9058892
0.902707
0.9065018
0.8968382
0.906624
0.9141977
0.8958955
0.9151092
0.9073974
0.9150839
0.9166159
0.9016345
0.9077599
0.9088537
0.9110368
0.9090713
0.9007805
0.909736
0.9034174
0.9006204
0.9089012
0.906806
0.9213885
0.9232499
0.9235756
0.9010782
0.9124687
0.9094053
0.912837
0.9074167
0.9179173
0.9160253
0.9181749
0.9185831
0.9007597
0.9010242
0.9132269
0.9126841
0.8995625
0.9111878
0.9054589
0.9048051
0.9193363
0.9010401
0.9206033
0.9129188
0.9070414
0.9159081
0.9140019
0.9154256
0.9010961
0.902645
0.9190954
0.9153111
0.9089526
0.9085003
0.8962776
0.8972486
0.9256085
0.9158577
0.9191786
0.9257099
0.9283651
0.9169167
0.9226013
0.926601
0.9255806
0.9192726
0.9234428
0.9251064
0.9161788
0.9142561
0.9144907
0.9422607
0.925548
0.9338398
0.9192974
0.9274779
0.9225266
0.8998736
0.8983361
0.9089052
0.9087653
0.8987152
0.8931207
0.897368
0.8988701
0.9018079
0.898918
0.8984011
0.8975743
0.8968287
0.8924916
0.8990679
0.9062455
0.9126339
0.9126339
0.9012296
0.9153996
0.8975737
0.9124539
0.909918
0.9067371
0.8900518
0.910105
0.9205208
0.8868598
0.9196937
0.9134154
0.9219271
0.9226527
0.8878758
0.891871
0.9161288
0.8965276
0.9070244
0.9064529
0.9039725
0.9116553
0.9104444
0.9071668
0.9203739
0.9248708
0.9260556
0.9304048
0.9138775
0.9129241
0.9101747
0.9140658
0.9115025
0.9166372
0.8928029
0.8921496
0.8921109
0.8936141
0.8997634
0.9088829
0.9017863
0.9168041
0.8946329
0.9172797
0.9190002
0.9152483
0.8904074
0.9159232
0.9018622
0.9020845
0.8913842
0.8842787
0.8886756
0.9080493
0.8811168
0.9157695
0.9122634
0.9086304
0.9086124
0.9026631
0.9094499
0.9084988
0.9208249