0.92076
0.8971685
0.8894978
0.8588217
0.9173683
0.9174582
0.9245336
0.8569293
0.8594605
0.8689788
0.8702776
0.8685152
0.8791831
0.8805602
0.8353304
0.8305731
0.9011848
0.8582765
0.8586898
0.8563867
0.8614202
0.8973861
0.8896788
0.9173495
0.9179393
0.9238866
0.9207541
0.8420559
0.9098643
0.8698505
0.9284854
0.8963906
0.8959418
0.9079556
0.917839
0.9149534
0.912126
0.901465
0.8695816
0.8659478
0.873394
0.876945
0.8956582
0.909537
0.8966436
0.9110432
0.9127673
0.9174573
0.9001323
0.905655
0.8768926
0.9214059
0.8574763
0.9136559
0.919265
0.9073878
0.905755
0.9097327
0.9115705
0.8573725
0.9120663
0.9025083
0.9069354
0.902729
0.8926863
0.9241511
0.9105911
0.9116651
0.9180105
0.8567817
0.9256549
0.9249483
0.904345
0.9108851
0.9173703
0.8937505
0.858466
0.8645271
0.8376031
0.9083561
0.9156635
0.9146119
0.9123643
0.9135369
0.9195888
0.9004039
0.8959412
0.9026942
0.9416932
0.9013151
0.895869
0.912136
0.9113601
0.9166846
0.8982286
0.8910884
0.9133926
0.9123196
0.8943931
0.8951598
0.8808608
0.90083
0.9119882
0.9099555
0.8302044
0.8896702
0.8946359
0.9085521
0.9089276
0.9164772
0.9130589
0.911907
0.9203228
0.9197651
0.9135172
0.9136951
0.8901582
0.9069985
0.9085195
0.909104
0.911599
0.8868624
0.9195431
0.8981567
0.9000531
0.8924429
0.916603
0.911595
0.8895311
0.9185026
0.8873555
0.8828927
0.8896404
0.8870887
0.8828936
0.8762264
0.8683074
0.8758495
0.9159819
0.9120288
0.9115808
0.9059587
0.9003573
0.8659469
0.8827028
0.9098979
0.9144637
0.9148303
0.9092347
0.9167507
0.9114707
0.8275757
0.9126876
0.8586165
0.9160316
0.91975
0.9142518
0.8619837
0.8607782
0.9117447
0.8850938
0.8997922
0.8864478
0.8800479
0.8764337
0.8804635
0.8695604
0.8658411
0.8442761
0.9033468
0.8396191
0.8965444
0.8867443
0.8875678
0.9225989
0.8959359
0.9148306
0.9196917
0.9071167
0.8878867
0.8678043
0.8721384
0.8604297
0.8694539
0.8897179
0.9246312
0.8899764
0.8842389
0.9264179
0.9227581
0.8962945
0.8636163
0.8590909
0.8060256
0.8962383
0.9208487
0.9113924
0.8720486
0.8779293
0.8749083
0.8825447
0.9034871
0.9106374
0.9086794
0.8360069
0.8926932
0.8992679
0.9065659
0.9084735
0.916415
0.9131517
0.9162003
0.9183551
0.918402
0.9125095
0.9103979
0.8874923
0.9081163
0.9097105
0.9108801
0.9069097
0.8857901
0.9168737
0.8972367
0.8989416
0.8939964
0.9157137
0.9096457
0.889232
0.9125189
0.8924565
0.8806409
0.8942163
0.8863159
0.8805656
0.8799796
0.863931
0.873703
0.9159967
0.9145193
0.9122533
0.912447
0.9029614
0.862977
0.886399
0.9101422
0.9146662
0.9130028
0.9115327
0.9134773
0.9153053
0.8308957
0.916266
0.8654786
0.9205432
0.9189967
0.9138118
0.8631839
0.8660305
0.9169129
0.8897043
0.904519
0.8876396
0.8858144
0.8768267
0.8765804
0.873479
0.8623022
0.8441753
0.9060465
0.8448881
0.899207
0.8858438
0.890139
0.9188805
0.8991582
0.9152331
0.9207166
0.9105297
0.8879868
0.8703927
0.8765908
0.8658838
0.8704279
0.8915881
0.9218205
0.8889897
0.8812885
0.9245404
0.9226555
0.8984342
0.8642679
0.8576397
0.8139615
0.9003413
0.9167454
0.9126347
0.8785172
0.8794671
0.8772784
0.8820741
0.9063236
0.9169309
0.9185414
0.8342182
0.8939878
0.8978538
0.9165035
0.9180328
0.9175641
0.9183774
0.9161598
0.9229798
0.9244805
0.9185758
0.9169609
0.8945935
0.916224
0.916008
0.9189727
0.9167023
0.8923132
0.9226012
0.8992152
0.9017624
0.8970432
0.9151477
0.9153636
0.8997657
0.9188977
0.8906626
0.8888409
0.8954879
0.8909394
0.8824847
0.8790187
0.8654876
0.8826266
0.9208025
0.9189313
0.9138742
0.9106297
0.9002425
0.8645853
0.8847572
0.9112892
0.9152285
0.9174618
0.9128924
0.9158209
0.9146903
0.8289633
0.9174569
0.8655638
0.9185049
0.9223153
0.9168347
0.8700106
0.8685606
0.9186389
0.8894688
0.9090426
0.8939732
0.8853009
0.8785323
0.8789634
0.8725601
0.8706451
0.8487809
0.9080221
0.8410391
0.899233
0.8903948
0.8966143
0.922154
0.9067694
0.9212671
0.9237986
0.9133595
0.896305
0.8738365
0.8787725
0.8657597
0.8704629
0.8907235
0.9255521
0.8959511
0.8913993
0.9277868
0.9270818
0.9003031
0.8676374
0.8664468
0.8169597
0.901154
0.9258606
0.9131733
0.8807611
0.8809143
0.879104
0.9145626
0.8929872
0.8980774
0.8638178
0.9118163
0.9173679
0.919952
0.8631559
0.8627645
0.8742639
0.8754955
0.8738732
0.8820083
0.8831772
0.8645104
0.8589045
0.9016488
0.8634997
0.8627772
0.8643945
0.8670816
0.8998759
0.9059889
0.9208874
0.9220395
0.920141
0.9122826
0.862679
0.9113114
0.8737297
0.9160289
0.8945372
0.8960586
0.9058288
0.9101378
0.9098946
0.9094522
0.8993456
0.8749673
0.8725328
0.8683756
0.8698909
0.8900737
0.9141877
0.9017171
0.9095752
0.9115004
0.9179748
0.9016943
0.908048
0.8732837
0.9095284
0.8601401
0.902269
0.9120628
0.9053209
0.9063951
0.9057665
0.9100882
0.8594726
0.9058254
0.8957945
0.9104596
0.9025925
0.8959347
0.9136737
0.9010937
0.9072277
0.9071586
0.8541667
0.9200993
0.921409
0.9030227
0.9107315
0.9162874
0.9017108
0.8683244
0.87069
0.8605295
0.9105508
0.9129425
0.9097397
0.9064196
0.9103804
0.9130419
0.9108746
0.9088934
0.9032352
0.9449093
0.9053506
0.8988074
0.9068555
0.9083887
0.906877
0.8923462
0.9029675
0.911949
0.9010372
0.897141
0.8974209
0.9169446
0.8962421
0.9008471
0.856643
0.9137919
0.9145478
0.922278
0.8625786
0.8556794
0.8750968
0.8771717
0.8794479
0.8832295
0.8825036
0.8648925
0.8661908
0.9082631
0.859713
0.8542303
0.8567022
0.8591136
0.9042682
0.9059944
0.9237185
0.9233564
0.9207444
0.9164554
0.8642022
0.9148578
0.8737415
0.9222051
0.9023296
0.9018734
0.9079765
0.9150917
0.9110347
0.9117219
0.9052993
0.8720159
0.8689745
0.875078
0.8747143
0.8938104
0.911973
0.9042133
0.910627
0.9152554
0.9161083
0.9043276
0.9110358
0.8747933
0.9117066
0.8502191
0.9064547
0.9136763
0.9126893
0.91232
0.9086406
0.9148114
0.8491586
0.9129643
0.8965629
0.9110496
0.9022238
0.9029362
0.9178883
0.9083194
0.9091102
0.9109659
0.8310471
0.918105
0.9254368
0.9053238
0.9135634
0.9186063
0.9043698
0.8761229
0.8772166
0.8658193
0.9131976
0.9098855
0.9081434
0.907468
0.9137979
0.9157621
0.9116291
0.9097057
0.9071541
0.9450217
0.9111071
0.9055405
0.9122708
0.9127358
0.9065192
0.897205
0.9084053
0.9178053
0.9091996
0.9011595
0.900806
0.9168686
0.8990535
0.8994851
0.8553232
0.9124529
0.9152661
0.9231754
0.8583236
0.8544001
0.8768183
0.8762045
0.878199
0.8796212
0.8793717
0.8644395
0.8623853
0.9074849
0.8577559
0.8538131
0.8560723
0.8562488
0.9032431
0.9049942
0.9238705
0.9242157
0.9198473
0.9165683
0.8611792
0.9134848
0.8718284
0.9230742
0.9024017
0.9011782
0.9078584
0.9136402
0.9108391
0.9120673
0.9026536
0.8739054
0.8673591
0.8751423
0.8729502
0.8969719
0.9113897
0.9051038
0.9100916
0.9151798
0.9167818
0.9037552
0.9109953
0.8747748
0.9117045
0.8472701
0.9089624
0.914411
0.9126488
0.9107943
0.9072834
0.9133218
0.8463347
0.9102888
0.897861
0.911511
0.9018267
0.9003335
0.9159157
0.9085485
0.9067818
0.9104631
0.831771
0.9185592
0.9236999
0.9066714
0.9111174
0.9189067
0.904638
0.874273
0.8748828
0.867373
0.9139589
0.9067991
0.9082556
0.9075029
0.9119997
0.9144812
0.9111919
0.9111372
0.9087059
0.943735
0.9097939
0.9032887
0.9111573
0.9099319
0.9062045
0.8991007
0.9048721
0.9166287
0.9099251
0.8998925
0.8970044
0.9188894
0.905116
0.8975313
0.8500247
0.9118988
0.9157541
0.9220391
0.8525454
0.8494391
0.8758279
0.8760431
0.8724845
0.8813224
0.880502
0.855179
0.8474204
0.9031139
0.8502149
0.8504215
0.8508279
0.8509125
0.9008211
0.8970074
0.9169348
0.9171763
0.9173329
0.9197316
0.8589641
0.9078891
0.8611784
0.9248344
0.8992359
0.9003886
0.9055602
0.918975
0.9161055
0.9104201
0.9026779
0.8661113
0.8672029
0.8763437
0.877893
0.9081295
0.9094198
0.9053717
0.9144075
0.9102953
0.9135438
0.9059769
0.90856
0.8836324
0.9183882
0.8421394
0.9123285
0.9210077
0.9122039
0.9039516
0.9117772
0.9100375
0.843756
0.9116849
0.9068072
0.9125761
0.9055253
0.8999928
0.925294
0.911428
0.9126765
0.9144837
0.846019
0.9235871
0.9245818
0.9067106
0.9064649
0.9140821
0.893424
0.8615697
0.8684918
0.8654173
0.909994
0.912474
0.9129667
0.9099979
0.9147811
0.9165507
0.9008249
0.8994083
0.908207
0.9369142
0.9044307
0.9002802
0.9103653
0.9108325
0.9161609
0.9086874
0.8942605
0.9123762
0.9084741
0.8989954
0.8991136
0.9156087
0.9166846
0.8992112
0.8642003
0.9174608
0.9194126
0.9272366
0.8637567
0.8652581
0.8726539
0.8706868
0.8710905
0.8763632
0.8772269
0.8676667
0.8571208
0.903335
0.8658601
0.8659973
0.8675567
0.8679601
0.9003086
0.8909362
0.9214682
0.9226134
0.9215947
0.9243217
0.8669122
0.9086887
0.8632104
0.9334898
0.9083838
0.902482
0.9089625
0.9201486
0.9216174
0.9122964
0.9130713
0.8735713
0.8714344
0.8810579
0.8877747
0.917473
0.9079147
0.9086284
0.9168393
0.9130435
0.9174722
0.9086712
0.9014984
0.8878556
0.9242462
0.8516666
0.9238092
0.9275863
0.9187489
0.9078737
0.913688
0.9177208
0.8528761
0.9146225
0.9156429
0.9132554
0.9114277
0.8997931
0.9202812
0.9122543
0.9103964
0.9208187
0.8715417
0.9253485
0.9293836
0.9082418
0.9120688
0.9143008
0.8961081
0.8638048
0.8666386
0.8755047
0.9153612
0.9127605
0.9108932
0.9118311
0.9160075
0.9188329
0.8895388
0.8965957
0.9090549
0.9272324
0.9061285
0.8984554
0.916779
0.9142451
0.9171284
0.9167234
0.8847537
0.9096332
0.9161776
0.899387
0.9036445
0.8790731
0.9171808
0.9197717
0.9146498
0.8383751
0.8950534
0.9008797
0.9132619
0.9145634
0.9174857
0.9187932
0.9183364
0.9211154
0.9215128
0.9182611
0.9180881
0.8919074
0.9122782
0.9124546
0.913615
0.9153906
0.8980009
0.9171029
0.900067
0.902643
0.9003449
0.9196053
0.9132664
0.896635
0.9192398
0.8988176
0.8918076
0.9029227
0.8927941
0.8848908
0.8836889
0.8784104
0.8891751
0.9183623
0.9196885
0.9178159
0.9166902
0.9131199
0.8707173
0.8968396
0.915749
0.915493
0.9171252
0.9175632
0.911481
0.9164933
0.8441932
0.9191026
0.880185
0.91762
0.9272242
0.9197578
0.8677982
0.8644403
0.9189409
0.8897646
0.9153151
0.8937042
0.8918319
0.8864047
0.8860055
0.8819309
0.8812154
0.8530284
0.9195187
0.8536486
0.900929
0.892861
0.8914245
0.9189068
0.9046943
0.9190788
0.9212779
0.9159742
0.8945814
0.8707342
0.8778811
0.8688266
0.8703582
0.8935953
0.9186197
0.8910573
0.8910945
0.9177924
0.9252149
0.9033108
0.8666691
0.8677164
0.8374897
0.9113489
0.913872
0.9114631
0.885926
0.8841934
0.8900144
0.8830314
0.8969102
0.9054382
0.9025408
0.8810416
0.8937272
0.89856
0.9043393
0.9020519
0.9102688
0.9117352
0.9093286
0.9147452
0.9124119
0.9070788
0.9065783
0.8802819
0.9038755
0.9031942
0.9048171
0.9072191
0.8817189
0.9037891
0.8997333
0.9017487
0.9003264
0.9116049
0.9032847
0.8915407
0.9124597
0.8951749
0.8777221
0.883926
0.8860528
0.8831589
0.8905388
0.8817756
0.8767828
0.9080287
0.9068973
0.908886
0.9022478
0.8958198
0.8788873
0.8831713
0.9037633
0.9015263
0.9137043
0.9036655
0.9052899
0.9033117
0.8759242
0.9029956
0.8815416
0.90949
0.9077794
0.9077824
0.8861954
0.8872888
0.9035015
0.8804758
0.8975875
0.8806468
0.8825028
0.8669587
0.8861868
0.8784735
0.8770116
0.883528
0.905719
0.8906649
0.898033
0.8740186
0.8876903
0.9145093
0.8874623
0.9103026
0.9122436
0.9035735
0.8864433
0.8930845
0.8836171
0.8809986
0.8894102
0.8923384
0.9057054
0.8913217
0.874516
0.9364385
0.9131197
0.8866612
0.8867494
0.8873
0.8724561
0.8974378
0.9114593
0.9104187
0.8917056
0.8703786
0.8698131
0.9152039
0.9148491
0.911486
0.909719
0.9117983
0.9174274
0.9211772
0.9081093
0.9090171
0.9152578
0.9140982
0.9108011
0.9157426
0.9146827
0.9091039
0.9102514
0.9091542
0.9124314
0.9109594
0.9096517
0.910412
0.9117709
0.9078075
0.9216769
0.9229356
0.9173415
0.9009901
0.9101319
0.9110466
0.9090941
0.9199049
0.9106479
0.9075335
0.9081486
0.9132284
0.9099787
0.9047318
0.9108582
0.9121221
0.9111858
0.913631
0.9191164
0.9139371
0.902525
0.9104301
0.8840259
0.8853861
0.8802133
0.897983
0.8508702
0.9163218
0.9161346
0.9094557
0.9145482
0.9192817
0.9164714
0.8804513
0.9088412
0.9149788
0.9097533
0.9102365
0.9147836
0.9095735
0.913063
0.9105504
0.9150176
0.9089451
0.9060656
0.910256
0.9126633
0.9179917
0.9237828
0.907175
0.9117647
0.9073991
0.9039176
0.9086901
0.9093278
0.9082892
0.9128679
0.9153226
0.9063782
0.9131961
0.9145824
0.9094805
0.9077309
0.9055643
0.9068082
0.9300801
0.9187327
0.9053796
0.9136472
0.9133156
0.9080124
0.9163595
0.9039281
0.9176223
0.9087483
0.9097348
0.9098939
0.889476
0.8993672
0.9071299
0.9027268
0.8845484
0.893947
0.899602
0.9061901
0.9033534
0.9128753
0.9125832
0.9097095
0.9146224
0.9157031
0.9073878
0.9074874
0.8849834
0.9050952
0.9050482
0.9087594
0.9059408
0.8826785
0.9075777
0.8959092
0.8977062
0.8999609
0.9148311
0.9048314
0.8918413
0.9165705
0.897979
0.8800336
0.889121
0.8849132
0.8859713
0.8909223
0.8844087
0.8793737
0.9089574
0.9089277
0.9096567
0.9027105
0.8981471
0.8831436
0.8824151
0.9053363
0.9049807
0.9158476
0.9046293
0.9104367
0.9045221
0.882323
0.9079299
0.8856967
0.9132369
0.9100893
0.9086196
0.8849998
0.8866633
0.9078411
0.8865916
0.8997155
0.8826308
0.8790093
0.8717456
0.8885798
0.8826281
0.8813751
0.885088
0.9052323
0.8888448
0.8988768
0.8770677
0.8906329
0.9166609
0.891596
0.9135044
0.9138188
0.9063993
0.8831913
0.8944588
0.8879965
0.8833053
0.8904722
0.8941716
0.9108115
0.8889983
0.8759396
0.9344704
0.9128734
0.8923033
0.8871715
0.8890898
0.8749496
0.9015583
0.9140817
0.9104096
0.8947048
0.8750921
0.8713292
0.8870933
0.9080042
0.9071955
0.9073953
0.87808
0.8901044
0.8954641
0.909499
0.9079797
0.9129216
0.9102813
0.9101753
0.9195006
0.9166518
0.9034279
0.9022734
0.880308
0.9067054
0.9078847
0.9097788
0.9086224
0.877992
0.9083654
0.8876056
0.8894811
0.8914269
0.9198477
0.9041673
0.8826873
0.9115476
0.8955802
0.872309
0.8916427
0.8771828
0.8929721
0.8935103
0.8859048
0.8729972
0.911963
0.9107265
0.9127743
0.9131669
0.9038399
0.884972
0.8773387
0.9103305
0.9130328
0.918654
0.9128296
0.9115874
0.9126259
0.8877859
0.9086699
0.8877099
0.9169897
0.9163133
0.9107704
0.8866103
0.8830823
0.9080277
0.8797275
0.9045837
0.882115
0.8738951
0.8711378
0.8901883
0.8840378
0.879787
0.8833224
0.9103167
0.8918938
0.8998117
0.8780916
0.8811398
0.9178935
0.8929753
0.9095023
0.910766
0.9034933
0.8764646
0.888103
0.8825161
0.8818085
0.8866081
0.8941113
0.9063996
0.8866354
0.8783809
0.9335049
0.9167764
0.8941576
0.8823744
0.8835394
0.8769242
0.9021601
0.9085165
0.9143496
0.8915771
0.8745839
0.8692079
0.9186651
0.9221722
0.8938136
0.8903697
0.907923
0.9170043
0.9228219
0.8902604
0.8918594
0.8985227
0.8967672
0.8965517
0.9039546
0.898863
0.8790236
0.8806337
0.8947544
0.892841
0.8907279
0.8884992
0.8936826
0.8986779
0.8749325
0.9137757
0.9145342
0.9159824
0.9248243
0.8879566
0.8978678
0.8753696
0.9344239
0.9053737
0.8987305
0.9011005
0.9198443
0.9184814
0.9083275
0.9066948
0.8939981
0.8907022
0.8987225
0.9092918
0.9251025
0.8976665
0.9063449
0.9139897
0.9023881
0.9042327
0.9046313
0.8830157
0.9103481
0.9244829
0.8898665
0.9228392
0.9314162
0.9188882
0.8940526
0.9088622
0.911753
0.8889349
0.9096933
0.9198493
0.9124589
0.9121035
0.8957406
0.9198244
0.9095296
0.9062317
0.9195523
0.9069931
0.9254121
0.9276269
0.8981461
0.9059089
0.9043488
0.8860504
0.8846401
0.8796011
0.8999473
0.9140648
0.9143611
0.9040816
0.9123185
0.9125992
0.9130855
0.851906
0.8809022
0.9051613
0.9182672
0.8991341
0.8944422
0.9109425
0.9142215
0.9157067
0.9229514
0.8609316
0.9061017
0.9132161
0.8959831
0.8985942
0.8926544
0.9017067
0.9134893
0.9146441
0.8875604
0.8947275
0.9011661
0.9107016
0.9129738
0.9151013
0.9195414
0.9166491
0.9184863
0.9221399
0.9116968
0.9161728
0.8895543
0.9129738
0.9122588
0.9151158
0.9140711
0.8869942
0.9160067
0.8970178
0.8984818
0.8980001
0.9169804
0.9119776
0.8945404
0.9229459
0.8889208
0.8782732
0.8950561
0.8890264
0.8951733
0.8966614
0.8904479
0.8744164
0.9202863
0.9183429
0.9191721
0.9098693
0.8955464
0.8910737
0.8831801
0.9127345
0.9146652
0.9195642
0.9125807
0.9203766
0.9091876
0.8849748
0.9124809
0.8830557
0.9130358
0.9097259
0.9175004
0.8932919
0.8930468
0.9127035
0.8861103
0.8993013
0.8829922
0.8806223
0.8773214
0.8927121
0.8835537
0.882799
0.8840559
0.9085133
0.8917851
0.9012527
0.88192
0.8886073
0.9244533
0.903188
0.9191044
0.9218784
0.9065825
0.8824607
0.8965321
0.8930112
0.8899594
0.8963386
0.9024348
0.9257398
0.8998857
0.8829305
0.936984
0.9209478
0.8976759
0.8930302
0.8898545
0.8767391
0.8954849
0.9207115
0.9168557
0.8983674
0.875906
0.8752325
0.8938771
0.8896526
0.9007268
0.8978341
0.884827
0.8960346
0.8997829
0.8996441
0.8991316
0.912307
0.914187
0.9108301
0.9118802
0.9133333
0.9010012
0.902132
0.8852295
0.8979326
0.8952696
0.900378
0.8998255
0.88
0.904245
0.9013743
0.9036179
0.8991931
0.9158962
0.9010735
0.8939915
0.9113064
0.897123
0.8657999
0.8830331
0.8855204
0.8953305
0.8932802
0.8840639
0.8674685
0.9083939
0.9090809
0.9081923
0.8993058
0.8882851
0.8864814
0.8720207
0.9029797
0.9084113
0.9161571
0.9007973
0.9086997
0.9029465
0.8814427
0.9043212
0.8812862
0.9094443
0.9003442
0.9083725
0.8834692
0.8923303
0.9054407
0.8832136
0.8866335
0.8738065
0.8725211
0.8684698
0.8965996
0.8862304
0.8777993
0.8850468
0.8975986
0.8969768
0.8998378
0.8785847
0.8832017
0.9161781
0.8903634
0.9068611
0.912493
0.8946005
0.8815459
0.8927655
0.8882136
0.8878674
0.8854528
0.8958936
0.9138328
0.8865481
0.872808
0.9412988
0.9058903
0.8874725
0.888848
0.8864979
0.8784483
0.8889219
0.9106361
0.9097611
0.8891659
0.8707114
0.872771
0.9278181
0.9502981
0.9450031
0.9442757
0.9227699
0.931113
0.9293983
0.9448184
0.9438273
0.9441527
0.943014
0.9440092
0.947045
0.9440025
0.9440144
0.9438159
0.9306292
0.9451428
0.9446382
0.943507
0.9440948
0.9274965
0.9425454
0.9235826
0.9246023
0.930243
0.9442102
0.9427617
0.9256184
0.937796
0.9308553
0.9368326
0.9337184
0.9311328
0.9296486
0.9343399
0.9252754
0.929242
0.9434774
0.9445158
0.9443137
0.9488235
0.9499349
0.9211487
0.9355846
0.9416897
0.9382372
0.9370384
0.9460212
0.9361746
0.9505012
0.9279581
0.9435259
0.9367995
0.9511646
0.9528749
0.9381666
0.9297022
0.928768
0.9436674
0.9269429
0.9496341
0.9312071
0.932478
0.9291352
0.9277503
0.9294587
0.9282491
0.9266877
0.946951
0.9228188
0.9274232
0.9320889
0.927324
0.935307
0.9285064
0.9404595
0.940613
0.9464242
0.9282062
0.9280167
0.9335622
0.9291394
0.9313794
0.9331002
0.935966
0.9268842
0.9317935
0.9152118
0.9526877
0.9317741
0.9299753
0.929882
0.9278379
0.9490532
0.9383432
0.9344842
0.9350354
0.9291747
0.9276533
0.89087
0.8961235
0.9075863
0.9035754
0.8840225
0.8946585
0.898828
0.9010533
0.9028538
0.9121602
0.9102067
0.9076178
0.9148974
0.9158551
0.904826
0.9042069
0.8817862
0.9020535
0.9021297
0.9064598
0.9080171
0.8785688
0.9059745
0.8977361
0.899241
0.8932903
0.9135918
0.9046757
0.8878089
0.9127874
0.8954711
0.8703541
0.8903715
0.8836754
0.8946316
0.8903912
0.8864262
0.873956
0.9089681
0.9076929
0.9086549
0.9078219
0.8972554
0.8890621
0.8782871
0.9067133
0.9105584
0.9122073
0.9053193
0.9100559
0.9088905
0.8887611
0.9046935
0.8834734
0.9151856
0.9109477
0.9090527
0.8889608
0.8867239
0.9047226
0.8871308
0.8959693
0.8839801
0.8789252
0.8731212
0.890178
0.8824362
0.8819223
0.8844765
0.9033813
0.8946281
0.8998911
0.880561
0.8834424
0.9174394
0.890102
0.9036669
0.9088271
0.900222
0.8844826
0.8916542
0.8870481
0.8923907
0.8872769
0.8937853
0.911834
0.8911685
0.8778475
0.9321193
0.9130908
0.8941049
0.8853462
0.8866947
0.8805592
0.8961721
0.9105691
0.9134312
0.8916702
0.8752422
0.8730391
0.8991701
0.9085069
0.9026004
0.904524
0.896024
0.9029174
0.9094913
0.9034377
0.903614
0.9101771
0.9068837
0.905894
0.9133684
0.9122498
0.8995031
0.9032608
0.8850204
0.9061475
0.9053202
0.9067573
0.9049098
0.8903579
0.9004664
0.8981796
0.8990543
0.9004229
0.9211076
0.9030623
0.8867602
0.9062926
0.9077161
0.8846815
0.8936089
0.8884431
0.9042635
0.9037205
0.8940459
0.8860065
0.9078553
0.9059653
0.9079305
0.9061314
0.9051557
0.892418
0.885213
0.9116053
0.9108867
0.9143836
0.9074681
0.9029075
0.9089723
0.902348
0.9049671
0.8963249
0.9196335
0.9123223
0.9054468
0.898048
0.8949492
0.9053857
0.8907411
0.9059636
0.8928814
0.883676
0.881236
0.9029597
0.8902069
0.8877088
0.8979801
0.9031188
0.9104176
0.9050064
0.8820799
0.8876253
0.9183415
0.8921233
0.9039889
0.9036654
0.9040958
0.8907015
0.897898
0.8953439
0.894898
0.8975119
0.9052621
0.9029081
0.8920747
0.8888132
0.9337896
0.9084276
0.891843
0.891559
0.898786
0.8933594
0.9036751
0.9031847
0.9149484
0.8990971
0.880723
0.8828066
0.8920756
0.9019686
0.9148574
0.9146566
0.8893575
0.8978385
0.9030993
0.9105257
0.9135472
0.9166038
0.9204891
0.9177435
0.9205319
0.9226292
0.9136106
0.9179532
0.8885521
0.914688
0.9123474
0.9163116
0.9144668
0.8885544
0.9166363
0.8987777
0.9001431
0.9007145
0.9166901
0.9131718
0.897667
0.925045
0.8899344
0.882124
0.8957477
0.8910625
0.8955618
0.8960737
0.890272
0.8769333
0.9206666
0.9176829
0.9200342
0.912275
0.897183
0.890664
0.8863487
0.9126371
0.9163842
0.9214261
0.9128789
0.9210167
0.9090647
0.8859659
0.9160237
0.8831582
0.9132163
0.9116646
0.9180189
0.8931672
0.8941211
0.9159755
0.8867095
0.9010356
0.8844922
0.8822019
0.8777407
0.8927782
0.8844854
0.8858849
0.8847069
0.9107123
0.8939586
0.901228
0.8839185
0.8889655
0.9248196
0.9027607
0.9200504
0.9218233
0.9084946
0.886093
0.8969028
0.8937643
0.8896125
0.8954296
0.9025473
0.9257929
0.9007556
0.8825373
0.9379037
0.9224902
0.8992262
0.893543
0.891283
0.8773119
0.8962447
0.9213072
0.9167525
0.8986486
0.8761764
0.8754916
0.8920481
0.891759
0.9067889
0.9017419
0.8890254
0.8968333
0.8992993
0.8991912
0.9020107
0.9136338
0.9134182
0.9112869
0.9124335
0.9131229
0.9041936
0.9027619
0.8848633
0.9028798
0.8992386
0.9028696
0.901893
0.8807083
0.9055147
0.8963904
0.8975584
0.8996979
0.9156092
0.902924
0.8891658
0.9155739
0.9023726
0.8713659
0.8885344
0.8852747
0.8989203
0.8944223
0.8890022
0.8742039
0.9086606
0.9061138
0.9088923
0.9028421
0.8931361
0.8903614
0.8773775
0.9047316
0.9032621
0.9175226
0.903829
0.912787
0.900578
0.8866226
0.9025178
0.8861839
0.9084746
0.9024744
0.9088279
0.8853663
0.8871499
0.9033428
0.8842174
0.8916192
0.8790575
0.8767901
0.8703594
0.8937426
0.8857247
0.8797364
0.8877196
0.902106
0.8989447
0.9039385
0.8782096
0.8831145
0.9156214
0.8930875
0.9071971
0.9139174
0.8990229
0.8824213
0.894347
0.8884024
0.8856288
0.8945475
0.8965346
0.913768
0.8896506
0.8719429
0.9379034
0.9074966
0.8908982
0.8895074
0.885181
0.8804499
0.8921733
0.9090641
0.9130112
0.8892171
0.8716356
0.8733237
0.8912056
0.9065299
0.9059051
0.9011881
0.8888526
0.894323
0.8995713
0.9024417
0.9016993
0.9100101
0.9088547
0.9075691
0.9121794
0.9090647
0.9010916
0.8998073
0.8787199
0.9046542
0.9024488
0.905081
0.9060234
0.8782969
0.9025955
0.894351
0.8966382
0.8942477
0.9175052
0.9010007
0.8861238
0.9062386
0.8989742
0.8736469
0.8866572
0.8847235
0.8936124
0.8969248
0.8873208
0.8793558
0.9067711
0.9041593
0.9042818
0.9088018
0.9028703
0.8848748
0.8818805
0.910512
0.9062511
0.91393
0.9040523
0.9045385
0.9099971
0.8937396
0.9042871
0.8894381
0.9169123
0.9096802
0.9066984
0.8930605
0.8911254
0.9045158
0.8872172
0.9034167
0.8836576
0.881536
0.8676443
0.8996404
0.8841441
0.8850941
0.8892813
0.9051119
0.9001257
0.8995871
0.878147
0.8835634
0.9168712
0.8892136
0.9035257
0.9023777
0.9032685
0.8830714
0.8923595
0.884169
0.8910497
0.8887396
0.8978552
0.9027387
0.8920777
0.8772754
0.9360579
0.9105511
0.8883663
0.8939964
0.8915811
0.8881076
0.9019757
0.9045691
0.9103195
0.8950059
0.8716663
0.8693336
0.9221298
0.9144596
0.8956867
0.8846932
0.9178097
0.9235774
0.9261105
0.8859876
0.8841261
0.8864301
0.8864179
0.8831676
0.8912128
0.8898673
0.8723912
0.8708604
0.9054883
0.8846977
0.8862935
0.8866192
0.8855997
0.905743
0.8966846
0.9243241
0.9240252
0.9247192
0.9243472
0.8792185
0.9145701
0.8765819
0.9325361
0.9111348
0.8981636
0.9115668
0.9242051
0.919359
0.9134693
0.9156771
0.888016
0.8854866
0.8874085
0.9013773
0.9178237
0.9124903
0.9144542
0.9181828
0.917049
0.9149005
0.9126188
0.9041056
0.9041983
0.9222
0.8807757
0.9212027
0.9280562
0.9234731
0.9068468
0.9162374
0.9162231
0.8789179
0.9161159
0.9128339
0.9190665
0.9149971
0.9046045
0.9258096
0.9202877
0.9184352
0.9189386
0.8894205
0.9281859
0.9306114
0.9108943
0.9221061
0.9169881
0.8948824
0.8766576
0.8734177
0.88282
0.9170333
0.9189857
0.9175284
0.9193124
0.9186025
0.9172305
0.9010607
0.9028678
0.9127967
0.9298104
0.9187307
0.8984902
0.9168731
0.9156569
0.9150943
0.9149007
0.8935759
0.9155809
0.9141651
0.9045517
0.9075966
0.9166239
0.9107077
0.8942388
0.8813813
0.9114602
0.9139687
0.921994
0.882046
0.8815395
0.8840005
0.880625
0.8828524
0.887189
0.8850942
0.8698574
0.8653672
0.9015095
0.8836576
0.8815401
0.8818245
0.884307
0.900636
0.8921723
0.9192058
0.9198842
0.9179313
0.9215446
0.8724623
0.9099423
0.8721646
0.9299967
0.9049878
0.8991126
0.90496
0.918298
0.9152299
0.9094347
0.9090608
0.8825948
0.8795914
0.8845322
0.8963606
0.9112865
0.9074136
0.9108097
0.9144245
0.9096438
0.9143115
0.9103149
0.9030648
0.8977017
0.9183994
0.8769154
0.9157698
0.9255292
0.9200296
0.9056175
0.9082789
0.9097664
0.8775494
0.9115582
0.9085958
0.9115568
0.9080273
0.8964728
0.9217404
0.9060378
0.9060995
0.910384
0.8866656
0.9238741
0.9256737
0.9042545
0.909748
0.9106117
0.8933654
0.8786083
0.8765828
0.8792475
0.9080781
0.9131343
0.9078816
0.9077425
0.9142167
0.9144532
0.8957308
0.8959814
0.908389
0.9331818
0.9105125
0.8946965
0.9084214
0.9052776
0.9113794
0.9095772
0.889848
0.9080252
0.9104226
0.8970478
0.8974176
0.9199558
0.9044632
0.8895596
0.8721497
0.9174897
0.9155814
0.9259337
0.8720469
0.8710679
0.8809684
0.8762311
0.8796838
0.880793
0.8795815
0.8568879
0.8539195
0.9004398
0.8714161
0.8711605
0.8701564
0.8701358
0.8999013
0.8885293
0.9168943
0.9173694
0.9230553
0.9223898
0.86263
0.9047259
0.8633819
0.9296986
0.9041617
0.8968624
0.9011272
0.921194
0.9195485
0.9122522
0.9050022
0.8783446
0.8736055
0.8787958
0.8896217
0.9119701
0.908079
0.9053218
0.912173
0.9103153
0.915253
0.9028003
0.9001977
0.887931
0.9217549
0.8716244
0.9141302
0.9242866
0.9103078
0.8964384
0.9072637
0.9135665
0.8693464
0.9151353
0.9049123
0.9116074
0.9025433
0.8996638
0.9259416
0.9092223
0.9108108
0.9106185
0.8768571
0.9307944
0.9254395
0.901747
0.9098402
0.9120747
0.8905963
0.8648433
0.8617971
0.874943
0.9109471
0.9153602
0.9086462
0.9085152
0.9124158
0.9142059
0.8901717
0.8939277
0.9050216
0.9335155
0.9005883
0.8955703
0.9078772
0.9101951
0.9187018
0.9067399
0.8773216
0.9060708
0.910538
0.8993355
0.9000183
0.9217626
0.9051317
0.8938419
0.8701098
0.9123702
0.9162958
0.9220693
0.8703061
0.8685155
0.8820993
0.8769288
0.8798634
0.8887459
0.8840381
0.8598621
0.8557283
0.8993332
0.8713364
0.8702733
0.8716142
0.8721487
0.8965379
0.8852052
0.9164163
0.9170814
0.9215748
0.9259983
0.865836
0.9086356
0.8638983
0.9343601
0.9052613
0.9000071
0.9033612
0.919013
0.9193261
0.9106461
0.9051105
0.8770278
0.8740652
0.8784381
0.8895941
0.9116593
0.9140757
0.9056658
0.9104012
0.9126967
0.9172148
0.9087787
0.8991434
0.889261
0.9227855
0.8706095
0.9170964
0.9258159
0.9114627
0.8993541
0.9077945
0.9070527
0.8702971
0.9124236
0.9054176
0.9093729
0.9058206
0.8973891
0.9241056
0.9108028
0.9100345
0.9142827
0.8816575
0.9303458
0.9255371
0.907055
0.910239
0.9125751
0.889345
0.8672791
0.8645525
0.8766771
0.9109914
0.9138023
0.9084656
0.9093954
0.9182428
0.9166022
0.8902664
0.8947734
0.9067934
0.9303754
0.9001456
0.8986503
0.9098877
0.9107884
0.9164024
0.9062477
0.8817888
0.9100898
0.9105063
0.8985481
0.8993887
0.8864328
0.8945383
0.9050619
0.9003307
0.8848939
0.8921372
0.8971368
0.899822
0.9007193
0.9109869
0.9108925
0.9080163
0.9152572
0.913396
0.9060179
0.9032282
0.8830573
0.899148
0.8986287
0.9039255
0.9022371
0.879423
0.9014002
0.8973693
0.8994318
0.8943936
0.9133308
0.8990923
0.8905367
0.9133372
0.889488
0.8743123
0.8808251
0.8835359
0.8882463
0.8935031
0.8839426
0.8756429
0.9084368
0.9060118
0.9099543
0.9010012
0.8888889
0.8838232
0.876592
0.8989301
0.9054721
0.9114083
0.8985799
0.9075065
0.9023468
0.8812505
0.9035735
0.8812191
0.9077388
0.9068518
0.9071449
0.8853857
0.8890132
0.9026898
0.883473
0.8892519
0.8790491
0.8801837
0.8705778
0.8900378
0.8769987
0.8768132
0.8801094
0.8999383
0.8916559
0.8983327
0.876815
0.8872462
0.9124703
0.8878233
0.9070531
0.9099562
0.898085
0.8807433
0.8880026
0.883213
0.8830851
0.8945083
0.8937085
0.9072874
0.8917181
0.8737374
0.9329513
0.9078706
0.8815044
0.8891174
0.8855238
0.8762208
0.8927417
0.9108348
0.9106264
0.8896676
0.8725993
0.8737009
0.8733258
0.9107981
0.9136094
0.9146529
0.8428828
0.8939798
0.8984723
0.9140368
0.9137518
0.9178422
0.9171239
0.9174325
0.9198831
0.9206977
0.9200633
0.9180623
0.8951801
0.9138301
0.915166
0.9152427
0.9146982
0.8874016
0.9190179
0.9000672
0.9023023
0.8965688
0.9106134
0.9095797
0.8920853
0.9154166
0.8880514
0.8911066
0.8934671
0.8894331
0.8739159
0.8740703
0.8648279
0.8837377
0.9191773
0.9161821
0.9149185
0.9122632
0.9067944
0.8640903
0.8918754
0.9126968
0.9110988
0.9098042
0.9115836
0.9118551
0.9150051
0.8277027
0.9144568
0.8733914
0.9160916
0.9203035
0.9103224
0.8700253
0.8645443
0.9129752
0.891163
0.9095488
0.8855328
0.8955352
0.8809654
0.878009
0.87146
0.8644574
0.8492951
0.9105258
0.8476272
0.900197
0.8879963
0.8892949
0.9176483
0.9003611
0.9174021
0.9180747
0.9131312
0.8931838
0.8723769
0.8770426
0.8676514
0.8724947
0.8849005
0.9182054
0.8864388
0.8849046
0.9216943
0.9278291
0.8934334
0.8659064
0.8655434
0.8266043
0.9068755
0.9185966
0.9141723
0.8778292
0.8823208
0.880229
0.8811924
0.9109221
0.9198805
0.9157865
0.8505837
0.8986338
0.903361
0.9148222
0.9154291
0.9204968
0.919853
0.9175214
0.9208859
0.9223496
0.922558
0.9198273
0.8986129
0.9157797
0.9153703
0.9180731
0.9172256
0.8938174
0.9213564
0.9020093
0.9040826
0.8999965
0.9162962
0.9172493
0.9000747
0.9170999
0.8938714
0.8975276
0.8977173
0.8942566
0.8779477
0.8739274
0.870028
0.889774
0.9180832
0.9196053
0.9183753
0.9147855
0.9100499
0.8697741
0.8965517
0.9175716
0.9157713
0.9124935
0.9132664
0.9137228
0.9180832
0.8392447
0.9192088
0.873002
0.9217832
0.9229544
0.9139436
0.8747035
0.8735418
0.9177395
0.8950274
0.9103292
0.8914426
0.901588
0.8888567
0.8817659
0.8769225
0.873243
0.8587556
0.9143051
0.8575803
0.9044396
0.8927959
0.8964092
0.9209526
0.9043205
0.922327
0.9209277
0.9180151
0.8973966
0.8769018
0.8797129
0.8708741
0.8778354
0.8901157
0.9227286
0.8911855
0.8898983
0.9221845
0.9291931
0.8956385
0.8712246
0.8745718
0.8371663
0.9119309
0.9206068
0.9177967
0.8813345
0.8883377
0.8903396
0.9218619
0.8406346
0.8881426
0.8991581
0.9169798
0.9189932
0.9243084
0.8978389
0.8990219
0.9072727
0.9060403
0.9012715
0.9102593
0.9104827
0.8951467
0.8932964
0.9097811
0.8974679
0.8990112
0.9022774
0.8993537
0.9075078
0.9045577
0.9224331
0.9231046
0.9206177
0.9177949
0.8963087
0.9168185
0.9061497
0.9219416
0.9035761
0.8986081
0.9061248
0.915719
0.9140268
0.9069284
0.9020101
0.9008116
0.9026535
0.9023762
0.8961724
0.8045773
0.9117538
0.9051284
0.9081737
0.911614
0.9113686
0.9010123
0.9079596
0.8996181
0.9151841
0.8990992
0.9087029
0.9152624
0.9094948
0.9096979
0.908967
0.9126053
0.8987557
0.914651
0.7979296
0.910107
0.9046809
0.8999963
0.9181934
0.912494
0.9062685
0.9114273
0.8934501
0.9221038
0.9265021
0.9034564
0.9151961
0.9202995
0.8998248
0.9027344
0.9042144
0.8905507
0.9139455
0.9120577
0.9079267
0.9086772
0.9113474
0.9117754
0.9210734
0.9076083
0.9071779
0.9451657
0.9098099
0.8977736
0.9102291
0.9059722
0.9144522
0.8199084
0.9061448
0.9179497
0.9061834
0.9000299
0.8994545
0.9134932
0.8362237
0.8948845
0.9002789
0.915463
0.911321
0.9152445
0.9006167
0.901085
0.9068124
0.9082071
0.9066192
0.9109554
0.9129688
0.9041296
0.8982386
0.9105204
0.8981654
0.8989471
0.8994717
0.9009227
0.9068464
0.9131161
0.9204805
0.9215686
0.9188794
0.9116657
0.8990523
0.9169033
0.9177068
0.9154466
0.8973652
0.8994591
0.9114399
0.9116998
0.9078856
0.9053133
0.8992585
0.9064094
0.8985963
0.906329
0.8925697
0.8272315
0.9090809
0.9013326
0.9005209
0.9128147
0.9181529
0.8971802
0.9122002
0.894444
0.9069285
0.9040837
0.8950733
0.9027243
0.9001337
0.9065781
0.9070597
0.9117668
0.9028148
0.9113641
0.8343919
0.9011074
0.8995238
0.8997974
0.9142425
0.9103847
0.9049063
0.9042406
0.8923054
0.9147052
0.9218888
0.9044075
0.9117827
0.923126
0.9060638
0.9120188
0.9133331
0.8901872
0.9108543
0.9095714
0.9073449
0.9049641
0.9121387
0.9121629
0.9261836
0.912049
0.9023413
0.9516216
0.9065589
0.9044511
0.9073617
0.9070858
0.9045552
0.8118149
0.9211945
0.9209299
0.9035607
0.9023351
0.8963759
0.9151772
0.8418077
0.893481
0.9011965
0.9112798
0.9165387
0.9201822
0.9002104
0.9007473
0.9101425
0.9101666
0.9063911
0.9131826
0.910531
0.9019874
0.8990991
0.9094297
0.9029277
0.899579
0.9010877
0.9005485
0.9055172
0.9138711
0.9220423
0.9236239
0.9181875
0.9179125
0.9033315
0.9139248
0.9124454
0.9168899
0.898344
0.8973568
0.90798
0.9110868
0.9072779
0.9029575
0.899754
0.9073995
0.903552
0.9056773
0.8939223
0.8344972
0.909926
0.9027203
0.9031121
0.9115438
0.9181931
0.8957346
0.9148126
0.8954241
0.910256
0.9048238
0.9027144
0.906223
0.9054127
0.913249
0.9025722
0.9107679
0.9031512
0.9126371
0.8412434
0.9031761
0.9006038
0.8959581
0.9135733
0.9045407
0.9081081
0.9059799
0.8920942
0.9163509
0.9232949
0.9003345
0.908863
0.923311
0.9030307
0.906481
0.910646
0.8913749
0.9112991
0.9108946
0.9096923
0.9066905
0.9100163
0.9146914
0.9222755
0.910336
0.9050431
0.9474296
0.9086484
0.9012544
0.9071185
0.9072366
0.904494
0.8171218
0.9155757
0.9211319
0.9064301
0.9
0.899644
0.9177635
0.8963341
0.899945
0.8727484
0.9168851
0.9180818
0.9251344
0.8722231
0.8735796
0.8208045
0.8216556
0.8207396
0.8251531
0.8170388
0.8821048
0.8786138
0.9075489
0.8708755
0.8706647
0.8740724
0.874775
0.9108292
0.9101268
0.9227131
0.9226864
0.9217815
0.9188536
0.8824586
0.9150385
0.8912656
0.9213992
0.9040682
0.8977168
0.9107338
0.9169297
0.9118764
0.9090517
0.9050209
0.8658249
0.8553724
0.868076
0.7675691
0.8901648
0.9100447
0.9065561
0.9107212
0.9108327
0.9195446
0.9000375
0.916001
0.7712604
0.9149481
0.8774437
0.9115309
0.9092819
0.9018978
0.9100829
0.9072276
0.9110478
0.8774299
0.9139701
0.8956152
0.9106809
0.9084696
0.9005583
0.9180641
0.91175
0.9111397
0.9142837
0.8665863
0.922205
0.9286358
0.9069602
0.9128429
0.9184853
0.9019006
0.8782891
0.8862356
0.8721625
0.9150158
0.9139976
0.9124075
0.9079208
0.9126925
0.9172037
0.9139726
0.9103012
0.9066196
0.9485816
0.9025993
0.9019546
0.9115322
0.9092825
0.9132309
0.8975087
0.9112203
0.9223712
0.9074133
0.8992748
0.9026984
0.9205795
0.9010463
0.8951436
0.894695
0.9162078
0.920841
0.9273249
0.8962963
0.8950178
0.9033368
0.9020634
0.9044994
0.9086699
0.9090504
0.8948095
0.8938946
0.9046457
0.8945832
0.8940054
0.894958
0.8952215
0.9061165
0.9003387
0.9211229
0.9211741
0.9203591
0.9269828
0.8967288
0.9109281
0.897198
0.9283129
0.9042581
0.8990856
0.9083385
0.9212544
0.9180292
0.9107532
0.9104494
0.90257
0.8991899
0.9060794
0.9028204
0.8996542
0.9092327
0.9057663
0.9083997
0.91097
0.9154211
0.9013041
0.9052335
0.9075415
0.919235
0.8971448
0.9155068
0.9138328
0.9040444
0.9080124
0.9136314
0.9123096
0.8969251
0.9153818
0.9020118
0.9128254
0.9077784
0.906359
0.9259085
0.9112348
0.912449
0.9182057
0.8978353
0.9282474
0.9298739
0.9084713
0.9119269
0.914262
0.9002308
0.8973836
0.8933482
0.8985739
0.9165362
0.9172705
0.9118746
0.9119219
0.9183829
0.9147446
0.9018201
0.9041805
0.9068827
0.9419417
0.8979075
0.8997316
0.9129655
0.913648
0.9130403
0.9031019
0.8996155
0.916466
0.9089745
0.9073978
0.9056597
0.9140928
0.9041476
0.8978881
0.897244
0.9127018
0.9189496
0.9257877
0.896153
0.8982122
0.9060705
0.9056232
0.9044418
0.9082946
0.9085473
0.8959381
0.896826
0.9046254
0.8947603
0.8970599
0.8974188
0.8971477
0.9065856
0.8946717
0.9189956
0.9183572
0.9222948
0.9185788
0.8967408
0.9124292
0.9065341
0.9235678
0.9075749
0.899288
0.9043074
0.9139125
0.9124747
0.9017022
0.9091825
0.9017864
0.9044325
0.9023936
0.9062454
0.9012125
0.9032541
0.9088873
0.904006
0.9075836
0.9129774
0.9001438
0.9024478
0.9031114
0.918282
0.9020619
0.910792
0.9099046
0.9028258
0.9053807
0.9084967
0.9106963
0.9037465
0.9135701
0.9002776
0.9090579
0.9084871
0.9019106
0.9188987
0.9061468
0.9109844
0.9117721
0.9019673
0.9225717
0.9263855
0.9030161
0.9125483
0.9119383
0.8981637
0.901976
0.9016553
0.8987549
0.9140035
0.9098069
0.9041175
0.9082898
0.9106366
0.9148431
0.9020605
0.902406
0.9053862
0.9370267
0.8990564
0.8983534
0.9077306
0.9077328
0.9112944
0.8990459
0.9005234
0.9174624
0.9090289
0.9019815
0.901622
0.9117218
0.8953848
0.8991474
0.8939789
0.9142837
0.9164149
0.9205361
0.8941146
0.8929911
0.900858
0.8986619
0.9013222
0.9091301
0.9077295
0.8883782
0.8913368
0.8975988
0.8942357
0.8956225
0.8988444
0.8976906
0.9036171
0.8948402
0.9163443
0.9173864
0.915032
0.9187819
0.8909974
0.9103862
0.8981516
0.9254971
0.8981742
0.8974956
0.9039366
0.9141712
0.9107277
0.9046367
0.8989228
0.8979221
0.8985882
0.8992498
0.8994761
0.8894672
0.9060153
0.8957949
0.9022364
0.9092503
0.9149864
0.895
0.901665
0.8971609
0.9148838
0.8905118
0.9105827
0.9018851
0.8921381
0.9058519
0.9097524
0.9080017
0.8906629
0.9102123
0.8922164
0.9048957
0.8975552
0.898173
0.9149674
0.9026367
0.9029776
0.9096878
0.8948044
0.9231093
0.9225041
0.900927
0.910043
0.9102244
0.9032084
0.8992106
0.8960754
0.8902466
0.9054295
0.911583
0.9039404
0.9075968
0.912826
0.9129947
0.9012099
0.8978214
0.8984887
0.940066
0.893996
0.8978131
0.9089938
0.9058378
0.9132089
0.8958364
0.8959408
0.9126821
0.9052639
0.8983671
0.8997213
0.9199301
0.8824737
0.897872
0.8999171
0.9226698
0.9246999
0.9285356
0.8988082
0.8999887
0.909392
0.9105917
0.9065928
0.9127561
0.9149566
0.8947389
0.8931013
0.9106262
0.9008897
0.9002674
0.8998455
0.9007769
0.9141593
0.9106369
0.9247896
0.9247609
0.9245276
0.9170096
0.8948512
0.9219588
0.9162525
0.9236194
0.8997957
0.9013727
0.9105305
0.9189553
0.9119437
0.9107704
0.9054139
0.9080447
0.901759
0.9101036
0.8968099
0.8770352
0.9134455
0.9038789
0.9055489
0.9116937
0.9222556
0.8960369
0.9136286
0.895788
0.9193719
0.9019232
0.9058906
0.9036732
0.8969473
0.9097802
0.9148819
0.9184662
0.9017471
0.9188993
0.8849815
0.9115985
0.90327
0.904953
0.9238288
0.9118936
0.9114259
0.9173152
0.8901045
0.9272636
0.931075
0.9114798
0.917206
0.9180753
0.9079312
0.9057042
0.9069247
0.8881422
0.915093
0.9184705
0.9129671
0.9153377
0.9195812
0.919327
0.9211474
0.9136213
0.9066558
0.9549121
0.8918794
0.906294
0.9160372
0.9140631
0.9153646
0.8835921
0.9136262
0.9214055
0.9118581
0.905631
0.9066904
0.9082605
0.8981592
0.8962936
0.8973901
0.9072385
0.9120756
0.9193863
0.8987263
0.8972583
0.9051292
0.902636
0.9056922
0.9098639
0.9081215
0.8985886
0.8958395
0.9042618
0.895512
0.8961631
0.9002872
0.9001456
0.9071308
0.9074763
0.9164187
0.9173424
0.9171585
0.911877
0.8990369
0.9099112
0.905935
0.9169933
0.895402
0.8956032
0.9070706
0.912105
0.9060364
0.9057496
0.9005353
0.9005915
0.9007807
0.9012315
0.8949933
0.8916808
0.9054725
0.8995337
0.8993056
0.9021922
0.9120822
0.8980711
0.9050275
0.8965318
0.9119688
0.9000182
0.9039675
0.896878
0.8934259
0.9009687
0.9062867
0.9125548
0.9005262
0.9108925
0.8960078
0.9049873
0.8989461
0.903637
0.9135559
0.9067757
0.9042154
0.9047381
0.8931287
0.920437
0.921279
0.9043543
0.9073293
0.9133748
0.9008656
0.9053028
0.9055138
0.8942949
0.9097372
0.9082465
0.9078873
0.9067772
0.9103009
0.9121728
0.9173077
0.904991
0.9003565
0.9444519
0.8972991
0.9002137
0.9085621
0.9106143
0.9081988
0.8884026
0.9014731
0.9193843
0.9017711
0.9047261
0.9039041
0.9144697
0.8993272
0.8918051
0.8343808
0.9121634
0.9208681
0.9244367
0.8382097
0.8355814
0.8681348
0.8666292
0.867592
0.8715142
0.8701328
0.8594536
0.8524977
0.8962107
0.8358284
0.8349804
0.8387246
0.8382564
0.9027657
0.8929116
0.9235212
0.9244722
0.9237193
0.9202701
0.8581262
0.9090617
0.8593583
0.9265457
0.8979459
0.8964517
0.9007642
0.9145609
0.9139577
0.9071066
0.9033148
0.867679
0.862217
0.8657336
0.8782237
0.8981002
0.9088449
0.9033895
0.9126973
0.9100485
0.9175646
0.9027347
0.9040657
0.8779186
0.915583
0.7567132
0.9099572
0.920446
0.910861
0.9034212
0.9104094
0.9099016
0.7507473
0.9131035
0.9023016
0.908584
0.9065333
0.8917023
0.9163951
0.9073888
0.9035511
0.9117448
0.8340633
0.9214623
0.9266039
0.8968285
0.908874
0.9147014
0.8987392
0.8623978
0.865739
0.8625544
0.9107886
0.9117365
0.9121552
0.909939
0.9068421
0.9150937
0.90257
0.9027818
0.9049029
0.9397619
0.9029469
0.8984069
0.9096487
0.9058638
0.9149504
0.9043138
0.895368
0.9117144
0.9082497
0.8954127
0.8988169
0.9089996
0.8929987
0.8679831
0.8930776
0.9091397
0.9109108
0.9154034
0.890592
0.8935565
0.8934104
0.8956165
0.894353
0.8988301
0.8986101
0.8852051
0.8818505
0.8972953
0.8898453
0.8921177
0.8896838
0.8912528
0.895812
0.8893383
0.9123803
0.9131682
0.9143302
0.9158944
0.8856234
0.9041667
0.8959237
0.9204222
0.8945855
0.8946115
0.9020334
0.9125263
0.9148326
0.9062342
0.8937559
0.8945903
0.8904937
0.8975079
0.8941643
0.8872026
0.9015306
0.8934295
0.9038407
0.904499
0.9115019
0.8952539
0.9003652
0.8966916
0.9134766
0.8890946
0.9038808
0.9108886
0.9023417
0.897693
0.9025913
0.909322
0.8892468
0.9042023
0.8860936
0.9014095
0.9025437
0.8896967
0.9162283
0.9024408
0.9050007
0.9083172
0.8887036
0.9187533
0.9201514
0.8986228
0.9038648
0.9077911
0.8931181
0.8895683
0.8874887
0.8899346
0.9061918
0.9089445
0.9007072
0.9070338
0.9094974
0.9135093
0.9026338
0.8918939
0.8983495
0.9368703
0.8979653
0.8956772
0.9071511
0.9050307
0.9071731
0.8851581
0.8851831
0.9126196
0.904692
0.8913266
0.8926192
0.8847868
0.9182397
0.9191476
0.9165337
0.8798415
0.9048369
0.9094077
0.918874
0.9183276
0.9218146
0.9228748
0.9211707
0.9246014
0.9277087
0.9224978
0.9211721
0.9011492
0.9165661
0.9172333
0.9212468
0.9222811
0.8996858
0.9164369
0.9034894
0.9045868
0.905293
0.9198168
0.9204137
0.9023917
0.9184974
0.9049588
0.8993713
0.9085339
0.8988862
0.8944389
0.8932731
0.868532
0.897335
0.920174
0.9197904
0.9170092
0.9217071
0.9172262
0.861949
0.9003974
0.9181006
0.9145196
0.9176386
0.9140102
0.9141272
0.9228186
0.8833075
0.9209209
0.8932644
0.9193309
0.9258037
0.9194473
0.8920406
0.889024
0.9208364
0.9025858
0.9174784
0.900057
0.9005954
0.8992184
0.8804493
0.8806619
0.870219
0.8837929
0.9192779
0.8891505
0.9060073
0.8972145
0.8986035
0.9176292
0.9090428
0.9201752
0.9191764
0.918328
0.9024149
0.8945835
0.8437209
0.8850471
0.894428
0.8773571
0.9172114
0.8972183
0.899372
0.9195049
0.9244223
0.9096694
0.8878154
0.8936269
0.8816615
0.9149221
0.9152861
0.9123446
0.8985343
0.8985052
0.8968501
0.9145714
0.8907043
0.8674772
0.8836914
0.9099596
0.9108735
0.9187731
0.8820015
0.8841779
0.8856836
0.8876903
0.8877739
0.8956802
0.8934167
0.8681138
0.8692093
0.8898237
0.8793013
0.8814256
0.8863214
0.8869442
0.8906893
0.8800877
0.9082745
0.9091491
0.9126028
0.918493
0.8780368
0.8983412
0.8841493
0.9236471
0.8910605
0.8890279
0.8965616
0.9148951
0.9128482
0.9059548
0.8927793
0.8898174
0.8850102
0.89224
0.8908481
0.8909689
0.9012039
0.8918416
0.9013294
0.9028241
0.9120782
0.8938619
0.8915815
0.8917757
0.9130139
0.8843649
0.9067519
0.9139267
0.9029791
0.8990302
0.9040508
0.9080311
0.883188
0.90702
0.8857059
0.9022016
0.8958401
0.8853802
0.921604
0.903151
0.9046811
0.907767
0.8911547
0.9231883
0.9210683
0.8906897
0.9004251
0.9082553
0.8850346
0.8776053
0.8761742
0.8807146
0.9043035
0.9073012
0.9052071
0.90311
0.9038468
0.9111315
0.8887885
0.8863175
0.895643
0.9347212
0.8898944
0.8861241
0.9053029
0.9018263
0.9092117
0.887565
0.8762441
0.9086833
0.9085226
0.8844012
0.8878381
0.8921132
0.9044823
0.9034495
0.8976852
0.8832093
0.8167922
0.82525
0.8943693
0.8971939
0.9033789
0.9050656
0.9041822
0.9091265
0.9079338
0.8914817
0.8935825
0.8380794
0.8957765
0.894578
0.8970161
0.8983119
0.858202
0.8998574
0.7930124
0.7989344
0.8321206
0.9172682
0.8950565
0.7988198
0.9021739
0.903119
0.7502636
0.8926389
0.8740186
0.8895602
0.897015
0.8878376
0.77751
0.9046051
0.9075823
0.901899
0.9098571
0.9044196
0.8826109
0.7438751
0.9077128
0.9101549
0.9137674
0.907095
0.9048172
0.9077708
0.8894847
0.9002602
0.8917202
0.9197119
0.9164293
0.904606
0.8851493
0.8871241
0.9012025
0.8326434
0.9064825
0.8739354
0.7360485
0.8518269
0.8985254
0.8852221
0.8786521
0.8827324
0.9052332
0.8956699
0.8228134
0.8727259
0.8074835
0.9176173
0.8897479
0.9041387
0.8980978
0.8970335
0.7349107
0.8927753
0.8844765
0.8860562
0.8885973
0.9021915
0.897764
0.8814185
0.8642794
0.9275998
0.9090246
0.8901095
0.8884293
0.8817352
0.8803413
0.9044875
0.8932324
0.9085736
0.8842639
0.8536704
0.8520486
0.9166961
0.8955576
0.895764
0.9014315
0.9189094
0.918157
0.9227345
0.9009228
0.9007417
0.903467
0.9031479
0.9009129
0.9068559
0.9078465
0.8996391
0.8967313
0.9063704
0.9015708
0.9008502
0.8989623
0.8999417
0.9008684
0.9033144
0.9172177
0.9171184
0.9181444
0.9221879
0.8996778
0.9138332
0.9095461
0.9239138
0.8994796
0.9021652
0.9030632
0.9177759
0.914583
0.9106671
0.901042
0.9020936
0.8968283
0.9057612
0.8965931
0.8959467
0.9083375
0.8999641
0.9051615
0.908786
0.9202074
0.8998733
0.9080727
0.8953665
0.9160785
0.8999746
0.9118813
0.9004354
0.8886687
0.909251
0.9117147
0.9137468
0.899244
0.9161313
0.8938056
0.9060843
0.9000466
0.8993257
0.9214759
0.9104345
0.9113393
0.914308
0.8989197
0.9270195
0.9281996
0.9036903
0.9102637
0.9179928
0.9079647
0.902123
0.9026971
0.8941666
0.9134666
0.9136404
0.9121746
0.9116799
0.9143764
0.9169451
0.9059933
0.9096892
0.9027643
0.9460477
0.8930684
0.9053517
0.9091038
0.9117335
0.9118366
0.8958869
0.9028918
0.9179047
0.9077914
0.8988035
0.9004681
0.920354
0.9058357
0.8982413
0.9011405
0.9204657
0.9235434
0.9284946
0.8988247
0.9015301
0.9027466
0.9036571
0.9035984
0.906624
0.9052502
0.8986064
0.8974017
0.9134065
0.9033996
0.9016382
0.9007909
0.9045281
0.9072524
0.9030267
0.9228407
0.9232647
0.9227767
0.9235047
0.9026033
0.9167284
0.9041351
0.9322277
0.9084582
0.9056109
0.9117111
0.9208182
0.9190723
0.91765
0.9120856
0.9011716
0.9023966
0.9040671
0.9063278
0.9083051
0.908934
0.9111878
0.9123885
0.9119198
0.9224863
0.9053798
0.9073852
0.9079638
0.9219047
0.9023584
0.917623
0.912059
0.9004769
0.9084515
0.913045
0.9197366
0.9036228
0.9192405
0.9058026
0.914084
0.9138053
0.9053646
0.9258197
0.9154048
0.9142949
0.9174036
0.9067965
0.9279361
0.9327575
0.909671
0.9132801
0.918403
0.9067192
0.9036701
0.9008673
0.903013
0.9173155
0.9182552
0.9166107
0.9179147
0.9194071
0.9208541
0.9094442
0.9093485
0.9109609
0.9425095
0.9021683
0.9048919
0.9159747
0.9156763
0.9209432
0.9065098
0.8982275
0.9185862
0.9128116
0.9070009
0.906535
0.9185485
0.9013134
0.9059399
0.9030046
0.9195378
0.9188953
0.9236917
0.9037297
0.9039884
0.9080216
0.9075005
0.9073589
0.9113626
0.9102936
0.9048614
0.9062443
0.911631
0.9049743
0.9027027
0.9036118
0.9051849
0.9122945
0.9113883
0.9218412
0.9222655
0.9247345
0.9170213
0.9078947
0.9173289
0.9152738
0.9304305
0.9061329
0.9027588
0.9090431
0.9195851
0.9141019
0.9139808
0.9103939
0.9052291
0.908415
0.9105491
0.9018764
0.9013877
0.9099215
0.9055573
0.9077605
0.9123015
0.9198547
0.9027138
0.91265
0.8986587
0.9210878
0.9084781
0.9113615
0.9051818
0.8961394
0.9102302
0.9120431
0.9202135
0.9087829
0.9169503
0.900863
0.90806
0.9082794
0.9054621
0.9236849
0.9092886
0.9144457
0.9152494
0.9051116
0.9264808
0.930287
0.9077479
0.9141982
0.9201196
0.908919
0.9090712
0.9097283
0.9017936
0.9164292
0.915345
0.9124637
0.9139812
0.9171096
0.9170786
0.9166636
0.9135952
0.908356
0.9452635
0.9004916
0.9093659
0.9122484
0.9132925
0.9155094
0.9020329
0.9064297
0.9208891
0.9085443
0.9077974
0.9056103
0.9205499
0.9122292
0.9078323
0.9054947
0.9237648
0.9238112
0.9276444
0.9073263
0.9057624
0.9084487
0.9089078
0.9057379
0.9109361
0.9086852
0.9064151
0.9042225
0.9144155
0.9061536
0.9087161
0.9059417
0.9077129
0.9098825
0.9053257
0.9213028
0.9215406
0.9247304
0.9268664
0.9056156
0.9178029
0.9099207
0.936946
0.9091655
0.9092778
0.9132794
0.9233633
0.9197292
0.9207244
0.9120533
0.9118805
0.9089601
0.9086344
0.9128875
0.9163623
0.9137826
0.9082408
0.9189614
0.9166927
0.9197268
0.9091179
0.9097031
0.9118416
0.9287712
0.9090252
0.9203353
0.9149944
0.9016036
0.9138707
0.9202582
0.923873
0.9094093
0.9206477
0.9166933
0.9162158
0.9162715
0.9114766
0.9297567
0.9202081
0.9178383
0.9224784
0.9128259
0.9315559
0.9296314
0.9112983
0.9155089
0.9188991
0.9095003
0.9082785
0.9074067
0.9078635
0.9166344
0.9225505
0.917152
0.9210601
0.9214632
0.9222087
0.9114063
0.9089637
0.9119791
0.9395274
0.9020537
0.9121685
0.9206332
0.9191228
0.919578
0.9169221
0.9037051
0.9250754
0.9191153
0.9132435
0.9108822
0.9307806
0.9091206
0.9052751
0.9096713
0.926757
0.9259181
0.9324922
0.9116619
0.9095023
0.913989
0.9129853
0.9132287
0.9200573
0.9193728
0.9089532
0.9083682
0.919702
0.9120819
0.9116288
0.9113094
0.9130071
0.9150054
0.9083364
0.9310718
0.9313763
0.9281167
0.9293186
0.9113367
0.924433
0.918793
0.9341397
0.9100061
0.9138758
0.9174993
0.9266612
0.9220367
0.9237297
0.9152742
0.914784
0.912214
0.9183944
0.9109274
0.9044123
0.9214357
0.9148921
0.9158192
0.9233075
0.9267047
0.9093798
0.9163544
0.9106232
0.9261565
0.9131997
0.9196444
0.9083421
0.8977097
0.9175772
0.914813
0.9243234
0.912993
0.9215659
0.9085623
0.9146587
0.9128971
0.9110036
0.9282192
0.9205539
0.9202852
0.9256649
0.9083546
0.934159
0.932055
0.9145899
0.9201913
0.9252405
0.9151928
0.9126545
0.915
0.9070239
0.9214728
0.9220361
0.9182795
0.9192147
0.92281
0.9275231
0.9214811
0.9182223
0.9119036
0.9529309
0.9041744
0.9152157
0.920751
0.9218351
0.9219127
0.9026852
0.9141079
0.927394
0.9205574
0.9138049
0.9136193
0.9250547
0.9050814
0.9104206
0.9120412
0.9284786
0.9266212
0.9322046
0.908164
0.9115179
0.9203616
0.9167595
0.919244
0.9220265
0.9243565
0.9165355
0.9165569
0.9221986
0.9098522
0.9098775
0.9117348
0.9114117
0.9177048
0.9191099
0.9291822
0.9298239
0.9271273
0.9238352
0.9129959
0.9251083
0.9242687
0.932385
0.9105863
0.9110473
0.9192938
0.9291765
0.9193065
0.922077
0.9115025
0.9194633
0.913379
0.9191392
0.9100518
0.9004561
0.9213604
0.9131663
0.9111198
0.9198116
0.9276587
0.907094
0.9200253
0.9060779
0.9264483
0.912634
0.9191145
0.9084202
0.8965631
0.9178565
0.9173042
0.9254925
0.9128214
0.922061
0.8995243
0.915496
0.9162898
0.9122479
0.9271097
0.9217478
0.9224737
0.9228781
0.9062044
0.9321518
0.9344279
0.9166873
0.9230119
0.9307161
0.9170328
0.91829
0.9190226
0.9068656
0.9222356
0.9227592
0.9180212
0.9173692
0.9232263
0.9272101
0.9285973
0.9244705
0.9137677
0.9545621
0.9062175
0.912656
0.9187646
0.9217213
0.9223332
0.8979346
0.917967
0.931442
0.918769
0.9108986
0.9111415
0.9241765
0.9031844
0.9170527
0.9161773
0.9274468
0.9292045
0.9328288
0.9144787
0.9164843
0.9250306
0.9221589
0.9252504
0.9238225
0.9257461
0.9192563
0.9193976
0.9247922
0.916764
0.9160286
0.9157119
0.9167397
0.9226623
0.9256135
0.9332001
0.9331301
0.931662
0.9237901
0.9156078
0.9302021
0.9284418
0.9295304
0.9122731
0.9152959
0.9203162
0.9268561
0.9183262
0.9232922
0.9183134
0.9222574
0.9203498
0.9244816
0.9125446
0.8997224
0.9238935
0.915023
0.9146818
0.9248757
0.9276461
0.9107129
0.9236854
0.9103744
0.9267686
0.9201829
0.9163139
0.9065541
0.8950026
0.9227393
0.9218839
0.9250791
0.9200566
0.9249026
0.9022394
0.9163567
0.9134082
0.9190387
0.9316384
0.92091
0.9232255
0.9226703
0.9092909
0.9299894
0.9353255
0.9160379
0.9268111
0.9344588
0.9253289
0.9253904
0.9273518
0.9108673
0.9220996
0.9230495
0.9233591
0.9203406
0.9221779
0.9270055
0.9370262
0.9267419
0.914538
0.9592438
0.9107815
0.9204689
0.9201043
0.9218884
0.9212342
0.8981049
0.925844
0.934814
0.9194887
0.9192846
0.9153535
0.8915286
0.9044976
0.9033855
0.8980991
0.8832605
0.8182267
0.8260902
0.8942619
0.8976081
0.9033151
0.9051987
0.9050993
0.9089485
0.9073246
0.8917811
0.8944518
0.8392628
0.8959508
0.8952744
0.8975103
0.898446
0.8587604
0.9002742
0.7938928
0.7996681
0.8329522
0.9170601
0.8952318
0.7999767
0.9015099
0.9037195
0.7497869
0.8920287
0.8739057
0.8901711
0.8963546
0.887446
0.778414
0.9054431
0.9083402
0.9022284
0.909445
0.9042398
0.8829892
0.7448256
0.9078049
0.9108141
0.9144231
0.906789
0.9053327
0.9079037
0.8887368
0.8999964
0.8921305
0.9200369
0.917411
0.9047753
0.8849186
0.8868951
0.9008202
0.8331264
0.9066539
0.8728268
0.7373183
0.852003
0.8989316
0.8853143
0.8784168
0.8829051
0.9054064
0.8956044
0.8232546
0.8737183
0.8069263
0.9177849
0.8905218
0.9042726
0.8977882
0.8972089
0.7347831
0.8927881
0.8846084
0.8853399
0.887329
0.9024373
0.898629
0.882368
0.8640338
0.928234
0.9090411
0.8897696
0.8881612
0.8808134
0.8801482
0.9042283
0.8934101
0.9084739
0.8841143
0.853889
0.851666
0.918204
0.9049219
0.8952223
0.8400293
0.9169054
0.9190488
0.9228888
0.8431471
0.841485
0.8717135
0.8706765
0.8706167
0.8801978
0.8765368
0.8619396
0.8588488
0.9061346
0.8416448
0.8418238
0.8460978
0.8444914
0.9032235
0.899856
0.9221588
0.922547
0.9205488
0.9183031
0.8624691
0.9162511
0.8703438
0.9254015
0.9020977
0.9012558
0.9064553
0.9178698
0.9136927
0.9056264
0.9036886
0.870155
0.8707486
0.8743881
0.8754836
0.9001551
0.9085043
0.9049054
0.9108276
0.91493
0.9187337
0.9009505
0.9090845
0.8761446
0.9143933
0.761202
0.908023
0.9156297
0.9099656
0.9048059
0.9091364
0.9143222
0.7569307
0.9162551
0.9045373
0.9102812
0.9050213
0.903581
0.921853
0.9052431
0.9104296
0.9146554
0.8398875
0.9223308
0.9243551
0.9031278
0.9091976
0.9174428
0.9049469
0.8673565
0.8694825
0.8637592
0.9118816
0.9160975
0.9120867
0.9124839
0.9122944
0.9171476
0.9061521
0.9075455
0.9048426
0.9402
0.9034971
0.9042706
0.9141093
0.9111396
0.9148399
0.9019125
0.9019754
0.9171181
0.9115135
0.9045972
0.9063749
0.9185368
0.9143716
0.8939093
0.8786514
0.9147498
0.9177098
0.9231708
0.8760811
0.8785962
0.8798815
0.8768108
0.8759951
0.8828004
0.8809102
0.8623285
0.8593325
0.8969426
0.8786919
0.8763417
0.8787484
0.8793656
0.9025632
0.8892694
0.9151279
0.915677
0.9181901
0.9249792
0.8730386
0.9059671
0.8725815
0.9326231
0.9034515
0.8975931
0.9036409
0.921137
0.9192392
0.9121684
0.9053037
0.8807593
0.8782583
0.8811189
0.8931379
0.9109582
0.9061858
0.9047192
0.9156361
0.9104812
0.9132104
0.9117408
0.8977634
0.8965003
0.9213883
0.8749907
0.9223571
0.9269116
0.9190244
0.9029081
0.9108872
0.9156614
0.8743473
0.9155977
0.9108911
0.9121138
0.90765
0.8964742
0.9220633
0.9088176
0.9073504
0.9144186
0.8884345
0.927731
0.9283516
0.9066135
0.9117887
0.9117265
0.8934301
0.8690449
0.8665829
0.8816842
0.9123814
0.9146324
0.9124712
0.9140709
0.9161749
0.9148266
0.8861993
0.8921343
0.9069383
0.9273538
0.9048868
0.8985701
0.9142968
0.9114104
0.915488
0.9094207
0.8839606
0.9081545
0.9133967
0.9002167
0.8982658
0.9190325
0.9142889
0.8905201
0.8900705
0.9156732
0.9167211
0.9215212
0.890256
0.89065
0.8948303
0.8961347
0.8953769
0.8977004
0.89564
0.8768648
0.8776251
0.8961665
0.890715
0.8938036
0.8911396
0.8951068
0.8935914
0.8640501
0.9164517
0.9168209
0.9201547
0.9260269
0.8878383
0.9024778
0.8803591
0.9327746
0.9074505
0.8951268
0.9000953
0.9182525
0.9181334
0.9119692
0.9096153
0.8942054
0.8937207
0.8949269
0.9052305
0.9184189
0.9032777
0.9062882
0.9119325
0.9049991
0.9146574
0.9041281
0.8924468
0.9049733
0.9237427
0.8888423
0.9236053
0.9286789
0.9164933
0.8975249
0.9103235
0.9162979
0.8871337
0.91449
0.9150214
0.9132395
0.9072138
0.8974167
0.9220482
0.9128495
0.911016
0.9151746
0.9002641
0.9321108
0.9275518
0.9041667
0.9082592
0.9100106
0.8822347
0.8802368
0.8773629
0.8982993
0.9101952
0.9155913
0.9099636
0.9113288
0.9142899
0.9155459
0.874201
0.8884515
0.9078146
0.9240725
0.8979678
0.8933953
0.9141727
0.9090206
0.9210229
0.915854
0.8452983
0.9110294
0.9094175
0.898567
0.9000486
0.9177101
0.906705
0.896425
0.8909064
0.9155602
0.9144152
0.9218103
0.8889559
0.8917708
0.898935
0.8969729
0.8988864
0.902302
0.8981688
0.8815906
0.8787598
0.8900286
0.8917524
0.8927645
0.8913363
0.8902977
0.89487
0.8699798
0.9152006
0.9158012
0.917324
0.9238593
0.8892137
0.9045098
0.8884626
0.9285766
0.8986838
0.8980981
0.9022986
0.9195958
0.912737
0.9054472
0.8990018
0.8960527
0.8928531
0.9008436
0.9025892
0.9111735
0.9057273
0.8991414
0.9089959
0.9091593
0.9139758
0.8995633
0.8950141
0.9034368
0.9197747
0.8895248
0.9153353
0.922518
0.9092758
0.9042932
0.907839
0.9140175
0.8889684
0.9047844
0.9074699
0.9095243
0.9022573
0.8977867
0.9241119
0.9063819
0.9029851
0.9146727
0.8995782
0.925865
0.923659
0.9001245
0.9081458
0.9118387
0.8915923
0.8904249
0.8870041
0.8951668
0.9070055
0.909286
0.9088393
0.9092274
0.9137981
0.9125569
0.8881314
0.8900479
0.904525
0.9370475
0.895989
0.89448
0.9083789
0.9099712
0.9106707
0.9111625
0.8624168
0.9123502
0.9102406
0.8961463
0.8967986
0.9156082
0.9122306
0.9105252
0.9109944
0.9159599
0.9224995
0.9263285
0.9112741
0.9115331
0.9136914
0.9119234
0.9115054
0.9165839
0.9164323
0.9073573
0.904816
0.9119075
0.9119626
0.9130388
0.9117087
0.9127198
0.9124163
0.8971378
0.9184094
0.9191771
0.9200835
0.9210426
0.9098453
0.9126693
0.9094962
0.9233602
0.9077421
0.9060618
0.9130875
0.9182518
0.9147985
0.9134438
0.9085888
0.9111064
0.9098725
0.9075558
0.9121087
0.9111947
0.9123045
0.9079851
0.9147874
0.9116634
0.9168197
0.9064674
0.907872
0.9121937
0.9173592
0.911076
0.9131372
0.9179655
0.9127129
0.9082808
0.9143937
0.9147661
0.9104011
0.913256
0.911864
0.912423
0.9066202
0.9057901
0.918918
0.9101132
0.9110567
0.9103646
0.9097744
0.9245599
0.9248757
0.9117253
0.913628
0.9187263
0.9054581
0.9069155
0.9110083
0.9074444
0.9131844
0.9185443
0.90621
0.9129431
0.9182498
0.9161737
0.9055857
0.9092891
0.9103131
0.939328
0.9123179
0.9076682
0.9159303
0.914715
0.9123633
0.9126203
0.8936115
0.9208459
0.9100561
0.9075357
0.9072677
0.9217203
0.9237205
0.9018449
0.9036545
0.9222202
0.9230494
0.930988
0.9023534
0.9037665
0.9017388
0.9005952
0.8989433
0.9068206
0.9010531
0.8902915
0.8895865
0.903665
0.902241
0.9032619
0.9032969
0.9031148
0.9021228
0.8746469
0.9177131
0.9186995
0.9209499
0.9293517
0.8942982
0.9043383
0.889299
0.938433
0.9128817
0.9046371
0.9088155
0.9248326
0.9224516
0.9129782
0.9135659
0.8979113
0.903094
0.9069047
0.9187367
0.9274162
0.9066095
0.9142378
0.9198483
0.9129859
0.9143756
0.9158596
0.9006639
0.9182107
0.9286407
0.9001458
0.9284254
0.9310019
0.9207997
0.9073449
0.9180964
0.9195257
0.9006278
0.9175354
0.9247864
0.9164566
0.9158824
0.9015556
0.9249982
0.9159069
0.9136987
0.922023
0.9166237
0.9314233
0.9296767
0.9119227
0.9123049
0.916568
0.8962008
0.8902107
0.8895485
0.9087028
0.916962
0.9234562
0.9152936
0.9208385
0.9217984
0.9180498
0.8846954
0.8964939
0.9090274
0.9260152
0.9105722
0.9025969
0.9216867
0.9183415
0.9232185
0.9264109
0.8643587
0.9123976
0.9174785
0.8999592
0.9017917
0.913233
0.9123788
0.8969217
0.8964437
0.9125486
0.9204378
0.9256407
0.8945018
0.8972858
0.9016765
0.9008355
0.8953459
0.9034085
0.9007229
0.8919891
0.8897189
0.8983567
0.894052
0.8955692
0.8924147
0.8960617
0.8956315
0.8757156
0.9159801
0.9159952
0.9203095
0.9188895
0.8911658
0.9050149
0.8872771
0.9323631
0.9081563
0.8994833
0.906844
0.9163047
0.9135709
0.9070473
0.9118507
0.8982438
0.8967754
0.9036905
0.9066032
0.9152609
0.8985015
0.9043858
0.9115035
0.9067656
0.9100292
0.9030285
0.89421
0.9068251
0.923915
0.8924787
0.9155
0.9227953
0.9108932
0.8989805
0.9069926
0.9132746
0.8927939
0.9091493
0.9109904
0.91507
0.9076116
0.899738
0.9210461
0.9055943
0.9062072
0.9144225
0.9085481
0.9244159
0.9255241
0.9057462
0.9125899
0.9087815
0.8907886
0.8891773
0.8847401
0.9022165
0.9118297
0.9133999
0.9084492
0.9110656
0.9152253
0.912459
0.8804018
0.8888562
0.9057082
0.9268101
0.9028714
0.8960116
0.9094423
0.9117069
0.9152663
0.9141418
0.8667541
0.9129146
0.9089352
0.9016875
0.9008105
0.9058619
0.9093674
0.9053916
0.8992504
0.9078624
0.9121682
0.9181301
0.9000035
0.8988485
0.8988036
0.9018357
0.9
0.9063867
0.9060096
0.8933256
0.8916199
0.8978912
0.8995414
0.8975462
0.9032738
0.8994346
0.8965395
0.8927489
0.9096257
0.9112164
0.9095812
0.9170866
0.8947104
0.9029285
0.8963812
0.9209894
0.8963991
0.8989172
0.9002278
0.9124607
0.9117862
0.899606
0.9014384
0.8988288
0.9006424
0.9037814
0.9022395
0.9064275
0.8927049
0.8987697
0.9054175
0.8977876
0.9061837
0.8969098
0.8926865
0.902391
0.9103315
0.892082
0.9101326
0.9144176
0.9061365
0.9014377
0.9009368
0.905078
0.8910014
0.9016707
0.9050133
0.9085738
0.9007759
0.8951422
0.9139511
0.905201
0.9055275
0.9060347
0.9038482
0.9156991
0.9230561
0.8977491
0.9021796
0.909041
0.8930375
0.8949488
0.8919056
0.8959365
0.905538
0.906613
0.9014541
0.9025544
0.9062771
0.9067014
0.8808565
0.8954981
0.9003446
0.9339107
0.8968423
0.898886
0.9042982
0.9034966
0.9086871
0.9071941
0.8878163
0.9137515
0.900313
0.8952569
0.8951755
0.9218442
0.9149484
0.8986032
0.9007403
0.9200929
0.9183859
0.925971
0.8997081
0.8989626
0.9018719
0.8982817
0.8990683
0.9041047
0.9021987
0.8886609
0.8904993
0.8947102
0.9017613
0.9000766
0.9017122
0.9016926
0.8997033
0.8857495
0.9158849
0.9159
0.9201496
0.9258655
0.8935259
0.9029941
0.895125
0.9332449
0.9027813
0.902119
0.9044138
0.9227984
0.9190407
0.9090453
0.908066
0.9007346
0.895598
0.9024866
0.9107355
0.9132012
0.9088195
0.9016882
0.9122018
0.9128735
0.9152501
0.9051782
0.8948874
0.9105125
0.9271249
0.894968
0.9170171
0.9242656
0.9113787
0.90318
0.9157455
0.9176844
0.8942684
0.9121046
0.9121699
0.9103179
0.9081149
0.8980737
0.9238322
0.9123164
0.910699
0.9224809
0.9058081
0.9321934
0.9254445
0.9062222
0.911746
0.9146961
0.9018796
0.8941849
0.8930205
0.9027727
0.9109118
0.9211516
0.9075849
0.9153411
0.917584
0.915163
0.8761858
0.8958
0.9042595
0.9345924
0.8953818
0.899152
0.9185034
0.9126424
0.9189304
0.916304
0.8763772
0.9123367
0.9164906
0.8987456
0.8981867
0.9185728
0.9267459
0.900893
0.9008189
0.9112318
0.9170904
0.9242557
0.9035258
0.9016147
0.8990624
0.8999525
0.8973234
0.9014551
0.8998794
0.8933957
0.8919203
0.8979962
0.9016454
0.9022871
0.9057714
0.9051961
0.8947811
0.8860997
0.9149109
0.9155791
0.9189094
0.924191
0.89896
0.900357
0.8883118
0.9307576
0.9120714
0.9077972
0.9068852
0.9197345
0.9212834
0.9110263
0.9141412
0.9000109
0.8999196
0.9040102
0.9187907
0.9282939
0.8991851
0.9127041
0.9191972
0.9061494
0.9109538
0.9114886
0.8917729
0.9131688
0.9263927
0.8934568
0.9253858
0.9284592
0.9204263
0.9011111
0.9153044
0.9198709
0.8945467
0.9136877
0.9220853
0.9119119
0.9159118
0.898294
0.925201
0.9137591
0.9132242
0.9201379
0.9083127
0.929819
0.9296044
0.9107449
0.9096429
0.9057966
0.8995313
0.8940138
0.8857014
0.9052112
0.9148913
0.919759
0.9077083
0.9180756
0.9176583
0.9177351
0.8625366
0.8923997
0.9050759
0.9173982
0.9071071
0.902638
0.9196197
0.9183253
0.9193216
0.9268943
0.8769696
0.9122199
0.9142482
0.8976059
0.8979659
0.9165466
0.9164275
0.8925952
0.8911527
0.9102483
0.9165709
0.9248341
0.8914915
0.8904115
0.8891479
0.8871485
0.886016
0.8949533
0.8917526
0.883631
0.8826903
0.897569
0.891568
0.8933163
0.8925394
0.8934369
0.8911934
0.8778031
0.9135466
0.9140562
0.9191179
0.9205261
0.890086
0.9017756
0.8805029
0.9296465
0.9076754
0.8972358
0.8994541
0.9164824
0.9167402
0.9046258
0.9076331
0.8915815
0.8884034
0.8942391
0.9071175
0.9220261
0.8988578
0.9048889
0.9150402
0.9010616
0.9041996
0.9040579
0.8852805
0.9088543
0.9234233
0.8868884
0.9178178
0.9237597
0.918045
0.8955314
0.9120844
0.9096975
0.8867538
0.9098485
0.9182638
0.9088968
0.9104979
0.8910834
0.9225112
0.9111591
0.9080423
0.9112909
0.901467
0.9243309
0.9270497
0.9020776
0.9043171
0.9063858
0.8905742
0.8824027
0.8746858
0.8987541
0.9073446
0.9116674
0.906458
0.9126293
0.9133966
0.9114378
0.8600023
0.8888687
0.9022774
0.9223617
0.900184
0.8933689
0.9118289
0.9074048
0.9154588
0.920594
0.8647568
0.9022404
0.9094843
0.8916859
0.8966646
0.9108727
0.9176521
0.8976048
0.8987072
0.9109303
0.9151776
0.9204258
0.898274
0.8967103
0.8984489
0.8974087
0.8972768
0.8996435
0.8975353
0.8836806
0.8884719
0.894865
0.8974274
0.9001796
0.8979494
0.8990185
0.8892601
0.8828442
0.9082373
0.908102
0.9164287
0.9201809
0.8898037
0.8984817
0.8809327
0.9272259
0.9000398
0.9026926
0.8986335
0.9161185
0.9144372
0.903227
0.9056252
0.8947696
0.8956372
0.9017643
0.9071784
0.9187805
0.8936467
0.90156
0.9123234
0.8985852
0.9056937
0.904614
0.8862369
0.9071214
0.9176023
0.8912105
0.9172409
0.9199281
0.910275
0.8948902
0.9038635
0.9092827
0.890625
0.9071411
0.9175353
0.9065367
0.9064138
0.8941812
0.9158736
0.9082143
0.9067784
0.9100383
0.9103876
0.9241843
0.9231924
0.9052187
0.9032813
0.9031673
0.8855747
0.8871207
0.8860507
0.9010267
0.9082661
0.9112791
0.8973794
0.9064055
0.91012
0.9084318
0.862724
0.8932533
0.8966761
0.921268
0.9009761
0.8990131
0.9109763
0.905743
0.9164709
0.9188522
0.8687075
0.9114896
0.9075501
0.8933319
0.8952648
0.9178379
0.9193014
0.895102
0.8936625
0.9099426
0.9197469
0.9256469
0.8937184
0.8928196
0.8976621
0.8982843
0.8979857
0.9018493
0.9003746
0.8834579
0.8818876
0.8967133
0.8930933
0.8940996
0.8935915
0.8939758
0.8997374
0.8805077
0.9149418
0.9156198
0.917645
0.9236698
0.8902356
0.9000476
0.8805349
0.9345635
0.9052516
0.9013771
0.9004635
0.9169496
0.9173749
0.9072029
0.9080832
0.8949052
0.8956642
0.8972534
0.90977
0.9227304
0.8958217
0.9080988
0.9130887
0.9014775
0.9085082
0.9053381
0.8872949
0.9130546
0.9181441
0.8937788
0.9218239
0.931598
0.9188417
0.8980485
0.9113188
0.9113143
0.8935182
0.9112268
0.9238958
0.9116991
0.9110707
0.8987239
0.9226077
0.9119513
0.9089847
0.9174352
0.9068286
0.9279321
0.9243096
0.9016064
0.9095556
0.9065599
0.8916831
0.8869185
0.8828338
0.9021352
0.9122521
0.9118382
0.9040801
0.9109634
0.9122794
0.913703
0.8514715
0.8883571
0.9066471
0.9170087
0.9038781
0.8966747
0.9073696
0.9097157
0.9136949
0.9243077
0.8679482
0.9069369
0.9127405
0.9007082
0.9019651
0.9188575
0.9258272
0.8953651
0.8952135
0.9130481
0.9156966
0.9217687
0.8951862
0.8960556
0.8957784
0.8933612
0.8977538
0.8997565
0.8947021
0.8863261
0.8853791
0.8909946
0.8978271
0.8975065
0.897822
0.8991331
0.8926729
0.8777429
0.9117449
0.9127251
0.9164876
0.9279354
0.88794
0.9014054
0.8784551
0.9341902
0.9070243
0.9041891
0.9033976
0.9172553
0.9176748
0.9094933
0.9080776
0.8967015
0.8915751
0.8981583
0.9117424
0.9302473
0.8982049
0.9032537
0.9137652
0.9000248
0.9079958
0.9113614
0.8859967
0.9120642
0.9226719
0.8902263
0.9223486
0.9301672
0.9179507
0.8986884
0.9149808
0.9173938
0.8898042
0.9082974
0.9240044
0.9154884
0.9092601
0.893572
0.9217873
0.9128146
0.9118921
0.9186934
0.9107687
0.9281584
0.9252707
0.9053648
0.9063293
0.9042882
0.8908699
0.8853037
0.8776136
0.9052608
0.9123693
0.9156314
0.9068118
0.9138715
0.9159479
0.9171838
0.8500602
0.881879
0.9061925
0.9173793
0.902439
0.8949833
0.9133267
0.9104611
0.918799
0.928032
0.8663689
0.9088275
0.9142746
0.8938537
0.8969898
0.9116972
0.9143207
0.8902838
0.8952191
0.9099602
0.9142331
0.9200761
0.8967806
0.8946765
0.9002344
0.8985868
0.8976067
0.9030581
0.8985125
0.8891062
0.8853078
0.8924437
0.8966612
0.895281
0.8958018
0.8966307
0.8893266
0.8795974
0.9108375
0.9115139
0.9165253
0.920742
0.8926442
0.8997652
0.8835838
0.9282988
0.901767
0.8948642
0.8984076
0.9139693
0.9144519
0.9028121
0.9045924
0.8934303
0.8940146
0.8978116
0.9093549
0.9133412
0.8979383
0.9002248
0.9105579
0.9025464
0.9058007
0.9018398
0.8838217
0.9100018
0.9191276
0.8869152
0.9168389
0.9239525
0.9082127
0.8986263
0.9088132
0.9098305
0.8850378
0.9097497
0.9128887
0.9120063
0.9041175
0.8921101
0.915815
0.9069104
0.9041626
0.9139412
0.9034869
0.924491
0.9257125
0.8988845
0.9060583
0.9079831
0.8884153
0.8839855
0.8806202
0.8977378
0.9083029
0.910311
0.9044155
0.9088055
0.9120706
0.9112872
0.8621036
0.8903979
0.9028964
0.9222662
0.8960859
0.8925042
0.9130823
0.906914
0.916027
0.9138521
0.8717643
0.9107943
0.9126037
0.8925169
0.8959125
0.9139856
0.9186929
0.904603
0.897373
0.9143386
0.9129755
0.9188601
0.8982593
0.896924
0.8998135
0.8994235
0.8981886
0.9056597
0.9030853
0.8908724
0.8931256
0.8969201
0.8961128
0.8964372
0.8978215
0.8999423
0.8984632
0.8880071
0.9097186
0.9106484
0.9134192
0.922152
0.8941926
0.9036646
0.8898757
0.9265445
0.9059742
0.9026374
0.9037208
0.9172188
0.9148921
0.9110962
0.9040121
0.9013275
0.8998639
0.902624
0.909756
0.9160482
0.9015041
0.9031961
0.9134892
0.9025493
0.9085374
0.9049209
0.8959038
0.9108886
0.9199151
0.8947311
0.9125608
0.9204329
0.9131361
0.8989828
0.9099121
0.9143286
0.8948395
0.9044709
0.9135924
0.9069908
0.9045517
0.8992148
0.9188221
0.9100204
0.9088826
0.915947
0.9059013
0.9258608
0.919773
0.9069604
0.9075607
0.9079112
0.8972456
0.8949975
0.8880743
0.9022333
0.908836
0.9141091
0.9100284
0.9087537
0.9124838
0.9088416
0.8743092
0.896029
0.9002318
0.9288492
0.8995828
0.9033664
0.9095853
0.9100481
0.9140786
0.9138472
0.8829577
0.9120748
0.9099266
0.9002671
0.8994435
0.9132522
0.9130694
0.8972318
0.8958169
0.9133784
0.9149508
0.9217692
0.8953939
0.8960829
0.8958914
0.9002558
0.8970719
0.9015993
0.9008491
0.8901376
0.8895461
0.895739
0.8974148
0.8961933
0.8998928
0.8951265
0.8999646
0.8870473
0.9164487
0.9168357
0.9178449
0.9159776
0.8919193
0.9028779
0.8897558
0.9229203
0.9034786
0.898993
0.9060502
0.9151896
0.9146048
0.9061565
0.9070871
0.8986326
0.8969697
0.9005135
0.9042455
0.9105646
0.8981393
0.9045664
0.9065582
0.9027658
0.9070583
0.9034941
0.8894483
0.9062853
0.9204173
0.8934673
0.9103198
0.9163885
0.9152298
0.9036333
0.9059545
0.9109479
0.8929392
0.9097692
0.9128961
0.9076398
0.9040654
0.8989935
0.9210445
0.9105668
0.9024502
0.9123681
0.8981584
0.924362
0.9231738
0.9057367
0.9077807
0.9113606
0.8992221
0.8887004
0.8889417
0.8943978
0.9087808
0.9113752
0.9030494
0.9072038
0.9095246
0.9130211
0.8805662
0.8930317
0.90187
0.9291611
0.9033379
0.8972499
0.9099046
0.9096803
0.9121713
0.9113155
0.8806507
0.9118077
0.9066384
0.8990264
0.9018659
0.9167114
0.9196692
0.8974881
0.8973752
0.9098319
0.9141172
0.9213099
0.8977541
0.8972008
0.8961857
0.8965619
0.8944406
0.8988949
0.9020613
0.8874457
0.8852732
0.8931577
0.8969423
0.8961716
0.8984453
0.8984618
0.8939572
0.8822194
0.9126518
0.9123207
0.9167611
0.9226929
0.89457
0.8980524
0.8851824
0.9245618
0.9064194
0.8987058
0.9018738
0.916878
0.9150774
0.9061694
0.9074041
0.8955723
0.8938399
0.895828
0.9094217
0.9180445
0.8960318
0.9031393
0.9123274
0.8941704
0.9074862
0.9065094
0.8882064
0.9110966
0.9171699
0.8886244
0.9172707
0.919426
0.913083
0.8984279
0.9068693
0.9075821
0.8900572
0.9057044
0.915816
0.9101502
0.9098107
0.8926641
0.9187909
0.9064957
0.9056447
0.9154965
0.90358
0.9229162
0.9234791
0.9036861
0.9041856
0.905824
0.8910447
0.8878578
0.8865827
0.9032904
0.9104397
0.9121745
0.9026869
0.9091863
0.9106598
0.9109708
0.8686154
0.887586
0.8996602
0.9262151
0.9018228
0.8962789
0.9066969
0.9055936
0.9117076
0.9163181
0.8726061
0.9077649
0.9094457
0.8939238
0.89542
0.9162983
0.9210241
0.9100608
0.9097889
0.920429
0.9220525
0.9253951
0.9090198
0.9093916
0.9085303
0.9102147
0.9116466
0.9135763
0.9127645
0.9058225
0.9079706
0.9108994
0.9095438
0.9097627
0.9111529
0.9097897
0.9090556
0.9008285
0.9213213
0.9211846
0.9205193
0.9223135
0.9070018
0.9140035
0.9056746
0.9249836
0.9113344
0.9070207
0.9088457
0.9178529
0.9196612
0.9162963
0.9134368
0.9115213
0.9088786
0.9098277
0.9137378
0.9178216
0.9112843
0.9137768
0.9152198
0.908574
0.9172963
0.9106974
0.906387
0.9158364
0.9206113
0.9050148
0.91737
0.9211358
0.9125695
0.9106585
0.9165361
0.9218777
0.906369
0.9149541
0.9188661
0.9133914
0.9130829
0.9081291
0.922915
0.9147314
0.9118131
0.9167392
0.9127571
0.9275934
0.9281683
0.9122404
0.9130223
0.9142257
0.9091421
0.9088291
0.904228
0.9143815
0.9140573
0.9174296
0.9114198
0.9167482
0.9174761
0.9160282
0.8935688
0.9052121
0.9066605
0.9318008
0.9080846
0.909876
0.9172162
0.9173758
0.9175215
0.9160265
0.8994626
0.9172282
0.9107075
0.9079601
0.9080812
0.9178718
0.9247167
0.9033162
0.8977686
0.9169351
0.9210244
0.9280734
0.8986479
0.8977158
0.8958177
0.8959119
0.8985308
0.8992651
0.8945538
0.8869335
0.8909056
0.8963947
0.8981989
0.8989854
0.9002133
0.8998201
0.9005709
0.8852666
0.9147318
0.9153342
0.9234368
0.9280747
0.8940473
0.9023237
0.8854461
0.9363964
0.9099284
0.9078034
0.9040258
0.9221753
0.9228232
0.9126071
0.9121717
0.8972526
0.897893
0.9029335
0.9140682
0.9248782
0.9020561
0.9083022
0.9191355
0.904707
0.9100007
0.909371
0.8923009
0.9144679
0.9269625
0.8920292
0.9244305
0.931481
0.919633
0.8984235
0.9167453
0.917945
0.8915998
0.9110031
0.9247269
0.9152536
0.9121151
0.8997182
0.9290161
0.9110111
0.9125356
0.9199363
0.9132474
0.9313603
0.9286676
0.9078296
0.9094843
0.9117944
0.8949285
0.8860098
0.8834847
0.9037703
0.9116365
0.919239
0.9088687
0.9167699
0.9188974
0.9147754
0.8668674
0.8942283
0.9047496
0.9182189
0.9044081
0.9014069
0.9162772
0.918012
0.9185566
0.9268947
0.8722464
0.9116726
0.9145667
0.9017854
0.9015429
0.9152758
0.9196089
0.8948681
0.900085
0.9100821
0.9113356
0.9206015
0.8972848
0.8990605
0.8947219
0.894422
0.8902963
0.8955108
0.8946213
0.8876608
0.8874347
0.8905688
0.8991272
0.8991674
0.8981836
0.8999184
0.8919942
0.8781226
0.9105532
0.9103843
0.9160391
0.9205473
0.8925958
0.8971953
0.8824211
0.9277199
0.9027289
0.9018244
0.9022823
0.9149902
0.916658
0.9053837
0.9079006
0.8972542
0.8922678
0.9012489
0.9107193
0.916856
0.8997923
0.9043808
0.9093895
0.8953753
0.907079
0.9089503
0.8885008
0.9107684
0.9234183
0.8955367
0.915928
0.9213226
0.9155568
0.8974466
0.912967
0.9115731
0.8937578
0.9093912
0.9164308
0.9103897
0.9063183
0.8919645
0.9170237
0.910368
0.9070503
0.9113277
0.9067445
0.9209674
0.9230198
0.9017832
0.9054535
0.9051396
0.8918175
0.8892464
0.8787779
0.8997823
0.9070145
0.9135667
0.904894
0.9115057
0.9117029
0.9162368
0.8619652
0.8839846
0.9025526
0.9215556
0.9013047
0.8989775
0.9104272
0.9093014
0.9134977
0.9164646
0.8766306
0.9079835
0.9077183
0.8933333
0.897609
0.9172968
0.926247
0.8972987
0.8951153
0.9137836
0.9152139
0.9258212
0.8961843
0.8939609
0.8959967
0.8924748
0.8915419
0.8962932
0.8970192
0.8801869
0.8811252
0.8949591
0.8970723
0.894038
0.8955498
0.8965346
0.8952056
0.8809878
0.9117485
0.9116869
0.9206933
0.9321997
0.8904782
0.902609
0.8764582
0.9354593
0.9132095
0.9064628
0.9005319
0.918902
0.9218589
0.9156107
0.908791
0.8946929
0.8933211
0.8998792
0.9119907
0.9280905
0.8990155
0.9068978
0.9213002
0.9049067
0.9126669
0.9091156
0.8892635
0.9142303
0.9262781
0.8887822
0.9258244
0.9341776
0.9232258
0.9003194
0.9153883
0.9150554
0.8876158
0.9127537
0.9243936
0.9150708
0.9116764
0.8947109
0.9237071
0.9147957
0.9120226
0.9204725
0.9080612
0.9304098
0.9308746
0.9036996
0.9092826
0.9112756
0.8906048
0.8830486
0.8756113
0.9058873
0.9115126
0.9178556
0.9101119
0.9186189
0.9178652
0.9167607
0.8526473
0.889702
0.9056533
0.9124187
0.9053309
0.9010687
0.9164732
0.9132766
0.9227211
0.9270342
0.8627656
0.9062826
0.915929
0.8944998
0.8972528
0.9157676
0.9225516
0.9043805
0.8995437
0.9097736
0.9197126
0.926184
0.9019395
0.8994929
0.8988886
0.8977031
0.8990001
0.9012868
0.8970323
0.8917512
0.8901704
0.8974451
0.9007567
0.9002387
0.9026539
0.902834
0.8975327
0.8830995
0.9147822
0.9151384
0.9178596
0.9208424
0.8984646
0.9011044
0.8859588
0.9308837
0.9101358
0.9057632
0.905227
0.9170728
0.9184011
0.9079683
0.9091614
0.9000611
0.8989404
0.9000287
0.9147204
0.922307
0.8977002
0.9072859
0.9134371
0.9041617
0.9055656
0.9104461
0.8869158
0.9144893
0.9201623
0.8955733
0.9208246
0.9262041
0.9191406
0.9021524
0.909107
0.9116808
0.8941976
0.9075704
0.917025
0.9152494
0.9113683
0.8958716
0.9167542
0.9078573
0.9104261
0.9139989
0.9102729
0.927364
0.9255502
0.9061772
0.908476
0.909583
0.8959126
0.892584
0.8853524
0.9044679
0.9093343
0.9117295
0.9047028
0.9101841
0.9113153
0.9120676
0.8694373
0.8914019
0.9064561
0.9198872
0.9055706
0.9033739
0.9097803
0.9093991
0.9137615
0.9210684
0.8768738
0.9087087
0.9091644
0.8981269
0.8999426
0.9107919
0.9141217
0.8945653
0.8954766
0.9066974
0.9146151
0.9206136
0.8980969
0.8953015
0.8981519
0.8985226
0.8966921
0.9007589
0.8969913
0.8885666
0.8878709
0.8920471
0.8960222
0.8952117
0.8958965
0.8970528
0.8891265
0.8816232
0.9090812
0.9101112
0.9129478
0.9189599
0.8892133
0.8994646
0.8905917
0.9241644
0.8981522
0.8945999
0.8955744
0.9151301
0.9091139
0.9022748
0.9029571
0.8976153
0.8948802
0.9006422
0.9061247
0.9095003
0.8924715
0.8969999
0.9107434
0.8993581
0.9078007
0.90153
0.8894449
0.9042383
0.9141405
0.8907554
0.9119871
0.9186357
0.9114597
0.8946227
0.9066782
0.9105644
0.8903728
0.9051226
0.9071796
0.9090087
0.9008046
0.8921183
0.9148853
0.9051552
0.9044637
0.9099148
0.9028257
0.9212233
0.925536
0.8933009
0.9039977
0.9096011
0.8900114
0.8885086
0.8882102
0.8915694
0.9027037
0.9110053
0.9027773
0.9073739
0.9091366
0.9069834
0.8671052
0.889913
0.9002371
0.9293618
0.8954769
0.8937377
0.908784
0.9035462
0.9103389
0.9092425
0.8767207
0.9102785
0.9047089
0.8934189
0.8934141
0.9144531
0.9189604
0.9000585
0.8982139
0.9155398
0.9168979
0.9237264
0.8997552
0.8980817
0.9004038
0.9012444
0.8991941
0.9062095
0.9014519
0.8917167
0.8881286
0.8992536
0.8986744
0.8972247
0.8995943
0.8995315
0.8991916
0.8854451
0.9133517
0.913866
0.9192758
0.927062
0.8914332
0.9017873
0.8917698
0.933147
0.9028711
0.9053974
0.9040781
0.9178073
0.9207222
0.9124213
0.9082396
0.9016583
0.9008535
0.9061735
0.9120895
0.925096
0.9040229
0.9047312
0.9122252
0.904512
0.9125463
0.90958
0.8940561
0.9129936
0.9224427
0.8982388
0.9218166
0.923538
0.9159416
0.9015108
0.912765
0.9143769
0.8973815
0.9121665
0.9177629
0.9130279
0.9091461
0.8958765
0.9241355
0.9114851
0.9103704
0.9168646
0.9076081
0.9265647
0.9216677
0.907211
0.9043897
0.9128158
0.901929
0.8892905
0.8895447
0.9033075
0.9104695
0.916649
0.9114469
0.914247
0.913469
0.9115694
0.870688
0.8950377
0.9084836
0.9291738
0.9032366
0.9024065
0.9144336
0.9113514
0.9163564
0.9231807
0.8795053
0.9158667
0.9079345
0.897514
0.8966318
0.9158811
0.9133472
0.8931744
0.896727
0.9105775
0.9144292
0.9211607
0.8952086
0.8962844
0.8942141
0.8923061
0.8919877
0.896097
0.892662
0.8888688
0.8867479
0.8994159
0.8965456
0.8959229
0.8983821
0.8966732
0.8977681
0.8847507
0.9115308
0.9119953
0.9161583
0.9188355
0.891921
0.9041956
0.8886968
0.9261218
0.9060132
0.9000273
0.9049595
0.9158188
0.9152806
0.9068397
0.9065841
0.8950752
0.8946231
0.8963731
0.9057961
0.9115041
0.8980492
0.9085266
0.9073013
0.9015118
0.9083878
0.9043456
0.8930262
0.9062041
0.9188874
0.8923521
0.9161226
0.9188588
0.9115794
0.9010723
0.90989
0.91143
0.8926167
0.9074419
0.9125719
0.9051046
0.9064756
0.8978508
0.9179598
0.9076837
0.9071699
0.9148232
0.9055567
0.9236948
0.9248087
0.9058502
0.9077258
0.9073211
0.8931467
0.8898817
0.8824923
0.8993535
0.912396
0.9129762
0.902996
0.9117015
0.9148512
0.9070054
0.8736718
0.8937283
0.8998209
0.9242836
0.8994886
0.8982268
0.9103586
0.9108518
0.9159354
0.913122
0.8752583
0.9084429
0.9071966
0.8986199
0.8982705
0.9166667
0.9239325
0.8961264
0.8941367
0.9126044
0.9148898
0.9216573
0.8933157
0.8929962
0.8964211
0.8976699
0.8961326
0.9005691
0.8980882
0.8823688
0.8807414
0.8939552
0.8921825
0.8921524
0.8954413
0.8967455
0.8934481
0.8789191
0.9104017
0.9110531
0.9198332
0.9274366
0.8914534
0.8967289
0.8774393
0.9310022
0.9076341
0.9023907
0.9052284
0.9215033
0.9154398
0.9083933
0.9033763
0.8992953
0.9011715
0.8990166
0.9120648
0.9271315
0.8977906
0.9053108
0.9125975
0.9026953
0.9047877
0.9066458
0.8868148
0.9131939
0.9249549
0.889734
0.9241188
0.9270521
0.9183011
0.8984146
0.9123615
0.9132274
0.8898895
0.9106792
0.9201021
0.9143056
0.9079599
0.8975812
0.9225713
0.9086793
0.9108184
0.9179159
0.9059912
0.9285074
0.9266973
0.9041282
0.9040337
0.9072509
0.8903156
0.8827723
0.8848008
0.9042754
0.9087289
0.9145809
0.9069341
0.915712
0.9124521
0.9095247
0.8559262
0.8874576
0.9047619
0.9213922
0.8985546
0.898824
0.9100282
0.9099524
0.9169609
0.9238508
0.867295
0.9097962
0.909707
0.8969191
0.899829
0.9177589
0.9249468
0.8995012
0.8918848
0.9130764
0.9185449
0.9279731
0.8953319
0.8919972
0.8975291
0.894344
0.8941316
0.8965071
0.8958248
0.8851171
0.8832588
0.895529
0.8942171
0.893275
0.8972238
0.895384
0.8954865
0.8814142
0.9136281
0.914034
0.9246253
0.9283902
0.8892037
0.9011117
0.8718686
0.9353363
0.9146752
0.9025705
0.9043184
0.9217647
0.9191357
0.9127651
0.9155006
0.8970708
0.8980741
0.8931153
0.916867
0.9314239
0.8976978
0.9122464
0.9160874
0.9039736
0.9083836
0.9120639
0.8872393
0.9168997
0.9246423
0.8903863
0.927344
0.9318951
0.9227274
0.8997169
0.914879
0.9122015
0.8903325
0.9126978
0.9283438
0.9162587
0.9153374
0.897328
0.9250499
0.9143769
0.9093719
0.9172404
0.9129238
0.9257584
0.9310841
0.9079004
0.90915
0.9055755
0.8875348
0.8804644
0.8802223
0.9065247
0.9172679
0.917059
0.9085372
0.9128065
0.9156258
0.9116985
0.8551475
0.8872189
0.9057647
0.913859
0.9066456
0.895121
0.912574
0.9119902
0.9167628
0.931683
0.8619662
0.9092721
0.9145536
0.8929563
0.896833
0.9171827
0.9188427
0.9055096
0.9005954
0.9200207
0.9151174
0.9273048
0.9014671
0.8998787
0.8983811
0.8975653
0.8967318
0.9019912
0.8997622
0.8931464
0.8869365
0.903116
0.9011236
0.9026073
0.9034598
0.9043791
0.9015259
0.8899913
0.9169471
0.9173327
0.9172636
0.9221942
0.8958934
0.9050227
0.890345
0.9297453
0.9069296
0.9043198
0.9070641
0.918987
0.9175641
0.908836
0.9106461
0.9019899
0.8996841
0.9022272
0.9112923
0.9211989
0.9018546
0.9098358
0.9112174
0.9066493
0.9106807
0.9056857
0.8935187
0.9103855
0.9219858
0.8980269
0.9183582
0.9239127
0.9069545
0.902757
0.9159565
0.9122953
0.8975046
0.9132597
0.9184998
0.91449
0.9112317
0.8995863
0.9232723
0.9092975
0.9142043
0.915407
0.9077206
0.927923
0.9253306
0.9107007
0.9069379
0.9087965
0.897869
0.8931941
0.8889699
0.9077121
0.9142413
0.9129456
0.9070659
0.9131799
0.9137059
0.9103903
0.8744821
0.8965884
0.908804
0.9260481
0.9005181
0.9015425
0.915511
0.91145
0.9163377
0.9179757
0.8842439
0.9126241
0.9129413
0.9003565
0.9029916
0.8892223
0.9097657
0.918854
0.9141702
0.8767573
0.9030814
0.9064385
0.9138279
0.9138915
0.9207987
0.921898
0.9199314
0.9238513
0.9225978
0.919733
0.9179777
0.905039
0.9140079
0.9128322
0.9169436
0.913289
0.8982132
0.9200427
0.9044573
0.9064658
0.9057564
0.9175588
0.9134873
0.901592
0.9172801
0.8975788
0.8942178
0.9010202
0.8954324
0.8904495
0.8898135
0.8845807
0.8927392
0.9196163
0.9215789
0.9165322
0.9168925
0.9070226
0.8806566
0.8952909
0.9122388
0.9159926
0.9121805
0.9132457
0.9135115
0.9215042
0.8670139
0.9204729
0.8853316
0.917971
0.9264016
0.914069
0.8777978
0.8777385
0.9198183
0.901209
0.9092959
0.9008958
0.8975323
0.8921776
0.8907907
0.8863971
0.8816278
0.8736136
0.9097212
0.8780917
0.9072262
0.8934481
0.8974576
0.9232744
0.9073467
0.9223871
0.9208846
0.9147896
0.8973852
0.8814453
0.8870864
0.8783554
0.8836868
0.896652
0.9250854
0.8994047
0.8947086
0.9295577
0.9258019
0.9002285
0.881432
0.8734393
0.8652309
0.907878
0.9206822
0.9137763
0.8917999
0.8925747
0.8918551
0.9185771
0.9089537
0.9020265
0.888594
0.9182357
0.9209644
0.9269115
0.8850362
0.887392
0.8942216
0.8935503
0.8950739
0.8956389
0.8920164
0.8887148
0.882141
0.9076747
0.8866299
0.8869373
0.8859782
0.8896346
0.9076183
0.902837
0.9254449
0.925342
0.9250409
0.9211581
0.8856367
0.9181171
0.8865562
0.9284663
0.9111143
0.9006639
0.9108459
0.9205678
0.9176671
0.9085858
0.9134081
0.8925303
0.8947637
0.892385
0.8941623
0.9130559
0.906903
0.9117438
0.9124403
0.9158719
0.9189865
0.9091246
0.9078608
0.8963926
0.9194863
0.8863402
0.9150706
0.9186142
0.9206877
0.9100056
0.9116287
0.9169286
0.8853409
0.921036
0.9078924
0.9181889
0.9142432
0.9076553
0.9203194
0.9128684
0.9111745
0.9108287
0.8906572
0.9257421
0.926494
0.9102251
0.9167782
0.9180024
0.9026803
0.8895148
0.8878637
0.8849966
0.9163375
0.9181177
0.9086833
0.9126418
0.9167902
0.9128911
0.9058867
0.9075192
0.9147411
0.9316758
0.9166149
0.9050185
0.9119129
0.9148077
0.9122152
0.9109908
0.902449
0.9176084
0.90843
0.907327
0.9084292
0.9149757
0.903625
0.8934232
0.8353908
0.9129705
0.9237038
0.9265551
0.8385093
0.8368212
0.8652182
0.8651605
0.8669851
0.8754333
0.8730135
0.8599761
0.8504942
0.9021609
0.8344841
0.8337231
0.8374922
0.8351597
0.9000729
0.8947938
0.9195751
0.9201974
0.9226661
0.9198425
0.855476
0.9092341
0.8652312
0.9246995
0.8998694
0.8973512
0.9002322
0.9155311
0.9143083
0.9100325
0.9046849
0.8662202
0.8659148
0.8680123
0.8776753
0.9000653
0.9088602
0.9040136
0.9130373
0.9119107
0.9177698
0.9012759
0.9040983
0.8773701
0.9174446
0.7585064
0.9131725
0.9197751
0.9118352
0.9074015
0.9091007
0.907573
0.7546566
0.9139108
0.9035603
0.9059488
0.90334
0.8973048
0.9189064
0.9071212
0.9057592
0.9120852
0.8357507
0.9222965
0.9256103
0.8986606
0.9090844
0.914666
0.8988282
0.8644782
0.8627489
0.8642608
0.9082378
0.9072346
0.9121076
0.9066093
0.9082987
0.9158625
0.9007565
0.900649
0.9043437
0.9385429
0.9053431
0.8978664
0.911267
0.9057867
0.9155744
0.9053431
0.8974369
0.9136865
0.9096265
0.8983452
0.9023078
0.8883884
0.9007329
0.9022494
0.8986332
0.8765401
0.8798603
0.8869099
0.8981656
0.8980229
0.9035655
0.9063875
0.9054262
0.9065867
0.9066337
0.9011677
0.9011862
0.8657854
0.899768
0.899609
0.9003185
0.8967385
0.7865685
0.9038546
0.882133
0.8841339
0.8847297
0.9146227
0.9013572
0.872969
0.9104424
0.8957952
0.8568036
0.8871554
0.874532
0.8929327
0.888901
0.8797429
0.8560071
0.902474
0.9016004
0.9068631
0.9011341
0.8940581
0.8729585
0.8629369
0.9061711
0.9084015
0.912139
0.9008892
0.9042677
0.9056523
0.8782084
0.9027873
0.8847835
0.9116711
0.9118867
0.901307
0.8807666
0.8809446
0.9039231
0.8681118
0.8949849
0.8179821
0.8567457
0.7777689
0.8894157
0.8791934
0.8725594
0.8765306
0.9028534
0.8895186
0.8863774
0.8738185
0.8687824
0.9154274
0.8900567
0.9013158
0.9031621
0.9003611
0.8671132
0.8832876
0.8811515
0.8818261
0.8843739
0.8954696
0.908591
0.8838515
0.8081154
0.9287497
0.9123094
0.8895896
0.8816994
0.8795312
0.8768211
0.8932678
0.9036007
0.9019273
0.8880522
0.7808094
0.7842422
0.9112578
0.8407263
0.8922589
0.8968682
0.9108491
0.9124444
0.9158421
0.8953809
0.897909
0.9066928
0.9044651
0.9040481
0.9092054
0.9095766
0.8972921
0.8972692
0.9110857
0.8969648
0.8940068
0.8995862
0.8971777
0.9001415
0.9119035
0.9153618
0.9161031
0.9179752
0.9102465
0.8979554
0.9112771
0.914428
0.9099592
0.8961933
0.8950873
0.9082566
0.9096426
0.9060586
0.9006159
0.8987802
0.9052681
0.9030032
0.9033285
0.8917768
0.83272
0.908336
0.8966441
0.9016335
0.9121141
0.9134757
0.8966711
0.9088044
0.8954434
0.906691
0.9023269
0.8940546
0.9048623
0.8991916
0.9077453
0.8994444
0.9058853
0.9015149
0.9095917
0.8391411
0.9001196
0.8990402
0.8994667
0.9146294
0.9046761
0.9051712
0.9015165
0.8903685
0.9115755
0.9200797
0.8991307
0.9105454
0.9192623
0.9027577
0.9090942
0.9108362
0.8895427
0.9070207
0.9029586
0.9069842
0.8981612
0.9064154
0.9125022
0.9212289
0.9148906
0.9001015
0.9474319
0.9115145
0.8995377
0.8991681
0.9015786
0.8992133
0.8184585
0.9160477
0.9146562
0.9031393
0.9002173
0.8969391
0.8925086
0.9049033
0.9053367
0.8969996
0.8826079
0.8187268
0.826046
0.8944862
0.8967882
0.9063161
0.9059951
0.904956
0.9108957
0.9107238
0.8919706
0.8936609
0.8389454
0.897015
0.8960987
0.8975707
0.8983856
0.8595389
0.8987235
0.7917201
0.7966292
0.8310636
0.9178885
0.8960213
0.7985564
0.9008075
0.903461
0.7457896
0.891703
0.8741498
0.8902378
0.8976429
0.8844029
0.7804782
0.9055343
0.9064367
0.9018906
0.910427
0.9062766
0.8806118
0.7471965
0.9070508
0.9109732
0.9124727
0.9079272
0.9035356
0.9084981
0.8890448
0.9020371
0.8921157
0.9192324
0.9165273
0.9052894
0.8865194
0.8876857
0.9027783
0.8320665
0.9072099
0.8722075
0.7346069
0.8525387
0.8960043
0.8841326
0.8767368
0.883343
0.9056556
0.8968059
0.8254678
0.874578
0.8091433
0.9174118
0.8891056
0.9030222
0.8985768
0.897995
0.7380128
0.8924162
0.8851632
0.885735
0.8877984
0.9004078
0.8984464
0.8811375
0.8639174
0.925583
0.908215
0.8909673
0.88779
0.8823466
0.8814426
0.902633
0.8956058
0.9075966
0.8875067
0.8557434
0.8536594
0.8917161
0.912856
0.9179665
0.9146146
0.8580195
0.8973491
0.9002109
0.9139628
0.9155305
0.9173315
0.9189417
0.9155888
0.9194431
0.9212773
0.9207723
0.9201374
0.8991184
0.9145296
0.9160105
0.9192316
0.9158938
0.8961774
0.9248756
0.9035291
0.9056234
0.8975063
0.9148907
0.9140496
0.897295
0.9209638
0.8943667
0.8905802
0.8973735
0.8935361
0.8909214
0.8835039
0.8758611
0.8873149
0.9209761
0.9189988
0.9183459
0.9135453
0.9062898
0.8796063
0.892377
0.9176962
0.9138893
0.918053
0.9136594
0.9194534
0.9161883
0.8479706
0.9174922
0.8713735
0.9215838
0.9238102
0.9187442
0.8771504
0.8804512
0.9173302
0.8944551
0.9087247
0.8932673
0.8904075
0.8887848
0.8888055
0.8865831
0.8825293
0.8593457
0.9162975
0.8673581
0.904521
0.8923504
0.8933191
0.9206508
0.9078892
0.9202968
0.9206911
0.9086786
0.8924161
0.8819807
0.8849164
0.8778299
0.879964
0.8942961
0.9276208
0.9023277
0.8919356
0.9280344
0.9274245
0.9036366
0.8777677
0.8804587
0.8399805
0.9041481
0.9185786
0.9114718
0.8849827
0.8878279
0.8866147
0.8949936
0.9152293
0.9210536
0.9175925
0.8962929
0.8583122
0.8643207
0.9181272
0.9175838
0.9201858
0.9215447
0.9201518
0.921059
0.9222036
0.916073
0.9148564
0.8572893
0.9207018
0.9172964
0.9183236
0.9161527
0.8810133
0.9201898
0.8632164
0.8662086
0.8646703
0.923538
0.9163627
0.8549406
0.9201919
0.9073756
0.846975
0.9078007
0.8935858
0.9005799
0.9005972
0.8921558
0.8382195
0.9209657
0.9199093
0.9193346
0.9164098
0.9101771
0.8966451
0.848268
0.9159292
0.9208284
0.9235615
0.9202212
0.9182323
0.9185957
0.8950345
0.923367
0.9008572
0.9252125
0.9262135
0.9168185
0.8960144
0.8974395
0.9235093
0.8536461
0.9120906
0.8834202
0.8399094
0.8756874
0.9038206
0.8975258
0.8924678
0.8918334
0.9164001
0.9044392
0.8602968
0.8901775
0.8479977
0.9257032
0.9052942
0.9215013
0.9175327
0.9128424
0.8419731
0.9019835
0.89382
0.8947406
0.8987061
0.9079528
0.9200853
0.9021155
0.8792513
0.9343269
0.9265269
0.9115702
0.8959061
0.89765
0.888877
0.9143947
0.9203258
0.9176727
0.9003955
0.8772063
0.8758905
0.910309
0.9173371
0.9034965
0.9088575
0.9053094
0.9150653
0.9210671
0.9077351
0.9088478
0.9067426
0.9085945
0.9107679
0.913969
0.9141546
0.9030362
0.9011412
0.9035519
0.9079478
0.9076638
0.9077379
0.9100246
0.8979541
0.8950784
0.9090592
0.9099892
0.9158051
0.9126086
0.905384
0.9056617
0.9015565
0.9213573
0.9040723
0.896493
0.8992693
0.9078393
0.9082051
0.9022206
0.9040836
0.9035138
0.9064344
0.9087502
0.9168105
0.9167074
0.9023243
0.9055898
0.9009655
0.9009043
0.9018872
0.9037488
0.8914219
0.914325
0.911603
0.904653
0.9087655
0.9212396
0.9140033
0.8889086
0.9050171
0.9117266
0.9045253
0.9058078
0.9128097
0.908834
0.904468
0.8986665
0.9141971
0.9025488
0.9017572
0.9063403
0.9109104
0.9158147
0.9215975
0.8972148
0.9033642
0.903443
0.8976423
0.9050038
0.9048119
0.907757
0.908709
0.9080359
0.9062599
0.907431
0.9098008
0.9082995
0.8936529
0.8977309
0.9029268
0.9268342
0.9148108
0.8985286
0.9089985
0.9093077
0.9091005
0.9129852
0.8955537
0.9122482
0.9056729
0.8975218
0.900267
0.9130237
0.9152822
0.9056004
0.905525
0.9118242
0.9172759
0.9239782
0.9060795
0.9062957
0.9084689
0.9062899
0.9070418
0.9090332
0.9098207
0.8990809
0.8998184
0.8993875
0.9072264
0.9057351
0.9055351
0.9067709
0.9011262
0.9005249
0.9181781
0.9190111
0.9150582
0.9049772
0.8960921
0.9072933
0.9014704
0.9221702
0.910855
0.8985598
0.905682
0.9124319
0.9154067
0.9069792
0.9075227
0.9060652
0.9070765
0.9057171
0.9151319
0.9130313
0.9009083
0.9085325
0.8824281
0.8879289
0.8852938
0.8937765
0.8415466
0.915397
0.9154042
0.9054203
0.9134619
0.9213057
0.9192442
0.8719589
0.9121605
0.914918
0.9052151
0.9115377
0.9129322
0.9129122
0.9138202
0.9056744
0.9189039
0.9107093
0.9094994
0.9096962
0.9082504
0.9185185
0.9192951
0.9070093
0.9078364
0.8993711
0.8967026
0.9002007
0.9036882
0.904474
0.9119941
0.9128466
0.9041293
0.9115551
0.9159892
0.915598
0.8924074
0.9032464
0.9061738
0.9250503
0.9162956
0.9015335
0.9117555
0.912558
0.9122427
0.9146731
0.8938954
0.9112314
0.9064607
0.9036093
0.9097503
0.9172126
0.9068592
0.9004979
0.8998923
0.9176061
0.9160327
0.9208758
0.8987996
0.9011874
0.9088308
0.9074176
0.904907
0.9083769
0.9050193
0.8902629
0.8906167
0.8976956
0.9008099
0.8995023
0.9006384
0.9015152
0.8973394
0.8787948
0.9139419
0.9149294
0.9195304
0.9202441
0.8928222
0.9080447
0.9017128
0.9311155
0.8986841
0.9005825
0.9056265
0.9148438
0.9157674
0.9085237
0.9003644
0.9028452
0.9010997
0.9024865
0.9054327
0.9053054
0.9079719
0.901634
0.9064285
0.9071146
0.9188387
0.9035244
0.9044786
0.9025224
0.9196166
0.8954501
0.9164898
0.9185733
0.9086126
0.9039448
0.9129586
0.9145173
0.8941619
0.9091335
0.9091306
0.9078693
0.9021569
0.8970198
0.9235464
0.9059386
0.9093783
0.9145426
0.899859
0.9253301
0.9229111
0.9015559
0.9093535
0.9170668
0.896572
0.8915117
0.8973566
0.8947309
0.9047377
0.9160078
0.9083862
0.9128494
0.9192415
0.9130218
0.897762
0.9003167
0.9038088
0.9405815
0.8982602
0.9037639
0.9121458
0.9092753
0.9109574
0.9060221
0.8680929
0.9145462
0.9093499
0.8981928
0.8994886
0.919419
0.9038132
0.9006388
0.9056184
0.9091581
0.9171696
0.9237636
0.9055873
0.9059225
0.905887
0.9068549
0.9062867
0.9114242
0.9106356
0.8945727
0.8955629
0.9043213
0.9085827
0.9064965
0.9042913
0.9041569
0.8983197
0.8967332
0.9153309
0.9169269
0.9199281
0.8959509
0.9017724
0.9073566
0.9003847
0.9241559
0.9044936
0.8971132
0.9042445
0.9129825
0.9139493
0.9085139
0.9058546
0.9022124
0.9023246
0.9064334
0.9092139
0.9088276
0.9085604
0.9055508
0.8839407
0.8918339
0.890025
0.891289
0.8756926
0.9093459
0.9167279
0.9003889
0.9092381
0.9229332
0.9146138
0.7740504
0.9073734
0.9116346
0.8998631
0.9124616
0.9094512
0.9133152
0.9058578
0.8976931
0.9200111
0.9058465
0.9057894
0.9102343
0.9034171
0.9212738
0.9203555
0.9000708
0.9060575
0.9064977
0.8961518
0.9012537
0.9032129
0.9032515
0.9125792
0.9118359
0.9065707
0.9089461
0.9131014
0.9123227
0.8972977
0.9012478
0.9071246
0.9350484
0.9051026
0.8991924
0.9091261
0.9096667
0.9109946
0.9105452
0.8948205
0.913417
0.9103485
0.8978066
0.9015024
0.9172497
0.9239973
0.9114472
0.9084925
0.9138846
0.9224012
0.9256454
0.9103115
0.9106105
0.9057953
0.9083064
0.9073788
0.9134485
0.9110226
0.9015693
0.9035272
0.9078515
0.9117881
0.9081507
0.9105905
0.9126655
0.9091267
0.8991049
0.9153352
0.9159213
0.9221978
0.90163
0.904045
0.9027951
0.8984171
0.9284664
0.9114415
0.9071341
0.9087204
0.9136563
0.9172169
0.9128496
0.9138071
0.9074872
0.9067849
0.9057187
0.9222621
0.9227572
0.9017466
0.9145005
0.9034141
0.8938835
0.8897357
0.903012
0.8825611
0.9195978
0.9245369
0.907948
0.9211128
0.9280145
0.9210808
0.8408477
0.916649
0.916137
0.9073063
0.9153849
0.921843
0.9171997
0.9162541
0.9081852
0.9241087
0.9148929
0.9140148
0.9087508
0.9184148
0.9203145
0.9268672
0.9133597
0.9076
0.9035919
0.9023908
0.9049398
0.9063119
0.9141863
0.9166931
0.915493
0.9090909
0.9182472
0.9150034
0.9063986
0.8945746
0.9023774
0.9125857
0.9215264
0.9178117
0.9041221
0.9133543
0.9129372
0.9153124
0.9247171
0.8975314
0.9178865
0.9097633
0.9088339
0.9091918
0.9074181
0.9168166
0.904269
0.9018966
0.910459
0.916649
0.9211036
0.9012205
0.9006735
0.905712
0.9051869
0.9020502
0.9098669
0.9060349
0.895438
0.8963647
0.8932276
0.9020784
0.9013893
0.9010189
0.9014027
0.8983515
0.8945893
0.9164246
0.9165162
0.9174795
0.918956
0.8981667
0.9061141
0.8964953
0.9265977
0.9031814
0.9021551
0.9040798
0.9126419
0.9154995
0.9031953
0.904263
0.9030824
0.8999451
0.903126
0.9104142
0.9166786
0.8966239
0.9038663
0.9112065
0.906728
0.9090748
0.9075413
0.9001364
0.9097559
0.9146433
0.8947777
0.9126092
0.9214754
0.9172486
0.9045608
0.9079388
0.9077448
0.8922291
0.9029985
0.9142108
0.9067155
0.9052894
0.8964218
0.9161203
0.9033299
0.9022409
0.9093656
0.9057984
0.9183833
0.92051
0.9043288
0.9028158
0.9102974
0.8997561
0.8971701
0.8989251
0.9018409
0.9056638
0.9086996
0.9053879
0.907177
0.9085493
0.9119343
0.8683412
0.8959425
0.8990765
0.9330808
0.9082838
0.9006841
0.9082355
0.9119923
0.9106906
0.9153336
0.8903866
0.9139404
0.9076912
0.8948428
0.8979473
0.9200973
0.9079702
0.8929544
0.87709
0.9152629
0.9162304
0.9247189
0.8759928
0.8755665
0.8779808
0.8745989
0.8789376
0.8825687
0.8797276
0.858772
0.851303
0.889159
0.8760518
0.8745342
0.8770611
0.8785136
0.893201
0.8796089
0.9134877
0.9138979
0.9173905
0.9236518
0.8649893
0.9026552
0.8614024
0.9337401
0.9044581
0.8969442
0.9011658
0.9242025
0.9170355
0.9132527
0.9054327
0.8746616
0.8754058
0.8783738
0.8907028
0.9154641
0.9085287
0.9055582
0.9149182
0.911183
0.9122687
0.9114845
0.9013456
0.894723
0.9246558
0.8721883
0.9195632
0.9282793
0.9173926
0.9037703
0.9100572
0.9122038
0.8706535
0.9149137
0.9159224
0.915747
0.9068024
0.8946995
0.9259193
0.9093686
0.9101858
0.9147655
0.8853656
0.9295189
0.9245263
0.9017165
0.9093995
0.9130545
0.8874831
0.8631742
0.8594989
0.8802081
0.909652
0.9151815
0.9109349
0.9117366
0.9177495
0.9184866
0.886751
0.88481
0.9081644
0.9299445
0.899442
0.8971505
0.9115875
0.9094005
0.9159832
0.915
0.881583
0.907804
0.9146195
0.8952338
0.8975773
0.917787
0.9065816
0.9034643
0.8857164
0.9142062
0.9191581
0.9244662
0.8863486
0.8860317
0.8897408
0.8861509
0.8896411
0.8899749
0.8870042
0.8782426
0.8778786
0.9091297
0.8827591
0.8843888
0.8836344
0.883508
0.9061515
0.9021962
0.9173536
0.9185004
0.9221848
0.9203693
0.8847679
0.9105616
0.8839908
0.9250936
0.9097654
0.9016737
0.9116877
0.9160445
0.9167994
0.9092628
0.9101382
0.8884234
0.8885887
0.8920722
0.8932378
0.9112774
0.9032281
0.9115521
0.9148669
0.9163058
0.9161845
0.9107452
0.9068408
0.8966228
0.9165228
0.8853122
0.9198161
0.9223094
0.9208794
0.9094394
0.9099709
0.9110868
0.8858728
0.9172561
0.909078
0.9119636
0.9100769
0.9045828
0.9240891
0.9086052
0.9113327
0.9151017
0.8890884
0.9206854
0.9285739
0.9095018
0.9132118
0.9100939
0.9000431
0.8837269
0.8859878
0.8799702
0.9179144
0.9146247
0.913203
0.9089581
0.9126032
0.9176074
0.9033845
0.903813
0.9056773
0.9346473
0.9151345
0.9024101
0.9108746
0.9103009
0.9144038
0.9106454
0.900137
0.9157539
0.9140438
0.9020164
0.9026876
0.917778
0.9064663
0.8953645
0.8785665
0.9131175
0.9169385
0.9247492
0.8785885
0.878382
0.8859369
0.88261
0.8821559
0.8882784
0.8826479
0.8619113
0.8617009
0.9021148
0.8801856
0.8771462
0.8769998
0.8765168
0.9010936
0.893128
0.9201603
0.9206746
0.9203685
0.9223491
0.8696072
0.9096453
0.8704018
0.9292441
0.9043048
0.8979129
0.9062219
0.9165371
0.9136442
0.9102588
0.8990947
0.8786941
0.8804533
0.8841955
0.8917159
0.9054282
0.906981
0.9086331
0.9116612
0.9154478
0.9147436
0.9098351
0.9023301
0.8899227
0.9200346
0.8726329
0.9121394
0.9264172
0.9161619
0.9088512
0.9102261
0.9114103
0.871886
0.9122661
0.9078721
0.9141773
0.9085873
0.8952232
0.9221241
0.9100208
0.9104336
0.9131682
0.8851239
0.9273785
0.924977
0.9072877
0.9102439
0.9155726
0.8916549
0.870303
0.8755506
0.8765555
0.9151355
0.9101964
0.9082439
0.9097857
0.9152843
0.9154668
0.9000227
0.8971134
0.9085876
0.9336005
0.9077758
0.8999784
0.9107577
0.9065908
0.9135941
0.9049795
0.8924179
0.9127407
0.9075505
0.8951798
0.8975081
0.919419
0.89857
0.8932945
0.8765858
0.9156164
0.9157959
0.9263117
0.8786459
0.8768695
0.884863
0.8868502
0.8883434
0.892306
0.8900383
0.8656035
0.8616496
0.9021053
0.8776036
0.877595
0.8767274
0.8770135
0.9021384
0.8969583
0.9172696
0.9179779
0.9194047
0.919888
0.8712814
0.9083291
0.8819916
0.928345
0.8997953
0.8992677
0.907361
0.9166337
0.9127755
0.9111095
0.8998253
0.8828563
0.8756455
0.8857536
0.8860987
0.9000329
0.9086589
0.9055671
0.9091397
0.9076693
0.9161158
0.9075541
0.9043744
0.8888765
0.918598
0.8755865
0.9121858
0.9214278
0.9124149
0.9062084
0.9109544
0.9136944
0.8740811
0.9110608
0.902232
0.9101426
0.9026549
0.8966813
0.9224541
0.9102787
0.9115954
0.9110074
0.8811076
0.9261113
0.9273615
0.9063776
0.9095954
0.9127366
0.8968837
0.8789893
0.871861
0.8713289
0.9081522
0.9173237
0.9099707
0.911074
0.9152329
0.9166844
0.9032016
0.8986377
0.9044658
0.9393443
0.9029663
0.8994713
0.9125392
0.911014
0.9122193
0.8980908
0.8936502
0.9149732
0.9118629
0.8976508
0.9030569
0.9208107
0.9075009
0.8925792
0.8744375
0.9162567
0.9179871
0.9265551
0.8763519
0.8755668
0.8767155
0.8772011
0.877
0.8829075
0.8807985
0.8564412
0.8524789
0.8949042
0.8744321
0.8763615
0.8722462
0.8744368
0.899382
0.883285
0.9157256
0.9167371
0.9195579
0.9262485
0.864301
0.904431
0.8617339
0.9373112
0.9063905
0.9011534
0.9001336
0.9217334
0.9197118
0.9135327
0.9069221
0.8764772
0.8746158
0.8773395
0.8972726
0.9152568
0.9041438
0.9051297
0.9136279
0.9155068
0.9131213
0.9066958
0.8981792
0.8953524
0.9223144
0.867162
0.9189509
0.9292558
0.91937
0.8986032
0.9124707
0.9116149
0.8670573
0.9134548
0.9147929
0.913679
0.9066018
0.8955791
0.924164
0.9097851
0.9102899
0.9158348
0.8845469
0.9292491
0.9259246
0.9032716
0.9093678
0.9124876
0.8916717
0.8625459
0.8644508
0.8806872
0.9109602
0.9176944
0.913637
0.9137365
0.9154606
0.9183361
0.8900023
0.8873677
0.9053952
0.9288531
0.8995253
0.9012822
0.9140156
0.9086366
0.9137303
0.9155946
0.8792925
0.9113194
0.9093641
0.8949888
0.8986282