0.8742522
0.9092813
0.8115116
0.836023
0.8860214
0.868954
0.8805112
0.8751038
0.8854873
0.9071009
0.8600104
0.8780051
0.873588
0.8739316
0.9102343
0.9134194
0.7816238
0.9207697
0.917225
0.9187957
0.91784
0.9182796
0.9183825
0.9183198
0.9167608
0.9199253
0.9178285
0.9186708
0.9169141
0.9164716
0.9170048
0.9172472
0.9180206
0.9172594
0.9141479
0.9174824
0.9150957
0.9155493
0.9199126
0.9179715
0.9151399
0.9185397
0.9022575
0.930619
0.9171903
0.9204196
0.9141676
0.9046953
0.9044561
0.9012643
0.9020348
0.9021357
0.9041931
0.9013392
0.9058751
0.9107092
0.885484
0.9129097
0.881733
0.8576223
0.9091424
0.913948
0.8909143
0.890034
0.8886513
0.8886229
0.8614451
0.8600547
0.9140805
0.8847786
0.9172357
0.8731558
0.8677186
0.8681935
0.891172
0.8750322
0.8569992
0.9190982
0.9147675
0.9105553
0.9125747
0.9140412
0.9149081
0.9158479
0.8988416
0.8890737
0.9065824
0.892587
0.8915498
0.8898155
0.8917608
0.8940516
0.8905025
0.9119017
0.915713
0.8895774
0.844496
0.8439514
0.9148304
0.8995564
0.8889286
0.9202389
0.8892545
0.8948111
0.9053344
0.88839
0.9020064
0.8966289
0.8838869
0.9090342
0.8901193
0.9069628
0.8974558
0.8939508
0.9142276
0.9121861
0.883365
0.9173998
0.9139456
0.9163461
0.9185744
0.9155382
0.9160521
0.9159535
0.9162276
0.9202198
0.9137599
0.9191704
0.9147493
0.9152554
0.9153725
0.9171614
0.9154935
0.918383
0.9178159
0.9193548
0.915492
0.9143467
0.9173441
0.9170094
0.9167892
0.9160166
0.908917
0.9228199
0.9154137
0.9144604
0.9159354
0.9062003
0.9060422
0.9027414
0.9043183
0.9059558
0.9052792
0.9032418
0.9063989
0.9133842
0.8872781
0.9053751
0.8839491
0.8919961
0.9091576
0.9087771
0.8973468
0.8798559
0.8776838
0.8775274
0.8920216
0.898475
0.9224592
0.8821038
0.9172638
0.8946607
0.89032
0.8960031
0.8977648
0.8840857
0.8873855
0.912311
0.9124159
0.9116419
0.9173097
0.9077399
0.9138168
0.914329
0.9036993
0.8929804
0.9247834
0.8963451
0.8972079
0.8916253
0.8939745
0.8972343
0.8949332
0.9200295
0.9141032
0.8836122
0.8903123
0.8916761
0.9159485
0.9025854
0.902756
0.9026459
0.9121677
0.9089342
0.919366
0.9132151
0.9211918
0.9147901
0.8953109
0.9233161
0.910154
0.9079489
0.9055788
0.9044707
0.9056187
0.8928936
0.9105591
0.9109944
0.9037676
0.9068806
0.9090619
0.9094907
0.9057687
0.9065693
0.9056147
0.9063468
0.9072414
0.9074628
0.9073573
0.9037064
0.9065311
0.9079973
0.907733
0.9068739
0.9068002
0.9090166
0.9085767
0.9083446
0.9104393
0.9082096
0.9045864
0.9069328
0.9019826
0.9146153
0.9090107
0.9051587
0.9070073
0.8974599
0.8967407
0.8991669
0.8985497
0.9010273
0.8973925
0.899756
0.8986142
0.907494
0.8932503
0.9046266
0.8914102
0.9116146
0.9000285
0.9031127
0.9047586
0.9016247
0.9002863
0.9001074
0.9098975
0.9220135
0.9035556
0.8925029
0.9088654
0.9099796
0.9101243
0.9102354
0.9044543
0.8972383
0.9094068
0.9099871
0.9086239
0.890287
0.903103
0.8992214
0.9008121
0.91012
0.8969398
0.9022034
0.9199156
0.9050361
0.9060524
0.8992718
0.9053379
0.9040896
0.9014492
0.9084427
0.9176487
0.9003331
0.9203907
0.9202208
0.9118001
0.9003848
0.9153797
0.9153803
0.9186809
0.9208532
0.9241861
0.9156814
0.9266356
0.9186279
0.903654
0.9334188
0.9197148
0.9152234
0.9102252
0.9154111
0.9133998
0.8927951
0.9173574
0.8428271
0.8288107
0.834123
0.8402426
0.8363239
0.8308892
0.8364362
0.8361718
0.8393356
0.834787
0.8356591
0.8358742
0.8322384
0.8375771
0.8380525
0.8263373
0.8296465
0.8374611
0.8305222
0.8311849
0.8346529
0.831753
0.8326025
0.830599
0.828327
0.8980132
0.9116683
0.8983718
0.8504086
0.898504
0.8963753
0.8961295
0.8918959
0.8939699
0.8932915
0.8954602
0.8922598
0.8968936
0.8979421
0.8929157
0.8971263
0.9041512
0.9076818
0.8870556
0.8828633
0.9142291
0.8968537
0.8946352
0.8957779
0.9192701
0.9270327
0.9134958
0.8919569
0.8431622
0.9128149
0.9176672
0.9183761
0.9145974
0.8943345
0.9203442
0.9076748
0.9017252
0.8736898
0.8972566
0.8855498
0.8557506
0.8667946
0.8957695
0.9021492
0.9209374
0.9007843
0.9030093
0.8980572
0.8999564
0.9013291
0.9024566
0.9170024
0.9140247
0.8979347
0.92946
0.9296012
0.8456506
0.9017068
0.9097453
0.9078756
0.9200358
0.9184864
0.9229396
0.9211791
0.9299929
0.9189313
0.9116926
0.9364803
0.920491
0.9102629
0.9049651
0.9077354
0.91089
0.8912533
0.9225944
0.857018
0.854635
0.853225
0.8645418
0.8623552
0.8559589
0.8578364
0.8576464
0.8604229
0.8553137
0.8606914
0.853679
0.8563645
0.858003
0.8638166
0.855883
0.8560938
0.8542913
0.8528526
0.8583789
0.8561012
0.852772
0.8564385
0.8557381
0.8553428
0.8917345
0.9136845
0.8952221
0.7869544
0.8993296
0.8875459
0.8873767
0.8865387
0.8868239
0.8851239
0.8874393
0.8870341
0.8890213
0.9096162
0.8915592
0.9032993
0.9071918
0.9057399
0.8894104
0.8935552
0.9136568
0.8982357
0.8994777
0.8971983
0.9253403
0.931402
0.9069028
0.8950159
0.8645678
0.9138233
0.9194801
0.9173954
0.9139106
0.8967266
0.9212032
0.9076396
0.9061522
0.8812578
0.8937603
0.8893899
0.8767917
0.8735554
0.8904382
0.9070045
0.9154295
0.9023398
0.906121
0.9001718
0.9031176
0.9032445
0.9074718
0.9155242
0.9143419
0.8985184
0.932766
0.9324224
0.87226
0.8969019
0.9116507
0.9079947
0.9231018
0.9167084
0.9227661
0.9205763
0.9312866
0.9190864
0.90605
0.9343849
0.9253476
0.9112994
0.9066237
0.9083747
0.9100598
0.8887431
0.9207179
0.8583993
0.854264
0.8531562
0.8643857
0.8624058
0.8566853
0.8563915
0.8581585
0.8602506
0.8574745
0.8589153
0.8564515
0.8485583
0.8573004
0.8649478
0.8517764
0.8548547
0.8578506
0.852124
0.852868
0.8640957
0.8523944
0.8568167
0.8544515
0.8531348
0.8971753
0.9093204
0.892628
0.8021831
0.897326
0.8883849
0.887719
0.8861329
0.8842997
0.8851685
0.8877403
0.886051
0.8886231
0.9079918
0.8912169
0.9023139
0.9031197
0.9113345
0.8887334
0.8893215
0.9093128
0.895694
0.8977127
0.8948473
0.9230604
0.931485
0.9097927
0.8902893
0.8651049
0.9122473
0.9180068
0.9169599
0.9101491
0.9005401
0.9233001
0.9058372
0.9032993
0.8756965
0.8933059
0.8874944
0.8746832
0.8792754
0.88766
0.9092623
0.9121541
0.9050373
0.9069911
0.899945
0.9061451
0.9037895
0.9095326
0.9145317
0.9108487
0.8984874
0.9324768
0.9318672
0.8749626
0.8976384
0.9122989
0.9017996
0.9152222
0.9141017
0.9232503
0.9223773
0.9263614
0.9213942
0.9046935
0.933649
0.9187294
0.9095368
0.903891
0.9106392
0.9093469
0.8938607
0.9159118
0.8433299
0.8365591
0.8404463
0.8479353
0.8454097
0.8393382
0.8454
0.838962
0.8460137
0.8424558
0.8455662
0.842472
0.8378845
0.8421193
0.8482194
0.8394138
0.8401238
0.8394052
0.8407036
0.8415351
0.844218
0.8396961
0.8443077
0.8427082
0.8442676
0.8990893
0.9148989
0.9072533
0.85874
0.9067866
0.9016934
0.9010921
0.89926
0.8944161
0.8972312
0.9026183
0.8995758
0.9017935
0.9146778
0.8946891
0.9143639
0.9078636
0.9077249
0.9013548
0.8972272
0.911643
0.9053354
0.9053378
0.9061859
0.9197013
0.9296519
0.9057486
0.8961349
0.8496477
0.9145354
0.9200993
0.9140005
0.9115834
0.9033752
0.9197388
0.914134
0.9105907
0.8909489
0.8976879
0.9017267
0.876128
0.8798991
0.8983709
0.9108387
0.9151641
0.9084401
0.9111754
0.9046056
0.9107149
0.9090519
0.910872
0.9118236
0.9205538
0.9048751
0.9278314
0.9275951
0.8574486
0.8994109
0.9140291
0.9054016
0.9199348
0.917679
0.9236308
0.9250523
0.9256472
0.9233177
0.9075519
0.9335312
0.9194318
0.9113554
0.9068248
0.9113302
0.9114906
0.8982896
0.91896
0.8498941
0.8418582
0.8485813
0.8525212
0.8547381
0.847177
0.8531007
0.8451772
0.8491971
0.8496752
0.8502797
0.8498678
0.8424626
0.8496831
0.8542043
0.8463179
0.8461217
0.8456282
0.8457687
0.8448859
0.8492441
0.8483977
0.8511929
0.8462328
0.8470758
0.9035213
0.917293
0.912173
0.8613677
0.9103689
0.9034415
0.9031208
0.9006584
0.9013146
0.9002674
0.9036885
0.9016079
0.9037896
0.9170624
0.8950611
0.9167235
0.9069542
0.9111954
0.9038737
0.900228
0.9133178
0.9065089
0.9063162
0.9063376
0.9189887
0.9305852
0.9077526
0.8992072
0.852801
0.9182625
0.9164684
0.9133601
0.9133767
0.9077925
0.9228813
0.918675
0.9142716
0.8943709
0.9028401
0.9040049
0.8797551
0.8831174
0.9011239
0.9082552
0.9165361
0.9108837
0.9131394
0.90322
0.9080823
0.9097819
0.908053
0.9124849
0.919235
0.9063275
0.9286562
0.9286838
0.8584164
0.9007725
0.9209101
0.9162073
0.9227825
0.9211306
0.9254925
0.9172272
0.9314693
0.923892
0.9083807
0.9359934
0.9190214
0.9226426
0.9082377
0.916832
0.9178808
0.9067191
0.9218482
0.9123797
0.9121008
0.9092043
0.912447
0.9122254
0.9093757
0.9080742
0.91204
0.9142685
0.9129217
0.9146886
0.9128847
0.9142806
0.9113246
0.9117104
0.9090487
0.9101688
0.9101715
0.9124525
0.9109721
0.9120517
0.9080255
0.9100593
0.9085975
0.9131284
0.9080754
0.9157573
0.9055573
0.906927
0.8991302
0.909396
0.9088474
0.9105051
0.9083211
0.9099154
0.9087404
0.910537
0.9089473
0.9012337
0.9027048
0.8996923
0.9089939
0.9154222
0.8955513
0.89089
0.9209968
0.9088228
0.910805
0.9096664
0.919416
0.9272392
0.9170287
0.9052347
0.9126144
0.9208425
0.9203415
0.921859
0.9212936
0.9088573
0.9178531
0.9084119
0.9052568
0.887826
0.9063189
0.8937776
0.9058125
0.9034441
0.9069494
0.910161
0.9263943
0.9121839
0.9116137
0.9056941
0.9095311
0.9106681
0.9097296
0.9183479
0.9201873
0.9078699
0.9285244
0.92844
0.9064838
0.9135882
0.907441
0.90922
0.9108872
0.9075178
0.9172353
0.9164124
0.9132763
0.9121593
0.9056863
0.9304643
0.9124811
0.9068959
0.9031312
0.9063319
0.907319
0.9080072
0.9129716
0.919624
0.9205665
0.9182727
0.9204728
0.9235792
0.9187074
0.919419
0.9177969
0.9219739
0.9208548
0.9197374
0.9206275
0.9168049
0.9210225
0.9206583
0.9187308
0.9195877
0.9195864
0.9214738
0.9179008
0.9191321
0.9196816
0.9206111
0.9207501
0.9197214
0.9039785
0.919926
0.919537
0.9135852
0.9174545
0.9017887
0.9012626
0.9022663
0.9025692
0.9029098
0.9022403
0.9027023
0.9018497
0.9201137
0.8999599
0.9174006
0.9064268
0.9107149
0.9113506
0.9114891
0.9105383
0.907284
0.9070509
0.9079839
0.9158845
0.9197947
0.9105847
0.900916
0.9189209
0.9175177
0.9090778
0.90536
0.9098132
0.9038847
0.9092913
0.9204966
0.9199574
0.9094294
0.9038197
0.9189415
0.9194937
0.926007
0.9000877
0.910854
0.9134168
0.9109118
0.9102513
0.9101176
0.9121463
0.913637
0.911594
0.9145287
0.9221079
0.9065868
0.91964
0.918811
0.9243796
0.8975452
0.9099614
0.9083023
0.9157869
0.9151246
0.921163
0.9175485
0.9254874
0.9192581
0.8989481
0.9359331
0.918897
0.914846
0.905787
0.9055796
0.9075315
0.8903216
0.9178131
0.9005523
0.895156
0.8977182
0.9007082
0.9001405
0.8968676
0.8990862
0.8967637
0.8979076
0.8961923
0.8985208
0.8957473
0.8928402
0.8989793
0.8977923
0.896479
0.8960313
0.9002276
0.8967702
0.8969502
0.897204
0.8954445
0.8973951
0.8952744
0.8943698
0.8991971
0.909649
0.8926703
0.8950858
0.8891634
0.8916582
0.8916946
0.8921172
0.8941391
0.8947082
0.8927634
0.8927207
0.8917868
0.891371
0.8927289
0.8866333
0.8966902
0.907497
0.8842668
0.8745469
0.9096786
0.9001045
0.8984324
0.8985293
0.91273
0.9257351
0.9066493
0.8913737
0.9006204
0.909368
0.9150092
0.9163183
0.9100396
0.8993845
0.9162999
0.8974925
0.8932025
0.76906
0.8906091
0.8842456
0.890174
0.8983162
0.8958076
0.8986306
0.9165392
0.8991721
0.9036365
0.8978831
0.8981401
0.8967793
0.8981425
0.9109573
0.9131942
0.9008619
0.9231605
0.9233711
0.9043978
0.8989225
0.9160994
0.9182109
0.9209239
0.9209405
0.925168
0.9219154
0.9297366
0.9197218
0.9141313
0.9369061
0.9243208
0.9186742
0.9117276
0.9156363
0.916315
0.9044968
0.9192074
0.7290224
0.72001
0.7207323
0.6398383
0.7335656
0.72345
0.7228636
0.7268793
0.72388
0.729812
0.7299012
0.7197727
0.7252123
0.7298019
0.7227653
0.7209477
0.7170872
0.7280904
0.7280449
0.7193587
0.725907
0.727149
0.7328276
0.72204
0.7319371
0.9043169
0.917412
0.9091548
0.8662237
0.9063516
0.907612
0.9072982
0.904491
0.903657
0.9038298
0.90626
0.9045249
0.9077796
0.9123992
0.8995444
0.9089742
0.9097264
0.9143501
0.9027856
0.9025858
0.9168429
0.9077836
0.9082134
0.9093158
0.9234029
0.9286775
0.9155918
0.9052215
0.8450704
0.9174659
0.9215481
0.9230607
0.9165306
0.9069602
0.9171133
0.9124323
0.9125384
0.89591
0.9023457
0.9016753
0.8757714
0.874142
0.9037764
0.9081157
0.9193989
0.9085205
0.9099873
0.9061048
0.9072092
0.9094686
0.9098791
0.9236747
0.9256355
0.9052434
0.9303525
0.9315587
0.8568627
0.9107472
0.8905212
0.9195481
0.8643769
0.8565977
0.896565
0.8786575
0.8777226
0.8870012
0.8926028
0.911186
0.8700977
0.8925374
0.885741
0.8851224
0.9195508
0.9214258
0.8572166
0.9264803
0.9254951
0.9280248
0.9241034
0.9247338
0.9263436
0.9253804
0.9257546
0.9259427
0.92272
0.9247184
0.9234016
0.9242308
0.9267708
0.9241103
0.9233492
0.9265633
0.9254741
0.926359
0.9240701
0.9256256
0.9244362
0.9252174
0.9228884
0.9237673
0.911672
0.9320195
0.9202642
0.9258434
0.9174418
0.9123254
0.9120914
0.9089911
0.9108774
0.9127907
0.9130988
0.9090619
0.913289
0.9118604
0.9055829
0.9117678
0.8924434
0.8741379
0.9152104
0.9154112
0.9039635
0.9036388
0.9022361
0.9027235
0.8663814
0.8752492
0.9221516
0.901805
0.9251586
0.8801452
0.8742083
0.8789107
0.9049675
0.8849038
0.8672725
0.9179903
0.9157913
0.9191357
0.9195354
0.9145141
0.9230823
0.9226987
0.9105944
0.8958824
0.9184139
0.9006923
0.9024113
0.8986822
0.9007024
0.9020456
0.896933
0.923095
0.9260807
0.8995043
0.8510843
0.850982
0.9219148
0.9115959
0.891115
0.9209806
0.8595605
0.8540902
0.8953171
0.8815968
0.8761142
0.8874376
0.8922802
0.9113779
0.8675736
0.8921355
0.8861853
0.8835138
0.9180745
0.9242984
0.8555412
0.9292127
0.9273082
0.9263227
0.9270639
0.9261701
0.9264716
0.9263684
0.9293772
0.9294912
0.9253622
0.9266801
0.9264507
0.9253757
0.9269721
0.925627
0.9254758
0.9247091
0.9267241
0.9279023
0.9222877
0.9265007
0.9246051
0.9269865
0.9241885
0.9226984
0.913606
0.9314768
0.9208893
0.9289989
0.9205625
0.9102101
0.9097055
0.9113455
0.9103802
0.9127529
0.9099077
0.9113384
0.9103904
0.9164937
0.907911
0.9106483
0.892398
0.8784117
0.9193173
0.9194706
0.905205
0.9026828
0.9010837
0.9019218
0.8672457
0.8706947
0.9227287
0.9024451
0.9272146
0.8801594
0.8737822
0.8764291
0.9045966
0.887927
0.8666862
0.9160018
0.9211445
0.9201636
0.9244315
0.9175068
0.922271
0.9236267
0.9082102
0.9017009
0.9191619
0.9021912
0.9046778
0.8993336
0.9035717
0.9034607
0.9007168
0.9237667
0.9254673
0.8996832
0.8543582
0.8534159
0.9251207
0.9095547
0.9143361
0.9127051
0.9147022
0.9177483
0.9205876
0.9157319
0.9286878
0.9189237
0.9057
0.9327869
0.9187085
0.9120285
0.9040179
0.9081729
0.9082521
0.8913505
0.9194672
0.8548013
0.8573385
0.8575388
0.8623142
0.8625655
0.8560033
0.8572295
0.8582945
0.8623123
0.858954
0.8628828
0.857549
0.8547957
0.8567912
0.8614483
0.854442
0.8583517
0.8563395
0.8558624
0.856774
0.8563624
0.8551292
0.8557452
0.8575231
0.85456
0.899174
0.9153874
0.896479
0.700745
0.8984953
0.8910555
0.8904778
0.8891064
0.8912393
0.8929674
0.8904975
0.8890653
0.8919641
0.9003516
0.888185
0.897923
0.9000584
0.9076471
0.8870612
0.8869363
0.9116389
0.8920169
0.8918412
0.8914067
0.9182988
0.9257408
0.9098997
0.8897944
0.8617408
0.9138583
0.9164096
0.9171542
0.911812
0.893487
0.9198425
0.9097806
0.906626
0.8787798
0.8905677
0.8850884
0.8653452
0.8775533
0.8935122
0.9067294
0.9174902
0.9044134
0.9061629
0.8939171
0.9047584
0.900618
0.9065238
0.9128046
0.9109518
0.8930644
0.9279639
0.9278394
0.8660604
0.8998643
0.9097937
0.9107876
0.9149043
0.9180998
0.9181272
0.9136957
0.9276246
0.9183184
0.9062263
0.9319657
0.917051
0.9118018
0.9010113
0.9075884
0.9055755
0.8919472
0.9199729
0.8561015
0.8508222
0.8550129
0.8619639
0.8607977
0.8535611
0.8521339
0.853866
0.8579541
0.8557448
0.8592147
0.8558528
0.8518165
0.8537918
0.8523753
0.8518519
0.8523828
0.8531114
0.8525907
0.8531125
0.8510419
0.8525539
0.8511246
0.8495159
0.8526789
0.8983688
0.9121331
0.899017
0.7083515
0.8998727
0.8913204
0.8908661
0.8914997
0.8928111
0.8941634
0.8913356
0.8917845
0.8913253
0.8988748
0.8908189
0.8945558
0.9005138
0.9060719
0.8858151
0.8835726
0.9108321
0.8946714
0.8940538
0.8938254
0.9162133
0.9293079
0.9110708
0.891035
0.8557437
0.9124687
0.9156769
0.9151237
0.9110817
0.8926493
0.9183381
0.9060513
0.9036856
0.8782114
0.8935073
0.8865672
0.8640423
0.8735291
0.8953565
0.9053946
0.9182729
0.9050601
0.9074783
0.8970529
0.9035745
0.90159
0.9062183
0.9114127
0.9138405
0.8955967
0.9268284
0.9272335
0.8637031
0.9036558
0.881075
0.907478
0.8880258
0.8829672
0.9061778
0.8901885
0.8946138
0.8892298
0.8722724
0.905473
0.8867774
0.8836414
0.8855747
0.8816421
0.9074375
0.8892805
0.8819657
0.903873
0.9002883
0.9008737
0.9032707
0.9023203
0.9000288
0.8998958
0.8987747
0.9035722
0.9022756
0.9080168
0.9008149
0.8968085
0.8976129
0.9039771
0.9012439
0.8984505
0.8971474
0.9011956
0.8944268
0.9015029
0.8958378
0.896548
0.8966676
0.9014408
0.8935364
0.9157122
0.9006171
0.8965795
0.9013057
0.8807323
0.8806868
0.8810544
0.8804256
0.8821532
0.8814087
0.88163
0.8816701
0.9073066
0.8590402
0.9043098
0.8679796
0.8784125
0.8939296
0.8933382
0.8794231
0.8563544
0.8567697
0.8530811
0.8912009
0.8988949
0.9040155
0.8549439
0.9053252
0.8887131
0.8826378
0.8812383
0.8784068
0.6483555
0.8830857
0.909926
0.9075559
0.8876147
0.9029805
0.8945871
0.9006011
0.9076321
0.8798667
0.8404533
0.9069219
0.8418731
0.8473781
0.835218
0.8400394
0.8424879
0.8427305
0.9110364
0.8963593
0.863032
0.8928161
0.8918093
0.9007781
0.8849263
0.9124906
0.908853
0.9162041
0.9186051
0.9195342
0.9165194
0.9250576
0.9196924
0.9076502
0.9335625
0.919872
0.9119854
0.9058959
0.907392
0.9064262
0.8939674
0.9170857
0.8570078
0.8556353
0.8542757
0.8634355
0.8632183
0.8564295
0.8557485
0.8594409
0.8620262
0.8605264
0.8613089
0.8586144
0.8547064
0.8577731
0.8566402
0.8554863
0.8548295
0.8570672
0.8552064
0.8567645
0.8563544
0.8536937
0.8556962
0.8545164
0.8574617
0.9008466
0.9132837
0.8963317
0.7029159
0.8964577
0.8935311
0.8929988
0.8924471
0.8919644
0.8937626
0.893139
0.8928519
0.8935071
0.9033514
0.8905083
0.8954135
0.9036044
0.9085659
0.8883692
0.8859578
0.9134121
0.8961635
0.89692
0.8962925
0.9166518
0.9276951
0.910251
0.8901971
0.8600633
0.9133065
0.9169703
0.9185324
0.9135487
0.8930236
0.9174171
0.9093201
0.9065631
0.8780552
0.8942787
0.8865124
0.8667624
0.8755378
0.8920753
0.905482
0.9191305
0.9029716
0.9053118
0.8969268
0.9048206
0.9009342
0.9072098
0.911629
0.9123502
0.8968046
0.9299354
0.9294378
0.8657628
0.8997442
0.8816946
0.9105456
0.8850349
0.8846639
0.8998559
0.8860473
0.8932158
0.8869286
0.8752196
0.9045707
0.8927056
0.8843359
0.8842867
0.8843431
0.9090031
0.8881791
0.8833926
0.9018933
0.900198
0.901454
0.9049756
0.9019931
0.8991086
0.9015018
0.8989232
0.9072312
0.9027733
0.9035804
0.9026137
0.9007304
0.9019425
0.9043547
0.8990508
0.8980048
0.8993204
0.900158
0.8967716
0.9033377
0.8998349
0.8991533
0.8963014
0.9020987
0.8921727
0.9166754
0.9009584
0.8983856
0.8994845
0.882297
0.8818425
0.8807756
0.8815818
0.8831784
0.8828885
0.8813919
0.88213
0.9034042
0.8589005
0.9053606
0.867457
0.8809628
0.8934879
0.8950923
0.880443
0.8530544
0.8540678
0.8513979
0.8912386
0.8958871
0.9086099
0.8580394
0.901458
0.893206
0.8832533
0.8808764
0.879715
0.6149001
0.8828068
0.9092948
0.9072682
0.8907724
0.9019097
0.8964714
0.899156
0.9067121
0.8804491
0.8388377
0.9125697
0.8427926
0.847204
0.8366006
0.8367843
0.8435361
0.8409434
0.914067
0.8940604
0.8642799
0.8934074
0.8940708
0.9061353
0.8845226
0.9102906
0.9106953
0.9131655
0.9180741
0.9177602
0.9153317
0.9256081
0.916308
0.9062568
0.9331849
0.9198034
0.9116674
0.9019239
0.90599
0.9066807
0.8947914
0.9178625
0.8582025
0.8574845
0.8540804
0.8651332
0.8610713
0.854502
0.8560767
0.8596869
0.8597418
0.8580177
0.8607839
0.8584713
0.854468
0.856808
0.8574458
0.8518377
0.8591
0.8545765
0.8583046
0.8573106
0.8548626
0.8560603
0.8561538
0.8543649
0.8549728
0.899618
0.9135137
0.8992178
0.6979313
0.8989132
0.8945918
0.8938971
0.8933436
0.8935951
0.895305
0.8932642
0.8943161
0.8949001
0.9010082
0.8874462
0.8963572
0.9010729
0.9061821
0.8872646
0.8851246
0.9089125
0.8913163
0.8919533
0.8909091
0.9140166
0.9269965
0.9114799
0.8897886
0.8577827
0.9095722
0.9166249
0.9155718
0.9079884
0.8960701
0.9162576
0.9085733
0.9050183
0.8771824
0.894566
0.8872505
0.8673628
0.8758055
0.8943915
0.903484
0.9160711
0.9030307
0.9055724
0.8968556
0.9033701
0.8999927
0.9035542
0.910867
0.9127733
0.8943089
0.9275092
0.9277249
0.8685205
0.900724
0.8847634
0.9106347
0.8837978
0.8790366
0.9000035
0.8884125
0.8929021
0.8915282
0.8757898
0.9013116
0.8815465
0.8929073
0.8859174
0.8844444
0.9093194
0.8970043
0.8832524
0.9093786
0.9023997
0.9065777
0.9092648
0.9077956
0.9052699
0.9085221
0.9053505
0.9072117
0.9074061
0.9078999
0.9070554
0.9021416
0.9058007
0.9104504
0.9018938
0.9010039
0.9037609
0.9026283
0.9011572
0.9085869
0.901167
0.901979
0.9007793
0.9045594
0.8960858
0.9153493
0.904961
0.9010258
0.9072103
0.8890987
0.8886911
0.891088
0.8877458
0.8881362
0.8882673
0.8916085
0.8895376
0.9040198
0.864234
0.8999639
0.8749725
0.8831471
0.8973251
0.8954121
0.8786119
0.8640192
0.8619118
0.8613604
0.8887287
0.8925599
0.9125828
0.8616931
0.9098552
0.889522
0.8858229
0.8866941
0.8775953
0.7990586
0.8808779
0.9111391
0.9059766
0.8944821
0.9026813
0.8999059
0.899747
0.9073199
0.8873812
0.8375378
0.9161516
0.8450144
0.8489289
0.8387781
0.8439502
0.8441076
0.837847
0.9127762
0.8986296
0.8618938
0.8911111
0.8892643
0.9039723
0.8917008
0.9101699
0.9096125
0.9139066
0.9159969
0.9182542
0.9158693
0.9254976
0.9194735
0.9064499
0.930996
0.9188418
0.9134246
0.9067824
0.9072562
0.9044472
0.8914951
0.9187511
0.8567042
0.8549787
0.8541389
0.8640456
0.860273
0.8517264
0.8547034
0.8603923
0.863792
0.8573861
0.8614897
0.8574078
0.8529109
0.8550055
0.8540321
0.8550901
0.856693
0.8559393
0.8572835
0.8565036
0.8546606
0.8575052
0.8599238
0.8547724
0.851016
0.9003501
0.9130078
0.8948058
0.7055362
0.8956122
0.8933211
0.8925428
0.8890077
0.8907287
0.892254
0.8928874
0.8891715
0.8928452
0.9010013
0.8892726
0.897893
0.9015457
0.9094983
0.88484
0.8848218
0.9104648
0.8953157
0.8950642
0.8940676
0.9171965
0.9285538
0.9115936
0.8913211
0.8645397
0.914077
0.9150317
0.9172135
0.9097795
0.8950073
0.9191634
0.9077142
0.9076025
0.8754601
0.8929811
0.8883141
0.8671689
0.8769657
0.8917806
0.9025239
0.9189838
0.9035809
0.9035459
0.8953518
0.9017265
0.8993859
0.9025541
0.9075973
0.9171442
0.8972082
0.9290995
0.9276539
0.8673114
0.9037648
0.9106224
0.9094027
0.9142324
0.9204525
0.9176537
0.9152656
0.9271242
0.9170041
0.9060831
0.9306813
0.92
0.9138679
0.9029441
0.9041857
0.9066648
0.8947505
0.9185251
0.8563101
0.8537142
0.853878
0.8644956
0.8599616
0.8522542
0.8551361
0.8546886
0.8602215
0.8564733
0.8585084
0.8581354
0.8532623
0.8583277
0.8563749
0.8521626
0.8556482
0.8546344
0.8545062
0.8536789
0.8539654
0.8532524
0.8521327
0.8526356
0.8543785
0.8976645
0.9164237
0.8977767
0.6941445
0.8981875
0.892031
0.8911707
0.8919236
0.8918879
0.8934846
0.8915162
0.8925323
0.8921217
0.9030003
0.8873746
0.8967611
0.9003453
0.9064829
0.8851948
0.8842728
0.9106012
0.8922942
0.8928088
0.8919711
0.9164318
0.9255124
0.9136889
0.8886976
0.8601892
0.9113021
0.914694
0.9153477
0.9101897
0.8953808
0.9182026
0.9078947
0.9050043
0.87848
0.8949285
0.8857696
0.8669312
0.8746957
0.8954432
0.9045417
0.9172458
0.9042081
0.9074895
0.8978185
0.9032785
0.898668
0.9042161
0.9130344
0.9137175
0.8949157
0.9272388
0.9266977
0.8670334
0.902479
0.892213
0.9150122
0.8951878
0.8911654
0.9099821
0.900193
0.9037796
0.9020703
0.8944779
0.8537939
0.9015663
0.8967751
0.8929156
0.8939519
0.9121096
0.8987679
0.8960748
0.9164154
0.9127107
0.9150506
0.9171465
0.9138227
0.9144894
0.916179
0.9128389
0.9153493
0.9155394
0.9181573
0.9145524
0.9119972
0.9142276
0.9161376
0.914457
0.9162631
0.9154643
0.9152691
0.9128936
0.9146436
0.9142295
0.9128283
0.9116671
0.9145669
0.9057421
0.9240301
0.920412
0.9136005
0.9219597
0.9026987
0.9020698
0.9010926
0.8985994
0.8981221
0.9027081
0.9010496
0.9027236
0.9216612
0.8291826
0.921619
0.8945996
0.8999146
0.9119941
0.9132439
0.8194602
0.8248236
0.8233013
0.8207191
0.8982263
0.9025724
0.9168333
0.829133
0.9171508
0.9038239
0.8948588
0.8884354
0.8206376
0.8793911
0.9009047
0.9244049
0.922939
0.904403
0.9156858
0.9162921
0.9174108
0.9204593
0.9001816
0.8962093
0.9102573
0.8924148
0.895728
0.8953821
0.8944902
0.8928011
0.895725
0.9168665
0.8637871
0.8233907
0.9056531
0.9060403
0.9211581
0.8979818
0.9122894
0.9083798
0.9172015
0.9199467
0.9189414
0.9194298
0.9227089
0.9156593
0.9083482
0.932897
0.9186567
0.9093827
0.9047755
0.9105193
0.9073817
0.8857523
0.9140052
0.8411052
0.836826
0.8436433
0.8482375
0.8434957
0.8449536
0.8469357
0.8419456
0.8469353
0.8481533
0.8460549
0.848215
0.8386777
0.8451598
0.8521628
0.8407755
0.8412566
0.8414671
0.8412156
0.8399726
0.8508019
0.840301
0.8418679
0.8401692
0.8363817
0.899748
0.9207424
0.9059016
0.8528535
0.9039811
0.894178
0.8938523
0.8929026
0.8923447
0.8919154
0.8956367
0.8931023
0.8952482
0.9107712
0.8907395
0.9094939
0.9070899
0.9074207
0.8976403
0.8967191
0.9083298
0.9035081
0.9031146
0.9020687
0.9174114
0.9290525
0.9070374
0.8959911
0.8499028
0.9144025
0.9119143
0.9111804
0.9081481
0.8998337
0.9202727
0.9100693
0.9085824
0.8811737
0.8973399
0.8993587
0.8740093
0.8799808
0.8963432
0.906671
0.9121255
0.9095345
0.9096577
0.8981354
0.9063352
0.9080829
0.9081855
0.9110301
0.9130358
0.9028871
0.9298142
0.9303273
0.8518713
0.8995328
0.8897722
0.9178232
0.8965002
0.8972849
0.9108004
0.8957498
0.905364
0.9024186
0.8911778
0.8557076
0.8944675
0.9030252
0.8977136
0.8930171
0.914538
0.9111925
0.8958918
0.9129351
0.9122776
0.9118671
0.9141769
0.910528
0.9124157
0.9111713
0.9097686
0.9130892
0.9112563
0.9135425
0.9112954
0.9116413
0.9129201
0.9098979
0.9148629
0.9124349
0.9115567
0.9136171
0.911505
0.9100855
0.9142537
0.9140346
0.9106204
0.9121474
0.9040861
0.9233714
0.9139583
0.9133162
0.91406
0.9008653
0.9008618
0.9035918
0.9042768
0.9023889
0.9016965
0.9037037
0.9016669
0.9108296
0.8319467
0.9118897
0.8894263
0.9004687
0.9101564
0.9089754
0.8314703
0.8224086
0.8207002
0.8185598
0.8992887
0.8965884
0.9169276
0.8280166
0.916174
0.8998135
0.8973466
0.8986279
0.8316414
0.8773122
0.8982172
0.9211664
0.9177708
0.9047979
0.918762
0.9111569
0.9150214
0.9141154
0.900501
0.8933115
0.9190001
0.8930645
0.8918022
0.8888131
0.8941895
0.8950231
0.8914402
0.9194373
0.8717337
0.8218647
0.9019946
0.9016064
0.9167627
0.8982282
0.8924136
0.9171119
0.900156
0.8946551
0.9056441
0.8972028
0.905872
0.9005927
0.8898172
0.8487874
0.8958208
0.8998513
0.8978084
0.8953721
0.9175464
0.908479
0.8967717
0.9203944
0.9152162
0.9187066
0.9184397
0.9140729
0.9170132
0.9184627
0.9165067
0.9168441
0.9177886
0.9206548
0.9176409
0.9137446
0.9171257
0.9192913
0.9182436
0.9174533
0.9157858
0.9197101
0.9173248
0.916786
0.918341
0.9177791
0.9157024
0.917622
0.9091127
0.9236915
0.9193699
0.9167081
0.9181736
0.9038803
0.9035657
0.9019684
0.9007788
0.9037972
0.9037725
0.9022367
0.9036768
0.9204946
0.8402897
0.9145016
0.8901684
0.8959009
0.9127419
0.9106678
0.8307887
0.8358505
0.8327063
0.8315877
0.8989145
0.9000705
0.9158782
0.8341388
0.9156703
0.901488
0.8988876
0.8908457
0.8307842
0.8806051
0.8974905
0.9248762
0.920747
0.9084166
0.9187912
0.9162313
0.9168516
0.9216345
0.9029676
0.8942783
0.9188407
0.8950527
0.8931673
0.8919006
0.8957873
0.8972751
0.8958363
0.9241299
0.8685563
0.8363043
0.9012728
0.9020435
0.9248589
0.8989125
0.9162005
0.9180058
0.9168967
0.9179988
0.9242465
0.912091
0.9277557
0.9185096
0.9062478
0.9332858
0.9147482
0.9206079
0.9126047
0.9172595
0.9182098
0.9182686
0.9216951
0.9095617
0.9079269
0.909216
0.9109771
0.9133497
0.9066507
0.910057
0.9132812
0.9114827
0.9069521
0.9099426
0.9052516
0.9101017
0.9097076
0.9094721
0.9106424
0.9090941
0.9083275
0.9096352
0.9116168
0.9087002
0.9111205
0.9087582
0.9104636
0.9123739
0.9124177
0.9221048
0.7834706
0.9030296
0.7909646
0.9092515
0.9092483
0.9104267
0.9071052
0.9073427
0.9084482
0.9101128
0.9093492
0.8588383
0.9094552
0.857653
0.9085467
0.90895
0.8622667
0.853047
0.9209277
0.9065309
0.9056464
0.9065556
0.9163502
0.9223556
0.9186738
0.9081328
0.9129771
0.914856
0.9122573
0.924226
0.9214443
0.905199
0.9178904
0.8270421
0.8221762
0.8876988
0.9111477
0.7979537
0.9037116
0.9106157
0.9057471
0.9088993
0.9320847
0.9098372
0.9120583
0.9080581
0.9112659
0.9095566
0.9097359
0.9201977
0.9275825
0.9070088
0.9214182
0.9214377
0.9069858
0.9171026
0.8925081
0.9111794
0.8921203
0.8907488
0.9092166
0.8917705
0.904809
0.899825
0.8890681
0.8519887
0.8951002
0.8960872
0.8951765
0.887867
0.9141359
0.9038462
0.8890599
0.9121324
0.9064097
0.9105989
0.911742
0.9089114
0.9103446
0.9115907
0.9073767
0.9126705
0.9111393
0.9124357
0.9119831
0.9070081
0.9105113
0.9103161
0.9111048
0.9108617
0.9082841
0.9089786
0.9088115
0.9077711
0.9108143
0.9119384
0.9094994
0.9108422
0.9036169
0.9211565
0.9134306
0.9096578
0.9133787
0.900489
0.9005247
0.8982113
0.9013301
0.9021739
0.9013226
0.8987586
0.900739
0.9124033
0.8236076
0.9121979
0.887102
0.8928815
0.9081235
0.9077331
0.8314728
0.8100838
0.8030186
0.8020074
0.891361
0.8963215
0.9114569
0.8136235
0.9133682
0.8997496
0.894286
0.8932902
0.831688
0.8724766
0.892355
0.9196613
0.9174064
0.9022883
0.9140827
0.9090585
0.9084986
0.9176384
0.9005163
0.8865139
0.9150281
0.8896964
0.8892591
0.883947
0.888541
0.8891714
0.8860964
0.9153185
0.8551902
0.8082662
0.90209
0.9016237
0.913158
0.8985149
0.8963428
0.9101238
0.9015834
0.8978973
0.9138723
0.9055037
0.9138993
0.9076345
0.9058038
0.9239997
0.909333
0.9006028
0.8999499
0.8995742
0.9142523
0.9018211
0.9000108
0.9064681
0.905974
0.9056036
0.9096306
0.9047977
0.9056624
0.9082241
0.9040183
0.9073373
0.9047551
0.909237
0.9043609
0.9038662
0.9054122
0.9098112
0.9068506
0.9079851
0.9037157
0.9071697
0.904726
0.9093795
0.9085261
0.9092043
0.9042381
0.9012452
0.9027042
0.9213888
0.9132738
0.9042104
0.9127198
0.9028343
0.9024751
0.9006952
0.8975723
0.9002267
0.9037514
0.9007705
0.9037731
0.9174514
0.8947235
0.9156829
0.9061427
0.8995031
0.9043649
0.9076659
0.9063516
0.9024049
0.9024828
0.9017135
0.9076775
0.9170453
0.9118131
0.8956443
0.9086936
0.9061459
0.9076292
0.8983487
0.9061272
0.8956937
0.9077225
0.9161808
0.9199454
0.9046803
0.9082533
0.9115955
0.9077317
0.9154412
0.9009609
0.9025525
0.9096229
0.9026938
0.9049711
0.9002844
0.9001044
0.9016611
0.902543
0.9154838
0.9158458
0.9010317
0.9116182
0.9103944
0.9139999
0.9037776
0.8897706
0.9147228
0.8944244
0.8951544
0.9132157
0.8979405
0.9051319
0.9026026
0.8920524
0.8709852
0.8965223
0.9007598
0.8947518
0.8947708
0.9135251
0.9052741
0.8942527
0.9210094
0.9160859
0.9140292
0.9190848
0.9179726
0.9169356
0.9156956
0.9170344
0.9221676
0.91779
0.9190419
0.9175659
0.9169011
0.9138554
0.9194119
0.9177518
0.9151308
0.9160842
0.9174087
0.9185004
0.9169354
0.9153822
0.9179697
0.9153903
0.91633
0.9091938
0.9242356
0.918964
0.9157782
0.9191574
0.9069412
0.9067827
0.9080899
0.9025555
0.9043666
0.9081112
0.9086246
0.9062467
0.9200898
0.8506166
0.9209145
0.8907786
0.898377
0.9160998
0.9154301
0.8039613
0.8498848
0.8472497
0.8451705
0.8975124
0.9015205
0.9159098
0.849551
0.9189648
0.9035899
0.9003019
0.8927388
0.8027148
0.8849967
0.8949323
0.9225775
0.9192643
0.9086953
0.9152032
0.917799
0.917844
0.9214612
0.9006056
0.8943066
0.9143229
0.8952415
0.8942973
0.8932707
0.8951099
0.8977067
0.8965394
0.9150803
0.8845382
0.8411674
0.9064981
0.9042283
0.919139
0.9024547
0.8890805
0.9161248
0.8666105
0.8603105
0.8963587
0.8769369
0.8835116
0.8897919
0.8894186
0.9104742
0.8742157
0.8923704
0.8841803
0.8819283
0.9132495
0.9135925
0.8585989
0.9223843
0.9208157
0.9207737
0.9230101
0.9218761
0.9211179
0.9222586
0.9219616
0.9213217
0.9216227
0.9189861
0.9204974
0.9206405
0.9226485
0.918864
0.9214909
0.9215981
0.9218974
0.9208329
0.9218815
0.9171834
0.922476
0.9194636
0.9216743
0.9202183
0.9061404
0.9295779
0.9189086
0.9218717
0.917781
0.9071971
0.9070387
0.9062544
0.9041418
0.9042349
0.9066227
0.9069463
0.9075963
0.9174518
0.8959158
0.9142037
0.8854084
0.8768543
0.9121364
0.9117398
0.9003198
0.8965025
0.8930579
0.8948931
0.8778027
0.8787529
0.9173132
0.8927258
0.9192144
0.8827996
0.8795991
0.8794505
0.9005492
0.8889249
0.8732753
0.9166436
0.9167332
0.9114968
0.9155274
0.9159018
0.9156818
0.9235972
0.9074015
0.8969311
0.9149923
0.9027748
0.9059168
0.8980764
0.8978186
0.9008967
0.8989974
0.9152841
0.9210836
0.8940115
0.8694405
0.8691969
0.9185543
0.9036132
0.8883109
0.9160213
0.8628871
0.8632885
0.8968909
0.8782446
0.8866999
0.8905762
0.891051
0.913263
0.8738469
0.8931355
0.8868407
0.8820077
0.912425
0.9156437
0.8605441
0.9235189
0.9177613
0.9199705
0.9215467
0.9220265
0.9229286
0.9200267
0.9224521
0.9215453
0.9220365
0.9224969
0.9202247
0.9187302
0.9209152
0.9198748
0.9233096
0.9210656
0.9213669
0.9184729
0.9210101
0.9192523
0.9202837
0.9213062
0.9214072
0.9214991
0.9076859
0.9318284
0.917835
0.9178229
0.918519
0.9037209
0.9038744
0.9055124
0.9040126
0.9049264
0.9034162
0.9057021
0.9048149
0.9184992
0.8988631
0.9122275
0.8905675
0.8781796
0.9116664
0.9097947
0.9020348
0.8953843
0.8946612
0.8941595
0.875041
0.8813719
0.9189386
0.8937292
0.9207741
0.8830832
0.8797892
0.8845831
0.9024227
0.8889171
0.8771738
0.9177066
0.9174625
0.9111295
0.9152286
0.9142083
0.9151487
0.9212876
0.9056153
0.8978695
0.9133463
0.9059086
0.9042035
0.8975205
0.8995128
0.902472
0.899039
0.9123657
0.9218674
0.8941879
0.8700773
0.8709877
0.9185752
0.9071992
0.9173866
0.9226451
0.9101367
0.9165413
0.9223254
0.9096871
0.925922
0.9199931
0.9036179
0.9324602
0.9126676
0.9219764
0.9134907
0.9132334
0.9144092
0.9164343
0.9179228
0.9079444
0.9069102
0.9043889
0.9090748
0.9060085
0.9055048
0.9057216
0.9117136
0.9092331
0.9047177
0.9060314
0.9036201
0.9068878
0.9038496
0.9033597
0.9048063
0.9055174
0.9079407
0.9071632
0.9050409
0.904733
0.9041478
0.904288
0.9049477
0.9046768
0.9097936
0.92062
0.8153988
0.9056836
0.7987822
0.9047295
0.9042942
0.9048777
0.9075252
0.9076468
0.9046988
0.9052248
0.9045681
0.841858
0.9088875
0.8346297
0.9039917
0.9050237
0.8465306
0.8350704
0.920974
0.8995058
0.8993438
0.9014503
0.9135633
0.9173481
0.9170835
0.9064265
0.9155131
0.9115641
0.9128359
0.9233943
0.9213456
0.902264
0.9128927
0.8116583
0.803121
0.8842394
0.9094032
0.754573
0.8930976
0.9043375
0.9093077
0.8980403
0.9342416
0.9049279
0.9069561
0.9030169
0.8992134
0.9040194
0.8979102
0.9223577
0.9254561
0.9025795
0.9206033
0.9200937
0.9031106
0.9174965
0.9073617
0.9273881
0.9034334
0.9076279
0.9153728
0.9125632
0.9127714
0.9124042
0.9103373
0.9162388
0.904301
0.9147769
0.90897
0.9106765
0.9236156
0.9309322
0.90192
0.9352998
0.9340625
0.933485
0.9343639
0.932728
0.9352377
0.9353509
0.9347938
0.9328194
0.9345062
0.9340149
0.9342594
0.9352493
0.9319019
0.9361322
0.9334854
0.935022
0.9316699
0.9334183
0.9361666
0.9343806
0.9286455
0.9312554
0.9357372
0.9344488
0.9235544
0.9409391
0.9320804
0.9325355
0.9331915
0.9239051
0.9236399
0.9223643
0.9235058
0.9230502
0.9236423
0.9219784
0.9240763
0.9287176
0.9181042
0.9254144
0.9108309
0.9098554
0.9324954
0.9320033
0.9141839
0.9179128
0.9156964
0.9154944
0.9079266
0.9071782
0.9289504
0.9164111
0.9355825
0.9162278
0.9111337
0.909557
0.9134522
0.9135356
0.9086243
0.9290358
0.9294436
0.9349332
0.9287534
0.9309035
0.9309241
0.9331602
0.9245866
0.9166057
0.9295463
0.9157513
0.9159866
0.9189067
0.9186254
0.9173223
0.9178483
0.9234687
0.9385619
0.9171151
0.9070134
0.9060977
0.9311426
0.92
0.9116927
0.9127834
0.9109723
0.9113096
0.921946
0.9097863
0.9236986
0.9164176
0.9034812
0.9316879
0.9146844
0.9113875
0.9039357
0.9052835
0.9045872
0.8992589
0.9132123
0.8981082
0.8953551
0.8951566
0.8996136
0.8958386
0.8950272
0.8977171
0.8979028
0.8986033
0.8963842
0.9009901
0.8941902
0.893855
0.8961067
0.8961479
0.8971885
0.8965032
0.8964324
0.8922143
0.893952
0.8976276
0.8955616
0.8947217
0.8952333
0.896287
0.9012805
0.9162955
0.8532679
0.8908616
0.851365
0.897199
0.897036
0.8949744
0.895743
0.8949095
0.8968529
0.8957695
0.897475
0.8439912
0.8981847
0.8312507
0.9012642
0.9032027
0.8325888
0.8095905
0.9175412
0.898181
0.8977399
0.8979944
0.9104356
0.9198024
0.9123848
0.8986576
0.9006277
0.9107067
0.9115897
0.9179258
0.9169637
0.8982092
0.9123783
0.8627215
0.8582857
0.870353
0.8967594
0.8315173
0.8888645
0.8942995
0.8978696
0.8956028
0.9237982
0.8999356
0.9022562
0.8956816
0.8995078
0.9014175
0.8972942
0.9125453
0.9200042
0.8958003
0.9222505
0.9221582
0.8967438
0.9079983
0.9153646
0.9191738
0.9085403
0.9130192
0.9209732
0.9094849
0.9257379
0.9185633
0.9027329
0.9318182
0.9116881
0.9202589
0.9064807
0.9110504
0.9089005
0.9159721
0.9147651
0.9110694
0.9057398
0.9049824
0.9079468
0.9076383
0.9060534
0.90623
0.9101549
0.9081018
0.9048415
0.9087879
0.9047619
0.9080918
0.9071226
0.9033718
0.9033239
0.9034525
0.9075087
0.9027981
0.9031729
0.9031408
0.9023599
0.9040628
0.903546
0.9065145
0.9080923
0.9180465
0.8548417
0.9032316
0.8522757
0.9047755
0.9044984
0.9033604
0.9031878
0.9045721
0.9043149
0.9035122
0.9045756
0.8324709
0.9064029
0.8230668
0.9007563
0.9053799
0.8373315
0.8226937
0.9168722
0.9021178
0.9018427
0.9028396
0.9139947
0.9168911
0.9130193
0.8989845
0.9116395
0.9113928
0.9116236
0.9173203
0.9160311
0.9041213
0.9077097
0.8561551
0.8554554
0.8787856
0.9032006
0.8337223
0.896908
0.89724
0.9052602
0.8994867
0.9334373
0.9041961
0.9058315
0.9005217
0.9006182
0.9044952
0.8999073
0.9186873
0.9232237
0.9043908
0.9224626
0.9225582
0.9005813
0.9160775
0.915805
0.9188584
0.9074409
0.91129
0.9214362
0.9087826
0.9247095
0.9181721
0.903653
0.9321993
0.9079839
0.9191442
0.9071212
0.9124987
0.9076098
0.9173039
0.9119603
0.9064876
0.9023204
0.9046551
0.9062301
0.9047518
0.9054933
0.9047365
0.9063498
0.9051375
0.9045926
0.9068727
0.9016616
0.9061698
0.9041952
0.9028877
0.90217
0.9017143
0.9046924
0.9025486
0.9014743
0.9023052
0.9015622
0.9015885
0.9022376
0.9054093
0.9092785
0.916594
0.8566951
0.9027798
0.8515462
0.9056974
0.9054989
0.9061155
0.9059092
0.9066184
0.9055494
0.9057208
0.9053066
0.8277443
0.9072008
0.8226609
0.9025814
0.9073069
0.83567
0.8145264
0.9158005
0.9000677
0.8988852
0.9005925
0.9121826
0.9168357
0.9157891
0.8999502
0.9102202
0.9106517
0.9118756
0.9207719
0.9159383
0.9037151
0.9081192
0.8564011
0.853003
0.8791494
0.9035358
0.8314874
0.8944987
0.8968288
0.9074607
0.9012737
0.932825
0.905772
0.905312
0.8999178
0.9017025
0.9044024
0.9011071
0.9162481
0.9220085
0.9012879
0.9204202
0.9206266
0.9009979
0.9179339
0.8930754
0.91673
0.8967346
0.8976789
0.9064197
0.8925247
0.9084801
0.9041864
0.869723
0.9149609
0.9008217
0.9106266
0.8911991
0.894386
0.9100711
0.9061994
0.901032
0.9116981
0.9041424
0.9086064
0.9128796
0.9083434
0.9078475
0.9095324
0.9091231
0.9105841
0.9089233
0.9060009
0.9080325
0.9057627
0.9057328
0.9034537
0.9070465
0.9064236
0.9072836
0.9094166
0.9048569
0.9048619
0.9074699
0.9085336
0.9043332
0.9076491
0.9010165
0.9137061
0.9068667
0.9059699
0.9008727
0.8978498
0.8976876
0.8953162
0.8986996
0.8984168
0.8967911
0.895473
0.8975703
0.8898225
0.8785486
0.8889658
0.8698414
0.8897754
0.8915045
0.8876413
0.8978415
0.882084
0.8820196
0.8808891
0.8971439
0.9013674
0.9130329
0.8783386
0.9110283
0.8956859
0.8980985
0.9058445
0.8984978
0.8766386
0.8952238
0.9078639
0.9018097
0.8934222
0.9075502
0.8864916
0.9002848
0.9039578
0.8947122
0.8767208
0.9265091
0.8774961
0.8777374
0.8772282
0.878758
0.88172
0.8751824
0.913698
0.9102285
0.8766253
0.9068308
0.90641
0.908917
0.9011624
0.8885101
0.9097443
0.8831867
0.8832738
0.8995264
0.9001052
0.8908058
0.893293
0.8977301
0.9152103
0.8832848
0.8890998
0.889868
0.889808
0.9130183
0.9071778
0.884212
0.9216097
0.9170441
0.918865
0.9196506
0.9205393
0.9195892
0.9190737
0.9182875
0.9227638
0.9204728
0.9198743
0.9204771
0.9183115
0.9201101
0.9234385
0.9207133
0.9228544
0.9166988
0.9189265
0.9203157
0.9232321
0.9205358
0.9213632
0.9201806
0.918233
0.9022222
0.9292874
0.9237839
0.9177118
0.9247368
0.9049851
0.9046706
0.904044
0.9007876
0.9018279
0.9049157
0.903767
0.9052173
0.9267792
0.8984045
0.9282247
0.8977006
0.8915878
0.9195307
0.9230367
0.8992869
0.9071391
0.9051727
0.9058898
0.8915757
0.8966067
0.9120161
0.8947574
0.9165929
0.8933645
0.8864795
0.8822184
0.8993596
0.8937711
0.8879202
0.9230163
0.9221724
0.9112949
0.9144155
0.9234688
0.9248984
0.9248515
0.9001316
0.9034948
0.9085874
0.9058359
0.9072281
0.8996976
0.9030724
0.9032737
0.9048023
0.9180521
0.9186313
0.9041751
0.8876841
0.8871901
0.9209472
0.8938584
0.8887811
0.9094622
0.8839769
0.8833381
0.8993024
0.8992232
0.892029
0.8942257
0.8929299
0.9144864
0.8845131
0.8913191
0.8873971
0.8872365
0.9121891
0.9083664
0.8825902
0.9207409
0.9163501
0.9175319
0.9184022
0.9202345
0.9165527
0.9172885
0.9179026
0.9191863
0.9200168
0.9203608
0.9208882
0.9165934
0.9181056
0.9210315
0.9185474
0.9207443
0.9137931
0.9165702
0.9195563
0.9206382
0.9186815
0.9200433
0.9193814
0.9175435
0.9030268
0.9302885
0.9216957
0.9185125
0.924254
0.9029707
0.9028891
0.9021066
0.8994605
0.8989024
0.9030191
0.9015162
0.9036645
0.9279424
0.8986054
0.9254506
0.896249
0.8895917
0.9201265
0.92021
0.9002987
0.9002842
0.899459
0.8998683
0.8929552
0.9002796
0.9121895
0.895702
0.9187697
0.8928914
0.8864682
0.8804514
0.9011468
0.8942063
0.8885498
0.923164
0.9216127
0.9145871
0.9145936
0.9237723
0.9224441
0.9236483
0.9002957
0.905095
0.908336
0.9050007
0.9065124
0.8998611
0.9038625
0.9037116
0.9050481
0.9176435
0.9197503
0.9034101
0.8871181
0.8878164
0.9225225
0.8947709
0.8753322
0.9109473
0.8810016
0.8871826
0.9055706
0.8919675
0.8942727
0.8960847
0.8771726
0.8989384
0.8901618
0.8986503
0.8876183
0.8858487
0.9127258
0.906343
0.8807485
0.9166754
0.9144995
0.915194
0.9154347
0.9136961
0.915738
0.9159056
0.9126716
0.9162923
0.914349
0.9145371
0.9159906
0.9117116
0.914369
0.9149483
0.9122167
0.9157224
0.9149977
0.914153
0.9140664
0.9153197
0.9143712
0.9129288
0.913303
0.9151295
0.9012482
0.9190673
0.9166492
0.9125765
0.9109681
0.8962819
0.8962782
0.8956952
0.8977639
0.8952343
0.8984283
0.8958908
0.8977445
0.910434
0.8716695
0.9086629
0.8732898
0.8864908
0.9080355
0.906985
0.8828429
0.8724056
0.871629
0.870186
0.8920745
0.8948362
0.9139394
0.8620981
0.9184896
0.8926845
0.8885295
0.8836381
0.8817667
0.8677163
0.8864111
0.9142788
0.9136375
0.9072525
0.9099546
0.9056489
0.9119414
0.9136179
0.8942215
0.8789218
0.916248
0.8769677
0.8805787
0.877557
0.8808305
0.8802516
0.8777213
0.9152088
0.9060632
0.8675596
0.8915422
0.8909753
0.9123134
0.8950415
0.9047191
0.906272
0.9144631
0.9125399
0.9184256
0.9152202
0.9209819
0.9151638
0.9017114
0.932554
0.913744
0.9108783
0.9015846
0.9045555
0.9111412
0.8896692
0.9129537
0.8961483
0.8921429
0.8944896
0.8959238
0.8953404
0.8908885
0.8959143
0.8943391
0.8936418
0.8956102
0.8955826
0.8951633
0.8929315
0.8971313
0.8954106
0.8913235
0.8942402
0.8944111
0.8947043
0.8930316
0.8940171
0.8947388
0.8969778
0.8931128
0.8909915
0.89841
0.9082651
0.8937608
0.890965
0.8921501
0.8909757
0.8906061
0.8922066
0.8929002
0.8931134
0.891883
0.8933362
0.8910603
0.8947752
0.8911666
0.8895398
0.8981492
0.9041575
0.8828279
0.8746338
0.9071385
0.8971062
0.8963791
0.8952724
0.9147234
0.9205946
0.9076994
0.8911787
0.8980707
0.9075959
0.911666
0.911789
0.9077694
0.8935075
0.9155597
0.8955427
0.8927348
0.7708333
0.8889981
0.8835708
0.8903817
0.8958044
0.891594
0.8996896
0.9161852
0.9001911
0.901146
0.8927647
0.8962422
0.8960014
0.8999567
0.9127392
0.9161007
0.8938137
0.9188779
0.9199252
0.9035698
0.8932724
0.8881751
0.9119057
0.8797787
0.8825801
0.8997389
0.8955949
0.8911856
0.8945982
0.8940204
0.9115823
0.8810998
0.8897201
0.8883849
0.8882328
0.9112944
0.911591
0.8766133
0.9156149
0.9167193
0.9164183
0.9175207
0.9153806
0.9163894
0.9176545
0.9177001
0.9148534
0.916448
0.9151936
0.9175874
0.9129562
0.9182427
0.9187876
0.9170884
0.9171338
0.9147771
0.9145062
0.9165878
0.9172233
0.9166229
0.91731
0.9166345
0.9178715
0.9072112
0.9298161
0.9241341
0.9189966
0.9218028
0.9074487
0.9071358
0.9057332
0.9024512
0.9030943
0.9071464
0.9056504
0.907226
0.9203332
0.8954043
0.9186866
0.8933114
0.8884259
0.9151042
0.9184923
0.9002351
0.8990875
0.8986131
0.8991785
0.8829955
0.8887897
0.9158221
0.8942291
0.919213
0.8966698
0.886384
0.8845917
0.8995744
0.8937543
0.8811217
0.917803
0.916736
0.9147721
0.9167044
0.9183933
0.9182846
0.9230608
0.9022225
0.8987688
0.9100676
0.898599
0.8978592
0.8972476
0.8965173
0.897181
0.897701
0.9130111
0.9196967
0.8969315
0.8876288
0.886936
0.9198731
0.9001963
0.8939984
0.9187948
0.8974069
0.8997554
0.9085861
0.8993417
0.9003127
0.9037923
0.8971294
0.9093415
0.896011
0.9056406
0.9022683
0.8977575
0.9208372
0.9211226
0.8902711
0.9269065
0.9291889
0.9255132
0.9274304
0.9256596
0.9268083
0.9261146
0.9291349
0.9268544
0.9291376
0.9280482
0.9294025
0.9235669
0.9269717
0.9289617
0.9281226
0.9272477
0.9268738
0.9283357
0.9254879
0.9264676
0.9242921
0.9261373
0.9265523
0.9281487
0.9115503
0.9333582
0.9227206
0.9244781
0.9263606
0.9158354
0.9153027
0.9128173
0.9119798
0.9113632
0.9159142
0.9129615
0.9149384
0.922821
0.9007459
0.917999
0.8962408
0.8992869
0.9203525
0.9211848
0.9021278
0.8998134
0.897828
0.8977666
0.8940325
0.8998878
0.924192
0.897566
0.9272866
0.9019115
0.8981671
0.897567
0.901669
0.8927999
0.892395
0.9242738
0.9225244
0.9207199
0.9254874
0.9241168
0.925159
0.931631
0.9093359
0.9017384
0.9259706
0.9056795
0.9062587
0.9022612
0.9024725
0.9063941
0.9031545
0.9242954
0.9228661
0.8971321
0.8895131
0.8886726
0.9291911
0.9128806
0.9158835
0.9170183
0.9178784
0.9215208
0.9267996
0.9193178
0.9269044
0.9245448
0.9054298
0.93467
0.9191135
0.9192886
0.9138289
0.9135313
0.9120634
0.9028023
0.9201012
0.869078
0.8671234
0.8660247
0.8780416
0.8749349
0.8642505
0.8692754
0.8695018
0.8704057
0.869518
0.8716108
0.8689089
0.8680005
0.8653911
0.8667218
0.8692102
0.8646481
0.8706658
0.8650925
0.8678226
0.8636996
0.8668418
0.8688267
0.8671734
0.868343
0.9068901
0.9179967
0.9031141
0.866804
0.8960277
0.9015771
0.9017339
0.9017743
0.9016752
0.9040116
0.9016274
0.9030087
0.9029657
0.8947542
0.9006324
0.8974992
0.9033897
0.9146802
0.8950815
0.8890732
0.9153781
0.8993086
0.9004258
0.8998033
0.9190519
0.9252522
0.9178536
0.9012256
0.8764121
0.9150087
0.9161623
0.921337
0.9159801
0.8986578
0.920631
0.9050305
0.9026189
0.8817184
0.9062568
0.8849713
0.8741821
0.8732352
0.9059848
0.9014585
0.9296049
0.906479
0.9070372
0.9010381
0.9040907
0.90183
0.902882
0.9171563
0.917455
0.9007536
0.9253911
0.9254153
0.8717767
0.9087477
0.9175326
0.9193559
0.9120844
0.9142319
0.9171801
0.9090655
0.9278182
0.9193059
0.9063485
0.9327212
0.9123374
0.9218384
0.9112478
0.9116282
0.9150084
0.9156605
0.9190871
0.9061934
0.9048044
0.9019349
0.9089882
0.9061281
0.901958
0.9028421
0.9076062
0.9085662
0.9046874
0.9085171
0.9041793
0.9035702
0.9031604
0.904272
0.9054792
0.901104
0.9057999
0.9022138
0.9026669
0.9031041
0.9033005
0.9038701
0.9023728
0.9063211
0.9063987
0.9193986
0.8158106
0.9000907
0.7979228
0.9048163
0.9048129
0.9055872
0.904677
0.9056248
0.9038475
0.905504
0.9043416
0.8440654
0.9082611
0.8491334
0.9029503
0.9008887
0.8561196
0.841445
0.9223328
0.9056249
0.9036033
0.9048313
0.9120833
0.9218266
0.917865
0.9052661
0.9104702
0.9108581
0.9118528
0.9237791
0.9230024
0.906191
0.9151607
0.7874007
0.7910401
0.8797527
0.9037473
0.7856403
0.8915497
0.8973639
0.9045212
0.9018381
0.9294232
0.9050133
0.9084228
0.9044382
0.9041057
0.9072077
0.9026089
0.9151581
0.9242256
0.9036518
0.9204715
0.9203398
0.903048
0.9184825
0.8903703
0.9142229
0.8784692
0.8859003
0.89919
0.8850098
0.8947724
0.8947885
0.8888015
0.9121103
0.8792316
0.8965456
0.8893044
0.8874025
0.9104066
0.9122104
0.8825324
0.9246383
0.9205307
0.921279
0.91924
0.921027
0.9211708
0.9227563
0.9214869
0.9219732
0.9195334
0.9176125
0.9193869
0.9189973
0.9183439
0.9199052
0.9167368
0.9195422
0.9184471
0.9197213
0.9196011
0.9197395
0.920536
0.9219233
0.9182174
0.9192952
0.9055731
0.9244796
0.9182952
0.9163354
0.9170176
0.9076129
0.9071075
0.9073682
0.9036777
0.9061309
0.906229
0.9078632
0.9074693
0.9070688
0.8954778
0.9070685
0.887758
0.8827472
0.9101328
0.911561
0.900875
0.8926395
0.8919556
0.8921274
0.8841359
0.8899843
0.9121099
0.8929677
0.9194657
0.8899723
0.8871147
0.8925727
0.9018358
0.8883059
0.8792886
0.9139852
0.9113436
0.9114327
0.9141641
0.9078395
0.9154885
0.9175562
0.9018927
0.8934671
0.9185126
0.8962435
0.8953835
0.8961391
0.8959989
0.8996288
0.8928622
0.913891
0.9248469
0.8929464
0.8899702
0.8905078
0.9155958
0.9043565
0.8828741
0.906395
0.8876474
0.8913098
0.902918
0.8914274
0.904581
0.897397
0.879005
0.8629887
0.8909639
0.8913161
0.8864512
0.8866054
0.9103119
0.8898268
0.8902952
0.9011661
0.9023892
0.9017496
0.9076999
0.9055255
0.900043
0.9044972
0.9016241
0.9056006
0.9060677
0.9054304
0.9054824
0.8986596
0.9051243
0.9054983
0.9036546
0.9064382
0.9011988
0.9038702
0.9025227
0.9053823
0.9020609
0.9055222
0.9031312
0.9030195
0.8960455
0.9197085
0.9087703
0.8963668
0.9054092
0.8882598
0.8880944
0.8867486
0.8856114
0.8878637
0.8874288
0.8875965
0.8883295
0.9101679
0.7733918
0.9038731
0.8767663
0.8858759
0.8961799
0.8952124
0.8377702
0.7010461
0.6916631
0.6932755
0.8914901
0.897893
0.9088369
0.7552256
0.9053966
0.8957332
0.8881672
0.8909434
0.8379955
0.8590354
0.8922108
0.9118006
0.9113698
0.8873125
0.9046182
0.9021214
0.9049176
0.9080447
0.886867
0.8803487
0.9124403
0.8806301
0.8822101
0.8759514
0.8806356
0.8822059
0.879188
0.9083967
0.8411624
0.7396884
0.9004437
0.9023906
0.9079652
0.8921462
0.9106637
0.9172564
0.9084365
0.910443
0.9181734
0.9081994
0.9211869
0.9151349
0.8997646
0.9313048
0.9102067
0.917135
0.9050973
0.9130327
0.9050362
0.9066748
0.9151268
0.9085712
0.9005701
0.9046787
0.9090781
0.9072622
0.9036445
0.9021021
0.9068025
0.9066397
0.9015668
0.9038194
0.900936
0.9036537
0.9016399
0.9011834
0.9059172
0.9020092
0.9058472
0.9028437
0.9023571
0.9031085
0.9031487
0.9044994
0.9030828
0.9058237
0.9020104
0.9188228
0.8483654
0.9019658
0.8439724
0.9002655
0.9003014
0.9018773
0.9009141
0.9019601
0.9004733
0.9023048
0.901308
0.8368307
0.9003248
0.8216204
0.9005643
0.9043751
0.8397525
0.814659
0.9171939
0.9044267
0.9020832
0.9028853
0.9089111
0.9184644
0.9114083
0.900399
0.9121614
0.9100323
0.9064661
0.9175713
0.9176356
0.9025612
0.9098854
0.8570331
0.8509246
0.8775169
0.9013343
0.8273644
0.8953505
0.8969225
0.9005296
0.9035973
0.9302835
0.9022551
0.9078165
0.9037021
0.9057504
0.9058236
0.9043676
0.9166525
0.9209272
0.9014251
0.9179378
0.9192377
0.9005462
0.9132903
0.8798967
0.9177964
0.8494282
0.859461
0.8879017
0.8682711
0.8842429
0.8821281
0.8822059
0.9065476
0.8672482
0.8866139
0.8722295
0.8802948
0.9092315
0.9083827
0.857016
0.9126052
0.9115173
0.9130696
0.9090973
0.9116442
0.91162
0.9146324
0.9111127
0.9145628
0.9129529
0.9144451
0.9123396
0.9087448
0.9083534
0.9099323
0.908472
0.9097459
0.9107921
0.9073081
0.9082644
0.9103912
0.9098544
0.9072399
0.9087223
0.9077109
0.9045742
0.9211341
0.9100443
0.910677
0.9056905
0.8968048
0.8966423
0.8961366
0.8982107
0.8972971
0.8968965
0.896491
0.8984722
0.8992173
0.8886485
0.8985015
0.8765144
0.864348
0.9051023
0.9019839
0.8906851
0.8813836
0.8790781
0.878063
0.8623711
0.8732656
0.909148
0.8833996
0.9163281
0.8732767
0.8708071
0.8747014
0.8919294
0.8734121
0.8654788
0.9094114
0.9077394
0.9004148
0.9092707
0.9020152
0.9048491
0.9065685
0.8958902
0.8856379
0.9152058
0.8907575
0.89
0.8832141
0.8871914
0.8905099
0.8860631
0.9132375
0.9159646
0.8800917
0.8596962
0.8604437
0.9033464
0.9001221
0.9090124
0.9179633
0.9087503
0.9102025
0.9187413
0.9092816
0.9234531
0.9139007
0.8974247
0.9305821
0.9120667
0.9189709
0.9058299
0.9098884
0.907241
0.9042822
0.9175126
0.9051755
0.8992375
0.9015518
0.9039697
0.9035269
0.8998182
0.9024762
0.9036903
0.9035621
0.9005772
0.904855
0.9007733
0.8994165
0.9020062
0.8962522
0.8972257
0.899625
0.9007525
0.89972
0.8984594
0.8985523
0.9002325
0.8996624
0.8985513
0.9020448
0.9036839
0.9157607
0.8532887
0.8994643
0.8407512
0.8984041
0.898159
0.9000109
0.8995076
0.9015352
0.8985364
0.9005274
0.897597
0.8381033
0.8983143
0.769133
0.8960277
0.9036337
0.8389766
0.8142655
0.9179813
0.901384
0.9009035
0.9019188
0.909192
0.9182006
0.9138369
0.9007454
0.9132883
0.9101348
0.9068276
0.919077
0.9173595
0.8966891
0.9081809
0.8629438
0.853877
0.8754209
0.8988695
0.8256183
0.8890822
0.8927941
0.8990388
0.8989445
0.9305909
0.9006443
0.9028726
0.9020327
0.9005744
0.9029358
0.8990929
0.9133684
0.9230281
0.8967855
0.9204614
0.9204038
0.8973771
0.9105006
0.8847035
0.9066578
0.888067
0.8867904
0.9065055
0.8896317
0.9064789
0.8964272
0.8734465
0.86434
0.8937799
0.8930219
0.8857391
0.8852381
0.9113689
0.8904601
0.8875511
0.8974654
0.8936656
0.8945885
0.9003148
0.8947956
0.8935809
0.8969948
0.8981718
0.8985559
0.8972884
0.8971838
0.8965691
0.8930435
0.8934314
0.8972918
0.8950628
0.89502
0.8944308
0.896394
0.8944214
0.8955143
0.8934388
0.8956669
0.8929425
0.8972326
0.8911218
0.9138186
0.8988399
0.8890935
0.8943394
0.8848275
0.8839674
0.8819617
0.8826047
0.8829748
0.8854151
0.8826987
0.8834859
0.8987775
0.7461608
0.894689
0.868084
0.8843857
0.8877382
0.8859192
0.8331704
0.69841
0.6906358
0.690523
0.891997
0.893866
0.906464
0.7102416
0.9059418
0.8936414
0.8900332
0.8868813
0.8323344
0.8484289
0.8928404
0.9060358
0.9018022
0.8768657
0.9025756
0.8885062
0.8995148
0.8984884
0.8848129
0.868885
0.9134182
0.8690967
0.8722436
0.8629934
0.8699295
0.8702153
0.8680671
0.9110532
0.831385
0.7369549
0.902764
0.9028805
0.8972507
0.8850932
0.8902719
0.9095124
0.8928623
0.8877722
0.9051963
0.897416
0.9046442
0.9005842
0.8862215
0.8531895
0.8911825
0.8943028
0.8919748
0.8879351
0.9117928
0.8964708
0.8941948
0.9059965
0.9030903
0.9060717
0.9113506
0.907361
0.9064005
0.9064601
0.9031446
0.9093634
0.907128
0.9085833
0.9074362
0.9038489
0.9050684
0.9088821
0.9062178
0.9084253
0.9064957
0.9075803
0.9090331
0.9075298
0.9057532
0.9071262
0.9058895
0.9053479
0.8977973
0.916081
0.9083509
0.8990338
0.905236
0.8922535
0.8916517
0.8928238
0.8938241
0.8963214
0.8919492
0.8935766
0.8916621
0.9127012
0.8146248
0.9078469
0.8812125
0.8917581
0.900428
0.8967502
0.8260625
0.7970237
0.7940339
0.7919175
0.892536
0.8997487
0.9138945
0.8023323
0.9085453
0.900592
0.8920601
0.8883186
0.8272833
0.8646977
0.8913121
0.9150591
0.9130253
0.8930329
0.9110245
0.9005031
0.9072437
0.9118408
0.8942845
0.8833321
0.9114259
0.8847731
0.8882513
0.8808204
0.8821315
0.8807419
0.8821853
0.9152365
0.8503155
0.8050648
0.9010338
0.901497
0.9100483
0.8925989
0.9186338
0.9263093
0.9130095
0.9141292
0.9245452
0.9082401
0.9301508
0.9193851
0.9020491
0.9309693
0.9142575
0.9220474
0.9126258
0.9133281
0.9174032
0.9161085
0.9198876
0.9133044
0.9085577
0.9079121
0.9143665
0.9092429
0.9078126
0.9072481
0.912539
0.9138451
0.9083102
0.9116004
0.9061652
0.9094319
0.908803
0.9041837
0.9079475
0.9077495
0.9100887
0.9076374
0.9097259
0.9054392
0.9093791
0.9097827
0.9052639
0.9101828
0.9119108
0.922384
0.8191709
0.9097652
0.8027829
0.9119566
0.9115654
0.9110438
0.9134057
0.9111119
0.9113021
0.9120054
0.9114841
0.8465522
0.9077312
0.8411208
0.8993067
0.9082674
0.8510241
0.8412494
0.9190489
0.9046854
0.9016634
0.9048249
0.9140799
0.9180956
0.921947
0.9058082
0.9177842
0.915093
0.9137376
0.9258972
0.9205497
0.903601
0.913641
0.8148727
0.8105146
0.8879973
0.91038
0.764562
0.8992169
0.9046933
0.91184
0.9014992
0.9362967
0.902426
0.9059104
0.9061137
0.9035842
0.9036286
0.9032558
0.921805
0.929186
0.903756
0.9216899
0.9217854
0.9061619
0.9190186
0.9151596
0.9189124
0.9130235
0.9128452
0.9201985
0.9089155
0.9293835
0.9167968
0.9059133
0.9286648
0.9147273
0.9198834
0.9135976
0.9100135
0.9123132
0.9121498
0.9164674
0.9053654
0.9032593
0.9001364
0.9062389
0.902682
0.9011859
0.9011316
0.9071373
0.9046345
0.9019313
0.9054401
0.9001577
0.8998058
0.9000394
0.9010753
0.9013345
0.9019425
0.9019095
0.9015219
0.9011111
0.9000573
0.9004909
0.9003221
0.8995864
0.9016487
0.9077901
0.9198561
0.807006
0.8999781
0.79027
0.8978157
0.8976929
0.8987706
0.8986676
0.9007918
0.8969135
0.8998743
0.8976552
0.8464179
0.9057349
0.8422755
0.902812
0.9057607
0.8462861
0.8338472
0.918297
0.9006438
0.8997743
0.8999892
0.9119828
0.9215392
0.9160584
0.904982
0.9063142
0.9074877
0.9132509
0.9202998
0.9184015
0.9015899
0.9146893
0.8129072
0.8038436
0.876505
0.9029489
0.7431834
0.8912814
0.8983963
0.9033701
0.9020482
0.9298399
0.9057402
0.9105487
0.9032477
0.9026774
0.9047162
0.9025478
0.9157751
0.9208708
0.8968939
0.9208947
0.9212906
0.9032627
0.9131749
0.9128969
0.9170165
0.9104361
0.9157459
0.9191357
0.9068325
0.9214564
0.9157524
0.903515
0.9300324
0.9120082
0.9233901
0.9098314
0.9105537
0.9087078
0.9077123
0.9152548
0.9089028
0.9024496
0.9056996
0.9048994
0.9052466
0.9013574
0.9069518
0.9090326
0.9068846
0.9052045
0.9027155
0.9047721
0.9027039
0.9050782
0.9032559
0.9018633
0.9011289
0.9019643
0.9021275
0.8997014
0.9027484
0.9003449
0.9011615
0.9022873
0.9033971
0.9060754
0.9161954
0.8620333
0.9022337
0.8538907
0.9017893
0.9021019
0.900126
0.9025575
0.903168
0.9012061
0.9009922
0.9022069
0.85116
0.9006202
0.6945806
0.9008611
0.9051197
0.8493535
0.834579
0.9167628
0.9008925
0.9012842
0.9012239
0.9142504
0.9171621
0.9168611
0.9000645
0.9109463
0.9092128
0.9081883
0.9142399
0.916296
0.9017231
0.9066467
0.8663847
0.8613617
0.8754068
0.9034756
0.8342246
0.891433
0.893757
0.9056259
0.9024565
0.9331288
0.904242
0.9037775
0.9018489
0.90607
0.9076201
0.9030355
0.915377
0.9234902
0.8961414
0.9197451
0.9192327
0.8972837
0.9143783
0.9133038
0.9184203
0.9097632
0.9127929
0.9199337
0.9067835
0.929243
0.9152424
0.9029206
0.9305875
0.9151748
0.9211691
0.9107042
0.9089059
0.9132332
0.9086847
0.9174877
0.9087734
0.9023251
0.9015652
0.9067212
0.903908
0.9026121
0.9028713
0.9080488
0.9039039
0.9015084
0.9039267
0.900244
0.9001296
0.9023675
0.903131
0.9040279
0.9016764
0.9041601
0.8998348
0.9014747
0.9020739
0.9003409
0.9026501
0.9006225
0.9035471
0.9070508
0.9186795
0.811016
0.8979756
0.7865319
0.8967847
0.8965816
0.8958747
0.8977986
0.8976361
0.8971554
0.8962706
0.897219
0.8432019
0.9008915
0.8399893
0.9012111
0.9070249
0.8438367
0.8314426
0.9178756
0.8982053
0.8980413
0.8982563
0.9106195
0.9175214
0.9168029
0.9004541
0.9082618
0.9102374
0.9101136
0.9185729
0.9184707
0.9019544
0.9141786
0.8063217
0.7949077
0.8717199
0.9022162
0.7347654
0.8866867
0.8956452
0.8984887
0.8981604
0.9303722
0.9014542
0.9047857
0.9003053
0.901901
0.9033236
0.8981883
0.9135786
0.9179191
0.8963008
0.9213817
0.9210996
0.8965294
0.9128514
0.9162001
0.9212192
0.909764
0.9133919
0.9212723
0.9113774
0.9270167
0.9202803
0.9020083
0.929857
0.9138216
0.9224879
0.9109702
0.9120828
0.9076484
0.9142255
0.9145308
0.9062533
0.906386
0.9065238
0.9076618
0.9045146
0.90475
0.9059409
0.9087912
0.9064966
0.9057188
0.9074943
0.9033374
0.9040572
0.904191
0.9017442
0.9040493
0.9030795
0.9060541
0.9025809
0.9036609
0.9026113
0.903082
0.9040823
0.9041527
0.9048213
0.9072496
0.9167977
0.8522913
0.9022559
0.8454831
0.9048742
0.9047142
0.9023597
0.906337
0.9058396
0.9033943
0.9029827
0.9050681
0.833016
0.9046756
0.8202886
0.898923
0.9035663
0.8337544
0.8211557
0.9185623
0.9041656
0.9008787
0.902975
0.9139501
0.9183659
0.9144088
0.9016621
0.9080328
0.9101218
0.9101132
0.9239425
0.9193061
0.8983154
0.9112085
0.8569075
0.8511354
0.8761859
0.9047366
0.8235044
0.8909818
0.8923356
0.9071894
0.8995004
0.9355978
0.8991723
0.9042984
0.9018333
0.9033018
0.9048261
0.8997251
0.9177696
0.9231918
0.9024164
0.9185945
0.9193661
0.8993387
0.9145754
0.9130817
0.9138359
0.914011
0.9117811
0.9181799
0.9097773
0.9261438
0.9132824
0.9031767
0.9300788
0.9139131
0.9163519
0.909397
0.908721
0.9119804
0.9090844
0.9172306
0.9035166
0.9011408
0.8997613
0.9046644
0.9016283
0.9001779
0.9003592
0.9065216
0.9029078
0.900842
0.9038632
0.8979795
0.8980949
0.9007986
0.9019441
0.902165
0.8993226
0.8989377
0.9016061
0.8999466
0.9021828
0.8996833
0.9004155
0.9
0.9022396
0.9025164
0.9165711
0.7719471
0.8973263
0.7731857
0.8981657
0.8979256
0.8972243
0.8954989
0.8974322
0.8969157
0.8971429
0.8978102
0.8522795
0.9006211
0.8489751
0.901484
0.9015351
0.8519694
0.839573
0.9139755
0.8997975
0.9010052
0.8985967
0.9116812
0.9197096
0.9155824
0.8984308
0.9069876
0.9102336
0.9111064
0.9179238
0.9145249
0.9022211
0.9140633
0.8182331
0.8091207
0.877499
0.9026339
0.7805927
0.8920882
0.904239
0.9001602
0.9053066
0.9245703
0.9035485
0.9080699
0.9023056
0.906094
0.904698
0.9055691
0.912145
0.9193107
0.8982326
0.9220631
0.921822
0.9036051
0.9108242
0.9139047
0.9223508
0.9091329
0.9132753
0.9220314
0.9086569
0.9251371
0.9174099
0.9011539
0.9344717
0.9102868
0.9221681
0.9109236
0.9094797
0.9102268
0.913486
0.9103839
0.9107416
0.9060924
0.9061138
0.9096191
0.9067905
0.9056254
0.9061542
0.9086224
0.9102045
0.9059704
0.9075942
0.9053837
0.9032061
0.9063112
0.9038338
0.9037481
0.903915
0.9069701
0.9033366
0.9022599
0.9045409
0.9037204
0.9032742
0.9032235
0.9088934
0.9100976
0.9158164
0.8523433
0.9031027
0.8543295
0.9021368
0.9022122
0.9011876
0.904593
0.9040983
0.9023042
0.9012625
0.9020401
0.8321745
0.9058216
0.8267695
0.9035254
0.9059646
0.8386781
0.8212224
0.9197385
0.9032799
0.902378
0.9023186
0.9142938
0.9177688
0.9148247
0.9038989
0.912755
0.9117203
0.9129928
0.9208089
0.919883
0.9000971
0.9097715
0.8557943
0.8538615
0.8760864
0.9093292
0.831679
0.8939868
0.8920382
0.9039665
0.8976096
0.9349472
0.9043466
0.905404
0.8988433
0.8985841
0.9030074
0.8971232
0.9183299
0.9254214
0.9031324
0.9210581
0.9204363
0.9000501
0.9152699
0.8877643
0.9152161
0.8591878
0.8625921
0.8927841
0.8754242
0.8893209
0.885212
0.8848491
0.908951
0.8761964
0.88627
0.8734283
0.8793671
0.9132639
0.9129486
0.8619838
0.9193372
0.9144082
0.9144534
0.9206621
0.9178414
0.9167225
0.9163171
0.9164789
0.9176578
0.915406
0.9157872
0.9154468
0.9174908
0.9167986
0.919554
0.9174273
0.9153297
0.9127956
0.9139071
0.914741
0.9161497
0.9140879
0.9149394
0.9143232
0.9151177
0.902745
0.9223038
0.9117285
0.9179214
0.9087049
0.8995654
0.8993641
0.8998028
0.9012014
0.9023641
0.9006421
0.8998782
0.8998123
0.9073724
0.8881467
0.9091332
0.8889009
0.870401
0.9061804
0.9097368
0.8965261
0.8932178
0.8929278
0.8933804
0.8733304
0.8776503
0.9129406
0.8886447
0.917219
0.8773199
0.8781314
0.8830918
0.8973777
0.8773799
0.8761223
0.9119933
0.910609
0.9049104
0.9093062
0.9106919
0.9111397
0.9200509
0.8997922
0.8878667
0.9110174
0.8924917
0.893685
0.8890456
0.8919475
0.8938329
0.8896537
0.9133488
0.9197839
0.8926912
0.8679845
0.8670742
0.9168074
0.9004275
0.9172577
0.9196558
0.9096531
0.9156158
0.9217948
0.910242
0.9232815
0.9155478
0.9058974
0.9303269
0.9123817
0.9201083
0.9080863
0.9097683
0.9123784
0.9102615
0.9172618
0.9079632
0.9039096
0.90648
0.9091715
0.9077388
0.9056004
0.9054266
0.9089487
0.9073876
0.9045
0.9089711
0.9044199
0.9080776
0.9039052
0.9038861
0.903249
0.9025527
0.906868
0.9025639
0.9037649
0.9045935
0.9034197
0.9035219
0.9028032
0.9069228
0.9047454
0.923428
0.852367
0.9038727
0.8405775
0.9033312
0.9031702
0.9020663
0.904253
0.9040332
0.9036944
0.9026917
0.9034784
0.8368551
0.9034919
0.8259627
0.9043214
0.9071103
0.8363712
0.8240357
0.9188954
0.9024695
0.9017614
0.9022521
0.9132399
0.9171438
0.9135195
0.9051212
0.9128516
0.9094369
0.9099262
0.9211373
0.9186237
0.9050705
0.9114498
0.8499446
0.8455545
0.8813018
0.9049212
0.8236297
0.8961624
0.9022624
0.905742
0.9027733
0.9344228
0.904516
0.9076732
0.905971
0.9068879
0.9080035
0.9026071
0.9166553
0.9236128
0.9039685
0.9232619
0.9223437
0.9017138
0.9139005
0.8888849
0.9179955
0.8632056
0.8623565
0.8972346
0.8816935
0.8934106
0.8906239
0.8929659
0.9165021
0.8760577
0.8926227
0.8855755
0.8839422
0.9147665
0.9173748
0.866503
0.9250402
0.9198087
0.9226055
0.9221703
0.9213691
0.9228724
0.9236735
0.9214925
0.9212276
0.9200939
0.924136
0.9197953
0.9217187
0.9216926
0.9184204
0.921321
0.9210508
0.9218049
0.9203968
0.9222421
0.9184447
0.9208757
0.921291
0.9184299
0.9201586
0.9096127
0.9291404
0.9195987
0.919819
0.9141783
0.9020169
0.9019348
0.9033834
0.905244
0.9057227
0.9027718
0.903535
0.9021173
0.9105071
0.8977537
0.9067812
0.8937208
0.8789489
0.91472
0.9113848
0.900666
0.897435
0.8973497
0.8974451
0.8749591
0.8818031
0.9139408
0.9037336
0.9227069
0.8834279
0.8843931
0.8876796
0.900974
0.8890897
0.876638
0.9122045
0.9101002
0.9174059
0.9173522
0.9126203
0.9136803
0.9195978
0.9037222
0.8943526
0.9205832
0.900281
0.897263
0.89399
0.8995817
0.9000747
0.894062
0.9165734
0.9213643
0.8973157
0.8713195
0.8708726
0.9183001
0.9052632
0.9114032
0.917125
0.9125726
0.9128559
0.9202796
0.9127031
0.9196241
0.911101
0.9021433
0.9304321
0.913552
0.9190936
0.9078044
0.9120395
0.9106412
0.9077754
0.9170092
0.9083404
0.9046494
0.9075618
0.911933
0.9076114
0.905241
0.9060429
0.9095167
0.9070272
0.9066382
0.9097726
0.9052729
0.9045489
0.9060054
0.9043503
0.904581
0.9039617
0.9050237
0.9042059
0.9061441
0.9053678
0.9042367
0.9046889
0.905545
0.9056644
0.9038275
0.9192974
0.8536721
0.9024337
0.8417134
0.9038765
0.9037159
0.9010004
0.9007831
0.9024992
0.9044739
0.901469
0.9041051
0.8438952
0.9033696
0.8291923
0.8974736
0.907139
0.8398332
0.8246933
0.9150963
0.9036007
0.9028963
0.9045206
0.9142928
0.9203385
0.9130086
0.903204
0.9093556
0.9116449
0.9097577
0.9202304
0.9156883
0.9010551
0.9123961
0.8575198
0.8530641
0.8735572
0.9047974
0.8303571
0.8973272
0.9034426
0.9007133
0.9020258
0.9289827
0.9040808
0.9076235
0.9014574
0.9028508
0.9049261
0.9034638
0.9183992
0.9191813
0.8997205
0.9216534
0.9211087
0.9024173
0.9117155
0.9181091
0.9222364
0.9104016
0.9176746
0.9232145
0.9082636
0.929697
0.9196549
0.9028264
0.9318782
0.9141961
0.9220893
0.9128733
0.916885
0.9129882
0.9162375
0.9194398
0.9094533
0.9025853
0.9038703
0.9094938
0.9087225
0.9062388
0.903875
0.9104721
0.9092654
0.9082951
0.9073889
0.9055284
0.9051968
0.9021557
0.9026828
0.9069942
0.9049612
0.9045354
0.9066101
0.9054629
0.9026476
0.9036295
0.9058803
0.9056448
0.9052165
0.9103896
0.9203172
0.8164353
0.9024115
0.7914506
0.9078138
0.9076544
0.9065123
0.9077522
0.908301
0.9068054
0.9074821
0.9082582
0.8420813
0.904913
0.8348982
0.899383
0.9063046
0.8481736
0.8356472
0.918869
0.9019341
0.9004767
0.9023447
0.9110231
0.9152507
0.9170808
0.9008324
0.9122788
0.9134312
0.9145975
0.9227483
0.9198034
0.8998849
0.915192
0.8175604
0.803107
0.8819009
0.907151
0.7573388
0.8975781
0.8973914
0.9078624
0.8991729
0.9329852
0.903866
0.9069098
0.9022608
0.9040072
0.9047128
0.9001861
0.9177728
0.9220843
0.8998134
0.9210921
0.9201301
0.9005873
0.9178393
0.9182794
0.9238594
0.9140365
0.9187894
0.9214949
0.9088382
0.9287284
0.9186992
0.9058266
0.9314805
0.9135152
0.9278048
0.912458
0.9140489
0.913407
0.916601
0.9188133
0.9108135
0.9039132
0.905156
0.9091458
0.9078272
0.9046272
0.9053938
0.9103198
0.9110503
0.905601
0.9101116
0.9034824
0.9058566
0.9025744
0.9030244
0.9080089
0.9047175
0.9089059
0.9062534
0.9065909
0.9026349
0.9039722
0.905444
0.905952
0.9074789
0.9154164
0.919469
0.8192794
0.9084055
0.8043775
0.9084368
0.90816
0.9109123
0.910831
0.9113681
0.908053
0.9104004
0.9083351
0.8443552
0.9090359
0.8371086
0.9042473
0.9059471
0.8524719
0.8444344
0.9185105
0.900581
0.9010121
0.9020164
0.9134139
0.9173996
0.9181885
0.9065304
0.9154056
0.9121003
0.9117971
0.9254358
0.9202011
0.9080534
0.9132038
0.8098047
0.7960273
0.8849564
0.9102873
0.7411902
0.8947848
0.9013113
0.9111665
0.9025393
0.937183
0.9074832
0.9081498
0.9050773
0.9053706
0.9082862
0.902019
0.918158
0.9275433
0.9044823
0.9211907
0.9214746
0.9006889
0.9196979
0.9206076
0.9197665
0.9200535
0.9212442
0.9251964
0.9207639
0.9330953
0.9227395
0.9090845
0.9351507
0.9229532
0.9223029
0.9109432
0.9152987
0.917439
0.9105776
0.9218865
0.9116509
0.9081429
0.9092496
0.9143321
0.9134234
0.9091103
0.9113367
0.9136235
0.9109976
0.914042
0.9133456
0.9126967
0.9148627
0.9109441
0.9098186
0.9101067
0.9083099
0.9097121
0.9120329
0.9090003
0.9094658
0.9100892
0.9125739
0.9093827
0.9124383
0.909251
0.9142757
0.9045169
0.9064198
0.9025182
0.9097136
0.9090877
0.9082189
0.9086008
0.908913
0.9089806
0.908524
0.908993
0.9038448
0.9044359
0.8996237
0.9073303
0.9168816
0.8965912
0.8893765
0.9188568
0.9079373
0.9093784
0.9085863
0.9210075
0.9305108
0.9152601
0.9041515
0.9113697
0.9206178
0.9163847
0.9209447
0.9177924
0.9104961
0.9212374
0.9108997
0.9093885
0.8898511
0.9058991
0.8952807
0.9066858
0.9051074
0.9079698
0.9092005
0.9236791
0.9113037
0.9120424
0.9054677
0.9118222
0.912598
0.908497
0.9182028
0.9203772
0.9092364
0.9278901
0.927656
0.9084349
0.9145579
0.9100634
0.9182857
0.9085684
0.9085827
0.9191999
0.9055298
0.9181455
0.9124748
0.8976505
0.9303075
0.910531
0.918714
0.906892
0.9025481
0.9112499
0.9038101
0.9124705
0.9012876
0.8961058
0.8991142
0.9047551
0.9007606
0.9007942
0.8983768
0.9039359
0.9031844
0.8960988
0.9034803
0.8982298
0.8982673
0.8984294
0.8988708
0.8983295
0.8970102
0.8991145
0.8977799
0.8979585
0.8990369
0.8971406
0.8988302
0.8985231
0.9014921
0.9021362
0.914907
0.8506964
0.8986204
0.8466717
0.8953195
0.8950766
0.8913774
0.8980796
0.8978377
0.8954519
0.8914967
0.8952654
0.8375958
0.8950088
0.829095
0.8960382
0.902236
0.7733476
0.8143856
0.9111927
0.896312
0.8955117
0.8954875
0.9078463
0.9165528
0.9141119
0.8931903
0.9036227
0.9075932
0.9056651
0.9145969
0.9117431
0.8960936
0.9079302
0.8575611
0.8525608
0.8678764
0.8944182
0.8281864
0.8860348
0.8917703
0.8974221
0.8919444
0.9231901
0.900898
0.9037156
0.891451
0.8976347
0.8995149
0.8924476
0.9136821
0.9169143
0.8967052
0.9193931
0.9191464
0.894476
0.9096317
0.9188989
0.9217073
0.911276
0.9156154
0.9243539
0.9085925
0.9262169
0.9188205
0.9039806
0.9293016
0.9156363
0.9220807
0.9100523
0.9143344
0.917699
0.9160702
0.9193917
0.9102135
0.9057104
0.904871
0.9099805
0.9058266
0.9044996
0.9032281
0.9093721
0.9106445
0.9047296
0.9096671
0.9037877
0.9045502
0.905268
0.9032524
0.9061536
0.904825
0.907332
0.9048726
0.9076704
0.9013297
0.905177
0.9061353
0.9033092
0.9050805
0.9137498
0.9161784
0.8114356
0.9086665
0.8024696
0.9084605
0.9079498
0.9093793
0.9111618
0.9094889
0.907882
0.9098778
0.9074953
0.8439085
0.9055971
0.8384877
0.9008996
0.9080411
0.8486365
0.8354079
0.9193857
0.8996308
0.8995083
0.899842
0.9147713
0.9166491
0.9169941
0.9010863
0.9140194
0.9145233
0.9128172
0.9246773
0.9200195
0.9034156
0.9101722
0.8102539
0.7996355
0.8833612
0.9079485
0.7542606
0.8968747
0.8999964
0.9091298
0.8994664
0.9366865
0.9037296
0.9062311
0.9043223
0.9047721
0.9041086
0.9016986
0.9207023
0.9253383
0.9004234
0.9208568
0.9211401
0.9027286
0.9181734
0.9211341
0.92088
0.9198957
0.9192805
0.9255279
0.9217334
0.9295735
0.923518
0.9106928
0.9342105
0.9190167
0.926106
0.9129652
0.9152885
0.9135633
0.9083634
0.9217315
0.9129509
0.9100739
0.9081046
0.9115148
0.9130265
0.9076544
0.9084141
0.9146113
0.9122583
0.9145305
0.9163334
0.9122981
0.9134239
0.9092266
0.9099972
0.9104808
0.9080591
0.9106278
0.9093855
0.9080111
0.9109611
0.9080931
0.9090424
0.9071431
0.9138537
0.9113426
0.9152179
0.9067097
0.9068764
0.9010832
0.9086848
0.9085255
0.9105737
0.9088571
0.9094404
0.9082625
0.9108382
0.9088198
0.9013385
0.9051577
0.8991195
0.9084793
0.9145317
0.897313
0.8914335
0.9208806
0.9097819
0.9119557
0.9110132
0.9179677
0.9259298
0.9161939
0.9058853
0.9138933
0.922868
0.9192737
0.9239104
0.9197852
0.9104424
0.9192197
0.9103134
0.9070236
0.8887084
0.907706
0.8950896
0.9070604
0.902206
0.9091201
0.9109244
0.9255648
0.9103636
0.9109883
0.9077126
0.9116152
0.909423
0.9089456
0.9225971
0.9234952
0.9094533
0.9290074
0.9283655
0.908457
0.9115265
0.8813909
0.9236816
0.8867959
0.8952104
0.9063389
0.901709
0.891127
0.8994674
0.8933753
0.9048767
0.8894695
0.9036977
0.9002479
0.8969246
0.9239263
0.9255596
0.8838816
0.9352858
0.9340812
0.9332434
0.9304477
0.9339928
0.9337892
0.9347496
0.9318708
0.930803
0.930618
0.9351734
0.9326953
0.9300184
0.9337906
0.9343945
0.9356436
0.932648
0.9326783
0.9312935
0.9296986
0.9334806
0.933308
0.9338803
0.9324043
0.9327359
0.9182653
0.9359491
0.9316518
0.9339715
0.9341979
0.915357
0.9154304
0.9160544
0.9173934
0.9164561
0.9164673
0.9161601
0.9164455
0.9281958
0.9053987
0.9273606
0.8935744
0.899023
0.9295658
0.9293824
0.8981044
0.9078683
0.9065596
0.9070837
0.8933999
0.8996705
0.9232564
0.9045347
0.9339339
0.9058782
0.8920941
0.8913977
0.8978641
0.8981329
0.8867979
0.9344229
0.93329
0.9279556
0.921975
0.9317332
0.9308576
0.9319882
0.9115987
0.9087001
0.9185639
0.9073343
0.9094174
0.9069273
0.9092259
0.9102415
0.9097313
0.9231985
0.9301327
0.904593
0.8875625
0.887147
0.9286333
0.9107137
0.8867273
0.9279668
0.8873351
0.8953735
0.9068979
0.9037042
0.8924455
0.899237
0.8964168
0.9054426
0.8923351
0.905705
0.9025759
0.8986614
0.9248366
0.9272957
0.888698
0.9372507
0.9341077
0.9335658
0.9325031
0.9336157
0.9353583
0.9347751
0.9320479
0.9328253
0.9323098
0.9350148
0.9332023
0.931756
0.9355027
0.9341633
0.9355207
0.933819
0.931304
0.9321361
0.9321355
0.9346097
0.9349885
0.9346772
0.9326181
0.9338695
0.9202211
0.9390144
0.9320482
0.9369391
0.9332348
0.918532
0.9189085
0.9200126
0.9181289
0.9183281
0.9201247
0.920418
0.9198957
0.9295711
0.9087451
0.9284466
0.8983093
0.9011372
0.929046
0.9307133
0.8991142
0.9121138
0.9092479
0.9100391
0.8951412
0.8983849
0.9237039
0.9084195
0.9361495
0.9091957
0.8955001
0.8945554
0.9
0.8991186
0.8898882
0.9335439
0.931676
0.9321361
0.9251913
0.9312788
0.9336763
0.9339067
0.9169237
0.9083806
0.9185001
0.9075932
0.9099406
0.9096938
0.9082494
0.9109154
0.9098326
0.9246479
0.9317411
0.9092993
0.8907473
0.8895863
0.9305177
0.9118915
0.9173128
0.91297
0.9205303
0.9192533
0.9222056
0.9159453
0.9274037
0.9225628
0.9026824
0.9305425
0.9175625
0.9175795
0.908377
0.9131812
0.9112729
0.8969243
0.9205086
0.862563
0.8603588
0.8623104
0.8725545
0.8686126
0.8646377
0.8648993
0.8671253
0.8668862
0.8665045
0.8661394
0.8636364
0.8608584
0.865052
0.8629272
0.8632282
0.8636688
0.8641623
0.8626198
0.8602653
0.8622529
0.8638189
0.8634318
0.8630302
0.8621598
0.9040658
0.9147551
0.8979858
0.8265306
0.8946276
0.8976758
0.8977123
0.896835
0.8991425
0.8982526
0.896761
0.8976771
0.8989688
0.8989195
0.894898
0.8967723
0.9032188
0.9069171
0.8955311
0.8883617
0.9163721
0.8973455
0.8996621
0.8980379
0.9146407
0.926892
0.9128745
0.8971501
0.8726588
0.9123038
0.9132849
0.9198494
0.9167817
0.903418
0.9183819
0.9042341
0.8990928
0.8821406
0.9016121
0.8869943
0.8738228
0.8738489
0.8999964
0.9069499
0.9274802
0.9070102
0.9102721
0.9064353
0.9077184
0.9043961
0.9097312
0.9140417
0.9182914
0.8959769
0.9250986
0.925653
0.8677152
0.9090383
0.8886467
0.9204553
0.894778
0.8947999
0.9105739
0.9001537
0.9015608
0.905257
0.8971255
0.9136292
0.894321
0.9059382
0.9067399
0.902401
0.919938
0.9264891
0.8905566
0.9345618
0.9340951
0.9327118
0.9322783
0.9319945
0.9335852
0.9336994
0.9335459
0.9328184
0.9303582
0.9334616
0.9313594
0.9330417
0.9311328
0.9311413
0.9306804
0.9330743
0.9315248
0.9329394
0.933892
0.9314814
0.93318
0.9347714
0.9309179
0.9308824
0.9135958
0.9375042
0.931753
0.9301455
0.9276843
0.9157884
0.9157475
0.9139006
0.9147393
0.9149873
0.9152222
0.9137406
0.9161476
0.9259401
0.9109867
0.9249075
0.8991644
0.9049566
0.9293864
0.9276109
0.9076325
0.910488
0.9087367
0.9104807
0.8991674
0.9019436
0.9250204
0.9085244
0.9335046
0.9086891
0.8994911
0.8992524
0.9079085
0.9019205
0.8997348
0.9257985
0.9261173
0.92812
0.926107
0.9277024
0.9286608
0.9300537
0.9174427
0.9092882
0.9223109
0.9086963
0.9072866
0.9145954
0.9127907
0.9118448
0.9101981
0.9217249
0.9328312
0.9087493
0.8944599
0.8946457
0.9258313
0.9104099
0.9177809
0.9119882
0.9194915
0.9183385
0.9229512
0.91557
0.9282972
0.9221818
0.9030303
0.9312296
0.9191414
0.9158075
0.9064797
0.9134277
0.9110609
0.8967231
0.9212345
0.8617737
0.8596974
0.8607924
0.8733938
0.8675269
0.8638477
0.8643224
0.8678154
0.8673237
0.8655025
0.8665794
0.8636568
0.8616561
0.8643485
0.8634607
0.8621782
0.8645415
0.8649054
0.8623006
0.8600346
0.8637249
0.8658363
0.8643453
0.862453
0.862183
0.9027466
0.9142634
0.8975081
0.8268989
0.8931053
0.8951371
0.8949312
0.894137
0.8970513
0.8966483
0.8945444
0.8949827
0.8965011
0.8990381
0.8953455
0.8979068
0.9026939
0.9077677
0.8933715
0.8873985
0.9158813
0.8965054
0.8987406
0.8967148
0.9151528
0.9259351
0.9129637
0.8985088
0.872069
0.9140922
0.9140346
0.9206224
0.9164428
0.9038455
0.9173053
0.9048466
0.8984178
0.8820857
0.9010505
0.886973
0.8718391
0.87343
0.8983125
0.9054784
0.9262893
0.9064443
0.9082947
0.905986
0.9077406
0.9040297
0.9075552
0.9142019
0.9172983
0.8946524
0.9257697
0.9264742
0.8681925
0.9071232
0.8894049
0.9191412
0.8956083
0.8933625
0.9063384
0.8983128
0.9020326
0.9031362
0.9004801
0.9139392
0.892757
0.9041366
0.9053694
0.902331
0.9171764
0.9245105
0.8890591
0.9303928
0.9296899
0.9316616
0.9299475
0.9301734
0.9313621
0.9329097
0.9323902
0.9304839
0.9267164
0.930501
0.9279083
0.9287024
0.9307441
0.9317454
0.9305849
0.9311783
0.9327899
0.9313027
0.9294215
0.9297672
0.9304039
0.9321545
0.9299731
0.9282753
0.9134955
0.9340121
0.9295374
0.928624
0.924887
0.9119508
0.9116799
0.9117389
0.9115072
0.9124527
0.9112674
0.9127234
0.9124845
0.9232642
0.9101194
0.926757
0.9015055
0.9008566
0.9273427
0.9275142
0.9065781
0.911527
0.907941
0.9097641
0.8963699
0.8980384
0.9215077
0.9065044
0.9304375
0.9057275
0.8980957
0.9003166
0.9071192
0.9006033
0.8919439
0.9257758
0.9249906
0.923484
0.9278567
0.9263694
0.9271835
0.930847
0.9069677
0.9070396
0.9225858
0.9073282
0.907219
0.9091516
0.9088256
0.9075074
0.9068404
0.9190224
0.9295996
0.906261
0.8935666
0.8939083
0.9307938
0.9094595
0.8800043
0.9142287
0.8852524
0.8909794
0.9051876
0.8941093
0.8990426
0.899965
0.8917229
0.9111304
0.8853823
0.9030672
0.8980235
0.8960979
0.9123339
0.9225593
0.8803259
0.9276895
0.9281296
0.9270334
0.9276214
0.9291047
0.9288164
0.9272639
0.9270768
0.9288235
0.9277476
0.9282074
0.9265645
0.9262018
0.9274194
0.9263015
0.9270137
0.9263571
0.927173
0.9297948
0.9254779
0.9254965
0.9284824
0.9290653
0.9264389
0.9248034
0.912619
0.9335932
0.9261801
0.927112
0.9217328
0.911075
0.910918
0.9094023
0.9102057
0.9110845
0.9110421
0.9094342
0.9122633
0.9193158
0.9000639
0.9187665
0.8912841
0.8965862
0.9249266
0.9238835
0.8996136
0.9048797
0.9034075
0.9042425
0.8901272
0.8911184
0.9193648
0.8981084
0.9274793
0.9003556
0.8907569
0.8936002
0.899803
0.8923187
0.8839713
0.9205951
0.9222307
0.9231941
0.9253287
0.9211018
0.9254474
0.9260372
0.9087314
0.9045198
0.9207551
0.9034195
0.9045467
0.9040834
0.9035965
0.9041821
0.9049368
0.9154015
0.9260624
0.8987328
0.888255
0.8887541
0.9266138
0.9088398
0.910844
0.9067071
0.9184819
0.9165755
0.9212473
0.9192581
0.9231936
0.9171451
0.9106301
0.9303703
0.9164095
0.9088989
0.9055679
0.9070932
0.9094477
0.8898124
0.9212943
0.8483574
0.8450608
0.8482194
0.8553959
0.8557205
0.8452363
0.8527892
0.8447674
0.8499679
0.8461743
0.8516587
0.8472849
0.8432397
0.8480185
0.8550599
0.8434384
0.8467644
0.8419608
0.8449206
0.847892
0.8516212
0.8431283
0.8483152
0.8471393
0.842757
0.8979599
0.9206126
0.9061093
0.8606289
0.9081443
0.9008088
0.9000871
0.8982946
0.8967864
0.8979052
0.9001415
0.8988507
0.901625
0.9141557
0.895006
0.9153628
0.9096511
0.9082618
0.8983002
0.8993403
0.9097023
0.9074446
0.9078806
0.9069609
0.9185725
0.9279756
0.9062412
0.8960503
0.8527043
0.915171
0.9160859
0.9135944
0.9108364
0.9058972
0.9228131
0.9147665
0.9132741
0.8876848
0.8978811
0.9072595
0.8814301
0.882803
0.8945971
0.9091494
0.911691
0.9092859
0.9095264
0.902697
0.9093715
0.9088439
0.9103128
0.9131588
0.918134
0.9070294
0.9281818
0.9286589
0.856526
0.8978819
0.9112097
0.8541126
0.9177717
0.9222698
0.9230769
0.9228521
0.9249365
0.9196252
0.9107045
0.9325443
0.9182889
0.9158291
0.9126824
0.9124638
0.8543942
0.9039762
0.9174646
0.9155751
0.9141569
0.9112084
0.9144039
0.9187511
0.9148454
0.9146747
0.9153541
0.9133031
0.9152763
0.9154606
0.9160588
0.9175244
0.9154433
0.9178645
0.9133929
0.9160578
0.9119915
0.9163127
0.9177505
0.9145493
0.9170061
0.9157884
0.9143358
0.9155543
0.911807
0.9238012
0.921214
0.9119352
0.920015
0.9114348
0.9110183
0.9081421
0.9066962
0.9070434
0.9102369
0.9079097
0.9119564
0.9217778
0.9111737
0.9206617
0.9111508
0.9170974
0.9148167
0.9162007
0.9146139
0.9218734
0.9210114
0.9214437
0.9231056
0.9282899
0.8981627
0.9159839
0.9163607
0.923953
0.9187945
0.9178463
0.9140829
0.9135747
0.9192212
0.9197552
0.9195659
0.9166028
0.9090503
0.9204534
0.913919
0.9213071
0.9054807
0.9169511
0.9141151
0.9134066
0.9143805
0.9144181
0.9164096
0.9174678
0.9177245
0.8612221
0.9297939
0.9172654
0.9226949
0.9222779
0.919704
0.9117749
0.8833394
0.9067112
0.8914584
0.8896505
0.904465
0.8986274
0.9001921
0.8955997
0.8838134
0.8875249
0.8921986
0.8876838
0.8867043
0.8881491
0.913779
0.8999422
0.8831666
0.9117553
0.9088066
0.9106011
0.9129731
0.9109495
0.9106928
0.9120576
0.9100325
0.910643
0.9119506
0.9146685
0.9111826
0.9092879
0.9115893
0.9132031
0.9100249
0.9094745
0.9078905
0.9120588
0.9081491
0.9118135
0.9116639
0.9115613
0.9082572
0.9092231
0.8985693
0.9261949
0.9169345
0.9068258
0.9173878
0.8998244
0.8994658
0.8972998
0.8931391
0.8956899
0.9000322
0.8965455
0.8994774
0.9163283
0.8443446
0.9184461
0.8857721
0.8893858
0.9085785
0.9122453
0.8607225
0.8468007
0.8455257
0.8452109
0.8981264
0.9043155
0.9067859
0.8427555
0.911282
0.8943139
0.8881766
0.8848952
0.8593933
0.8605867
0.8944747
0.9254106
0.9235746
0.9055955
0.9091935
0.9191479
0.9179654
0.9231094
0.8894503
0.8881529
0.9083528
0.8888649
0.890501
0.8835691
0.8886241
0.8910891
0.8891368
0.9132698
0.8844855
0.8528919
0.8978128
0.8992154
0.9151189
0.8909459
0.878318
0.9075096
0.8873356
0.8839983
0.9007255
0.8955714
0.9046794
0.8923479
0.8777472
0.8843935
0.8874973
0.8931754
0.8879811
0.8893899
0.9083305
0.9028452
0.8821662
0.9109016
0.9106201
0.9090523
0.9111275
0.9101746
0.909377
0.9113964
0.9072128
0.9105984
0.912555
0.9113598
0.9130925
0.9097867
0.9115431
0.9123488
0.9104838
0.9091617
0.9090105
0.9091648
0.9075675
0.9116517
0.9086151
0.9115917
0.9075967
0.9073634
0.9011757
0.9242288
0.9149115
0.9087513
0.9175961
0.8992878
0.8990478
0.8966876
0.8949562
0.896384
0.8983925
0.896685
0.8990968
0.9158911
0.8486034
0.9144347
0.879955
0.8904193
0.9074622
0.9112367
0.8635488
0.8439043
0.8430991
0.841392
0.8915632
0.8977838
0.9070156
0.8455172
0.9104579
0.892767
0.8874141
0.8816911
0.8623582
0.8617336
0.8906912
0.9199324
0.9223536
0.9017534
0.9104562
0.9155574
0.9126403
0.9169197
0.8942253
0.8866302
0.9046689
0.8835323
0.8867029
0.8801293
0.8874977
0.887456
0.8867734
0.9109659
0.8880389
0.8473893
0.8933998
0.8932312
0.9154089
0.8889331
0.8897698
0.908246
0.8711388
0.8738034
0.8929885
0.8796363
0.8907608
0.8887344
0.8851959
0.914191
0.8773798
0.8818774
0.8745662
0.8764888
0.9101906
0.9026635
0.8768074
0.9085303
0.9091364
0.904112
0.9088069
0.9105532
0.9068713
0.9052128
0.9060137
0.9070978
0.9070199
0.9039948
0.905262
0.9041042
0.905996
0.9079332
0.9063363
0.9080168
0.9066943
0.9066962
0.9092917
0.9055135
0.9052026
0.9063948
0.9084283
0.9060847
0.8924648
0.9230823
0.9098364
0.9050472
0.908765
0.8923311
0.891885
0.8933869
0.8906608
0.8907998
0.8918233
0.8933454
0.8923818
0.9086392
0.8828389
0.9060531
0.8839224
0.8750643
0.9056885
0.9020924
0.8920946
0.888257
0.8873929
0.8862315
0.8822782
0.8882595
0.9110365
0.8825411
0.9077006
0.8829138
0.8806269
0.8823723
0.8933433
0.880422
0.8784579
0.9103485
0.9090236
0.9007999
0.9067709
0.9049785
0.9042193
0.9149922
0.8945791
0.8885432
0.9080181
0.890581
0.891102
0.887589
0.8888163
0.8916522
0.8913758
0.9133839
0.9124617
0.8860166
0.8820101
0.8827961
0.9072095
0.8977601
0.8816756
0.9172601
0.8577937
0.8644224
0.8898293
0.870236
0.8895808
0.8869634
0.8740678
0.9084257
0.8647959
0.8873229
0.873933
0.8768925
0.9115374
0.9072821
0.8539364
0.9142227
0.9107258
0.9093378
0.9138212
0.9113996
0.9093538
0.9109274
0.9124129
0.9120598
0.9097326
0.9102683
0.909305
0.9099234
0.9093306
0.9087791
0.9103542
0.9093313
0.912675
0.9081261
0.9096719
0.9085814
0.9062802
0.906183
0.9062231
0.9115287
0.90096
0.9225039
0.907118
0.911604
0.9026625
0.8973319
0.897448
0.8985308
0.9000578
0.9007985
0.8983406
0.8984085
0.8977298
0.8932413
0.8838218
0.8930085
0.8706199
0.8674623
0.8972703
0.894468
0.8938641
0.8837769
0.8824497
0.8830709
0.8660559
0.8700926
0.9159338
0.8855503
0.9148676
0.8751823
0.8711817
0.8829514
0.8945222
0.8743861
0.8666617
0.9052691
0.9020696
0.8956739
0.9117188
0.8924924
0.9027295
0.9047482
0.8972479
0.8767088
0.9210777
0.8789662
0.8780193
0.8799369
0.879705
0.8865295
0.8766867
0.9156519
0.9147205
0.8780148
0.8622766
0.8619351
0.9027285
0.9026105
0.8780981
0.9093397
0.8540352
0.8650024
0.8898912
0.8721019
0.8792687
0.8790092
0.8708021
0.9079584
0.8623444
0.8808163
0.8676297
0.8707053
0.9056348
0.9009341
0.8562993
0.9080839
0.9041264
0.9032828
0.9076231
0.9064101
0.9031863
0.9060436
0.9042951
0.9065648
0.9042863
0.9051368
0.9035356
0.9031152
0.901795
0.9020873
0.9033832
0.9022076
0.9056468
0.9028913
0.9002203
0.902013
0.9013409
0.9034993
0.900076
0.9033362
0.8942772
0.9208724
0.9037513
0.9046124
0.9023655
0.8911766
0.8906461
0.8883977
0.8869715
0.8896783
0.8911512
0.8883979
0.890855
0.8980517
0.8806364
0.8939316
0.8714666
0.8623483
0.8967974
0.8961877
0.8880804
0.8760169
0.8766483
0.8761153
0.8652135
0.8699355
0.9089244
0.8786157
0.9076404
0.8716585
0.8679315
0.8757923
0.8880549
0.8712312
0.8675445
0.907612
0.9030247
0.8957949
0.9072143
0.8921569
0.8964586
0.9036227
0.8846886
0.8800293
0.9059998
0.8847234
0.8852913
0.8820701
0.881346
0.887515
0.8814031
0.9122342
0.9102291
0.8765987
0.8590529
0.8581104
0.9031806
0.8935069
0.8904149
0.9111575
0.8741012
0.8752951
0.8946681
0.8823085
0.8904031
0.8933906
0.8870594
0.9134501
0.8795185
0.8902047
0.8794914
0.8770004
0.9106989
0.9083444
0.8751826
0.9119631
0.9107136
0.9093305
0.9117626
0.9115396
0.90923
0.9118033
0.909885
0.9128525
0.9127369
0.9116509
0.9107694
0.9085912
0.9082768
0.9053827
0.910071
0.9131947
0.9109168
0.908084
0.9099349
0.9053447
0.9075301
0.907354
0.9086465
0.9083716
0.897452
0.92264
0.908625
0.9076895
0.9084782
0.8992329
0.8987533
0.8980458
0.8986562
0.8981352
0.8992441
0.8980825
0.8990802
0.9034943
0.8878231
0.9031595
0.8841344
0.8760309
0.9059086
0.9061227
0.898578
0.8877385
0.8886877
0.8880148
0.8774826
0.881775
0.9151498
0.8901669
0.9132851
0.8838903
0.876959
0.8826286
0.8977887
0.8819079
0.8781859
0.9104838
0.910159
0.8996676
0.909429
0.898251
0.9002061
0.9105496
0.8964486
0.8901519
0.9113762
0.8934954
0.8934173
0.8912163
0.8921948
0.8951147
0.8925754
0.9139579
0.9151139
0.8881235
0.8810093
0.8809032
0.9028224
0.8993441
0.8913648
0.9184909
0.8683162
0.8767501
0.8987765
0.8789496
0.8864969
0.8899527
0.8834102
0.9124541
0.8740589
0.897043
0.8844234
0.8897841
0.91517
0.9172264
0.8735228
0.92031
0.916956
0.9167286
0.9151682
0.9157192
0.9157411
0.9199183
0.915268
0.9185141
0.9173312
0.9131082
0.9163399
0.9137772
0.9153602
0.9114774
0.9120813
0.9126838
0.9197786
0.9135304
0.9116676
0.9122048
0.9156324
0.9151417
0.9139082
0.9159352
0.9050855
0.9263363
0.9133021
0.9161909
0.9083135
0.9039593
0.9038772
0.9042268
0.9044871
0.904345
0.9045179
0.9039865
0.9040306
0.9015132
0.8929408
0.8984604
0.8813559
0.8758525
0.904383
0.905174
0.8996988
0.8922583
0.8893192
0.8902157
0.8733631
0.8793648
0.9167622
0.8925911
0.9170031
0.8846015
0.8824171
0.886692
0.9001632
0.8849925
0.8725731
0.9110839
0.9053357
0.9050164
0.9154131
0.8997572
0.9068756
0.9131039
0.9041743
0.8876108
0.9196152
0.8904915
0.8908121
0.8884698
0.8904179
0.893037
0.8904851
0.9195937
0.9221409
0.8891988
0.8732456
0.8739925
0.9120252
0.9075233
0.881543
0.9134044
0.8589748
0.8664276
0.891362
0.8667663
0.8819192
0.8832289
0.8808848
0.9055218
0.8638006
0.8837775
0.8687472
0.8698896
0.9069535
0.9068258
0.8546246
0.9142139
0.9120085
0.9082971
0.9137755
0.9123261
0.9097504
0.9088775
0.9120252
0.9157482
0.9111324
0.9147874
0.9103985
0.9096192
0.9077886
0.910845
0.9084117
0.9110076
0.9121698
0.9080615
0.9098346
0.9089034
0.9107663
0.9097363
0.9062824
0.9107168
0.8972775
0.9262076
0.910374
0.9154363
0.9078747
0.897027
0.8966252
0.898302
0.90101
0.9024512
0.8973176
0.8986159
0.8981411
0.9033936
0.8823829
0.9025437
0.881309
0.8681307
0.9045269
0.9066081
0.8868743
0.8816465
0.8817851
0.8820786
0.8727818
0.8709099
0.9103111
0.8808667
0.9159039
0.8757261
0.8661307
0.8755709
0.8865668
0.8796367
0.8688754
0.9099657
0.9061353
0.9043671
0.907084
0.9023711
0.9081578
0.9111492
0.8961095
0.8878846
0.9133208
0.8875958
0.8895626
0.881853
0.8872268
0.8887926
0.8881898
0.9136388
0.9129548
0.8809237
0.8648014
0.8638387
0.9072506
0.8970174
0.8884091
0.9172536
0.8766736
0.8775562
0.8948411
0.8805227
0.889889
0.8911177
0.8903594
0.9154418
0.8789702
0.8911346
0.8771847
0.8846913
0.9098471
0.9054289
0.8722241
0.9141812
0.9086225
0.910352
0.909459
0.9106648
0.9122657
0.9110059
0.9113686
0.9115566
0.9126776
0.9117825
0.9122152
0.908053
0.911889
0.9079643
0.9107456
0.9112774
0.9110082
0.911123
0.9087794
0.906519
0.9107639
0.9116289
0.9091624
0.9121102
0.8981682
0.9234313
0.9135602
0.908211
0.9114665
0.8959525
0.8957888
0.8950414
0.89677
0.8984772
0.8950456
0.8951193
0.8966245
0.9023864
0.8902404
0.8988968
0.8856706
0.8784368
0.903729
0.9036136
0.8946355
0.8882643
0.886023
0.8858713
0.8830093
0.887865
0.9140742
0.8908152
0.9118187
0.8863776
0.8815228
0.8855219
0.8960423
0.886546
0.8753669
0.9118697
0.9089401
0.9035894
0.9086646
0.9010339
0.903375
0.9118489
0.8943142
0.8900383
0.9117396
0.8916724
0.8914331
0.8889696
0.8901151
0.8934208
0.8897415
0.9135688
0.9170411
0.8877621
0.8826577
0.8820263
0.9093401
0.9015141
0.8809307
0.9123643
0.8547002
0.8615402
0.8916814
0.8696427
0.8860081
0.8805831
0.8746156
0.9096388
0.8647941
0.8797491
0.8679079
0.86846
0.9091912
0.903081
0.8599948
0.9115714
0.904499
0.9044449
0.9087458
0.904269
0.9067328
0.9033123
0.9094527
0.9097565
0.9080877
0.9072978
0.905554
0.9029827
0.9061698
0.9029046
0.9041155
0.9065123
0.907453
0.9053861
0.9030976
0.901415
0.9042819
0.9058278
0.9027638
0.9065324
0.8946226
0.923428
0.9042005
0.9089857
0.9
0.8899829
0.8899386
0.8914484
0.8932194
0.8957815
0.8908042
0.8920494
0.890467
0.8994957
0.8816911
0.8970209
0.8785276
0.8702495
0.898081
0.8966512
0.8877145
0.8748855
0.8739446
0.8745687
0.8728584
0.8731313
0.9065034
0.8781315
0.9110153
0.8704697
0.8711194
0.8775525
0.8882072
0.86957
0.8657334
0.903687
0.8991113
0.8953778
0.9073318
0.8949496
0.901586
0.9073012
0.8897147
0.8844577
0.9138017
0.8857857
0.8881617
0.8799722
0.884352
0.8874304
0.8861379
0.913657
0.9135846
0.8794912
0.8690289
0.8677452
0.9028522
0.8955899
0.8904906
0.9142084
0.8803428
0.8838449
0.8976569
0.8867087
0.8968396
0.8901971
0.8933415
0.9151049
0.8806973
0.8863817
0.8856018
0.8850596
0.9143494
0.9040338
0.8780506
0.9133409
0.9113627
0.9118775
0.9122137
0.9124925
0.9138566
0.912834
0.9097977
0.9128803
0.9139188
0.9143768
0.9126506
0.9072559
0.9079957
0.9123647
0.9124288
0.9144933
0.9111774
0.9087739
0.9099637
0.9110843
0.9086867
0.9080827
0.9130188
0.9130867
0.9005915
0.9264042
0.9136827
0.9071266
0.9129406
0.8979562
0.8977142
0.8988316
0.8967023
0.8974949
0.8970541
0.8989471
0.8994318
0.9081461
0.8900686
0.9092083
0.8933026
0.8843706
0.9106506
0.9049015
0.8942592
0.8925045
0.8922527
0.8917064
0.8860448
0.8916152
0.9146855
0.8931948
0.9165744
0.8893312
0.8859503
0.8849932
0.8943634
0.8919868
0.8804328
0.9134756
0.9134352
0.9078752
0.9092648
0.9069675
0.9103997
0.9153061
0.8934941
0.8934211
0.9071765
0.8910185
0.893412
0.893173
0.89291
0.8938784
0.8930487
0.9151323
0.9207817
0.8919348
0.8858461
0.8854246
0.9133326
0.899456
0.8805185
0.9094655
0.8526131
0.8622301
0.8911379
0.8700812
0.8849182
0.8822263
0.8759653
0.9092791
0.8630552
0.8803166
0.8668923
0.8726199
0.9059666
0.9035355
0.861322
0.9100848
0.9055779
0.9056786
0.9080313
0.9023264
0.9067143
0.9048198
0.9082719
0.9081095
0.9076035
0.9063036
0.9059643
0.9020926
0.9056045
0.9054721
0.9062175
0.9077824
0.906498
0.9061484
0.9049987
0.9026111
0.9052011
0.9076402
0.9049446
0.9070997
0.8931579
0.9227495
0.9047636
0.9059993
0.9015872
0.8890992
0.8888525
0.8889979
0.8915396
0.8934379
0.8896808
0.8891996
0.889661
0.9004611
0.881566
0.8960302
0.8766722
0.8673941
0.8978175
0.8967023
0.8870788
0.8762362
0.8747613
0.8747245
0.8707368
0.8716342
0.9107705
0.8786983
0.9096279
0.8699609
0.8702341
0.8761385
0.8875314
0.8705169
0.8681424
0.9031632
0.9017819
0.8953476
0.9056416
0.8956838
0.9005285
0.9078711
0.8905247
0.8795739
0.9130188
0.8814472
0.8841264
0.8811143
0.8812518
0.8856987
0.8823272
0.9105532
0.9114277
0.878173
0.8680186
0.8664804
0.90334
0.8929142
0.8924673
0.9130223
0.8737039
0.8825911
0.8954248
0.8780558
0.8904901
0.8909985
0.8846741
0.9170587
0.8747896
0.8922149
0.8811878
0.8801936
0.9133276
0.9068473
0.8768455
0.9108872
0.9100586
0.9103062
0.9114624
0.9119338
0.9102048
0.9129709
0.9100836
0.9150579
0.9103102
0.9101856
0.9100004
0.9091397
0.9105671
0.908192
0.9090616
0.9082369
0.9120085
0.9093695
0.9071745
0.9087345
0.9088544
0.9109643
0.9049686
0.9094638
0.8997034
0.9219159
0.9105565
0.909114
0.9062255
0.8982628
0.8980602
0.8949995
0.8986391
0.8954529
0.8980358
0.8957159
0.8985844
0.9034079
0.8845888
0.8993328
0.8850633
0.8753078
0.9030603
0.9018361
0.8969542
0.8855575
0.8865908
0.8853856
0.8775875
0.8854091
0.9143695
0.8821367
0.9165264
0.883199
0.8831131
0.8855638
0.8967878
0.8814478
0.8748349
0.9080403
0.9074303
0.897716
0.9083869
0.9003121
0.904755
0.911569
0.8992477
0.8885912
0.9152813
0.893548
0.894227
0.8900983
0.8908794
0.8971137
0.8902633
0.9150834
0.9162716
0.8843981
0.8779867
0.8773042
0.9062589
0.9057687
0.8866452
0.9100187
0.8717733
0.8768558
0.8979427
0.8806543
0.8881252
0.8865697
0.8834485
0.9123021
0.8726994
0.8863185
0.8753814
0.874377
0.9036677
0.9003035
0.8736428
0.9115317
0.9058568
0.9094101
0.9075993
0.9097242
0.9069858
0.9107951
0.9069858
0.9108424
0.9112658
0.9106808
0.9092616
0.9055225
0.9079739
0.9078873
0.9062589
0.9094037
0.9095228
0.9063455
0.9064866
0.9093549
0.908585
0.9096824
0.9075254
0.9064756
0.8952338
0.9163088
0.9066281
0.9056474
0.9025508
0.8938793
0.8939552
0.894805
0.8913413
0.8934694
0.8941321
0.895081
0.8942182
0.9019503
0.8829579
0.9001045
0.8825385
0.8710576
0.8972369
0.8945741
0.8937378
0.8883082
0.8880508
0.8880222
0.8772872
0.8838626
0.9064094
0.8811645
0.9110555
0.8829111
0.8797416
0.8826983
0.8949013
0.8748535
0.8776609
0.9102917
0.9077085
0.8946426
0.9018758
0.8989344
0.8984995
0.9104308
0.8911319
0.8845779
0.9046297
0.8856184
0.8893444
0.8842151
0.886492
0.8870962
0.8852447
0.9110535
0.9136507
0.8869248
0.8757336
0.8750907
0.904371
0.8975659
0.8814401
0.9035307
0.8725104
0.8681146
0.8935221
0.8843207
0.8901417
0.8898638
0.8900101
0.9131743
0.8756628
0.8757422
0.8731693
0.8757917
0.9124462
0.898784
0.870663
0.9086108
0.9040845
0.9036378
0.9093912
0.908696
0.9064812
0.9068929
0.9067552
0.9095894
0.9068256
0.9052085
0.9060434
0.9014186
0.9036481
0.9089871
0.9062971
0.9061035
0.9038331
0.9066185
0.9036248
0.906529
0.9084424
0.9072139
0.9040796
0.9028645
0.8907344
0.927071
0.9131478
0.9057221
0.9111284
0.8900171
0.8896494
0.8865566
0.8863495
0.8901382
0.8897904
0.8865979
0.8893648
0.916859
0.8799138
0.9152815
0.8883929
0.8758129
0.9045975
0.9022059
0.8919199
0.8862571
0.8875731
0.8859649
0.8829002
0.8912824
0.9086348
0.8798643
0.9055682
0.8829272
0.8827579
0.8742885
0.8925759
0.8750276
0.8829617
0.918091
0.9138943
0.8977302
0.904823
0.9061631
0.9077266
0.9144988
0.8890221
0.8891664
0.9005247
0.888716
0.8939612
0.8840765
0.8875427
0.8885873
0.8915989
0.9111553
0.9077326
0.885425
0.876034
0.8764541
0.9141035
0.8880172
0.8795758
0.9162587
0.8658076
0.8728393
0.8957649
0.8771898
0.8829733
0.8916186
0.8768251
0.911435
0.8709334
0.891803
0.8769702
0.8727387
0.9067377
0.9051755
0.8675192
0.9154345
0.9084892
0.9104132
0.913225
0.9123106
0.9096126
0.9106406
0.9136293
0.9141642
0.911888
0.9120367
0.9125075
0.9090129
0.9071011
0.9116014
0.9094423
0.9140847
0.9111467
0.9099815
0.9081789
0.9124845
0.9074034
0.9094047
0.9089512
0.909026
0.8988858
0.9189237
0.9088495
0.90942
0.9023841
0.8936162
0.8938531
0.8955871
0.8928727
0.8964771
0.8941513
0.8953455
0.894641
0.8994407
0.8856302
0.8972421
0.8776976
0.8755007
0.8986155
0.8952353
0.8920146
0.8833534
0.8830051
0.88334
0.8730479
0.8761181
0.9098714
0.8806166
0.9143011
0.8787692
0.876762
0.8777909
0.8933834
0.8809018
0.8763057
0.9059552
0.9065318
0.8963289
0.9072125
0.8970187
0.9031617
0.9069057
0.8926994
0.885512
0.9102888
0.8850608
0.8853834
0.8851915
0.8879636
0.891451
0.8858585
0.9118766
0.9116755
0.8852793
0.8734663
0.8741323
0.9081582
0.899397
0.8933006
0.9136846
0.8846518
0.8850479
0.903124
0.892587
0.9035066
0.8980155
0.8930335
0.9213959
0.8910152
0.8984103
0.8880144
0.8853422
0.9061278
0.9108441
0.8853974
0.9160381
0.9108971
0.9155439
0.9137919
0.9143808
0.9140536
0.9151852
0.9113825
0.9156524
0.912806
0.916879
0.913617
0.9107964
0.9134438
0.9133321
0.9111881
0.9122982
0.916997
0.9135325
0.9091071
0.911239
0.9107009
0.9121058
0.9103072
0.9114266
0.8989635
0.9217795
0.9105395
0.9086236
0.9067947
0.8937011
0.8934967
0.8901793
0.8927976
0.8958033
0.8923507
0.8899372
0.8933154
0.9057145
0.8921183
0.8979644
0.8912721
0.8833911
0.9018357
0.9002445
0.9040384
0.8943898
0.8919818
0.8918753
0.8918627
0.8972578
0.9091769
0.8949563
0.9133166
0.8901332
0.8902584
0.8949753
0.90474
0.8894584
0.8856686
0.9056046
0.9089178
0.9012891
0.9079835
0.8992231
0.9041091
0.9088987
0.8955025
0.8964538
0.9173709
0.8976686
0.8992512
0.8929437
0.8927202
0.896986
0.8967983
0.9106371
0.9233183
0.8935448
0.8895723
0.889757
0.9104022
0.9000325
0.8875331
0.9110289
0.8662916
0.8736834
0.8968803
0.8761957
0.884417
0.8868464
0.8806988
0.9116895
0.8729426
0.8861936
0.8737466
0.8728031
0.9042217
0.9040113
0.8708705
0.911524
0.9061279
0.9094283
0.911286
0.9104807
0.9090552
0.9120219
0.911494
0.9114113
0.9097447
0.9095026
0.9086566
0.9085706
0.909188
0.9097262
0.9083742
0.9086429
0.9082955
0.9069701
0.9059783
0.909295
0.9046528
0.9054966
0.9078839
0.9096747
0.9011747
0.9221982
0.9077921
0.9106297
0.9060073
0.895324
0.8955602
0.8962503
0.8957029
0.8986863
0.8956169
0.896487
0.8964752
0.9028707
0.8829745
0.899387
0.8805921
0.8688306
0.8996247
0.8972934
0.888303
0.8877118
0.8872497
0.8873823
0.8756264
0.8821414
0.9102025
0.8836913
0.9117107
0.8805797
0.8783868
0.8777315
0.8886773
0.8769729
0.8703246
0.9055953
0.9065186
0.8961921
0.905954
0.8988478
0.903742
0.9110793
0.8928442
0.8876364
0.911323
0.8859745
0.8905634
0.8890221
0.8875023
0.8900332
0.8875793
0.9104078
0.9117782
0.8838397
0.876034
0.8739081
0.9093109
0.9016831
0.8807313
0.9079099
0.8665605
0.8668868
0.8934391
0.8741782
0.8873985
0.883761
0.8757195
0.9068695
0.867814
0.8822028
0.870501
0.8731578
0.9060854
0.901305
0.8620613
0.9095515
0.9028648
0.9054873
0.9051952
0.9035053
0.9031899
0.9078346
0.9013852
0.9064399
0.9070648
0.9049377
0.9051471
0.8999134
0.9020789
0.9037882
0.9028328
0.9039483
0.9045041
0.9044292
0.9036274
0.9035946
0.9037138
0.9051484
0.9028602
0.9024723
0.8943877
0.9216859
0.9063233
0.9076722
0.9012319
0.8934757
0.8931503
0.8929258
0.8904743
0.8938649
0.8948933
0.8929245
0.8934112
0.9019636
0.8789974
0.898387
0.8753124
0.8654075
0.8949202
0.8945368
0.887496
0.8780899
0.8780613
0.8765015
0.87127
0.878337
0.9080274
0.8758699
0.9104639
0.873006
0.879519
0.8780047
0.8873893
0.8735552
0.8705943
0.9033967
0.9015076
0.8945645
0.9059972
0.8930491
0.8966859
0.9024373
0.891634
0.8832933
0.9092725
0.8816197
0.8832866
0.8803444
0.8840394
0.8845399
0.8831117
0.9090284
0.9106714
0.8773128
0.8697932
0.8708329
0.9061227
0.8945477
0.8839168
0.9124116
0.8576463
0.8658946
0.8921027
0.8703053
0.8878212
0.8825949
0.8787411
0.9125831
0.862101
0.8852196
0.8714849
0.8752407
0.907549
0.9064544
0.8573297
0.9094689
0.9075694
0.9056223
0.9100153
0.9102541
0.9080765
0.9077834
0.9068216
0.910333
0.9084981
0.9062904
0.9077933
0.9079004
0.9071559
0.9057296
0.9039491
0.9057337
0.909583
0.9047962
0.9052537
0.9031689
0.9045512
0.9069692
0.9076812
0.9075624
0.8906416
0.9199887
0.9020739
0.9042639
0.8974627
0.8892265
0.888897
0.8873353
0.8870879
0.88854
0.8890393
0.8869285
0.8893836
0.8967348
0.8827558
0.8918215
0.8754014
0.863845
0.8952096
0.8907538
0.8969847
0.8774887
0.8766729
0.8774239
0.869004
0.8757618
0.9093248
0.8750092
0.9125108
0.8739102
0.8768631
0.8762749
0.8973312
0.8715862
0.8705795
0.897933
0.8993452
0.8952268
0.9066032
0.8872069
0.894968
0.9014049
0.8898905
0.8781644
0.9146728
0.8800132
0.8796405
0.8808254
0.883633
0.8863338
0.8790083
0.9134503
0.9083084
0.8786506
0.8708977
0.8702782
0.9024408
0.8966483