0.908478
0.9039013
0.9047113
0.9067103
0.9100359
0.9092957
0.9081673
0.9021607
0.8920249
0.9204181
0.9339673
0.9197752
0.91773
0.9088539
0.9325256
0.9142148
0.8823839
0.8998155
0.9029688
0.9154448
0.9036493
0.8936732
0.9128685
0.9017243
0.9037502
0.8850207
0.888246
0.8791848
0.9137176
0.8798049
0.8876573
0.8926276
0.8897212
0.9124165
0.888792
0.8843961
0.9008572
0.8876306
0.9097466
0.9086064
0.8930206
0.8940697
0.9172326
0.9147284
0.9160045
0.9247963
0.9282708
0.9066164
0.9105795
0.9130128
0.8962903
0.8956308
0.8956448
0.8989114
0.902794
0.902519
0.9003022
0.9121251
0.8922769
0.8999041
0.9174242
0.9198209
0.9084468
0.907377
0.9102616
0.9045333
0.8915414
0.9123179
0.9051336
0.8977986
0.9032721
0.9037743
0.8949567
0.9071423
0.9068359
0.9071858
0.9161579
0.9198317
0.9026991
0.8928797
0.9178447
0.9211842
0.9205873
0.9027788
0.8963417
0.8954065
0.9116608
0.8923637
0.9029227
0.8979856
0.9134685
0.9200629
0.9195473
0.9015901
0.9142118
0.9206066
0.9263057
0.9226389
0.9096326
0.9281247
0.9005213
0.8963647
0.9021323
0.8985825
0.9078464
0.9081214
0.90898
0.902624
0.9067267
0.9135029
0.9256193
0.9093476
0.9065533
0.9065195
0.9220621
0.910879
0.8996928
0.9065473
0.910491
0.9124813
0.9075988
0.9056265
0.9157509
0.9017743
0.9084579
0.8968032
0.8960686
0.8885657
0.9018638
0.908195
0.9063261
0.8996234
0.8933556
0.8989805
0.895127
0.8933866
0.901372
0.8951141
0.9045344
0.9045631
0.9043612
0.9045817
0.9023911
0.9024896
0.9028762
0.919923
0.9236245
0.9042071
0.8997478
0.910706
0.9008846
0.9018536
0.900259
0.9045758
0.9100722
0.9057722
0.9046843
0.9180705
0.9048981
0.902632
0.914837
0.9161394
0.9093341
0.9116377
0.9067775
0.9129749
0.9026552
0.9009343
0.9044807
0.9027167
0.9073727
0.9004857
0.9051709
0.9056818
0.9044934
0.9053359
0.918417
0.9127755
0.9152501
0.9132135
0.9137493
0.9186958
0.9194617
0.9068984
0.8970413
0.8987732
0.912086
0.9043681
0.9011649
0.8997005
0.9159087
0.9061451
0.9133226
0.9106523
0.9095243
0.9170179
0.9232961
0.9194594
0.9097473
0.9232847
0.8968145
0.8952039
0.8982921
0.8936356
0.9044992
0.9030321
0.9059955
0.8977269
0.8929428
0.9106004
0.9255888
0.913836
0.9069556
0.8966316
0.9232444
0.9064653
0.8808715
0.8920659
0.8991828
0.9094432
0.8972865
0.8878631
0.9092023
0.8868948
0.8979193
0.8797502
0.8825699
0.8792051
0.9061374
0.8867005
0.8897438
0.8869323
0.8841622
0.8992242
0.8833516
0.8852878
0.8994901
0.884251
0.904321
0.9051258
0.8923712
0.8914826
0.9072898
0.9103391
0.9092881
0.9204931
0.9236174
0.9001095
0.8995695
0.9128275
0.8899654
0.8871585
0.889453
0.8896202
0.8930059
0.8919953
0.8905623
0.9105398
0.8924625
0.8967853
0.9131859
0.9137472
0.8941487
0.8985994
0.898593
0.9004007
0.8877974
0.9013909
0.8985105
0.8948913
0.8982883
0.89522
0.8884182
0.901184
0.9016429
0.9027514
0.9103726
0.9068998
0.9018209
0.8926452
0.906909
0.9131628
0.9130683
0.8999326
0.8888166
0.8882443
0.9038986
0.8936131
0.8960814
0.8876263
0.9087832
0.9102175
0.908239
0.8950212
0.9073105
0.9126704
0.9184396
0.9177238
0.9031277
0.9194262
0.9150115
0.9130675
0.9094063
0.9099479
0.9200726
0.9144602
0.9016261
0.9077289
0.8888216
0.9283388
0.9340726
0.9244112
0.9206646
0.9089085
0.9332707
0.917362
0.8726386
0.8993539
0.898599
0.9205687
0.9023848
0.8887995
0.9081633
0.895142
0.9127713
0.8829406
0.8910264
0.8986784
0.9218653
0.8583045
0.8660177
0.8896433
0.890228
0.9222238
0.8986235
0.8911099
0.9022259
0.8967661
0.9140016
0.9170906
0.8944415
0.8925257
0.9263451
0.9238232
0.9276325
0.9222924
0.9271402
0.9071714
0.9211997
0.922274
0.9004361
0.8889142
0.900926
0.8952077
0.9009894
0.89909
0.8938229
0.9190937
0.8900558
0.9090102
0.9203844
0.9256904
0.9136334
0.9095101
0.910699
0.9072924
0.8816486
0.9213174
0.9122012
0.9032162
0.90044
0.9072534
0.8881759
0.9155521
0.9171171
0.9170315
0.9211436
0.9241173
0.8947192
0.877272
0.9183154
0.9176633
0.9194459
0.9014935
0.8900649
0.9006575
0.9159815
0.8744355
0.9057752
0.9002206
0.9129383
0.9317125
0.9257737
0.8998886
0.9163262
0.9146828
0.9301627
0.9230435
0.9089739
0.9258723
0.907992
0.9025792
0.9054499
0.9030826
0.9091039
0.907504
0.9076466
0.8971781
0.9038307
0.9172239
0.9293595
0.9169962
0.9118615
0.9126249
0.9279324
0.9122407
0.8917303
0.8957028
0.9055677
0.9127577
0.9013012
0.8893921
0.9153725
0.9019065
0.9069733
0.8874873
0.8930513
0.8821004
0.913762
0.8940692
0.8990654
0.8946897
0.8921118
0.9121216
0.8896216
0.8913579
0.9067679
0.8916804
0.9059556
0.9097212
0.8923134
0.8932721
0.9140622
0.9115681
0.9152451
0.9253521
0.9294138
0.9045959
0.9084535
0.917045
0.8958021
0.8994456
0.8984255
0.9000476
0.904306
0.9057241
0.8984481
0.9189122
0.8939607
0.9029419
0.9163021
0.9201457
0.904275
0.9060284
0.9042272
0.909501
0.8960231
0.9116294
0.9005314
0.8974565
0.904229
0.8985396
0.9007267
0.9057104
0.90652
0.9056343
0.9218767
0.9159195
0.9090909
0.900563
0.9116479
0.9179364
0.9177267
0.9027071
0.8985108
0.8972035
0.909921
0.8940051
0.8981294
0.895415
0.9128534
0.9155646
0.9184448
0.9034767
0.9139374
0.9219841
0.9233044
0.9212487
0.906223
0.9276721
0.8980399
0.891802
0.8968491
0.892902
0.9030953
0.8969305
0.903568
0.8842232
0.8862699
0.902056
0.9132763
0.901984
0.9147086
0.8932004
0.9068102
0.8918445
0.8480329
0.880038
0.9017613
0.8925155
0.8764414
0.8930053
0.8996855
0.8536539
0.9100384
0.8894298
0.8922468
0.8857004
0.9037924
0.8836013
0.8870552
0.888302
0.8957044
0.899982
0.8983758
0.8930603
0.8905855
0.893707
0.9038792
0.9074325
0.8926157
0.8936387
0.8998194
0.9050223
0.9053514
0.9078408
0.9127923
0.887122
0.9002796
0.912249
0.8939334
0.891945
0.8969246
0.895091
0.9013266
0.8982429
0.8963481
0.901005
0.8981561
0.8904417
0.8894436
0.8999713
0.8931636
0.8935365
0.903466
0.897979
0.8907686
0.8972729
0.8887159
0.8849596
0.8912131
0.8870494
0.890756
0.8989812
0.9015687
0.9022648
0.9047704
0.8954857
0.8911254
0.8915173
0.9034502
0.9082333
0.9077178
0.870769
0.8471018
0.8820221
0.894625
0.7264171
0.8858857
0.8825852
0.8989603
0.8994375
0.8990062
0.8895982
0.8957401
0.903819
0.9105828
0.9103224
0.8899096
0.910265
0.8996161
0.8991747
0.8978092
0.8989525
0.9032933
0.9019245
0.9041903
0.8900832
0.8795556
0.9026085
0.9141471
0.9009255
0.9190678
0.8940568
0.9095267
0.8925334
0.8433489
0.8832101
0.9073763
0.8952197
0.8817746
0.8897227
0.900478
0.8475746
0.9073999
0.8912876
0.8940053
0.8903099
0.9073942
0.8882911
0.8947446
0.8875023
0.8908483
0.9059609
0.8957624
0.8945345
0.894284
0.8929897
0.9078306
0.909462
0.8990203
0.8996564
0.9056692
0.9068307
0.9071439
0.9101278
0.9149469
0.8908848
0.9046787
0.9145959
0.8958978
0.89172
0.8974892
0.8975736
0.9
0.8988008
0.8954455
0.901874
0.8976325
0.8863925
0.8911059
0.8985995
0.8901008
0.8915567
0.9019629
0.8977513
0.8915165
0.9032189
0.8851471
0.882914
0.8913106
0.8847716
0.8928701
0.9005315
0.9013771
0.9009691
0.9021213
0.9019545
0.8924947
0.8927382
0.9002169
0.9037212
0.9049046
0.8600838
0.8509826
0.8783022
0.8982066
0.8026279
0.8850541
0.8842017
0.8965271
0.9088589
0.9052913
0.8905367
0.900865
0.9064819
0.908705
0.910049
0.8937101
0.9087949
0.9015065
0.9029717
0.9017637
0.9038147
0.9046336
0.9048279
0.9016864
0.8910524
0.880817
0.9069164
0.918519
0.9018088
0.9243544
0.8954246
0.9167167
0.8989519
0.8458686
0.8852358
0.9046578
0.9027585
0.8854495
0.8904185
0.8992741
0.8538899
0.9129245
0.8951154
0.8936069
0.8926547
0.9129724
0.8870323
0.8922877
0.8895941
0.89613
0.9083253
0.8973082
0.895109
0.8960239
0.8968123
0.9114646
0.9143231
0.8977922
0.8972739
0.9098035
0.9124406
0.9132452
0.909554
0.9178762
0.8938497
0.9078966
0.917054
0.8950709
0.8903101
0.8951593
0.8934705
0.8998179
0.9003807
0.8944976
0.9075523
0.9003495
0.8925874
0.8949813
0.9030968
0.8948581
0.8950702
0.9084988
0.8967723
0.8909517
0.9072814
0.8902232
0.8860332
0.8921157
0.8905262
0.8936402
0.9014945
0.9023786
0.9028381
0.9097151
0.9046067
0.8900284
0.8911757
0.9066549
0.9074479
0.9079707
0.8668081
0.8528731
0.8837243
0.9022008
0.7982314
0.8909766
0.8882139
0.9000036
0.9137709
0.9065997
0.8955149
0.9036386
0.9062346
0.908193
0.909922
0.8925632
0.9110199
0.908817
0.9068442
0.9066521
0.9091037
0.9099408
0.9113658
0.9134896
0.8826329
0.8693334
0.856199
0.8666861
0.8530725
0.9261338
0.8716377
0.8839334
0.8637505
0.8958333
0.8841508
0.9191334
0.8813048
0.87392
0.9120017
0.8703063
0.8959885
0.922779
0.9112602
0.911669
0.9096732
0.912233
0.9097075
0.9102815
0.9101951
0.9130326
0.9100103
0.9124763
0.9118511
0.9137041
0.9117024
0.9207217
0.9188238
0.9095486
0.908822
0.9094301
0.9088354
0.9118941
0.8858559
0.8926174
0.8721329
0.9045189
0.9263788
0.9141581
0.9155328
0.9138282
0.9125733
0.9147932
0.9161562
0.9136875
0.867625
0.9143752
0.8841706
0.8568419
0.8580707
0.8874739
0.8894074
0.9131409
0.894797
0.9114028
0.9126454
0.8768845
0.8741705
0.8890369
0.8798494
0.9138829
0.9088462
0.9092453
0.9105085
0.8614606
0.8729288
0.8898771
0.9135223
0.8926881
0.8997852
0.8995775
0.8983939
0.8937546
0.8780166
0.8894956
0.9007631
0.8829032
0.8844496
0.7031746
0.9074624
0.8704056
0.9039121
0.8853402
0.8872528
0.8751797
0.876602
0.8584247
0.891295
0.9003081
0.8966858
0.8963587
0.8987082
0.907696
0.9045297
0.9033635
0.8963492
0.8879909
0.9027667
0.9165698
0.9008597
0.9204741
0.8959595
0.9115017
0.8889742
0.8458651
0.8892026
0.9043232
0.8998926
0.886809
0.8970217
0.896127
0.8151293
0.9116634
0.8915939
0.8900089
0.8888809
0.9067066
0.8842337
0.8902805
0.8951371
0.8930663
0.9034002
0.898071
0.8936102
0.8993144
0.8967252
0.9105174
0.9130681
0.8941185
0.8951465
0.9059017
0.9104207
0.9142592
0.9066133
0.9162772
0.8948144
0.9032213
0.9160412
0.8985487
0.8973194
0.898705
0.8969746
0.8999201
0.9021397
0.8987656
0.9022805
0.89861
0.8932387
0.8940154
0.9023856
0.8979913
0.8974251
0.9029512
0.9003799
0.8903934
0.899014
0.8954853
0.8892651
0.8939085
0.8938757
0.8942661
0.9065196
0.9075592
0.9079286
0.9027484
0.8992085
0.8934967
0.8921818
0.9036269
0.9055813
0.9066552
0.7452523
0.8065668
0.8910059
0.8989419
0.8592663
0.8921874
0.8890696
0.9021219
0.9107236
0.9022174
0.8959271
0.8976013
0.9064642
0.9113112
0.9105764
0.8983717
0.9085673
0.8984344
0.892759
0.8984341
0.8968984
0.9070632
0.9058648
0.9074427
0.8791253
0.8701227
0.8476712
0.8726268
0.8457792
0.9166135
0.8675012
0.8796022
0.8527069
0.897486
0.8801435
0.918002
0.8728647
0.8671921
0.9109745
0.8731636
0.8913262
0.9155314
0.9080084
0.9091829
0.9002541
0.9011187
0.9187603
0.9173151
0.9066478
0.9068046
0.8952143
0.9084114
0.9136501
0.9063742
0.905591
0.9128399
0.91115
0.9058977
0.9056821
0.8932611
0.8937161
0.897446
0.8820102
0.8909723
0.8731876
0.8966808
0.9145852
0.9068837
0.9122631
0.9090877
0.9165513
0.916112
0.9149303
0.9150836
0.8698133
0.910107
0.8803716
0.8170351
0.8217879
0.8830814
0.8899302
0.9053346
0.9001148
0.9117848
0.9010882
0.8751284
0.8692569
0.8887517
0.8708241
0.9123014
0.8942816
0.8953018
0.8929633
0.8649137
0.8532823
0.8968751
0.9193017
0.891722
0.8994423
0.8993892
0.8907477
0.8860141
0.8741336
0.8756878
0.9001816
0.8783176
0.8771052
0.8647762
0.8904922
0.8603717
0.9018425
0.8790902
0.8858764
0.8749773
0.8758789
0.8574345
0.8867378
0.9061719
0.9038092
0.9086246
0.9068415
0.9122789
0.9105743
0.9021356
0.896038
0.887926
0.9077255
0.9136469
0.9047653
0.9188542
0.8954004
0.9105786
0.8985605
0.8471402
0.8894864
0.9056429
0.8986915
0.8848719
0.8959586
0.9000142
0.8577901
0.916745
0.8964222
0.8963273
0.8986108
0.9149364
0.8831105
0.8879195
0.8927695
0.8970262
0.9109458
0.8974751
0.9004571
0.901137
0.8980276
0.9085211
0.9120023
0.9040233
0.9031829
0.9141955
0.9159962
0.9129822
0.9100993
0.9181171
0.897042
0.9126279
0.9173506
0.9015516
0.8949991
0.9023305
0.9019285
0.9044451
0.9017327
0.8953901
0.9026159
0.9005844
0.8935322
0.8972507
0.9069207
0.8999608
0.900951
0.9119557
0.8981997
0.892926
0.9103051
0.8896651
0.8848452
0.8964368
0.8921586
0.8956625
0.9090845
0.9101414
0.9094748
0.9039864
0.9001074
0.8890362
0.8940884
0.904377
0.9059856
0.9064309
0.8731723
0.8643467
0.8868894
0.8987319
0.8053267
0.8947787
0.8912753
0.8969399
0.9143152
0.9048904
0.8967903
0.8998855
0.9065041
0.9107754
0.9105174
0.8945696
0.9131779
0.9143412
0.9100777
0.9079653
0.913785
0.9167921
0.9167449
0.9100332
0.9158935
0.9120046
0.9143521
0.9260403
0.9123937
0.9204404
0.9158622
0.9159757
0.9111297
0.9125943
0.9155662
0.9176041
0.9150397
0.9057531
0.9112434
0.9135952
0.912369
0.9267021
0.913601
0.9117849
0.9150709
0.9126572
0.9142967
0.9137829
0.9142661
0.9143994
0.9111888
0.9157317
0.9156131
0.9140729
0.9082042
0.924058
0.918468
0.9113538
0.9128091
0.9172823
0.9148481
0.9175639
0.9164544
0.9196854
0.9092853
0.9160601
0.9237514
0.9159695
0.914242
0.9151754
0.9146788
0.9163507
0.914279
0.9172002
0.9210985
0.9154069
0.914499
0.9128893
0.9156115
0.9194198
0.9205445
0.9143841
0.918154
0.9068487
0.9147119
0.9159338
0.9145048
0.917913
0.9129628
0.9140213
0.9124021
0.9146935
0.9141358
0.9169377
0.916813
0.9147201
0.9152927
0.9193672
0.9207398
0.922118
0.9122957
0.9062416
0.9105813
0.9166891
0.9143706
0.9168334
0.9154853
0.9164095
0.917557
0.913594
0.9136991
0.9135957
0.9158144
0.9191208
0.9166806
0.9079784
0.9227176
0.9149057
0.9094958
0.9121132
0.9112025
0.9210078
0.9182202
0.9115436
0.9141469
0.9110922
0.9145535
0.9254352
0.9127779
0.9226134
0.9117106
0.9139803
0.9097878
0.9078133
0.9134547
0.9195297
0.9131998
0.9055335
0.9124191
0.917736
0.9110214
0.9267061
0.9132817
0.9146367
0.9168914
0.9173065
0.9077238
0.9093639
0.9121869
0.9150522
0.9153317
0.9170929
0.9171579
0.9181273
0.9140819
0.9254926
0.9211025
0.9118151
0.9107033
0.9184075
0.9187337
0.917442
0.9168302
0.9219678
0.9119582
0.9145426
0.9255493
0.9151476
0.915516
0.9133611
0.9154342
0.9181544
0.9136408
0.9165653
0.9149037
0.9158829
0.9120141
0.9106568
0.9138001
0.9136374
0.9159499
0.9183208
0.9154768
0.9085091
0.9208509
0.9111036
0.9092084
0.912433
0.9079948
0.9095047
0.9197935
0.9204557
0.9203791
0.9157951
0.9164326
0.9120324
0.9118808
0.918852
0.9225252
0.9233653
0.9131711
0.902462
0.9086141
0.9144779
0.9082278
0.9130539
0.9084769
0.9146809
0.9200843
0.9141254
0.91291
0.914276
0.9181098
0.9200093
0.9194918
0.9079856
0.9218494
0.9089732
0.9058428
0.90658
0.9032247
0.9134029
0.9102605
0.9137158
0.7512169
0.8878771
0.8889446
0.9014269
0.8939427
0.9171086
0.8859284
0.9025688
0.8917577
0.8939819
0.7537437
0.9146732
0.8702603
0.8670073
0.905934
0.8950703
0.9001571
0.9176509
0.905572
0.9078457
0.9016937
0.910889
0.9031212
0.9066376
0.9063491
0.9082717
0.9077746
0.9052632
0.9059814
0.9123888
0.9024893
0.9170428
0.9187027
0.9062735
0.9059029
0.9162051
0.9150877
0.9125835
0.9040349
0.9120268
0.8920595
0.9063848
0.9233556
0.9120546
0.9107225
0.9108852
0.9116129
0.9173637
0.9153616
0.9124635
0.8923962
0.9126727
0.7589365
0.8854962
0.8929759
0.8043344
0.8110049
0.9167198
0.7679417
0.9097723
0.9085204
0.8193612
0.8158792
0.7624885
0.8141413
0.9072683
0.9065281
0.9093641
0.9086212
0.8916045
0.8965542
0.8846016
0.9141729
0.5549782
0.792431
0.7948135
0.9039523
0.8999895
0.8637863
0.8413543
0.8991896
0.748472
0.7508815
0.8916673
0.9139854
0.8919209
0.909273
0.8933223
0.9034077
0.9058963
0.9051854
0.8875322
0.9098792
0.8987203
0.8932821
0.8970289
0.8959379
0.9016132
0.8995773
0.9128189
0.7656527
0.8846014
0.8802131
0.8992898
0.8870793
0.9146854
0.8798174
0.8965702
0.8874558
0.8937245
0.7756864
0.9101818
0.8680978
0.8560388
0.8974779
0.8916517
0.8950974
0.9122539
0.8978618
0.9021885
0.8881282
0.9017442
0.9059284
0.9084581
0.9013297
0.8989025
0.8995955
0.895052
0.8978909
0.9065374
0.8962495
0.9127296
0.9149444
0.8991831
0.9004106
0.9003413
0.8989739
0.9003745
0.9024651
0.9073176
0.8841262
0.8975716
0.9150893
0.9020538
0.9054262
0.9014245
0.904665
0.9058711
0.9106247
0.9096607
0.885737
0.906804
0.7839258
0.8826215
0.8848739
0.008909
0.4179655
0.9066815
0.8387485
0.9077762
0.8968568
0.8044979
0.7997739
0.8033354
0.7996578
0.901803
0.8976898
0.8969179
0.8979702
0.8851916
0.8892865
0.8794693
0.9108359
0.805718
0.8299414
0.8330962
0.8952142
0.8892899
0.8538955
0.8315203
0.9006209
0.7601377
0.7689687
0.8919586
0.8994076
0.8885004
0.9006646
0.8917057
0.9026132
0.89617
0.8978976
0.8877712
0.9041261
0.8894779
0.8915301
0.8895755
0.8898262
0.8969362
0.8967189
0.9019404
0.8937168
0.9035339
0.9091854
0.9260602
0.914548
0.9054255
0.903241
0.9261724
0.9112184
0.8876438
0.8941103
0.8615454
0.9074928
0.8986728
0.8526899
0.9113463
0.8973439
0.9009063
0.8838787
0.8877262
0.8760265
0.8981859
0.9016751
0.9052448
0.8544265
0.8917382
0.8965945
0.8814979
0.8821347
0.8919788
0.8821407
0.8985286
0.8999739
0.8236195
0.8217003
0.8987134
0.8950923
0.8983592
0.9170725
0.9239422
0.902552
0.8882987
0.9086136
0.8492958
0.8516146
0.8514372
0.8541517
0.8589936
0.8564216
0.855962
0.9189401
0.8890746
0.8964174
0.9114863
0.9152712
0.898011
0.899181
0.8646082
0.9003332
0.8679666
0.8939522
0.8971331
0.8987503
0.9007908
0.8969473
0.8396052
0.8937975
0.894708
0.8925865
0.9179478
0.9116716
0.9094385
0.8532883
0.9106239
0.9174723
0.919969
0.9035818
0.891606
0.8859418
0.904523
0.8995558
0.8928335
0.8932533
0.911046
0.9015493
0.9118058
0.8949049
0.9089762
0.9199128
0.9245171
0.9195488
0.9090519
0.9201319
0.9023311
0.8977414
0.8973294
0.8990088
0.9090116
0.9043435
0.9088473
0.8691767
0.8799347
0.8868012
0.8987185
0.8883701
0.9110822
0.8845723
0.8950668
0.8869117
0.8871497
0.8693636
0.9073098
0.8795125
0.8659212
0.8962247
0.885883
0.8929907
0.9150774
0.8997146
0.9000072
0.8920434
0.9089081
0.901468
0.9034475
0.8947865
0.8986386
0.9072995
0.902141
0.8975137
0.9041164
0.9001518
0.9121857
0.9143083
0.8993932
0.8990362
0.9058527
0.9060701
0.9081184
0.9029828
0.9058574
0.8888769
0.8996666
0.9168151
0.9046862
0.903762
0.9050642
0.9034755
0.9091737
0.9046851
0.9070292
0.8927452
0.9069258
0.8745279
0.8873875
0.8900404
0.8757379
0.8774264
0.9095981
0.8881487
0.9013877
0.9062245
0.866121
0.8655564
0.8801865
0.8700491
0.8981024
0.9059394
0.9051797
0.9050519
0.8916794
0.8914734
0.8861315
0.9044782
0.8878881
0.8969823
0.8980151
0.8985347
0.8867433
0.8658357
0.8750227
0.8911998
0.870458
0.8686503
0.8900841
0.9086219
0.8920743
0.9007838
0.8859798
0.9032168
0.8987169
0.8983846
0.8817112
0.9072216
0.9024373
0.8998199
0.9013832
0.8990948
0.9069557
0.9072654
0.9119312
0.8877025
0.8890281
0.8905485
0.8962095
0.8844913
0.9182644
0.881403
0.8981416
0.8883596
0.8981708
0.8859586
0.9147568
0.8919138
0.883662
0.906601
0.8890466
0.8993729
0.9106719
0.9009833
0.9017021
0.8971932
0.9039024
0.9115397
0.9153579
0.9060367
0.9019622
0.9007385
0.903116
0.9039128
0.905655
0.9007079
0.9118518
0.9144286
0.906546
0.9085353
0.9000746
0.9030554
0.9042434
0.9012489
0.9067615
0.8801567
0.9054637
0.9197908
0.9065099
0.9081133
0.9084487
0.9117987
0.9120845
0.912699
0.9116157
0.8865127
0.9100985
0.8919198
0.8814379
0.8882797
0.8889205
0.8923655
0.9105516
0.9025248
0.9060269
0.9004605
0.8853876
0.8846691
0.8954647
0.8823445
0.9078395
0.9039831
0.9054639
0.903484
0.8865268
0.8872388
0.8948055
0.9167974
0.8996075
0.9073612
0.9089336
0.9022443
0.8908602
0.8748999
0.8868827
0.9014863
0.8849768
0.8861372
0.8812228
0.9048583
0.888687
0.9048985
0.8917359
0.8998397
0.9018292
0.8952961
0.8835668
0.8988464
0.8880651
0.8899059
0.8906296
0.8913572
0.8981261
0.8990654
0.9006378
0.8917263
0.9031309
0.9094134
0.9261995
0.9155505
0.9047464
0.9012009
0.924791
0.9105925
0.8868648
0.8932198
0.858028
0.9063539
0.8942726
0.851598
0.912699
0.8945753
0.9012709
0.8838804
0.887271
0.8714417
0.898584
0.9015055
0.9045885
0.8491689
0.889468
0.8964713
0.8799444
0.8806273
0.8914041
0.8814706
0.895613
0.8970972
0.8196599
0.8214468
0.8976629
0.8946441
0.8989555
0.9178857
0.9236352
0.9023093
0.8893158
0.9074442
0.8428103
0.8455556
0.845382
0.8514633
0.8579777
0.8504585
0.8514225
0.9185459
0.8900861
0.8948462
0.9106592
0.9154563
0.8972478
0.8970199
0.8613429
0.898495
0.8654021
0.8941125
0.8954051
0.8957795
0.9006274
0.8946986
0.8336885
0.8926624
0.8955529
0.8931929
0.9171699
0.911899
0.9076367
0.8508155
0.9089449
0.9166608
0.9175218
0.9016088
0.8902925
0.8861491
0.9031326
0.8989461
0.8919774
0.890735
0.9113499
0.8994497
0.9119544
0.8959843
0.908143
0.9184586
0.9247316
0.9191569
0.9083423
0.918589
0.9005404
0.8920994
0.8973358
0.899045
0.9058413
0.9044349
0.9051393
0.8948001
0.9054649
0.9150009
0.9299679
0.9151115
0.9104344
0.9022412
0.9262939
0.9118312
0.9018912
0.9016103
0.8716729
0.9080112
0.9009414
0.8622445
0.912388
0.905342
0.9029054
0.8950499
0.8999817
0.8831183
0.9069617
0.9034418
0.9075714
0.8642632
0.8993165
0.9040958
0.8924803
0.8981723
0.8979054
0.8887566
0.9035311
0.9061026
0.7279449
0.7345185
0.9022019
0.9021025
0.9044316
0.9216069
0.9251009
0.9089574
0.8948876
0.9088218
0.8577378
0.8631923
0.8608881
0.8662282
0.8702617
0.867672
0.8624967
0.9189036
0.9011819
0.8983174
0.9124915
0.9152506
0.9008866
0.9057456
0.8858453
0.9071167
0.8701187
0.8994048
0.8993429
0.898524
0.9044345
0.8992751
0.8577366
0.8985644
0.8983039
0.898608
0.9167669
0.9118616
0.9105677
0.8690614
0.9143615
0.9159954
0.9184504
0.9068639
0.8991951
0.8974378
0.907416
0.9039715
0.8958219
0.8941369
0.9159024
0.9002263
0.9132744
0.9031379
0.9128475
0.9194943
0.9231816
0.918977
0.9078131
0.9240021
0.9018778
0.8972613
0.8983112
0.902979
0.9072559
0.9097766
0.9053175
0.8964781
0.9043853
0.9135925
0.9263235
0.9116453
0.913687
0.9005375
0.9231148
0.9138827
0.901219
0.8998345
0.8747464
0.9085991
0.8989005
0.8658454
0.915061
0.9046009
0.9079734
0.8933382
0.9013151
0.8856375
0.9067803
0.9069327
0.9108208
0.8667371
0.8969522
0.9048711
0.894851
0.8998429
0.8978871
0.8886216
0.9059279
0.9084425
0.7386847
0.7410788
0.9002169
0.9008318
0.9055155
0.9211441
0.9255377
0.9096997
0.8971525
0.9136839
0.8617971
0.8644612
0.86507
0.8685216
0.8703044
0.8693869
0.863003
0.9178657
0.9022895
0.898971
0.9107771
0.911063
0.9047024
0.9073645
0.8842485
0.9080255
0.8733192
0.9019163
0.8979717
0.8994534
0.9044618
0.9
0.8616117
0.9036045
0.9018473
0.9033718
0.9181025
0.9070217
0.911141
0.8675155
0.9162832
0.9200837
0.9207428
0.9025342
0.9008771
0.8967409
0.9040278
0.9076407
0.8946909
0.8946987
0.9146858
0.9062342
0.9107454
0.9036802
0.9088311
0.9184656
0.9206415
0.9178303
0.908404
0.9203412
0.9017889
0.9030925
0.9003244
0.9024951
0.9091708
0.9080269
0.9110645
0.8863636
0.8830899
0.8743717
0.8914878
0.8692678
0.920135
0.8827473
0.8939889
0.8818143
0.8979724
0.8925087
0.9177068
0.8921156
0.879929
0.9111039
0.8856947
0.89781
0.9195469
0.9068936
0.9115136
0.9004904
0.9065058
0.9173846
0.9197894
0.9082244
0.909477
0.9010439
0.9042877
0.9059601
0.9081779
0.9035301
0.91237
0.91262
0.9080967
0.9073305
0.9046631
0.9017742
0.9067244
0.8934543
0.8971804
0.8762999
0.8988246
0.9193531
0.9052478
0.9109901
0.9078356
0.9114193
0.9172322
0.9127923
0.9101947
0.8843596
0.9150575
0.8899264
0.8722759
0.8750684
0.8868837
0.8920967
0.9103096
0.9044084
0.9069458
0.8995013
0.8858774
0.8839797
0.8937248
0.8849794
0.9091623
0.9036609
0.9046533
0.9020974
0.8831319
0.8794763
0.8995526
0.9192662
0.9004039
0.9059724
0.9064945
0.9035452
0.8935495
0.8837005
0.8905525
0.9003358
0.8869249
0.8871213
0.8706912
0.9001552
0.8785465
0.9050165
0.8870822
0.8913368
0.8915761
0.8930546
0.8779268
0.9033036
0.9069439
0.9010135
0.9032994
0.9058761
0.9082698
0.9092033
0.9122377
0.8858642
0.8867684
0.8727126
0.8912934
0.8690309
0.9131793
0.8796921
0.8910069
0.8781493
0.9019192
0.8887439
0.9161855
0.8915667
0.8798954
0.9128587
0.8900929
0.8976732
0.9206596
0.9116044
0.9136946
0.9010497
0.9059731
0.9187825
0.9187917
0.9123421
0.9116237
0.9043805
0.9030193
0.9064876
0.9092184
0.9055665
0.9124828
0.9105173
0.9107418
0.9094624
0.9038054
0.903945
0.9058048
0.8928472
0.8996177
0.876007
0.9025505
0.9214618
0.9091878
0.9111357
0.9105245
0.9101308
0.9165203
0.9149988
0.911458
0.8854318
0.9126317
0.8918899
0.8768315
0.878505
0.8927272
0.8931798
0.9070437
0.9069867
0.9119799
0.9040688
0.8875575
0.886268
0.8942152
0.8864155
0.9116786
0.9079271
0.908602
0.9085142
0.8784398
0.8794409
0.8985631
0.9207704
0.8997724
0.9079082
0.9074699
0.9033211
0.8962148
0.8886091
0.8886276
0.9065495
0.8868737
0.8911429
0.8710397
0.9022556
0.8809992
0.9046756
0.8867081
0.8926041
0.8925673
0.8891283
0.8751048
0.9003352
0.813115
0.8051228
0.807429
0.805873
0.8431924
0.8382447
0.9090621
0.8941202
0.908977
0.9083446
0.9155168
0.9060386
0.9075883
0.9003031
0.9168729
0.9059385
0.9047379
0.8982923
0.9154699
0.903952
0.9045532
0.8960434
0.9130312
0.9009697
0.9032686
0.8845983
0.8869248
0.870764
0.8357668
0.9235068
0.9248691
0.8968175
0.8876658
0.8306032
0.8820358
0.8868768
0.8938613
0.8866896
0.8994559
0.9020199
0.8958006
0.8989331
0.834623
0.8317574
0.8422445
0.9169376
0.9178805
0.901604
0.8140822
0.9071215
0.8942082
0.9024936
0.8975585
0.9006632
0.9061756
0.9027867
0.9052304
0.9141543
0.9053849
0.8957567
0.9069743
0.9085474
0.900581
0.9048707
0.899971
0.9136397
0.9015941
0.750164
0.9042017
0.9034789
0.9035229
0.9009099
0.9048185
0.7890083
0.7887101
0.7895926
0.9122919
0.9062813
0.9176855
0.9158523
0.9108145
0.9164597
0.9198424
0.8998917
0.8919821
0.8955408
0.9074701
0.9104752
0.8954172
0.8986903
0.9121567
0.8382629
0.9085372
0.9081999
0.907898
0.9131242
0.9150201
0.9131814
0.907671
0.9107459
0.8360056
0.8333461
0.834652
0.8361988
0.8563534
0.8525715
0.8996728
0.8986262
0.9118614
0.9036648
0.9181895
0.9102523
0.9114845
0.8966304
0.9123761
0.9052389
0.904498
0.9048387
0.9145482
0.9048431
0.8994483
0.9023171
0.9098715
0.9037138
0.901603
0.8914102
0.890717
0.8793855
0.8512649
0.9165471
0.9194914
0.8982242
0.8912555
0.8494875
0.8841312
0.8869411
0.893849
0.8817765
0.8972166
0.8965288
0.9006071
0.9015182
0.8424159
0.842027
0.8529897
0.9135573
0.9163633
0.9002553
0.8281208
0.9081941
0.898498
0.9019332
0.9026435
0.9073961
0.9044581
0.9050797
0.9040502
0.9141582
0.907489
0.9010638
0.905332
0.9053113
0.9011265
0.9033782
0.8970781
0.9114041
0.9041766
0.8347933
0.9012487
0.8997266
0.9066557
0.8944426
0.9048941
0.8351338
0.8372306
0.835629
0.9149815
0.904473
0.9131448
0.9192016
0.9142304
0.9205469
0.9239807
0.8998846
0.8907467
0.9017266
0.9046938
0.9062206
0.8992068
0.9012608
0.9108876
0.8431335
0.9082255
0.9144493
0.9044474
0.9136227
0.9143407
0.912571
0.9048688
0.9162023
0.8992011
0.8967003
0.8990094
0.9002594
0.9033023
0.9017407
0.9045841
0.902488
0.9049374
0.9155826
0.9269832
0.9173017
0.9162631
0.9068015
0.9214559
0.9115267
0.8954038
0.9021382
0.8801813
0.9097369
0.9032682
0.8670789
0.9157447
0.9042024
0.9084402
0.8947657
0.8949577
0.8910792
0.911276
0.900754
0.9050916
0.8639615
0.8946887
0.9053803
0.8942473
0.9005053
0.8997537
0.8975877
0.9043298
0.9095408
0.8657959
0.8675241
0.9022532
0.9033382
0.903681
0.9205314
0.9224991
0.9080153
0.902419
0.9151731
0.8627415
0.8661543
0.8631882
0.8706394
0.8761641
0.8705269
0.8656182
0.91789
0.9033975
0.9031233
0.9100598
0.9162884
0.9060279
0.9082465
0.884092
0.9101016
0.8736233
0.9030316
0.9059556
0.9024251
0.9069205
0.9021383
0.8654819
0.9015689
0.9018611
0.8998386
0.9172537
0.9161689
0.9084654
0.8726356
0.9160105
0.9214095
0.9218772
0.9047883
0.8973357
0.9011892
0.913131
0.8962449
0.8980843
0.9037554
0.9142275
0.9075265
0.9157505
0.9033358
0.9083499
0.9205491
0.9231168
0.9182326
0.9096235
0.9228408
0.9098873
0.9053462
0.9069702
0.9088396
0.9158476
0.9109441
0.9091289
0.8208196
0.8901605
0.8898575
0.9031815
0.8891643
0.9203481
0.890544
0.8975846
0.8937493
0.8983202
0.8165717
0.9142425
0.8760708
0.8688632
0.9071962
0.8951369
0.9028152
0.9200789
0.9083668
0.9097989
0.9028252
0.9124573
0.9101871
0.9120919
0.9112877
0.9082733
0.9083943
0.9077464
0.9059875
0.9143496
0.9063332
0.9186121
0.9196508
0.9081509
0.9068053
0.9124382
0.9135043
0.916984
0.9050943
0.9121325
0.890028
0.9100436
0.922755
0.9091742
0.9123365
0.9110347
0.9138684
0.917762
0.9133113
0.9115393
0.8954634
0.9130609
0.8228137
0.8816848
0.8909897
0.7921714
0.7961741
0.9135566
0.8561576
0.9141803
0.9100258
0.8359055
0.8362338
0.8342874
0.8372171
0.9076989
0.9098126
0.9114758
0.9115057
0.894434
0.8971302
0.8856867
0.91626
0.8367256
0.8452324
0.8459952
0.9052433
0.8991629
0.8724677
0.8615345
0.9047994
0.8169377
0.819044
0.8928444
0.9108101
0.8962153
0.9053569
0.8984815
0.9101237
0.9038388
0.9007187
0.8917726
0.9061599
0.9115452
0.9039688
0.908838
0.9072541
0.9181323
0.9147281
0.9083139
0.8068763
0.8804462
0.8918832
0.9039707
0.8904055
0.9147238
0.8875045
0.9006888
0.8941097
0.8911134
0.7965033
0.9155296
0.8753335
0.8613045
0.9003469
0.8950681
0.8938115
0.9209639
0.9053621
0.9050458
0.9017246
0.9142807
0.8999114
0.9029965
0.9059023
0.9047996
0.9127205
0.905566
0.9056536
0.9082536
0.9056441
0.9213031
0.9225
0.902257
0.9014614
0.9157234
0.915487
0.9136703
0.9043997
0.9102617
0.8889966
0.9133563
0.9232871
0.9096965
0.9081513
0.9069874
0.9088206
0.9110457
0.9115554
0.9085295
0.8941344
0.9057599
0.8118998
0.8852229
0.8886499
0.7572901
0.7606557
0.91231
0.8456466
0.9082762
0.911666
0.8245028
0.8170032
0.8278306
0.8234491
0.9074094
0.9135959
0.9157422
0.9140958
0.8921586
0.8940995
0.8744487
0.9084248
0.8243967
0.8402742
0.8406162
0.9031101
0.8942348
0.8659992
0.8459847
0.89401
0.7960215
0.7994474
0.8891746
0.9174594
0.8912475
0.9047972
0.8943523
0.9022451
0.9053106
0.8985195
0.889603
0.9060641
0.830788
0.8276819
0.8237314
0.831153
0.8535182
0.8500808
0.9068215
0.8945622
0.9169764
0.9011191
0.9172087
0.9023121
0.9012596
0.8982182
0.9139118
0.9070536
0.9105884
0.8999891
0.9150869
0.902439
0.9038262
0.9063002
0.9145657
0.9084982
0.8993638
0.8944818
0.8903816
0.8721213
0.8398548
0.92997
0.9301779
0.9021424
0.8904704
0.8336661
0.8823793
0.8886084
0.8919018
0.887473
0.8985491
0.8949486
0.8990413
0.9021256
0.8389512
0.836094
0.8429369
0.920258
0.918309
0.9023986
0.8222489
0.9059544
0.8988492
0.9074583
0.9003608
0.9084167
0.909985
0.9072492
0.9088659
0.9139195
0.9093138
0.8997577
0.9031527
0.9069467
0.8988293
0.9081859
0.8985555
0.912665
0.9111417
0.8262267
0.9023239
0.9011953
0.9040104
0.8996789
0.9089136
0.8238621
0.8256533
0.8220895
0.9137074
0.9013244
0.9241658
0.9208354
0.9113335
0.9206477
0.9213853
0.9051549
0.8986546
0.8935234
0.9035741
0.9186732
0.8963906
0.8989151
0.9164955
0.8330038
0.9062287
0.9073816
0.9023711
0.9139194
0.9164325
0.9113982
0.9058723
0.9173955
0.8075864
0.8113296
0.8056729
0.8117547
0.8370993
0.8342396
0.8991609
0.8959371
0.9069659
0.9001295
0.9168403
0.9049556
0.9021704
0.8950109
0.9083718
0.9059571
0.9011809
0.8985166
0.9114106
0.9036884
0.897107
0.8979262
0.9127331
0.8951973
0.9027886
0.8828973
0.8853293
0.8641905
0.8267865
0.9188442
0.9173122
0.8964296
0.8827103
0.8281069
0.8776291
0.885113
0.8874524
0.8783525
0.8950393
0.8919887
0.8981167
0.8994426
0.8299853
0.8273069
0.8381322
0.9144274
0.9153729
0.8982683
0.7998033
0.9010371
0.8934524
0.8996257
0.8959057
0.8993439
0.9051398
0.9014583
0.9054428
0.9127402
0.9025419
0.8964905
0.9022408
0.9051733
0.8984336
0.9018917
0.8917588
0.9122594
0.8990641
0.8054156
0.900897
0.8960983
0.9078556
0.8955418
0.9017316
0.7928858
0.7959313
0.7911664
0.9104812
0.9016796
0.9138456
0.915411
0.9142423
0.9208832
0.9231253
0.9019264
0.8894449
0.8931278
0.9016742
0.9078685
0.8950671
0.8959968
0.9057924
0.8327461
0.8988379
0.903064
0.9025262
0.9144344
0.9156106
0.9084802
0.9009972
0.9110566
0.9181744
0.916892
0.9143342
0.915185
0.9197005
0.9129747
0.9088723
0.9017982
0.8873559
0.9199499
0.9262665
0.9210574
0.9234582
0.9076137
0.9215679
0.9149886
0.8823112
0.8921981
0.9017968
0.913997
0.9008048
0.8949317
0.9075247
0.8977123
0.9157477
0.8915061
0.8971235
0.8993876
0.9265175
0.7057533
0.6922078
0.8972067
0.8936314
0.924131
0.9034188
0.8976654
0.9067344
0.8995669
0.9176891
0.9197166
0.9007032
0.8980128
0.9262442
0.9255511
0.9262076
0.9181401
0.9233787
0.9040741
0.9210762
0.9227196
0.9068515
0.8983651
0.9058853
0.9029681
0.9063258
0.903311
0.9016016
0.9113906
0.89585
0.8989518
0.9097529
0.9164777
0.9068982
0.9033222
0.9163235
0.9002741
0.8909519
0.9198282
0.9037971
0.8960462
0.8960079
0.8976245
0.8979863
0.9170189
0.9166757
0.9167088
0.9146635
0.9184675
0.8958455
0.8892474
0.9076712
0.9073369
0.9091626
0.9044852
0.8970159
0.9007893
0.9063341
0.8829347
0.8996425
0.894395
0.9104548
0.9302451
0.9176441
0.9027919
0.9114508
0.9119623
0.9246329
0.9202767
0.9042835
0.9210978
0.9194159
0.9140363
0.9174946
0.9159745
0.9213703
0.9201781
0.9190201
0.808383
0.8968845
0.8943864
0.9096988
0.8989792
0.9301941
0.8989479
0.9081121
0.8983502
0.9051054
0.8027198
0.9256513
0.8874623
0.8803168
0.9151809
0.904802
0.9062861
0.9273739
0.9153005
0.9154611
0.9154728
0.9178608
0.9136944
0.9163981
0.9207347
0.9165811
0.9177906
0.9179556
0.9188617
0.9204577
0.9148543
0.9280859
0.9259849
0.919237
0.9179735
0.9221626
0.9203914
0.9228641
0.9120016
0.9100826
0.9053835
0.9179901
0.9270822
0.9195901
0.9212758
0.9198558
0.9225262
0.9234954
0.9220275
0.9253283
0.9004689
0.9194129
0.8093634
0.897012
0.9021624
0.8384042
0.8403899
0.9223906
0.8498228
0.9174412
0.9196332
0.8410672
0.84226
0.8105348
0.842828
0.9179191
0.9168441
0.919265
0.9186958
0.8990529
0.9079299
0.8909632
0.9220635
0.7881634
0.7447954
0.7498511
0.9135131
0.9090909
0.8822741
0.8607595
0.9092037
0.7995341
0.8011978
0.8970941
0.9225034
0.9036153
0.9161174
0.905363
0.9101535
0.9107902
0.9073067
0.8956457
0.9136601
0.8965369
0.8945065
0.8968809
0.8985082
0.9075734
0.908394
0.9055943
0.9050444
0.9146615
0.9131836
0.9257514
0.9152928
0.9066925
0.9065014
0.919832
0.9116415
0.9036349
0.9085224
0.8959571
0.9101898
0.9078657
0.884073
0.9146169
0.9054516
0.9046426
0.899212
0.9011963
0.8871184
0.8965056
0.9187452
0.9213438
0.8827273
0.8999342
0.8964021
0.8971177
0.8995208
0.8983267
0.8951981
0.9037284
0.9037549
0.8740782
0.8765199
0.9016085
0.8986396
0.8995002
0.923517
0.9258565
0.9088541
0.8946798
0.9065281
0.8695411
0.8762254
0.8712222
0.8799676
0.8773699
0.8784826
0.8828259
0.92021
0.9041676
0.9047687
0.9144954
0.9195994
0.9094276
0.9115264
0.6402318
0.916649
0.8898075
0.8995374
0.9110637
0.9102802
0.9093926
0.9059298
0.8840851
0.9017137
0.9018493
0.9020335
0.9175501
0.9142257
0.9159856
0.8897592
0.9203251
0.9266981
0.926567
0.9059347
0.8936608
0.90185
0.9106634
0.9121298
0.9055544
0.9081892
0.9147396
0.8981933
0.9165398
0.9097558
0.91555
0.9217222
0.925267
0.9192157
0.9116595
0.9223321
0.9046424
0.9019383
0.9023798
0.9018536
0.9098623
0.9026322
0.9036527
0.7784522
0.8783467
0.8838548
0.9030449
0.8903123
0.9148484
0.8804642
0.8967263
0.883909
0.8823486
0.775454
0.9067924
0.8666886
0.8476279
0.893723
0.8894409
0.8919389
0.9105501
0.8960483
0.8967994
0.8913108
0.9063816
0.8908102
0.8942244
0.8948989
0.8967758
0.904556
0.8940732
0.8944654
0.9041946
0.8983844
0.9138735
0.9186378
0.9007023
0.8991864
0.9106709
0.910387
0.912942
0.899206
0.9085114
0.88348
0.9067857
0.9177895
0.9007303
0.900994
0.8986431
0.9029575
0.9079459
0.9068544
0.903386
0.8877971
0.9009938
0.7935641
0.8846865
0.8859687
0.7074052
0.7116359
0.9095312
0.8284006
0.8977302
0.9087796
0.8007177
0.7950952
0.8057501
0.8022102
0.8975268
0.9058382
0.9071011
0.9043942
0.8861225
0.8919945
0.8708629
0.8981318
0.8074671
0.8269158
0.8250548
0.8974833
0.8853918
0.8481778
0.8377755
0.8870932
0.7726212
0.7714801
0.8838521
0.9124132
0.8906808
0.8963469
0.8900036
0.9014651
0.904596
0.9008347
0.8804844
0.9029368
0.9024028
0.8917129
0.896738
0.8974541
0.9068981
0.9013975
0.9086545
0.7543354
0.8907177
0.8825848
0.8993927
0.8890736
0.9122136
0.8854598
0.8929482
0.8917562
0.89299
0.7572011
0.9114831
0.8676245
0.8613657
0.9011029
0.892311
0.8948377
0.9109753
0.8993306
0.9002646
0.8906983
0.9015338
0.9017814
0.906891
0.90287
0.8998874
0.8959845
0.897091
0.8955061
0.905541
0.8975631
0.9118922
0.9137937
0.8994868
0.8985711
0.8994966
0.9034213
0.9002819
0.9040011
0.9087317
0.8818809
0.8935995
0.9145702
0.9024312
0.9062735
0.902544
0.9038297
0.9074414
0.9116431
0.9074035
0.8918007
0.9062673
0.769996
0.8815508
0.8862258
0.7919931
0.7976617
0.9057261
0.8188434
0.9091333
0.9005198
0.80904
0.8081524
0.7715426
0.8133795
0.9002482
0.8973982
0.8993519
0.8978765
0.8872191
0.8903936
0.8778289
0.9106687
0.7458881
0.8036784
0.8069826
0.8971234
0.895411
0.8575596
0.8364789
0.898698
0.7498162
0.7521232
0.8830279
0.901219
0.8925172
0.9043503
0.8930874
0.9039488
0.9042553
0.8999539
0.8844283
0.9054307
0.9231929
0.9222361
0.9213891
0.9212363
0.9276644
0.9247341
0.9192442
0.8548768
0.8969255
0.9038104
0.9090719
0.9009219
0.9275192
0.9075899
0.9105359
0.90364
0.9031574
0.8407864
0.9230343
0.8907011
0.8842192
0.9194714
0.9057092
0.9096492
0.9339616
0.915232
0.9189807
0.9193732
0.9244898
0.9125254
0.9130248
0.9199337
0.916166
0.9209102
0.9232473
0.9190923
0.9232866
0.9159018
0.933247
0.9326123
0.9230904
0.9220544
0.9277184
0.9268673
0.9285199
0.9110217
0.9143716
0.9054476
0.9275915
0.9314575
0.9218712
0.9166696
0.9211254
0.9217735
0.9226747
0.9287857
0.9172893
0.901238
0.920267
0.8531306
0.8998907
0.9043893
0.822695
0.8202086
0.9269964
0.8736105
0.9185099
0.926063
0.8596389
0.8548274
0.8589274
0.8590736
0.9175063
0.9237851
0.92472
0.9234524
0.9033681
0.9068378
0.8907007
0.912398
0.8540724
0.8616768
0.8621225
0.9130081
0.9069319
0.8887292
0.8708872
0.9066302
0.8493945
0.8419778
0.9008491
0.9282661
0.9036056
0.9158989
0.909075
0.9111855
0.9127935
0.9064535
0.898252
0.9143491
0.9105876
0.9067455
0.9067467
0.9106855
0.9168174
0.9138534
0.9109284
0.837946
0.877417
0.8891118
0.8972695
0.8831409
0.9245665
0.8873056
0.8962342
0.8861554
0.8951036
0.8401593
0.9199018
0.8682939
0.8615655
0.9077155
0.8926354
0.8949996
0.9252915
0.9068453
0.9090714
0.9090975
0.9119017
0.90058
0.9006511
0.9061644
0.9095768
0.9101799
0.9107739
0.9120604
0.9112782
0.9082301
0.921232
0.9219678
0.9070292
0.9081382
0.9148026
0.9178188
0.9172793
0.902351
0.9080503
0.8893202
0.9119758
0.9271073
0.9130634
0.9113538
0.9132313
0.9153838
0.9175671
0.9165826
0.9132423
0.8916124
0.9166364
0.8398242
0.8830494
0.8908036
0.8432956
0.8481973
0.919528
0.8652365
0.9077187
0.9119675
0.8028098
0.796494
0.849458
0.7985801
0.9082918
0.9114822
0.9129132
0.9116006
0.8876831
0.8881676
0.872925
0.9118468
0.8510811
0.8605482
0.8607083
0.9017663
0.8962992
0.8643773
0.8159335
0.8959387
0.8374285
0.8320952
0.8878665
0.9166932
0.8933171
0.9029236
0.8925762
0.9006462
0.8995256
0.8995087
0.8851441
0.9033067
0.9125017
0.9084465
0.9132502
0.912069
0.918918
0.9162644
0.9176336
0.8903034
0.8813726
0.8639003
0.8761691
0.8565268
0.9231093
0.8762732
0.8893573
0.8720484
0.9051632
0.8954811
0.9216072
0.8908013
0.8798827
0.9192081
0.8741312
0.9037197
0.9282673
0.9221811
0.9193663
0.9113534
0.9130296
0.9178037
0.9196177
0.9179753
0.9166369
0.9157204
0.9167084
0.9194411
0.9130761
0.9149707
0.9298171
0.9245202
0.9138079
0.9138477
0.9104207
0.9103701
0.9087627
0.8868301
0.8945995
0.8855644
0.9069347
0.9253344
0.9141517
0.9202738
0.9156914
0.9194917
0.9224933
0.9190214
0.9169656
0.8710149
0.9200872
0.8982184
0.8558766
0.866221
0.8932659
0.8947067
0.9156442
0.903384
0.9152681
0.9154795
0.8816276
0.8750867
0.9010993
0.8833189
0.9137215
0.9113386
0.9121206
0.9127282
0.8655699
0.8718203
0.8995811
0.9219831
0.8972291
0.9027636
0.9024012
0.9078058
0.9005533
0.8841014
0.8908234
0.9038074
0.8917931
0.8923704
0.8638515
0.9103683
0.87272
0.9087895
0.8871552
0.896737
0.8795535
0.8896004
0.8733901
0.8952667
0.8917355
0.8886344
0.8932095
0.8920037
0.8989069
0.896642
0.9041562
0.8766461
0.8635736
0.8637138
0.8874146
0.86157
0.9103608
0.8704267
0.8881137
0.8663
0.8861765
0.8771414
0.9047225
0.8846001
0.8725404
0.9013554
0.8708361
0.8864537
0.9083398
0.8936531
0.895148
0.8894351
0.9019043
0.8999514
0.9044882
0.8973332
0.8935364
0.8977933
0.8938646
0.8964897
0.8975192
0.8937276
0.9065711
0.9045571
0.9003274
0.9017974
0.8968196
0.8940216
0.8969184
0.8885412
0.8943346
0.8720578
0.8961114
0.9122769
0.8987355
0.9021719
0.9002011
0.9043338
0.908739
0.9050815
0.9063652
0.8721713
0.9019206
0.880252
0.8666395
0.8736397
0.8778083
0.8851809
0.9037096
0.8931102
0.8995484
0.8998121
0.878668
0.8749034
0.8814465
0.8775136
0.9013284
0.8962261
0.8977609
0.8990978
0.8681545
0.8749816
0.8872093
0.9059381
0.8906649
0.8945582
0.8937942
0.8924459
0.8846704
0.8701013
0.8859972
0.8897947
0.8752869
0.8750738
0.8670156
0.9005924
0.8744254
0.8895679
0.8830722
0.8882469
0.8848105
0.8861171
0.8649138
0.8932882
0.9016056
0.9007031
0.8953694
0.9011964
0.9040247
0.9022898
0.9014031
0.8921816
0.887086
0.9053265
0.9127727
0.9020124
0.9210329
0.8902734
0.9090004
0.8940929
0.8459488
0.885402
0.9005767
0.8993053
0.8854127
0.8903647
0.8970527
0.7913217
0.9082044
0.8904178
0.8905392
0.8939443
0.9058031
0.8840152
0.8860974
0.89103
0.8931784
0.9057386
0.8987261
0.8930127
0.8957754
0.8966909
0.9081934
0.9116459
0.8946498
0.893999
0.906669
0.9079795
0.9103316
0.9088004
0.9094152
0.8935629
0.9020387
0.9159331
0.8955115
0.8860684
0.8959411
0.8916448
0.8984567
0.8969189
0.8953816
0.9009911
0.8949492
0.8921504
0.8935793
0.8959845
0.8976039
0.8937043
0.9004512
0.9025198
0.8862354
0.9036955
0.8923045
0.8895225
0.8872252
0.8934024
0.8909839
0.9035719
0.9040044
0.9045989
0.9005513
0.9022835
0.888483
0.8901631
0.905754
0.9064501
0.906919
0.8145214
0.7941089
0.8869024
0.8996918
0.8520306
0.894982
0.8863996
0.8974952
0.9108084
0.8985653
0.8938695
0.8992078
0.9063202
0.907581
0.9034525
0.8937041
0.9100478
0.9191199
0.9208864
0.9219756
0.9218573
0.9250392
0.9229478
0.9276728
0.8940136
0.9039138
0.8946738
0.8958246
0.8964408
0.9298089
0.8964417
0.8953759
0.8978453
0.9158569
0.8977489
0.9288684
0.8879052
0.8902943
0.9238921
0.9036931
0.9146155
0.9357378
0.9273997
0.9252763
0.9242862
0.9192185
0.9246199
0.9285111
0.9257109
0.9249983
0.915807
0.9269553
0.9260319
0.9251443
0.9253632
0.9370897
0.9316685
0.9277814
0.9275633
0.9217747
0.9243133
0.9199848
0.9121856
0.9168683
0.9074074
0.9226162
0.9334956
0.9269682
0.9298113
0.9269955
0.9287703
0.9286859
0.9281343
0.9296402
0.9004911
0.9304739
0.8991162
0.8937794
0.8956755
0.8947517
0.8958164
0.9297888
0.9130948
0.9293755
0.921316
0.8896574
0.8902928
0.9063681
0.8887352
0.9279771
0.919109
0.9196027
0.9205701
0.8962599
0.8995556
0.9032101
0.9310333
0.9007117
0.9078543
0.9068956
0.920258
0.9132733
0.8920907
0.8957914
0.9190549
0.8944972
0.8989549
0.8911817
0.9180798
0.900425
0.9241178
0.9042452
0.9090377
0.9040916
0.9016176
0.8984405
0.9127124
0.9017372
0.8954534
0.8983129
0.8967098
0.9042264
0.903683
0.9046532
0.8695252
0.8630877
0.8566361
0.8741974
0.8513282
0.9175523
0.864245
0.8832193
0.8617014
0.893515
0.8740909
0.9144623
0.8716525
0.8638815
0.9070371
0.8739548
0.8903502
0.9143467
0.9015627
0.9044632
0.8956353
0.9021945
0.9095182
0.9115192
0.9055588
0.903066
0.8997355
0.9023657
0.9011478
0.9035612
0.9005268
0.9114792
0.9121988
0.8981716
0.8986886
0.9015447
0.899353
0.8989049
0.8843892
0.8918702
0.8668651
0.8997576
0.9170337
0.9050359
0.9039528
0.9057252
0.9042508
0.9124118
0.9074939
0.9085502
0.8656196
0.9105385
0.8755972
0.8491466
0.8492421
0.8749681
0.8771987
0.903395
0.8929237
0.9057484
0.898623
0.8708899
0.868841
0.8819646
0.8687457
0.901507
0.8956569
0.897299
0.8962152
0.863528
0.8710648
0.8877101
0.9109591
0.8859652
0.8953015
0.8952101
0.893738
0.8877919
0.8696054
0.8737549
0.8922149
0.8719355
0.8726859
0.8598801
0.8968435
0.8724205
0.9012311
0.8767293
0.8869928
0.8806991
0.8760354
0.8643391
0.8887335
0.8996644
0.8948397
0.9005821
0.8973798
0.9027327
0.9030416
0.9073197
0.8785522
0.8630536
0.8538044
0.8733602
0.8455715
0.9170517
0.8603919
0.8762314
0.8519661
0.8940055
0.8819154
0.9160555
0.8751187
0.8662479
0.9047428
0.8661592
0.8877963
0.9137591
0.9097086
0.9081907
0.9008374
0.9018484
0.9122619
0.9113799
0.9024372
0.9069945
0.8983706
0.9051806
0.9083315
0.9043403
0.9072548
0.9128061
0.9122256
0.9029856
0.9039673
0.8942672
0.892908
0.8954631
0.8809524
0.8928358
0.8720969
0.8946132
0.9162446
0.901489
0.906743
0.9021564
0.9086802
0.9101235
0.9115673
0.9099443
0.8677069
0.9116355
0.8811181
0.8173876
0.8262137
0.8817487
0.8857985
0.9064704
0.8964398
0.9088773
0.8999928
0.8740059
0.870493
0.8861448
0.8728879
0.9072499
0.8974823
0.89965
0.8972466
0.8612224
0.8587209
0.8913529
0.9136547
0.8927531
0.8946145
0.8950359
0.8905053
0.8826379
0.8730802
0.8764284
0.8956528
0.8769515
0.8764016
0.8606196
0.8928414
0.8610956
0.8979958
0.8754565
0.8864585
0.8775828
0.8802517
0.859382
0.888736
0.9115553
0.9025295
0.9065881
0.9074721
0.9139356
0.9109367
0.9110948
0.8885141
0.8740262
0.8740017
0.8817752
0.8641624
0.920363
0.8794031
0.8923741
0.8835056
0.8987847
0.8906453
0.916328
0.8907836
0.8804608
0.9135195
0.8795635
0.8949445
0.9209881
0.9086577
0.912248
0.9079929
0.9089811
0.9124945
0.9109437
0.9131623
0.9100565
0.9079434
0.9106699
0.9137968
0.9119562
0.9079171
0.918849
0.9152475
0.9098857
0.9085313
0.9092206
0.9116945
0.9091907
0.8927378
0.8981562
0.8789215
0.9049143
0.9238231
0.9120102
0.9134978
0.9124881
0.9143798
0.916547
0.917867
0.9168251
0.8782005
0.9125101
0.8889772
0.8680479
0.8742469
0.8893014
0.8913145
0.9148049
0.8997786
0.9110053
0.9148371
0.8809083
0.8799243
0.8935818
0.8810638
0.9138844
0.9104557
0.9100813
0.9120805
0.8743995
0.8786617
0.8988692
0.9182363
0.8959231
0.9018695
0.9037879
0.9022376
0.8947739
0.8842794
0.8861524
0.9052639
0.8846617
0.8880191
0.873361
0.9098267
0.8767503
0.906553
0.8855981
0.8996082
0.8902096
0.8911302
0.8762171
0.8974606
0.9157884
0.9083641
0.9122623
0.9096846
0.9165222
0.9135282
0.916298
0.7553702
0.893492
0.8930084
0.9019215
0.8947087
0.9180746
0.8886169
0.9049199
0.8933842
0.8968044
0.7582585
0.9181194
0.8746625
0.871871
0.9099778
0.8962963
0.9031883
0.9211148
0.9076305
0.909026
0.9053805
0.914063
0.9087986
0.9124477
0.9121861
0.9096075
0.9105534
0.9078721
0.9122763
0.9149644
0.9037824
0.9219505
0.9205312
0.9111056
0.912
0.9174834
0.9156482
0.9121596
0.9067117
0.9098349
0.8963799
0.9122647
0.9239261
0.913691
0.9152495
0.9144645
0.9152417
0.9175322
0.9199572
0.9181152
0.899437
0.916917
0.7676222
0.8889684
0.8949241
0.8045663
0.8111677
0.9187247
0.7750118
0.9122533
0.9103003
0.8175619
0.812306
0.772576
0.8186657
0.9127993
0.9113528
0.9135425
0.913764
0.894184
0.8984867
0.8844077
0.917624
0.1202094
0.7826762
0.7870177
0.9081038
0.9005602
0.866706
0.8410695
0.9046939
0.748609
0.7527229
0.8929104
0.9149365
0.8943113
0.9103856
0.896891
0.9055335
0.9083455
0.9069279
0.8915641
0.9104551
0.8994113
0.8960222
0.8974527
0.8982977
0.9064172
0.9048048
0.9003922
0.9047151
0.9021719
0.9166905
0.9285639
0.918442
0.91622
0.9087709
0.9261785
0.9093409
0.8877049
0.8987152
0.8694607
0.9101252
0.8991328
0.8630709
0.9089471
0.8996707
0.9096312
0.8900239
0.8971052
0.8905673
0.9112621
0.8959505
0.8978527
0.8539621
0.8935901
0.9074436
0.8908622
0.8879075
0.8960722
0.8902206
0.9102148
0.9109475
0.8279557
0.8286508
0.9091801
0.9078957
0.9087168
0.9236494
0.9232709
0.9112505
0.9023673
0.916023
0.8534928
0.8538197
0.8544057
0.857826
0.8654285
0.8614516
0.85638
0.915667
0.8932371
0.9028449
0.9161172
0.9194188
0.9065144
0.9076668
0.8783865
0.9070347
0.8620834
0.9031905
0.9054118
0.9023335
0.9002987
0.901205
0.8431531
0.9031812
0.9016794
0.9042217
0.9178458
0.9147971
0.8993918
0.8575712
0.9177746
0.9206187
0.9226161
0.9045084
0.8936308
0.8993387
0.9091499
0.8914504
0.9017053
0.8959716
0.9093913
0.9157322
0.9200743
0.8973213
0.9140664
0.914456
0.926666
0.9212531
0.9094631
0.9239061
0.8341777
0.8225775
0.8328505
0.8308265
0.8470575
0.8415778
0.9109256
0.8943603
0.9160286
0.9010891
0.9152769
0.9087919
0.9071751
0.9005888
0.914828
0.9051785
0.9090714
0.9030856
0.9161924
0.9054822
0.9054256
0.9045329
0.9156661
0.9067906
0.9073931
0.8951319
0.8955262
0.8790932
0.8479526
0.9279
0.9264637
0.9029499
0.8941194
0.8452922
0.8823923
0.8911745
0.8951949
0.8872565
0.8965785
0.8977252
0.9011417
0.902409
0.8381014
0.8332372
0.8394462
0.918264
0.9187641
0.906212
0.832029
0.9089685
0.8970408
0.9061014
0.900018
0.9085501
0.9067359
0.9060293
0.9083342
0.9153718
0.9122225
0.9029328
0.9064833
0.9084883
0.8986905
0.9067219
0.9036455
0.9134339
0.9070087
0.8270016
0.9031148
0.9018361
0.9095614
0.899339
0.9082995
0.8283969
0.8293113
0.8285835
0.9130081
0.9077463
0.919199
0.9204521
0.9145585
0.9250365
0.925652
0.9088322
0.9038272
0.8964262
0.9041616
0.9203044
0.8997791
0.9002453
0.9116022
0.8343291
0.9043749
0.9133959
0.9081114
0.9172144
0.9173219
0.9102841
0.9035573
0.9170663
0.899961
0.8912659
0.8985943
0.8963956
0.9031253
0.9007821
0.9118841
0.8715634
0.8867554
0.8754739
0.8922267
0.8806346
0.9106959
0.8795256
0.8864114
0.887704
0.8828812
0.8753799
0.9126686
0.8777424
0.8691863
0.9012718
0.8863923
0.884667
0.9112001
0.8999781
0.8996331
0.8908533
0.9006774
0.9071038
0.9082676
0.9053887
0.8976088
0.8980068
0.8968515
0.9005234
0.9036227
0.9001385
0.9085233
0.9075303
0.9010449
0.9039243
0.8978355
0.8950588
0.8942829
0.9006781
0.9044163
0.8857474
0.8941921
0.9139378
0.9033432
0.907035
0.9045857
0.9069336
0.9095048
0.9127385
0.9096328
0.8867897
0.9084186
0.8732219
0.8747807
0.8778098
0.8789964
0.8840942
0.9033769
0.8946613
0.9097825
0.8983917
0.8674836
0.8654535
0.8797171
0.8605399
0.9068343
0.8977971
0.8984097
0.9000143
0.8892044
0.8862745
0.8919451
0.9136678
0.8844076
0.8976467
0.8980235
0.8901566
0.8800529
0.8664932
0.8716172
0.8911101
0.8730633
0.8735624
0.8861859
0.8939961
0.8818892
0.9010891
0.8881076
0.9017596
0.89164
0.8986311
0.8854546
0.9062998
0.8923835
0.8893859
0.8886895
0.8920518
0.8981822
0.8951718
0.8997882
0.8957922
0.9012746
0.9117037
0.9265803
0.9123463
0.909314
0.899938
0.9225385
0.904544
0.8856372
0.8965404
0.8608502
0.9106659
0.8991645
0.8537796
0.9124951
0.8949616
0.8996899
0.884637
0.8874436
0.8766681
0.901323
0.896245
0.9014247
0.843366
0.8896837
0.8972106
0.8814177
0.8832278
0.8928083
0.8812615
0.9000557
0.9003165
0.8293798
0.8275552
0.8996126
0.8956314
0.8987328
0.9208623
0.923784
0.8991789
0.8913949
0.9068261
0.8388716
0.8456553
0.8425749
0.84749
0.8505435
0.8542237
0.8482947
0.9157624
0.8899271
0.8971129
0.9107258
0.9127305
0.902131
0.9043598
0.8654181
0.9020587
0.8626296
0.8942875
0.8991072
0.8956731
0.9011248
0.8956765
0.8283733
0.896111
0.8951233
0.8951869
0.9156223
0.9113008
0.9055839
0.8445439
0.9095162
0.9165018
0.9188522
0.901473
0.8827975
0.8889135
0.9079322
0.8917949
0.8939422
0.8943574
0.9117279
0.9002348
0.9115146
0.8977182
0.909586
0.9182638
0.9224319
0.9235732
0.9107488
0.921802
0.8955444
0.8946162
0.8916233
0.8925431
0.9043976
0.9015233
0.9014648
0.9004831
0.9021329
0.9136691
0.9269379
0.9144727
0.9097415
0.9032328
0.9222266
0.9082513
0.8967617
0.9000543
0.8723246
0.9076687
0.9040132
0.8653153
0.9121713
0.9012809
0.9051801
0.8896906
0.8958779
0.8814762
0.9048754
0.906229
0.9074978
0.8651352
0.8932776
0.90096
0.8890377
0.8892809
0.8972872
0.8903401
0.9036518
0.904651
0.8431184
0.8456144
0.8984355
0.8992559
0.9005529
0.9204163
0.9201791
0.9012364
0.8922954
0.9107854
0.8620961
0.8663563
0.8636109
0.8643693
0.8716992
0.8686056
0.862118
0.9155842
0.8967528
0.9048185
0.9101325
0.9113168
0.9057804
0.9070844
0.878876
0.9071621
0.8714114
0.897151
0.9046831
0.9028485
0.9033283
0.8989483
0.8509463
0.8948615
0.8965304
0.8959517
0.9120852
0.9112906
0.9077796
0.8731588
0.9158025
0.9243574
0.9233596
0.901107
0.8949076
0.9004413
0.9096936
0.9002818
0.897741
0.8998984
0.9106303
0.9003803
0.9119708
0.9015579
0.9100906
0.9148786
0.9241191
0.9174001
0.9058259
0.9208834
0.8840789
0.8762667
0.8746376
0.8805694
0.8889009
0.8865346
0.8989511
0.8982512
0.8987826
0.908086
0.9254752
0.9127837
0.8994522
0.8990067
0.9214603
0.9073806
0.886013
0.8949631
0.8964594
0.9072632
0.8965084
0.8860937
0.9082582
0.8932324
0.8935395
0.8074788
0.8082257
0.8340102
0.8878896
0.8941958
0.8985459
0.8863695
0.8052051
0.8839706
0.8486716
0.8500973
0.8746653
0.8526907
0.8963878
0.8983057
0.8883543
0.8888685
0.8920248
0.8918742
0.8917981
0.9142367
0.9181142
0.9001581
0.8849303
0.9073737
0.891139
0.8936054
0.8935955
0.8903601
0.8974093
0.8986515
0.8922871
0.9132436
0.8892231
0.8981171
0.908233
0.913624
0.9023665
0.9025333
0.89646
0.9018625
0.8879618
0.8843353
0.8994147
0.8993923
0.8952233
0.9000179
0.8903574
0.8827273
0.8822647
0.8837932
0.9150654
0.9080152
0.9048482
0.8965754
0.910904
0.9121335
0.9139472
0.8976334
0.8870979
0.8908367
0.9039273
0.8955011
0.8945092
0.8951578
0.9088137
0.8944736
0.9100252
0.8959029
0.903088
0.9085087
0.9197159
0.9152954
0.9077616
0.9171243
0.9020369
0.8986087
0.8981898
0.9014954
0.9042353
0.9032569
0.9058674
0.9033896
0.9078905
0.9147265
0.9259479
0.9201727
0.9161779
0.9076028
0.9227681
0.9071429
0.8978372
0.9029963
0.8792628
0.9128073
0.9047908
0.8606784
0.9165755
0.9069007
0.9052899
0.8926754
0.8972941
0.8944187
0.9073384
0.9058863
0.9091176
0.8568
0.8989673
0.9082874
0.8972381
0.9004058
0.8968376
0.8940964
0.9056562
0.9114854
0.8612985
0.8618656
0.9050142
0.9063784
0.9056408
0.9214308
0.924913
0.9069451
0.9014256
0.9161785
0.8542292
0.8649174
0.8528982
0.8664111
0.8634901
0.866848
0.8632863
0.9215093
0.9013523
0.9057509
0.9141154
0.9204441
0.9048658
0.9076479
0.8808819
0.9108344
0.8693569
0.9046454
0.9078806
0.9078303
0.9066247
0.904014
0.8590713
0.9045943
0.904885
0.9069926
0.9201814
0.9152349
0.9081423
0.869862
0.921013
0.9214674
0.9239251
0.9067358
0.9000247
0.9018507
0.9129122
0.8994173
0.9062264
0.9036366
0.9161993
0.9079812
0.9139308
0.9061854
0.909468
0.9153094
0.9243056
0.9247312
0.9141635
0.9200661
0.8919481
0.8911092
0.8909005
0.8918181
0.8981201
0.8949444
0.903989
0.8496796
0.8809052
0.8796458
0.8985642
0.8820348
0.9117322
0.8798605
0.8954251
0.8838491
0.883348
0.8537243
0.9066304
0.8554177
0.8448806
0.8965618
0.8847659
0.8908672
0.9015154
0.8974725
0.896205
0.8838972
0.8975006
0.9013817
0.9043942
0.8945396
0.8945206
0.8961634
0.888893
0.8932124
0.8972398
0.8928414
0.9076295
0.9049853
0.8993242
0.8992824
0.8960229
0.8997107
0.9003621
0.901169
0.9065084
0.8830927
0.8912871
0.9136235
0.8953593
0.9016488
0.8946515
0.902943
0.906392
0.905804
0.9055667
0.8868595
0.9024834
0.8616076
0.8784722
0.8848207
0.8566957
0.8611812
0.9020708
0.8758472
0.9011432
0.8935862
0.8489192
0.8465304
0.8667061
0.843053
0.8994139
0.8949537
0.8961709
0.8947178
0.8830378
0.8872347
0.8799172
0.9089318
0.8740976
0.8816867
0.8835685
0.8933137
0.8821845
0.7943358
0.8638637
0.8893247
0.8474961
0.8500621
0.8829417
0.9017427
0.8863273
0.8939367
0.8864001
0.9021078
0.9001629
0.8943995
0.8852779
0.9030396
0.8970883
0.8923406
0.8954869
0.8942736
0.9032212
0.9002361
0.9067958
0.8498621
0.8797114
0.8770594
0.8915433
0.879699
0.9137839
0.876592
0.8924614
0.8790802
0.8867462
0.8506362
0.9101349
0.8528416
0.8342636
0.9011588
0.8866768
0.8907275
0.9099079
0.9000183
0.9019179
0.8922825
0.8967838
0.9027037
0.9046145
0.9013326
0.8977968
0.8966802
0.8959406
0.8969375
0.8995301
0.8967001
0.9119499
0.911366
0.9008111
0.9008453
0.8971426
0.8981592
0.9004492
0.9013698
0.9056957
0.8835884
0.8899855
0.9166094
0.9017071
0.9045523
0.901507
0.901414
0.9057135
0.9075315
0.9067621
0.8838743
0.9044134
0.8504251
0.8727674
0.8774328
0.8546251
0.8563693
0.904191
0.8733944
0.9015928
0.8992985
0.8475387
0.8421611
0.8563193
0.8459655
0.9007752
0.896548
0.8966477
0.8967513
0.8848276
0.882603
0.876274
0.9099367
0.8693705
0.877631
0.8805052
0.8958311
0.8872183
0.774612
0.8554915
0.8902027
0.8467993
0.8443602
0.8857019
0.8951734
0.8805151
0.8967116
0.8865769
0.8990366
0.8971949
0.8964133
0.880293
0.8980156
0.836275
0.832364
0.8367828
0.8403758
0.8599585
0.8547503
0.9025379
0.8980753
0.9120132
0.9019538
0.9155636
0.9044469
0.9058468
0.8985539
0.9112877
0.9024182
0.9051103
0.9017828
0.91039
0.9034591
0.9029234
0.9046559
0.9134949
0.9030044
0.903849
0.8918539
0.8889053
0.878001
0.849609
0.9217219
0.9218585
0.8970962
0.8907566
0.8438887
0.8812775
0.8898459
0.890756
0.8816237
0.9003905
0.9006503
0.8978489
0.8971274
0.8431851
0.8423103
0.8494012
0.9152001
0.919455
0.9007419
0.8364121
0.9059873
0.8996575
0.90508
0.90041
0.905259
0.9047517
0.9020545
0.9048166
0.9133492
0.9067048
0.8990945
0.9060979
0.9094313
0.8981688
0.9020966
0.8958737
0.9140675
0.9051111
0.8288708
0.8979334
0.8987442
0.9082451
0.8935624
0.9047963
0.8319653
0.8330078
0.8304916
0.9123684
0.900776
0.915905
0.9150499
0.9127346
0.9224812
0.9233262
0.8990848
0.8930274
0.8947657
0.9052635
0.9105086
0.9018465
0.9012742
0.9087515
0.8434196
0.9041813
0.9092753
0.9032839
0.9143088
0.9148369
0.9126454
0.9037548
0.9156324
0.8411586
0.8331811
0.8443098
0.8375193
0.8575811
0.855563
0.9054426
0.8977367
0.9106901
0.90399
0.9144003
0.9035355
0.91016
0.8982133
0.9091588
0.9030786
0.9023022
0.9024941
0.9126041
0.9024425
0.9052613
0.9043674
0.9107951
0.8998084
0.9068574
0.8936928
0.8946579
0.8817635
0.8567744
0.9206889
0.9226294
0.9011462
0.8917469
0.8517504
0.8913388
0.8955923
0.89162
0.8875083
0.9002384
0.8994845
0.9014243
0.9030034
0.8426271
0.8457951
0.8491281
0.9126527
0.9114974
0.9009464
0.8351744
0.9077599
0.9021525
0.9045958
0.9046158
0.9069701
0.9071112
0.9043907
0.9064474
0.9117241
0.91039
0.899939
0.9031901
0.9060998
0.8991359
0.9014699
0.8944147
0.9118616
0.9054947
0.8417419
0.8987047
0.899077
0.9070904
0.8965022
0.904076
0.8387244
0.841679
0.8377598
0.9126323
0.8985272
0.9150081
0.9162263
0.9111573
0.9200696
0.9204273
0.9012092
0.8954158
0.8989211
0.9076282
0.90965
0.8987131
0.89946
0.9104984
0.845457
0.9060094
0.9068835
0.9022176
0.9118997
0.9143666
0.909261
0.9011302
0.9128962
0.8941903
0.8886946
0.8894985
0.8913106
0.9009147
0.8969161
0.9042463
0.8467115
0.8736097
0.8761104
0.8957135
0.8842167
0.9080406
0.8772961
0.8957324
0.8814807
0.8805249
0.8517988
0.908079
0.8524113
0.8354676
0.8971221
0.8852352
0.8892171
0.9044911
0.8940512
0.8929847
0.8823242
0.8954168
0.8968975
0.901459
0.89387
0.89373
0.8933866
0.8890166
0.8904084
0.8954579
0.8896966
0.904099
0.9064235
0.8952168
0.8951445
0.8956512
0.898236
0.9011226
0.8992253
0.9074151
0.8829452
0.8902497
0.9140441
0.8947464
0.9017029
0.894276
0.90094
0.903415
0.9050957
0.9044181
0.8886709
0.8999178
0.8535724
0.8739635
0.8791612
0.8547976
0.8577407
0.9020071
0.8741756
0.899109
0.8963789
0.8468305
0.8420513
0.861192
0.8443806
0.8960892
0.8957011
0.8954412
0.8965455
0.8832162
0.8849451
0.8718957
0.9039037
0.8681489
0.8787725
0.8797794
0.8877233
0.882076
0.790231
0.8615522
0.8865801
0.8452925
0.8418789
0.8804292
0.8982698
0.8845269
0.8909959
0.8845125
0.8991917
0.8951411
0.897515
0.8795207
0.9059567
0.9043139
0.9024832
0.9043546
0.9078961
0.9077413
0.908973
0.9052116
0.8956363
0.8896015
0.9036927
0.9053109
0.8971732
0.9153227
0.892061
0.9059243
0.8991626
0.7764626
0.8901892
0.9034127
0.8975446
0.8849989
0.8973124
0.8964354
0.8465718
0.9178082
0.8973745
0.895
0.8944786
0.9097458
0.8898242
0.8922092
0.8980384
0.8978535
0.9077891
0.9021194
0.8995158
0.8996043
0.8966908
0.9077067
0.9112129
0.8992878
0.9001542
0.9108743
0.9102837
0.9122481
0.9079828
0.9105497
0.8951408
0.9042346
0.913017
0.8974094
0.8965839
0.8979628
0.898167
0.9093555
0.9012746
0.9005295
0.9019962
0.8976346
0.8942102
0.8963356
0.9028412
0.8990764
0.8965014
0.9024399
0.8998261
0.8954933
0.9122318
0.8919924
0.8892558
0.8924377
0.8913393
0.8974019
0.9059632
0.9047754
0.9070508
0.9016984
0.8961104
0.8950151
0.8998894
0.9023266
0.9061244
0.9081305
0.8623168
0.8546788
0.8879351
0.895178
0.8554118
0.8948976
0.8869735
0.8976721
0.9108629
0.8992397
0.8983057
0.8967168
0.9020068
0.9077041
0.9046649
0.8926817
0.9119891
0.7988329
0.7892696
0.7966953
0.7977532
0.8390022
0.8363884
0.9082093
0.8968337
0.9138693
0.90068
0.9172642
0.9036771
0.903659
0.9014851
0.9135246
0.9047703
0.9069317
0.9011751
0.9167732
0.9012921
0.9011794
0.9013941
0.9141384
0.9060849
0.9043113
0.8913757
0.8882294
0.8740336
0.8241432
0.9257774
0.926105
0.9044112
0.8888479
0.8226136
0.8837701
0.8883475
0.8949848
0.8859379
0.9020723
0.8981611
0.8990469
0.8979659
0.828326
0.8254232
0.8330159
0.9165982
0.9156449
0.9040355
0.8036474
0.910012
0.8947197
0.9059611
0.8978682
0.9048799
0.9077999
0.9082131
0.9054977
0.9163724
0.9092588
0.8984918
0.9040758
0.9066343
0.9010863
0.9064261
0.8965982
0.9130944
0.9069851
0.7984707
0.9039597
0.8996081
0.9105833
0.8965145
0.9052457
0.7848958
0.7833878
0.7871724
0.9155828
0.9006048
0.9173754
0.9198385
0.9162421
0.9224855
0.9241135
0.9028751
0.8935069
0.8960954
0.9063716
0.9137145
0.899048
0.9035097
0.9106871
0.826818
0.9058807
0.9079994
0.9057787
0.9149055
0.9160756
0.9105263
0.9045924
0.9129344
0.9131819
0.9111811
0.9152334
0.91317
0.9205328
0.9152364
0.9130222
0.8479339
0.8803725
0.8979919
0.9059455
0.889178
0.9266469
0.8934888
0.8990245
0.8930806
0.8959256
0.8380992
0.9174603
0.8748686
0.8628525
0.9054176
0.8934054
0.8974227
0.92132
0.9103386
0.912509
0.9096882
0.9201322
0.8957131
0.9021484
0.9110751
0.9097322
0.9186165
0.9169769
0.9123412
0.9151249
0.909642
0.9259656
0.9264438
0.9076067
0.9063709
0.9207519
0.9226893
0.9206038
0.9048176
0.906803
0.8966098
0.9123668
0.9332321
0.9119986
0.909496
0.9125912
0.9135593
0.9152031
0.9089919
0.9104842
0.8918249
0.9144047
0.8548417
0.888989
0.8949461
0.8508926
0.8533621
0.9190253
0.8687358
0.9054317
0.9145931
0.8104812
0.8067829
0.8578162
0.8075273
0.9080907
0.9142191
0.9145743
0.9138766
0.8910707
0.898099
0.8775266
0.903651
0.8594376
0.8667515
0.8654651
0.9023849
0.9008126
0.8653046
0.8329294
0.8894036
0.8473593
0.8392182
0.889184
0.9234167
0.8980445
0.9041038
0.898785
0.9049742
0.9001093
0.9042136
0.8878189
0.9075049
0.9017325
0.9009571
0.8997887
0.9009182
0.9025239
0.9031822
0.9013281
0.8884279
0.8797139
0.9063222
0.9148121
0.901091
0.920041
0.8931782
0.9140158
0.8966732
0.8401094
0.8878684
0.904883
0.8984506
0.8820946
0.8919664
0.8955577
0.8510483
0.9115199
0.8930815
0.89129
0.8911335
0.912184
0.8842157
0.8925322
0.8875836
0.8950742
0.9077675
0.8957264
0.8982513
0.8952548
0.8934809
0.9087966
0.9103499
0.894209
0.8944612
0.9092829
0.9125031
0.912267
0.9069471
0.9173769
0.8902439
0.9045716
0.916099
0.8957831
0.8910765
0.8956319
0.8927459
0.9014968
0.900686
0.8945736
0.9044259
0.8969399
0.8898986
0.8944204
0.8986058
0.893341
0.8924774
0.9091138
0.898824
0.8900974
0.9032675
0.8913444
0.886763
0.8915928
0.8895632
0.8915022
0.9039653
0.9037849
0.9027897
0.9050545
0.9027897
0.8905065
0.8911742
0.9064888
0.9057023
0.9078818
0.8603945
0.8540323
0.8806887
0.8976191
0.7926504
0.8879402
0.8897884
0.8984244
0.91247
0.9033468
0.8918948
0.9013463
0.9044496
0.909751
0.9114446
0.8940704
0.9108134
0.9097796
0.9074917
0.907642
0.9099111
0.9186929
0.9158898
0.9104483
0.9129237
0.9056257
0.9154954
0.9222083
0.9140032
0.9193791
0.9108641
0.9176595
0.9081455
0.8982044
0.910052
0.9161605
0.9147498
0.9018085
0.9054206
0.9083611
0.9083357
0.9225286
0.9062204
0.9108693
0.911449
0.9161324
0.8971183
0.9008376
0.9072462
0.9093071
0.9178443
0.9160111
0.9125266
0.912065
0.9111274
0.9204122
0.9221812
0.9108887
0.9114253
0.9188809
0.9171657
0.9198174
0.9173037
0.921682
0.9112684
0.9138522
0.9268924
0.9099074
0.9098747
0.9098904
0.9106718
0.9109256
0.9097891
0.9083922
0.9143678
0.9066619
0.912521
0.9133845
0.9180641
0.9134559
0.9117092
0.9176385
0.9163564
0.9026347
0.9189874
0.9109264
0.9081038
0.9096512
0.9109617
0.9099854
0.9133409
0.9135005
0.9127833
0.9127911
0.9164724
0.908926
0.9060963
0.9189217
0.9185313
0.9190976
0.9064159
0.9023262
0.9073784
0.9151615
0.9007717
0.9097015
0.9068673
0.9141065
0.9202824
0.9159546
0.9058018
0.9119348
0.9170379
0.9234975
0.9184344
0.9108694
0.9205305
0.9101809
0.9075317
0.9047465
0.9059646
0.9123211
0.9094728
0.9061956
0.903557
0.8958675
0.9225047
0.9317627
0.9202031
0.9189709
0.9097087
0.9270173
0.912913
0.881187
0.8923799
0.8726044
0.9139644
0.8986535
0.853413
0.9091363
0.899213
0.9124637
0.8907965
0.8922321
0.8985351
0.9190237
0.8737898
0.8903838
0.8479501
0.8988384
0.9174501
0.898483
0.8944805
0.9028942
0.8971728
0.9092008
0.9162134
0.8482078
0.8444606
0.9194159
0.9192966
0.9192754
0.9192436
0.9269784
0.9088857
0.90843
0.9189414
0.863207
0.8522059
0.8648407
0.8645412
0.8636026
0.8667208
0.854633
0.9100321
0.8969815
0.9036405
0.9117217
0.9215437
0.9062937
0.9047311
0.8867179
0.9034299
0.8560404
0.9115378
0.9040584
0.8985313
0.9027037
0.8997585
0.803546
0.9131881
0.913432
0.9133078
0.915468
0.9227851
0.8967317
0.8157238
0.918537
0.9128272
0.9135768
0.9085842
0.8897948
0.8981289
0.9118686
0.882045
0.9023974
0.8949896
0.9126358
0.924151
0.9235631
0.9004637
0.9119195
0.9172632
0.9282342
0.9204278
0.9087539
0.9231365
0.8955718
0.8917099
0.8941252
0.8960003
0.8987153
0.8963465
0.9066648
0.885014
0.8860382
0.9029371
0.9157246
0.8996491
0.9183487
0.8941406
0.9079759
0.8977973
0.8195477
0.8854741
0.9028463
0.8981613
0.881129
0.8941602
0.8962624
0.8317943
0.9095115
0.8821203
0.8888238
0.8854662
0.9052932
0.8906022
0.8929892
0.8884272
0.8911467
0.9010372
0.8939034
0.894295
0.8927584
0.8904764
0.9066018
0.9048818
0.8916321
0.8913675
0.9015511
0.9015309
0.903959
0.9111659
0.9132548
0.8952374
0.8986989
0.9084138
0.8918014
0.8898004
0.8940421
0.8964959
0.8966513
0.8985559
0.8969892
0.901854
0.8938491
0.8903952
0.8918365
0.896659
0.8946142
0.8959728
0.8992847
0.9023748
0.8887347
0.8987033
0.8922319
0.8892017
0.8875954
0.8850865
0.8900229
0.8982674
0.8987995
0.9004797
0.9042391
0.9007552
0.8934529
0.8948601
0.9029634
0.9104076
0.910277
0.845562
0.8313096
0.883482
0.8988278
0.8429815
0.883866
0.8846825
0.8984873
0.9028028
0.9037422
0.8973966
0.8998639
0.9051046
0.9125449
0.9083935
0.8939919
0.9132788
0.9068856
0.9023291
0.9032787
0.9068624
0.9122042
0.905044
0.9141978
0.879632
0.8719085
0.7969843
0.8748315
0.8482992
0.9184214
0.8749632
0.8839305
0.8644514
0.8999604
0.8817479
0.9189256
0.8864781
0.8740183
0.917984
0.8691808
0.895369
0.9229409
0.9093409
0.9114471
0.908043
0.9094989
0.9151522
0.9163792
0.9129902
0.9102296
0.9071352
0.9094263
0.9124923
0.9112738
0.9068172
0.9216842
0.9214548
0.9112698
0.9123284
0.9053191
0.9051452
0.9077689
0.8860604
0.892396
0.883951
0.9082249
0.9251812
0.9118377
0.9142959
0.9112001
0.9149072
0.915436
0.9185827
0.9137901
0.8555965
0.9162733
0.8839256
0.8572597
0.8600608
0.8830862
0.8860186
0.9118395
0.8941858
0.9123122
0.9097557
0.8757273
0.8745599
0.8911142
0.8758497
0.9109594
0.9095798
0.9092042
0.9075211
0.8540808
0.8742233
0.8938868
0.9194574
0.8895192
0.8963998
0.8939496
0.8969
0.893264
0.8783067
0.8848513
0.9032095
0.8794871
0.8754731
0.858649
0.9086661
0.873258
0.9064429
0.885549
0.8875492
0.881312
0.8791591
0.8640598
0.8915372
0.9125022
0.9103088
0.9119115
0.9102429
0.9160754
0.9138286
0.9194858
0.8893457
0.8711132
0.8543098
0.8689109
0.8524907
0.9276773
0.8740261
0.8817768
0.865774
0.8988836
0.8901865
0.9223291
0.8849703
0.8711284
0.9187998
0.8734581
0.8996273
0.9250679
0.9168034
0.9162279
0.9148829
0.9146728
0.9141534
0.9133844
0.9152881
0.9159272
0.9130741
0.9149521
0.9173013
0.9147342
0.913719
0.9233535
0.924323
0.915499
0.9144203
0.9089198
0.9090231
0.91242
0.8860689
0.8922056
0.8759817
0.9068009
0.9271891
0.9157459
0.9186116
0.9173106
0.921887
0.9203989
0.9199723
0.9202795
0.8675826
0.9173167
0.8928648
0.8518079
0.8568582
0.8895265
0.8952456
0.9190039
0.898894
0.9147961
0.9116358
0.8816217
0.8812118
0.8963929
0.8804018
0.9134483
0.9109589
0.9107786
0.9105005
0.8617999
0.8715613
0.8954879
0.9178607
0.8969339
0.9038758
0.9039762
0.9017101
0.8987523
0.8856676
0.8906256
0.9008053
0.8888246
0.8873692
0.8099705
0.9053464
0.8791961
0.9036404
0.8846752
0.8890071
0.8776285
0.8798231
0.8578884
0.9016585
0.9062973
0.9010028
0.9038653
0.9077367
0.9129354
0.9136015
0.9103246
0.8842055
0.8549778
0.8315125
0.8606343
0.8231355
0.9210646
0.8614596
0.875538
0.8562615
0.8974036
0.8822782
0.9147432
0.8829791
0.863127
0.9095195
0.8610293
0.8904996
0.924571
0.9100666
0.9084044
0.9082652
0.9112552
0.9107667
0.910737
0.9120567
0.9072191
0.9104536
0.9080675
0.9132009
0.910116
0.9085822
0.9224277
0.9206526
0.9077673
0.9099672
0.9104175
0.9089677
0.9072512
0.8775251
0.8908132
0.872465
0.9009696
0.9259812
0.9128839
0.9127917
0.9142767
0.9156333
0.9201228
0.9144854
0.9191295
0.8382619
0.913652
0.8831913
0.844774
0.8508507
0.8807329
0.8836679
0.9144058
0.8978564
0.9120863
0.9083372
0.8748495
0.874054
0.887355
0.8767736
0.9107003
0.9087455
0.9099192
0.9077792
0.8365775
0.8656529
0.8878525
0.9154686
0.8905647
0.8967007
0.8971556
0.8956561
0.8896237
0.8704025
0.8809973
0.8986513
0.8778959
0.8772661
0.8473106
0.9090779
0.8649146
0.9000569
0.8793204
0.8867763
0.864511
0.8722067
0.858938
0.8850339
0.9108522
0.9068032
0.9083147
0.9074557
0.9138825
0.9112276
0.9144223
0.913173
0.9122253
0.9220267
0.9307963
0.9194019
0.919855
0.9144872
0.9268709
0.9182375
0.9064353
0.9119907
0.8738891
0.9180008
0.9155641
0.8701367
0.9163978
0.9075364
0.916911
0.9010218
0.9050027
0.8987597
0.9161311
0.9076662
0.9102134
0.8712353
0.9076801
0.9142211
0.8993482
0.9050995
0.9071305
0.9038161
0.9115604
0.920036
0.8534112
0.855894
0.9145484
0.915581
0.9139834
0.925022
0.9273809
0.9111599
0.9111708
0.9235792
0.8679058
0.874268
0.8684636
0.8694401
0.8770248
0.8757746
0.8697586
0.9230339
0.9056395
0.9132186
0.9205354
0.9253991
0.9112627
0.9126508
0.8905931
0.9138405
0.8802666
0.9088319
0.9118468
0.9108003
0.915991
0.9103824
0.8619019
0.9102077
0.9111474
0.9114476
0.9209241
0.9197607
0.9146393
0.8702749
0.918588
0.924467
0.9260805
0.9106122
0.9016462
0.9046012
0.9142897
0.9078801
0.9122994
0.9098888
0.9199986
0.9185646
0.9200533
0.9124635
0.9166461
0.922827
0.9268973
0.9275558
0.9163221
0.9225406
0.8947483
0.8918959
0.8908697
0.8921243
0.9020527
0.8971817
0.8967486
0.8909916
0.9004975
0.9129405
0.9299123
0.9181146
0.9112244
0.9022902
0.9257468
0.9087334
0.8851078
0.8872652
0.871361
0.9063443
0.8987034
0.7754858
0.9117045
0.8998053
0.8974369
0.8821178
0.8879997
0.8800183
0.9073295
0.8913658
0.8977384
0.8266672
0.8868349
0.9052758
0.8867025
0.8825123
0.8937882
0.8864696
0.9028996
0.9073654
0.856924
0.8565969
0.9019694
0.8989639
0.9038238
0.920137
0.9279273
0.9010413
0.8968086
0.9108976
0.856385
0.8504619
0.8576772
0.8603638
0.8637181
0.8668627
0.8561898
0.9124528
0.8931179
0.8956305
0.9115328
0.9162666
0.9001637
0.8998145
0.8749623
0.8993702
0.844031
0.8972487
0.8972375
0.8921518
0.8956808
0.8953595
0.8460679
0.8972904
0.8994046
0.8993092
0.9136054
0.9156765
0.9000796
0.8562087
0.9083211
0.9098565
0.9122851
0.9019268
0.8860297
0.893042
0.904698
0.8890626
0.8908735
0.890118
0.9121052
0.9051373
0.9181255
0.8976913
0.9073893
0.9170502
0.9250334
0.9189765
0.9033715
0.9206377
0.8976809
0.8919341
0.8936878
0.8945098
0.9039311
0.9025976
0.9041689
0.9081215
0.9149179
0.9140913
0.927739
0.9119495
0.9050546
0.9055694
0.9178737
0.9075018
0.9026539
0.9061895
0.8870319
0.9102074
0.9053075
0.8807261
0.9183155
0.90506
0.9006777
0.8956477
0.8976586
0.8873113
0.9019933
0.9165438
0.9190213
0.8766769
0.8983237
0.8956808
0.8923929
0.89633
0.8953437
0.8919669
0.9028916
0.9024705
0.8760564
0.8749024
0.8972234
0.8990413
0.9019544
0.9199795
0.92417
0.908753
0.8957144
0.9054217
0.8679917
0.8726867
0.8694318
0.8859309
0.878162
0.8749315
0.8768031
0.9214588
0.9013575
0.9068577
0.9113888
0.9176042
0.9071837
0.9101112
0.7777553
0.914098
0.8818974
0.8976655
0.9094898
0.9091299
0.9113545
0.9085949
0.8767047
0.8988216
0.8979643
0.8994617
0.9202055
0.9142491
0.9177291
0.8857645
0.9211514
0.9247955
0.9257483
0.9057938
0.8945593
0.9026917
0.9085812
0.9099115
0.9073394
0.9065182
0.9166784
0.897551
0.9139873
0.9068972
0.906075
0.9214545
0.9273534
0.9212538
0.9080787
0.9204701
0.8949924
0.8906341
0.8950877
0.8957433
0.9048163
0.9022651
0.9045451
0.9060708
0.9169881
0.9139506
0.9301473
0.9151798
0.9060294
0.9009571
0.9215742
0.9085431
0.9000871
0.9062601
0.8875
0.9105584
0.9069011
0.8821487
0.9163478
0.904725
0.8986084
0.8950382
0.8939277
0.8845316
0.8967496
0.9187634
0.9182987
0.8742138
0.8961819
0.8971261
0.8928783
0.8931131
0.8913572
0.8915891
0.8982869
0.8987459
0.8737326
0.875014
0.8979532
0.8962395
0.8995559
0.9175577
0.923251
0.9086738
0.88948
0.9070142
0.8658073
0.8709834
0.8665874
0.8761252
0.8790609
0.876194
0.873302
0.9193543
0.8977072
0.9044517
0.9112008
0.9157427
0.9099521
0.9108533
0.7680988
0.9132604
0.8811959
0.8986744
0.9104264
0.9089736
0.9119056
0.9085154
0.8750233
0.8986731
0.898173
0.8987966
0.9197784
0.9158905
0.9179819
0.8832794
0.921184
0.9279427
0.9285565
0.9067779
0.8935738
0.8995956
0.909829
0.908016
0.9038907
0.9077305
0.9185743
0.9013386
0.9121405
0.9014332
0.9088167
0.9196751
0.9248241
0.9187018
0.9125369
0.9177898
0.8955738
0.891313
0.8938736
0.8936599
0.9059564
0.904044
0.9040497
0.9024029
0.9153541
0.9126341
0.9243061
0.9130435
0.9067452
0.9045025
0.9178869
0.911206
0.9018955
0.9058359
0.8891244
0.9120623
0.9083102
0.8745638
0.9165694
0.9067918
0.8978105
0.8951872
0.9009546
0.8879542
0.8959724
0.9196659
0.9215914
0.8772311
0.8973426
0.8987447
0.8941754
0.9006448
0.8927745
0.8956304
0.896188
0.8965594
0.8769414
0.8768299
0.9013702
0.9046086
0.8991381
0.9204382
0.9226054
0.9062511
0.8937011
0.9056611
0.8678622
0.8708824
0.8705169
0.8761834
0.8770606
0.8798121
0.8736562
0.9188826
0.8966552
0.907211
0.9125574
0.9159661
0.9079272
0.9091039
0.7817822
0.9149941
0.8801234
0.8998913
0.9099996
0.9060022
0.9123314
0.9087923
0.8784174
0.9000072
0.8996277
0.900607
0.9202212
0.9161918
0.9181998
0.8883078
0.9181303
0.9264619
0.9266664
0.9058696
0.8959591
0.9057041
0.9115025
0.9083768
0.9032678
0.9044308
0.9179136
0.8983459
0.913571
0.9038468
0.910149
0.9188679
0.9242414
0.920854
0.9108735
0.9201818
0.8948088
0.8904075
0.8899159
0.8918479
0.8983458
0.9011766
0.9020209
0.9001741
0.9068493
0.9098951
0.9263346
0.9155015
0.9071449
0.8979755
0.9178325
0.9081691
0.8960959
0.9015742
0.8884128
0.9108416
0.9048795
0.8765052
0.9118882
0.9041724
0.8997287
0.8940733
0.8956938
0.885177
0.8960029
0.9115889
0.9149014
0.8683523
0.8959938
0.8995764
0.8920741
0.8943542
0.8955229
0.8929604
0.9000517
0.8977796
0.8663303
0.867817
0.8948695
0.8935485
0.8974609
0.9177922
0.9241464
0.903342
0.8895366
0.9019233
0.8637958
0.8636671
0.8647934
0.8741837
0.8741724
0.8703009
0.8688835
0.9151031
0.8993331
0.9034001
0.9098513
0.9171398
0.9053875
0.9050029
0.7578817
0.9105555
0.8763256
0.8973278
0.9025163
0.9002781
0.9037277
0.8985241
0.8757949
0.8964879
0.8956661
0.8951674
0.9160411
0.9105382
0.9109579
0.8823096
0.9142493
0.9233081
0.9240785
0.9025783
0.8894731
0.8938484
0.906361
0.9010147
0.89984
0.9015012
0.9119372
0.8977352
0.9111429
0.9062791
0.9103166
0.9191187
0.9232594
0.920349
0.909761
0.9203218
0.8949486
0.8958997
0.8925593
0.8976412
0.9042917
0.9040557
0.9035159
0.9030487
0.91226
0.9112938
0.9283794
0.9141818
0.9044343
0.9030894
0.9215354
0.909525
0.8978791
0.9034848
0.8856703
0.9124607
0.9022974
0.8745261
0.9153563
0.9014246
0.9050275
0.8932373
0.8935175
0.8877127
0.8977026
0.9096077
0.9109111
0.8679374
0.8945894
0.8958787
0.8930406
0.8953938
0.8957455
0.8922462
0.9004315
0.9027209
0.8760254
0.8771689
0.9042022
0.9041051
0.9027109
0.9180823
0.9211429
0.9084953
0.8965505
0.9115698
0.8709677
0.872399
0.8719388
0.8733961
0.8744261
0.877364
0.8753644
0.9199675
0.8974099
0.9047106
0.9107869
0.9161345
0.9044527
0.9082592
0.7746873
0.9120319
0.8736822
0.9006987
0.9106741
0.9078566
0.9081757
0.9064625
0.8783814
0.8998987
0.899718
0.9019275
0.9173379
0.9132252
0.9133114
0.8804936
0.9188305
0.9245704
0.9254875
0.9024356
0.8929411
0.8966146
0.9085968
0.9033866
0.902127
0.9033759
0.9150563
0.9025251
0.914242
0.9056604
0.9103574
0.9170639
0.9221191
0.9209075
0.9117762
0.9209961
0.9022651
0.8991223
0.902602
0.9021181
0.9103941
0.9067378
0.9084799
0.8756875
0.8686487
0.8600806
0.8833113
0.856076
0.9233448
0.8748177
0.8883831
0.8696923
0.900759
0.8781752
0.9192499
0.8781906
0.8712286
0.9150504
0.8810842
0.8994167
0.9167685
0.9058143
0.907963
0.9011919
0.9074944
0.9172591
0.9157255
0.9085106
0.9071359
0.9044482
0.9080184
0.910831
0.9095892
0.9053874
0.913486
0.9157249
0.9086538
0.9098297
0.9036059
0.9025712
0.9092827
0.8893744
0.8964981
0.8754989
0.9043027
0.9200242
0.9077097
0.9128685
0.9096529
0.9147777
0.9136758
0.9142113
0.914509
0.8733998
0.913686
0.8785246
0.8480811
0.8542966
0.8803262
0.882844
0.9101922
0.8935472
0.9066148
0.9021519
0.8830645
0.8747867
0.8855909
0.8771194
0.9078905
0.9026122
0.9033676
0.9009384
0.8702213
0.8738801
0.8918381
0.9205312
0.8883708
0.8969921
0.8961245
0.9004451
0.891167
0.875914
0.8803869
0.8991739
0.874054
0.876427
0.8622453
0.9026197
0.8730476
0.9037371
0.8813124
0.8914939
0.8813493
0.883745
0.8766768
0.8938393
0.9034806
0.8993571
0.9005875
0.9012778
0.9073872
0.9033741
0.9048857
0.8758055
0.8656788
0.8615855
0.8751269
0.8526802
0.9198019
0.873362
0.8867196
0.8704744
0.8966162
0.8760539
0.9179843
0.8796944
0.8671521
0.9097512
0.8753768
0.8953681
0.9191275
0.9075069
0.9062399
0.8997146
0.9032914
0.9119598
0.9129836
0.9075752
0.9075715
0.9031085
0.9058165
0.9074408
0.9040357
0.9023222
0.914188
0.9118094
0.8990464
0.8996399
0.9034325
0.9035713
0.9053886
0.8905216
0.8958702
0.8698856
0.9033943
0.9206355
0.9070567
0.9044247
0.908821
0.9067483
0.9149301
0.906228
0.9114447
0.8713247
0.9119368
0.8776357
0.8541257
0.8550247
0.8824126
0.8819867
0.9100943
0.8942297
0.909003
0.9016564
0.8781038
0.8745299
0.8864836
0.8745447
0.9053189
0.9005898
0.9016276
0.9014965
0.8680817
0.8749771
0.8904903
0.9161493
0.8880736
0.8985768
0.8990295
0.8965853
0.89038
0.8735497
0.8754282
0.8996499
0.8734187
0.8765486
0.8600331
0.9040963
0.8724104
0.9032944
0.8794215
0.8882164
0.8814536
0.8776919
0.8669007
0.8902028
0.9066077
0.8983511
0.9050384
0.908427
0.9128096
0.9122561
0.9125575
0.8836534
0.8693366
0.8439925
0.8715863
0.8468934
0.9238242
0.8679433
0.8796098
0.8629658
0.9003471
0.8779059
0.9172472
0.8807076
0.8699439
0.9106105
0.867711
0.8968085
0.9218671
0.91057
0.9083635
0.9059242
0.9076563
0.9114772
0.9139995
0.9121636
0.9053694
0.9028055
0.9110848
0.9103428
0.9139115
0.9090124
0.9212773
0.9183732
0.9120875
0.9115513
0.9083179
0.9079932
0.9091808
0.8865238
0.892549
0.8653804
0.9018054
0.9243748
0.9110696
0.9144728
0.91151
0.9106618
0.9143137
0.9150753
0.9127065
0.8671718
0.9145084
0.8845403
0.8518326
0.8517556
0.8837058
0.8876982
0.9145445
0.8940949
0.9093541
0.9098064
0.8726702
0.8763877
0.8890849
0.872221
0.912008
0.906341
0.9058895
0.9071203
0.8576477
0.8651685
0.89226
0.918538
0.892697
0.895946
0.8964007
0.8984039
0.8939969
0.8731928
0.8812627
0.9022759
0.8809133
0.8778701
0.7752348
0.9030022
0.8660161
0.901088
0.8806089
0.8873791
0.8738888
0.8748599
0.858215
0.893005
0.8388374
0.8295629
0.8353833
0.8362226
0.8518891
0.8464168
0.9073864
0.8980723
0.9160784
0.9050104
0.9167783
0.9023117
0.9090942
0.900622
0.9098823
0.908776
0.9156915
0.9074824
0.9164352
0.9060257
0.9087739
0.9106903
0.9185062
0.9096377
0.9055011
0.9004656
0.8990705
0.8838499
0.8524393
0.92976
0.9295836
0.9075039
0.8952847
0.850315
0.8884524
0.8965733
0.9014561
0.8899552
0.9049034
0.9001589
0.9058354
0.9073185
0.8426272
0.8382894
0.8419158
0.919203
0.9191118
0.9077771
0.8341218
0.9148635
0.9049037
0.9111661
0.9051693
0.9139685
0.9147394
0.9109429
0.9132339
0.9190974
0.9142741
0.9048576
0.9097586
0.9109774
0.9007801
0.9051573
0.9025675
0.9170975
0.9138167
0.8303331
0.9029144
0.9025416
0.9092144
0.8996872
0.9135842
0.8304154
0.8312819
0.8315434
0.9196353
0.9044091
0.9192136
0.9246263
0.916517
0.922433
0.9237654
0.9103872
0.9051739
0.9013385
0.9038841
0.9219397
0.8988132
0.9045118
0.9133421
0.8336101
0.9031934
0.9110117
0.9052495
0.9206266
0.9154752
0.9086653
0.9051577
0.9189865
0.9035724
0.9030497
0.9011277
0.9023694
0.9112604
0.9079083
0.907931
0.9058083
0.905312
0.9216562
0.9287432
0.9172436
0.9150792
0.9067151
0.9243464
0.9103193
0.8967669
0.9026539
0.8872483
0.9078145
0.8996593
0.8771864
0.9134884
0.9076386
0.908563
0.895413
0.8983125
0.8945904
0.9076669
0.8996782
0.9051937
0.8678747
0.898453
0.9077557
0.8973285
0.8940241
0.8997813
0.8948378
0.9084299
0.912934
0.8692152
0.8709353
0.9132209
0.9121593
0.912776
0.9220793
0.9231006
0.9058638
0.9036434
0.9125794
0.869145
0.8683347
0.8699538
0.8706074
0.8680038
0.8753605
0.869628
0.9204682
0.8992306
0.907253
0.9143273
0.9175272
0.9085525
0.9095314
0.8245791
0.9093372
0.8715466
0.9085886
0.9065685
0.9040835
0.9085157
0.9088317
0.8729651
0.9072394
0.9067833
0.9093544
0.9197861
0.9167585
0.9068767
0.8738256
0.9170126
0.9166141
0.9169382
0.9062174
0.8976991
0.8974676
0.9125827
0.8962505
0.9050969
0.9001264
0.914841
0.9143134
0.9155674
0.9021292
0.9118204
0.9169991
0.9277576
0.9211006
0.9075385
0.9173839
0.9043528
0.9031309
0.9009755
0.90206
0.9117886
0.9089104
0.9032041
0.9056102
0.904957
0.9214419
0.9271029
0.9197906
0.9132479
0.9052189
0.9248086
0.9141744
0.8963793
0.9009997
0.8845478
0.9100095
0.9030842
0.8782761
0.9161964
0.906351
0.907916
0.8985449
0.8986445
0.8924727
0.9099643
0.9017378
0.9064407
0.8754352
0.900716
0.908688
0.8992382
0.8963924
0.8997089
0.8968432
0.9096574
0.9121284
0.8693133
0.8688824
0.9107162
0.9085127
0.9162656
0.921981
0.9241024
0.9090617
0.9045472
0.9137488
0.870745
0.8661967
0.8714643
0.8749123
0.871633
0.8764704
0.8714344
0.9197605
0.8996496
0.9072883
0.9132733
0.9204437
0.9085468
0.9068407
0.8226076
0.9082033
0.8745812
0.9106121
0.9086698
0.9030627
0.9090942
0.9060225
0.8736417
0.9053153
0.9060754
0.9068085
0.9198398
0.9189275
0.9083076
0.8736655
0.9137895
0.9156479
0.9158204
0.907127
0.8986439
0.898759
0.9107918
0.8990355
0.9030419
0.900173
0.916699
0.9138315
0.9173913
0.9036218
0.9151741
0.9204514
0.9300183
0.9233751
0.9119021
0.9200661
0.913275
0.9098131
0.9107218
0.9130375
0.9167414
0.9147043
0.9146892
0.895559
0.8795002
0.8857448
0.8888771
0.8780338
0.9241659
0.8861205
0.9006099
0.8828203
0.9000674
0.8950731
0.9181065
0.8947405
0.8878465
0.9150593
0.8865367
0.9013463
0.924608
0.9093823
0.9099105
0.9127901
0.9176995
0.9116421
0.9103523
0.9115063
0.9085893
0.9158563
0.9171411
0.9162515
0.9119008
0.9120691
0.9216893
0.9220756
0.9154583
0.9128216
0.915882
0.9133626
0.9170862
0.8971671
0.901812
0.8873335
0.9094279
0.9288243
0.916081
0.9154787
0.9166551
0.9175499
0.917597
0.9157608
0.9155788
0.8882363
0.9152304
0.8955933
0.8796093
0.8846058
0.8980824
0.9011581
0.9222222
0.9027778
0.9102296
0.9151257
0.8916643
0.8872379
0.9014462
0.8900302
0.9082086
0.9135798
0.9130967
0.9140761
0.8862691
0.8886506
0.8987849
0.9137521
0.9038925
0.9089336
0.9093331
0.9067609
0.8979245
0.8869086
0.89916
0.8976175
0.8928495
0.8926268
0.8826383
0.9171496
0.8883108
0.9033083
0.8962016
0.8964372
0.8986326
0.8943439
0.8789104
0.9077428
0.9027187
0.902116
0.9050362
0.9008294
0.9136646
0.9122028
0.9076816
0.887842
0.8850762
0.8783203
0.8967607
0.8730477
0.9171024
0.8819023
0.8953679
0.8778527
0.9016873
0.8918376
0.9192344
0.8934185
0.8830889
0.9108319
0.8892345
0.8987976
0.9208667
0.9102449
0.9117458
0.9050867
0.9055961
0.9119795
0.9142548
0.9102357
0.9083898
0.9066152
0.9084902
0.9090029
0.9063562
0.9058175
0.9134198
0.9117116
0.9116464
0.9108798
0.9028159
0.9020127
0.9036473
0.8976136
0.8982313
0.8632856
0.900444
0.9194715
0.9080573
0.9121478
0.9088123
0.9124175
0.9117482
0.9139972
0.9131489
0.8867227
0.9122737
0.8897027
0.8731903
0.8806342
0.8889885
0.8925381
0.9075924
0.9014469
0.9124093
0.9111441
0.8864715
0.8830137
0.8919394
0.8873376
0.9117616
0.9066851
0.9070475
0.9074625
0.8845795
0.8798635
0.8963659
0.9185492
0.8955425
0.9063013
0.9064007
0.8975354
0.9003802
0.8835001
0.8868155
0.9004637
0.8839633
0.889393
0.8736144
0.9004419
0.8854737
0.9003151
0.8894326
0.9005649
0.8931497
0.8831392
0.8760483
0.9008948
0.9128175
0.906887
0.9087768
0.906384
0.912038
0.914107
0.9176308
0.8957982
0.8926322
0.8942863
0.9031678
0.8873138
0.9171117
0.8927762
0.9035393
0.8941052
0.9087328
0.9042886
0.9232894
0.9017873
0.8979331
0.9170438
0.9041952
0.906468
0.9160925
0.9144942
0.9115933
0.9080172
0.9095412
0.9197255
0.9228619
0.9180486
0.9126064
0.9079288
0.9058141
0.9117363
0.9114208
0.9077056
0.9158416
0.9114395
0.9132368
0.9144336
0.9065204
0.9086446
0.9092096
0.9087523
0.9082996
0.8898631
0.9058807
0.9220206
0.9097134
0.918399
0.9114988
0.9188003
0.9192134
0.9179633
0.9147957
0.8991612
0.9174109
0.901213
0.8905622
0.895458
0.8992813
0.901207
0.9136443
0.9087222
0.9193417
0.9077065
0.8977941
0.8975732
0.9027077
0.8964325
0.917449
0.9087337
0.9104815
0.9087755
0.8967955
0.8956005
0.9080181
0.9241519
0.9059667
0.9120084
0.9127865
0.9100796
0.9010609
0.8977632
0.8988
0.9186281
0.8958933
0.9006637
0.8930824
0.9076225
0.8949625
0.9077757
0.9046012
0.9050168
0.905283
0.8973115
0.8934298
0.9063458
0.9143802
0.9098702
0.9116665
0.9102272
0.917567
0.9133201
0.9140297
0.8071365
0.8888167
0.8918185
0.8999257
0.8916541
0.9161687
0.8894021
0.8970656
0.8913406
0.8970103
0.7973205
0.917583
0.8729344
0.8614177
0.9053962
0.8970479
0.9003725
0.9225504
0.9043221
0.9063297
0.9047792
0.9138168
0.9041852
0.9075252
0.9096232
0.9084416
0.9119856
0.9087774
0.9096416
0.9149503
0.9079554
0.9243357
0.923272
0.9063652
0.9053301
0.9125341
0.9152147
0.9143509
0.9040104
0.9083499
0.8891285
0.9097509
0.9234812
0.9124881
0.9100781
0.9116634
0.9156105
0.91628
0.9150714
0.9148436
0.8914607
0.9116145
0.8185189
0.8885538
0.8926746
0.7623941
0.7710227
0.9147336
0.8480688
0.9124244
0.9126965
0.8211429
0.8150903
0.8267639
0.8139882
0.9097659
0.9092485
0.9121452
0.9115229
0.8898378
0.8955021
0.879758
0.9116151
0.8253705
0.8369654
0.8402847
0.9044566
0.8977328
0.8664942
0.846303
0.8986489
0.8031714
0.799891
0.8909707
0.9151148
0.8942328
0.9042812
0.8971755
0.9078195
0.8979032
0.8980328
0.8899328
0.9050104
0.9063077
0.9012817
0.9004639
0.9053486
0.9093068
0.9063646
0.9096013
0.8584945
0.8723475
0.8930765
0.8991365
0.8933992
0.9171793
0.8889417
0.8995317
0.8893566
0.8798112
0.8603408
0.9041204
0.8627581
0.8463449
0.8988006
0.8901437
0.8866624
0.9151588
0.8978534
0.8980362
0.8922911
0.9117384
0.8901688
0.8915487
0.8956852
0.8984189
0.909761
0.9002457
0.8968709
0.9039852
0.8989045
0.9184088
0.9150899
0.8994275
0.8997054
0.9127692
0.9156769
0.9120171
0.9044776
0.9096229
0.8915317
0.9027079
0.9229247
0.9018458
0.8969267
0.9010926
0.9023853
0.9018218
0.9063555
0.9019897
0.8886549
0.9026417
0.8661391
0.8824755
0.8908952
0.8655088
0.8652419
0.9128886
0.8773089
0.8986454
0.907621
0.8608916
0.8524646
0.8690414
0.856438
0.8965517
0.9064273
0.9067556
0.9054481
0.8893072
0.8965255
0.867146
0.8963253
0.8753016
0.8814412
0.8821593
0.8978976
0.885267
0.8056322
0.8683801
0.8802449
0.8636823
0.8601011
0.8873985
0.9175598
0.8931184
0.8911793
0.8892981
0.9025299
0.9039674
0.9014321
0.8857745
0.9027619
0.8974414
0.8916515
0.892164
0.8929163
0.901972
0.901141
0.907226
0.8785298
0.8634954
0.8568551
0.8834042
0.8599148
0.9183442
0.8677911
0.8803253
0.8675565
0.8939058
0.884306
0.9118951
0.8808996
0.8770954
0.9056831
0.8793059
0.8868595
0.9159244
0.9009451
0.903
0.8953575
0.8945803
0.9117625
0.9117227
0.9033426
0.9001757
0.8943169
0.9006705
0.9055717
0.8976007
0.8984415
0.9084996
0.9062156
0.9030078
0.9031954
0.8973809
0.8944222
0.8971973
0.8865736
0.8947978
0.8716983
0.8935138
0.9116215
0.9023005
0.9092804
0.9052424
0.9111238
0.9095269
0.9080403
0.90708
0.8747152
0.9110159
0.8863197
0.8590399
0.8611245
0.8836046
0.8871554
0.9045911
0.8986066
0.9055769
0.8976626
0.8831951
0.8805308
0.8900927
0.8770405
0.9024867
0.8982211
0.897802
0.8969087
0.8699157
0.8680212
0.8922123
0.9123584
0.8905788
0.8990845
0.8989136
0.8935728
0.8876862
0.870157
0.8816665
0.8959164
0.8784228
0.8789016
0.8642601
0.8918879
0.8765523
0.893805
0.8721877
0.8911065
0.8844366
0.8821008
0.867225
0.8904436
0.9136356
0.9079346
0.9106535
0.9082293
0.9159527
0.9138249
0.9164795
0.7562027
0.8933257
0.8905136
0.901025
0.8935159
0.9161731
0.8880084
0.9037136
0.8940404
0.8968365
0.7591346
0.9184166
0.874937
0.8693632
0.9103608
0.8948396
0.9020649
0.9202979
0.9079372
0.9089416
0.9042634
0.9135993
0.9076743
0.9113028
0.9118299
0.9098349
0.9097026
0.9064542
0.9109501
0.9139587
0.9040124
0.921945
0.9197928
0.9109059
0.9117626
0.9170211
0.9154513
0.9117719
0.9061828
0.9094941
0.8958615
0.9117245
0.9225864
0.9134184
0.9147085
0.9142687
0.9142064
0.9181654
0.9191675
0.9172402
0.8984547
0.9164796
0.7688764
0.8878461
0.8951917
0.8046893
0.8121534
0.918757
0.7747524
0.9110487
0.9086379
0.8177282
0.8130648
0.7688518
0.8191906
0.9127164
0.9100423
0.9125057
0.9126125
0.8935876
0.8991067
0.8853958
0.9170872
0.1394712
0.7831316
0.7861565
0.9067869
0.900515
0.8660276
0.8411009
0.9045697
0.7492998
0.7506869
0.8928242
0.9137778
0.8952876
0.9087755
0.8959389
0.9043815
0.9069719
0.9058494
0.8897004
0.9097242
0.9091964
0.909816
0.9127735
0.9068676
0.9184948
0.917882
0.9172467
0.8952151
0.8842021
0.8851488
0.8859261
0.8766687
0.9240884
0.8790396
0.7946278
0.8859118
0.9064643
0.8953593
0.9257209
0.8908317
0.8903175
0.9215882
0.8933343
0.9037688
0.9263872
0.9221386
0.9161124
0.9142878
0.9095754
0.9224389
0.9234202
0.9195522
0.9179032
0.9080725
0.9214518
0.9227402
0.9135251
0.9156579
0.9227354
0.9184696
0.9204997
0.9213245
0.9063853
0.9091039
0.9120557
0.8984619
0.9027773
0.8900516
0.9076459
0.9239165
0.9167371
0.9181651
0.9166696
0.9230526
0.9247383
0.9180705
0.9216257
0.8876344
0.9213357
0.8956875
0.8740086
0.8788375
0.8968666
0.8995572
0.9150513
0.9028455
0.9208761
0.9114585
0.8902703
0.8887925
0.9020462
0.8869675
0.9227106
0.9117824
0.9121409
0.9119399
0.8863636
0.8806302
0.9021986
0.9238329
0.9006313
0.9047016
0.9044167
0.9018294
0.9010199
0.8943917
0.8913333
0.9090061
0.892949
0.892843
0.8828481
0.905488
0.8860998
0.9156605
0.8914009
0.9004728
0.8957212
0.8949733
0.8851756
0.9022484
0.7260496
0.7534033
0.755017
0.7513659
0.8430129
0.8367494
0.903866
0.8929015
0.9117732
0.9019107
0.9206192
0.9066619
0.9078668
0.9006971
0.9141542
0.9039421
0.9065029
0.8943442
0.9119822
0.9040881
0.9041435
0.9001103
0.9160397
0.9043037
0.9019797
0.8874362
0.8886869
0.868399
0.8294236
0.9205208
0.9217331
0.8972777
0.8873266
0.82889
0.8790108
0.8855366
0.8909554
0.8843018
0.8965863
0.8947388
0.8998463
0.9019672
0.8236279
0.827183
0.8329116
0.9158047
0.9152173
0.9005351
0.8102181
0.9056777
0.8953678
0.9053261
0.8977347
0.9016964
0.9074206
0.9042872
0.9050998
0.9142776
0.9045556
0.8942353
0.9074047
0.909182
0.8969938
0.9014999
0.8937773
0.9128681
0.9070309
0.8048617
0.9008593
0.9005207
0.904882
0.8950116
0.9070239
0.7950755
0.7966861
0.797376
0.914874
0.9059999
0.9207687
0.9174584
0.9102965
0.924021
0.9247913
0.8990709
0.8953969
0.8941677
0.9032212
0.9122712
0.8942881
0.8955055
0.9093568
0.8299105
0.9074499
0.9066438
0.9061711
0.9163736
0.9153002
0.911561
0.9034827
0.9150243
0.8227104
0.8184787
0.8197035
0.8208671
0.8500445
0.8427765
0.899756
0.8877232
0.9052248
0.901228
0.9189218
0.9069784
0.9015249
0.8984788
0.9142656
0.9057135
0.8977322
0.8926204
0.9073124
0.8992229
0.8970195
0.8944869
0.9091262
0.9008401
0.896614
0.8798369
0.8833389
0.8648914
0.8409366
0.914269
0.9161323
0.890346
0.882963
0.839932
0.8750512
0.8811398
0.8891609
0.8739229
0.8951717
0.8948047
0.8949758
0.8950649
0.8383739
0.8340331
0.8450171
0.9133377
0.9176447
0.9002181
0.8178153
0.9044628
0.8896831
0.898046
0.8916187
0.8991165
0.9016731
0.9006698
0.9014467
0.9113982
0.9010586
0.8949808
0.901793
0.9080765
0.8972294
0.9012121
0.8934918
0.9067457
0.8986379
0.8219847
0.8968766
0.8941938
0.8987895
0.8903005
0.8981131
0.8153995
0.8167457
0.8183253
0.911922
0.9028845
0.9098208
0.9108025
0.910873
0.9186729
0.9194808
0.899927
0.8895067
0.8868179
0.902758
0.9008527
0.8893773
0.8910898
0.9090236
0.8415924
0.9026971
0.8994051
0.9008164
0.9122605
0.9161133
0.9059401
0.9022789
0.9129884
0.9030573
0.9011632
0.8993722
0.9042286
0.9090047
0.9074368
0.9089158
0.8836414
0.8662404
0.8540446
0.8782023
0.8526877
0.9208401
0.8715185
0.8844943
0.8628647
0.8909466
0.8853189
0.9141321
0.8821794
0.8773629
0.9035643
0.8672061
0.8939802
0.9191413
0.9047447
0.9038746
0.9005195
0.9083191
0.9036038
0.9116108
0.9078173
0.9024337
0.9027584
0.9087008
0.908469
0.9094946
0.9001674
0.9201907
0.9206555
0.9033269
0.9029604
0.9048079
0.9060443
0.9084151
0.8789127
0.8897316
0.8625185
0.9028504
0.9250285
0.9037941
0.905916
0.9049546
0.9083473
0.9124249
0.9097641
0.9070873
0.8669553
0.9110688
0.8841667
0.859008
0.8524797
0.8849449
0.8836318
0.9120071
0.8959273
0.907992
0.9066287
0.8747309
0.8733585
0.8884035
0.8773499
0.9052443
0.9068469
0.9069776
0.9073166
0.8613982
0.870867
0.8925841
0.9119356
0.8951489
0.9046146
0.9052151
0.9001458
0.8888024
0.8719917
0.8852898
0.8967403
0.8799532
0.8811553
0.8376248
0.9090811
0.8726375
0.8994344
0.8854605
0.89054
0.8789098
0.8748278
0.8615023
0.8924993
0.8914133
0.8843069
0.8888606
0.8908808
0.8979013
0.8945072
0.9023218
0.8956006
0.9082503
0.9085945
0.9222714
0.9113679
0.9111621
0.898126
0.9195366
0.9032958
0.8947599
0.9008882
0.8702994
0.91067
0.8993132
0.8625218
0.9127593
0.9017656
0.9050857
0.893289
0.8932429
0.8844638
0.895473
0.9114088
0.9139265
0.8534856
0.8966355
0.8960912
0.8893548
0.8897612
0.8928348
0.8866463
0.9027138
0.9037092
0.8356265
0.8387928
0.8942564
0.8928127
0.8943744
0.919664
0.9206496
0.8995269
0.8904209
0.9089282
0.8473441
0.8520021
0.8502656
0.8586143
0.8563534
0.8594069
0.849932
0.9166992
0.8970511
0.9009344
0.9083527
0.9095779
0.900562
0.9054209
0.8660325
0.9052624
0.87385
0.8932974
0.9019509
0.9023274
0.9036357
0.899427
0.8477946
0.8954768
0.8973392
0.8954004
0.9121324
0.9064849
0.9113659
0.8654838
0.9135003
0.9226819
0.9223243
0.899252
0.8901433
0.8966675
0.9076389
0.9024044
0.8970642
0.8957811
0.9137711
0.8964747
0.9079291
0.9032466
0.9091659
0.9167836
0.9161696
0.917815
0.9076841
0.9151341
0.9055113
0.9065595
0.9075604
0.9079343
0.9162567
0.9098467
0.9158837
0.8731224
0.8729256
0.8735212
0.8810778
0.8723977
0.9190152
0.8783897
0.8788721
0.878646
0.8977626
0.8731734
0.920155
0.873276
0.8621445
0.9143995
0.8836593
0.8955022
0.9231867
0.9123502
0.911592
0.9041587
0.9069308
0.9148241
0.9143648
0.9120703
0.9091429
0.905319
0.9111913
0.9125093
0.9085928
0.9074081
0.9181783
0.9154571
0.9116865
0.9120778
0.9088239
0.9089654
0.9109397
0.897962
0.8992224
0.8897198
0.9007539
0.9232701
0.9117853
0.912186
0.911231
0.9129518
0.9149676
0.9160229
0.9153117
0.8832083
0.9159731
0.879753
0.8663724
0.8740902
0.8752308
0.8805992
0.917577
0.8934231
0.9110567
0.9093027
0.8700302
0.8663354
0.8812135
0.8619731
0.9122237
0.9045749
0.9040476
0.9032589
0.877645
0.8798886
0.8846305
0.9163689
0.8851214
0.8905891
0.8906946
0.8999379
0.8956558
0.8671205
0.8702168
0.9003834
0.8755105
0.8759535
0.8775503
0.9052628
0.8825138
0.904797
0.8832991
0.899755
0.8920795
0.8958929
0.8834079
0.900388
0.9060967
0.9030219
0.9049822
0.9057238
0.9078469
0.9061914
0.9104425
0.8841764
0.874954
0.8658572
0.8808731
0.8582012
0.9255233
0.8729457
0.8939737
0.8753304
0.8973712
0.8830167
0.9172914
0.8883985
0.8832024
0.9173743
0.8747265
0.8975606
0.9221693
0.9117202
0.9102887
0.9025453
0.9094403
0.9143696
0.9150536
0.9129275
0.9070163
0.9049711
0.9100365
0.9070432
0.9111741
0.9117721
0.9196361
0.9176033
0.9076065
0.9084457
0.9023119
0.9046183
0.9055737
0.8806444
0.8915013
0.8846447
0.902007
0.9235332
0.9121626
0.9126857
0.9122565
0.9213828
0.9152965
0.9137006
0.9147259
0.8729276
0.9148975
0.8905426
0.8562718
0.8654675
0.8905839
0.8931127
0.9088495
0.9006218
0.9100244
0.9095802
0.8827248
0.8770018
0.8935097
0.8778292
0.9126854
0.9065644
0.9073579
0.907581
0.8672732
0.8774539
0.9000213
0.9175947
0.8962493
0.9059101
0.9046226
0.8995054
0.8947833
0.8828812
0.8894066
0.9046194
0.8875811
0.8818892
0.8657215
0.905069
0.8765252
0.9056115
0.8897903
0.8977937
0.8867594
0.8908557
0.8775443
0.8951061
0.9031594
0.9028698
0.8998099
0.9054649
0.9063574
0.9020349
0.9016237
0.908206
0.9000721
0.9197652
0.9269753
0.917183
0.9181361
0.9023144
0.9210489
0.9069316
0.8905789
0.8976511
0.8733486
0.9123944
0.9023155
0.8572187
0.9104752
0.8979162
0.9089644
0.8927691
0.8960459
0.8940998
0.9105526
0.8920158
0.8929567
0.8570234
0.8979592
0.9125378
0.8974829
0.8973036
0.8995274
0.8982405
0.909703
0.9106231
0.8516665
0.8548637
0.9098234
0.9090289
0.9080808
0.9202441
0.9240174
0.904503
0.9032662
0.9191047
0.8556535
0.8553859
0.8568448
0.8595344
0.8568989
0.860731
0.8489211
0.9172015
0.8985615
0.9062433
0.9104181
0.9188389
0.9111498
0.9100337
0.8754405
0.9090262
0.8655223
0.9073391
0.9032904
0.899292
0.8992557
0.9037672
0.8478763
0.9034411
0.9046749
0.9045844
0.9158391
0.9141588
0.9044353
0.8573621
0.9170672
0.9163287
0.9171062
0.9037893
0.8920588
0.8977401
0.9058987
0.8922497
0.904083
0.8991999
0.9106025
0.9094933
0.9140135
0.8985715
0.910494
0.9147433
0.920662
0.9212945
0.908743
0.9179325
0.9016073
0.9025632
0.8991458
0.9056677
0.9057072
0.8990599
0.9007737
0.907355
0.8991263
0.9193979
0.925306
0.9171566
0.9164213
0.900858
0.9190448
0.906091
0.8900987
0.898967
0.8720574
0.9119834
0.9010683
0.8549975
0.9076994
0.89576
0.9068512
0.8936702
0.8959309
0.8924241
0.9116882
0.8928115
0.8933323
0.8540555
0.8978449
0.910727
0.8972065
0.8977136
0.8976909
0.896102
0.9070871
0.9119834
0.8499582
0.8519989
0.9088562
0.9079807
0.9075454
0.919335
0.9220478
0.9043547
0.9053113
0.9185335
0.8551771
0.8493192
0.8556024
0.8602966
0.8549797
0.8596329
0.8496919
0.916449
0.897829
0.9066819
0.9088386
0.9152201
0.9104637
0.9091523
0.8748979
0.9079482
0.8636449
0.9040894
0.9024347
0.8985069
0.8977563
0.9038146
0.8445399
0.9027798
0.9042515
0.905064
0.9157743
0.9127789
0.901554
0.8543974
0.9162804
0.916416
0.9164744
0.9041024
0.892496
0.8952613
0.9058685
0.8879421
0.9040519
0.8994846
0.9077911
0.9103662
0.9122521
0.8976703
0.9098823
0.9153615
0.9202616
0.9200238
0.9077458
0.9205642
0.903172
0.9026069
0.8991096
0.9051289
0.9072238
0.9028683
0.9007775
0.9079089
0.9009951
0.9193696
0.9268522
0.916321
0.9185408
0.9028008
0.9209201
0.9069078
0.8911089
0.8989306
0.8737172
0.9118756
0.9032281
0.8573326
0.9107624
0.8980482
0.9094207
0.8928164
0.8961757
0.8938204
0.9090519
0.8912716
0.8934161
0.8580059
0.8983721
0.9118202
0.8985422
0.8978375
0.8985365
0.8966721
0.9097994
0.9103622
0.8516903
0.8551485
0.9102697
0.9088494
0.9077071
0.9204135
0.9236014
0.9058479
0.9039459
0.9195162
0.8574735
0.8540748
0.8588708
0.8613081
0.8581555
0.8602968
0.8482933
0.9179097
0.8996386
0.906961
0.9107834
0.9187084
0.9113218
0.9105538
0.876312
0.9088482
0.8650008
0.9073543
0.9029498
0.8993815
0.8995828
0.9025647
0.8471985
0.9033358
0.90461
0.9052654
0.9160502
0.9151037
0.9043317
0.8559322
0.9160606
0.9160455
0.9167104
0.9047934
0.8911197
0.8963073
0.9066548
0.8913633
0.9033061
0.9000432
0.9101565
0.9109609
0.9148785
0.8989364
0.9100835
0.9147246
0.9205344
0.9210913
0.9097254
0.9185625
0.9023724
0.9030182
0.9020077
0.9030815
0.9087734
0.9065788
0.9041381
0.9066256
0.8993552
0.9191969
0.9253576
0.916422
0.9208095
0.9022673
0.9218426
0.9057981
0.8932454
0.9033701
0.8739323
0.9138585
0.9018776
0.8616046
0.9104536
0.8973063
0.9143834
0.8949298
0.8981816
0.8998383
0.9108795
0.895341
0.8984828
0.8555366
0.8995662
0.9096864
0.9017015
0.9020364
0.8971636
0.898119
0.9136683
0.9174597
0.8559523
0.8560199
0.9087884
0.9103752
0.9084124
0.9183291
0.9205607
0.9074951
0.9070819
0.9203473
0.8614637
0.8521029
0.864815
0.8661598
0.8598048
0.8633508
0.8581798
0.9201713
0.9047936
0.9073975
0.9110142
0.9185748
0.9100067
0.9138254
0.8764797
0.9088908
0.8675306
0.906619
0.9059372
0.9016933
0.9030724
0.9052789
0.8551994
0.9052745
0.9072422
0.9070755
0.9174067
0.9120469
0.9026722
0.8636347
0.918171
0.9173176
0.9179791
0.90659
0.8934017
0.9003287
0.9109283
0.8933912
0.9054098
0.9035367
0.9119255
0.9108815
0.9144079
0.8988459
0.9093079
0.9125507
0.923463
0.9183109
0.9071391
0.9152709
0.900791
0.898271
0.8992739
0.898526
0.9092798
0.9050386
0.9062335
0.8794492
0.8615287
0.8350149
0.8832304
0.8605498
0.9152242
0.8684571
0.8859296
0.8696143
0.8893731
0.8793179
0.9137668
0.8867328
0.8750319
0.9045496
0.8766246
0.8901295
0.9156836
0.9055735
0.9008823
0.8966571
0.9029707
0.9056234
0.9089614
0.9038517
0.9015446
0.9028265
0.9027556
0.9020121
0.902566
0.9021122
0.9078254
0.907984
0.9038718
0.9047653
0.9028746
0.8994913
0.9089619
0.8851366
0.8930618
0.8777717
0.8973715
0.9207265
0.903982
0.9053647
0.9053395
0.9074557
0.9062766
0.9129092
0.9066605
0.8675957
0.9046845
0.8820746
0.8588331
0.8703119
0.8825367
0.8844997
0.9095636
0.8952244
0.9025483
0.9038083
0.8792362
0.8778358
0.8867015
0.8755067
0.9052012
0.9039548
0.9061207
0.9043108
0.8647894
0.8761915
0.8901213
0.9062757
0.8926681
0.9019781
0.9027386
0.8974422
0.8904872
0.8763871
0.8866442
0.8992318
0.8787278
0.8765722
0.8581885
0.9046452
0.8766208
0.8959496
0.8861721
0.8902991
0.8876067
0.8809644
0.8682619
0.8893127