0.9212846
0.9019976
0.9216834
0.9284727
0.9071291
0.9009605
0.900809
0.9026495
0.910074
0.903012
0.9205133
0.9241375
0.9056584
0.9168305
0.9078624
0.9035626
0.9078313
0.9102741
0.9097217
0.9089028
0.9051252
0.907303
0.9127337
0.9048421
0.9073705
0.9077094
0.9074687
0.9095913
0.9037093
0.9048163
0.9096767
0.9121179
0.9063233
0.9063001
0.9055337
0.9052992
0.9084292
0.9078621
0.9038785
0.9108413
0.9049358
0.9105726
0.90731
0.908842
0.9062979
0.9041277
0.9103857
0.9092718
0.9146359
0.9249411
0.9192159
0.9011774
0.9209533
0.8785166
0.8797791
0.8906787
0.9316464
0.9084015
0.9283615
0.9055408
0.9254374
0.9128809
0.914638
0.8966237
0.9200324
0.8969354
0.9179577
0.9100234
0.9050197
0.9004266
0.903489
0.9155899
0.8995089
0.9070414
0.9217642
0.9052121
0.8978402
0.9050106
0.9120056
0.8997606
0.8910869
0.9044808
0.9185133
0.9050309
0.9260344
0.9048874
0.9039671
0.9017544
0.9146583
0.9142867
0.906485
0.9104757
0.9079489
0.9084018
0.9036692
0.9008144
0.90508
0.9045697
0.906395
0.8991404
0.9245474
0.9029347
0.9178264
0.9284628
0.9056665
0.8995208
0.896885
0.9016877
0.9088578
0.9000253
0.9171898
0.9231895
0.9046703
0.916819
0.9066405
0.9027219
0.9087146
0.907782
0.9067128
0.9056104
0.90468
0.9091201
0.912683
0.9042004
0.9075128
0.9068752
0.9065207
0.9086094
0.9034209
0.9037058
0.9088868
0.9102985
0.905143
0.9040617
0.9065744
0.9045815
0.9053063
0.9076939
0.9048846
0.9112527
0.9038234
0.9077344
0.9058572
0.9102628
0.9056213
0.9064961
0.9105278
0.9080562
0.9123319
0.9239247
0.9200013
0.8969655
0.9189397
0.8810239
0.877851
0.8896663
0.928789
0.9083112
0.9284257
0.9007263
0.9299973
0.9111626
0.909184
0.8981824
0.9159744
0.8993301
0.9187458
0.9059327
0.905006
0.9022135
0.9030433
0.9105662
0.9034545
0.9056247
0.923945
0.9010029
0.9025273
0.9069518
0.9104926
0.8979876
0.8948912
0.9011049
0.9151764
0.8986413
0.9246745
0.9064712
0.9044156
0.903468
0.9137422
0.9117957
0.9058506
0.9074507
0.9065387
0.9037675
0.9013706
0.9013062
0.9043732
0.9017034
0.9017508
0.8940948
0.9211247
0.8993715
0.9195994
0.9269241
0.9067203
0.8996531
0.8991512
0.9032514
0.9104951
0.9006774
0.9149147
0.9208968
0.9057156
0.914254
0.9080049
0.9034557
0.9083259
0.9086763
0.905494
0.9082283
0.904512
0.9058769
0.9084482
0.9018591
0.904462
0.9076167
0.907883
0.9056064
0.9039572
0.9017218
0.9102138
0.9074342
0.9052511
0.9051077
0.9065307
0.9042565
0.9060012
0.9087029
0.9061312
0.9079678
0.9054626
0.9085114
0.9075283
0.9076236
0.9054963
0.9053957
0.9088249
0.9053614
0.9130742
0.924683
0.9187653
0.9010625
0.9194664
0.8787399
0.8774525
0.8898146
0.9281073
0.9071853
0.9266259
0.9039056
0.9285148
0.9083605
0.9100368
0.8973418
0.9143435
0.898699
0.9178237
0.9062779
0.9018554
0.904156
0.9008169
0.910574
0.9010202
0.9062433
0.9225543
0.9027942
0.9008895
0.9064784
0.9109638
0.8945657
0.8939951
0.9029902
0.9126155
0.9020327
0.9201885
0.9039239
0.9047133
0.9028241
0.9122446
0.9141411
0.907167
0.9080701
0.907352
0.9076135
0.9034095
0.9029605
0.9030457
0.9050468
0.9021231
0.8973944
0.9239782
0.9010838
0.9221936
0.9296732
0.9083342
0.9002878
0.8985232
0.902884
0.9080095
0.9016653
0.9158522
0.9249061
0.9091457
0.9183842
0.9091006
0.9023795
0.9071628
0.9086424
0.9060192
0.9049544
0.9018594
0.9071418
0.9084926
0.9037401
0.9050689
0.9074306
0.9080852
0.9078793
0.9022941
0.9029328
0.9079215
0.9113476
0.9014833
0.9032511
0.9058811
0.9025149
0.9067941
0.9102519
0.9025797
0.9090587
0.9035597
0.9094067
0.9053212
0.9077104
0.9063324
0.903577
0.9088292
0.9077142
0.9147398
0.9254072
0.9194925
0.9017281
0.9213907
0.8842357
0.8820756
0.8891922
0.9308869
0.9100552
0.9295255
0.9021993
0.9274133
0.9076252
0.9122603
0.9002079
0.915975
0.8998255
0.9180974
0.9076141
0.9030382
0.9056891
0.9023875
0.9144744
0.8990723
0.9045411
0.9241273
0.9013702
0.9022249
0.9060235
0.9114594
0.8972755
0.8970911
0.904044
0.916211
0.8998979
0.9197323
0.9060133
0.9055783
0.9061754
0.9130284
0.9110354
0.9059762
0.9055593
0.903042
0.9038564
0.9039369
0.9021735
0.9038441
0.9042591
0.90344
0.8985497
0.907622
0.9128957
0.9166083
0.9102194
0.9099575
0.8436435
0.8467809
0.899026
0.9042458
0.9018038
0.8972305
0.9110007
0.9011009
0.9128764
0.8546583
0.8496725
0.8518324
0.8532233
0.8525247
0.8520812
0.8528749
0.8519935
0.8524724
0.8482143
0.8503725
0.8477703
0.8535382
0.8499344
0.8552804
0.850272
0.8537791
0.8629625
0.8543194
0.853173
0.8509841
0.8505532
0.8514256
0.8532305
0.850753
0.8503419
0.856486
0.8521824
0.8535985
0.8523824
0.8565891
0.8485929
0.8515315
0.8508647
0.9081755
0.9226498
0.8969079
0.8423422
0.9132639
0.9104996
0.9126157
0.9055469
0.9141985
0.8996856
0.9103727
0.8472474
0.9232707
0.8353044
0.9002065
0.9032293
0.8960651
0.8970336
0.9084062
0.8584548
0.8998767
0.9130889
0.9042527
0.9035191
0.9101152
0.8985856
0.9077454
0.8491373
0.9063237
0.9028709
0.9094835
0.8980954
0.9052356
0.9078022
0.9166637
0.9004968
0.9090941
0.8467657
0.8447062
0.8986964
0.9129438
0.8589583
0.8584235
0.8515482
0.8543769
0.8576725
0.8438116
0.8393792
0.8411671
0.8430595
0.8377147
0.8392385
0.9084911
0.8629521
0.9158848
0.9192855
0.8981032
0.88583
0.8864098
0.8888642
0.9009427
0.8689449
0.9029805
0.9158895
0.893369
0.9080098
0.8954522
0.8857939
0.8964972
0.896312
0.8927664
0.8928176
0.8898713
0.8911519
0.8954706
0.8919567
0.8931102
0.8930971
0.8959525
0.8916097
0.8905605
0.8885236
0.8988353
0.8965268
0.8951678
0.8938176
0.8940135
0.8941354
0.89281
0.9013777
0.8878854
0.894342
0.887135
0.8942086
0.89492
0.8950823
0.8957921
0.8882329
0.8938921
0.8942812
0.9040878
0.9197931
0.9053326
0.8936343
0.9159724
0.8979584
0.900246
0.8956311
0.9163725
0.8976564
0.9192088
0.8912939
0.9210888
0.8956599
0.8996336
0.8990245
0.9061217
0.7606916
0.9116915
0.8962841
0.8330852
0.8457609
0.8574521
0.9018578
0.8623365
0.8907544
0.9096861
0.8938943
0.8432942
0.8919038
0.9167055
0.9004554
0.896499
0.9084466
0.9193172
0.900409
0.9138241
0.8971754
0.8953442
0.856888
0.909378
0.9005421
0.89179
0.899218
0.8925665
0.8932255
0.8953707
0.8865753
0.8928869
0.892142
0.8911087
0.8819519
0.9249087
0.912693
0.9229034
0.9233167
0.9140547
0.9042698
0.9046095
0.9096866
0.9162817
0.9132802
0.9162855
0.9223574
0.9117149
0.9215391
0.9120272
0.9064184
0.9068848
0.9087883
0.9077273
0.9093139
0.9050425
0.9080693
0.9117502
0.9031935
0.9076307
0.9060592
0.9087749
0.9091489
0.9061277
0.9033282
0.9114749
0.9122517
0.9080557
0.9091585
0.9044361
0.9045142
0.9079511
0.9111621
0.9043081
0.9106664
0.9061809
0.9070773
0.9093096
0.9120662
0.9072608
0.9055678
0.90626
0.9079013
0.9220391
0.9297938
0.9138012
0.9060785
0.9237159
0.8943477
0.8915128
0.8988016
0.9280978
0.9133783
0.9238013
0.908379
0.9301149
0.9114239
0.914986
0.904047
0.9173999
0.9085085
0.9229452
0.9046552
0.9100741
0.9133137
0.9140283
0.9125856
0.9127512
0.91113
0.9217492
0.9032959
0.9156809
0.9163667
0.9136258
0.8961819
0.9017137
0.9109264
0.9161093
0.9067095
0.9239501
0.9097242
0.9069532
0.9135118
0.9182548
0.9149761
0.9048884
0.9126016
0.9070467
0.9055274
0.9052081
0.9056524
0.9019966
0.9052182
0.9014974
0.9006455
0.8953539
0.8913704
0.9048938
0.9079818
0.8452837
0.902963
0.90225
0.8765286
0.8881766
0.9001777
0.8947102
0.8967569
0.8863645
0.8976048
0.9057165
0.9014974
0.9095594
0.908971
0.9063776
0.9069976
0.9027167
0.9042075
0.9088583
0.9055079
0.9079619
0.9042561
0.9080222
0.9047653
0.9007021
0.9043023
0.9131488
0.9101685
0.9052718
0.9026149
0.9076081
0.9045518
0.9062958
0.9086865
0.9045019
0.9049473
0.9016972
0.9070929
0.9091848
0.90475
0.9082923
0.9016812
0.9061135
0.9058129
0.8961104
0.9042222
0.8996542
0.90424
0.9010824
0.9006181
0.903408
0.9000298
0.9094864
0.8903753
0.9081362
0.9041229
0.9093365
0.9097914
0.8894141
0.9063183
0.8940529
0.8922766
0.9017399
0.9090293
0.8954946
0.8899235
0.8899233
0.8875551
0.8917725
0.8876396
0.9035842
0.9110597
0.8895442
0.8158171
0.9129542
0.9098751
0.9013312
0.9110074
0.9250993
0.9076826
0.896895
0.9060189
0.9024898
0.8915811
0.8918977
0.9127127
0.9064103
0.9086742
0.9081909
0.9079462
0.9053658
0.8985254
0.9029099
0.9020515
0.9015931
0.8967356
0.9243773
0.9026971
0.9230851
0.9301701
0.9138358
0.9037726
0.9045252
0.9015009
0.9101214
0.90539
0.9216681
0.9260538
0.9068328
0.9203154
0.9127019
0.9062236
0.911607
0.9113547
0.9124964
0.9085624
0.9058936
0.9087987
0.9122166
0.9107964
0.9101716
0.9127977
0.9132818
0.909825
0.9086
0.9060957
0.9124914
0.9142286
0.9085824
0.9078089
0.9087826
0.9097766
0.911801
0.9099946
0.9061012
0.9119725
0.904374
0.9122902
0.9080849
0.9125431
0.9126852
0.9042689
0.9126961
0.9120317
0.9187988
0.929177
0.9193609
0.9052732
0.9187861
0.8923634
0.8879264
0.8548368
0.9322447
0.9137314
0.9302079
0.9087585
0.9280034
0.9093371
0.9151079
0.8781344
0.9209834
0.9004771
0.9226652
0.9111781
0.9033596
0.9028156
0.9068212
0.9142476
0.9017725
0.909124
0.92345
0.906818
0.8968102
0.9046921
0.9123752
0.9002627
0.8933233
0.9095381
0.9174766
0.9024311
0.9274608
0.9095832
0.911544
0.9024417
0.9170446
0.9131872
0.9106807
0.911636
0.9111111
0.9106613
0.9097013
0.9061113
0.9069734
0.9091885
0.9070662
0.9016183
0.8865894
0.9075386
0.9099651
0.8776937
0.8930786
0.8933295
0.8973097
0.8671863
0.8697978
0.9010469
0.8691152
0.8752776
0.8787337
0.9106486
0.8970609
0.898955
0.9012541
0.8970271
0.8949894
0.8984656
0.8980747
0.8985893
0.9000607
0.8957596
0.8990033
0.9011622
0.9008279
0.899957
0.9018385
0.8957553
0.9024233
0.9033684
0.8981564
0.9003617
0.8960089
0.8997343
0.9008726
0.9038715
0.8983692
0.8992844
0.8985632
0.9001431
0.8985912
0.8980427
0.9009458
0.9000574
0.89902
0.8982881
0.8824274
0.8944482
0.8803986
0.8957206
0.8975037
0.9129991
0.9145255
0.9155429
0.8885696
0.8725749
0.876758
0.9000036
0.8996049
0.8998126
0.8647556
0.9085112
0.8697335
0.9019579
0.8865251
0.9004763
0.908777
0.9136732
0.9096313
0.8746219
0.9093707
0.8764374
0.8827383
0.8982692
0.911841
0.890017
0.9166139
0.8997744
0.9077308
0.9122493
0.9218366
0.9068105
0.8820498
0.8996098
0.9025549
0.9063124
0.8992894
0.9049387
0.9003354
0.903359
0.90345
0.8999607
0.9014378
0.8987225
0.9004944
0.9001057
0.8994686
0.896387
0.8867434
0.9085003
0.9114018
0.8800433
0.8938697
0.8931585
0.898009
0.8697487
0.8714238
0.9020619
0.8688688
0.8768711
0.8795075
0.9111196
0.8975245
0.8980681
0.9006863
0.8959052
0.894659
0.8987296
0.8971872
0.8976242
0.9000856
0.8953089
0.898279
0.9014236
0.9014427
0.8991148
0.9012328
0.8953853
0.9026435
0.9031887
0.8977883
0.8994017
0.8956788
0.8984555
0.8997174
0.9031913
0.8972447
0.8987586
0.8981928
0.8988688
0.8984593
0.8972775
0.900616
0.898899
0.8987692
0.897998
0.8829883
0.8957341
0.8812884
0.8959475
0.8979235
0.9129769
0.9136269
0.916469
0.8892796
0.8743882
0.8792337
0.9000683
0.9008698
0.9001152
0.8670088
0.9086103
0.8709844
0.9025797
0.8868007
0.9007371
0.9077759
0.9141592
0.9106578
0.876382
0.909156
0.877874
0.884357
0.898414
0.9122838
0.8908123
0.9172375
0.9013992
0.9074349
0.9123835
0.9222643
0.9080162
0.8814777
0.8993988
0.9035806
0.9057875
0.8991984
0.9042249
0.8991432
0.9022888
0.902065
0.8989643
0.9020044
0.8996066
0.9014492
0.9006725
0.8999644
0.8969686
0.9208995
0.9183266
0.8914499
0.9218156
0.9120956
0.9205312
0.9202533
0.9190705
0.922534
0.9197208
0.9204746
0.9180362
0.9210454
0.8913784
0.9221314
0.9218354
0.923615
0.9230637
0.9192782
0.9218766
0.9202863
0.9202179
0.9200538
0.9253881
0.918595
0.9201099
0.9237434
0.920328
0.9227444
0.9229014
0.9259144
0.9256411
0.92363
0.9246141
0.9243251
0.9220177
0.9200539
0.9222104
0.920576
0.918416
0.9211047
0.9203662
0.9210335
0.9199848
0.9247
0.9185994
0.9236372
0.9207678
0.9182422
0.9231084
0.9165895
0.9206619
0.9174084
0.9256608
0.9290006
0.926445
0.923127
0.9192585
0.9214834
0.919292
0.9284097
0.9267238
0.921219
0.9247051
0.9160204
0.9202206
0.9186344
0.9221604
0.9155123
0.9171052
0.9138971
0.9146928
0.9210059
0.9212811
0.9268964
0.9216568
0.9220644
0.9108568
0.926647
0.9194955
0.9245124
0.9252119
0.9306646
0.9210696
0.9181523
0.9200885
0.9206511
0.9167477
0.9153791
0.9266355
0.9225054
0.9198014
0.9222605
0.9238223
0.919453
0.9195753
0.9185319
0.9201144
0.9204323
0.9208926
0.9139651
0.8883891
0.9212283
0.9197934
0.9172833
0.8908086
0.8944102
0.9019331
0.9073129
0.8612368
0.9067873
0.9194162
0.9068592
0.9191954
0.8985607
0.8974685
0.8996736
0.8987209
0.8964378
0.8923043
0.8952929
0.893686
0.900816
0.894965
0.8957269
0.8965731
0.9003614
0.8967728
0.901301
0.895685
0.9006189
0.8998573
0.8971905
0.8971035
0.8967019
0.898181
0.8990975
0.899362
0.8954741
0.8994015
0.8956294
0.897763
0.8987429
0.898828
0.8981719
0.8958326
0.8934507
0.8963218
0.9164576
0.9244789
0.9034977
0.8949667
0.9191192
0.9068796
0.9091652
0.9011387
0.9226531
0.907277
0.9202865
0.8962443
0.9261007
0.8985744
0.9084725
0.8991343
0.9058015
0.8702908
0.9141493
0.8955402
0.8825976
0.890414
0.8778705
0.9084301
0.8851147
0.9045991
0.9086675
0.8971814
0.8785081
0.9057399
0.9102189
0.897231
0.9027477
0.9089299
0.9164858
0.8987018
0.9160904
0.9022248
0.8981234
0.8711461
0.9190977
0.900869
0.9000252
0.8961048
0.9000432
0.9000828
0.8976851
0.8943665
0.8979919
0.8952833
0.8948603
0.8939196
0.832402
0.9231394
0.9188144
0.8741851
0.9035976
0.9014413
0.9058936
0.8786991
0.8810443
0.9101777
0.826468
0.8753946
0.884799
0.91683
0.900068
0.903798
0.905129
0.9037812
0.9040265
0.9037802
0.9037898
0.9028408
0.9029843
0.9018583
0.9017895
0.9002082
0.9018026
0.9019146
0.9055435
0.9025844
0.9061643
0.9081227
0.9038694
0.9030592
0.9035376
0.9032247
0.9021577
0.9046335
0.8995949
0.9040517
0.9000251
0.9035412
0.9017316
0.9008784
0.9044602
0.9005643
0.9042735
0.9040535
0.8892472
0.897983
0.8563094
0.9077131
0.8925008
0.923827
0.9247277
0.9243831
0.8369618
0.8824061
0.873614
0.9066277
0.9041115
0.9076188
0.873737
0.9197941
0.837892
0.9089012
0.8594109
0.9040316
0.9106983
0.9207193
0.9177378
0.8824951
0.9211929
0.8864286
0.8631179
0.9054799
0.9185829
0.9037947
0.9238778
0.9128235
0.9190609
0.9207819
0.924552
0.9143313
0.837134
0.9059329
0.9063418
0.9159619
0.8901814
0.9101813
0.9052762
0.9064865
0.9071628
0.9065728
0.9027822
0.904921
0.9022667
0.9039148
0.9023932
0.9018595
0.8352489
0.9207693
0.9160495
0.8742754
0.9053851
0.902841
0.9077813
0.8799004
0.8807303
0.9134629
0.8277924
0.8739322
0.8865451
0.9167842
0.9041331
0.9040959
0.9046445
0.9041554
0.905378
0.9053687
0.9045576
0.9038043
0.9049121
0.9023133
0.9019293
0.9033806
0.9031959
0.9041262
0.9045531
0.9029206
0.9053697
0.9082697
0.9049815
0.9050718
0.9029736
0.9027386
0.9058051
0.9034505
0.9008383
0.9062123
0.9031935
0.9054721
0.904877
0.9013712
0.9067809
0.9026252
0.9073337
0.9066851
0.8896216
0.9002226
0.8560258
0.9078549
0.8891401
0.9237444
0.9249955
0.9226257
0.837082
0.8858462
0.8741938
0.9071981
0.9045568
0.9108312
0.8765235
0.9197869
0.8403802
0.910731
0.8607197
0.9089491
0.9118552
0.9209822
0.9159726
0.8821852
0.9219478
0.8856367
0.866345
0.9051144
0.9192606
0.9051084
0.9255574
0.9133705
0.9183958
0.9217668
0.9256363
0.9139445
0.8386102
0.9092486
0.9075122
0.9156087
0.8878766
0.9097866
0.9066945
0.9088277
0.9063741
0.9061327
0.9056544
0.9062917
0.9039846
0.9068484
0.9040873
0.9041861
0.8341175
0.9212943
0.9186144
0.8812835
0.9123174
0.9077903
0.9117689
0.887054
0.8890493
0.9155114
0.8386732
0.8766737
0.8967106
0.9209329
0.9097513
0.9099592
0.9091038
0.9118694
0.9107863
0.9127897
0.9106066
0.9135135
0.9109071
0.9115229
0.9121038
0.9106883
0.9136642
0.9110774
0.9113186
0.9117897
0.9162293
0.9168552
0.9109061
0.913388
0.9128393
0.9094128
0.9104604
0.9120431
0.9085584
0.9125066
0.9093716
0.9110524
0.9126545
0.9109502
0.9098946
0.9086372
0.9105981
0.9077904
0.8911467
0.8991706
0.8596572
0.9100801
0.8906691
0.9296892
0.9299249
0.9296892
0.8426715
0.8914601
0.8813638
0.9160491
0.9012411
0.9099147
0.8792879
0.9222032
0.8448127
0.9180766
0.8644473
0.9103529
0.9126418
0.9197033
0.916737
0.877325
0.9237935
0.8899971
0.8701099
0.9112485
0.9225488
0.904275
0.9252031
0.9142292
0.9266686
0.9200424
0.9318324
0.9163152
0.8314204
0.9125291
0.9076837
0.9156109
0.8909194
0.9148187
0.911711
0.9136673
0.9156787
0.9116541
0.9100677
0.9103648
0.9089419
0.9080872
0.9104294
0.9076243
0.834879
0.9217921
0.9168354
0.8758097
0.9039639
0.9033413
0.9064521
0.8791487
0.8794921
0.9091039
0.8256706
0.8740003
0.8851635
0.9182643
0.9022419
0.9050257
0.9075618
0.9041452
0.9061086
0.9052804
0.9054083
0.9051629
0.9044749
0.9050086
0.9030534
0.9041552
0.9042019
0.9039598
0.9048943
0.9050606
0.907891
0.9095864
0.905748
0.9051396
0.9059707
0.9054251
0.9037319
0.9052299
0.9012213
0.9051541
0.9033792
0.9051899
0.9041266
0.9026539
0.9057597
0.9013999
0.9070131
0.9069082
0.8903653
0.9002509
0.8554434
0.9091265
0.8907605
0.9243558
0.9252597
0.9231243
0.834179
0.8837394
0.8750769
0.9097926
0.9035481
0.9096577
0.8736088
0.9198555
0.840712
0.9104864
0.860367
0.9071576
0.9130512
0.919624
0.9167284
0.882132
0.9206063
0.8859875
0.8674149
0.907166
0.9170401
0.904512
0.9246518
0.9134359
0.9186579
0.9194291
0.925966
0.9152913
0.8379365
0.9070724
0.9076171
0.9144512
0.8877859
0.9094708
0.906878
0.9085097
0.90741
0.9067035
0.9052602
0.9063972
0.9032428
0.9055383
0.9049304
0.9038639
0.8348206
0.9217121
0.9168759
0.8782994
0.9061742
0.9032443
0.9073989
0.879981
0.8837344
0.9117197
0.8289254
0.872792
0.8868972
0.9162197
0.9069867
0.9075789
0.9054343
0.9080448
0.9065922
0.9064682
0.9064405
0.905454
0.906662
0.9049488
0.9049446
0.9039005
0.905818
0.9058084
0.908139
0.904845
0.9085647
0.9116805
0.9063075
0.9053521
0.9057154
0.9050144
0.9049579
0.9064491
0.900222
0.9049004
0.9043779
0.9077266
0.9036397
0.9042758
0.9096895
0.901658
0.9085398
0.9069627
0.8919884
0.8985261
0.8593579
0.9099134
0.8899635
0.9260469
0.9235782
0.9260301
0.8386554
0.8867204
0.8779353
0.9100369
0.905905
0.9106388
0.8762412
0.9189663
0.8436514
0.9115917
0.8563059
0.9084889
0.913059
0.9194688
0.91482
0.8823826
0.9203755
0.8846196
0.8688567
0.9081886
0.9186812
0.9039449
0.9250183
0.9138878
0.9189672
0.9223253
0.9266304
0.9173205
0.8385728
0.9100223
0.9091163
0.9136526
0.8864071
0.9128003
0.9074728
0.9109054
0.9068064
0.9062555
0.9048939
0.9066437
0.9060652
0.905976
0.9061474
0.9047788
0.8358507
0.9220237
0.9179716
0.874837
0.904242
0.902834
0.9077747
0.878578
0.8783917
0.9131085
0.8270198
0.875599
0.8864966
0.9170393
0.9022062
0.9044026
0.9046768
0.90485
0.9069685
0.9058307
0.906076
0.9047755
0.905526
0.9034451
0.903994
0.9020761
0.9028759
0.9042754
0.907468
0.9050249
0.9058702
0.9108732
0.9061392
0.905999
0.9038667
0.9043748
0.9029548
0.9047281
0.9018934
0.9048464
0.9029119
0.906087
0.9038571
0.9029704
0.9076284
0.9015603
0.9072106
0.9062122
0.89025
0.8988927
0.856582
0.9105241
0.8896104
0.9238939
0.9261563
0.9239449
0.8372442
0.8848321
0.874307
0.9087478
0.9057383
0.9091946
0.8757805
0.9229398
0.8415043
0.9118587
0.8623084
0.9083623
0.9131709
0.9215924
0.9174949
0.8833057
0.9224366
0.8884472
0.8644949
0.9053025
0.9195973
0.905297
0.923455
0.9113174
0.9200129
0.9215707
0.9273165
0.9147298
0.8389474
0.9101294
0.9081544
0.9155645
0.8911315
0.910354
0.9076156
0.9082429
0.9072198
0.9072869
0.9063772
0.9063236
0.9048237
0.9067654
0.9036922
0.9041403
0.9092758
0.8479807
0.9168932
0.9185441
0.9023249
0.885728
0.8896753
0.893206
0.8981495
0.8586504
0.9032363
0.9145581
0.8951642
0.9094348
0.893046
0.8898175
0.8948481
0.8924207
0.8886693
0.8905032
0.8904636
0.8871772
0.8899023
0.8885874
0.8888199
0.8913465
0.8911664
0.8880932
0.8909011
0.8876236
0.8944416
0.8919308
0.8918104
0.8921123
0.889916
0.8937557
0.8894558
0.8933222
0.8898404
0.8895726
0.8874294
0.8911327
0.8911944
0.8910682
0.8909674
0.8878245
0.8913765
0.8881216
0.9066381
0.9211329
0.9025118
0.8932988
0.9132905
0.9026112
0.9012803
0.8995248
0.917872
0.8985607
0.9184679
0.8995969
0.9206394
0.8936092
0.9009869
0.8954981
0.9027542
0.8554511
0.9069801
0.8947636
0.8694214
0.8768838
0.8502253
0.9012168
0.8510347
0.8914969
0.9081157
0.899801
0.83878
0.8972234
0.9132028
0.8962503
0.893476
0.9061967
0.9172213
0.9010372
0.9114565
0.8978477
0.8957106
0.8487086
0.9130054
0.8970298
0.8920762
0.8907203
0.892363
0.892615
0.8953817
0.8910035
0.8925638
0.8945187
0.8917225
0.8883334
0.9058507
0.8536381
0.9175451
0.9194259
0.9086768
0.8858513
0.8906998
0.8986787
0.9008201
0.8607389
0.9023288
0.9126984
0.8965117
0.9122045
0.8952457
0.8914168
0.8970486
0.8961407
0.8892475
0.8927499
0.8910459
0.885952
0.8911248
0.8909191
0.8894375
0.8898121
0.8925976
0.8860183
0.8918879
0.8893817
0.8977244
0.8946332
0.8950445
0.8916432
0.8961134
0.8923206
0.8884093
0.8995444
0.8864598
0.8920494
0.8890685
0.8887142
0.891815
0.8922965
0.8956642
0.8905953
0.8929289
0.8877611
0.9090325
0.9204993
0.9046998
0.8954995
0.9159061
0.9004851
0.901651
0.898321
0.9181429
0.9001445
0.9193497
0.8952485
0.9208759
0.898555
0.9013416
0.8985057
0.9063199
0.8569024
0.9108346
0.9012667
0.8740051
0.8806985
0.8609408
0.9039773
0.8543069
0.8957484
0.9111486
0.9017485
0.8416319
0.8982563
0.9118351
0.8974404
0.8990138
0.9055327
0.9171068
0.9016621
0.911482
0.8983979
0.8965653
0.8561243
0.9133015
0.9000682
0.8912055
0.8947559
0.8941916
0.8913028
0.8975048
0.8927373
0.8962328
0.8965567
0.8953884
0.8920693
0.909637
0.852156
0.9191003
0.920669
0.9051452
0.8872845
0.8918288
0.8932605
0.8983347
0.8611311
0.9033912
0.9195305
0.8990224
0.9111267
0.8953607
0.8917373
0.8990899
0.8954925
0.8935432
0.8939189
0.8918949
0.8900337
0.8938162
0.8912398
0.8908527
0.8944806
0.8936023
0.8895187
0.8952759
0.8870121
0.8947003
0.8965074
0.8935126
0.8945836
0.8933265
0.8957453
0.8922533
0.8985418
0.8912701
0.8927701
0.8885337
0.8939251
0.8956759
0.8953958
0.8951757
0.8917251
0.8957044
0.8890596
0.9102674
0.9182811
0.9026202
0.8918949
0.9171631
0.8995744
0.899124
0.8944532
0.9179777
0.9006532
0.920821
0.894758
0.923085
0.9007536
0.9044068
0.8960495
0.9054425
0.8548498
0.9113316
0.8994274
0.8699337
0.8762673
0.8580689
0.9008925
0.8492382
0.9009019
0.9100438
0.89967
0.8386651
0.8947099
0.9135318
0.8963867
0.8965619
0.9054044
0.9191383
0.9024746
0.9124429
0.9002243
0.8937498
0.8552234
0.91
0.8984001
0.8936155
0.8941087
0.8934221
0.8931101
0.8975379
0.8916128
0.8952767
0.8960375
0.892738
0.8884582
0.9139028
0.8599712
0.9215541
0.9219754
0.9069364
0.8859404
0.8898052
0.8971301
0.9011112
0.8631242
0.9062444
0.9167993
0.9014674
0.9143156
0.8971983
0.8931535
0.8930815
0.8981616
0.8932152
0.8905524
0.8922981
0.8890598
0.8925671
0.8887992
0.8903675
0.8917207
0.892468
0.8891972
0.8932138
0.8869384
0.8959796
0.8932814
0.8941492
0.8908693
0.8929587
0.8939262
0.8920492
0.8960151
0.8884246
0.8942119
0.8934073
0.8906569
0.8938612
0.8922079
0.8945244
0.890065
0.8915469
0.8905623
0.9087152
0.9197093
0.903802
0.893631
0.9171503
0.906037
0.905799
0.9015916
0.917887
0.9033591
0.9220132
0.8942662
0.9227607
0.8906571
0.903242
0.9020488
0.90746
0.8590256
0.9101224
0.8968568
0.8696371
0.8823925
0.8592094
0.9063326
0.8562988
0.8977742
0.9078541
0.8972583
0.846765
0.9015064
0.9137581
0.8952512
0.8967134
0.9077146
0.9197358
0.90393
0.9142573
0.8959806
0.8939025
0.856202
0.9166638
0.8985434
0.8918438
0.8940623
0.896141
0.8949882
0.8934879
0.8932067
0.8926919
0.8950414
0.8891149
0.8906495
0.9135978
0.8486636
0.9139594
0.9187617
0.9020028
0.8976033
0.894256
0.893064
0.9032818
0.8620116
0.9122681
0.9168851
0.8969506
0.9068369
0.9067258
0.902686
0.9049911
0.9041387
0.9032783
0.9006358
0.9037123
0.9012373
0.9074167
0.9030281
0.9039821
0.9059343
0.9039191
0.9029614
0.8976913
0.9021326
0.907225
0.9090434
0.9039513
0.9052647
0.8997569
0.9037342
0.9028499
0.9036613
0.9036428
0.9056726
0.8986936
0.9058667
0.9038829
0.9053182
0.9047877
0.8993656
0.9062568
0.9035844
0.9111206
0.9175534
0.9096311
0.8963846
0.9121083
0.8983038
0.9002853
0.8956656
0.9252291
0.9026753
0.9184566
0.9017066
0.9246926
0.9068042
0.9059771
0.8991134
0.9093785
0.8580648
0.9076929
0.9087611
0.86816
0.8659418
0.8456969
0.9023961
0.8527229
0.9024152
0.9155689
0.9067272
0.8381157
0.8966886
0.9153085
0.9040617
0.8950956
0.9121292
0.9183259
0.9076792
0.9167318
0.9053344
0.9006127
0.8455773
0.9065358
0.9065387
0.9001659
0.9037349
0.9024839
0.8997474
0.9012817
0.8960423
0.8972983
0.9002493
0.898615
0.8937238
0.8878542
0.9142989
0.9111345
0.8906016
0.9032651
0.888635
0.8897059
0.8702453
0.8750092
0.9039793
0.8779733
0.8872496
0.8750228
0.912811
0.8940719
0.8830923
0.894219
0.891223
0.8952627
0.8852036
0.8858492
0.8887281
0.8950867
0.8856437
0.8914592
0.8899917
0.8890574
0.8913043
0.8879887
0.8866319
0.8922622
0.8968021
0.8916164
0.8920338
0.88866
0.8874136
0.8924005
0.8941016
0.8890658
0.8935842
0.8874067
0.8911457
0.8917248
0.8919999
0.8918608
0.8892817
0.8922645
0.8891333
0.8885543
0.9040918
0.8828384
0.888197
0.9036174
0.9097635
0.9119897
0.9101888
0.8921957
0.8790264
0.8900867
0.8919554
0.9044385
0.8836735
0.8716324
0.9056549
0.8818099
0.900895
0.8938606
0.8938202
0.9041293
0.9139955
0.9049553
0.8856958
0.9085002
0.870892
0.8834638
0.887021
0.9008767
0.8950606
0.9172972
0.8962035
0.9043601
0.905088
0.9220079
0.9028211
0.8893201
0.8919589
0.8922679
0.9038153
0.9021576
0.8959147
0.8909652
0.8943078
0.8945031
0.892134
0.8955398
0.8905042
0.8907509
0.892967
0.8889048
0.8860105
0.9103611
0.8527811
0.9173839
0.9234622
0.9097947
0.8940738
0.8994722
0.8954706
0.9058493
0.8631793
0.9081519
0.9152446
0.9009012
0.9113371
0.8990683
0.8978174
0.9008989
0.9027157
0.8995435
0.9001632
0.8985718
0.8986901
0.9020693
0.9006418
0.8989479
0.900726
0.9001519
0.8989548
0.8983432
0.8953108
0.9075307
0.9033901
0.9003963
0.9003973
0.9007992
0.9004414
0.8998015
0.9051548
0.8983482
0.9004217
0.8933601
0.9017616
0.8993679
0.8995733
0.8997541
0.8975399
0.899801
0.8963892
0.9080771
0.9158069
0.9090599
0.900956
0.915672
0.9024064
0.9022247
0.9016614
0.9236732
0.9019269
0.9232737
0.904884
0.9271447
0.903748
0.9047977
0.9043724
0.9095995
0.8595617
0.912595
0.9057289
0.8671763
0.8740585
0.8578947
0.9035377
0.859424
0.898802
0.9148845
0.9067979
0.8450769
0.8993437
0.9163593
0.9005733
0.9033015
0.9139495
0.9202498
0.9058158
0.9136588
0.9023336
0.9017895
0.8550561
0.9093337
0.9065314
0.8997372
0.9041661
0.9009437
0.9021665
0.9035515
0.899571
0.8999038
0.9017778
0.900485
0.8952291
0.8903932
0.9029025
0.9139106
0.8962375
0.8850053
0.8876909
0.8878505
0.8633509
0.8771335
0.8937458
0.8841067
0.8943807
0.8738847
0.905299
0.896139
0.8879036
0.8949402
0.8943104
0.893267
0.8924131
0.8886065
0.8862914
0.8967623
0.892369
0.8908605
0.8958635
0.8954169
0.8927155
0.8883544
0.8876203
0.8968186
0.8961883
0.8897086
0.8896406
0.8941142
0.8915242
0.8945364
0.8969722
0.8904998
0.8930143
0.891608
0.8978554
0.8922855
0.8903468
0.891645
0.8911711
0.8944014
0.8922929
0.883613
0.8995083
0.8850562
0.8874066
0.899674
0.898978
0.9031742
0.8962152
0.9022932
0.8764247
0.8960354
0.8890923
0.9030312
0.8907026
0.8733086
0.901691
0.8887316
0.890428
0.8931349
0.8966906
0.8944055
0.9038433
0.8957801
0.8824251
0.8954684
0.8651433
0.8957817
0.8903758
0.8919482
0.8788027
0.9155964
0.900609
0.8926656
0.9077122
0.9203457
0.8994891
0.8957374
0.8929365
0.8937644
0.8962711
0.8952561
0.8997372
0.8919518
0.8940886
0.8911771
0.8925009
0.8925317
0.8896772
0.8900568
0.8938379
0.8855446
0.8839866
0.8716258
0.9142714
0.9173464
0.8856464
0.8984403
0.8998378
0.905696
0.8816735
0.888542
0.913694
0.8532127
0.8836099
0.8886678
0.9136439
0.9058243
0.9076697
0.9078628
0.9100366
0.9076929
0.9085845
0.9060956
0.9096321
0.908569
0.9099504
0.9095367
0.9052726
0.9092883
0.9083437
0.9081152
0.9095247
0.9118421
0.9129153
0.9068974
0.9026928
0.9088383
0.9083716
0.9067127
0.9099447
0.904221
0.9092909
0.9054354
0.9109922
0.9066406
0.9072411
0.9059768
0.9048605
0.908479
0.9103115
0.8948254
0.9078813
0.868567
0.9060768
0.8869327
0.9210097
0.9219786
0.9191997
0.8775184
0.8868798
0.8845627
0.9101773
0.9084766
0.9099257
0.8824168
0.9199613
0.8597581
0.9146727
0.8698885
0.907884
0.9112619
0.9177502
0.9092205
0.8861134
0.9197559
0.8859863
0.8752016
0.905593
0.917672
0.8935947
0.9223607
0.9117263
0.9136924
0.920836
0.9249211
0.9136039
0.8537866
0.9096976
0.9102416
0.9097118
0.8922815
0.9129885
0.905777
0.9096991
0.9097227
0.9066506
0.909276
0.9069218
0.9054168
0.9054054
0.9072775
0.9067673
0.8970578
0.9092132
0.9159956
0.8988449
0.8988419
0.8994927
0.8981862
0.8736028
0.8835776
0.9062887
0.8911286
0.8957142
0.8771177
0.9155683
0.9023779
0.8964735
0.9044889
0.902009
0.9020149
0.8997996
0.9034052
0.902042
0.9052741
0.9016411
0.9008157
0.9014064
0.8991493
0.9019778
0.8975695
0.9037716
0.9035183
0.9070212
0.9015469
0.9023066
0.9015174
0.8991997
0.9028993
0.9035936
0.8989395
0.90557
0.9006589
0.9043425
0.9025467
0.903947
0.9008273
0.8990879
0.904057
0.903318
0.8902386
0.9053808
0.8895898
0.8924972
0.9056936
0.9041305
0.9055608
0.9022827
0.9014024
0.8838771
0.8986071
0.8998724
0.9050649
0.9000401
0.87753
0.9058798
0.8915535
0.9013255
0.8926811
0.9012288
0.9067679
0.9119324
0.9077745
0.8844536
0.9046353
0.8762428
0.8966584
0.9013926
0.9028569
0.892399
0.9134457
0.8990261
0.9017343
0.907888
0.9210639
0.9087432
0.893521
0.9023799
0.9037873
0.9046413
0.9018124
0.9078835
0.9018369
0.9003794
0.8994312
0.9020931
0.9034458
0.8983392
0.8982049
0.9032281
0.8965417
0.8941172
0.8905553
0.9040111
0.9184812
0.9018979
0.897386
0.8941887
0.8926489
0.873931
0.8811583
0.9044744
0.8930103
0.8935721
0.8792011
0.9155117
0.8965606
0.8932135
0.9001426
0.9008619
0.8976479
0.8938971
0.8955257
0.8973889
0.9000544
0.8967756
0.8965265
0.8992012
0.8941465
0.8952816
0.8951805
0.8946249
0.898885
0.8998029
0.8939737
0.8953739
0.8965416
0.8947214
0.8969907
0.9007442
0.8916013
0.9002253
0.8938759
0.8985761
0.8950985
0.8959072
0.8968164
0.8909993
0.8991572
0.8961181
0.8899233
0.907986
0.8865589
0.8946692
0.9050074
0.9042724
0.9056263
0.9015924
0.9038635
0.8853002
0.901146
0.8978597
0.9091717
0.896406
0.8767462
0.9057433
0.8863703
0.9005621
0.8927394
0.8995555
0.9038243
0.9128171
0.9096237
0.886282
0.908167
0.8820697
0.8986215
0.8956534
0.9017906
0.8929858
0.9134191
0.8964566
0.9015003
0.9074419
0.9188628
0.9039477
0.8951551
0.8987545
0.8988877
0.904224
0.902605
0.9051297
0.8997351
0.8995464
0.9011109
0.9017463
0.9020058
0.8945882
0.8985189
0.8977314
0.8946046
0.8914638
0.8897992
0.9089716
0.9148148
0.9018641
0.8946788
0.894282
0.8961803
0.8691283
0.8795185
0.9031951
0.8883413
0.8930612
0.879889
0.913526
0.9002335
0.8981722
0.9029954
0.9012678
0.9019515
0.8978367
0.8968728
0.9000949
0.9006594
0.899005
0.899869
0.9004169
0.8998798
0.8993555
0.8987808
0.8993543
0.9018615
0.9041261
0.8975264
0.8997671
0.8986057
0.8950568
0.898566
0.9022243
0.8974162
0.9009107
0.897936
0.9034128
0.9004906
0.9021368
0.9000801
0.8949486
0.900608
0.8978996
0.8906267
0.9038365
0.8897275
0.8926498
0.9074507
0.9025549
0.9040653
0.9013094
0.9002671
0.8825263
0.9011128
0.8995612
0.9032131
0.8992455
0.8748613
0.9055845
0.8870046
0.8958774
0.8903969
0.9024001
0.9008833
0.9017504
0.9053495
0.8820826
0.9072529
0.8760604
0.8909518
0.8996066
0.8962865
0.8877284
0.9145045
0.8981406
0.9017097
0.9103837
0.9190871
0.9055912
0.8931908
0.8993235
0.899527
0.8998761
0.8971514
0.9054864
0.9006992
0.9018238
0.9009976
0.9042115
0.900079
0.8947997
0.9006991
0.8984515
0.8952191
0.8918434
0.8890565
0.9022653
0.9133054
0.9005289
0.8895245
0.9049868
0.9003658
0.8673767
0.8822938
0.9027757
0.8875856
0.8943253
0.8782832
0.9125287
0.904821
0.906066
0.9092929
0.9075459
0.9068911
0.9018738
0.9040138
0.9071218
0.9071586
0.9040053
0.9046041
0.9100055
0.9033412
0.903734
0.9012413
0.9078502
0.9110917
0.9083799
0.9063203
0.9060578
0.9021509
0.902793
0.9045383
0.9071395
0.9014921
0.9071421
0.905863
0.9094367
0.9051015
0.905714
0.9069311
0.9028371
0.9082515
0.9079846
0.8844495
0.9010119
0.8931022
0.903837
0.9011049
0.9059512
0.9067829
0.9039783
0.9045691
0.8886965
0.9006483
0.9071992
0.9008704
0.9072165
0.8789002
0.9075282
0.8896162
0.9006204
0.8903928
0.9091107
0.9052709
0.9034811
0.9012965
0.8856174
0.9050538
0.8753463
0.8971349
0.9067787
0.8991112
0.8813585
0.918131
0.9079373
0.9022984
0.9111639
0.9212906
0.9078957
0.8895351
0.905849
0.9063865
0.898228
0.8960712
0.9126617
0.9095278
0.9114253
0.9074262
0.9085615
0.9105898
0.906232
0.9063071
0.9075444
0.9028605
0.9013143
0.8895322
0.8987882
0.9102127
0.8953025
0.8925662
0.896013
0.893741
0.8636212
0.8777018
0.8979437
0.8815871
0.8862058
0.8781963
0.9064618
0.9059524
0.8997052
0.9025474
0.9022615
0.9022287
0.9064463
0.8993421
0.9009571
0.9043123
0.8998886
0.9017921
0.902851
0.9050538
0.9003468
0.8994694
0.9002293
0.9015507
0.9071262
0.9013362
0.9029462
0.9013455
0.8995341
0.9022782
0.9042897
0.900581
0.9017924
0.9019959
0.9056503
0.9041584
0.9013903
0.9032546
0.9002898
0.9062689
0.9033558
0.8862745
0.8992673
0.8859498
0.8962016
0.9017721
0.9033526
0.9055664
0.9029044
0.9004541
0.8801495
0.894555
0.901972
0.9013431
0.9036745
0.8760715
0.9069506
0.8873474
0.8969913
0.8950203
0.9025905
0.9002678
0.9041071
0.9007057
0.8817022
0.8981301
0.8759829
0.8958027
0.8951398
0.898369
0.8885425
0.9133007
0.9005332
0.9001566
0.9111365
0.921493
0.9079793
0.8876793
0.9003929
0.895524
0.8969912
0.8943173
0.9049266
0.9002529
0.9003419
0.9002319
0.9010539
0.8987521
0.8909026
0.8961319
0.8959062
0.8945468
0.8919804
0.8949433
0.9163593
0.9146924
0.8950337
0.903031
0.900129
0.9040838
0.8877166
0.8833448
0.9109996
0.8890889
0.8955118
0.8887491
0.9141039
0.9031534
0.9034665
0.9032327
0.9055113
0.9015838
0.901333
0.9003579
0.9026678
0.9042869
0.9012549
0.903102
0.9028304
0.902062
0.9011572
0.9037298
0.9024121
0.9048958
0.9065262
0.9046658
0.902184
0.9034026
0.901095
0.9031949
0.908093
0.903781
0.9010731
0.9024094
0.9024719
0.9025759
0.9016096
0.9019049
0.9007484
0.9040205
0.9030997
0.8935314
0.9060123
0.8882791
0.9011323
0.9092826
0.9119291
0.9143149
0.9131148
0.8993524
0.8889288
0.8939351
0.9012871
0.9086321
0.9022
0.8823741
0.9131527
0.8870997
0.8998262
0.899633
0.9029219
0.9049944
0.9159574
0.9100304
0.8860496
0.9136402
0.8859228
0.8957275
0.9000713
0.9115348
0.90362
0.9167425
0.9045655
0.9103458
0.914757
0.9252421
0.9110131
0.8990222
0.9042029
0.9027583
0.9084729
0.9029648
0.9064377
0.9064144
0.9041808
0.9034957
0.9064332
0.9022266
0.899259
0.9029058
0.9042795
0.8994962
0.898163
0.8898792
0.9152893
0.919275
0.8912259
0.9064098
0.8897112
0.8931309
0.873992
0.8765007
0.9069734
0.8812918
0.8918958
0.8812421
0.9170968
0.8927901
0.8875768
0.8950918
0.8895743
0.8958558
0.886887
0.8901131
0.8891585
0.8963866
0.8875695
0.8925679
0.8907054
0.8910502
0.892852
0.8917085
0.8880681
0.8915745
0.8972945
0.892961
0.8902276
0.889612
0.887601
0.8946197
0.8928264
0.8905815
0.8961146
0.8914168
0.8951541
0.8893579
0.8944227
0.8919727
0.890833
0.8931749
0.8914838
0.8957954
0.9066432
0.8862461
0.894716
0.9050619
0.9113703
0.915866
0.9112047
0.8959365
0.8811544
0.8907902
0.8906233
0.9089227
0.8902957
0.8726233
0.9070138
0.8845079
0.9045173
0.8961956
0.8986467
0.9097593
0.9184119
0.9122608
0.8894393
0.912675
0.8789658
0.8901317
0.890581
0.9074978
0.9016652
0.9195225
0.8965469
0.9069465
0.9114697
0.9236639
0.9074676
0.8948367
0.8952504
0.8939077
0.9070603
0.9086985
0.899202
0.8890408
0.8950946
0.8943801
0.8924048
0.894283
0.8929042
0.892317
0.8929216
0.8895313
0.88949
0.8458061
0.9195729
0.9162648
0.8739938
0.8981922
0.8989532
0.9037557
0.8734298
0.877874
0.912287
0.8041205
0.8638532
0.8757891
0.9156157
0.9017608
0.9019545
0.9017598
0.9012028
0.8987228
0.8992565
0.9026155
0.9009961
0.90084
0.9025683
0.9018306
0.900485
0.8999964
0.8999535
0.9041433
0.9010163
0.9061709
0.9033167
0.9043796
0.9023973
0.9023266
0.8984686
0.899925
0.901752
0.8975769
0.899793
0.8989583
0.8994713
0.9021251
0.8991479
0.9012152
0.897332
0.8998855
0.8989979
0.881654
0.8994234
0.8376259
0.9001614
0.880388
0.9224555
0.9245987
0.924604
0.852644
0.8742751
0.8732992
0.9044843
0.8987105
0.9013108
0.8661172
0.9144552
0.8355313
0.9107156
0.8591121
0.9054395
0.9134351
0.9185397
0.9126585
0.8714713
0.9177742
0.8757862
0.8554634
0.9027123
0.9153909
0.8986033
0.9207048
0.9106745
0.9226655
0.9200779
0.9261923
0.9104498
0.8189992
0.9061335
0.9025461
0.9081219
0.892953
0.907007
0.9020904
0.9048261
0.9032832
0.9015618
0.900695
0.9012507
0.9001022
0.9034193
0.8974652
0.8944099
0.845781
0.91914
0.9144803
0.8765165
0.8980663
0.9000108
0.9023713
0.8736401
0.8774587
0.9087566
0.8084802
0.8700419
0.8784829
0.9123206
0.9054992
0.9003656
0.9015883
0.9046233
0.9041291
0.8997994
0.9012637
0.9048603
0.9051444
0.9021992
0.9050138
0.9008279
0.90507
0.9020586
0.9040852
0.9015135
0.904979
0.9087464
0.9032327
0.9037087
0.9009784
0.903289
0.9044441
0.9019329
0.8982826
0.9050083
0.9005262
0.9045388
0.9025006
0.9011412
0.9027283
0.901533
0.9039858
0.903961
0.8832104
0.8978574
0.8500444
0.9008191
0.881831
0.9214281
0.9218472
0.9241932
0.8556906
0.8782372
0.8757858
0.9041516
0.901021
0.902163
0.8646828
0.9148432
0.8287051
0.9108392
0.8635158
0.9026517
0.9090779
0.9195333
0.9126608
0.8736513
0.9155798
0.8761946
0.8604118
0.9021487
0.9187449
0.8968957
0.9215187
0.9105315
0.9203038
0.9189572
0.9269524
0.9123854
0.8221317
0.9020243
0.8993286
0.9086753
0.8890814
0.9066367
0.9048344
0.9042241
0.9055581
0.9039218
0.8974223
0.8968032
0.9017528
0.9005158
0.897891
0.8967823
0.9077323
0.8654243
0.9134314
0.9170703
0.9034341
0.8917314
0.8947901
0.8973038
0.9016996
0.8649215
0.9073492
0.9130865
0.8997628
0.910848
0.9020561
0.8967981
0.9043078
0.9024399
0.9003101
0.9027097
0.8995842
0.9002165
0.9056738
0.9006898
0.9007441
0.9027567
0.8973822
0.9003561
0.9015732
0.8989283
0.903582
0.9060802
0.9012332
0.8992979
0.9002919
0.9017166
0.9023778
0.9036955
0.8997581
0.9049508
0.8946432
0.9047909
0.8993021
0.9019981
0.9035963
0.8985544
0.9022646
0.8997516
0.9070081
0.9209396
0.9059881
0.8966653
0.9129743
0.9051203
0.9053648
0.9016656
0.9194374
0.9006703
0.9170703
0.8953767
0.9211614
0.9010882
0.9039304
0.9036043
0.9052315
0.8592708
0.9090261
0.8993339
0.8689384
0.8695161
0.8540947
0.9001216
0.8681589
0.9001656
0.9115511
0.902658
0.8569286
0.8944868
0.9128863
0.9017289
0.8990758
0.9094868
0.9201795
0.9024407
0.9158419
0.9020593
0.8991847
0.8491313
0.9083138
0.9047687
0.9008919
0.8994441
0.8994108
0.899688
0.8994953
0.8940305
0.8946205
0.8975341
0.8983257
0.8911759
0.9120887
0.8729527
0.9223752
0.9155281
0.9115437
0.8860866
0.8908148
0.8980938
0.9033058
0.8677717
0.9044771
0.9141799
0.9051398
0.9170877
0.8952457
0.8954682
0.8975936
0.8963727
0.8968808
0.8938541
0.8913202
0.8964644
0.9004476
0.8913154
0.8956544
0.8963766
0.8943807
0.8953014
0.8979533
0.8923674
0.8975063
0.9007511
0.8986569
0.8969061
0.8904916
0.8971034
0.8982984
0.8951104
0.8917082
0.8983648
0.8888322
0.898594
0.896912
0.8959191
0.8938626
0.8925596
0.9000396
0.8965256
0.9115911
0.9221951
0.9062351
0.8958175
0.9151413
0.9073216
0.9118905
0.9077003
0.9148509
0.9062623
0.9149564
0.8966492
0.9231942
0.8982904
0.9005894
0.9050312
0.9068236
0.8600628
0.9114154
0.8947901
0.8711015
0.8844697
0.8595501
0.9051601
0.8739197
0.9018143
0.9098653
0.8970233
0.862699
0.9022389
0.9152117
0.8961529
0.9048053
0.9084494
0.9234263
0.906328
0.9165107
0.8979379
0.8964378
0.853858
0.9116518
0.9009721
0.8983963
0.8993943
0.8972228
0.8982558
0.8992504
0.8918435
0.8947706
0.894546
0.893917
0.8922938
0.9120934
0.8641333
0.9166078
0.9218651
0.8993965
0.8874357
0.8939394
0.8981903
0.9004887
0.857824
0.907198
0.9121511
0.8977873
0.9071995
0.8941618
0.8950689
0.9012829
0.8977384
0.9018367
0.9009858
0.8962704
0.8951871
0.9000396
0.8968266
0.9005236
0.8986725
0.8979052
0.8997361
0.8941583
0.8926788
0.9028586
0.9030058
0.8936456
0.8942322
0.897555
0.8951501
0.8999062
0.8999712
0.894641
0.8994155
0.8892511
0.9030517
0.8979599
0.8999566
0.8974266
0.8943601
0.9005423
0.8987301
0.9059588
0.9159477
0.9081911
0.8935278
0.9127331
0.8984232
0.8948121
0.8932159
0.9242286
0.9020313
0.9215624
0.8953315
0.9219376
0.899189
0.9019573
0.9026272
0.9134055
0.8540456
0.9150224
0.9002998
0.8626583
0.8704229
0.8479539
0.9012811
0.863308
0.8981092
0.9140982
0.8945494
0.8473778
0.8880381
0.9091883
0.8968566
0.8941995
0.9023609
0.9182426
0.9022314
0.9149201
0.8948762
0.8964459
0.8448564
0.9095509
0.9073738
0.9026466
0.9010787
0.9002163
0.9005326
0.8995075
0.8948937
0.894375
0.8970274
0.8939931
0.8908707
0.9107455
0.8710583
0.9193594
0.9217172
0.9101835
0.884138
0.8908555
0.8990872
0.9015362
0.8640912
0.9067772
0.915316
0.9032722
0.9142917
0.8942598
0.8906376
0.8979436
0.8944753
0.8977075
0.8913615
0.8922543
0.8948824
0.8984291
0.8934618
0.8940318
0.8957171
0.8951994
0.8975603
0.8960232
0.8882835
0.8982553
0.8988532
0.8937434
0.8919165
0.892995
0.8933576
0.8954175
0.8979607
0.8918337
0.8988744
0.8905707
0.8985083
0.8961796
0.8975408
0.8921851
0.8910343
0.8960087
0.8960705
0.9104027
0.922062
0.9073809
0.892375
0.9170468
0.905777
0.9034125
0.8979592
0.9231363
0.9008993
0.9214524
0.8965141
0.9273212
0.8979622
0.9016952
0.8989203
0.9064208
0.8574912
0.90979
0.8975677
0.8669754
0.8785856
0.8547688
0.9034972
0.868152
0.9000361
0.9120883
0.8976096
0.8576104
0.8991444
0.9103647
0.8956329
0.9033405
0.9032914
0.9213901
0.9020109
0.9157353
0.8947731
0.8923534
0.8546851
0.9113573
0.9008191
0.8924832
0.8959341
0.8945348
0.8952618
0.8938405
0.8932025
0.8940755
0.8936535
0.8910461
0.888423
0.9132025
0.8641736
0.9149293
0.9242996
0.9011561
0.9021084
0.8986902
0.8961573
0.9066439
0.8642674
0.9049568
0.917095
0.9018315
0.9099377
0.9069966
0.9024224
0.9122396
0.9067381
0.9051202
0.909744
0.9073077
0.9055789
0.908834
0.9050341
0.9047568
0.9094115
0.9060599
0.9054275
0.9049198
0.9057101
0.9112096
0.9110572
0.9066265
0.9082331
0.9044359
0.9052557
0.9056651
0.9061093
0.9012859
0.9081253
0.9024233
0.9079698
0.9059037
0.9078999
0.9092005
0.9016996
0.9038434
0.9057288
0.9080302
0.9173393
0.9091891
0.9029109
0.9129167
0.9023396
0.9045089
0.9012779
0.9221546
0.9069216
0.9243741
0.9087316
0.9219817
0.9116612
0.905134
0.9040465
0.9121987
0.8607038
0.9080272
0.9090812
0.8701096
0.8694221
0.8529917
0.8997192
0.8577038
0.9035651
0.9142293
0.9099415
0.8543588
0.8906363
0.9160348
0.9049998
0.9019109
0.9103086
0.9157357
0.9073602
0.916108
0.9119226
0.9063047
0.8508952
0.9043976
0.9125897
0.905199
0.9074159
0.9091745
0.9070385
0.9068593
0.9003146
0.9025737
0.9042214
0.9038693
0.8986772
0.9133631
0.8636567
0.9143677
0.9238633
0.9007653
0.9016793
0.8985357
0.8965579
0.9068442
0.8638361
0.9050009
0.9175961
0.9016008
0.9092642
0.9068077
0.9018757
0.9116289
0.9063166
0.9045002
0.9094403
0.90626
0.9055452
0.9083389
0.9046087
0.9042159
0.9087959
0.9055979
0.9051601
0.9046515
0.9054425
0.9102887
0.9108641
0.9058953
0.9077355
0.9040108
0.9050267
0.9052426
0.9056102
0.9009748
0.9076285
0.9023098
0.907821
0.9052089
0.9072073
0.9086262
0.9012328
0.9029483
0.9053838
0.9079592
0.9168959
0.9090111
0.9028369
0.9128097
0.9022634
0.9045141
0.9012008
0.9225022
0.9064626
0.9239752
0.9086602
0.9221778
0.9110874
0.9049843
0.9038524
0.911898
0.8613366
0.9078397
0.9087007
0.8704392
0.8693732
0.8524222
0.9000747
0.8576933
0.9031004
0.9140073
0.909639
0.854176
0.891078
0.9157388
0.9051558
0.901516
0.9102766
0.9149792
0.9069841
0.9163829
0.911353
0.9060804
0.8505386
0.9040196
0.9121399
0.9045051
0.9068031
0.9089108
0.9069669
0.906865
0.8998903
0.9024236
0.9039958
0.9036021
0.8982863
0.9266177
0.9048255
0.9218464
0.9286807
0.9152152
0.8950075
0.8993281
0.9038213
0.9089309
0.9007327
0.91794
0.9274098
0.91109
0.9153488
0.9046742
0.8978417
0.9081817
0.904615
0.9025272
0.9016199
0.900489
0.8997927
0.9037504
0.9006036
0.9031665
0.9037374
0.9050368
0.9023672
0.8999667
0.8993676
0.9069956
0.9045434
0.9011615
0.901812
0.9000333
0.9004396
0.9038666
0.905813
0.8984653
0.9054544
0.8971931
0.9038038
0.9019355
0.9014194
0.9040683
0.8982919
0.9036331
0.9017094
0.9181894
0.9260789
0.9169516
0.9013715
0.923458
0.8998174
0.898854
0.7628808
0.930427
0.9105543
0.9289476
0.9047742
0.9255176
0.9028832
0.9137282
0.8468152
0.9187756
0.8984533
0.9218428
0.9004315
0.9067117
0.9094094
0.9111737
0.9092232
0.9006763
0.9082081
0.9230213
0.9011248
0.9035447
0.9079721
0.9094223
0.897546
0.8990294
0.9080528
0.914013
0.8999311
0.9253233
0.9013214
0.9039213
0.9066814
0.9223463
0.9099044
0.9011747
0.9048438
0.9013163
0.9019593
0.8991
0.8988678
0.9049084
0.9026385
0.8990303
0.8936833
0.9134314
0.8621516
0.9144
0.9246659
0.8993364
0.8975951
0.8970239
0.8979806
0.9085724
0.8621644
0.9119211
0.9175984
0.9009727
0.9091699
0.9067433
0.9019164
0.9107238
0.9080014
0.9065814
0.9087599
0.9044682
0.9057123
0.9087817
0.9083732
0.9062533
0.9073696
0.905921
0.9045052
0.904973
0.906
0.9114352
0.9127744
0.9082748
0.9084119
0.9078075
0.9059353
0.9052913
0.9093842
0.9011711
0.9097355
0.9029422
0.9080313
0.907244
0.9070273
0.9082948
0.9017438
0.906435
0.9079261
0.9086316
0.9203257
0.9092509
0.90225
0.9113424
0.9034371
0.9062627
0.9021763
0.9241286
0.9060868
0.9243671
0.9087175
0.9233824
0.9116168
0.9082841
0.9059298
0.9129278
0.8626868
0.9112246
0.9090683
0.8661756
0.8647732
0.8496187
0.9015979
0.8608244
0.9042804
0.9159572
0.9124823
0.8541362
0.8898443
0.9148194
0.907166
0.9011157
0.9130248
0.917005
0.9059628
0.9112478
0.9126495
0.9020851
0.8479838
0.9042948
0.9127778
0.907737
0.9089074
0.9080774
0.9072523
0.9060707
0.8997695
0.901574
0.9028071
0.9027106
0.8986339
0.9101811
0.9139966
0.9200657
0.9147363
0.9127646
0.8176254
0.8155812
0.8988699
0.9003951
0.899146
0.9016147
0.911549
0.9002005
0.9181718
0.8388541
0.8324411
0.8397691
0.8418154
0.8360014
0.8400698
0.8286032
0.8337972
0.8419568
0.8346048
0.8340932
0.8375105
0.8404964
0.8345679
0.8391083
0.8330666
0.8437441
0.8449585
0.8394643
0.8364871
0.8370353
0.8375209
0.8400302
0.8465347
0.8337592
0.8376621
0.8290814
0.8357966
0.8422878
0.8342457
0.841001
0.8333143
0.8440941
0.8360525
0.9156601
0.9203814
0.8940704
0.7972314
0.9187986
0.9049439
0.9101856
0.9003597
0.9161905
0.9007893
0.9141655
0.8004555
0.9235126
0.8366382
0.8978543
0.9031153
0.8999892
0.8981617
0.9081048
0.8305828
0.9027471
0.911531
0.9057083
0.9013387
0.9092668
0.898232
0.907443
0.8253841
0.9073472
0.905389
0.9111135
0.8971771
0.9042476
0.9081248
0.9177106
0.9035547
0.9088718
0.8307066
0.7983883
0.9050341
0.9180334
0.8483631
0.8359602
0.8413212
0.8403048
0.8403073
0.7990958
0.7895086
0.7963486
0.7961705
0.7958299
0.7921256
0.9096685
0.8614881
0.9120065
0.9247536
0.8969543
0.8980811
0.8951569
0.8967494
0.9060316
0.868425
0.9123587
0.9191096
0.8998456
0.9119794
0.9045414
0.9016198
0.9065887
0.9043665
0.9064594
0.9011286
0.9020477
0.9036989
0.9069974
0.9046455
0.9033472
0.9041017
0.9043453
0.902411
0.9027598
0.9003205
0.9090324
0.9077037
0.903122
0.9019882
0.9053405
0.9001368
0.9033228
0.9059646
0.8989673
0.9072926
0.9000361
0.9071352
0.9036416
0.9061639
0.9050109
0.9036538
0.9053725
0.9018489
0.9093292
0.9155947
0.9119131
0.904086
0.9140043
0.9059266
0.9067837
0.8986403
0.9244401
0.9041668
0.9246788
0.9058976
0.9213366
0.907916
0.9058012
0.9065209
0.9125948
0.8591341
0.9126265
0.902969
0.8670165
0.8663874
0.852541
0.9019699
0.8620793
0.9046612
0.9166342
0.9078731
0.8564948
0.8863006
0.9144949
0.9078811
0.9011339
0.9086983
0.918067
0.9022487
0.9127232
0.9084397
0.9059321
0.8485248
0.9010784
0.9078687
0.9039937
0.9063846
0.9050748
0.904716
0.9045178
0.9052743
0.9019816
0.9051861
0.9072172
0.900779
0.9124577
0.8611465
0.9132022
0.9190556
0.9006768
0.903249
0.9041433
0.8969791
0.9057924
0.8679358
0.9086192
0.9152626
0.9032776
0.9063468
0.9112786
0.9045059
0.9109813
0.9086098
0.9097217
0.9091363
0.9068869
0.9071859
0.9109666
0.9099562
0.9081085
0.91164
0.9086349
0.9094751
0.9058227
0.908249
0.9130821
0.9122781
0.9083398
0.9070396
0.9098538
0.9099701
0.908468
0.9073581
0.9090747
0.9103399
0.9048182
0.9119989
0.908668
0.9099272
0.9119597
0.9057297
0.9102696
0.9075254
0.9088117
0.9192162
0.9097546
0.9082317
0.9101369
0.9056812
0.9038632
0.9011921
0.9237324
0.9058815
0.919244
0.9113469
0.9255114
0.91102
0.908696
0.905561
0.9138749
0.8670514
0.9112489
0.9105261
0.8755605
0.8725138
0.8583883
0.9067224
0.8637736
0.9047789
0.9196397
0.9124672
0.8589849
0.8921334
0.915605
0.9086216
0.9019879
0.913281
0.9184371
0.9094689
0.9129238
0.9119417
0.9109699
0.8575366
0.9081839
0.9150851
0.9103892
0.9128196
0.9092262
0.9099077
0.9109625
0.9050021
0.9089157
0.9079044
0.9036761
0.9017758
0.9094396
0.8726257
0.9172843
0.9226232
0.9096092
0.895921
0.8966301
0.9003798
0.91072
0.8055151
0.9112013
0.9177861
0.905781
0.9139098
0.903046
0.9007873
0.9046249
0.9038579
0.9021731
0.9019608
0.9004226
0.9011714
0.90282
0.903227
0.9013397
0.9047739
0.9048575
0.9014262
0.9028397
0.9004394
0.9086452
0.9064475
0.9051207
0.900647
0.9041243
0.9026275
0.9005279
0.9056934
0.8990862
0.9072562
0.9020971
0.9038124
0.9024242
0.9016064
0.903205
0.8995103
0.9039607
0.9036214
0.914065
0.9245375
0.910552
0.9016393
0.9134337
0.9065331
0.9065026
0.8982293
0.9201149
0.9107048
0.922736
0.903299
0.9265234
0.9034294
0.907784
0.9036867
0.9128702
0.8697823
0.9111222
0.9083348
0.8789003
0.8855987
0.8743222
0.9087103
0.8772611
0.9064658
0.915449
0.9044307
0.8759124
0.8980883
0.9143848
0.9040564
0.9018977
0.9092119
0.9193355
0.9061125
0.9146889
0.9048505
0.8991105
0.868844
0.9137541
0.9078328
0.9032903
0.9032615
0.9051157
0.906162
0.9020345
0.8941155
0.9012822
0.8992954
0.8988824
0.8941074
0.9205969
0.9145976
0.9222748
0.9237703
0.9182572
0.8881902
0.8971215
0.9104445
0.9162538
0.905546
0.915436
0.9239394
0.9102699
0.922926
0.9022022
0.8961595
0.902081
0.9016699
0.9021174
0.898627
0.8968863
0.9006131
0.9035343
0.899599
0.900022
0.898994
0.9025675
0.9006332
0.901268
0.8977243
0.9013826
0.9044782
0.8987934
0.9024515
0.8995596
0.899923
0.8992753
0.905622
0.8988524
0.906141
0.8958418
0.9021061
0.9013302
0.9026646
0.8991051
0.8971825
0.9022936
0.9005418
0.9201543
0.9277597
0.9128923
0.8927594
0.9238743
0.9025226
0.9024224
0.8122979
0.925016
0.9106058
0.9238085
0.8996726
0.9282129
0.8993145
0.9123097
0.8449898
0.913519
0.9066637
0.919563
0.8936358
0.9059066
0.9148881
0.9129583
0.9131686
0.9110835
0.9091504
0.9176636
0.8955076
0.9080866
0.912682
0.9101132
0.8951022
0.9039176
0.905233
0.9141566
0.9013274
0.9258401
0.9019243
0.9004683
0.9112055
0.9221213
0.9029386
0.9031355
0.9003464
0.9011972
0.9025553
0.9007476
0.8970076
0.8968363
0.8982757
0.8948986
0.8922334
0.8973643
0.9052085
0.9133354
0.9143428
0.9030506
0.9076521
0.9057526
0.8924055
0.897362
0.9067635
0.8951825
0.9071785
0.9014382
0.9110633
0.9153486
0.9124376
0.914905
0.9115258
0.9106672
0.9142288
0.9102527
0.9123288
0.9148216
0.9138863
0.9116457
0.9135561
0.9108591
0.9141228
0.9141387
0.9130296
0.9171801
0.9159346
0.9137517
0.9129772
0.9151221
0.9111475
0.9136558
0.9087262
0.9106818
0.9122832
0.9109543
0.9128634
0.9137406
0.9146126
0.9151738
0.9135737
0.9135693
0.9110282
0.9044864
0.9140576
0.9013643
0.9104616
0.9020404
0.9161267
0.9146883
0.9073111
0.911061
0.8999034
0.9140381
0.9116347
0.9166174
0.9163379
0.9003065
0.9130419
0.8982661
0.9062024
0.8970599
0.9118941
0.9082622
0.9061388
0.9030616
0.899279
0.905209
0.9009361
0.911653
0.9150646
0.9045503
0.9000144
0.9218586
0.9183262
0.9100977
0.9200568
0.922114
0.9149114
0.9007074
0.9119972
0.9145147
0.9031727
0.8969825
0.9176491
0.9134042
0.9139117
0.9134432
0.9142676
0.9114359
0.9103979
0.9127805
0.9119947
0.9129607
0.9067465
0.9100895
0.8937936
0.9114715
0.9181604
0.8985259
0.892328
0.8923385
0.8876264
0.8990646
0.8916397
0.9073283
0.9145166
0.893556
0.9054448
0.9030031
0.8951189
0.90209
0.9014862
0.9027211
0.8968378
0.897726
0.8980059
0.9007233
0.9011965
0.8987845
0.9005629
0.8993121
0.9016926
0.8984987
0.8945013
0.9037816
0.9026887
0.8958967
0.9006321
0.901829
0.8994422
0.9020971
0.899982
0.8952946
0.9004182
0.8934749
0.9018774
0.8989662
0.8994102
0.8990334
0.8938066
0.9008315
0.9008885
0.9050325
0.9171446
0.9082033
0.8872465
0.9123605
0.8820524
0.87912
0.8784516
0.9253757
0.8963274
0.9178555
0.8930007
0.9165149
0.8979168
0.8999174
0.892832
0.9063827
0.8852136
0.9115082
0.8947999
0.8924454
0.888244
0.8878227
0.8977314
0.8864843
0.8940325
0.9153896
0.8974043
0.8877241
0.8899985
0.8994919
0.8855644
0.8753575
0.8941233
0.9053359
0.892457
0.910871
0.8977643
0.8963769
0.89043
0.9038618
0.903485
0.897311
0.9009317
0.8983602
0.8979253
0.8949425
0.8904396
0.8942656
0.8973518
0.894442
0.8891401
0.9059987
0.8982989
0.9105989
0.9169557
0.9004875
0.8878099
0.8884493
0.8919991
0.8988756
0.8960076
0.9051773
0.9135907
0.8942377
0.9106683
0.8968867
0.8907291
0.8972774
0.8966945
0.8961269
0.8933391
0.8904015
0.8931071
0.8982796
0.8893462
0.8946229
0.8959406
0.8972566
0.8931502
0.8961245
0.8882665
0.899773
0.8976231
0.8904991
0.8943606
0.891789
0.8919899
0.8958401
0.8966249
0.8917172
0.8957501
0.8866141
0.8965344
0.8952851
0.8966798
0.8950675
0.8890301
0.900751
0.8967679
0.9052389
0.9140452
0.9008473
0.8873296
0.9116358
0.8902658
0.8903749
0.8911577
0.9132303
0.8962742
0.9172593
0.8885284
0.9182283
0.8967354
0.894514
0.8973503
0.9039171
0.8913771
0.9067038
0.8939175
0.8942367
0.9015998
0.8938604
0.8991278
0.896558
0.8965057
0.9103203
0.8901462
0.8965667
0.8917967
0.9053014
0.8892167
0.8878698
0.8993763
0.9078065
0.8947481
0.9124664
0.8942034
0.8918023
0.8943031
0.9054182
0.8990522
0.8939983
0.8960353
0.8923299
0.8960414
0.8916601
0.8916538
0.8913043
0.8923093
0.8906149
0.8822435
0.9091942
0.8982249
0.9075648
0.9150715
0.8982658
0.8835674
0.8903836
0.8936534
0.8984848
0.8952887
0.9026358
0.9128393
0.8941215
0.9081747
0.8970115
0.8897193
0.8991548
0.8943492
0.8940524
0.8966266
0.8892292
0.8912593
0.8928855
0.8932994
0.8922264
0.8967454
0.8957483
0.897857
0.8966875
0.8897208
0.9001766
0.8970919
0.8932217
0.8924435
0.8939575
0.8954771
0.8938114
0.9007024
0.8882044
0.8940421
0.8911478
0.8937107
0.8939328
0.8970429
0.8953509
0.8913256
0.8951173
0.89502
0.9085078
0.9151271
0.9029925
0.8925395
0.9084847
0.8915501
0.8914595
0.8885757
0.9178976
0.8954053
0.9142707
0.8919636
0.9195997
0.8997324
0.8954694
0.8958149
0.9019974
0.8928046
0.9042115
0.9000431
0.8977472
0.896729
0.8987702
0.8956584
0.8944341
0.8997266
0.9130049
0.8925183
0.8927677
0.8962885
0.9013953
0.8896072
0.8823267
0.8923498
0.9094927
0.8949089
0.9096236
0.8970334
0.8962505
0.8965418
0.9088365
0.9017216
0.8972573
0.9004653
0.8989337
0.8972352
0.8971431
0.8934397
0.8946225
0.8958111
0.892254
0.887436
0.9107298
0.8999219
0.9194236
0.9130904
0.9067912
0.866166
0.8699596
0.8913344
0.895
0.8903156
0.8973338
0.9108707
0.8919149
0.9156866
0.8791341
0.876793
0.8812458
0.8810441
0.8785897
0.8784501
0.873775
0.8755517
0.8794281
0.8751794
0.8800315
0.8789718
0.8810639
0.8825859
0.8791828
0.871697
0.88
0.8857907
0.8794289
0.8778612
0.8778241
0.8739296
0.8838683
0.8854933
0.8753962
0.8783126
0.8702215
0.88051
0.8782188
0.8806322
0.8809033
0.8734592
0.8824542
0.8785071
0.90511
0.9186687
0.9013135
0.8679833
0.9189374
0.8945323
0.8946722
0.8870732
0.917702
0.8936869
0.9130513
0.8727424
0.9225097
0.8778591
0.8932696
0.8943181
0.9027079
0.8852273
0.90924
0.8745625
0.8961058
0.9031016
0.9005859
0.8993743
0.8936202
0.8919049
0.9046852
0.8735723
0.8922454
0.8959336
0.9054532
0.8818336
0.8838315
0.8927664
0.909333
0.889603
0.9133773
0.8811944
0.8726767
0.8943959
0.912983
0.8848982
0.878088
0.8783112
0.8805006
0.8805714
0.8781057
0.8709063
0.8752132
0.8753514
0.868829
0.8654335
0.9154044
0.8906027
0.9130036
0.9180856
0.8988707
0.8963629
0.8977842
0.888239
0.9012275
0.8942476
0.9091395
0.9122355
0.8965964
0.906238
0.9080694
0.9018971
0.9085862
0.9025203
0.9034738
0.9026322
0.9005415
0.9025154
0.9040328
0.9032258
0.9021669
0.9025604
0.9032443
0.902411
0.9000324
0.8992106
0.906138
0.9068921
0.89788
0.8995
0.9059287
0.9010076
0.9029693
0.909272
0.8992058
0.9048334
0.9007501
0.9049866
0.9037201
0.9016452
0.9043438
0.9000252
0.9042343
0.9013361
0.9060357
0.9158227
0.908217
0.8989421
0.9091908
0.8899809
0.8895454
0.8856475
0.9216941
0.8998064
0.9181614
0.9010426
0.9205875
0.906935
0.9021328
0.9012373
0.9103844
0.8863006
0.9106533
0.9034016
0.9003201
0.8914431
0.8970264
0.8945534
0.8947215
0.89779
0.9174776
0.9026596
0.8891034
0.8904329
0.9032477
0.8936163
0.8897635
0.8934058
0.9065003
0.8976177
0.9109873
0.9033979
0.9007463
0.896269
0.9025867
0.9073661
0.9037198
0.9058782
0.9067147
0.9031509
0.9034324
0.8974688
0.9009705
0.9047619
0.9002217
0.898327
0.9129467
0.8982484
0.9084674
0.9194772
0.898568
0.8915242
0.8989899
0.8895656
0.9012798
0.9001956
0.9052827
0.9172784
0.9000968
0.9097457
0.9027798
0.89774
0.8993758
0.8992997
0.8980276
0.8973293
0.896377
0.8963386
0.900908
0.8976472
0.8981119
0.9009883
0.9012856
0.8991482
0.9020221
0.8930084
0.90434
0.9033987
0.8971449
0.8983673
0.8977723
0.8992801
0.9010142
0.9011952
0.8971135
0.9021389
0.8935098
0.9025656
0.9007029
0.9001186
0.9003772
0.8937193
0.903301
0.9002047
0.907477
0.9166521
0.9058824
0.8964508
0.9073752
0.8895941
0.8902412
0.8907333
0.9170292
0.8977688
0.9195149
0.8970418
0.9183262
0.9022527
0.89995
0.8974208
0.906882
0.89202
0.9091039
0.9016423
0.8956798
0.8974819
0.8952505
0.899825
0.8947426
0.8965356
0.9154007
0.8969369
0.8950796
0.8929529
0.9050554
0.8850587
0.887903
0.8931058
0.9063505
0.8985707
0.9114511
0.8975733
0.899204
0.8917304
0.9010138
0.90435
0.8960936
0.9040915
0.8995088
0.8981684
0.9022397
0.8924777
0.9017605
0.8984538
0.8940733
0.8908505
0.9160047
0.9132037
0.8813395
0.9205867
0.9050275
0.9109887
0.9119764
0.9014336
0.916763
0.9108599
0.9136136
0.9146944
0.9108522
0.8843676
0.9140287
0.9138611
0.920691
0.9147797
0.9167601
0.9177184
0.9114357
0.9163802
0.9174092
0.9150993
0.9143287
0.9147745
0.9144721
0.915062
0.9152316
0.9150123
0.9195595
0.9235351
0.9152613
0.9169666
0.9146436
0.9133474
0.9147515
0.9174043
0.9137713
0.9157093
0.9158708
0.9164339
0.9155944
0.9152424
0.9189765
0.9116593
0.9161503
0.915129
0.9127858
0.9198497
0.9123153
0.9152328
0.9115901
0.9187801
0.9143946
0.9153635
0.9240999
0.910184
0.9205867
0.9152078
0.9230664
0.9205927
0.9121424
0.9128476
0.9048546
0.910532
0.9125434
0.9159408
0.9110305
0.9047568
0.9088952
0.900783
0.9143724
0.9084629
0.9230154
0.9134447
0.9126197
0.9052191
0.9178645
0.912943
0.91425
0.9160198
0.9238545
0.9147426
0.9143476
0.9158104
0.91536
0.9091133
0.9092259
0.9210753
0.9173715
0.9165506
0.916812
0.9163356
0.9137131
0.9136376
0.912407
0.9167584
0.9177206
0.9141987
0.9070404
0.9028793
0.9082394
0.9162199
0.8965417
0.8865147
0.8899033
0.8938117
0.8999424
0.8931512
0.904309
0.9133867
0.8973373
0.9051793
0.8962479
0.8915382
0.8957595
0.8943459
0.8918047
0.8945424
0.8929816
0.8925866
0.8936407
0.8940597
0.8913444
0.8962196
0.8953048
0.8936708
0.8963626
0.8912933
0.9004426
0.8952656
0.8934193
0.8953572
0.8976613
0.8959108
0.8958791
0.8984437
0.8907533
0.8936408
0.8934798
0.8926703
0.8910504
0.8929294
0.8931502
0.8897187
0.8939553
0.8957327
0.9045319
0.9175603
0.9039869
0.8937018
0.9086562
0.8999113
0.9
0.8955435
0.9167251
0.8973421
0.9162959
0.8938114
0.9179872
0.9003176
0.8981094
0.8969844
0.903361
0.8913794
0.9045084
0.8941975
0.893348
0.8948992
0.8997517
0.8987315
0.8989537
0.9023979
0.9110456
0.890913
0.89911
0.8936448
0.9025983
0.8862884
0.8916022
0.8894333
0.9046342
0.8906144
0.9109521
0.8975815
0.8955399
0.8996693
0.8992387
0.9016696
0.8955872
0.8989979
0.8954789
0.8960405
0.8958808
0.8928839
0.8937533
0.8959626
0.8934076
0.888047
0.9151624
0.9228806
0.9275021
0.9162091
0.9225041
0.8347003
0.8398201
0.9049191
0.9047227
0.9098722
0.9030691
0.9198392
0.9088296
0.9268851
0.8492898
0.8445512
0.8425435
0.8406853
0.8463132
0.8427982
0.8387661
0.8435469
0.8516283
0.8404066
0.8406191
0.8379623
0.8485565
0.844666
0.8456323
0.8405841
0.8422625
0.8515206
0.8491046
0.8424624
0.845673
0.841616
0.8461336
0.8537112
0.8440793
0.8471223
0.8446199
0.8431668
0.843383
0.8455288
0.848403
0.8462233
0.8484382
0.8439959
0.9159944
0.9262321
0.9029186
0.8320168
0.922975
0.9195477
0.9189722
0.9151161
0.9156504
0.9052459
0.9161333
0.8322894
0.9247975
0.6703105
0.9015822
0.9091535
0.9019229
0.9037206
0.9164962
0.8515914
0.9070178
0.9192889
0.9146238
0.9109504
0.9149724
0.9039829
0.9037741
0.8411949
0.9152434
0.914779
0.9153258
0.8991737
0.9161425
0.9077304
0.9243762
0.9041332
0.9141377
0.8440884
0.8367461
0.9115622
0.9251589
0.8522896
0.8428325
0.8481259
0.8431461
0.8463929
0.8377308
0.83302
0.8367637
0.8360809
0.8297945
0.8369224
0.914057
0.915846
0.9226232
0.9166202
0.9206187
0.8509729
0.8491426
0.9071021
0.908723
0.9004715
0.905836
0.91756
0.9103144
0.9207822
0.854197
0.8460612
0.8547219
0.8549406
0.8533109
0.8550535
0.8528466
0.8512381
0.8555461
0.8506182
0.8518946
0.854521
0.8502522
0.8523582
0.8532801
0.8476672
0.8578386
0.8636398
0.8578033
0.852161
0.852377
0.8543009
0.8563853
0.859259
0.8493536
0.8517334
0.8486383
0.8482133
0.8487304
0.8531252
0.8556559
0.8519706
0.8573921
0.8512289
0.9156117
0.9237467
0.9022868
0.8416943
0.9216362
0.9139227
0.917028
0.9090743
0.9164427
0.9066723
0.916507
0.8481901
0.9271612
0.7999295
0.908473
0.9083457
0.9114453
0.9047086
0.9166432
0.8597602
0.9071229
0.9123198
0.9102769
0.9124544
0.9104483
0.9067438
0.9111732
0.8565167
0.9108574
0.911896
0.9184366
0.9061898
0.9128669
0.9095486
0.9226894
0.904552
0.9124208
0.8549788
0.8522064
0.9080199
0.9234673
0.8628348
0.8577023
0.8581398
0.8571005
0.8595669
0.8527411
0.8455493
0.8481843
0.852814
0.8400884
0.8422634
0.905612
0.9140213
0.9172256
0.9158678
0.9099412
0.8331608
0.8354464
0.8966906
0.8992282
0.9009603
0.8985163
0.9119508
0.9010906
0.9121532
0.8490644
0.8439541
0.849764
0.8485817
0.8436707
0.8462267
0.8459352
0.8410991
0.8517577
0.8423033
0.8418064
0.8427278
0.848849
0.843373
0.8479623
0.8413343
0.8470842
0.8572317
0.8524118
0.8472264
0.845738
0.8460434
0.8462437
0.8538053
0.843042
0.843408
0.8441115
0.8457074
0.8463162
0.8494599
0.8494316
0.8456368
0.8464704
0.8471919
0.9103168
0.9217791
0.8936551
0.8285758
0.9161322
0.9094448
0.911526
0.9077372
0.9108991
0.9026998
0.9157155
0.836631
0.9227437
0.8289312
0.8977904
0.9020232
0.8975497
0.8963205
0.9123792
0.8480889
0.8962457
0.9081458
0.9058254
0.9003038
0.903644
0.9011396
0.9033738
0.8352829
0.9023574
0.898906
0.9125182
0.8941399
0.9019192
0.9033133
0.9182822
0.8984978
0.907677
0.8486671
0.8345086
0.9018833
0.9132041
0.8566295
0.8458445
0.849063
0.8466835
0.8461567
0.834969
0.8282174
0.8274311
0.8375023
0.8299783
0.8306917
0.9051945
0.9108267
0.9106928
0.9109051
0.9065824
0.8393061
0.8371333
0.8965467
0.8984488
0.8987006
0.8986107
0.9054237
0.8998025
0.9098886
0.848542
0.8403016
0.8492846
0.8485373
0.8451589
0.8460956
0.8463723
0.8394263
0.8478791
0.8424811
0.8431654
0.8412759
0.8489344
0.844946
0.8450427
0.8444049
0.8576134
0.8566933
0.8502586
0.8499117
0.8493032
0.8507317
0.8455046
0.8479477
0.8451461
0.848577
0.8440687
0.8452291
0.8457509
0.848332
0.8474787
0.8472903
0.8507199
0.8481894
0.9124033
0.9217073
0.8922234
0.8330656
0.9127301
0.9039029
0.905724
0.9003569
0.9106771
0.8962827
0.9104056
0.8316399
0.9208024
0.8273603
0.8969766
0.8982093
0.8973665
0.8922387
0.9100648
0.8519769
0.8950119
0.906607
0.8999243
0.8975608
0.9059472
0.8936001
0.9011419
0.8439614
0.9009473
0.8966116
0.9092427
0.8925681
0.9038953
0.9081813
0.9184785
0.9006927
0.906754
0.8452812
0.8359981
0.896147
0.9107068
0.8544611
0.8528698
0.851557
0.8472901
0.8512063
0.8382055
0.8335281
0.833302
0.8376803
0.8241275
0.8353675
0.9093038
0.9164253
0.9190401
0.9144915
0.915803
0.8378997
0.8361279
0.9025103
0.9051937
0.9031908
0.8990793
0.9114103
0.9049439
0.9125286
0.8508468
0.8438769
0.8488144
0.8486318
0.8449058
0.8450555
0.8469921
0.8437464
0.8468063
0.8435449
0.8441794
0.8408009
0.8500244
0.8453908
0.8477523
0.8456366
0.8501318
0.8558548
0.852158
0.8501352
0.8476621
0.8478359
0.8471203
0.8530368
0.8443679
0.8471137
0.8481381
0.845673
0.8489687
0.841274
0.8501729
0.8482966
0.8486503
0.8451554
0.9131217
0.9234568
0.8929051
0.8315145
0.9168133
0.9122383
0.9138064
0.9101927
0.9129316
0.9008983
0.9143008
0.836825
0.9231062
0.8270587
0.9003963
0.906028
0.8987501
0.9001168
0.9136494
0.8494814
0.9017066
0.9165285
0.9085257
0.9079559
0.9104895
0.90083
0.9058479
0.8392335
0.9112118
0.9087951
0.914744
0.8970065
0.9096514
0.9072674
0.9217054
0.9023917
0.9108156
0.8493223
0.8332583
0.9054267
0.919299
0.8540422
0.8550563
0.8546031
0.8492873
0.8557062
0.8375633
0.8348582
0.8385082
0.8361698
0.8292432
0.8311143
0.9242684
0.9176332
0.9283856
0.9267819
0.9232835
0.9045925
0.909065
0.9143081
0.9148506
0.9106067
0.9217694
0.9246731
0.9143019
0.9251817
0.9104068
0.9094485
0.9076885
0.9111829
0.9095449
0.9082162
0.9059575
0.9086037
0.9100992
0.9091169
0.9086669
0.9120891
0.909622
0.9116226
0.9089936
0.9051761
0.9091104
0.911217
0.9111017
0.9068954
0.9081596
0.9069892
0.9089874
0.9135925
0.90753
0.909275
0.9076466
0.912484
0.9091103
0.9118818
0.9102395
0.9079238
0.9089678
0.9095213
0.9241288
0.9268521
0.9169975
0.9058604
0.9267078
0.9118142
0.9109768
0.9092449
0.9260625
0.9127021
0.9269308
0.9092664
0.9295881
0.910729
0.9126371
0.9115922
0.9204529
0.9105879
0.9227445
0.9070481
0.9136316
0.9205022
0.9207554
0.9155435
0.914665
0.9167581
0.9236633
0.9020402
0.9183572
0.9193491
0.9023955
0.8863588
0.8974021
0.8846945
0.9069726
0.8910412
0.9230015
0.913544
0.9079714
0.9177922
0.9244783
0.912098
0.9072725
0.9100315
0.9098623
0.9088038
0.9108296
0.9100187
0.9095056
0.908071
0.9039926
0.9025621
0.8670766
0.9213968
0.9168671
0.8846554
0.9058563
0.9081978
0.9062688
0.8818228
0.8876916
0.9138005
0.8476376
0.8823
0.8835166
0.9179591
0.9109293
0.9078451
0.9106326
0.9095826
0.9094938
0.9067739
0.9093881
0.9069668
0.9121524
0.9064259
0.9066865
0.9032293
0.9100336
0.9075478
0.9123396
0.9060078
0.9123806
0.9140639
0.9093123
0.9104915
0.9075744
0.9084654
0.9053412
0.9118724
0.9048824
0.9090331
0.9073349
0.9114951
0.9097558
0.9062933
0.9061601
0.9083856
0.9079918
0.907112
0.89175
0.9029034
0.8610525
0.9043494
0.8903207
0.9199524
0.9243454
0.9231464
0.8685725
0.8831431
0.8850949
0.9087128
0.9044838
0.9048334
0.8739609
0.9157797
0.8559964
0.9132598
0.87422
0.9068184
0.9129737
0.9196903
0.914697
0.8801647
0.9192597
0.8832059
0.8673672
0.9078728
0.9151609
0.9025313
0.9235106
0.9101616
0.9205761
0.9166224
0.9266934
0.9161132
0.8565356
0.9031593
0.9055258
0.9120712
0.8989347
0.9093236
0.9066563
0.9068207
0.9098095
0.9096804
0.9031578
0.9014348
0.9032586
0.9036355
0.9005925
0.9031776
0.869283
0.9234617
0.9200444
0.8860013
0.9067118
0.9095105
0.9072344
0.8825907
0.8904815
0.9172443
0.8488871
0.8851012
0.8854403
0.9183478
0.9109587
0.9083061
0.9103922
0.9110359
0.9109901
0.9076251
0.9091877
0.9070412
0.9111478
0.9055281
0.9085769
0.9054983
0.9106418
0.9099735
0.9142444
0.9086789
0.9149371
0.9140893
0.9095745
0.9122486
0.9080346
0.9088077
0.9074297
0.9099842
0.9070213
0.9086805
0.9081843
0.9128631
0.9100945
0.9085346
0.9087501
0.9083416
0.9080643
0.9096175
0.8938207
0.9031759
0.8646264
0.9039989
0.8917288
0.9241919
0.9249756
0.9241665
0.8688334
0.8839807
0.8859216
0.9092876
0.9045989
0.9047551
0.878965
0.9193594
0.8513428
0.9148374
0.8743898
0.9054979
0.91474
0.9205909
0.9147969
0.8803635
0.9201142
0.8824701
0.8655521
0.9085635
0.9162912
0.9048771
0.9213092
0.91283
0.9210517
0.9149147
0.9275191
0.9169572
0.8587585
0.9066921
0.9075835
0.9163417
0.897709
0.9128568
0.9080788
0.9105831
0.9125224
0.9112821
0.9071466
0.9032927
0.906898
0.9069217
0.9056384
0.906208
0.8628763
0.9206653
0.9178397
0.8847092
0.9073632
0.9076008
0.9077278
0.8831401
0.8905167
0.9139831
0.8483648
0.8839218
0.8864309
0.9182111
0.9106858
0.9074424
0.9073626
0.9113026
0.9075048
0.9075379
0.9094141
0.9082347
0.9105319
0.9071515
0.9067887
0.9049762
0.9107541
0.9045435
0.9136731
0.9063433
0.9101323
0.9124995
0.908336
0.9105179
0.9091876
0.9060844
0.9087339
0.9104025
0.9030288
0.9073602
0.9067374
0.9097912
0.9090491
0.904723
0.9064176
0.9054237
0.9090619
0.9052729
0.8900222
0.9023462
0.8641724
0.9041775
0.8886258
0.9239842
0.9244573
0.9218546
0.8714566
0.885532
0.8851889
0.9114872
0.9047752
0.9048181
0.8773537
0.9167801
0.8570155
0.9141436
0.8717573
0.9087786
0.9170609
0.921723
0.9166373
0.8831628
0.9172243
0.8867317
0.8687032
0.9083626
0.9151896
0.907782
0.9236179
0.9124222
0.9197987
0.9173814
0.9281091
0.9176776
0.8573382
0.9048566
0.9058556
0.9145537
0.8966341
0.9097317
0.906874
0.907077
0.9087182
0.9080123
0.9077865
0.8992437
0.9054324
0.9068347
0.9033389
0.9023027
0.910746
0.8867751
0.9143099
0.9156249
0.9103025
0.8899781
0.8924189
0.900783
0.9053442
0.8584692
0.9050969
0.9135051
0.9050145
0.9138333
0.8932014
0.8931384
0.9028204
0.898094
0.8980885
0.8960657
0.8942213
0.8957917
0.8984892
0.8912694
0.8968983
0.8975076
0.896865
0.892258
0.8989621
0.8931298
0.9005854
0.8996999
0.8975995
0.8973942
0.8935876
0.893869
0.8967199
0.9013078
0.8925514
0.8981004
0.8923026
0.8981314
0.8954851
0.8948456
0.8969061
0.8939636
0.8974711
0.8973321
0.9099783
0.9226847
0.9006791
0.896185
0.9162722
0.9069973
0.9124247
0.9096793
0.9178868
0.9039075
0.9158921
0.8964177
0.9267761
0.8981838
0.9030056
0.9014059
0.9047773
0.871449
0.9104536
0.8951543
0.8792251
0.894082
0.8790691
0.9089681
0.8849398
0.9018767
0.9092859
0.8917003
0.8786315
0.9076641
0.909745
0.8988222
0.905237
0.906042
0.9187349
0.9012862
0.9170323
0.8954792
0.8943594
0.8728268
0.9145111
0.9008748
0.8961465
0.8955606
0.896915
0.8962434
0.8943433
0.8920783
0.8946955
0.8939183
0.8905572
0.8917683
0.8836701
0.9218432
0.9152736
0.7549195
0.8963668
0.9143812
0.9124553
0.8770384
0.8825737
0.9189939
0.8757699
0.75087
0.8771499
0.9172722
0.9176545
0.9183681
0.9215283
0.9195546
0.9172669
0.9158718
0.9157747
0.9169642
0.9200125
0.9164475
0.9154846
0.915097
0.9175222
0.9146235
0.917258
0.9156749
0.9164683
0.9217909
0.9169394
0.917887
0.9165209
0.9175052
0.9183205
0.9175685
0.9165674
0.9180265
0.9135629
0.9165621
0.9155348
0.9147656
0.916457
0.9178704
0.9167336
0.9194526
0.880943
0.8893097
0.8899905
0.9117771
0.88981
0.9257662
0.9280908
0.9207251
0.8868005
0.8775554
0.7542262
0.914996
0.8969209
0.9176867
0.8750856
0.9213006
0.8705681
0.9163505
0.8792855
0.9165619
0.9173198
0.9223672
0.9191274
0.8769701
0.9232329
0.883014
0.8873391
0.9139585
0.9180391
0.8973701
0.9256806
0.9210535
0.9235469
0.9223763
0.9278383
0.9202219
0.8689745
0.9166579
0.9139185
0.9144108
0.896577
0.9212693
0.9183624
0.9194589
0.9173165
0.9175182
0.9171375
0.9141829
0.9164716
0.9139748
0.917358
0.9167539
0.8850624
0.9204101
0.9123174
0.7534017
0.8949239
0.9147931
0.9130526
0.8772986
0.8834906
0.9174338
0.8755359
0.7510325
0.8782615
0.9153419
0.9182229
0.9174193
0.9227813
0.918616
0.9205955
0.9163621
0.9166842
0.918177
0.9226768
0.9194069
0.9184336
0.9173025
0.9175972
0.9166667
0.9205856
0.9169237
0.9173768
0.9225036
0.9192004
0.9178872
0.9195105
0.9185273
0.9180952
0.9192268
0.9171726
0.9195723
0.9144315
0.9195426
0.917991
0.9182867
0.9171364
0.9157467
0.9194563
0.9191549
0.8835734
0.8909284
0.8921158
0.9127968
0.891556
0.9264774
0.9295391
0.9224427
0.8904816
0.8771245
0.7535012
0.9136503
0.8976022
0.9176483
0.8766367
0.9218839
0.8718847
0.9134883
0.8796296
0.9181491
0.9166667
0.9193531
0.914611
0.8784811
0.9187372
0.885739
0.8856567
0.9168388
0.9136602
0.8947896
0.9271477
0.9193101
0.9219204
0.9245786
0.9289027
0.9221149
0.8692565
0.9180545
0.9155571
0.9111142
0.8968701
0.9228036
0.9217047
0.9191624
0.918674
0.9196634
0.9169488
0.9150397
0.9147075
0.9156498
0.9176581
0.9184151
0.8959558
0.9136284
0.9185987
0.9052398
0.9037858
0.9244265
0.9204506
0.8910234
0.9003069
0.9171647
0.8913298
0.8969788
0.8991872
0.9174517
0.9251518
0.9238969
0.927111
0.9238502
0.9240275
0.9261636
0.9217195
0.9222091
0.9239929
0.925171
0.9230425
0.9258312
0.92601
0.9245757
0.9231991
0.9208969
0.9285788
0.9294717
0.9233414
0.9232863
0.9260356
0.9253325
0.9219262
0.9248833
0.9229386
0.9232277
0.9250268
0.9269322
0.9260837
0.9243118
0.926075
0.9225301
0.9253495
0.9240123
0.901436
0.908604
0.904111
0.9202607
0.8967758
0.9230742
0.925262
0.9225063
0.9068306
0.9006945
0.9050497
0.9243854
0.9086219
0.9205379
0.8987772
0.9230499
0.8902838
0.9157034
0.8928356
0.9256903
0.9156804
0.9116281
0.9123609
0.8918948
0.9144437
0.9047536
0.9053543
0.923822
0.9156949
0.9008856
0.9262101
0.9259494
0.9227826
0.9229378
0.9309578
0.9238957
0.8867737
0.9199876
0.9220183
0.9132918
0.8986956
0.9260181
0.9216988
0.9236683
0.9230849
0.923349
0.9248989
0.9223523
0.922077
0.9212628
0.9234409
0.9231326
0.8889996
0.9145619
0.9161679
0.9043694
0.8952861
0.9235964
0.9206112
0.8897233
0.9007585
0.9194741
0.8822556
0.897218
0.8919939
0.912633
0.9255216
0.9218625
0.9265603
0.9257366
0.9255102
0.9243009
0.9245099
0.9241746
0.9219765
0.9268453
0.925931
0.9229135
0.9255286
0.921323
0.9244557
0.924948
0.9274816
0.9303723
0.9225476
0.9244291
0.928189
0.9257028
0.9210472
0.9195103
0.9235981
0.9246651
0.9187557
0.9256792
0.924452
0.92464
0.9246269
0.9234475
0.9259054
0.9234446
0.8955303
0.9013041
0.8981563
0.9181215
0.8908684
0.9222532
0.9241805
0.9224122
0.8950079
0.8955404
0.9038717
0.9249392
0.9072126
0.9238563
0.8951348
0.9251991
0.8789137
0.9144205
0.8824375
0.9269514
0.9150537
0.9153819
0.9069636
0.8919532
0.9166725
0.8997946
0.9000177
0.922618
0.9112626
0.8979802
0.9246578
0.9284259
0.9235651
0.9285044
0.9302117
0.9272857
0.8784391
0.9199958
0.9240942
0.9079142
0.8913858
0.9268652
0.9215666
0.9257334
0.9236298
0.921513
0.9204705
0.9187375
0.9227588
0.9216456
0.9217574
0.9186277
0.8849836
0.9297215
0.9215997
0.8992457
0.9129487
0.9211398
0.9258172
0.8994018
0.899695
0.9251098
0.8803976
0.8949878
0.9020279
0.9214356
0.9235282
0.9244325
0.9254633
0.9217358
0.9205957
0.9240603
0.9230716
0.9264686
0.9248579
0.9240313
0.9236467
0.9256661
0.9262179
0.9228024
0.9247375
0.9242235
0.9266106
0.92667
0.9257255
0.9240406
0.9232264
0.9238983
0.9224511
0.9220366
0.9239931
0.9244632
0.9249323
0.9253288
0.9248817
0.9239533
0.9264686
0.9230209
0.9240655
0.9238385
0.9024553
0.9078591
0.8928014
0.9230315
0.8925497
0.9327113
0.9351221
0.9342007
0.892342
0.9005147
0.8990526
0.9251094
0.9106305
0.9257097
0.8973066
0.9296689
0.8772057
0.9251159
0.8875858
0.9221356
0.9270873
0.9270658
0.9209043
0.8960915
0.9260458
0.9086726
0.8928381
0.9214053
0.925104
0.9103276
0.9286671
0.9244948
0.9285338
0.9312366
0.930415
0.9237609
0.8816507
0.9209541
0.9211003
0.9212172
0.9060018
0.9229422
0.9218491
0.9223039
0.9201442
0.9218329
0.9215646
0.9229846
0.9243603
0.9212988
0.9231538
0.9221337
0.8821444
0.90366
0.9103172
0.8903694
0.8932084
0.9000575
0.9032431
0.8469395
0.8660685
0.9093249
0.88184
0.8798872
0.7735684
0.9082744
0.9062177
0.9016746
0.9092591
0.9037024
0.9052763
0.9043279
0.9049253
0.9024076
0.9062456
0.905816
0.9038989
0.9069585
0.9067212
0.9047263
0.901552
0.9037967
0.9091588
0.9096936
0.9034792
0.9043076
0.9056066
0.9033801
0.9070625
0.9082384
0.9008922
0.9039343
0.9028553
0.9077376
0.905476
0.9024834
0.9067188
0.8992628
0.9050926
0.9043262
0.7955129
0.8550405
0.8872595
0.9025577
0.892452
0.9103835
0.9085763
0.9055222
0.8901811
0.7793461
0.8898142
0.9066291
0.8080281
0.9062936
0.8541243
0.915071
0.878789
0.9023834
0.88852
0.908346
0.9043845
0.9023894
0.9068062
0.8635212
0.9046868
0.6781708
0.8912668
0.9054025
0.8995912
0.8851548
0.9200532
0.9090597
0.9061233
0.9154224
0.9269671
0.909037
0.8795718
0.9026996
0.9033118
0.9069122
0.889817
0.912285
0.9048497
0.9109591
0.9025761
0.9045964
0.9066676
0.9039952
0.9047686
0.9058696
0.9018849
0.8999357
0.8878693
0.925355
0.9193333
0.8953541
0.9109695
0.9171888
0.921931
0.8923812
0.8968919
0.9227642
0.8768053
0.8934187
0.9002002
0.9185807
0.9188046
0.9218723
0.9181894
0.9204596
0.9177826
0.9211666
0.9202137
0.9205195
0.9200936
0.920987
0.9188619
0.9185355
0.921249
0.9171516
0.921551
0.92249
0.9227527
0.9241742
0.9205496
0.9212696
0.9213464
0.9198533
0.919833
0.9193849
0.9195673
0.9197642
0.9208813
0.9192128
0.9201035
0.9172182
0.9204216
0.9183426
0.9218874
0.917143
0.8997902
0.9080011
0.8896146
0.919878
0.8965142
0.9312856
0.9326614
0.9314439
0.8894921
0.9018942
0.8953155
0.9222515
0.9119874
0.9188776
0.8914499
0.9281174
0.8726308
0.9220375
0.8864647
0.9198134
0.9228946
0.9230365
0.9165509
0.8945573
0.9248943
0.9019856
0.8880708
0.9166089
0.9216534
0.9078615
0.9294222
0.9199331
0.9301637
0.9269171
0.9329123
0.9251227
0.8752151
0.9204636
0.9226671
0.9168314
0.9022709
0.9183072
0.9187168
0.9153995
0.9198442
0.9181781
0.9222154
0.919431
0.9209666
0.9215467
0.9201375
0.9182453
0.8935521
0.9111529
0.9144919
0.8888613
0.9000356
0.9132822
0.9153911
0.8642789
0.8760163
0.9151539
0.8866726
0.8815271
0.8348579
0.9138722
0.9210957
0.9145759
0.9204442
0.9204269
0.9199568
0.9197442
0.9148316
0.9195446
0.920208
0.9205811
0.9190055
0.9175402
0.9173796
0.920071
0.9156369
0.9159114
0.9229618
0.9247885
0.9157025
0.9149449
0.9218456
0.9186095
0.9191944
0.91769
0.9177133
0.9170932
0.9169206
0.9228796
0.9168672
0.9191233
0.9200501
0.9176146
0.9205139
0.9172743
0.8426454
0.8492849
0.8977369
0.9125514
0.9002291
0.9245478
0.9225844
0.9180487
0.8997361
0.832796
0.8883092
0.9184223
0.8586374
0.9206477
0.8761922
0.9226824
0.8930472
0.9152825
0.8882844
0.9169109
0.9113722
0.9182457
0.916413
0.8723174
0.9146672
0.8380849
0.8988007
0.9185872
0.9094689
0.8967521
0.9257624
0.9211342
0.9192811
0.9252454
0.9296212
0.9224804
0.8907847
0.9162888
0.913553
0.9137351
0.9003095
0.9236877
0.918446
0.9214125
0.9205192
0.9176397
0.9152402
0.9143045
0.9152478
0.9124858
0.9114353
0.9131621
0.9193876
0.8834912
0.9215632
0.9230288
0.9168912
0.909198
0.9094717
0.912187
0.9186834
0.8928429
0.9189484
0.9225541
0.9165258
0.9164885
0.9104616
0.907089
0.9146091
0.9110812
0.9098346
0.9096383
0.9075093
0.9097511
0.910424
0.9090585
0.9089586
0.9086039
0.9076994
0.9081538
0.9118399
0.9080517
0.9158852
0.9141923
0.9089556
0.9093652
0.9084535
0.9088807
0.9088909
0.9131785
0.9052097
0.9114152
0.9068505
0.9110317
0.9100191
0.9110449
0.9110678
0.9061565
0.9098014
0.9109701
0.9209562
0.9251185
0.9166331
0.9069817
0.9202671
0.9153091
0.9192137
0.9130578
0.9251068
0.9165348
0.9226172
0.9091298
0.9293359
0.9134951
0.9173701
0.9132144
0.9153291
0.8557918
0.9189788
0.9102132
0.8608849
0.8640762
0.8776317
0.9166491
0.8872587
0.9154949
0.9198228
0.9137711
0.8827242
0.9100356
0.9254663
0.9151134
0.9156033
0.9199064
0.9264089
0.9168054
0.9206471
0.9123223
0.9089479
0.8757602
0.9185894
0.9158388
0.9106935
0.9134663
0.912959
0.9115975
0.9092789
0.9059263
0.9062697
0.9095037
0.9094441
0.9078994
0.9061133
0.8572344
0.9133556
0.9239603
0.9028633
0.8899614
0.8951488
0.8915584
0.9019615
0.8638812
0.9070116
0.9156495
0.8996736
0.908958
0.9006189
0.8923446
0.9006162
0.8993896
0.8985549
0.892096
0.8946682
0.8953917
0.9003683
0.8972996
0.8960187
0.897021
0.8986863
0.8974553
0.8987898
0.894221
0.9026975
0.904429
0.8962047
0.8952797
0.8990532
0.8971076
0.894568
0.9050455
0.894329
0.9010489
0.8928792
0.8987937
0.8989369
0.8994572
0.9021232
0.8921696
0.8989314
0.8974442
0.9087627
0.915523
0.9101162
0.8949445
0.9137809
0.895913
0.8999628
0.8927369
0.9254064
0.8991223
0.9234358
0.9021739
0.9221179
0.9018675
0.9027802
0.9005377
0.9087634
0.8633023
0.9135982
0.9041282
0.8647088
0.8724513
0.8527623
0.902227
0.8550446
0.8957108
0.9133319
0.9041738
0.8436376
0.894087
0.9101128
0.8973126
0.8991071
0.9092215
0.9210795
0.9058195
0.9105731
0.9007456
0.8976939
0.8506123
0.9109522
0.90502
0.8995025
0.9007721
0.8983744
0.8982978
0.8987045
0.8917758
0.8950139
0.8982307
0.8962254
0.889577
0.8905977
0.9192346
0.9204114
0.8836339
0.9058069
0.9019594
0.9065253
0.8598721
0.871963
0.9144651
0.8821411
0.8834465
0.8249461
0.9245078
0.9082349
0.9063131
0.9121622
0.9100449
0.9088443
0.9071822
0.9089304
0.9094145
0.9109215
0.9089978
0.9072477
0.9088949
0.9073833
0.9108233
0.9086842
0.9074237
0.9146153
0.9122168
0.9118347
0.9116348
0.9100503
0.9085145
0.908449
0.9132667
0.9050333
0.9078139
0.9084331
0.9086567
0.9097195
0.9072815
0.908995
0.9058554
0.90839
0.9092826
0.8427312
0.8546609
0.8860171
0.9071353
0.9011972
0.9204269
0.923088
0.9191399
0.8924499
0.8265491
0.8830368
0.9122937
0.8622618
0.9087405
0.8574408
0.9245843
0.8797658
0.9096325
0.892605
0.9092602
0.9130697
0.9185527
0.9144379
0.8678178
0.916652
0.8238975
0.8894614
0.9078489
0.9148227
0.9006714
0.9249094
0.9107537
0.9163616
0.9211754
0.9293626
0.9150671
0.8864612
0.9082156
0.9105489
0.9115995
0.9038162
0.9182588
0.912784
0.914649
0.9111469
0.9124241
0.9097468
0.9079547
0.9072634
0.9093267
0.9011976
0.9023322
0.8858087
0.9066019
0.9150003
0.8886078
0.898491
0.8988933
0.900555
0.8576475
0.8649365
0.9068141
0.8781179
0.8767925
0.620436
0.915935
0.9049666
0.8996028
0.9045806
0.9027324
0.9020369
0.8998642
0.9001466
0.8999857
0.9047316
0.9026886
0.9025776
0.9039469
0.9034493
0.9016883
0.903243
0.8981604
0.9042913
0.9081494
0.9011492
0.9008003
0.9036179
0.898293
0.901424
0.9051355
0.9013376
0.9028875
0.9018048
0.903932
0.901662
0.9006158
0.9036816
0.8984985
0.9015833
0.9015216
0.7606391
0.8545348
0.8856839
0.8994677
0.8970609
0.9090909
0.9087582
0.9067189
0.8962572
0.6594015
0.8882909
0.9073962
0.8416839
0.9046872
0.8562758
0.9144831
0.8746855
0.8969005
0.8895034
0.9051584
0.9067378
0.9080443
0.9081896
0.8665937
0.9123373
0.7681107
0.8849998
0.9041942
0.9018853
0.8892134
0.9254549
0.9074721
0.9078086
0.9102842
0.9250844
0.9089804
0.883628
0.9046489
0.9001647
0.9086409
0.8956763
0.9063772
0.9032988
0.9047417
0.907924
0.9061023
0.9053581
0.8972639
0.9015037
0.9049097
0.8994827
0.896185
0.8920907
0.9135981
0.9169147
0.8927827
0.9013163
0.9150191
0.9165824
0.8687431
0.8792318
0.9145989
0.8938088
0.8838846
0.8340582
0.9161149
0.9195675
0.9183931
0.922415
0.9186763
0.9195955
0.9221309
0.919175
0.9185791
0.9227978
0.9210857
0.9226581
0.9200545
0.9188681
0.9204992
0.9181907
0.9168385
0.9228254
0.9254585
0.9189583
0.9189669
0.9185503
0.9203956
0.9187215
0.9218301
0.9193548
0.9210526
0.9193965
0.9247554
0.9176766
0.9201169
0.9180699
0.9178579
0.9202659
0.9198525
0.8496982
0.8526273
0.898324
0.9128007
0.898317
0.9229478
0.922676
0.9209817
0.9050002
0.8393935
0.8922348
0.9200251
0.8641993
0.9194164
0.8745768
0.9266798
0.8899903
0.915455
0.8939389
0.9225645
0.9167343
0.9152621
0.914989
0.8696297
0.9217854
0.8386783
0.9007788
0.9148222
0.9101052
0.9013235
0.9282496
0.9191112
0.92178
0.9225115
0.9290396
0.9185429
0.8907401
0.917853
0.9171531
0.9130694
0.901406
0.9251775
0.92209
0.9236984
0.9221418
0.9226701
0.9208784
0.9163099
0.9181353
0.9178754
0.9145599
0.9173082
0.8711131
0.9122933
0.9159075
0.8894584
0.9014647
0.8922262
0.8970139
0.8795579
0.882149
0.9019806
0.85828
0.878318
0.8801821
0.9106709
0.9015535
0.8996902
0.8977502
0.9001683
0.8964436
0.8959417
0.8952278
0.8976188
0.9027066
0.9000324
0.8973641
0.8992033
0.8982826
0.8984784
0.9018209
0.8979607
0.9014605
0.9019229
0.9001858
0.8968665
0.9001902
0.900427
0.9015227
0.8991485
0.8936501
0.8974515
0.8998525
0.8984302
0.8966743
0.8962403
0.8984019
0.8944903
0.8999103
0.8996917
0.8853896
0.9010833
0.8683139
0.8957018
0.8926996
0.9129436
0.9144303
0.9150516
0.8803431
0.8824127
0.8889008
0.9038517
0.9014089
0.9026819
0.8761735
0.9078217
0.8605515
0.9018204
0.8761981
0.9003797
0.9084857
0.9136577
0.9044281
0.8874955
0.9132839
0.8835305
0.8749771
0.9019187
0.9100815
0.8974747
0.9192224
0.9049642
0.9132269
0.9137094
0.9225043
0.910307
0.8726574
0.9020294
0.9000988
0.903205
0.8949172
0.9058117
0.8994535
0.9030294
0.8998248
0.9002178
0.8986575
0.8962365
0.8977128
0.8952978
0.8959854
0.8930283
0.8796021
0.9249364
0.9187
0.8870511
0.9036413
0.9033323
0.9059808
0.8887232
0.8922366
0.915008
0.8669715
0.8833767
0.8961621
0.9213587
0.9122813
0.909509
0.9093112
0.9108522
0.9076627
0.9075012
0.904854
0.9102582
0.9116568
0.9115063
0.9108174
0.9074762
0.9092556
0.9053573
0.9098696
0.9103438
0.9085891
0.9129955
0.9090362
0.9117241
0.9103953
0.9086123
0.911211
0.9098726
0.9089193
0.9099919
0.9077516
0.9084847
0.908126
0.9068617
0.9100653
0.9082217
0.9067763
0.9077207
0.897062
0.9068909
0.8763967
0.9027186
0.8911296
0.9223602
0.9250517
0.9248226
0.8788778
0.8907279
0.8861319
0.909716
0.9056915
0.9091915
0.884081
0.9115683
0.860907
0.9104886
0.8770175
0.8986956
0.9164704
0.9240696
0.9154377
0.8858368
0.9220738
0.8940943
0.8763757
0.9051371
0.9217018
0.905874
0.9201947
0.9115418
0.9196019
0.9176023
0.9197989
0.9148485
0.8711744
0.9055919
0.9040865
0.9149583
0.898354
0.911424
0.9075714
0.9086632
0.9097281
0.9081318
0.9078661
0.9021416
0.905775
0.9061077
0.9034079
0.9039339
0.854563
0.9202288
0.9145122
0.8770792
0.9021505
0.8947673
0.8998746
0.873371
0.8799181
0.9072372
0.8307751
0.8740433
0.881544
0.9141109
0.8966598
0.8960072
0.8988764
0.8979336
0.8972531
0.8995322
0.8944836
0.8941682
0.8991927
0.8947178
0.8976559
0.8939553
0.8962352
0.8967512
0.899508
0.8976185
0.9002514
0.9021008
0.8981528
0.8944582
0.8969588
0.8921342
0.8991368
0.9001465
0.8910995
0.8979402
0.892257
0.8980104
0.8967288
0.8969298
0.8979812
0.895023
0.894771
0.8962641
0.8926754
0.9014085
0.8394155
0.8980231
0.8897281
0.9189483
0.9208119
0.9222359
0.8610712
0.877951
0.8772012
0.9003957
0.9020029
0.8967474
0.8644585
0.9121343
0.8400545
0.9041041
0.8689345
0.9010631
0.9081453
0.9168313
0.910016
0.8770322
0.9124429
0.8765975
0.8536968
0.8957276
0.9185274
0.8957792
0.9204836
0.903007
0.9157796
0.9122851
0.9263224
0.9076875
0.8445986
0.8979885
0.8942236
0.906036
0.896452
0.9015957
0.8980117
0.8987315
0.8991305
0.896648
0.8985548
0.896879
0.8956161
0.8950388
0.8946162
0.8908461
0.8573648
0.9112231
0.9149316
0.8845822
0.9005211
0.9022238
0.9066321
0.870174
0.8826441
0.9067842
0.8476062
0.8790644
0.8819815
0.91024
0.9090941
0.9062623
0.9094533
0.909487
0.9081175
0.9088902
0.9096799
0.9100892
0.9102202
0.9088157
0.9062344
0.9082834
0.9083514
0.9070594
0.9055817
0.9086644
0.9121756
0.9112983
0.903204
0.9113619
0.911501
0.9103037
0.911196
0.9131247
0.9058698
0.9089365
0.9059857
0.9097859
0.9073003
0.9072396
0.9114408
0.9068899
0.9114897
0.9081745
0.8881508
0.8960573
0.8666035
0.9038888
0.883934
0.9145017
0.917217
0.9190869
0.8701119
0.8839951
0.8839007
0.9100904
0.900988
0.9097227
0.8751317
0.9149953
0.8518366
0.9107875
0.8681618
0.9113203
0.9094138
0.9080987
0.9064548
0.878823
0.9081319
0.8880168
0.8740529
0.9083162
0.9112271
0.8893033
0.9196416
0.9079721
0.914259
0.9157333
0.9231039
0.9113162
0.8426322
0.9076399
0.9042326
0.9057827
0.8903596
0.9127054
0.9088339
0.9106141
0.911024
0.9093542
0.9063213
0.9014766
0.9049207
0.9071686
0.9060001
0.9032235
0.8467047
0.9185824
0.9177853
0.8698276
0.9044467
0.8997702
0.9015873
0.8711557
0.876814
0.9128422
0.8152893
0.8676922
0.8794739
0.9176745
0.9011162
0.9020563
0.9007992
0.9006386
0.9034653
0.9037273
0.9010646
0.9029053
0.9038652
0.903611
0.9050937
0.9007858
0.902063
0.9015873
0.9045158
0.9031188
0.9027902
0.9091545
0.9022187
0.9021069
0.9033282
0.8991263
0.9001463
0.9005627
0.8983166
0.9039991
0.9016253
0.9064827
0.9040998
0.9023538
0.9033534
0.9004716
0.9038695
0.9024773
0.8849156
0.8948004
0.8402539
0.8995949
0.8851485
0.9183275
0.9220247
0.9238667
0.849442
0.8777608
0.8693754
0.9029765
0.9026375
0.9027912
0.8663422
0.9167234
0.8280369
0.9110042
0.8552803
0.9008887
0.914842
0.9193969
0.9102419
0.880175
0.915478
0.877967
0.8531044
0.9008929
0.9144423
0.8939481
0.9239047
0.9107632
0.9183148
0.9141292
0.9255924
0.9138296
0.8138508
0.9045589
0.9041446
0.9100347
0.8891838
0.9064865
0.9032041
0.9039143
0.9052889
0.9043888
0.9044257
0.8997985
0.901558
0.9018631
0.9000782
0.898116
0.8520125
0.9154354
0.9178268
0.8784266
0.8964351
0.9120139
0.9100032
0.876127
0.8853925
0.9142827
0.8307115
0.8673332
0.8850873
0.9122311
0.9131817
0.9138571
0.9133126
0.9112201
0.9108666
0.9123695
0.9114978
0.9136701
0.9140041
0.9143725
0.9124136
0.913122
0.9135524
0.911119
0.9125521
0.9142484
0.9173001
0.9167792
0.9107942
0.9114741
0.9149109
0.914184
0.9141411
0.9133078
0.9143039
0.9145716
0.9128466
0.9130863
0.9121212
0.9100679
0.9141982
0.9125282
0.9135202
0.9122232
0.8856189
0.8940613
0.8508034
0.9093875
0.8825204
0.9258157
0.9250578
0.9258752
0.8580245
0.8794221
0.8777393
0.9093169
0.9008206
0.9131236
0.8794137
0.9198601
0.8394229
0.9172311
0.8579409
0.9094316
0.9151215
0.9174676
0.9118001
0.8830687
0.918665
0.8842966
0.8671686
0.9101354
0.9165551
0.896178
0.9280718
0.9183985
0.9173515
0.9251696
0.9313906
0.9185609
0.8162766
0.9131062
0.9125017
0.9132428
0.8896306
0.9182539
0.913013
0.9157242
0.9129365
0.9127274
0.9123094
0.9091863
0.9132277
0.9131625
0.909628
0.9138525
0.8508873
0.9234669
0.9215476
0.8759869
0.9063757
0.9078569
0.9113304
0.8875163
0.8855304
0.9176354
0.8278374
0.8763826
0.8885895
0.9199453
0.9120088
0.9126821
0.9149004
0.9125035
0.9120782
0.9121567
0.9128252
0.9128424
0.9118091
0.9144642
0.9129288
0.9124465
0.9124198
0.9124802
0.9141016
0.9145311
0.9149086
0.9162382
0.9121149
0.9141331
0.9143139
0.9148869
0.9120554
0.9131335
0.9104773
0.9135958
0.9092037
0.9134467
0.9102221
0.9113955
0.9121855
0.9087792
0.9113902
0.9137713
0.8901699
0.900257
0.8526562
0.9092938
0.8870656
0.9280023
0.9297666
0.9294548
0.8554359
0.8872931
0.8753787
0.9086813
0.9056834
0.909978
0.8778612
0.9225164
0.8378032
0.9212738
0.8679508
0.9121417
0.9194365
0.922629
0.9159516
0.883129
0.9235333
0.8886529
0.865131
0.9093864
0.9234211
0.904074
0.9265826
0.914025
0.927238
0.9232041
0.9300118
0.9215787
0.8243884
0.9126261
0.9135358
0.9158557
0.894049
0.9189386
0.9156525
0.9156235
0.9168708
0.9173389
0.9117596
0.9087128
0.9113937
0.9104633
0.9066934
0.9109608
0.8539259
0.9197049
0.9164117
0.8796625
0.9043258
0.9019062
0.9064898
0.8805813
0.8822144
0.9128816
0.842456
0.8777638
0.8857019
0.9097459
0.9095955
0.9105746
0.9059258
0.9066332
0.9077746
0.907808
0.9067727
0.9070699
0.9063744
0.9095127
0.9045055
0.9068131
0.9068097
0.9035038
0.9088498
0.9097075
0.9108537
0.9096907
0.9103276
0.907234
0.9083708
0.9038742
0.9076505
0.9061618
0.9058084
0.9078989
0.9088301
0.9039544
0.909312
0.9045762
0.9064977
0.9071717
0.9077826
0.9063639
0.887781
0.8989223
0.8540167
0.9044606
0.887935
0.9239645
0.9279529
0.9232404
0.8621873
0.8831197
0.8790186
0.9075329
0.9052797
0.9082096
0.8720041
0.918176
0.8476866
0.910272
0.8680032
0.9068057
0.911859
0.9187938
0.9132472
0.8800691
0.9181062
0.8800246
0.8625979
0.9107061
0.9139395
0.9012403
0.9210545
0.912368
0.9232024
0.9227119
0.9301166
0.9166351
0.8479706
0.9051745
0.9092425
0.9131536
0.8972107
0.9086934
0.9064515
0.9111797
0.9069423
0.9083169
0.9068696
0.9055923
0.9074977
0.9094537
0.9064776
0.9031366
0.8545488
0.9213678
0.9238517
0.88942
0.9115424
0.9072036
0.9094959
0.8804673
0.8915259
0.9201412
0.843327
0.88718
0.8918783
0.9205241
0.9112912
0.9090651
0.9094878
0.911137
0.91113
0.9086938
0.908008
0.9068676
0.9104441
0.9117897
0.9079036
0.9090198
0.9108197
0.9100353
0.9115079
0.9115173
0.9113557
0.9159421
0.909828
0.9106222
0.9122218
0.9119144
0.9098034
0.9095846
0.9072363
0.9108942
0.9101418
0.9108188
0.9086538
0.9095989
0.9109698
0.9070864
0.910595
0.9091391
0.893001
0.9080693
0.858889
0.9093811
0.8929222
0.9271568
0.9266032
0.9282248
0.8614855
0.8851059
0.8887461
0.9114749
0.9034673
0.9090974
0.8816662
0.9217397
0.849423
0.9169163
0.8724889
0.9112342
0.9178116
0.9216231
0.9181048
0.888662
0.9188884
0.89342
0.8671588
0.9100134
0.9188344
0.9036076
0.924603
0.9130405
0.9231945
0.9205733
0.9312747
0.9165745
0.8478148
0.9108768
0.9111729
0.9186144
0.8941537
0.9146265
0.9113635
0.9121759
0.9122035
0.9104635
0.9111281
0.9079957
0.9064215
0.9097548
0.9070079
0.9098581
0.8467649
0.9177465
0.9146533
0.8766217
0.901037
0.9023822
0.906473
0.8724172
0.8787536
0.9101356
0.8289604
0.87228
0.8746214
0.9146627
0.9073027
0.9068051
0.9039911
0.90921
0.9060909
0.9038159
0.9013115
0.9047551
0.9051953
0.906709
0.9061146
0.9030399
0.9055496
0.9050345
0.9064746
0.9069511
0.9062778
0.9069913
0.9050709
0.9075302
0.9078961
0.9051739
0.9062433
0.9066473
0.9019531
0.9050592
0.9058656
0.9052893
0.9079539
0.9029901
0.9060145
0.9049025
0.9072278
0.9036209
0.8912297
0.8947331
0.8442904
0.9025559
0.882062
0.9185319
0.921994
0.9205975
0.8541313
0.8778149
0.8768653
0.9056489
0.9016077
0.908472
0.8735277
0.9149822
0.8387633
0.9107791
0.8602071
0.906829
0.9091333
0.9147921
0.9114866
0.8747775
0.9141771
0.8785527
0.8580116
0.9072253
0.9129912
0.8976126
0.9223365
0.9058629
0.9146753
0.9149103
0.9254877
0.910777
0.8245654
0.9063176
0.9044234
0.90842
0.8904521
0.910331
0.9043028
0.9072948
0.9068499
0.9045155
0.9035886
0.9002367
0.9013366
0.9026434
0.9041382
0.9023643
0.9106834
0.9151563
0.9180179
0.9121434
0.9150803
0.8165131
0.8140154
0.8979319
0.9048487
0.8998375
0.9027649
0.9109741
0.9015498
0.9177172
0.8429381
0.8320981
0.8447247
0.8469013
0.840634
0.8385774
0.8300111
0.8366448
0.846896
0.8416768
0.8405283
0.8380485
0.8470354
0.8395104
0.8433621
0.8370629
0.8439186
0.8540511
0.8430879
0.8395286
0.843796
0.8422682
0.8437418
0.8502352
0.834171
0.8459058
0.8362233
0.8437711
0.8411986
0.8412968
0.8451033
0.8370833
0.8457459
0.842728
0.9146277
0.9230663
0.8955295
0.8032595
0.9195089
0.9088382
0.9100272
0.9041081
0.9170194
0.8999786
0.9117616
0.8040741
0.9234245
0.8299176
0.8962968
0.9054363
0.9002402
0.8959664
0.9136658
0.8363134
0.9045402
0.91212
0.90595
0.9038073
0.9114118
0.8981299
0.9055407
0.8312203
0.9071186
0.9049271
0.9127275
0.8965037
0.9049728
0.9027783
0.9151417
0.9034105
0.9096473
0.8262147
0.7984442
0.9069925
0.9203766
0.8530881
0.8440429
0.8470425
0.8443577
0.8449174
0.7965033
0.7913666
0.7951504
0.7931114
0.7963122
0.7950778
0.849091
0.9165066
0.915288
0.8726177
0.8982825
0.8986472
0.9044686
0.8731533
0.8785432
0.9091072
0.0538301
0.8688489
0.8749817
0.9136783
0.9026745
0.9009403
0.9012979
0.8996033
0.9007054
0.899544
0.8995905
0.900061
0.9006549
0.9009649
0.8995638
0.8997448
0.8999284
0.9014567
0.9057935
0.8990572
0.9066097
0.9046262
0.9013854
0.9013496
0.9023763
0.8973724
0.9013482
0.9009799
0.8999211
0.9016849
0.900667
0.899875
0.9012346
0.9005756
0.9026767
0.8988434
0.8994629
0.9004253
0.8831993
0.8965847
0.8447487
0.8977216
0.8880063
0.9182898
0.9201077
0.9179219
0.8538055
0.8796007
0.8721264
0.9066838
0.9006963
0.903094
0.8644267
0.9127053
0.8287152
0.906913
0.8626676
0.9063444
0.9102509
0.9179289
0.9070165
0.875831
0.9143974
0.8790376
0.8559051
0.9013898
0.9133638
0.8888406
0.9229347
0.9081755
0.9157936
0.9161336
0.927959
0.9147319
0.8258918
0.9002463
0.9000845
0.9097971
0.8920647
0.9102015
0.902569
0.9023064
0.9049682
0.9039117
0.9043769
0.8970922
0.9004228
0.9002673
0.8976333
0.9003035
0.8632983
0.9178077
0.9160459
0.8862102
0.9028422
0.9069445
0.908773
0.8833345
0.8920036
0.9170025
0.8572274
0.8855115
0.8867741
0.9142101
0.9102578
0.9101187
0.9103463
0.9103373
0.9076253
0.9092842
0.9074765
0.9099756
0.9106045
0.9098285
0.907838
0.9054165
0.9123234
0.9096972
0.9134693
0.9102537
0.9151176
0.9153866
0.912897
0.9098606
0.9106512
0.9077582
0.912074
0.9080172
0.908024
0.9112072
0.9107282
0.9097509
0.906271
0.9087215
0.9111683
0.9078724
0.9097556
0.9097261
0.8901934
0.9000845
0.864373
0.9082692
0.8893576
0.9227842
0.927703
0.927086
0.8664264
0.890305
0.8859715
0.9124426
0.9022974
0.9099198
0.8771581
0.9224564
0.8519772
0.9123052
0.8731778
0.9151394
0.912565
0.9168005
0.9142897
0.8839164
0.9217706
0.8875558
0.8767542
0.9089817
0.9199271
0.9004568
0.925519
0.9113
0.920269
0.9219316
0.9284302
0.9174309
0.8547839
0.9129503
0.9107633
0.9090523
0.8929049
0.9125065
0.9087646
0.9119133
0.909987
0.9103943
0.9119293
0.9087701
0.9110339
0.9094603
0.9087875
0.9060488
0.8471637
0.9145859
0.9131318
0.8800058
0.8991334
0.9046921
0.9074002
0.8724807
0.8852477
0.9154379
0.8347717
0.8790346
0.8814629
0.9101544
0.912831
0.9077362
0.9095597
0.9067679
0.9092717
0.9065854
0.9097086
0.9103497
0.9097869
0.9098151
0.9076235
0.9102167
0.907683
0.9092971
0.9098843
0.9091587
0.915047
0.9153145
0.9083964
0.9063621
0.9122602
0.9088617
0.9086789
0.9106954
0.9060183
0.9092741
0.9071474
0.9116619
0.9057006
0.9076579
0.9106201
0.9082393
0.9077672
0.9091328
0.8831056
0.8919698
0.8583383
0.9053683
0.8801462
0.9213812
0.9231299
0.9207558
0.8575216
0.8839621
0.8800058
0.9120142
0.9004816
0.908702
0.8718677
0.9193289
0.8431845
0.9105025
0.8558642
0.911694
0.912095
0.9139337
0.9080795
0.8793615
0.9198954
0.8807393
0.8654775
0.907066
0.913182
0.8958596
0.9237657
0.9138591
0.9140507
0.9224196
0.9291182
0.9181564
0.8281801
0.909448
0.9063342
0.9096163
0.887293
0.9156921
0.910402
0.9111792
0.9098201
0.9098447
0.9082283
0.9070282
0.9081308
0.9052867
0.9068042
0.9043488
0.8401698
0.915256
0.9151967
0.8857297
0.8998417
0.8957987
0.9015111
0.873692
0.8840111
0.9121624
0.8353975
0.8772178
0.8835877
0.9128361
0.9004875
0.8967158
0.8997737
0.9065776
0.897481
0.8989253
0.9001186
0.8992855
0.9023506
0.8989249
0.9002074
0.9003128
0.9031244
0.9008436
0.903818
0.9004514
0.9090392
0.9054139
0.9043676
0.8986499
0.901292
0.8995591
0.8988089
0.9019734
0.8964896
0.9012693
0.8980722
0.9002429
0.9004645
0.898936
0.8982862
0.8981465
0.9019159
0.8984702
0.8830831
0.9010814
0.8534663
0.9031773
0.8930297
0.9203876
0.9197407
0.9208539
0.8461968
0.8783405
0.8860096
0.9050599
0.9044881
0.9037
0.8700606
0.9184171
0.8416745
0.9057463
0.8640458
0.9041799
0.9063883
0.9175657
0.9096756
0.8820085
0.9163086
0.8844115
0.8690231
0.902229
0.9152309
0.8952546
0.9208897
0.9124195
0.9141799
0.9150383
0.9257033
0.910441
0.8441164
0.90359
0.9021476
0.9072183
0.8887746
0.9052223
0.9011001
0.9015798
0.9037387
0.9025639
0.9028883
0.901276
0.898651
0.8992745
0.9005478
0.8997676
0.8468129
0.9170304
0.9142528
0.8753795
0.8985414
0.9174432
0.91121
0.8754999
0.8836914
0.9154545
0.8286279
0.8666983
0.8827851
0.9151644
0.9165668
0.914219
0.9183048
0.9162451
0.9191089
0.9162609
0.9117438
0.9164816
0.9178556
0.9183285
0.9189483
0.9146376
0.9180339
0.9175942
0.9149064
0.9156801
0.9219873
0.9248088
0.9142134
0.9161569
0.9159593
0.9175986
0.9148442
0.9151924
0.9129758
0.9192205
0.9158549
0.9176367
0.9131706
0.9172055
0.9179516
0.9116598
0.9192547
0.9183831
0.8860169
0.8934365
0.8579139
0.9157111
0.8805388
0.9243344
0.9230574
0.9257831
0.8599736
0.884951
0.8747695
0.9173309
0.9005967
0.915868
0.877339
0.9202655
0.8442251
0.9170561
0.8563538
0.9179419
0.9176053
0.9150423
0.9116221
0.8800795
0.9187986
0.8861894
0.8698952
0.9164351
0.9171452
0.895032
0.9254898
0.920251
0.9223788
0.9250035
0.929115
0.9171591
0.8185776
0.9125471
0.9142887
0.9117221
0.8881379
0.9193621
0.9141343
0.9182047
0.9145557
0.916474
0.9106925
0.9111429
0.911692
0.9137429
0.914796
0.9127202
0.8587021
0.9200878
0.9192668
0.8847188
0.9044743
0.9061597
0.9055954
0.8825396
0.8873132
0.915407
0.8491207
0.8790113
0.8892447
0.9166466
0.9078606
0.9082983
0.9112766
0.9079096
0.9067288
0.904694
0.9071225
0.9068758
0.9095715
0.9093655
0.9067121
0.9072022
0.9059547
0.9048956
0.9101311
0.9080521
0.9102864
0.9116999
0.9092225
0.9100552
0.9124258
0.9076776
0.9066464
0.9077445
0.9072059
0.9081333
0.9094169
0.906353
0.9085474
0.9063188
0.9116733
0.9056584
0.9093324
0.9056631
0.8882798
0.9010718
0.8624736
0.9057793
0.8936322
0.9223514
0.9244123
0.9227849
0.8644588
0.8896628
0.8846388
0.9084282
0.9066504
0.909883
0.8785435
0.9185198
0.8529488
0.90946
0.8742838
0.9074639
0.9130388
0.9207956
0.9142252
0.8874614
0.9146861
0.8873036
0.873433
0.9074724
0.9138071
0.9015368
0.9248097
0.9122351
0.9193704
0.919178
0.9319285
0.9149378
0.8495388
0.9088852
0.9055126
0.9147811
0.8937639
0.9093874
0.9084944
0.9061892
0.9087184
0.9077428
0.9078634
0.9068168
0.907232
0.9066066
0.9061673
0.9060029
0.874005
0.9244914
0.9182266
0.9006368
0.9075642
0.9244097
0.9198959
0.8994844
0.9052049
0.9227898
0.8829608
0.8935547
0.9039969
0.9193225
0.9255095
0.9242145
0.9263978
0.9264645
0.9273531
0.9261157
0.9253198
0.9264716
0.927078
0.928907
0.9266586
0.9245512
0.9238807
0.9276341
0.9285246
0.9264594
0.9281326
0.9313051
0.9274645
0.9270133
0.9272476
0.9267661
0.9237622
0.9269383
0.9233278
0.9266522
0.9238188
0.9271826
0.9242932
0.9260768
0.9245048
0.9247037
0.9263376
0.9274419
0.8982491
0.9055351
0.890748
0.9178202
0.8998419
0.9339466
0.9348859
0.9320753
0.8776561
0.9000141
0.900021
0.925338
0.905454
0.9247439
0.901914
0.9279023
0.8844126
0.9213017
0.8811764
0.9214355
0.9220529
0.9186084
0.9179466
0.8950879
0.9269444
0.9019622
0.8979079
0.9213783
0.9255555
0.9109279
0.9277476
0.9277301
0.9334287
0.9288961
0.9315139
0.925011
0.8732506
0.9228669
0.9201161
0.9167189
0.8990491
0.9280961
0.9265989
0.9258317
0.9269895
0.9262887
0.9194311
0.9212944
0.9198029
0.9196886
0.9203381
0.9232603