0.8822517
0.9101571
0.8841907
0.898338
0.8251172
0.9127114
0.8926028
0.9076896
0.8860078
0.8901471
0.918249
0.8895923
0.9106942
0.9064307
0.7858784
0.8930327
0.9086193
0.9031834
0.9129289
0.8505426
0.9152076
0.8930718
0.9000898
0.9102587
0.9100404
0.8849395
0.8802441
0.874312
0.9123751
0.8913352
0.8226731
0.8843094
0.7618877
0.8493196
0.8754936
0.8181436
0.8311488
0.8903993
0.9113875
0.8256118
0.9021658
0.8973251
0.9018129
0.8713514
0.9143495
0.8632324
0.8939036
0.8858354
0.9112003
0.9111416
0.9101946
0.9107486
0.9035149
0.9178045
0.920615
0.8867999
0.8924921
0.8985425
0.9096541
0.9098568
0.9145246
0.9160007
0.9165027
0.9143996
0.914875
0.9167243
0.913355
0.9077092
0.7698779
0.9072485
0.9038268
0.9024064
0.8932416
0.7848898
0.8106486
0.9163671
0.9140339
0.8850886
0.9159982
0.9037606
0.8906211
0.9136629
0.9112774
0.9092354
0.8829354
0.8395016
0.8844905
0.8827771
0.88394
0.883619
0.8826909
0.8877848
0.9076268
0.9109925
0.903504
0.9064325
0.8876651
0.9092886
0.8418874
0.8912919
0.8976743
0.8519584
0.9148647
0.9181587
0.9062232
0.8828785
0.89774
0.8455191
0.9181831
0.8930397
0.9003087
0.9100151
0.9144648
0.9100799
0.8969739
0.9189266
0.9006164
0.8898775
0.8592435
0.9162178
0.8782612
0.9222816
0.902895
0.9143438
0.9137612
0.9244332
0.9263476
0.8977862
0.850815
0.9074468
0.9126039
0.9197623
0.9081462
0.9018554
0.9091849
0.9014237
0.9148861
0.9207428
0.9145329
0.8987612
0.8903841
0.9213396
0.9001219
0.9245862
0.8990518
0.915446
0.9111183
0.9142146
0.9174455
0.9176136
0.9154639
0.8428473
0.92627
0.90592
0.8684756
0.9080443
0.9162306
0.9150408
0.9191635
0.8225437
0.8263694
0.8257919
0.8235838
0.8242488
0.8258846
0.8219354
0.8269863
0.9174676
0.9028036
0.9042194
0.8893699
0.9093393
0.9165102
0.9122528
0.9121836
0.9176989
0.9214662
0.9264926
0.840726
0.9146403
0.9172808
0.8466975
0.9174781
0.9140879
0.9163919
0.9097798
0.9179026
0.9159108
0.9174689
0.9160375
0.9172663
0.9130187
0.8580383
0.9072028
0.8984567
0.8751561
0.9035081
0.9134922
0.9156191
0.9152933
0.8815183
0.9098004
0.8473615
0.8725522
0.8815114
0.9041554
0.8706855
0.9061957
0.8543356
0.8708756
0.916408
0.8356038
0.9037125
0.8968271
0.8705768
0.8693236
0.9048348
0.8926462
0.910638
0.90529
0.9134027
0.874891
0.8957984
0.9039994
0.9046615
0.8583097
0.8562423
0.869045
0.9096843
0.8502101
0.8911083
0.8501689
0.8895261
0.8831089
0.8741333
0.8834909
0.88716
0.8603399
0.9079953
0.8724251
0.8900932
0.8655853
0.9026696
0.9059563
0.911472
0.8918813
0.8549137
0.8481217
0.9048933
0.9052289
0.9044228
0.9053516
0.9024667
0.9106719
0.9161573
0.8553662
0.8733035
0.8936292
0.9052567
0.9132764
0.9149368
0.9160697
0.9175751
0.9171742
0.9150107
0.914523
0.9163192
0.9005713
0.8920912
0.9030223
0.9037517
0.9000856
0.8669349
0.8958103
0.8994562
0.9074346
0.9045443
0.8765266
0.9125663
0.8980935
0.8640938
0.9125722
0.905329
0.9007021
0.8523854
0.8762789
0.8796998
0.8790974
0.8787351
0.88012
0.8766512
0.8784852
0.9110662
0.896047
0.899865
0.9033444
0.865461
0.8936553
0.8932538
0.8634126
0.8882472
0.9149475
0.8916286
0.89636
0.8573319
0.9165423
0.8993885
0.9195162
0.889533
0.8937913
0.9272909
0.8899291
0.9189916
0.9125315
0.8332192
0.9007177
0.9091227
0.9065672
0.9213029
0.8219467
0.9209224
0.8996172
0.9094565
0.9169121
0.9141687
0.8894744
0.8900773
0.8844154
0.918918
0.8965894
0.8536612
0.8891237
0.834848
0.8661179
0.8819124
0.8481003
0.8584822
0.895079
0.9209165
0.8523405
0.9085561
0.8983123
0.9046366
0.8810884
0.9172287
0.8748071
0.8936003
0.8917423
0.9175676
0.9181113
0.9180402
0.920096
0.9093251
0.9184743
0.9244682
0.891327
0.8971453
0.9032349
0.9152262
0.9239665
0.926168
0.9254104
0.9254658
0.9251285
0.9242205
0.9240859
0.9240538
0.9159886
0.8342936
0.9126664
0.9100658
0.9148182
0.8992949
0.8405797
0.8468588
0.9142152
0.9198247
0.890564
0.9214494
0.9134297
0.8968762
0.9226364
0.9144689
0.9157104
0.890898
0.8573527
0.8923333
0.8905541
0.8911572
0.8907489
0.8913313
0.8943823
0.9196533
0.9148689
0.9080242
0.9152915
0.8938104
0.9064576
0.8177808
0.8939895
0.9032189
0.854709
0.9063251
0.9101743
0.8991548
0.8565031
0.9048164
0.8178402
0.9156328
0.9086345
0.8957744
0.9116624
0.8970053
0.8913381
0.8947407
0.9146217
0.9020321
0.8944627
0.7759607
0.9213052
0.8739533
0.9139261
0.8807553
0.8960856
0.8984117
0.9083553
0.9132807
0.8906766
0.7760256
0.9042508
0.9082553
0.9167521
0.911747
0.90863
0.9002078
0.8983405
0.9063669
0.9132345
0.8991618
0.8957943
0.8896662
0.9139944
0.9116062
0.9293292
0.8966986
0.9164161
0.9142938
0.9093398
0.8923294
0.8928403
0.8918274
0.8352139
0.9207886
0.9157489
0.8699462
0.9098106
0.9094589
0.9103551
0.8935343
0.8559431
0.8513308
0.8551883
0.8570318
0.8558007
0.8538726
0.8554592
0.8528654
0.8944691
0.9096347
0.8946342
0.8883151
0.8903272
0.9128465
0.9192438
0.9205575
0.9151251
0.9019071
0.9196073
0.8591629
0.8975871
0.9111394
0.8585254
0.9006495
0.8910952
0.9062522
0.9051703
0.9208992
0.91994
0.9209948
0.9206631
0.9199623
0.9062667
0.8516644
0.8892614
0.8944746
0.8644625
0.9041302
0.9135227
0.915982
0.9140898
0.8989049
0.860865
0.9073298
0.91472
0.9053362
0.8689342
0.903354
0.8278215
0.9163373
0.9017339
0.8992481
0.9094563
0.9138542
0.9026299
0.8994703
0.9153654
0.9011228
0.8925805
0.7809118
0.9207506
0.8796538
0.9165997
0.8924605
0.911024
0.9132313
0.9151391
0.9158694
0.8982342
0.7805442
0.9039292
0.9126948
0.9155034
0.9142575
0.9072209
0.9050978
0.8968671
0.9101163
0.9155369
0.9057342
0.9018849
0.8959856
0.9170269
0.9079554
0.9291461
0.8998151
0.9205775
0.9135781
0.9131835
0.9096089
0.9097833
0.9063347
0.8355448
0.9225986
0.910812
0.8723342
0.9088997
0.9124259
0.9154618
0.9069009
0.8564718
0.8578416
0.8564761
0.8564935
0.8568205
0.8542275
0.8568767
0.8562541
0.9057099
0.9096181
0.9021961
0.8893838
0.9025118
0.917459
0.9185007
0.9171003
0.9175386
0.9142155
0.9200335
0.8539457
0.9058857
0.9143008
0.8580031
0.9074579
0.902874
0.9092685
0.9098857
0.9170575
0.9176881
0.9188576
0.918755
0.9194841
0.9111032
0.8589502
0.902568
0.8988662
0.8743369
0.9053343
0.9149191
0.9128074
0.9164406
0.906271
0.8617508
0.9138894
0.918054
0.9090909
0.8746038
0.9052278
0.8409822
0.9163611
0.9057105
0.9046374
0.9115542
0.9175993
0.9057114
0.9056168
0.919993
0.9035789
0.8976454
0.7933735
0.9219359
0.8820095
0.9180962
0.8996917
0.9121747
0.9152536
0.9171932
0.9164286
0.903955
0.7837773
0.9063989
0.9166813
0.9154512
0.9158849
0.9110334
0.9083552
0.9050613
0.9144542
0.9190425
0.9090619
0.9041953
0.8991928
0.9191756
0.9113907
0.9266791
0.9059561
0.9208606
0.9136425
0.9133633
0.9079276
0.9076364
0.9090101
0.8456146
0.9259362
0.9107255
0.871149
0.9086568
0.9181397
0.9176116
0.9093931
0.8554788
0.8582674
0.8558373
0.8566105
0.8567151
0.8555046
0.8556621
0.8597823
0.9114485
0.908026
0.9042701
0.8948351
0.9071626
0.9179769
0.9153421
0.9175387
0.9174116
0.9159383
0.9237692
0.8547956
0.9114574
0.9183187
0.8573418
0.9131828
0.9096708
0.9116147
0.9109541
0.9172698
0.9183901
0.9193318
0.9188521
0.9195054
0.9108219
0.8662067
0.9060619
0.9006656
0.8750913
0.9049748
0.9154786
0.9179848
0.9171885
0.8923748
0.8923561
0.8867884
0.9013577
0.8962643
0.8983671
0.8931783
0.8955796
0.9009257
0.8836605
0.9050721
0.8968876
0.9120227
0.9027204
0.8858224
0.9072386
0.9031175
0.8532595
0.9021076
0.9135646
0.9093539
0.8989432
0.8938223
0.9129909
0.9131797
0.8939484
0.892901
0.8846959
0.8988913
0.8957336
0.9016864
0.8965035
0.9067274
0.8956816
0.893041
0.8933614
0.9002506
0.9000553
0.9093981
0.8868718
0.841355
0.8963115
0.8955461
0.9138137
0.8993653
0.9054726
0.899986
0.8988458
0.9050318
0.9051673
0.9035085
0.9020444
0.9044838
0.8969841
0.9074593
0.8885083
0.8951345
0.9018937
0.9106318
0.8978813
0.9004791
0.901118
0.8998475
0.9004143
0.8971493
0.8998041
0.8974555
0.9079278
0.9003641
0.8952184
0.8908461
0.8994109
0.9064684
0.9087761
0.9069935
0.9091986
0.9090372
0.9055332
0.900964
0.9023264
0.8978153
0.8969611
0.9078666
0.9084788
0.8862522
0.8980167
0.9022909
0.9026792
0.9046276
0.9029307
0.9063583
0.8921954
0.8975459
0.9012778
0.8979324
0.894139
0.8879426
0.9005383
0.9020681
0.9012054
0.8786723
0.9089162
0.8359074
0.8574972
0.8777162
0.9005575
0.8619806
0.9048809
0.813135
0.8627612
0.9199244
0.8580391
0.89728
0.8933396
0.8700056
0.8555973
0.9023739
0.8925832
0.9130173
0.9034224
0.9126831
0.8712565
0.893998
0.8991433
0.8989598
0.8260986
0.8307323
0.8658781
0.9088156
0.8634279
0.8892162
0.8275217
0.8838833
0.8807916
0.8743914
0.8803843
0.8839143
0.8457209
0.9025712
0.8706528
0.8935978
0.8518381
0.899206
0.9051383
0.9148016
0.8916622
0.871897
0.8127923
0.9017069
0.9018884
0.9000179
0.9043554
0.8987256
0.9144783
0.9197891
0.8419898
0.8578845
0.8883136
0.8974155
0.9134154
0.9171082
0.9195871
0.9186192
0.9195736
0.9155859
0.9144594
0.9167311
0.8987456
0.8909941
0.9019987
0.904226
0.8913683
0.8533985
0.8927818
0.8940069
0.9101588
0.899917
0.8746138
0.9147614
0.9002847
0.8474576
0.9132147
0.9010331
0.8982892
0.8305104
0.8755474
0.8716967
0.8736831
0.8719181
0.8753715
0.8720402
0.8753251
0.9048948
0.8954986
0.8989067
0.9042008
0.8566306
0.8945441
0.8915706
0.8485574
0.8919753
0.9139835
0.8571963
0.8722588
0.8899629
0.9064414
0.8731752
0.9119203
0.8497716
0.8800441
0.9233945
0.8798187
0.9050665
0.8986806
0.8835823
0.8723069
0.910889
0.8992195
0.9115767
0.9118526
0.9127872
0.8786246
0.9035395
0.901896
0.9042519
0.8496774
0.8572013
0.8825593
0.9138347
0.876356
0.8974396
0.848088
0.898457
0.8877621
0.8803176
0.8901003
0.8971543
0.8605233
0.9078163
0.8827368
0.9020977
0.8698346
0.9093283
0.9079003
0.9205406
0.8945681
0.8896957
0.8445623
0.9093208
0.9090294
0.9057338
0.9094707
0.9026461
0.9184119
0.9218624
0.8638878
0.869272
0.9019608
0.905355
0.9178726
0.9224488
0.9223468
0.9232738
0.9218211
0.919793
0.9195027
0.9223134
0.8966966
0.892253
0.9040655
0.9124261
0.8999573
0.8768309
0.9007065
0.9034539
0.9157618
0.9038565
0.8850918
0.9204194
0.904023
0.8617155
0.9171959
0.9063963
0.9026622
0.8536995
0.8859798
0.8890125
0.8870099
0.8864601
0.8876501
0.8879604
0.8817381
0.9125256
0.9020793
0.908953
0.908346
0.8663086
0.9013522
0.8988294
0.8703921
0.8764668
0.9009088
0.8855824
0.8945698
0.8339994
0.909225
0.8860874
0.8970748
0.8913512
0.8833911
0.9079909
0.8852555
0.9155897
0.9067824
0.7973415
0.8924146
0.8987027
0.8876189
0.905897
0.8585744
0.9094119
0.8916314
0.90228
0.9126712
0.9101382
0.8872517
0.8886648
0.8615145
0.9031016
0.8872202
0.8269078
0.890304
0.7677932
0.8467583
0.8649274
0.8219765
0.8326151
0.888619
0.9071436
0.8259511
0.8962504
0.8929082
0.8898287
0.8782884
0.9025549
0.8611081
0.889166
0.8857359
0.9152184
0.9149663
0.9142092
0.9008596
0.9048907
0.9105389
0.9118238
0.8787912
0.897013
0.8988975
0.9079637
0.9030525
0.9057344
0.9075587
0.9050104
0.9030749
0.9020714
0.9020393
0.9053489
0.9087701
0.7870533
0.909268
0.8961564
0.9066803
0.8952769
0.7933375
0.8272502
0.9125272
0.9151504
0.8866621
0.9068085
0.9113794
0.8928826
0.905594
0.9126408
0.9097939
0.8822954
0.8479288
0.8797637
0.87674
0.8783204
0.8759014
0.8765325
0.8807952
0.9043651
0.90912
0.8991188
0.9041494
0.8826842
0.9023802
0.8480204
0.8894277
0.9008364
0.895552
0.9008065
0.9079264
0.8968322
0.8861615
0.9036377
0.8916899
0.9060386
0.9029692
0.8988519
0.904314
0.8389394
0.8336117
0.8929379
0.9102623
0.9025015
0.898532
0.8977853
0.9205635
0.9027362
0.9057882
0.8785952
0.8388946
0.841422
0.9029974
0.8968761
0.8915785
0.8991373
0.8980115
0.9085936
0.9081792
0.9113879
0.9078863
0.9017822
0.8965219
0.8999034
0.9074296
0.8411778
0.8918528
0.8900065
0.9083248
0.9120036
0.9243916
0.9027687
0.9119142
0.9125782
0.9020014
0.8454145
0.8463015
0.8428954
0.8932369
0.9162388
0.9132037
0.9138425
0.9046512
0.9024269
0.9112645
0.8398114
0.908596
0.9099393
0.911842
0.9080021
0.9089559
0.909165
0.9088418
0.9124169
0.8365157
0.9076553
0.8508078
0.88989
0.8071252
0.9109836
0.9186538
0.9148683
0.9101303
0.8260535
0.9154204
0.904834
0.8378584
0.9056075
0.9036079
0.8400571
0.8396738
0.906052
0.9030616
0.9145542
0.9146218
0.9174995
0.9144076
0.9160113
0.8992042
0.8954619
0.7929221
0.8973508
0.8852839
0.895468
0.9136216
0.9122789
0.9060045
0.9081991
0.9052304
0.9051779
0.9140218
0.9059584
0.8968739
0.9115019
0.8933353
0.9168069
0.9087187
0.8971787
0.9082664
0.8992215
0.8977167
0.9035028
0.9157268
0.9060351
0.912303
0.9054145
0.9265811
0.9128396
0.9115081
0.8656106
0.9019349
0.9038489
0.9072421
0.9057486
0.9009968
0.9061656
0.9065571
0.9106736
0.9114692
0.9159153
0.9153574
0.9016801
0.9031248
0.9075488
0.9098992
0.9029033
0.90666
0.9053296
0.9150276
0.9152168
0.9310286
0.8873014
0.9148241
0.915906
0.9110712
0.9009491
0.9014044
0.8998966
0.9034592
0.9176785
0.9168275
0.9183523
0.9114663
0.9085057
0.9095086
0.8995624
0.9128154
0.9178758
0.9187984
0.9190994
0.9180724
0.9161663
0.9172268
0.9150815
0.8980363
0.9160727
0.9056088
0.8754584
0.8920856
0.9146547
0.9229519
0.9254641
0.9094965
0.8995982
0.9173967
0.9130141
0.8950931
0.9144406
0.9109264
0.9038197
0.8980586
0.910978
0.9103601
0.9186091
0.9191569
0.9181427
0.9195776
0.9164756
0.9040775
0.9062421
0.8925325
0.8929729
0.8961238
0.9050261
0.918125
0.9208462
0.9131427
0.8624618
0.8948548
0.8810065
0.8960444
0.7722211
0.9034839
0.8792857
0.8964548
0.8837666
0.8752585
0.9048146
0.8857468
0.9057945
0.8978713
0.6754892
0.8950393
0.8931983
0.8871871
0.9003518
0.8568683
0.9085624
0.8956537
0.8951704
0.9059278
0.9065797
0.8819044
0.8856178
0.8561431
0.9010306
0.884826
0.7553067
0.8865459
0.7970262
0.8272225
0.8648589
0.7382581
0.7857933
0.8870788
0.9022666
0.7964564
0.8871342
0.8931882
0.8874005
0.8638646
0.8996626
0.8538226
0.8929697
0.8831041
0.9043102
0.9040189
0.9023884
0.8942792
0.9004504
0.9140413
0.9133496
0.8795781
0.8889725
0.8901103
0.900959
0.9040902
0.9053591
0.9044246
0.903447
0.9012457
0.9042101
0.9034
0.9041142
0.9026026
0.7994782
0.9005097
0.89265
0.8928405
0.8962037
0.812037
0.8338098
0.9097171
0.9101895
0.884905
0.9034099
0.9029427
0.8902557
0.903052
0.9038154
0.8994852
0.8817917
0.8269582
0.8799377
0.8793764
0.8807174
0.8798714
0.8792898
0.8831344
0.8964635
0.8993686
0.8960146
0.8963476
0.8729966
0.8983069
0.8482869
0.8844549
0.8863284
0.9096795
0.846505
0.8649016
0.8822996
0.8997051
0.8687449
0.9071135
0.8317072
0.8755064
0.9153555
0.8692536
0.8968776
0.8944532
0.8752729
0.8623769
0.9097198
0.894023
0.9097429
0.9038326
0.9122632
0.87538
0.8964879
0.8971128
0.8956687
0.8362693
0.8384357
0.8723545
0.9096047
0.8643119
0.8904173
0.8421191
0.8886771
0.8901869
0.8792169
0.879508
0.8830401
0.842229
0.9012262
0.8713152
0.897053
0.8641162
0.9054487
0.9103023
0.9167765
0.8969346
0.8854368
0.8203565
0.8980244
0.8989598
0.8960549
0.9082404
0.898561
0.9127097
0.9199733
0.8519226
0.8591203
0.8958928
0.8950966
0.9188338
0.9223713
0.9227028
0.9228016
0.9221787
0.9220504
0.921168
0.9191934
0.8944279
0.8913964
0.8981628
0.9054377
0.8902194
0.8636615
0.8978185
0.90128
0.9105099
0.9012909
0.8810606
0.9151515
0.8945465
0.8554297
0.9159328
0.9007471
0.8935072
0.8478269
0.8805948
0.8831136
0.8807396
0.8818739
0.8816736
0.8838304
0.8791269
0.9045586
0.8933768
0.898537
0.9019196
0.8575048
0.8957692
0.8912974
0.858529
0.8838265
0.9155537
0.8741159
0.8889126
0.8864612
0.9175649
0.8901815
0.9147842
0.8738677
0.8851327
0.9238061
0.8831838
0.916821
0.9140431
0.8732431
0.8859392
0.9084325
0.8996127
0.9177805
0.9072284
0.923241
0.8903271
0.9107301
0.9163281
0.9168469
0.8801213
0.878649
0.8780187
0.9162148
0.8806002
0.8842079
0.8769392
0.883889
0.8821969
0.8807845
0.8816421
0.8865175
0.8785622
0.9186467
0.8715112
0.9009386
0.8879141
0.9056482
0.9003399
0.9210554
0.8900516
0.8849688
0.8697581
0.9183453
0.919
0.9198315
0.9164869
0.9006481
0.9114173
0.922429
0.8742639
0.8869892
0.8988768
0.9168509
0.9166303
0.9155837
0.9174879
0.9164516
0.9175126
0.9191582
0.9166727
0.9177326
0.9145624
0.8909582
0.911551
0.9177859
0.9143165
0.8841063
0.8924127
0.8917888
0.9166524
0.917304
0.7570635
0.9202909
0.9116195
0.8846387
0.9208714
0.915514
0.9168738
0.8697913
0.8775121
0.7614904
0.7659374
0.7647152
0.7687782
0.7691583
0.8830721
0.9176458
0.9121429
0.9080616
0.9178049
0.884747
0.9053826
0.8934813
0.880364
0.8844227
0.9173996
0.8417007
0.8666813
0.8860362
0.9079057
0.875238
0.9117151
0.8405137
0.8773935
0.9270023
0.8702907
0.9033525
0.9012169
0.8770446
0.8626627
0.911457
0.9007382
0.9145674
0.9059326
0.9157898
0.8728789
0.9015683
0.9012009
0.9012072
0.7707875
0.7705763
0.877175
0.915701
0.8688142
0.8888052
0.850213
0.8926384
0.8927919
0.8839913
0.8817768
0.8887045
0.8502945
0.9083572
0.877243
0.904341
0.8548022
0.9065883
0.910922
0.9186691
0.9008481
0.8806559
0.8333333
0.9095495
0.9095686
0.907566
0.9119292
0.8992388
0.9162168
0.9207723
0.8573504
0.8559232
0.8908102
0.9084092
0.9209324
0.9228859
0.9212472
0.9218208
0.9204046
0.9215808
0.920817
0.9218059
0.9022364
0.8916535
0.9055575
0.9125714
0.9026257
0.8675363
0.8950479
0.8942595
0.9085131
0.9036296
0.8789827
0.9227585
0.9034421
0.8572431
0.9210909
0.9057412
0.9023596
0.8486446
0.8799695
0.8850232
0.8853812
0.8842684
0.8867411
0.8853741
0.8783759
0.9102061
0.9018559
0.9063888
0.9115032
0.8679559
0.8992903
0.8896146
0.858692
0.8734333
0.8996297
0.8864665
0.8973286
0.7795623
0.9029021
0.8838672
0.8962831
0.8889048
0.8823358
0.9111467
0.8903425
0.9093446
0.9022279
0.6991787
0.897279
0.8990962
0.888973
0.9042127
0.8640455
0.913139
0.8952189
0.8936486
0.9063476
0.9070696
0.8849944
0.888853
0.8626228
0.9037566
0.8853039
0.7599936
0.8883736
0.8047016
0.8413018
0.8653917
0.7578172
0.7882026
0.8889245
0.9010424
0.8055319
0.8930964
0.8901955
0.8891591
0.869496
0.901168
0.852681
0.895961
0.8875346
0.9064128
0.9062013
0.9072227
0.8980388
0.9007177
0.9147212
0.9156449
0.8826237
0.890282
0.8920438
0.9033053
0.9063582
0.9089003
0.9080625
0.9082211
0.9069132
0.9079694
0.9080912
0.9072716
0.9064928
0.8127556
0.9028498
0.8988845
0.8962729
0.8988233
0.8227657
0.8382539
0.913395
0.9119241
0.8879261
0.9064008
0.9061599
0.8940817
0.9052665
0.9112762
0.905354
0.8825016
0.8352226
0.8855008
0.8830263
0.8876529
0.8834709
0.8855705
0.8837923
0.9007149
0.9014578
0.8968067
0.8971614
0.8783381
0.9018692
0.8525083
0.8856208
0.9029088
0.8413535
0.9051358
0.911936
0.8985534
0.8718308
0.9048809
0.8501965
0.9160947
0.9079521
0.8913882
0.9111369
0.8963328
0.8889255
0.8952553
0.9180083
0.8999602
0.8915636
0.8623167
0.9195374
0.8276468
0.9135943
0.879982
0.8981417
0.8970765
0.9132823
0.9107111
0.8952011
0.8620703
0.9019073
0.9087106
0.9151717
0.9107628
0.9060702
0.8999384
0.8977256
0.9060156
0.9119647
0.8939068
0.8964763
0.8925553
0.91129
0.9055517
0.9286239
0.8987756
0.9151558
0.9143135
0.9120792
0.8950389
0.895108
0.8945293
0.8561203
0.9184827
0.9111927
0.87936
0.9124064
0.9112826
0.9101722
0.8920381
0.8736581
0.8735837
0.8729505
0.8725981
0.871721
0.8716474
0.8717829
0.8732044
0.8938809
0.9080344
0.8916206
0.8874734
0.8880341
0.9205435
0.9148324
0.9194311
0.9127533
0.9008947
0.9211381
0.8675432
0.8967172
0.91081
0.8594928
0.8973997
0.8972748
0.9102638
0.9049231
0.916711
0.9163922
0.918306
0.9169407
0.9169144
0.9046483
0.8130149
0.8896712
0.8949066
0.865307
0.900957
0.914348
0.9134844
0.9137573
0.8960375
0.8908206
0.9046856
0.908877
0.8950914
0.8862254
0.9044762
0.886244
0.9135352
0.9025637
0.8947621
0.9067176
0.8424349
0.8391309
0.8939158
0.9145129
0.9015988
0.8944405
0.9001639
0.9195354
0.9052722
0.9128407
0.8793704
0.8429199
0.8470777
0.9048514
0.9037848
0.8918433
0.8968663
0.8969408
0.9094985
0.9093251
0.9110129
0.9104855
0.9018551
0.8956052
0.901317
0.9086104
0.8525033
0.8925919
0.8921924
0.9098093
0.9106711
0.9259387
0.897851
0.9151654
0.9123464
0.9047164
0.8499459
0.849918
0.8480158
0.8939334
0.9153096
0.9140984
0.9111572
0.9066468
0.9044195
0.9117287
0.8441392
0.9057258
0.9070633
0.9110057
0.9090775
0.9089804
0.9091076
0.9095084
0.9085721
0.844128
0.9047988
0.8561052
0.8774236
0.823814
0.9143528
0.9131086
0.915266
0.9096937
0.8512659
0.9176213
0.9009126
0.8401147
0.9109827
0.8981762
0.8508749
0.8444253
0.9073315
0.9025822
0.9168404
0.914078
0.9138838
0.9139411
0.9169268
0.9000783
0.8933324
0.8232006
0.897696
0.8901024
0.8995287
0.9146777
0.9136781
0.9122696
0.8978633
0.8963915
0.8916762
0.9043338
0.8959052
0.8813254
0.9091761
0.8832398
0.9098882
0.9053597
0.8939331
0.9083533
0.8098891
0.8136906
0.8987021
0.9126919
0.9024513
0.8995921
0.8962247
0.924052
0.9013642
0.9025658
0.8663663
0.8116045
0.814483
0.8969576
0.8988344
0.8886885
0.8990822
0.8992117
0.9120068
0.9108715
0.9143641
0.9129006
0.898374
0.8967542
0.903199
0.9034468
0.8382792
0.8914166
0.8945716
0.9082332
0.913771
0.9279339
0.9013935
0.9118702
0.9191995
0.9040081
0.8326576
0.832999
0.8239795
0.8930198
0.909654
0.917751
0.9154542
0.9075199
0.8988639
0.9089154
0.8246936
0.9105082
0.9153625
0.9146031
0.9129686
0.9150735
0.9145453
0.9122236
0.9149381
0.8265366
0.9113042
0.8451263
0.8864715
0.7920972
0.9124875
0.9170887
0.9213974
0.9076413
0.8098193
0.9110953
0.908005
0.7999681
0.9052836
0.905894
0.8321509
0.8246399
0.9002574
0.9005603
0.9131548
0.9143435
0.9157242
0.9143576
0.9160205
0.8967864
0.8927325
0.774456
0.8946139
0.8846761
0.8976211
0.9149179
0.9168905
0.9131633
0.9085968
0.9121302
0.9028611
0.9086127
0.90214
0.8989436
0.9168443
0.9032658
0.910112
0.9171517
0.9141147
0.9174601
0.735371
0.8442167
0.9081013
0.913008
0.9127662
0.9116575
0.9059047
0.9285391
0.9105922
0.9063851
0.8834456
0.7360748
0.7435412
0.9052027
0.9029039
0.9002132
0.9110793
0.908215
0.9112495
0.9112038
0.9184141
0.9143687
0.90453
0.9029612
0.9069659
0.9041505
0.8539023
0.904021
0.9058971
0.9072253
0.9192323
0.9305734
0.9129981
0.919951
0.9226384
0.9055752
0.8488535
0.84913
0.8402371
0.9049315
0.9156216
0.9220343
0.9209133
0.9144985
0.9053834
0.9183516
0.8426953
0.9240116
0.9286838
0.9283909
0.9286002
0.9277148
0.9255331
0.9242513
0.9267041
0.8403352
0.9168931
0.8567305
0.9035639
0.8288642
0.9164247
0.9211567
0.9246821
0.9133175
0.8319092
0.9124219
0.9212236
0.825902
0.9113623
0.9191511
0.8485087
0.8399466
0.9076324
0.9068573
0.9180455
0.9170441
0.9182957
0.9178524
0.9186234
0.9023496
0.8983368
0.8259105
0.9069057
0.8988998
0.9039375
0.920565
0.9153441
0.9165517
0.8880447
0.8903721
0.8918615
0.9006056
0.8984434
0.9049503
0.8876347
0.9000655
0.9010623
0.8858793
0.9032318
0.8877913
0.9123878
0.901023
0.8876141
0.90813
0.897512
0.5035444
0.9056476
0.9107193
0.9054127
0.9033444
0.8955322
0.9133061
0.9146898
0.9011824
0.9013661
0.8806997
0.8978226
0.8927256
0.9052255
0.9047058
0.9007519
0.8927763
0.8959785
0.8932467
0.9026062
0.9021943
0.9090329
0.8843032
0.8395688
0.904205
0.8946104
0.9142607
0.9039503
0.9055007
0.8933314
0.8999499
0.9083262
0.9083461
0.9064528
0.8997421
0.9134622
0.9023182
0.9070379
0.8860303
0.8974268
0.8952691
0.9125521
0.893466
0.8944146
0.8947012
0.8928867
0.8922973
0.8944482
0.8897596
0.8933098
0.9084558
0.901268
0.8970641
0.8929763
0.9000534
0.907806
0.9062368
0.9063701
0.9075803
0.9143681
0.9083025
0.891884
0.9033707
0.9024884
0.8863044
0.9107376
0.9072268
0.88972
0.9003141
0.9023084
0.8999823
0.9019142
0.8993865
0.9007904
0.8866652
0.8975893
0.9022943
0.8957717
0.8911783
0.8880372
0.9009777
0.9016132
0.9064255
0.8977221
0.9219004
0.9008273
0.9102845
0.8750405
0.9246609
0.9053959
0.9221336
0.8947312
0.8960246
0.930188
0.8968368
0.9276447
0.9234172
0.8562934
0.9084773
0.9136326
0.9098412
0.9268427
0.8884639
0.9263575
0.9098378
0.920212
0.9252893
0.9281705
0.9017482
0.9011536
0.8846334
0.9221825
0.903112
0.876836
0.8966434
0.8675043
0.8473057
0.8886354
0.8724192
0.881219
0.9053032
0.9261821
0.8445527
0.9132865
0.9055289
0.9072571
0.7275375
0.9180345
0.8293218
0.8969662
0.9009209
0.928071
0.9278567
0.9270758
0.9235352
0.9141437
0.9181806
0.9244098
0.898634
0.9111273
0.9103865
0.9260121
0.9202933
0.9212123
0.9218123
0.9172616
0.9188298
0.919919
0.9212311
0.9184989
0.9272917
0.8668985
0.9185917
0.9185332
0.9228178
0.9079671
0.8702598
0.8740603
0.9229518
0.9255245
0.896097
0.920646
0.9241787
0.9046053
0.9222448
0.9238233
0.9233626
0.8984195
0.8482525
0.8905582
0.8888614
0.8920873
0.8896457
0.8932343
0.9015381
0.9232174
0.9223271
0.9181671
0.9229044
0.8979548
0.9152801
0.8789401
0.8971368
0.8742261
0.9058484
0.875736
0.8960961
0.8285466
0.9041111
0.8930928
0.9013201
0.8865657
0.8909564
0.9148396
0.883687
0.903361
0.8984584
0.8124417
0.8903526
0.9026958
0.8914302
0.9050119
0.8747247
0.9118503
0.8897419
0.8970248
0.90216
0.9036033
0.8776393
0.8822084
0.8612097
0.9075065
0.886
0.8335269
0.8848651
0.8338339
0.8186039
0.8635346
0.8247077
0.8407176
0.8836543
0.9018816
0.7860485
0.8923231
0.8846333
0.8967695
0.8530362
0.9087599
0.8346445
0.8926877
0.8828139
0.9028954
0.9035032
0.9053863
0.9052182
0.8987239
0.9191427
0.9167688
0.8827644
0.8880108
0.8950917
0.903053
0.9164811
0.9172509
0.9184098
0.9163805
0.9163769
0.9146288
0.9148205
0.9162036
0.9029178
0.8378166
0.9063696
0.8990258
0.8978963
0.8921481
0.8493156
0.8616769
0.9098536
0.9039107
0.8798362
0.9107448
0.9007047
0.8892819
0.9117186
0.9043487
0.9003748
0.8757811
0.7618915
0.8803563
0.8772611
0.8812897
0.8771514
0.8806767
0.8750818
0.8997832
0.8993161
0.8992223
0.9012866
0.8816529
0.9053787
0.8583062
0.8883587
0.8903976
0.8855345
0.899413
0.9054714
0.8978843
0.9030985
0.8872916
0.8945744
0.9070823
0.8786837
0.9041055
0.8884683
0.9169715
0.9081363
0.8856658
0.9077845
0.8944847
0.8391584
0.9029636
0.91143
0.9071421
0.909062
0.895998
0.9149642
0.9196789
0.9052522
0.9046834
0.8870726
0.8970173
0.8947576
0.9027956
0.9026081
0.9031947
0.8887721
0.8934462
0.8901143
0.9037241
0.9062223
0.9124134
0.8821007
0.8381928
0.9064561
0.8897712
0.9133786
0.893412
0.9035499
0.8918506
0.8999136
0.9148239
0.9156888
0.9139207
0.8947407
0.9093093
0.8982498
0.9012647
0.8866145
0.9063242
0.9010895
0.9132023
0.8843812
0.8872463
0.8879556
0.8880623
0.8873711
0.8877873
0.8865466
0.890384
0.9163062
0.8991105
0.9019368
0.8856729
0.9083745
0.9080041
0.9017889
0.9039588
0.9047452
0.9247121
0.911009
0.8848552
0.9110211
0.9062556
0.8883695
0.915489
0.9109417
0.8968827
0.8993717
0.9021278
0.9020606
0.9056309
0.9025942
0.902635
0.8932556
0.9
0.9068529
0.8962403
0.894978
0.8898043
0.903542
0.9040017
0.9025413
0.9074166
0.9115118
0.9042768
0.9075481
0.9048384
0.8992682
0.9165012
0.9012607
0.9098577
0.9171151
0.9118111
0.9174227
0.7334742
0.8465188
0.9075712
0.9137113
0.9111992
0.9098443
0.9076907
0.929186
0.9093556
0.9066808
0.884882
0.7409686
0.7475243
0.9040929
0.9020718
0.8983057
0.9101228
0.9061869
0.9117253
0.9114122
0.9186034
0.9147216
0.9011828
0.9037026
0.9090521
0.9036748
0.8510447
0.9038944
0.9060019
0.9073653
0.921145
0.93195
0.9114452
0.9208131
0.9212947
0.9063448
0.8491426
0.8497214
0.8400212
0.9050002
0.9157408
0.9209059
0.921287
0.9139268
0.9057205
0.918237
0.8404438
0.9239588
0.9275246
0.927976
0.9283029
0.9279286
0.9239401
0.924198
0.9263312
0.8404276
0.9176959
0.8587058
0.9008729
0.8286703
0.9168874
0.9187325
0.9231706
0.9131765
0.8325144
0.9143078
0.9200242
0.8288299
0.9126073
0.9184534
0.8449493
0.8406128
0.9053523
0.9057914
0.9174003
0.9174254
0.9184845
0.9181933
0.9201327
0.9005315
0.8994668
0.8307722
0.908198
0.8991787
0.9030623
0.9206734
0.9162612
0.9178923
0.9109497
0.9182674
0.9093553
0.9182312
0.9134815
0.9189939
0.9155677
0.9190117
0.9162342
0.9109608
0.9208682
0.9115169
0.9235645
0.9171334
0.9090108
0.9164422
0.910304
0.912998
0.921944
0.9257822
0.9226577
0.9200451
0.9158459
0.9231327
0.9225049
0.917013
0.9171997
0.9122048
0.921637
0.9137196
0.9183337
0.9154539
0.9221963
0.9175336
0.91454
0.9149941
0.9186335
0.9161574
0.9232987
0.9182529
0.9134241
0.9201113
0.9222748
0.9293453
0.9161765
0.9237363
0.9157569
0.9186576
0.922801
0.9229603
0.924516
0.9165556
0.9276389
0.8633979
0.9253696
0.9162905
0.9172773
0.9227903
0.9229917
0.9187644
0.9167178
0.9205093
0.9190949
0.919758
0.9187009
0.9186507
0.9215243
0.9229249
0.9197211
0.9179505
0.9158243
0.9186861
0.9143728
0.9221604
0.9264691
0.9017903
0.9178554
0.9216316
0.9166667
0.9191358
0.9177842
0.9173574
0.9236061
0.9221785
0.9121814
0.915366
0.921568
0.9226154
0.9221395
0.9234644
0.9210922
0.9146502
0.9203208
0.9193084
0.912399
0.9168536
0.9111367
0.9142432
0.919787
0.9215882
0.9060748
0.8629558
0.9178342
0.9200593
0.9152368
0.8887032
0.8985544
0.8582629
0.917176
0.9000509
0.9029509
0.9072987
0.9259141
0.9179065
0.9023777
0.9183847
0.8994928
0.8937147
0.866848
0.9208899
0.8860063
0.9248078
0.9067122
0.9255914
0.9241803
0.9236431
0.9243531
0.9054766
0.8639815
0.9101227
0.917302
0.9211748
0.9128056
0.907844
0.9132728
0.903826
0.9133611
0.9289076
0.9240801
0.9086211
0.8961764
0.9203502
0.9083758
0.9267706
0.8977006
0.919048
0.9115209
0.9171286
0.9246779
0.9252581
0.9248383
0.8611343
0.9303514
0.905725
0.8740951
0.9090289
0.9251135
0.913102
0.9282703
0.7605413
0.7661284
0.7637658
0.7575422
0.761747
0.7650643
0.7683878
0.7638736
0.9246619
0.9100623
0.9089702
0.8933866
0.918237
0.9221637
0.9149951
0.9170596
0.9181793
0.9334814
0.929276
0.8523273
0.9225813
0.9249105
0.8518914
0.9242802
0.9238517
0.9113865
0.913045
0.9206327
0.9199705
0.9230742
0.9207362
0.9201067
0.9176705
0.8749578
0.9195275
0.9024283
0.8826844
0.9087805
0.9128919
0.9185744
0.9195016
0.8739764
0.9054674
0.8788907
0.8970452
0.8286449
0.9038475
0.8929802
0.9017281
0.8852033
0.889436
0.9140327
0.8851521
0.9035686
0.8976827
0.8137792
0.8909931
0.9020482
0.8923923
0.9077005
0.8764653
0.9120614
0.8916386
0.8976711
0.9044382
0.9035773
0.8799173
0.881359
0.8638025
0.9098016
0.8851656
0.8336269
0.8853092
0.8348534
0.8183827
0.8648569
0.8266378
0.8437243
0.881933
0.9021658
0.7869387
0.8916532
0.8822237
0.8965112
0.8533128
0.908269
0.8328725
0.8942056
0.8804273
0.9029078
0.9037108
0.9046234
0.9047602
0.8998591
0.9185323
0.9168651
0.8850691
0.886388
0.8954917
0.9020456
0.9156706
0.9170748
0.9175623
0.916045
0.9156039
0.9142114
0.914086
0.9165813
0.9041458
0.8400463
0.9053364
0.8999131
0.8973586
0.8906849
0.8514151
0.8610827
0.9100204
0.9041976
0.8819245
0.9120797
0.8994554
0.8868986
0.9116201
0.9048644
0.8999929
0.877939
0.7642769
0.8811593
0.8785897
0.882412
0.8790826
0.8816784
0.8743398
0.9002711
0.8985372
0.9011815
0.9023491
0.8819772
0.9067052
0.8578322
0.886924
0.9079712
0.9048133
0.9053886
0.9078717
0.9028072
0.8987255
0.9134339
0.9016417
0.9139999
0.9106082
0.9069421
0.9133248
0.8470785
0.8506921
0.9061085
0.9177653
0.9139373
0.9036887
0.9053911
0.9247585
0.9105847
0.9091447
0.8894966
0.8530405
0.853188
0.9049705
0.9046426
0.9005655
0.9089916
0.9071773
0.9116869
0.9168499
0.9125506
0.9176597
0.9098053
0.8992146
0.9060145
0.911333
0.4303306
0.8997976
0.9030991
0.9152595
0.9125733
0.9298976
0.9098629
0.9193537
0.9195442
0.9096049
0.7970857
0.7978344
0.8018627
0.900413
0.9207628
0.9208584
0.9213085
0.9127135
0.9057243
0.9125774
0.7992912
0.9196911
0.9230741
0.922037
0.9222138
0.9217905
0.9213121
0.9205159
0.9209877
0.7969214
0.9144877
0.8696096
0.8939317
0.84064
0.9191905
0.9181155
0.9244597
0.9159454
0.8533601
0.9207504
0.9142978
0.8536069
0.9122917
0.9101016
0.8025502
0.7973472
0.90721
0.9061787
0.9175115
0.9215599
0.9198123
0.9216408
0.9193131
0.9071094
0.90114
0.8376281
0.9055468
0.8952844
0.9028689
0.9221233
0.9159757
0.9157341
0.8705814
0.9044713
0.8763011
0.8952472
0.8297688
0.9049471
0.8913215
0.9014485
0.8852648
0.8897723
0.9132642
0.8852548
0.9045356
0.8984703
0.8085537
0.888861
0.9021228
0.8921248
0.9060265
0.8739848
0.9118127
0.890982
0.8966003
0.9027941
0.901665
0.8794185
0.8797265
0.8609171
0.907627
0.8855052
0.832809
0.8863334
0.8340335
0.8137244
0.8618233
0.8268829
0.8419498
0.8843569
0.9034436
0.7853998
0.8917049
0.8842963
0.8948768
0.8518655
0.9081793
0.8331468
0.8921075
0.8804961
0.9020452
0.9029268
0.9034901
0.9054209
0.8976483
0.9176519
0.9146021
0.8813719
0.8889402
0.8944007
0.9029047
0.9138637
0.9169708
0.9170623
0.9160612
0.9153429
0.9133555
0.9135888
0.9154878
0.9042181
0.8382721
0.9059103
0.8991968
0.8986881
0.8903011
0.8503867
0.8585198
0.9088775
0.9052062
0.8830309
0.9111727
0.9012253
0.8892221
0.9114487
0.9041627
0.9001498
0.8784993
0.7592104
0.8774423
0.8768468
0.8806741
0.8758088
0.8779306
0.8751953
0.8999133
0.8997997
0.8979991
0.9033934
0.8803397
0.9055007
0.8567253
0.8851823
0.8890244
0.9076199
0.8673549
0.8832551
0.8922702
0.9051634
0.8876181
0.906794
0.8726581
0.8863951
0.9188033
0.8846407
0.9051368
0.9035128
0.8819575
0.881671
0.9088664
0.9065617
0.908652
0.9090334
0.9106614
0.8839254
0.9011199
0.9064394
0.9043246
0.8719877
0.871529
0.8772604
0.9083573
0.880604
0.8965517
0.8718071
0.8952425
0.8917931
0.8857649
0.8892543
0.8917374
0.8775348
0.907414
0.8810876
0.8980871
0.8753593
0.9047685
0.9139087
0.9206794
0.9036246
0.8942568
0.8674632
0.9101522
0.9113292
0.90821
0.9070956
0.9024519
0.9173577
0.9183251
0.8746655
0.8775304
0.9026229
0.9056597
0.9162388
0.9152611
0.9157109
0.9154211
0.9154157
0.914896
0.9135326
0.9164372
0.9058807
0.8947368
0.9093489
0.9071346
0.9035842
0.8821589
0.9006726
0.9053032
0.9135888
0.905578
0.890124
0.916219
0.9082801
0.8841954
0.9130932
0.9074663
0.9015219
0.8706521
0.8865103
0.8960452
0.897123
0.8974159
0.8976621
0.8953893
0.8911415
0.9061778
0.9023953
0.9055445
0.9082131
0.8676726
0.9020584
0.9002014
0.8825148
0.8910177
0.9184922
0.8952439
0.9060033
0.8691052
0.9217468
0.8961326
0.9169826
0.8916777
0.8864746
0.9268214
0.8916549
0.9249141
0.9231276
0.8417494
0.9031211
0.9058638
0.8996015
0.920092
0.8864478
0.9223896
0.9100647
0.9182665
0.9227579
0.9238082
0.8976557
0.8961201
0.8817975
0.9171712
0.9012779
0.8672274
0.8925779
0.85985
0.8338638
0.8832051
0.8568792
0.8662067
0.9018672
0.925533
0.8245294
0.906551
0.9019635
0.9011445
0.7797804
0.91431
0.8157547
0.8926114
0.8952164
0.9250061
0.924941
0.926094
0.9164572
0.912953
0.9164636
0.9186168
0.8913698
0.9051977
0.9071858
0.9260305
0.9131212
0.9139687
0.915326
0.9154339
0.9134457
0.914121
0.9134019
0.9130371
0.9266413
0.8562622
0.9130053
0.9142908
0.9175594
0.9069228
0.8606954
0.8690962
0.9183625
0.927448
0.8933536
0.9128864
0.9226873
0.9033925
0.9155826
0.9223083
0.9214181
0.8929183
0.8383955
0.8910793
0.8870888
0.889232
0.885825
0.8907849
0.8942661
0.9152729
0.9190089
0.9131131
0.9147563
0.8951956
0.9103229
0.8793498
0.8943457
0.9126509
0.9013094
0.9210325
0.9264195
0.9136108
0.9086098
0.9139812
0.9012202
0.927138
0.914839
0.8923798
0.9175776
0.9147765
0.9067321
0.9089158
0.9280232
0.9163471
0.9113521
0.9115378
0.9268554
0.9206094
0.9263417
0.8921126
0.9166727
0.9170149
0.9281909
0.9255457
0.909595
0.9122736
0.9162074
0.9252791
0.9246392
0.9200346
0.9211001
0.9163763
0.907873
0.9128756
0.9278509
0.9129897
0.9088676
0.9080544
0.9276042
0.9126084
0.9345543
0.8982499
0.9258969
0.9218648
0.9217005
0.9163691
0.916345
0.9127911
0.9034689
0.9306221
0.9207252
0.914639
0.9215138
0.9279132
0.9230659
0.912646
0.9081461
0.9099901
0.915015
0.912028
0.9149568
0.913965
0.9103146
0.9118398
0.9138786
0.9182855
0.9108208
0.8883491
0.9058296
0.9267951
0.9259828
0.9281827
0.9193445
0.9176505
0.9345685
0.9134456
0.9123683
0.9281041
0.9106001
0.9140931
0.9128414
0.9197683
0.9202844
0.9288895
0.9287061
0.9316051
0.9288582
0.9292595
0.9155483
0.9088745
0.9077439
0.9010231
0.8984744
0.9163902
0.9251006
0.9237687
0.9206372
0.907066
0.9069496
0.8989574
0.9097163
0.9038956
0.8928953
0.9148127
0.9016549
0.9095864
0.9143725
0.9103319
0.9113196
0.8296347
0.8526501
0.9048792
0.9142918
0.9081832
0.9063654
0.9045945
0.9250584
0.9103748
0.9107634
0.8871211
0.8296589
0.8312889
0.9044426
0.90603
0.8983768
0.9090324
0.9005735
0.912534
0.9091622
0.9152901
0.915186
0.9022004
0.9053492
0.9117271
0.9066232
0.8566527
0.9036936
0.9077588
0.913125
0.9173882
0.9321519
0.9137931
0.9196157
0.9194298
0.9089159
0.8604399
0.8605762
0.8534124
0.903445
0.9167338
0.9186289
0.9223216
0.9144332
0.9053303
0.9145082
0.8530344
0.9203296
0.920193
0.9226696
0.9218583
0.9227769
0.9215376
0.9204119
0.9215261
0.8471969
0.9112229
0.8625326
0.89841
0.8342799
0.9125883
0.9164999
0.9222428
0.9101849
0.8419709
0.9140061
0.9171735
0.7519806
0.9126869
0.9121974
0.8574349
0.8477011
0.9029171
0.9090554
0.9166462
0.9166725
0.9171637
0.9168739
0.9152887
0.899536
0.9019072
0.8341129
0.9097001
0.9003155
0.9011603
0.9144202
0.9165324
0.9136043
0.9051828
0.8952766
0.8973237
0.9065172
0.8979892
0.8865694
0.9061249
0.8905946
0.9070347
0.9051575
0.9011473
0.9071341
0.8362669
0.8427305
0.901808
0.9140617
0.9040028
0.8978297
0.9007647
0.9208671
0.9066221
0.907199
0.8773763
0.8285846
0.8307528
0.9020718
0.8995373
0.8899306
0.9006542
0.8974341
0.9112733
0.9104154
0.9163178
0.9100758
0.901288
0.8987155
0.9064615
0.9017505
0.8542886
0.8989895
0.8961666
0.9053223
0.9127036
0.9303763
0.905994
0.9173767
0.9150417
0.9026466
0.8569187
0.8571429
0.8514658
0.896714
0.9152489
0.9141038
0.9141048
0.9081527
0.8972488
0.9136675
0.8444529
0.9141392
0.9134324
0.9120338
0.9129117
0.9115313
0.9127427
0.9106052
0.9115621
0.8408762
0.9121531
0.8514031
0.8894415
0.8247277
0.9134003
0.9155068
0.9207217
0.9096258
0.8420753
0.911714
0.9068276
0.7750583
0.9064052
0.9030321
0.8536295
0.8391656
0.9050983
0.9069371
0.9122572
0.9135118
0.9148399
0.9135266
0.9133455
0.9029189
0.8961571
0.8151646
0.8980866
0.8919085
0.8996509
0.9137681
0.9194341
0.9119907
0.90674
0.9060975
0.8978004
0.9057837
0.9013767
0.8941241
0.911772
0.8985624
0.9111151
0.9110013
0.9096689
0.9087116
0.8285977
0.8415943
0.9032807
0.9121105
0.9102914
0.9047824
0.9044652
0.9247503
0.9060362
0.906123
0.8831169
0.8245148
0.8289122
0.9021521
0.9039431
0.8927418
0.9084676
0.904659
0.9149557
0.9106552
0.9142656
0.9115097
0.9035266
0.9009307
0.9054517
0.9051364
0.854169
0.9034871
0.9041841
0.9098253
0.9148346
0.9298797
0.9104445
0.917578
0.9182053
0.9076528
0.8484027
0.8484187
0.8439258
0.9019216
0.9168911
0.9160006
0.9149215
0.9095224
0.9035342
0.9120302
0.8468619
0.9166697
0.91908
0.9199293
0.9203498
0.9188412
0.9184771
0.9164333
0.9185447
0.841626
0.916564
0.8592894
0.9015826
0.8254313
0.9119075
0.9204414
0.9200963
0.9083394
0.8374322
0.9107634
0.9128299
0.8072917
0.9080374
0.9106469
0.8488372
0.8423767
0.9038104
0.9103891
0.916804
0.9142456
0.9186835
0.9149063
0.915601
0.902921
0.9028187
0.8230636
0.9048484
0.8940567
0.9011151
0.912779
0.9158182
0.915189
0.9059304
0.9034261
0.8986802
0.9067992
0.9034988
0.894329
0.9134035
0.8967938
0.9087964
0.9113203
0.9090341
0.9114206
0.8271392
0.8435012
0.9023311
0.9098396
0.9085976
0.9072172
0.9053329
0.9248364
0.9077731
0.9052386
0.8853365
0.82286
0.8241256
0.9000252
0.9006851
0.895868
0.9085908
0.9024858
0.9140474
0.9108172
0.9149626
0.9127484
0.901411
0.8978842
0.9047534
0.9027309
0.8496497
0.9031379
0.9021451
0.9058376
0.915177
0.9291151
0.9088813
0.9167162
0.9182147
0.9058651
0.8460841
0.8464063
0.8453499
0.9000473
0.9151919
0.9168375
0.9176109
0.9093344
0.9016713
0.9139145
0.846323
0.9177558
0.9205602
0.9208136
0.9215096
0.9211185
0.9197999
0.9170811
0.9197483
0.8393539
0.9148156
0.8610211
0.9009453
0.8221339
0.9101758
0.9217322
0.9208214
0.909639
0.8333142
0.9125722
0.9147451
0.8015351
0.907695
0.9119454
0.851144
0.8406898
0.9021665
0.9093522
0.9155958
0.913758
0.917481
0.9151046
0.9156854
0.9035537
0.8998212
0.8235408
0.9048536
0.8958476
0.8985826
0.9130173
0.9154851
0.9131235
0.9013411
0.8963855
0.8979093
0.9102134
0.903689
0.8926438
0.9085511
0.8946921
0.9087548
0.9129479
0.9010016
0.9093085
0.8435462
0.8508845
0.9022741
0.9174012
0.9077732
0.9024496
0.9047481
0.9246244
0.9064531
0.9103365
0.885919
0.843069
0.8398136
0.9054249
0.9042607
0.8964008
0.9040472
0.9066981
0.9150121
0.9117289
0.9178573
0.912856
0.9056543
0.9051917
0.9114984
0.9048351
0.8638585
0.9039997
0.8976612
0.9129459
0.9166466
0.9299481
0.9072915
0.9178849
0.9199115
0.909958
0.8631555
0.8628216
0.8592476
0.8997687
0.9179178
0.9150004
0.9171414
0.9122347
0.906773
0.9121004
0.8561792
0.913635
0.913934
0.9145117
0.9133274
0.913643
0.91035
0.9092882
0.9104997
0.85614
0.9132014
0.8572989
0.8946102
0.8395629
0.9162779
0.9219486
0.9225073
0.9112499
0.8513416
0.916484
0.909081
0.7877389
0.908698
0.9036686
0.8622065
0.8551328
0.906531
0.9088078
0.9168759
0.9185436
0.9170906
0.9195807
0.9178039
0.9012872
0.8977147
0.8353
0.9023647
0.8948552
0.8989748
0.9162192
0.9180957
0.9150157
0.8935699
0.8934585
0.8975016
0.9048697
0.8970135
0.8839135
0.9084515
0.8870583
0.9090092
0.9076091
0.8988178
0.9045516
0.8247311
0.8349272
0.8989305
0.9087319
0.9048835
0.8973292
0.8982199
0.9239949
0.8976814
0.9061953
0.8739047
0.8267998
0.8336476
0.8951728
0.8983402
0.8940487
0.9021858
0.8976106
0.9094643
0.9090909
0.9150816
0.9047859
0.8989591
0.8978655
0.9079591
0.9036283
0.8491459
0.8967377
0.8980171
0.9065699
0.9138671
0.9270881
0.907865
0.9171583
0.9146749
0.900656
0.8517182
0.8523856
0.8473454
0.8970491
0.9121542
0.910551
0.9111167
0.9092385
0.9007069
0.9081578
0.8401309
0.9128127
0.9145334
0.9128366
0.9143316
0.9133074
0.916026
0.9120431
0.9095825
0.8367497
0.9112485
0.8496009
0.8905645
0.8195814
0.9104022
0.9141488
0.9213788
0.9036814
0.8341979
0.9119311
0.911674
0.7770832
0.9082868
0.9045182
0.8479634
0.8380718
0.9025105
0.9046625
0.915913
0.915672
0.9138972
0.9166048
0.914966
0.8969331
0.8878909
0.8184812
0.8983157
0.8888645
0.8906468
0.9112098
0.9121842
0.9117057
0.8862532
0.9125814
0.8928956
0.9041573
0.7694988
0.9148474
0.8965984
0.9099572
0.8982419
0.896878
0.9203941
0.9010883
0.9126142
0.9133329
0.683677
0.8971256
0.9133105
0.9045509
0.9133167
0.8699237
0.9163611
0.904157
0.9080181
0.9131414
0.9122653
0.8887892
0.8884788
0.8758781
0.9135278
0.8965456
0.2148779
0.8907061
0.8254573
0.850266
0.8757469
0.7474498
0.7834183
0.8975281
0.9144364
0.8245101
0.9099388
0.8951012
0.9031353
0.870791
0.9128152
0.8638193
0.9029485
0.8937908
0.9162052
0.9159543
0.9131076
0.9121884
0.9037136
0.919367
0.9223449
0.8926307
0.8984207
0.8999859
0.9141961
0.91842
0.9196584
0.9178232
0.9178885
0.9169798
0.917213
0.9183837
0.9161349
0.9121579
0.828695
0.9164741
0.9111953
0.9094722
0.8994081
0.8317142
0.8455159
0.9181874
0.9145757
0.8921687
0.9184501
0.9137378
0.8953076
0.9168551
0.9171882
0.912621
0.8893821
0.8395135
0.8931506
0.8901929
0.8922107
0.8899557
0.892305
0.8899431
0.9112958
0.909959
0.91013
0.9101971
0.8905083
0.9109376
0.8600109
0.896341
0.8781834
0.8999456
0.8822931
0.8971684
0.8093172
0.9002786
0.8904824
0.8964793
0.884535
0.8868301
0.9120137
0.8919046
0.8998182
0.8994523
0.7654685
0.8902094
0.9055706
0.8905682
0.9059178
0.8517809
0.9151361
0.8945115
0.8926423
0.9006067
0.9012012
0.8781055
0.8787418
0.8622396
0.9043373
0.8864139
0.7986808
0.8865281
0.7597908
0.8386952
0.866591
0.7953321
0.8104972
0.8826712
0.905695
0.8082446
0.8913051
0.892132
0.895297
0.8706354
0.9070956
0.857122
0.8996249
0.8781726
0.9042731
0.9038673
0.9033403
0.9027908
0.9022976
0.9189681
0.9175759
0.8831051
0.8879872
0.8950282
0.8992942
0.9124047
0.9127773
0.9131057
0.9111429
0.9111299
0.9102936
0.9100921
0.9129175
0.8991138
0.7668492
0.8986195
0.8993194
0.893955
0.8957182
0.7787392
0.80911
0.913018
0.9068104
0.8873667
0.9131176
0.8980389
0.8881857
0.9092466
0.9019227
0.8996429
0.8815281
0.8289747
0.8823002
0.8796957
0.8783303
0.879544
0.8789663
0.8818915
0.9004731
0.8952569
0.9006285
0.9005993
0.8782112
0.9053534
0.8399006
0.8876566
0.9041638
0.8685822
0.9149035
0.914217
0.9080566
0.8656056
0.9026998
0.8619424
0.9187573
0.9030145
0.8948824
0.9097793
0.9153917
0.9045707
0.9024692
0.9198419
0.9008134
0.8985528
0.8761473
0.9191855
0.8885176
0.920245
0.8941677
0.9123641
0.9141861
0.9188289
0.920811
0.9033886
0.8705036
0.9091488
0.9200871
0.9165425
0.9121725
0.9086184
0.9071579
0.9025312
0.911176
0.9194556
0.9080661
0.905403
0.8966041
0.9185243
0.9073895
0.9291762
0.8991321
0.9196963
0.9094005
0.9135197
0.9101642
0.9106115
0.9087918
0.8668748
0.9246986
0.9071509
0.8828259
0.910467
0.912947
0.9146578
0.9074868
0.869691
0.8724863
0.8698508
0.8695031
0.867044
0.8714765
0.87313
0.873542
0.9063312
0.9093171
0.9026418
0.891216
0.9042068
0.9157421
0.9106372
0.9198376
0.9143086
0.9133145
0.922361
0.8621625
0.907176
0.9167078
0.8664864
0.9078062
0.9045081
0.9168143
0.9108647
0.9172176
0.9181547
0.9174689
0.9177098
0.9168861
0.9135214
0.8741199
0.9067699
0.8996265
0.8782883
0.9068156
0.9157228
0.9174437
0.9198489
0.9045676
0.8703572
0.9122732
0.9131492
0.9082458
0.8693109
0.9051142
0.8671688
0.9168695
0.9048098
0.9024967
0.905604
0.9168847
0.9050913
0.9014197
0.9217102
0.9042829
0.8985961
0.8697994
0.9209361
0.8875562
0.9192025
0.8955229
0.9147705
0.9159925
0.9186949
0.9169753
0.9019897
0.8700676
0.9111338
0.9182474
0.9161133
0.9136042
0.9083404
0.9114928
0.9061987
0.9171806
0.9203376
0.9099961
0.9006996
0.8988365
0.9177846
0.9102023
0.9277737
0.899572
0.9221122
0.9109821
0.9132958
0.9116215
0.9118326
0.9115726
0.8686099
0.9258425
0.9132341
0.8875208
0.9106056
0.9149346
0.9165615
0.9125116
0.8761018
0.8766323
0.8776437
0.8781919
0.8763577
0.8779939
0.877862
0.87759
0.9125062
0.9100389
0.9043907
0.8929659
0.9055026
0.9209519
0.9150867
0.9202646
0.9128806
0.9155255
0.9239353
0.8713202
0.9085835
0.9205261
0.8711262
0.9107736
0.9083931
0.915581
0.9135741
0.9167133
0.9166259
0.9168124
0.9172048
0.9155122
0.915486
0.8762599
0.9045345
0.9000255
0.8854638
0.9075588
0.9143804
0.9147433
0.9184951
0.898518
0.8671603
0.9106113
0.9094649
0.905793
0.867267
0.9014819
0.8662253
0.9135526
0.9001992
0.8966326
0.907215
0.9092143
0.9017434
0.9015983
0.9177575
0.9013334
0.8911992
0.8723883
0.9179471
0.8835591
0.916395
0.8929749
0.9099396
0.9109228
0.9151965
0.9169644
0.8977614
0.8654919
0.9011427
0.9154231
0.9172507
0.909884
0.9054627
0.9048504
0.9007199
0.9119392
0.9162804
0.9075558
0.9035176
0.8976957
0.916555
0.9031442
0.925
0.8969768
0.9180076
0.9091592
0.9119989
0.9076593
0.9074452
0.9020045
0.8648212
0.9210232
0.9054197
0.880747
0.9085477
0.9114022
0.9144116
0.9085817
0.8690678
0.8704695
0.8682656
0.8682688
0.8687423
0.8695887
0.8689421
0.8683469
0.9093555
0.9076437
0.9007521
0.8893197
0.8979745
0.9193935
0.9122788
0.9173904
0.9112667
0.9117826
0.9205961
0.8607076
0.9045355
0.9174877
0.8656716
0.9060532
0.9007969
0.9058781
0.9079106
0.9150635
0.9165761
0.9166491
0.9166637
0.9158393
0.9093242
0.8700008
0.9003254
0.898793
0.8787103
0.9048115
0.9142847
0.9131626
0.9186416
0.9135681
0.9167896
0.9049959
0.9105958
0.9045366
0.8999781
0.9193782
0.9052186
0.9128604
0.9221794
0.9177404
0.9220761
0.740447
0.8542024
0.9080836
0.9138089
0.9152483
0.9171265
0.9091297
0.9278615
0.9133229
0.9096053
0.895712
0.7439435
0.7415772
0.9032823
0.9040094
0.9045692
0.9121679
0.9086201
0.9160621
0.9097784
0.9169387
0.9180529
0.9057396
0.9056341
0.9087779
0.9049673
0.8602903
0.9064094
0.9105919
0.9140633
0.9216559
0.9296309
0.9164852
0.9193094
0.9249692
0.9125818
0.8526966
0.8533967
0.8451346
0.908403
0.9217083
0.922727
0.9248312
0.9175947
0.9084225
0.9180924
0.845362
0.9278231
0.9313562
0.9322711
0.9312722
0.9308677
0.930225
0.9299666
0.929086
0.8409601
0.9158028
0.8672553
0.9085256
0.8326913
0.9151795
0.9196429
0.9244315
0.9132363
0.8375248
0.9136413
0.9226678
0.8372571
0.9123635
0.9222222
0.8501044
0.845733
0.9061009
0.90855
0.9175989
0.9151623
0.9181129
0.9154408
0.9173444
0.903851
0.9041215
0.835133
0.9089859
0.9049228
0.9074623
0.9190441
0.9181242
0.9172149
0.8856481
0.9133656
0.8903992
0.8996481
0.8351382
0.9171151
0.9001062
0.9136844
0.8916379
0.8943017
0.9197549
0.8947954
0.9180773
0.9114778
0.8046866
0.9011941
0.9097917
0.9040873
0.9154856
0.8570439
0.9157088
0.9019005
0.9152495
0.9154304
0.9164054
0.8922156
0.8925726
0.8788745
0.9115904
0.8958773
0.8271513
0.8919044
0.7672346
0.8580412
0.8779214
0.8289722
0.8405851
0.8944865
0.920937
0.8411354
0.9029184
0.9011607
0.9035151
0.8730238
0.9162704
0.8693652
0.8984328
0.8952449
0.9197466
0.9200223
0.9165243
0.9164608
0.9091572
0.9195728
0.9199265
0.8935449
0.89883
0.9027004
0.9171278
0.9120667
0.914533
0.9176556
0.9163854
0.9154356
0.9148031
0.9135731
0.9139217
0.9145017
0.7799071
0.9138552
0.9126417
0.9140311
0.9000882
0.7783012
0.8242884
0.9205287
0.9192827
0.8897852
0.9177533
0.9135902
0.8954207
0.9197009
0.9164674
0.9149897
0.8926387
0.8510818
0.888881
0.8872596
0.8893567
0.8878908
0.8906697
0.8975485
0.9132023
0.91662
0.9084008
0.9109001
0.8913152
0.9101543
0.8455413
0.8918227
0.9081004
0.912977
0.9016667
0.9100576
0.9033577
0.8969884
0.9189458
0.9002929
0.9117951
0.9185693
0.9120531
0.9182225
0.7335331
0.8428279
0.9070796
0.9124449
0.9142087
0.9104627
0.9091626
0.9267509
0.9130732
0.905846
0.8816234
0.7296302
0.7389344
0.9041811
0.9017172
0.8986511
0.9081215
0.9063989
0.9136894
0.9120722
0.9163748
0.9140414
0.9033903
0.9043813
0.9103662
0.9032914
0.8496198
0.9033501
0.9074313
0.9126265
0.9188151
0.9332133
0.9141509
0.918844
0.9266707
0.9076945
0.8507463
0.8508477
0.8445549
0.9041355
0.917966
0.9229648
0.9192252
0.9173018
0.905464
0.9155129
0.8403139
0.9222267
0.9276697
0.92769
0.9300981
0.9283511
0.9268373
0.9259096
0.9264322
0.8388285
0.9172999
0.8616409
0.9035232
0.8297426
0.9144452
0.919331
0.9197433
0.9096447
0.8292362
0.9144723
0.919788
0.8283328
0.9129202
0.917938
0.848617
0.8395981
0.9074439
0.905416
0.9152847
0.9176772
0.9177894
0.9176119
0.9190678
0.9022678
0.8985284
0.8292005
0.9049166
0.8979378
0.9031071
0.9203671
0.9159371
0.9182626
0.8781834
0.8999456
0.8822931
0.8971684
0.8093172
0.9002786
0.8904824
0.8964793
0.884535
0.8868301
0.9120137
0.8919046
0.8998182
0.8994523
0.7654685
0.8902094
0.9055706
0.8905682
0.9059178
0.8517809
0.9151361
0.8945115
0.8926423
0.9006067
0.9012012
0.8781055
0.8787418
0.8622396
0.9043373
0.8864139
0.7986808
0.8865281
0.7597908
0.8386952
0.866591
0.7953321
0.8104972
0.8826712
0.905695
0.8082446
0.8913051
0.892132
0.895297
0.8706354
0.9070956
0.857122
0.8996249
0.8781726
0.9042731
0.9038673
0.9033403
0.9027908
0.9022976
0.9189681
0.9175759
0.8831051
0.8879872
0.8950282
0.8992942
0.9124047
0.9127773
0.9131057
0.9111429
0.9111299
0.9102936
0.9100921
0.9129175
0.8991138
0.7668492
0.8986195
0.8993194
0.893955
0.8957182
0.7787392
0.80911
0.913018
0.9068104
0.8873667
0.9131176
0.8980389
0.8881857
0.9092466
0.9019227
0.8996429
0.8815281
0.8289747
0.8823002
0.8796957
0.8783303
0.879544
0.8789663
0.8818915
0.9004731
0.8952569
0.9006285
0.9005993
0.8782112
0.9053534
0.8399006
0.8876566
0.9093418
0.8995599
0.9186669
0.9235541
0.9119977
0.9090301
0.9108115
0.8986142
0.9230991
0.9094923
0.8924669
0.9125989
0.9185591
0.907469
0.9013329
0.923688
0.9123799
0.9093673
0.9124202
0.9263023
0.921114
0.924297
0.8934039
0.9193882
0.9175639
0.925236
0.9240215
0.9060788
0.9131149
0.912532
0.9222998
0.923734
0.9169103
0.9144129
0.9149222
0.9070876
0.9153668
0.9265329
0.9146514
0.9063199
0.9074298
0.9269331
0.9078124
0.9309392
0.8941137
0.9236992
0.9146964
0.9222751
0.9162119
0.9164243
0.9171385
0.9003809
0.9264528
0.9173371
0.9117583
0.9211146
0.924264
0.924941
0.9129718
0.9030997
0.9054126
0.9091777
0.9062966
0.907153
0.9080807
0.9055774
0.907858
0.914878
0.9142123
0.9059955
0.8843434
0.9032941
0.9283155
0.9236265
0.9253774
0.9171161
0.9209952
0.9328398
0.9070189
0.9108191
0.9251306
0.9066563
0.9169193
0.9131658
0.9179639
0.9164136
0.9254291
0.9255183
0.9277786
0.9258271
0.9244288
0.9189258
0.9111523
0.9087233
0.900969
0.9021815
0.9123525
0.9246617
0.921605
0.9243154
0.8961854
0.8820358
0.9090283
0.9092539
0.9013396
0.896005
0.8986147
0.878724
0.9148662
0.8972947
0.8880073
0.903214
0.8924002
0.8897646
0.892013
0.9122455
0.8969233
0.8930956
0.8923387
0.9202434
0.9037787
0.9151857
0.8749812
0.8953906
0.8977927
0.912629
0.9091106
0.89231
0.8902614
0.9037978
0.907191
0.9128857
0.9084644
0.905364
0.8992555
0.8891667
0.9005008
0.9149518
0.8973138
0.8856437
0.8907557
0.9137506
0.9041369
0.9231446
0.8870122
0.9134356
0.9096532
0.9076152
0.8932473
0.893642
0.8947215
0.8909571
0.9176958
0.9093129
0.9048153
0.9080085
0.9103606
0.9063476
0.8849164
0.8947649
0.8974066
0.899206
0.8956105
0.8950622
0.8952562
0.8953577
0.8959976
0.8939109
0.9036305
0.8925823
0.8761477
0.8838206
0.9142223
0.9130295
0.9159253
0.9127637
0.9000476
0.9198599
0.8931648
0.8930556
0.9190965
0.8930329
0.8962326
0.8908181
0.9119158
0.9056747
0.9118979
0.9143283
0.9107219
0.9139957
0.9110272
0.8956988
0.8855593
0.8840134
0.8936652
0.8872346
0.8970169
0.9151749
0.9114865
0.9151676
0.8776683
0.9015741
0.8862973
0.89772
0.8691098
0.9030228
0.8839217
0.9024435
0.8876693
0.8798309
0.902648
0.8827358
0.9121449
0.9041824
0.8610214
0.897355
0.8978869
0.8864786
0.9044588
0.8968407
0.9080303
0.8944122
0.8975599
0.9090682
0.9108271
0.8880908
0.8880197
0.8203743
0.9034893
0.8817453
0.8762317
0.8857579
0.8767443
0.8724105
0.8118234
0.8652193
0.8755582
0.8907683
0.9066932
0.856247
0.886589
0.8930881
0.8908424
0.8934842
0.9031022
0.881494
0.8896517
0.8814164
0.9098679
0.9104685
0.9074516
0.8999637
0.9045853
0.9056095
0.9107833
0.8786146
0.8877569
0.8983993
0.9068875
0.9035369
0.9060687
0.9070494
0.9046077
0.9051541
0.903983
0.9023554
0.9083621
0.9089899
0.8756473
0.9057109
0.8936849
0.903939
0.8931221
0.8781982
0.8883192
0.9123812
0.9119557
0.8905219
0.9041002
0.905833
0.8923867
0.9035056
0.9104177
0.9067439
0.883764
0.8717301
0.8826291
0.8796819
0.8840068
0.8798122
0.8801619
0.8779293
0.9051209
0.9003388
0.8982086
0.8984604
0.8845663
0.9021363
0.8881364
0.8845163
0.9073458
0.9080706
0.8986711
0.9006989
0.9094713
0.894204
0.9173709
0.8995193
0.9128325
0.915096
0.9089306
0.9134977
0.8459712
0.8496796
0.9061587
0.9110127
0.9113906
0.907236
0.9076967
0.9236713
0.9082226
0.9106471
0.8816843
0.8450694
0.8465965
0.8976794
0.8969198
0.9003922
0.9076335
0.9069299
0.917633
0.9097469
0.9163443
0.9154781
0.9084254
0.9032847
0.9107194
0.9030668
0.8054163
0.9055141
0.9071036
0.9115423
0.9178493
0.928364
0.914211
0.9211689
0.9221489
0.9079102
0.7975872
0.7977775
0.797811
0.9025098
0.9172081
0.9213708
0.9231579
0.9149608
0.9001774
0.913045
0.7860017
0.9214875
0.9227754
0.9260207
0.9238367
0.9239648
0.9199603
0.9200264
0.924335
0.780609
0.9180621
0.8690964
0.9010532
0.8375753
0.91362
0.9225198
0.92367
0.9129831
0.847951
0.9176055
0.9145596
0.8471167
0.9084861
0.9119578
0.7884744
0.7844159
0.9055581
0.9070445
0.9168564
0.9183196
0.9188849
0.9176877
0.9182669
0.9003549
0.902689
0.839927
0.9078476
0.8964366
0.9007908
0.9154418
0.9162882
0.9139405
0.8776246
0.9157579
0.8720111
0.8857071
0.882781
0.9178531
0.8842721
0.9144821
0.8700858
0.8783374
0.9199712
0.8788478
0.9147426
0.908764
0.8697838
0.8795072
0.9055301
0.8974726
0.9179891
0.9051715
0.9147084
0.8868744
0.9097881
0.9144709
0.9132467
0.8741073
0.8778958
0.8761123
0.9160372
0.8784949
0.8861239
0.8685298
0.8836483
0.8738396
0.8829914
0.8800508
0.889124
0.8703791
0.9156437
0.8650744
0.8978711
0.8838538
0.9054692
0.8936712
0.9177665
0.8886164
0.8810051
0.8675911
0.9174939
0.9177357
0.9157662
0.9167702
0.9030673
0.9106951
0.9211902
0.8718774
0.8871203
0.8972207
0.9138041
0.9183815
0.9170591
0.9170716
0.9144446
0.9174128
0.9172507
0.9203112
0.9188569
0.9117209
0.881809
0.9072705
0.9145223
0.9101029
0.880357
0.8890946
0.8900884
0.9154765
0.911647
0.7438799
0.9162684
0.9078251
0.8775576
0.9145848
0.9157131
0.9156317
0.8694858
0.8715693
0.7429665
0.7474938
0.7421708
0.7491498
0.75003
0.8771096
0.9163939
0.9071528
0.9089801
0.9166521
0.8790753
0.900659
0.8909297
0.8817631
0.9023261
0.8968433
0.8963546
0.9062841
0.8994952
0.8886651
0.9112265
0.8930053
0.9116114
0.9087899
0.9033997
0.9047397
0.8415395
0.8266236
0.9007708
0.9122536
0.9083389
0.8984397
0.8957624
0.9186701
0.9011632
0.9058894
0.8794769
0.8468864
0.8494652
0.902413
0.8991519
0.8925215
0.9013984
0.8985466
0.9120775
0.906915
0.912603
0.90863
0.9033482
0.8978614
0.9021488
0.9029803
0.8490348
0.8985673
0.8951289
0.910905
0.9165366
0.9274959
0.908187
0.9159865
0.9172358
0.902983
0.84354
0.8442094
0.8399398
0.8938156
0.9133373
0.9121343
0.9110673
0.9063555
0.8994884
0.9114115
0.841322
0.9102508
0.9119841
0.914508
0.9136224
0.913494
0.9124972
0.910214
0.9109239
0.8383635
0.9117317
0.8620944
0.8936876
0.8323815
0.9112097
0.9195837
0.9169531
0.9081686
0.8391235
0.915279
0.9074101
0.8444972
0.9044359
0.9061201
0.8443542
0.8398703
0.9011735
0.9051943
0.917174
0.9138796
0.9185502
0.9146117
0.9189864
0.9029026
0.896027
0.8267018
0.9011716
0.8862263
0.8965406
0.9104693
0.9116232
0.9099204
0.9051351
0.9052461
0.9023451
0.9085268
0.9015599
0.8948744
0.9117657
0.8992967
0.9145479
0.909265
0.9071834
0.9111403
0.8445499
0.8455321
0.9052097
0.9148379
0.911178
0.9031009
0.9027497
0.9218232
0.907182
0.910063
0.8861105
0.8488285
0.8498904
0.9028723
0.9037883
0.8974918
0.9047045
0.9061089
0.9152177
0.9165676
0.9102784
0.9157572
0.9069317
0.9018612
0.9053973
0.9090623
0.5533551
0.8962921
0.9028221
0.9113663
0.9118836
0.9295755
0.9093661
0.9197143
0.9210434
0.9089597
0.7935262
0.7945649
0.7982058
0.8989768
0.9181042
0.9207382
0.9174581
0.9131093
0.9037694
0.9120592
0.7995865
0.9185395
0.9177324
0.9181003
0.9183621
0.9204091
0.9194194
0.917716
0.91984
0.7936259
0.9114283
0.8678845
0.8962343
0.8347039
0.9193661
0.9170884
0.9221602
0.9139168
0.8545373
0.9181242
0.9114607
0.8491328
0.9105156
0.909916
0.8033991
0.7904762
0.9067889
0.9066798
0.9152018
0.9184937
0.9172557
0.9178305
0.9157424
0.9045228
0.8986313
0.8305613
0.9027893
0.8909643
0.9011458
0.9193795
0.9173811
0.9173032
0.9068978
0.9072139
0.8975497
0.9076471
0.9039351
0.8937573
0.9120704
0.9013865
0.9130312
0.9157158
0.9011265
0.9120266
0.842834
0.8413039
0.9051911
0.9114456
0.9121286
0.9082647
0.901965
0.9255636
0.9067873
0.908282
0.8811279
0.8462872
0.847588
0.9037362
0.9028977
0.9022343
0.9041728
0.9065223
0.9125729
0.9149951
0.9172951
0.9189388
0.9077032
0.9036213
0.9071692
0.9049504
0.7983065
0.9021257
0.9040377
0.9107824
0.9202379
0.9312588
0.915688
0.9202989
0.9221017
0.9054756
0.8004461
0.8008211
0.7968566
0.9002249
0.9171317
0.9189768
0.9198567
0.9168817
0.9070971
0.913471
0.7781869
0.921479
0.9256328
0.9271004
0.9275447
0.9277565
0.9255098
0.9248633
0.9250675
0.774992
0.9163888
0.8652907
0.894525
0.8290485
0.9140468
0.9222477
0.9243668
0.9128386
0.8410342
0.9174905
0.9180783
0.846938
0.910463
0.9134058
0.7836571
0.7783631
0.9060054
0.9086855
0.9160981
0.9186938
0.9168792
0.9191174
0.9195446
0.9019545
0.8982372
0.827197
0.9056495
0.8976561
0.9072489
0.9181847
0.9182508
0.9165816
0.8666984
0.8963281
0.8794425
0.8940018
0.8059378
0.9025294
0.8768217
0.8967892
0.8833933
0.8776629
0.9052577
0.8810224
0.908829
0.9027193
0.7502777
0.8907971
0.8985476
0.886324
0.9013429
0.8409907
0.9115209
0.8955102
0.8951851
0.9040851
0.9047449
0.879654
0.8821626
0.8588205
0.9002476
0.88337
0.7965937
0.883174
0.7540461
0.8310788
0.8645437
0.7863163
0.809942
0.8885422
0.9071005
0.8039995
0.8910201
0.8912168
0.8878933
0.8646751
0.9032852
0.8499981
0.887718
0.8811456
0.9055627
0.9058186
0.9059125
0.8983938
0.903563
0.9091036
0.9132217
0.8747613
0.8895128
0.8888969
0.9022689
0.8999627
0.9021763
0.9045882
0.9028776
0.9028902
0.9009812
0.9037282
0.9011305
0.9064237
0.7583253
0.901028
0.8900647
0.8977904
0.8932
0.7746679
0.7986845
0.9103534
0.9119293
0.8839713
0.901272
0.9018014
0.8913527
0.900076
0.9100858
0.9039453
0.8758179
0.8279742
0.8772966
0.8754757
0.8760876
0.8761398
0.8769359
0.8828426
0.8992468
0.8999316
0.8925916
0.8949351
0.876064
0.9020446
0.8352513
0.8803897
0.90188
0.8971617
0.8988934
0.9024382
0.9015441
0.8821177
0.9071798
0.8871199
0.9122944
0.9129273
0.8989637
0.9088594
0.8413358
0.8320036
0.9014614
0.9125154
0.9095085
0.9035295
0.8984092
0.9238039
0.9056414
0.9097327
0.8740634
0.8417348
0.8379421
0.9012567
0.8992767
0.8941359
0.8982167
0.8994497
0.9111893
0.912531
0.9113321
0.9186299
0.9004753
0.8973861
0.9052958
0.9049436
0.8009578
0.8956368
0.8983276
0.9103144
0.9150702
0.9298911
0.907492
0.921006
0.9174065
0.9062478
0.7929663
0.7936352
0.7946674
0.896735
0.9155751
0.9158606
0.9168457
0.9129941
0.9043905
0.9098277
0.7814371
0.9130451
0.9160994
0.9184213
0.9159002
0.9170532
0.9172487
0.9135288
0.9169578
0.7715184
0.9106469
0.8550741
0.8927341
0.8293015
0.9093068
0.9167803
0.9208093
0.9069249
0.8418576
0.916955
0.9078498
0.8452696
0.9072581
0.9089897
0.7877955
0.7733029
0.9029542
0.906434
0.9171153
0.9157405
0.9173652
0.9155638
0.9173905
0.8982072
0.8911617
0.8212094
0.899869
0.8872151
0.9015994
0.9164674
0.9165097
0.916347
0.8795855
0.9098236
0.6931623
0.8659278
0.884009
0.9011386
0.8751885
0.9118962
0.8496661
0.8767725
0.9214745
0.8658268
0.901727
0.8937038
0.8757517
0.8675489
0.90843
0.8955094
0.9084065
0.9132071
0.91397
0.8696509
0.8976292
0.9017738
0.9029578
0.8451873
0.8489581
0.8666271
0.9101737
0.8713811
0.8906902
0.8521654
0.8899066
0.8858788
0.873242
0.8844877
0.887301
0.8567307
0.9025549
0.8774492
0.8959175
0.8602652
0.9036778
0.9084467
0.9160136
0.8919016
0.8762196
0.8411702
0.9020439
0.9018707
0.9003915
0.9048585
0.8985059
0.9113787
0.9196548
0.8561105
0.8573959
0.8925777
0.9016453
0.9151848
0.9186761
0.9182914
0.91955
0.9193531
0.9186702
0.915628
0.918698
0.8966431
0.8915932
0.8992948
0.9059242
0.8920065
0.862796
0.8931027
0.8998294
0.9076472
0.9001734
0.8775243
0.9170953
0.8952371
0.8601606
0.9191908
0.9006999
0.8994953
0.8188961
0.8731264
0.8840082
0.8813449
0.8834916
0.8818773
0.8837193
0.8747154
0.9109715
0.8921337
0.9025296
0.9017196
0.862182
0.8972087
0.8944195
0.865864
0.8881741
0.9166101
0.859759
0.8763237
0.8865913
0.9147243
0.8706846
0.9202891
0.8384991
0.8731102
0.9269725
0.8678248
0.9083357
0.9049809
0.8816064
0.8667324
0.912121
0.9027289
0.9166228
0.9115532
0.9206673
0.8844905
0.91231
0.9101712
0.9134757
0.854914
0.8578967
0.8796263
0.914741
0.8722943
0.8964222
0.8384032
0.8981741
0.8892664
0.885964
0.8888369
0.8941223
0.8591019
0.9126394
0.8816352
0.9044344
0.8619742
0.9096488
0.9045282
0.9179963
0.9015772
0.8759028
0.836691
0.9121514
0.912437
0.9136701
0.9192635
0.9037214
0.9143015
0.9242261
0.8566557
0.8667827
0.900413
0.9097198
0.9205438
0.9240116
0.9246926
0.9239694
0.9229623
0.9209923
0.9228175
0.9236827
0.9067597
0.8927248
0.9132301
0.9137857
0.9094157
0.8626436
0.8970271
0.9029065
0.9222476
0.9131865
0.8739171
0.9229037
0.9061933
0.860868
0.9195691
0.9096267
0.9112265
0.85
0.8839433
0.8761441
0.872342
0.8768849
0.8728459
0.8753015
0.8869662
0.9191625
0.9063756
0.9084717
0.9131212
0.8701227
0.89726
0.896953
0.847595
0.9070301
0.8990386
0.9195042
0.9207807
0.9088985
0.8939835
0.9140668
0.8922305
0.9237374
0.9107708
0.6815397
0.9178615
0.9085341
0.8993987
0.9031946
0.9233567
0.9061427
0.9059889
0.8986161
0.9245958
0.9155839
0.9231237
0.8876842
0.9084359
0.909932
0.9193671
0.9211602
0.9044123
0.9032532
0.9072386
0.9178887
0.922468
0.9168776
0.9169682
0.9097747
0.9002107
0.9108987
0.9210876
0.9076321
0.9061076
0.9018213
0.9274558
0.9091552
0.9321049
0.8984223
0.9229862
0.9210479
0.9186573
0.9049635
0.9053085
0.9044396
0.9009346
0.9284216
0.9188092
0.9102063
0.9177105
0.9250116
0.9193119
0.9000111
0.9106503
0.9133993
0.9127883
0.9117031
0.9128942
0.9124405
0.9111103
0.9137931
0.9020714
0.9170793
0.9059433
0.8871752
0.895529
0.9259512
0.9222943
0.9254359
0.9144608
0.912729
0.9264732
0.9056702
0.9053829
0.9239162
0.9067671
0.9068486
0.9017933
0.916951
0.9148473
0.9247577
0.9222703
0.9243914
0.9222381
0.9244475
0.9144885
0.9002099
0.8992311
0.8958584
0.8934666
0.9073931
0.9160687
0.924043
0.921928
0.8966797
0.9219154
0.868227
0.8905255
0.8930681
0.9223294
0.8817604
0.9159574
0.8612456
0.8877776
0.9301556
0.8827636
0.9196749
0.9157674
0.8860681
0.8834087
0.9158869
0.9101223
0.9178398
0.9128228
0.9220984
0.8913413
0.9140631
0.9174109
0.9176233
0.8728132
0.8777384
0.8913199
0.9166521
0.8825021
0.8959828
0.8580263
0.89472
0.8893168
0.8927731
0.8948364
0.8968677
0.8693044
0.92107
0.8850099
0.9091421
0.8846002
0.9170015
0.9074339
0.9250123
0.8976134
0.8902014
0.8586345
0.9196887
0.9198144
0.9197421
0.9192233
0.9090308
0.9246305
0.9235009
0.8704177
0.8814987
0.9059742
0.9183537
0.9229573
0.9263629
0.9250624
0.9253898
0.9257907
0.9250777
0.9247871
0.9283965
0.9153838
0.8968007
0.9159464
0.9217474
0.9114961
0.8844939
0.8964703
0.9016468
0.9207685
0.9141217
0.8902288
0.9212255
0.9172898
0.8767148
0.9216927
0.9170777
0.9178801
0.8737396
0.8891069
0.8893229
0.8875
0.8893265
0.8874619
0.8891095
0.8958941
0.9175524
0.9114679
0.9140917
0.9192175
0.8802129
0.907735
0.9025747
0.8405176
0.9071089
0.9113425
0.908936
0.9118111
0.9137451
0.9119762
0.9107538
0.9153878
0.9106059
0.9029762
0.9191319
0.9045149
0.9185348
0.9124445
0.9034514
0.9138541
0.9076653
0.9066203
0.9161679
0.9224853
0.9190879
0.914811
0.9085818
0.9182037
0.9220677
0.9159071
0.9149024
0.9062761
0.9160037
0.9107833
0.9222237
0.9128997
0.9198896
0.9131211
0.9092886
0.9136373
0.9178171
0.914919
0.9179554
0.9120166
0.9051257
0.9151056
0.9185989
0.9268449
0.9147249
0.9190252
0.911235
0.9108221
0.9207351
0.9200439
0.9171905
0.9132817
0.9218724
0.8382789
0.9211668
0.9103408
0.9110724
0.9166951
0.9211396
0.9132975
0.9141689
0.9150355
0.915142
0.9149028
0.9129545
0.9130669
0.9122782
0.9170787
0.9141232
0.9091885
0.911129
0.9145816
0.9157833
0.9216929
0.923978
0.898468
0.9131716
0.9195925
0.9119635
0.9099659
0.9164959
0.9097261
0.9190138
0.9196303
0.9044579
0.9120739
0.9142545
0.9164626
0.9172336
0.9161426
0.9158217
0.912699
0.912371
0.9116545
0.9136273
0.9111624
0.9092706
0.9128225
0.9184947
0.918058
0.8745061
0.9012018
0.8840701
0.8970248
0.8107807
0.9033972
0.8886445
0.9031374
0.8844473
0.8892875
0.9110609
0.8877974
0.9043336
0.9031422
0.7608819
0.8931088
0.9036626
0.8906909
0.9044674
0.8496821
0.9157544
0.8935793
0.8972922
0.9043853
0.9054289
0.8787405
0.8795793
0.8642541
0.9040891
0.8863701
0.8015341
0.8858813
0.7673966
0.8385235
0.8664296
0.7942719
0.8118705
0.8866562
0.9060313
0.812695
0.8922646
0.8908688
0.8935071
0.8678595
0.9075161
0.8580315
0.8959291
0.8774212
0.9073686
0.9068464
0.9054649
0.9022597
0.9036305
0.9167787
0.9178864
0.887817
0.8902803
0.9004704
0.9052429
0.9123638
0.9148094
0.9144619
0.9130977
0.9136474
0.9123709
0.9122871
0.9122381
0.9040924
0.7678068
0.9016177
0.8988173
0.8990965
0.8960051
0.7836972
0.8119668
0.9121929
0.9100245
0.8883176
0.9107149
0.9034875
0.8873078
0.9102917
0.9061255
0.9045194
0.8837789
0.831567
0.8830116
0.8816903
0.8815756
0.8822982
0.8822855
0.8824871
0.9013662
0.9000179
0.898176
0.9022167
0.8832813
0.9051474
0.8417987
0.8876146
0.9112116
0.9123093
0.9053918
0.9115754
0.9029331
0.89662
0.9192266
0.9039489
0.9118023
0.9207724
0.9154414
0.9209721
0.7327475
0.8497223
0.9073452
0.9143332
0.9163849
0.9125712
0.9092984
0.927363
0.9101091
0.9099267
0.8884685
0.7400892
0.7366749
0.9030835
0.9013373
0.8997909
0.9090812
0.9079761
0.9123859
0.9093273
0.9175051
0.9163348
0.9042192
0.9036365
0.9087124
0.9030643
0.8552411
0.905711
0.9093663
0.9122069
0.9188285
0.9298064
0.9172537
0.9200265
0.925969
0.9089647
0.8477088
0.8484632
0.8442304
0.9077435
0.919419
0.92296
0.9234875
0.9187026
0.905306
0.9164939
0.8428718
0.9256917
0.9279167
0.9299314
0.9290064
0.9283208
0.9288503
0.9265576
0.9269211
0.8360336
0.9129221
0.8611225
0.9055616
0.8336423
0.9151697
0.9149781
0.921973
0.9139386
0.8362273
0.9142767
0.9214123
0.8341759
0.9103453
0.9227677
0.8476747
0.840263
0.9077822
0.9079798
0.9186189
0.9159511
0.9198504
0.9161532
0.9171509
0.9035756
0.8981546
0.8290713
0.9078127
0.9024983
0.9038234
0.9170632
0.9206482
0.9175923
0.8846886
0.9135151
0.8649948
0.877506
0.8875786
0.9049029
0.8740589
0.9111517
0.8520129
0.8738927
0.9201922
0.87232
0.9052306
0.9052818
0.8783734
0.8757721
0.9089885
0.8933209
0.912818
0.9060863
0.9165663
0.8795415
0.9040293
0.9048942
0.9091841
0.8571587
0.8576872
0.8773871
0.9114537
0.8776136
0.8914726
0.8576664
0.8920059
0.8915641
0.8822019
0.8828649
0.8853494
0.8629822
0.9069611
0.8800654
0.8978447
0.873159
0.9030151
0.90709
0.9169033
0.8952978
0.8828488
0.8515695
0.9046891
0.9052561
0.9069025
0.9098851
0.9064001
0.9130736
0.9183095
0.8482671
0.8719702
0.8953505
0.9056355
0.9166636
0.9175537
0.9173684
0.9200015
0.9180274
0.9156437
0.9146426
0.9180897
0.9034661
0.8921719
0.9055974
0.9099335
0.9008493
0.8772382
0.8916186
0.8948432
0.9147815
0.9052414
0.8852477
0.9175912
0.9037238
0.8647521
0.9154464
0.9038462
0.9057685
0.8636079
0.883159
0.8854062
0.8873536
0.8847339
0.8878708
0.8888928
0.8822784
0.9146694
0.9020646
0.9064266
0.9077591
0.8656959
0.8970358
0.8927368
0.8671575
0.8848853
0.901755
0.8624757
0.8822163
0.8902452
0.9144711
0.8638592
0.9100329
0.8545176
0.8583865
0.919531
0.8604529
0.9194773
0.9093496
0.8749071
0.8795989
0.898927
0.8845691
0.9117291
0.9022631
0.919092
0.8890683
0.9081106
0.9205911
0.9202227
0.8657231
0.8709915
0.8793496
0.9094574
0.8790241
0.8885208
0.856999
0.8897343
0.879375
0.8844952
0.8882064
0.8929499
0.8758091
0.914983
0.8749219
0.8912264
0.8705913
0.8934818
0.9006035
0.9105782
0.8946561
0.8663622
0.8541161
0.918306
0.9187021
0.9180183
0.906467
0.9069283
0.909612
0.9104276
0.8270833
0.876338
0.8913715
0.9193285
0.9023325
0.9027861
0.9025421
0.9036927
0.901778
0.8999026
0.9028684
0.9052996
0.9164054
0.8844329
0.910877
0.9037986
0.9133054
0.879803
0.8897906
0.8947894
0.9157661
0.9240609
0.8880535
0.9045589
0.9165985
0.8774678
0.9048359
0.9169246
0.9145813
0.8623567
0.8865397
0.8772663
0.8794714
0.8809756
0.8796427
0.879709
0.8903088
0.9159631
0.9115525
0.9039901
0.909191
0.8652603
0.897867
0.8919557
0.8686556
0.899342
0.8574896
0.9074471
0.9188699
0.9094764
0.8866674
0.9027783
0.822058
0.9154909
0.8998425
0.9009868
0.9068987
0.9195752
0.9099874
0.899518
0.9196839
0.8992035
0.8971454
0.8534679
0.9176421
0.8864885
0.9164954
0.8962525
0.9183798
0.9165026
0.9204756
0.9176138
0.8989482
0.8472084
0.9044698
0.9156292
0.9198344
0.9117879
0.9052491
0.9117869
0.9027278
0.9168543
0.9192566
0.9128472
0.8998471
0.8924255
0.9231832
0.9003301
0.9246994
0.9001912
0.921176
0.9104839
0.9144711
0.9147735
0.9153741
0.912651
0.7805057
0.9254927
0.9075374
0.8655308
0.9040061
0.9179197
0.9161125
0.9163483
0.8437027
0.8500099
0.8493765
0.846475
0.8453686
0.8475755
0.8476561
0.8497461
0.9161914
0.9035945
0.9013634
0.8867932
0.9091235
0.9176366
0.9126456
0.917846
0.9139124
0.9254467
0.9239364
0.8543771
0.9127056
0.9168683
0.851522
0.9164113
0.9100669
0.9115671
0.9126512
0.9162672
0.9185183
0.9189381
0.9197119
0.9184265
0.9082483
0.8656182
0.911787
0.8958024
0.877317
0.9039922
0.9151779
0.9153083
0.916991
0.9025683
0.8565847
0.9088846
0.9111277
0.9002161
0.8705709
0.9014415
0.8250313
0.9112373
0.9067539
0.9015832
0.9077542
0.9052813
0.8987282
0.8987856
0.9138244
0.9020811
0.8982731
0.8493436
0.9200338
0.8846324
0.9163439
0.8880266
0.9014518
0.9081523
0.9135899
0.9147944
0.8960198
0.8450105
0.9003149
0.9105919
0.9144629
0.9123605
0.9064969
0.9024215
0.9013514
0.9129923
0.9152339
0.9000648
0.9005531
0.8980774
0.9166962
0.9085083
0.9231819
0.9037824
0.919065
0.9150039
0.9110333
0.9035471
0.9033329
0.8991065
0.5206538
0.9221261
0.9160345
0.8701178
0.9086564
0.9123675
0.9109983
0.9000836
0.859156
0.8599102
0.8669204
0.8667055
0.8648859
0.862875
0.8582702
0.8626763
0.9033347
0.9073188
0.8978401
0.8906221
0.8955369
0.9181676
0.9150514
0.9208358
0.9144223
0.9086877
0.9218136
0.8635267
0.8996111
0.9141024
0.8610439
0.9040748
0.8981992
0.9109777
0.908055
0.9177208
0.9184685
0.9194558
0.9180604
0.917997
0.9070885
0.8610119
0.9004393
0.8943932
0.8706039
0.9055359
0.9137606
0.9153933
0.9177184
0.8999461
0.8598975
0.9106075
0.9160668
0.90678
0.87893
0.8997499
0.8259319
0.9142643
0.900852
0.9005789
0.9065156
0.9141569
0.9067754
0.9030622
0.9184108
0.8989764
0.8970861
0.8527978
0.9186358
0.8823093
0.9163111
0.8976956
0.9100101
0.9141878
0.9155302
0.9194219
0.9001198
0.8444512
0.9046514
0.9172499
0.914659
0.90742
0.9034621
0.9077574
0.9045041
0.9128758
0.9173813
0.9106958
0.8987778
0.8964114
0.9216372
0.9030582
0.9265456
0.8969693
0.9183523
0.9100101
0.9124312
0.9107361
0.9116919
0.9098672
0.7768807
0.9203232
0.9080873
0.869163
0.9049442
0.9154373
0.9125803
0.9100224
0.849657
0.8511846
0.8520066
0.851125
0.8505411
0.8507198
0.8485279
0.857098
0.9100925
0.9091818
0.9018807
0.8902955
0.9045591
0.9190973
0.9136331
0.9173889
0.9166957
0.9183703
0.9244363
0.8572242
0.9068716
0.9188645
0.8596139
0.9110897
0.9097909
0.9086704
0.9082812
0.9154317
0.9176769
0.9180946
0.918335
0.9164403
0.9106017
0.8647224
0.9040058
0.895545
0.877889
0.902552
0.914303
0.9179157
0.917726
0.9038262
0.8667172
0.9093492
0.9149712
0.9045555
0.8738495
0.9030689
0.8243809
0.9152127
0.9069482
0.9002793
0.9097603
0.9074798
0.9023803
0.8962955
0.9145818
0.904401
0.9011886
0.8494315
0.920504
0.8851571
0.9180765
0.8878474
0.9042296
0.9081863
0.913383
0.9123432
0.9007849
0.8463755
0.9018908
0.9148155
0.9152591
0.9157735
0.9050088
0.9013198
0.8994904
0.90781
0.9136866
0.9074213
0.8967366
0.8964518
0.9156814
0.904714
0.9284696
0.9011478
0.9222544
0.9141744
0.9161281
0.9041017
0.9041638
0.9028798
0.7734665
0.9234933
0.9112295
0.8721746
0.9113847
0.9118571
0.9153721
0.9012869
0.8623343
0.8633077
0.8675091
0.8659766
0.8650393
0.8655465
0.8615875
0.8660098
0.9046861
0.908249
0.9005956
0.8887942
0.9002185
0.9165367
0.9169453
0.9220198
0.9116784
0.9114256
0.9232223
0.8625212
0.9051814
0.9178044
0.8658243
0.9073962
0.9034562
0.9091007
0.9078943
0.9197542
0.9181445
0.9201544
0.917851
0.9169888
0.9102079
0.8634093
0.9011232
0.8964009
0.8778251
0.9025728
0.9159789
0.916292
0.9187325
0.9125377
0.9093892
0.9037445
0.9081148
0.9089434
0.8951548
0.9169919
0.9014202
0.9176627
0.9198928
0.9079481
0.9169886
0.8411331
0.8477928
0.914365
0.9187026
0.9132599
0.914202
0.9074856
0.928382
0.9108453
0.9124368
0.8855054
0.8422282
0.8433306
0.9068695
0.9066539
0.9014402
0.908933
0.9111989
0.9156315
0.9165701
0.9199011
0.923518
0.9087892
0.9072234
0.9090299
0.9099156
0.8023621
0.9062866
0.9088689
0.9133728
0.9241612
0.9341264
0.9170837
0.9242733
0.92525
0.9081232
0.7918286
0.7916438
0.7931021
0.9070544
0.9187502
0.9241204
0.9221482
0.9198526
0.9087504
0.916748
0.7725599
0.9268169
0.9283619
0.9286154
0.9284732
0.9275967
0.9276964
0.925496
0.9274916
0.7403842
0.9182484
0.8720483
0.9032608
0.8346841
0.9168039
0.9254298
0.9274116
0.9138721
0.8427013
0.9181325
0.9218601
0.8531688
0.9152945
0.9182798
0.7605341
0.7454093
0.9094184
0.9122524
0.9168988
0.9176017
0.9168841
0.9179128
0.9207355
0.9054121
0.9051532
0.8297669
0.9077111
0.9029044
0.9075672
0.9213131
0.9226201
0.9192382
0.881939
0.9052446
0.8905146
0.9018632
0.7662653
0.9097553
0.8899982
0.9059642
0.8924716
0.8913655
0.9165011
0.8947729
0.9104272
0.9105422
0.6762111
0.898435
0.9091547
0.8962743
0.9092513
0.8651832
0.9160958
0.8996341
0.902565
0.9112986
0.9124157
0.8885974
0.8893629
0.8665344
0.9086894
0.8905268
0.5593236
0.8900402
0.8199029
0.8438965
0.872837
0.7404736
0.7739983
0.8953233
0.9094775
0.8164695
0.9039082
0.8986786
0.8973785
0.8706137
0.9105694
0.8599475
0.8995683
0.8919451
0.9120082
0.9115275
0.9104646
0.9077908
0.907796
0.9164374
0.9206659
0.8923651
0.8959127
0.8974005
0.9067875
0.9157426
0.9163139
0.9158902
0.9160768
0.9158745
0.9121386
0.9151918
0.9145918
0.9075911
0.8196479
0.9109036
0.9033072
0.9011214
0.8993115
0.8265575
0.8430357
0.9175254
0.9108483
0.8903696
0.9146238
0.9087299
0.8931632
0.9135141
0.9142438
0.908
0.8865172
0.8348459
0.8901728
0.886447
0.888359
0.8878345
0.8881818
0.8873199
0.9060964
0.9039769
0.9049159
0.9037647
0.8832127
0.9075624
0.8580704
0.8915878
0.8805794
0.9066384
0.8923254
0.9029706
0.82198
0.9126345
0.8890243
0.9078543
0.8877672
0.8873006
0.9180458
0.8881857
0.9144368
0.9120706
0.7733504
0.8976911
0.9041394
0.8942273
0.9121662
0.8481525
0.9199621
0.8990101
0.9041972
0.9119499
0.9124129
0.8900143
0.8871574
0.8724071
0.9063846
0.8905066
0.8107861
0.8893063
0.7660324
0.8428927
0.8770992
0.8085425
0.8190798
0.8929859
0.9124934
0.8241162
0.8965996
0.8984806
0.8982114
0.870201
0.9111127
0.8621202
0.8934602
0.887277
0.9137236
0.9133209
0.9135582
0.9081902
0.9091352
0.9162379
0.9177839
0.8854808
0.8939704
0.9009281
0.9122355
0.907385
0.9109494
0.9100798
0.9071167
0.9074578
0.9091875
0.9109009
0.9086944
0.9121915
0.7692642
0.9116697
0.9042748
0.908138
0.9002016
0.7836085
0.8141539
0.9186165
0.9196988
0.8928609
0.9087163
0.9114701
0.8951336
0.9090683
0.9113182
0.9136466
0.8852294
0.8443192
0.8864817
0.8839801
0.8860516
0.8848969
0.8843307
0.8889008
0.9082988
0.9112263
0.9007985
0.9040946
0.8863465
0.9094093
0.8490981
0.8905765
0.8793429
0.909213
0.6213197
0.8663135
0.8876022
0.9014074
0.8720425
0.9071535
0.8486077
0.8766931
0.9197627
0.8603018
0.8995829
0.8940956
0.8746286
0.8678085
0.9081821
0.8889575
0.9100231
0.9089305
0.9111493
0.8719228
0.8990622
0.9010507
0.9018449
0.8467332
0.8478987
0.8696569
0.9080554
0.8692839
0.8893285
0.8441353
0.888941
0.8845443
0.8765048
0.8834282
0.890355
0.8590245
0.9062923
0.8738182
0.8930365
0.8629312
0.9010814
0.9072376
0.9165356
0.8965112
0.8748158
0.8422026
0.9021107
0.9029217
0.9027833
0.9050033
0.9002556
0.9114374
0.9210758
0.855442
0.8588006
0.8923728
0.9030574
0.9143637
0.9159013
0.9200985
0.9187718
0.9178557
0.9180901
0.9150874
0.9185559
0.8987511
0.887384
0.8999964
0.9088803
0.8984866
0.86646
0.8925809
0.8984497
0.9076703
0.9017883
0.8747908
0.917422
0.8975472
0.8600902
0.9133178
0.9054539
0.9052824
0.8222922
0.8803493
0.8803289
0.8791587
0.8782681
0.8806256
0.8790314
0.8757516
0.9110718
0.8980949
0.8999964
0.9047212
0.8584553
0.8939078
0.8887057
0.8657906
0.8882017
0.9147457
0.8708951
0.8880852
0.8918132
0.9075788
0.89205
0.9210901
0.872526
0.8880711
0.9248384
0.8813715
0.9073593
0.9008468
0.8823746
0.8858806
0.9097585
0.8985085
0.9171282
0.9074244
0.9186331
0.8873724
0.9043651
0.9130018
0.911348
0.8768882
0.8764246
0.8835624
0.9171905
0.8810117
0.8991289
0.8753887
0.8964914
0.8958572
0.8864615
0.8956669
0.8971189
0.8792381
0.914041
0.8820294
0.9015057
0.8817115
0.9070655
0.9107612
0.9223869
0.8950082
0.8848591
0.8700268
0.9131729
0.9131898
0.9089133
0.9163927
0.9003115
0.9171512
0.9276181
0.8765577
0.8895284
0.8967533
0.9099183
0.9218008
0.9225736
0.9256557
0.9246535
0.9250968
0.9222921
0.9243584
0.9252681
0.9090909
0.9020298
0.9066752
0.9166577
0.9071837
0.8809463
0.9020677
0.9024416
0.9102079
0.9096816
0.8797962
0.9163906
0.9076219
0.8786593
0.9163607
0.9107451
0.9081738
0.871221
0.8843483
0.8796313
0.8810914
0.8796417
0.8828288
0.8808837
0.8789923
0.9113341
0.9062019
0.9114917
0.9142183
0.8799474
0.8966726
0.901283
0.8852708
0.8902768
0.9187032
0.8948064
0.9077724
0.8469561
0.9202727
0.9021785
0.9146268
0.8971823
0.8956142
0.9241374
0.8937707
0.9200181
0.9166493
0.8063063
0.9047954
0.9125409
0.9089597
0.9186403
0.8641107
0.9249547
0.9052797
0.9164933
0.920552
0.9204514
0.8974514
0.8985379
0.8883267
0.913438
0.8980187
0.8334947
0.8953352
0.7782949
0.85438
0.8848702
0.829865
0.847
0.8971374
0.9201746
0.8478608
0.9117307
0.9062916
0.9048349
0.8790895
0.9188058
0.8709411
0.8980899
0.8954879
0.9229567
0.9222195
0.9220333
0.9160985
0.9092487
0.9220969
0.9205105
0.8929987
0.9033373
0.9019044
0.9210058
0.9150498
0.9136041
0.9165364
0.9162096
0.9149424
0.9125283
0.9138295
0.9133477
0.9228191
0.6684993
0.9150126
0.9123893
0.9148029
0.9017665
0.2667993
0.831337
0.9172009
0.9241965
0.8980216
0.9172795
0.919986
0.8982698
0.9175936
0.9226525
0.9212423
0.8944152
0.8568707
0.893825
0.8922094
0.8912452
0.8922453
0.8919663
0.8985338
0.9173709
0.9182702
0.9084165
0.9142927
0.8950745
0.9124128
0.85477
0.8947368
0.8808217
0.9068674
0.8538036
0.8771701
0.8770304
0.9021093
0.8725174
0.9026056
0.8573704
0.8664938
0.9135942
0.8691689
0.9003252
0.890779
0.8698346
0.8729713
0.9014689
0.8907739
0.9108508
0.9073039
0.9145648
0.883831
0.8911627
0.9018633
0.9029617
0.8567821
0.8582007
0.8718081
0.9083162
0.8784534
0.8865894
0.8558488
0.8892317
0.8827671
0.8733438
0.8750183
0.8838976
0.8633272
0.9042738
0.8689868
0.891313
0.8614943
0.9024693
0.9052339
0.9111762
0.8935052
0.8819503
0.8466717
0.9006007
0.9011358
0.9013914
0.8986237
0.9000141
0.9106535
0.9174006
0.853674
0.8669868
0.8969721
0.9027589
0.9104802
0.9140547
0.9144243
0.9132177
0.9138083
0.9144075
0.9131249
0.9137164
0.8999784
0.8864838
0.9014029
0.8999927
0.9005564
0.870904
0.8951707
0.8945014
0.910912
0.9049918
0.885407
0.9109834
0.899454
0.868001
0.9096243
0.9051087
0.9015666
0.846453
0.8748681
0.8868033
0.8863604
0.8834512
0.8874763
0.8874276
0.8809351
0.9062568
0.894919
0.8997896
0.8991878
0.8592271
0.8960654
0.8958835
0.8692899
0.8779586
0.9088575
0.8518477
0.871489
0.8795294
0.9015977
0.8699522
0.9037634
0.858329
0.8658179
0.9147247
0.8709713
0.8965777
0.8923254
0.8729765
0.8749909
0.9040445
0.8889975
0.9095554
0.907125
0.9138931
0.8830903
0.8906279
0.9004913
0.9023042
0.8553611
0.8573814
0.8713145
0.9107327
0.8777782
0.8872137
0.8548093
0.8876219
0.8828272
0.875898
0.8767549
0.8868218
0.8647334
0.9044389
0.8719765
0.892183
0.8613588
0.9040256
0.9055528
0.9130233
0.8941682
0.8851803
0.8456464
0.9002113
0.9003543
0.8997853
0.9029228
0.9009506
0.9114663
0.9208784
0.8513362
0.8642539
0.8984611
0.9037103
0.9138235
0.9186149
0.9172786
0.9175038
0.9175023
0.9185693
0.916853
0.9195078
0.8998235
0.8862679
0.9032511
0.901035
0.90173
0.8737534
0.8944988
0.8942222
0.9088511
0.906412
0.8849898
0.9149209
0.8977915
0.8660927
0.9111628
0.9074015
0.8989301
0.8449511
0.8758189
0.8837452
0.8855862
0.8858752
0.8868255
0.8870154
0.8785881
0.9069398
0.8931568
0.8993133
0.9012284
0.8581104
0.8967735
0.8959597
0.871566
0.8850472
0.9124161
0.8534229
0.8812345
0.883726
0.909352
0.879756
0.9116154
0.8619472
0.8736603
0.919239
0.8761887
0.9032132
0.8999929
0.8789169
0.8727584
0.9088353
0.8959229
0.9129654
0.9099178
0.9173968
0.883434
0.9039587
0.9031454
0.9060564
0.8577084
0.8599602
0.8760038
0.915089
0.87976
0.8910658
0.8612851
0.8937694
0.8869001
0.8820428
0.8848045
0.8878306
0.8651256
0.9075041
0.8796646
0.9017425
0.8672531
0.9071509
0.9086207
0.9188835
0.8945767
0.8859221
0.8521749
0.9070641
0.9072395
0.9072541
0.9055805
0.9068636
0.9155032
0.9217634
0.8544454
0.865967
0.9015705
0.9050947
0.920278
0.9250771
0.9250563
0.9240984
0.9259824
0.9228449
0.9223199
0.921226
0.9064461
0.8938557
0.9076558
0.9067559
0.9037669
0.8761072
0.8974468
0.8967783
0.9105781
0.9067673
0.8838084
0.9169263
0.9039278
0.8682131
0.9146662
0.9080169
0.9044892
0.8472947
0.8818313
0.8862004
0.8827678
0.8880331
0.8845687
0.8893593
0.8850218
0.9107763
0.9019187
0.9046196
0.9089533
0.8632138
0.9021704
0.8973328
0.8785026
0.9098702
0.9049542
0.9099434
0.9164869
0.9153921
0.9157171
0.907289
0.9154349
0.9171469
0.9090167
0.9179648
0.9089551
0.9196591
0.9163899
0.9079661
0.9171664
0.903527
0.9054959
0.9154688
0.922177
0.916649
0.9195664
0.911567
0.9233962
0.9214109
0.9169875
0.9184229
0.9118601
0.9127436
0.9140375
0.918622
0.9159434
0.91588
0.9107274
0.912853
0.9125435
0.91983
0.9199074
0.9203811
0.9121919
0.9050971
0.9219519
0.9182626
0.9247389
0.9151438
0.9178674
0.9137719
0.9184229
0.9215953
0.9219453
0.919651
0.9127094
0.925809
0.8786499
0.9169111
0.9183824
0.9189749
0.920252
0.9210277
0.9128687
0.910491
0.9137672
0.9118099
0.9117183
0.9093245
0.9112404
0.9120674
0.9202753
0.9151302
0.912227
0.9120294
0.9151416
0.9176142
0.9209599
0.9258776
0.8995061
0.9187129
0.920387
0.9104382
0.9141779
0.9201303
0.91052
0.9222326
0.9170263
0.9130206
0.9114496
0.9163891
0.9172781
0.9183624
0.9178504
0.917301
0.9132295
0.9132913
0.9190413
0.9119746
0.9112833
0.9078533
0.9161581
0.9167272
0.9163031
0.8770293
0.9030259
0.8894354
0.8987795
0.6196166
0.9076906
0.889001
0.898483
0.8872966
0.8874292
0.9129898
0.8952274
0.9070056
0.9026668
0.7392723
0.8953152
0.9016359
0.8937554
0.9069446
0.8730906
0.9144357
0.8957279
0.8981221
0.9092327
0.9100568
0.8882361
0.8879251
0.8668926
0.9051715
0.891715
0.7711091
0.8899234
0.8293336
0.8550061
0.8706132
0.770786
0.7998525
0.8929054
0.9069496
0.832273
0.8957879
0.8949751
0.8963705
0.8804937
0.9087563
0.8689997
0.8984926
0.8871642
0.911375
0.9110083
0.9077424
0.9053675
0.9053149
0.9178115
0.919123
0.8858818
0.8918132
0.8938138
0.9061319
0.9133096
0.9137627
0.9136133
0.912927
0.9131969
0.9133578
0.91391
0.9138633
0.908184
0.8303174
0.9062855
0.8985707
0.9008805
0.8984367
0.8395053
0.8516433
0.9131574
0.9120244
0.8910845
0.9106659
0.9065261
0.8936473
0.9121451
0.9078109
0.904628
0.8838167
0.8381074
0.8889484
0.885366
0.8892296
0.8868799
0.8890511
0.8863128
0.9035376
0.9028408
0.9013952
0.902209
0.884048
0.9122129
0.8571951
0.8890085
0.8957368
0.9159095
0.8774508
0.8883464
0.899756
0.9217828
0.8785608
0.9174426
0.8600793
0.8730066
0.9246673
0.878112
0.9235286
0.9200167
0.8851744
0.8857255
0.9111422
0.9007815
0.9224564
0.9094015
0.9237442
0.8886644
0.9147438
0.9208754
0.9232451
0.8744509
0.8763163
0.8922686
0.9191746
0.8811821
0.9009072
0.8619678
0.8952236
0.8953769
0.8936352
0.89672
0.9016967
0.8747933
0.9209823
0.8892035
0.9034232
0.8839583
0.9048269
0.9093628
0.9209157
0.9014671
0.8837864
0.8547667
0.9235075
0.923518
0.9201811
0.9186383
0.9111806
0.9122094
0.9235993
0.8691394
0.8825332
0.8961108
0.9221978
0.9110575
0.9144055
0.9124314
0.9129006
0.9146373
0.9143993
0.9145511
0.9156526
0.9204291
0.8949961
0.9186209
0.9111928
0.9166204
0.885451
0.8998383
0.9015624
0.9203148
0.923775
0.8928155
0.9161491
0.9215926
0.8787323
0.9130866
0.9226783
0.9204748
0.8762663
0.8906857
0.8883323
0.8852803
0.8857651
0.8849271
0.8882386
0.8961238
0.9197978
0.9190836
0.913308
0.9180778
0.8772044
0.8959501
0.8988701
0.8745115
0.879807
0.9104932
0.8501959
0.8703324
0.8872863
0.9120118
0.8596889
0.9126339
0.8197395
0.8575124
0.9206274
0.8583768
0.9143849
0.9081248
0.8683995
0.8650442
0.9028
0.8961737
0.9140924
0.9030692
0.9180532
0.8782728
0.9086002
0.9161882
0.9200675
0.8533503
0.853806
0.8774866
0.9088123
0.8663348
0.8908458
0.8279627
0.8860961
0.883544
0.8796371
0.882829
0.8901166
0.8528137
0.9184592
0.8756602
0.8963408
0.8603645
0.8989734
0.900868
0.9112562
0.8907869
0.8639302
0.8216656
0.9163541
0.9164074
0.9162603
0.9119876
0.9037034
0.907263
0.9113292
0.8450858
0.8668493
0.8928085
0.9160625
0.9068413
0.9091987
0.9133166
0.912907
0.9123339
0.9107665
0.9105631
0.9124843
0.9117248
0.8849769
0.9096503
0.908384
0.9120898
0.8633104
0.89258
0.8945549
0.9152079
0.9157898
0.8797395
0.9092639
0.9123926
0.8590383
0.9113016
0.9165086
0.9119624
0.8482156
0.8830844
0.8736628
0.8738421
0.8769036
0.8748776
0.8750227
0.88354
0.9159673
0.9102042
0.9063959
0.9111363
0.8571375
0.8903581
0.8903782
0.8500149
0.8867802
0.896337
0.873582
0.8917632
0.8886068
0.904814
0.8583084
0.9003069
0.8560527
0.8589054
0.9060455
0.8733616
0.9125615
0.9046493
0.8758793
0.8873112
0.8993188
0.8840336
0.9065367
0.901095
0.9146931
0.8884769
0.9020984
0.9141043
0.9157588
0.8706157
0.8748114
0.8817587
0.9007141
0.874708
0.8932437
0.853826
0.8915884
0.8819692
0.8865199
0.8825921
0.8915257
0.8797834
0.9107816
0.877951
0.8828028
0.8839789
0.8904725
0.9032991
0.9065079
0.8947199
0.8756002
0.8562505
0.9132682
0.9133625
0.911706
0.9005835
0.9071413
0.9048793
0.9050363
0.859186
0.8821272
0.8927826
0.9096818
0.896972
0.8985033
0.898958
0.8983873
0.8986408
0.9003567
0.8992117
0.9012082
0.9117468
0.8927155
0.9028013
0.896886
0.9069329
0.8849264
0.8978191
0.8983625
0.9115381
0.9203414
0.8921357
0.8964964
0.9094499
0.8778938
0.8974162
0.9125615
0.9076918
0.8714391
0.8913311
0.8796088
0.883466
0.8854509
0.8832291
0.8818416
0.8904418
0.9025244
0.9030977
0.8960352
0.9022214
0.8629968
0.8951598
0.8939551
0.8711901
0.8830359
0.9138396
0.8523196
0.8692889
0.8875
0.9079792
0.8650155
0.9156334
0.8115746
0.8638677
0.9245773
0.8655384
0.9093424
0.901689
0.8773644
0.8617029
0.9069488
0.8963559
0.91444
0.905814
0.918081
0.8704584
0.9072106
0.9085121
0.9103068
0.8386805
0.8401325
0.8760942
0.9122708
0.8673689
0.8917982
0.8161132
0.8909039
0.8866247
0.8800015
0.8881496
0.8926314
0.8443254
0.9104704
0.8768624
0.9013672
0.8530317
0.9048176
0.9048976
0.9169986
0.8912231
0.873945
0.7992832
0.9146268
0.9149875
0.907018
0.9120753
0.9001767
0.9110833
0.920451
0.8516358
0.8657337
0.8922104
0.9089483
0.9151317
0.9155069
0.9180232
0.918643
0.9176514
0.917012
0.9170817
0.9189031
0.9078468
0.8925389
0.9047755
0.9083667
0.9047585
0.8588653
0.8955675
0.8972469
0.9157303
0.910964
0.8800202
0.9158396
0.9075501
0.8487585
0.9146889
0.9127349
0.9059214
0.8525219
0.8802391
0.8767767
0.876747
0.8782081
0.8766372
0.8744664
0.8815799
0.9158087
0.9028017
0.9084723
0.9071413
0.8579345
0.8955176
0.8971
0.8498137
0.8881812
0.9150217
0.8509445
0.8729721
0.8882748
0.9123146
0.8696768
0.9141338
0.8167483
0.8703595
0.9254471
0.8636431
0.9143611
0.905822
0.8822604
0.8651352
0.9096722
0.8995391
0.917728
0.9086513
0.9216252
0.8769474
0.9097436
0.9158477
0.9179656
0.8396375
0.8420796
0.8810891
0.9175243
0.8690904
0.8988215
0.8151799
0.8962341
0.8854833
0.8836773
0.8919589
0.8926321
0.8526455
0.9117967
0.880904
0.895998
0.8532826
0.9052711
0.9063584
0.9182308
0.891936
0.8734261
0.8025643
0.9110726
0.9114366
0.90802
0.9163497
0.901896
0.9166581
0.9178768
0.8456552
0.8672159
0.8928038
0.9132651
0.9184261
0.9226154
0.9231413
0.9228477
0.9242264
0.921433
0.9205546
0.9233034
0.908735
0.8942756
0.9084218
0.9128132
0.9090654
0.8621171
0.896498
0.8991007
0.9112116
0.9151057
0.8780022
0.9178436
0.9064559
0.8587068
0.9160102
0.9117998
0.9116846
0.8504722
0.8821345
0.8765419
0.8772807
0.8746886
0.8779778
0.8808192
0.8861695
0.915392
0.9071439
0.9048082
0.9084854
0.860367
0.8998225
0.8954105
0.8494352
0.8809661
0.9103972
0.8565148
0.8711109
0.8897898
0.9150215
0.8623542
0.9121382
0.8234801
0.8608922
0.9250962
0.8672819
0.9118935
0.9056056
0.8733799
0.8678106
0.9052646
0.8951242
0.9134819
0.9020466
0.9161176
0.8777038
0.9073809
0.9127683
0.9176516
0.8454106
0.8509934
0.8764616
0.907061
0.8675904
0.8899443
0.8229214
0.8890441
0.8842359
0.8801536
0.8834487
0.8906878
0.8510426
0.9135763
0.8833291
0.8965184
0.8585267
0.9035938
0.8997778
0.9134831
0.894804
0.8689767
0.8116896
0.9168015
0.9170826
0.9144195
0.909117
0.9007472
0.9105979
0.9173733
0.8485053
0.8691253
0.8911089
0.913404
0.916002
0.9191469
0.9181725
0.916258
0.9178017
0.9179555
0.9157275
0.9186157
0.9098028
0.8872582
0.9067367
0.909202
0.9046225
0.8661386
0.8908443
0.8939958
0.9152787
0.9119359
0.8794456
0.909409
0.9110141
0.8617743
0.9103859
0.9076435
0.9097774
0.8485481
0.8831356
0.8731532
0.8762574
0.8758934
0.8772403
0.8753608
0.8838311
0.9167706
0.9085607
0.9054945
0.9101187
0.8608026
0.8940168
0.8914148
0.8551867
0.887636
0.9139866
0.8451182
0.8685721
0.8887689
0.914976
0.8645395
0.9200626
0.7483247
0.8685613
0.9270837
0.8654812
0.9147224
0.9065106
0.878674
0.858827
0.906398
0.8972167
0.9190481
0.9036404
0.9206731
0.8779388
0.911851
0.9113682
0.9147519
0.841112
0.8450699
0.8798554
0.9158697
0.8675608
0.893447
0.8130348
0.8894591
0.8867327
0.8834347
0.8893024
0.8926199
0.8455535
0.9155894
0.8793864
0.8985647
0.8520787
0.904054
0.9020286
0.9179903
0.8950282
0.8684909
0.8093729
0.9153075
0.9149785
0.912032
0.91191
0.9055808
0.9120189
0.9168775
0.840432
0.8680295
0.896456
0.9202569
0.9157192
0.9168103
0.915509
0.9166911
0.9167677
0.9148537
0.9167949
0.9170304
0.9130806
0.8905819
0.9094262
0.9141505
0.9068341
0.8635995
0.8899132
0.8936291
0.9132493
0.9127731
0.8721589
0.9146724
0.9134725
0.8492978
0.9147571
0.9186904
0.9138499
0.8428126
0.8805505
0.8726448
0.8711071
0.8733548
0.8717382
0.8716768
0.8841598
0.9203546
0.90624
0.9095618
0.9106015
0.8617711
0.889472
0.8918303
0.8411173
0.890852
0.9163894
0.8556263
0.8751901
0.8897212
0.9131804
0.86143
0.9138718
0.8090671
0.8686239
0.9241803
0.8629404
0.914332
0.9073014
0.8831724
0.8651916
0.9116698
0.8981329
0.9175847
0.9091196
0.9216715
0.8814677
0.90987
0.9150923
0.9146671
0.8455151
0.8444777
0.8806545
0.9147887
0.8695968
0.8938613
0.8300515
0.8918321
0.889247
0.8845752
0.8898168
0.89189
0.8315399
0.9151604
0.8830238
0.8992762
0.8584045
0.9052433
0.9027553
0.9176646
0.8971897
0.8735636
0.8023089
0.9151827
0.915694
0.9117637
0.9106664
0.9045263
0.9158824
0.9208681
0.8507535
0.8609895
0.897015
0.9137358
0.9194988
0.9221535
0.9243233
0.9254332
0.9244693
0.921991
0.9201311
0.9227245
0.9127691
0.8943263
0.9083929
0.9147644
0.9058509
0.8638032
0.894199
0.9003135
0.9142552
0.9135405
0.8803938
0.9169323
0.9056476
0.841271
0.916442
0.9117327
0.9101529
0.8479621
0.8833549
0.8757038
0.8735242
0.8751894
0.8760527
0.877733
0.8899425
0.918524
0.9032914
0.9096483
0.9140053
0.8634938
0.8999113
0.8973318
0.8499647
0.8872914
0.9160324
0.8626614
0.8741037
0.8860298
0.9071273
0.8781493
0.9133766
0.844096
0.8794337
0.9221188
0.8702018
0.9053363
0.9005125
0.8839827
0.8699514
0.9080737
0.9017503
0.9147672
0.911125
0.9171585
0.876355
0.9050437
0.905583
0.9087239
0.8511339
0.8558555
0.8790895
0.9148646
0.8744258
0.8997435
0.8540622
0.897023
0.8946381
0.8828447
0.8913618
0.8924276
0.6703842
0.9060174
0.8823805
0.8996847
0.8622198
0.9060085
0.9117616
0.9188267
0.9006541
0.8847359
0.8422287
0.9118307
0.9122297
0.9081098
0.9135085
0.8991379
0.9153925
0.9195195
0.863553
0.8648307
0.8966587
0.9027847
0.9245677
0.9290742
0.9285175
0.9283764
0.9286254
0.9257511
0.926195
0.927788
0.9028059
0.8948057
0.9091995
0.913453
0.9026828
0.8679293
0.8979793
0.9043915
0.9115782
0.9048429
0.8787283
0.9217397
0.9035302
0.8045432
0.9213739
0.9065322
0.9041673
0.8547556
0.8884455
0.8810467
0.8818081
0.879577
0.8818547
0.8818816
0.8848444
0.9118118
0.9021168
0.9043323
0.9107842
0.8665667
0.8977096
0.90014
0.8683809
0.8989962
0.9172935
0.8873375
0.9003483
0.9032977
0.9219115
0.8847399
0.9215468
0.8751074
0.8826395
0.9286594
0.8806577
0.9270954
0.9233088
0.8907857
0.8835833
0.9062673
0.8983891
0.924496
0.9141662
0.9226565
0.8943132
0.9185131
0.9266017
0.9287882
0.8862031
0.8886964
0.8934733
0.9189982
0.8934171
0.9041466
0.881016
0.8987647
0.896992
0.8984908
0.8944789
0.900769
0.8864244
0.9236633
0.8944382
0.9055755
0.8909168
0.9087975
0.9096406
0.9222149
0.9037014
0.8863822
0.8688595
0.9305556
0.9307805
0.9272653
0.9180511
0.9144519
0.9114131
0.9234825
0.8762691
0.8908811
0.9066648
0.9274302
0.9130137
0.9151011
0.9142909
0.9135776
0.9152915
0.9143526
0.9169568
0.9159803
0.9254102
0.8986564
0.9189357
0.9166082
0.9224582
0.8906713
0.9011515
0.9053844
0.9229581
0.9276119
0.897194
0.9134689
0.9212008
0.8813091
0.9103886
0.9268226
0.9272765
0.8800541
0.9009449
0.8901234
0.8907348
0.8926862
0.8917787
0.8952849
0.9043833
0.9198757
0.9247134
0.9137338
0.9137723
0.8851712
0.9055228
0.9001939
0.8853562
0.8866774
0.9166488
0.8559767
0.8732159
0.8869268
0.9132428
0.8674287
0.9135079
0.8156058
0.8704386
0.9241372
0.8673386
0.9075827
0.9067389
0.8781573
0.8619548
0.9093563
0.9004252
0.9153646
0.9102084
0.9196851
0.8826227
0.9083295
0.9092296
0.9092066
0.8507212
0.8519923
0.8801981
0.9155396
0.8759024
0.8922107
0.8235698
0.8934956
0.8905596
0.8810584
0.8894976
0.8881053
0.8551572
0.911713
0.880706
0.8997967
0.8605566
0.9053336
0.9051179
0.9187274
0.8970807
0.8775778
0.8060152
0.9134853
0.9138466
0.9100163
0.9129814
0.9041178
0.9135457
0.9262606
0.8473148
0.87
0.8980395
0.9109052
0.9173973
0.9216758
0.9223202
0.9227327
0.9246999
0.9235525
0.9212232
0.9215408
0.9101615
0.8921593
0.9072505
0.9111294
0.9072908
0.8656957
0.8925523
0.8947126
0.9173735
0.9127552
0.8757764
0.9166903
0.9066386
0.8572218
0.9161222
0.9135841
0.9076961
0.8517748
0.8839128
0.8747966
0.8763518
0.8765962
0.876364
0.8750496
0.8881847
0.9156975
0.9019713
0.9089244
0.9063152
0.8584517
0.8930793
0.8932738
0.8499684
0.9019206
0.8589404
0.9075871
0.9153988
0.899197
0.8547347
0.9004246
0.2953418
0.9175368
0.9037293
0.8924115
0.9116326
0.8988699
0.8927973
0.8990789
0.9172863
0.900757
0.8965542
0.8329097
0.9217897
0.8761766
0.9144576
0.8817365
0.8972648
0.8977665
0.9094702
0.9101087
0.8950523
0.8371039
0.9003698
0.9092433
0.9165031
0.9110191
0.9121542
0.905566
0.8970513
0.9051805
0.9137607
0.8993235
0.8977306
0.8921279
0.9176521
0.9040938
0.9313384
0.8950101
0.9177715
0.9183688
0.9113978
0.8977066
0.8978538
0.8963534
0.8193146
0.9181097
0.915037
0.8740875
0.9108216
0.9106857
0.9084059
0.8901811
0.8554752
0.8594173
0.8622876
0.859623
0.8595995
0.8593168
0.8567839
0.8617059
0.8936115
0.9073192
0.8939455
0.8798994
0.8868852
0.9172038
0.913423
0.92202
0.9125815
0.9059212
0.9217875
0.8588311
0.8973722
0.9130822
0.8587944
0.8976073
0.8920721
0.9155392
0.9062938
0.9155713
0.916213
0.9172823
0.9169137
0.9195969
0.9033377
0.8507193
0.8864576
0.8915569
0.8680354
0.9048567
0.9166044
0.9128094
0.920213
0.8851522
0.8867603
0.8896499
0.898978
0.8956125
0.899218
0.8900979
0.8925847
0.9009674
0.8848169
0.9021639
0.8849743
0.9077703
0.893594
0.8835992
0.9042712
0.8965418
0.5274646
0.9015935
0.9124054
0.9037449
0.901348
0.8900007
0.9067345
0.9095987
0.8994285
0.899774
0.8797461
0.8945332
0.8913067
0.9007726
0.900452
0.8967975
0.8912307
0.8921689
0.8869771
0.8968331
0.9003841
0.9007549
0.8827931
0.8362718
0.9007107
0.893813
0.9174152
0.9002395
0.9059168
0.8923791
0.8946591
0.9006292
0.9009698
0.9012665
0.894454
0.9132372
0.9029604
0.903908
0.8874085
0.8972871
0.8939769
0.9068949
0.8958865
0.8972078
0.8987774
0.897258
0.896016
0.8975311
0.8951025
0.8994568
0.9004808
0.8964096
0.8926517
0.8883724
0.8962976
0.9028835
0.9068477
0.9041959
0.9071935
0.9107622
0.9027186
0.8891331
0.8992377
0.9017316
0.8845007
0.9080725
0.8987488
0.8865822
0.8965097
0.8972419
0.897614
0.8997901
0.897331
0.8957561
0.8810992
0.8944573
0.8965967
0.8915672
0.8897439
0.8875137
0.902021
0.8994532
0.90396
0.9043773
0.8954761
0.9047008
0.9116121
0.9061429
0.894618
0.9096824
0.8971803
0.9180844
0.9109959
0.9025938
0.9110557
0.8496437
0.844117
0.9071058
0.9187821
0.908528
0.8988736
0.9042391
0.925233
0.9077873
0.9121431
0.884808
0.8523685
0.8501266
0.9099742
0.9078282
0.9020091
0.9095253
0.9053575
0.9169974
0.9155869
0.9145386
0.9140165
0.9055976
0.9029997
0.9079254
0.9116794
0.7978798
0.9003352
0.8998574
0.9125815
0.9155374
0.9310865
0.9055231
0.9211499
0.9172678
0.9113295
0.7983698
0.7986517
0.7995254
0.8988943
0.919428
0.9174874
0.9158747
0.9122634
0.9080761
0.911636
0.7950762
0.9126449
0.915009
0.9179159
0.9158037
0.9154015
0.9154795
0.9154718
0.9148312
0.796702
0.9139747
0.86675
0.8986653
0.8348576
0.9188537
0.9216338
0.9244132
0.9144784
0.8527311
0.918963
0.9050588
0.8543921
0.9130617
0.9035258
0.8022695
0.7938779
0.9076195
0.9112688
0.9182589
0.9194817
0.9180931
0.9185547
0.919504
0.9055835
0.8952665
0.8285202
0.9060746
0.8949359
0.9056792
0.9170919
0.9175419
0.9189774
0.9033034
0.9006548
0.8996806
0.9089533
0.9023897
0.8921063
0.9115921
0.8953742
0.911746
0.9072084
0.9014313
0.9097954
0.8461048
0.8472575
0.9057877
0.9167718
0.9089308
0.9062411
0.9039379
0.9273192
0.907414
0.9076276
0.8821651
0.8447738
0.8481055
0.9035922
0.9012324
0.8966124
0.9053145
0.9037113
0.9118307
0.9175971
0.9162381
0.9148817
0.9067734
0.902852
0.9077881
0.9095659
0.8072945
0.9001429
0.8999393
0.9112299
0.9132747
0.9280897
0.9108936
0.9185691
0.9200422
0.9113911
0.8038346
0.8033208
0.8065016
0.8994935
0.916458
0.9165487
0.9153722
0.9133263
0.9075574
0.9124982
0.7871961
0.9168497
0.9189278
0.9194557
0.9175024
0.9173817
0.9183285
0.916099
0.918554
0.787444
0.9133165
0.8650223
0.8960594
0.8360527
0.9152822
0.921674
0.9221134
0.9148056
0.8532065
0.9174181
0.9114394
0.8525106
0.9096856
0.9081695
0.8031989
0.7879182
0.9044559
0.9070614
0.9166725
0.9160196
0.9171482
0.9159187
0.9167971
0.9054802
0.8978688
0.836881
0.9059706
0.893467
0.9040148
0.9170489
0.9189639
0.9170055
0.9052915
0.9085435
0.893791
0.9016388
0.9067745
0.8889262
0.9119813
0.9025268
0.9108488
0.9166487
0.9079177
0.9155896
0.8337633
0.8280188
0.9066078
0.9104911
0.9117689
0.9083231
0.9028975
0.9252688
0.9073435
0.9036942
0.8810395
0.8351449
0.8399556
0.8961096
0.9010209
0.8972085
0.9075418
0.9023629
0.9115615
0.910384
0.9163882
0.9174781
0.9053538
0.9016322
0.9062297
0.8988594
0.7917196
0.9032585
0.906533
0.9102876
0.9207359
0.9302188
0.9139174
0.9190218
0.9252081
0.9057352
0.7801693
0.7810651
0.7825842
0.9028012
0.913193
0.9200727
0.9238483
0.9163502
0.8991741
0.9157144
0.7712504
0.9241433
0.9297548
0.9313516
0.9304575
0.9305975
0.9275384
0.92799
0.9272902
0.754407
0.9135362
0.8638035
0.9025432
0.8252875
0.9129346
0.9242206
0.9255274
0.9110041
0.8275956
0.9129724
0.917325
0.8436937
0.9100036
0.9146703
0.7770289
0.7633076
0.9008073
0.9056109
0.9158693
0.9183083
0.919414
0.9182803
0.9185222
0.9003805
0.8981663
0.8212373
0.9044701
0.8968994
0.9015798
0.9171351
0.9192321
0.9169754