0.9256357
0.9047669
0.9172726
0.9078729
0.8984558
0.9202711
0.8104697
0.9000941
0.9052368
0.8998347
0.8448072
0.9198747
0.9172795
0.9028557
0.9022908
0.8480924
0.9055986
0.919428
0.9221251
0.9012038
0.912818
0.8169322
0.9084572
0.8383682
0.9095325
0.8997083
0.9139874
0.9022533
0.9052776
0.8908265
0.9320405
0.9134257
0.9118373
0.910218
0.9120567
0.9030675
0.9088577
0.907182
0.9070348
0.9051909
0.9061851
0.8997577
0.9115211
0.9139593
0.9084814
0.9021571
0.8968678
0.9043253
0.8981189
0.921969
0.9065563
0.913532
0.8989859
0.8969404
0.9205908
0.806983
0.8956538
0.9061356
0.8954632
0.8461395
0.9227011
0.9159547
0.8983771
0.8960987
0.8429777
0.904702
0.9188396
0.921676
0.8953358
0.9099423
0.8135442
0.9057025
0.8274314
0.9031474
0.9003813
0.9103325
0.8976721
0.9051657
0.8871887
0.9340723
0.9124047
0.9074081
0.9068481
0.9053809
0.895737
0.8985077
0.902139
0.9023025
0.8996467
0.898057
0.9008919
0.9054341
0.9121624
0.904005
0.8999822
0.8982798
0.9025813
0.9018773
0.9269346
0.9025119
0.9135585
0.9010926
0.9001816
0.9209733
0.8072377
0.8968077
0.9025189
0.895326
0.8472067
0.9216284
0.9153723
0.8979988
0.8956785
0.8425014
0.8986265
0.9214144
0.9236731
0.8968311
0.9116966
0.8239093
0.9080975
0.8371687
0.9051856
0.8988385
0.9121948
0.8996836
0.9052087
0.8889418
0.9327068
0.9107298
0.9062217
0.8987135
0.9062012
0.8986759
0.9047839
0.9054596
0.9053886
0.9034113
0.9045692
0.8945765
0.9064651
0.9127663
0.9071809
0.898351
0.9031151
0.8998337
0.8982757
0.9274177
0.9067865
0.914089
0.9042814
0.8999787
0.9204925
0.8099423
0.8923459
0.9062147
0.8978539
0.8452672
0.923069
0.9151362
0.899536
0.8970934
0.8450045
0.9024835
0.9239802
0.9262185
0.8959312
0.9123125
0.8192322
0.9106489
0.8359298
0.9040261
0.8986386
0.9131841
0.900401
0.9063303
0.8893991
0.9350424
0.9129263
0.9061814
0.9026592
0.908591
0.902766
0.904597
0.9049603
0.904735
0.902107
0.9047703
0.9000441
0.9071809
0.9089854
0.9076673
0.900806
0.9057659
0.9057783
0.9017528
0.9312102
0.9118822
0.9220586
0.91434
0.9040584
0.9238503
0.8410645
0.9028867
0.9094422
0.9016623
0.8079642
0.9280219
0.919949
0.9098806
0.9043925
0.8080843
0.9082937
0.9287652
0.9286696
0.8989787
0.9203182
0.8492956
0.9125749
0.8575877
0.9156977
0.9128035
0.9176495
0.9089601
0.909435
0.8979231
0.9370354
0.9173284
0.9187018
0.9125839
0.9155762
0.9080169
0.9116286
0.9088098
0.9089312
0.9106135
0.908813
0.9037547
0.9184175
0.916062
0.9118833
0.9057194
0.9067845
0.906258
0.9056759
0.9302038
0.9118215
0.9205968
0.90921
0.8995849
0.9211002
0.8365805
0.8995351
0.9113306
0.8990803
0.8046626
0.9233867
0.9178518
0.9071071
0.8972464
0.7976449
0.9068234
0.9278208
0.9275022
0.8956456
0.9152767
0.8440557
0.9130558
0.856415
0.9125537
0.9067748
0.9141397
0.906378
0.9110519
0.897029
0.9371769
0.9168333
0.9173058
0.9108551
0.9149153
0.9051304
0.9106866
0.9104688
0.9104367
0.910856
0.9105868
0.900607
0.9162578
0.9154801
0.911297
0.9046796
0.9073377
0.9078193
0.9005676
0.928276
0.9106806
0.9209225
0.9104147
0.9136069
0.9180395
0.8987221
0.9008369
0.9116003
0.9028915
0.9112541
0.9265579
0.9220116
0.910057
0.8999856
0.9079873
0.904329
0.9228254
0.9236515
0.8976269
0.919673
0.9001922
0.903953
0.9133078
0.9093814
0.8940586
0.9171983
0.6831822
0.9129526
0.8982258
0.9355647
0.9182528
0.9042148
0.9084742
0.9081941
0.9076249
0.9128993
0.9136302
0.9136741
0.9126464
0.9137847
0.901115
0.9094623
0.9106856
0.906564
0.9106794
0.9040043
0.9052593
0.9036475
0.9030768
0.881364
0.8981428
0.8897503
0.7727382
0.9198317
0.8904055
0.894442
0.8776892
0.8973255
0.8970441
0.8764326
0.8269894
0.8822063
0.894084
0.8934409
0.9030441
0.9014366
0.9012738
0.8840532
0.889121
0.8899551
0.9032935
0.8996459
0.8870211
0.9041633
0.876222
0.9040986
0.8847172
0.8942696
0.9127227
0.8949835
0.9099187
0.879022
0.8846154
0.8743167
0.8807986
0.8829055
0.8832393
0.88087
0.8801372
0.9036908
0.9109262
0.9135405
0.9110079
0.8751051
0.9094851
0.9099311
0.9075703
0.9009044
0.8598728
0.8907181
0.8778334
0.883166
0.9134388
0.9116286
0.9016225
0.857377
0.8953641
0.9183516
0.9160776
0.9036575
0.8626632
0.8958402
0.912254
0.8982042
0.8744429
0.8773292
0.8832869
0.8671809
0.9148382
0.8979629
0.9141043
0.8651427
0.8979719
0.8769253
0.9042279
0.8685121
0.9040951
0.9051983
0.8810902
0.8929835
0.8838915
0.7323203
0.849201
0.8689589
0.8665287
0.8668317
0.8636549
0.8669523
0.9141305
0.9123435
0.9058111
0.9013564
0.8721851
0.908239
0.9019404
0.9106501
0.8896941
0.8513549
0.8754177
0.8708943
0.8819023
0.9212353
0.8957985
0.9173651
0.851622
0.9175258
0.9043368
0.9197272
0.9035704
0.8530049
0.9195431
0.9058757
0.9179453
0.8571376
0.8544367
0.9012637
0.7755802
0.900061
0.9247755
0.9012965
0.8430754
0.9219664
0.8775268
0.9169428
0.8472646
0.9117784
0.8944214
0.8855873
0.9242467
0.8876621
0.8738959
0.8495832
0.8390079
0.8402371
0.8402926
0.8399865
0.8418509
0.9234491
0.9151521
0.915568
0.9108461
0.8570744
0.9179832
0.9192088
0.9196065
0.8882315
0.8691988
0.8835077
0.8810354
0.8994148
0.9254365
0.9180049
0.9282709
0.8696207
0.9313856
0.9216732
0.9287401
0.9142986
0.8729979
0.9318509
0.9239884
0.9287409
0.8688608
0.8666035
0.9095611
0.873215
0.9196683
0.9280638
0.9147886
0.8583881
0.9272996
0.8870405
0.9229232
0.8678523
0.9277291
0.8951126
0.8937555
0.9290425
0.9003628
0.8804226
0.8701625
0.8666374
0.8665082
0.8673462
0.8687587
0.8652269
0.9357651
0.9238731
0.926381
0.9196009
0.8748009
0.929787
0.9307104
0.9263778
0.882542
0.8427491
0.876559
0.8640687
0.8868197
0.9201844
0.902796
0.918034
0.842456
0.9228827
0.9120713
0.9248321
0.9051314
0.8427647
0.9212199
0.913157
0.919222
0.8486452
0.8518505
0.8983332
0.8497136
0.9035772
0.9190036
0.9030763
0.0448894
0.9156177
0.8767168
0.9090815
0.8407373
0.914649
0.8915848
0.8841559
0.9177177
0.8930422
0.8633317
0.8430377
0.842135
0.8400468
0.8402338
0.8401446
0.8364544
0.9264876
0.9129666
0.9117304
0.9067068
0.8530189
0.916598
0.9158691
0.9206992
0.9347849
0.9195245
0.9290536
0.9217112
0.9119114
0.923444
0.9005096
0.9081592
0.9168253
0.9138377
0.9082131
0.9343981
0.9276379
0.91811
0.9141932
0.9139914
0.9158679
0.9314129
0.9317631
0.9144219
0.9268818
0.899917
0.9154069
0.9136475
0.9231959
0.9127618
0.92203
0.9018084
0.9230527
0.9097804
0.9412749
0.9289052
0.9191121
0.9181669
0.9216272
0.9184557
0.9240821
0.9229556
0.9229987
0.9219637
0.9214461
0.9046246
0.9197035
0.9208494
0.9231247
0.9169538
0.9118727
0.9179592
0.9163036
0.8984581
0.865253
0.8859153
0.8720453
0.883149
0.9172605
0.8964455
0.9038166
0.8650529
0.9060689
0.9003498
0.9164072
0.9048074
0.864887
0.9067252
0.9000931
0.9098187
0.8843702
0.886731
0.8877566
0.8778793
0.8999494
0.91243
0.9013139
0.8643218
0.9023698
0.8827526
0.9073354
0.868701
0.9005218
0.9070417
0.884483
0.9118968
0.8855659
0.8787268
0.8625779
0.8707729
0.8709737
0.8712325
0.8695748
0.8708122
0.9151933
0.9106645
0.9121588
0.907042
0.8691383
0.908818
0.9068745
0.9083604
0.8894816
0.8755017
0.8851098
0.8854057
0.897094
0.9248069
0.9151129
0.9263349
0.8758799
0.9305864
0.9167046
0.9254247
0.9136992
0.8756971
0.9288595
0.915206
0.9266071
0.8827265
0.8829073
0.906307
0.8848631
0.911861
0.9299947
0.9087212
0.8780301
0.9265831
0.8825666
0.9177421
0.8799043
0.9246911
0.8916616
0.8995636
0.9318994
0.8991206
0.8931218
0.8876461
0.8776365
0.8788507
0.8781251
0.878855
0.8795479
0.9341412
0.9172982
0.9165759
0.9125894
0.8876611
0.9233473
0.9255607
0.9240636
0.8965845
0.859529
0.8848615
0.8722002
0.8860461
0.9173793
0.9025058
0.9107392
0.858494
0.9069146
0.9064597
0.9224812
0.9051964
0.8585859
0.9107899
0.9093229
0.9082445
0.8770059
0.8795168
0.8936391
0.8636496
0.9042078
0.9135885
0.9023897
0.8585031
0.9068813
0.8801113
0.9090971
0.8633864
0.9043357
0.9059877
0.8854703
0.913268
0.889184
0.8752894
0.8606752
0.8589861
0.8621118
0.8612066
0.8588472
0.8569803
0.9220062
0.9127487
0.9137997
0.9092381
0.8662987
0.9104324
0.9115986
0.9131725
0.9228084
0.8980876
0.9100749
0.8984968
0.8922216
0.9118506
0.901844
0.8905996
0.8958326
0.87887
0.9114716
0.9171389
0.9079073
0.8968076
0.8793957
0.9037116
0.8829114
0.9147992
0.9152244
0.8412318
0.9037764
0.9043569
0.88853
0.9110721
0.9035475
0.8822308
0.899505
0.8971913
0.9022473
0.8838657
0.9238612
0.9000283
0.8893286
0.8933563
0.8956807
0.8860838
0.9049882
0.9026913
0.9030516
0.9066529
0.9029303
0.895427
0.9041845
0.8979453
0.8988661
0.8922046
0.8968141
0.8931418
0.899444
0.9063328
0.8818783
0.9026309
0.8939662
0.7774558
0.9157201
0.8953239
0.8898196
0.8818463
0.8910109
0.9058861
0.8761484
0.8295275
0.8850416
0.8893584
0.897113
0.8962907
0.9006615
0.902491
0.8810884
0.8873665
0.900436
0.897846
0.9061605
0.8868691
0.8966083
0.8816126
0.9040592
0.8887127
0.890809
0.9157729
0.8955171
0.9021165
0.8771059
0.8856438
0.8735405
0.8875868
0.8871691
0.8874589
0.8852305
0.8862871
0.9010517
0.9132814
0.9069156
0.9123496
0.8807822
0.9031849
0.9048462
0.9049215
0.9353549
0.9167108
0.9308559
0.9195073
0.9114511
0.920525
0.9105654
0.8696765
0.9174043
0.8663693
0.9171816
0.9268554
0.9258309
0.9154644
0.8655908
0.9127284
0.8708539
0.9322069
0.9301857
0.9027428
0.9230769
0.9066652
0.8327046
0.9194681
0.9200155
0.8729418
0.9208746
0.9051625
0.9227241
0.8719004
0.9395226
0.9197822
0.8353925
0.9120844
0.9124139
0.9133727
0.9192816
0.9199353
0.9202448
0.9162348
0.919444
0.8990815
0.9138278
0.9196441
0.9162934
0.9157772
0.8811173
0.8849368
0.8817847
0.8974106
0.8804485
0.8980698
0.8910553
0.8674826
0.9224833
0.8995872
0.9079274
0.8804975
0.9070291
0.9053049
0.9097452
0.8966743
0.8789617
0.9099807
0.906721
0.917353
0.8918804
0.893401
0.8961346
0.8897501
0.8990278
0.9176661
0.9037798
0.8821024
0.9093766
0.8754895
0.9068538
0.8860456
0.9078938
0.9032247
0.8978871
0.9143296
0.8851746
0.8877888
0.8816689
0.884397
0.8855441
0.8857922
0.8852206
0.8853083
0.9145869
0.912948
0.9154831
0.914044
0.8807333
0.9159276
0.9152708
0.9144939
0.895758
0.8664614
0.8845379
0.8768074
0.858333
0.9163177
0.8986103
0.8989373
0.8655983
0.8979282
0.9113073
0.9027749
0.8869088
0.8685672
0.8972461
0.9076332
0.9015059
0.8903053
0.8906077
0.8832788
0.8807613
0.8974018
0.9021841
0.9024233
0.872716
0.8986751
0.8670566
0.8942324
0.8759743
0.9019686
0.901693
0.8900442
0.9039421
0.8734273
0.8769001
0.8677644
0.8743448
0.8752363
0.8755315
0.8747957
0.8806931
0.9061721
0.9078414
0.9006002
0.9055954
0.8751768
0.9014761
0.9013649
0.9074498
0.9328013
0.9144956
0.9233034
0.9154575
0.8992487
0.9123356
0.897053
0.814966
0.9141516
0.8410689
0.9063701
0.9220715
0.9177399
0.9127829
0.8443581
0.9012198
0.8514321
0.9257377
0.9262816
0.8883551
0.9141391
0.8955921
0.8617948
0.9031446
0.9184718
0.847758
0.9171778
0.8955166
0.9098058
0.7929258
0.938711
0.9144421
0.8654096
0.9068376
0.9089794
0.9051198
0.9148212
0.9137807
0.9144096
0.9117162
0.9126924
0.8923993
0.9099566
0.9072592
0.9077567
0.9085944
0.8587514
0.8639686
0.8660755
0.9008227
0.869109
0.8913969
0.8837724
0.8902387
0.9171697
0.9116101
0.9132122
0.8705225
0.9127457
0.920943
0.9216722
0.9097162
0.8695189
0.9099778
0.9128025
0.9110685
0.8761753
0.88113
0.8943675
0.8741132
0.9102824
0.9113708
0.9160578
0.8638674
0.9076481
0.8839615
0.9103304
0.8665594
0.9108173
0.9086807
0.8874038
0.9092643
0.8908664
0.8763644
0.8611336
0.8726577
0.8707158
0.8700241
0.870236
0.8704731
0.9196322
0.9121319
0.9095424
0.9070753
0.8705848
0.9154076
0.9128013
0.9201088
0.9179359
0.893292
0.9042185
0.8937275
0.8937675
0.9115651
0.9012472
0.8993881
0.8922781
0.8978099
0.9088869
0.9204404
0.9133305
0.8926436
0.8935011
0.9067069
0.8998741
0.908719
0.9089559
0.8490996
0.9003864
0.900244
0.9041912
0.9031759
0.8983794
0.9000187
0.8926885
0.8991849
0.8974293
0.900873
0.9248695
0.9038738
0.902377
0.8965681
0.8954668
0.8878841
0.8934647
0.8942616
0.8940656
0.8923304
0.8914875
0.9075999
0.9052184
0.9022562
0.9018571
0.8938291
0.9036346
0.8993912
0.9065441
0.9422868
0.9196609
0.9309559
0.9212795
0.9116943
0.9251502
0.8962797
0.8953466
0.920212
0.9047124
0.9038826
0.930309
0.9286979
0.9192711
0.8990716
0.908337
0.9126114
0.9383666
0.9386516
0.9096109
0.9312376
0.8976615
0.9084333
0.9093678
0.9253635
0.9045103
0.9264052
0.9037652
0.9196358
0.8935866
0.9457508
0.9262857
0.9129903
0.9169089
0.9223227
0.9177053
0.9223986
0.9231018
0.9230686
0.9225491
0.9241875
0.8915732
0.9254623
0.9191908
0.9223967
0.918662
0.9140582
0.9105897
0.9104104
0.9357353
0.9154718
0.9232026
0.9098025
0.9007911
0.910764
0.8849752
0.8799985
0.9115372
0.8774296
0.9006292
0.9239437
0.9185898
0.907215
0.8833985
0.8888848
0.8916799
0.9241577
0.9266405
0.8913204
0.9168476
0.8804478
0.8935501
0.8987091
0.9134944
0.882649
0.9137913
0.8974969
0.9141752
0.882333
0.937339
0.9101686
0.8912092
0.9060863
0.902634
0.8981761
0.9135386
0.9127686
0.9124623
0.9113642
0.9128107
0.8918272
0.9150118
0.9038517
0.8996675
0.9024311
0.8984343
0.8947966
0.8947855
0.931213
0.9105726
0.9227662
0.9083279
0.9019154
0.9158532
0.8879647
0.8856714
0.9070479
0.8855918
0.8943838
0.9245667
0.9182816
0.9066531
0.885553
0.8908786
0.8963605
0.9237964
0.9247953
0.8892779
0.9183854
0.8850443
0.8979374
0.8990899
0.9146761
0.8896621
0.9124516
0.8952894
0.9101788
0.8882798
0.9333194
0.9115007
0.8963981
0.9040433
0.9037919
0.898556
0.911446
0.9098158
0.9097048
0.9099387
0.9107579
0.894715
0.9132678
0.9057107
0.9011322
0.9035849
0.9011705
0.8993157
0.8970529
0.9262586
0.9115217
0.919177
0.9086658
0.889914
0.9189246
0.8651047
0.877785
0.9111337
0.8788269
0.8758564
0.9231042
0.9109053
0.8999705
0.8826737
0.8778188
0.8917328
0.9262263
0.9276522
0.8871106
0.9139951
0.8635948
0.8928731
0.8856833
0.9106149
0.887981
0.9098107
0.891445
0.906099
0.8801139
0.93773
0.9124822
0.896293
0.9017523
0.9045254
0.8990402
0.910588
0.9097308
0.9101327
0.9070832
0.9092592
0.8835936
0.909702
0.9108954
0.906857
0.8965277
0.8977955
0.8989891
0.8930876
0.9252824
0.9065803
0.9146423
0.9070683
0.9035891
0.9216435
0.8323874
0.9059894
0.9072092
0.9124093
0.8501192
0.9285591
0.9231837
0.9006441
0.9100921
0.8572118
0.9157283
0.9240877
0.9237238
0.9029625
0.9160528
0.8333078
0.9148404
0.8467937
0.9074668
0.910543
0.9107086
0.9040782
0.9084465
0.9028636
0.931909
0.9215815
0.9184275
0.9124416
0.9112302
0.9079022
0.9083025
0.9078115
0.9079345
0.9054496
0.9071157
0.9050469
0.9151551
0.9155734
0.9169786
0.9029306
0.9117319
0.9096191
0.9087216
0.9307714
0.9102602
0.9275634
0.9066637
0.9058884
0.9143881
0.9224091
0.8845562
0.9100265
0.8861851
0.9283326
0.9216427
0.9199481
0.9164951
0.884611
0.9174984
0.8864404
0.921186
0.924197
0.88427
0.9170418
0.9225357
0.8955646
0.9283373
0.9200117
0.8810182
0.9110375
0.902512
0.9145549
0.8923586
0.9322058
0.910545
0.880654
0.9045821
0.8955419
0.8974206
0.9184239
0.916021
0.9165814
0.9164143
0.9165388
0.9052236
0.9095003
0.9035833
0.8974678
0.9116958
0.8994603
0.8914055
0.9045784
0.9319897
0.9096006
0.9270264
0.9120666
0.9091703
0.9131284
0.9235393
0.8925166
0.9091306
0.8921355
0.9280194
0.9240781
0.9233671
0.9195936
0.8893546
0.9217588
0.8943365
0.9233714
0.9262658
0.8890508
0.9186618
0.9215295
0.8977455
0.9282907
0.91817
0.8859078
0.9127304
0.9044005
0.9162124
0.8993115
0.9356952
0.9140204
0.8865009
0.9062409
0.8979434
0.9010417
0.9159305
0.9155475
0.9161813
0.9157419
0.9146863
0.906038
0.9092109
0.9029826
0.8983259
0.9116965
0.9045777
0.8978361
0.9104604
0.9338377
0.9135168
0.9256436
0.9153771
0.9009764
0.9151179
0.8986584
0.834352
0.9122725
0.8390755
0.9005355
0.9224229
0.9209541
0.910017
0.8439531
0.901631
0.8458663
0.9273838
0.9303456
0.8890451
0.9176127
0.8946185
0.8624314
0.9054409
0.9174654
0.8500812
0.9158696
0.8979903
0.9138567
0.8285354
0.9361947
0.9170048
0.8654458
0.9054462
0.9070702
0.9009628
0.9147791
0.9147112
0.9144057
0.9136205
0.9151424
0.8891895
0.9113683
0.9083466
0.9061878
0.9101887
0.8599571
0.857775
0.8594448
0.9332261
0.9108459
0.9194875
0.9095878
0.8994304
0.9155186
0.8853198
0.8880547
0.9075142
0.8858401
0.8975594
0.9248524
0.917451
0.9059311
0.8880502
0.8873905
0.8975122
0.9232837
0.924513
0.8952374
0.9157801
0.883841
0.8988888
0.8960391
0.9151106
0.890949
0.9119501
0.8964795
0.9112712
0.8870359
0.9323484
0.9104599
0.8976036
0.9056428
0.9031439
0.8995353
0.9094477
0.9091073
0.9087996
0.9073854
0.909032
0.8954812
0.912277
0.9076729
0.9018993
0.8992029
0.9007487
0.9021074
0.8968263
0.9227019
0.9070189
0.9126183
0.9030394
0.9013315
0.9182639
0.8306696
0.9003987
0.9071809
0.9107355
0.8478009
0.9268925
0.9184961
0.8989553
0.9090384
0.854444
0.9141879
0.9230769
0.9224108
0.9021075
0.9114022
0.8285626
0.91411
0.8488381
0.9052534
0.907007
0.9083768
0.9047751
0.9066747
0.9018396
0.9315026
0.9173175
0.9159016
0.908001
0.907868
0.9037467
0.9052793
0.9058007
0.9060021
0.9047212
0.9020924
0.905342
0.9120372
0.914317
0.9151801
0.9041524
0.9148249
0.9075008
0.9060192
0.9330928
0.9119678
0.9242016
0.913706
0.8965542
0.9145587
0.8784826
0.8807704
0.9110343
0.8855818
0.8879704
0.9207952
0.9165632
0.9088469
0.8883361
0.8879965
0.8956913
0.9273138
0.9292563
0.8946729
0.9176625
0.8758429
0.8967439
0.8955575
0.9154535
0.8857132
0.9149178
0.8966424
0.9164702
0.8799834
0.9388209
0.9165961
0.8964207
0.9095364
0.9079571
0.9053956
0.9104531
0.911641
0.9116864
0.9116052
0.9108216
0.8875667
0.9122269
0.9104059
0.9073706
0.8994124
0.8988901
0.8987662
0.8972807
0.9354782
0.9143052
0.9235323
0.9139366
0.8984608
0.9126463
0.8812158
0.8845719
0.9116601
0.8821613
0.8966704
0.9218822
0.9172062
0.9122383
0.8833702
0.8903504
0.890901
0.9259259
0.9275291
0.8917287
0.9181131
0.8823814
0.8929734
0.9000658
0.9173503
0.8873786
0.9132136
0.8935648
0.9140988
0.8790663
0.9401019
0.9153648
0.8911265
0.9087205
0.9054734
0.9042972
0.9150193
0.9154174
0.9153458
0.9150282
0.9142939
0.8853579
0.9144021
0.9111893
0.9093482
0.9015001
0.8964649
0.8972502
0.896328
0.9341867
0.9111429
0.9185135
0.9060716
0.9080649
0.9171835
0.8886668
0.8958635
0.9103698
0.8929376
0.8970503
0.9278865
0.9222651
0.9050289
0.8959864
0.894382
0.9024577
0.9244619
0.9273053
0.8942054
0.9181568
0.8875746
0.9021068
0.8976651
0.912082
0.8942254
0.9103465
0.9009957
0.9116818
0.8878807
0.9381073
0.9162954
0.9000111
0.9086509
0.9044306
0.9012016
0.9097521
0.9105839
0.9105514
0.9096534
0.9082434
0.8992687
0.9096208
0.9105636
0.9063483
0.9003134
0.8995701
0.900943
0.89918
0.9330107
0.9138514
0.9196161
0.9073953
0.895939
0.9111213
0.8841389
0.8783173
0.9122548
0.8824192
0.8905085
0.925257
0.911901
0.9060293
0.882076
0.8883016
0.8937602
0.9231151
0.924157
0.890655
0.9155131
0.8785407
0.8965696
0.8897402
0.9100904
0.886482
0.9108553
0.8932853
0.9095
0.883574
0.9372669
0.9170286
0.8934794
0.9039666
0.9086305
0.9004582
0.9115962
0.9118039
0.9126713
0.9105144
0.9100022
0.8843915
0.9106966
0.9046498
0.9092715
0.9029502
0.8969202
0.8935322
0.8929353
0.938196
0.9174872
0.9286145
0.9196754
0.9146004
0.928228
0.8933914
0.8970258
0.91613
0.9020058
0.9026247
0.9338846
0.9283827
0.9129188
0.9042116
0.9010121
0.9086352
0.9324186
0.9341298
0.9086365
0.924265
0.8894342
0.9102198
0.9038715
0.9224008
0.9063008
0.9196073
0.9033906
0.9202546
0.898932
0.9439928
0.9232232
0.9109839
0.9172731
0.9196364
0.912601
0.9207225
0.921965
0.9223561
0.923033
0.9215434
0.8315357
0.9183207
0.9189228
0.9159001
0.9121651
0.9080489
0.9117063
0.9079865
0.9371308
0.9185695
0.9276473
0.9171653
0.9169669
0.9253977
0.891433
0.9026396
0.9181078
0.9085508
0.8988432
0.937883
0.9313152
0.9123798
0.9121629
0.9039519
0.9124296
0.9329467
0.9324741
0.904991
0.9261129
0.8854662
0.9127837
0.9037372
0.918671
0.9108955
0.9219512
0.9022436
0.9211441
0.9062929
0.9388506
0.926569
0.9147719
0.9224687
0.9219261
0.9161856
0.9208786
0.9196043
0.9199597
0.9216122
0.9198015
0.8460404
0.917741
0.9187235
0.9172309
0.9140219
0.9117105
0.9143296
0.909953
0.9328018
0.9120726
0.9165868
0.9109872
0.9016104
0.9168757
0.8963302
0.8586598
0.9093514
0.8414182
0.9023927
0.9289222
0.9156822
0.9050667
0.841153
0.8968222
0.846404
0.927808
0.9281983
0.8960645
0.9192194
0.8917024
0.8588717
0.9079413
0.9147605
0.853011
0.91412
0.8990593
0.9108233
0.857999
0.9365502
0.9145767
0.8602438
0.9026754
0.9077354
0.9055831
0.9113471
0.9098393
0.909143
0.9080102
0.9099205
0.8917491
0.9126706
0.9107934
0.9120705
0.9037088
0.8587375
0.860622
0.8673896
0.9326455
0.9126207
0.9165811
0.9108783
0.9019185
0.9166811
0.8970107
0.8592012
0.9108035
0.8378545
0.9038736
0.9273588
0.9146479
0.9054454
0.8396471
0.8994064
0.8457045
0.926912
0.9273389
0.896111
0.9174923
0.8945927
0.8600968
0.91
0.9153394
0.850848
0.9135837
0.8959538
0.9105604
0.8563203
0.9356511
0.9150702
0.8600839
0.9010969
0.9064586
0.9058794
0.9128282
0.9125294
0.9117993
0.9107105
0.9123776
0.8935578
0.9133575
0.9109963
0.9111602
0.9040493
0.8635056
0.8584273
0.8677255
0.9234721
0.9061472
0.9147852
0.9092212
0.9012155
0.9230716
0.8286531
0.9041813
0.9050975
0.9101883
0.7770311
0.929677
0.9200447
0.8942262
0.9093514
0.7890477
0.9162644
0.9204115
0.9232575
0.9023113
0.9180288
0.8293548
0.9159586
0.8416196
0.9063317
0.9147195
0.9153925
0.9053263
0.9063491
0.8996744
0.9286656
0.9121922
0.9204177
0.9109243
0.91233
0.9064609
0.9045931
0.904491
0.9052812
0.9054421
0.9037098
0.9079541
0.9173284
0.9161802
0.90954
0.9011851
0.9090679
0.9087416
0.9042977
0.9235101
0.9044463
0.9143546
0.9082684
0.9001293
0.921807
0.8238042
0.9045246
0.9022508
0.9072113
0.7786302
0.9289405
0.922266
0.8966068
0.9107227
0.7806693
0.9119359
0.9206366
0.9233332
0.9045489
0.9147021
0.8294867
0.9173118
0.8414504
0.9042725
0.9142806
0.9168716
0.9096469
0.9033205
0.8987648
0.9306759
0.9155658
0.9188565
0.9136016
0.9137134
0.9045266
0.9042225
0.9041989
0.9045197
0.9043684
0.9044378
0.9099982
0.9135901
0.918854
0.9133762
0.9005343
0.9061591
0.9116258
0.9061448
0.9236427
0.9064108
0.9154786
0.9066624
0.9012816
0.9210274
0.83487
0.9067305
0.903695
0.9108545
0.7508369
0.9283649
0.9181758
0.9031669
0.9128827
0.7988957
0.9160305
0.9235315
0.9247394
0.9080857
0.9174466
0.8351937
0.917499
0.8433248
0.9083807
0.9151159
0.9155092
0.9036541
0.9088116
0.9005517
0.9306028
0.9158376
0.9230797
0.9112264
0.9150391
0.9096599
0.9063454
0.9052725
0.9063664
0.9062921
0.9059362
0.9104532
0.9113196
0.9175468
0.9156952
0.9058407
0.9117784
0.909514
0.9055234
0.9093633
0.8811993
0.9007273
0.8948654
0.9016749
0.9241601
0.9145331
0.9247601
0.8822683
0.9234965
0.9174706
0.929516
0.917924
0.8821286
0.9205188
0.9221411
0.9217356
0.8917617
0.8940118
0.9082246
0.8828231
0.9154504
0.9231559
0.9121666
0.8803696
0.917617
0.896726
0.9151872
0.8890166
0.9191933
0.9107658
0.8972879
0.9199432
0.901641
0.8931917
0.8838766
0.8837952
0.8820183
0.8821051
0.8818619
0.882258
0.9279188
0.9181782
0.9195157
0.9157757
0.884329
0.9190438
0.9170569
0.9216849
0.9120711
0.8911313
0.9037348
0.9019362
0.9092281
0.9249759
0.9157601
0.9273537
0.8904028
0.9282071
0.9189903
0.930487
0.9200189
0.8952008
0.9261858
0.9221311
0.92379
0.8974634
0.9011031
0.9111587
0.8913693
0.9140789
0.9264998
0.9123206
0.8851461
0.9241918
0.9028963
0.9191235
0.8899351
0.9227186
0.9151199
0.907506
0.9272226
0.9080699
0.8973084
0.8902085
0.8901318
0.8881733
0.8881422
0.8886715
0.8883718
0.9318055
0.917472
0.9206737
0.9154598
0.8915306
0.9228994
0.9220934
0.9223401
0.9043832
0.874406
0.8976777
0.8844529
0.8835458
0.9161063
0.8988572
0.9016011
0.8741272
0.9035918
0.9055216
0.9179974
0.9069048
0.8750918
0.9018547
0.9049714
0.9060225
0.8927421
0.8976252
0.8886184
0.8892436
0.9002268
0.9087485
0.9035151
0.8703697
0.9049393
0.8936565
0.9065485
0.8694187
0.9009189
0.9131302
0.8937119
0.9107846
0.8964107
0.8779197
0.8727725
0.871605
0.8684887
0.8684568
0.8682569
0.8696562
0.9099916
0.9078929
0.9069372
0.904642
0.8793279
0.9077572
0.9059187
0.9089116
0.9216893
0.9062844
0.9092258
0.9061061
0.9004098
0.9196855
0.8012855
0.8998175
0.9031776
0.9017069
0.836589
0.9245068
0.9193319
0.8984257
0.9039812
0.8437465
0.9072914
0.9184479
0.9193616
0.8982904
0.9123096
0.8119074
0.9124254
0.8358697
0.90225
0.9036493
0.9112061
0.8981811
0.9030677
0.8925411
0.9309634
0.9134559
0.9135785
0.9054988
0.9086428
0.9016884
0.9009523
0.9008521
0.9005064
0.9008297
0.8998359
0.9011826
0.9101026
0.91472
0.9080932
0.8994409
0.9045366
0.9090242
0.9027923
0.937181
0.9226269
0.9315775
0.9201007
0.915157
0.925815
0.8996808
0.9115609
0.923669
0.9160138
0.9098811
0.9362251
0.933268
0.9191174
0.9147551
0.9107888
0.9167663
0.9353051
0.9350262
0.9123844
0.9327923
0.8961857
0.9183437
0.9099702
0.9274955
0.9150468
0.9262341
0.9078354
0.9251198
0.9110295
0.9394446
0.9291927
0.9208596
0.9253452
0.9248734
0.9222373
0.925748
0.9252935
0.9254899
0.9247067
0.9222674
0.8274668
0.9253383
0.9251885
0.921048
0.9217487
0.9192797
0.9188347
0.9153608
0.9325227
0.9125905
0.9218941
0.9127965
0.9011976
0.9168045
0.8974688
0.8630597
0.9110199
0.8530057
0.8997475
0.9273543
0.9218284
0.9049288
0.8541288
0.8997647
0.8558511
0.9263154
0.9248722
0.8951875
0.9181777
0.8894545
0.8699803
0.9049939
0.9129819
0.8595156
0.9145715
0.9031564
0.9127356
0.8539449
0.9371429
0.9147561
0.8714457
0.9089342
0.906131
0.9044282
0.9107958
0.9118852
0.9125062
0.9105042
0.9098857
0.8951382
0.9103053
0.9123637
0.9086758
0.9035866
0.8592567
0.8574065
0.8676766
0.9312212
0.9123032
0.9257507
0.9183463
0.9043702
0.9139897
0.9006296
0.8615835
0.910877
0.8480263
0.9082064
0.9255267
0.9232217
0.9114848
0.850736
0.9039142
0.8511582
0.92747
0.9256086
0.8913496
0.9210785
0.8982392
0.857591
0.9111701
0.9154018
0.8480034
0.9153305
0.8981927
0.9153346
0.851692
0.9385187
0.9159655
0.8637932
0.9126279
0.9059948
0.9028674
0.9145554
0.9164483
0.9166077
0.9132948
0.9127562
0.8941353
0.9110731
0.9115724
0.9053717
0.9068334
0.8596159
0.8560803
0.865661
0.9329438
0.9131431
0.9217431
0.9122726
0.9006479
0.9181899
0.8987666
0.8632578
0.910962
0.8526614
0.9000994
0.9256424
0.923691
0.9051936
0.8542155
0.901095
0.8566617
0.9268647
0.9251276
0.894279
0.9175042
0.8924085
0.8704129
0.9064319
0.9156032
0.8595917
0.9138256
0.9036069
0.9122159
0.8553302
0.9383849
0.9171338
0.8710774
0.9096077
0.9083691
0.9049258
0.9123135
0.913665
0.9142445
0.9128247
0.911253
0.8974397
0.9102875
0.9126101
0.9074442
0.9044347
0.8607034
0.857532
0.8683253
0.933973
0.9179802
0.9268386
0.9125089
0.9054863
0.918373
0.9006242
0.8661251
0.9158836
0.8543332
0.9101866
0.9264584
0.924052
0.9117206
0.8571104
0.9080643
0.8567452
0.9309615
0.9293435
0.8964693
0.9218084
0.89844
0.8679513
0.9110182
0.9190335
0.8565366
0.9184701
0.9049772
0.9181118
0.861974
0.9364049
0.9175763
0.8700049
0.9100589
0.9114167
0.910256
0.9169256
0.9145211
0.9147958
0.9136767
0.9167461
0.8938182
0.9124392
0.9140766
0.9094086
0.9141022
0.8698484
0.8632351
0.8663526
0.9362109
0.9151039
0.9244243
0.9142504
0.9075301
0.9214776
0.9019075
0.8691917
0.9136249
0.855701
0.9097251
0.9291147
0.9267782
0.9164173
0.8611017
0.9058454
0.8598207
0.931776
0.9304695
0.9025348
0.9230876
0.90181
0.8697934
0.9101195
0.9212596
0.8646129
0.919371
0.9056597
0.9142927
0.865381
0.9385348
0.9192621
0.8737651
0.9120346
0.9121312
0.9125105
0.9219594
0.9177067
0.9177881
0.9186464
0.9189944
0.9039492
0.9135403
0.9158267
0.9123147
0.9109793
0.8646936
0.8626727
0.867585
0.9375914
0.9150304
0.9232047
0.9162748
0.910047
0.9195473
0.9023403
0.8690197
0.9140879
0.8587305
0.9061908
0.9296563
0.9244597
0.9129057
0.8622297
0.9082202
0.8599755
0.9309919
0.9305317
0.8967306
0.9219111
0.9009954
0.870703
0.9098688
0.9165617
0.8578747
0.9190981
0.9027524
0.9168668
0.8654325
0.9372731
0.9213968
0.8753696
0.9113655
0.9106528
0.907281
0.9150066
0.9142578
0.9148327
0.9147503
0.9125123
0.9023845
0.9139947
0.9137045
0.9104117
0.9127824
0.8719965
0.8623463
0.8716676
0.9357398
0.911694
0.9252265
0.9142492
0.9079185
0.9186195
0.9040193
0.866378
0.9113154
0.8461773
0.9118475
0.9266036
0.9268427
0.9113798
0.8497928
0.9097431
0.855357
0.9273478
0.9295165
0.8937733
0.920279
0.9027668
0.8643916
0.9130419
0.9169577
0.8550089
0.9163408
0.9011968
0.9172632
0.8628402
0.9364791
0.9170393
0.861629
0.9124794
0.9058061
0.9056215
0.9180962
0.917724
0.9176156
0.9167311
0.9166989
0.9001148
0.9141741
0.9108904
0.9102966
0.9045456
0.8616789
0.860102
0.8697187
0.8965125
0.8644523
0.887174
0.8802203
0.8875252
0.9241353
0.9129505
0.9162629
0.8661721
0.9129083
0.9188973
0.921435
0.9067728
0.8683551
0.914077
0.9171859
0.9128147
0.8536369
0.8573114
0.8964475
0.8588966
0.9194368
0.9139337
0.9135352
0.8606639
0.9132365
0.8833913
0.911793
0.8630167
0.9152603
0.9020237
0.8943913
0.9168815
0.8977494
0.8734649
0.8583839
0.8583213
0.8558248
0.8559203
0.8529717
0.8581571
0.9248791
0.9139763
0.9139131
0.9104478
0.8664958
0.918817
0.9164849
0.9214286
0.9380324
0.9110395
0.9273906
0.9130467
0.9061202
0.9173798
0.9022758
0.8910271
0.9098478
0.8896434
0.9129058
0.9282578
0.9261286
0.9128739
0.8864382
0.9069759
0.8918848
0.9283049
0.9306626
0.8954598
0.9213451
0.9005409
0.8952044
0.915392
0.9189465
0.8929397
0.9187561
0.8919105
0.9191729
0.8918755
0.9393897
0.9155765
0.8889101
0.9111071
0.9083551
0.9107594
0.9187016
0.9175284
0.9178102
0.9167364
0.9182797
0.8867851
0.9100316
0.9091276
0.9043875
0.9075649
0.9007071
0.8993931
0.9039172
0.9074146
0.8827116
0.896749
0.8898477
0.7850865
0.9169108
0.8954531
0.895941
0.8834494
0.8957082
0.9042998
0.8765807
0.8399015
0.8876535
0.8986346
0.8967281
0.9017468
0.9021118
0.9012087
0.888392
0.8917642
0.8953118
0.9024285
0.9037696
0.8890216
0.9044035
0.8826812
0.9065291
0.8873265
0.8937034
0.9145553
0.8997288
0.9099386
0.8742787
0.8882821
0.8770599
0.8845805
0.8854951
0.885342
0.8838371
0.8847728
0.9026012
0.9171006
0.9140823
0.9092398
0.8831935
0.9085243
0.9094312
0.9070102
0.8873795
0.7131233
0.8739888
0.8656705
0.881961
0.9152309
0.902883
0.9155461
0.7128787
0.914753
0.9100246
0.9178277
0.9031281
0.829542
0.9156915
0.9102994
0.9117888
0.8590839
0.8600515
0.8930611
0.8588196
0.9030338
0.9103426
0.8985069
0.8388643
0.9118143
0.8703993
0.9103496
0.8519646
0.9117383
0.8936775
0.8820293
0.9151167
0.8862162
0.865935
0.8568676
0.8500671
0.8490411
0.8487947
0.8474083
0.8467664
0.9219509
0.9080021
0.9097524
0.9076564
0.8574226
0.9145116
0.9154432
0.9147731
0.8911025
0.7413526
0.8775006
0.8702647
0.8873483
0.9204853
0.9064253
0.9218348
0.7361674
0.9183949
0.9109972
0.922553
0.9069955
0.8355156
0.9207604
0.9145605
0.9189629
0.8643956
0.8653163
0.8994865
0.8615035
0.9058378
0.9201998
0.9017675
0.8485688
0.9143205
0.8776114
0.916852
0.851248
0.9165744
0.8972297
0.8844509
0.9218616
0.8935792
0.8726581
0.8594495
0.854432
0.8543059
0.8540189
0.8516592
0.8534601
0.9267018
0.9125086
0.9149773
0.9099121
0.859197
0.9190459
0.9225176
0.9203584
0.9018609
0.886156
0.8981171
0.88703
0.4504165
0.9189533
0.8954069
0.8970233
0.8836241
0.9006548
0.9016765
0.8409438
0.7385756
0.8779729
0.9003811
0.9003701
0.906722
0.9003797
0.9029446
0.8892435
0.8901771
0.8986462
0.9049741
0.9026882
0.8881015
0.9025979
0.8783823
0.9085421
0.8831924
0.8974424
0.9048507
0.900836
0.9105758
0.8794633
0.8861959
0.8808315
0.8830967
0.8853839
0.8851102
0.883123
0.8843803
0.9100202
0.913506
0.9101342
0.9100831
0.8800927
0.9106508
0.9110762
0.9089802
0.9026855
0.8880199
0.9016522
0.8919505
0.5152127
0.9193631
0.8994602
0.8968341
0.8866638
0.8976358
0.9074152
0.8443365
0.7509122
0.8833036
0.9002322
0.9050149
0.9079018
0.902376
0.90342
0.8884536
0.8916988
0.9032755
0.9050612
0.9074728
0.8922811
0.9016939
0.8820316
0.9112518
0.8871095
0.8998549
0.9075114
0.9008848
0.9082602
0.8839097
0.8856895
0.8818649
0.885013
0.8891728
0.8886208
0.8856793
0.8839547
0.9085876
0.9136229
0.9112545
0.9088
0.8839911
0.9126853
0.911798
0.9110135
0.9297872
0.9143427
0.9230986
0.9139377
0.9047978
0.9194125
0.8933786
0.8840422
0.9129163
0.8780123
0.8959377
0.9329729
0.9250917
0.9065589
0.879127
0.9053216
0.8835343
0.9248403
0.9292162
0.9022303
0.9184717
0.8920731
0.8885649
0.9003089
0.9112822
0.884518
0.9204342
0.9040328
0.9147546
0.8752394
0.936988
0.9214086
0.8894097
0.9144221
0.916551
0.9110841
0.9146276
0.9158726
0.9166104
0.9139035
0.91379
0.8961244
0.9153471
0.9153097
0.9147968
0.9042908
0.882217
0.8886454
0.8846624
0.9143497
0.8942708
0.9145737
0.9055062
0.8406608
0.9186618
0.9094526
0.8991643
0.8968884
0.902845
0.9193402
0.8777069
0.8748735
0.9009032
0.8963432
0.9115306
0.9062198
0.9096731
0.9118577
0.8953803
0.8976009
0.91232
0.9032467
0.9149833
0.9009434
0.901691
0.895367
0.9115897
0.8962402
0.9026395
0.9162254
0.903731
0.9067588
0.8870182
0.8951561
0.8898204
0.899843
0.9001747
0.9006129
0.8976015
0.8999822
0.9055361
0.9153851
0.9118311
0.9129229
0.8932074
0.91179
0.9120775
0.9089868
0.9351385
0.9084323
0.9259272
0.9120713
0.9070301
0.9106398
0.899964
0.848547
0.9079689
0.8557362
0.9062232
0.9247237
0.9211543
0.909471
0.8559565
0.9029531
0.8596239
0.9261106
0.9277819
0.885336
0.9161119
0.9016411
0.8659323
0.9072955
0.9171513
0.8566025
0.9131867
0.8964737
0.9145704
0.8433777
0.9367729
0.9095852
0.863418
0.9050102
0.8998117
0.9035975
0.9161056
0.914143
0.914575
0.9149163
0.9146107
0.8944394
0.907264
0.9039617
0.8990966
0.9084764
0.8639347
0.8670422
0.8771661
0.9242456
0.9082722
0.9175414
0.9094322
0.9000287
0.9220202
0.8092072
0.8997872
0.9073065
0.9020456
0.8439551
0.9230636
0.9184914
0.9058587
0.9054849
0.8415935
0.9070629
0.9232704
0.9247853
0.8978942
0.9149048
0.8136723
0.911677
0.8313438
0.911104
0.90527
0.914748
0.9052738
0.909049
0.8937342
0.931231
0.9167073
0.9158909
0.9053034
0.9141135
0.9077673
0.9091006
0.9075986
0.907994
0.9063624
0.9065507
0.9049012
0.9140576
0.9159515
0.9112298
0.9027862
0.9064357
0.9069055
0.9044434
0.8928533
0.8739088
0.8948479
0.8837065
0.8010487
0.9197789
0.8971007
0.8979532
0.8721466
0.9014538
0.9040897
0.8822875
0.8487258
0.8741369
0.8998656
0.8994728
0.9048456
0.8905366
0.8946034
0.8849558
0.8843067
0.8976966
0.9055695
0.9045778
0.8817924
0.9024832
0.8763919
0.9052234
0.8756322
0.8971643
0.9018784
0.8952889
0.9046566
0.8719308
0.8831235
0.8705413
0.8739542
0.878165
0.8784187
0.8735452
0.8737034
0.9107457
0.9159858
0.9119472
0.9119056
0.8753229
0.9052328
0.9077663
0.9076173
0.895309
0.8722438
0.8925584
0.8822778
0.8019587
0.9168419
0.8943549
0.8948141
0.873944
0.8976819
0.9026743
0.8778868
0.8467132
0.8737493
0.8947388
0.897957
0.9016748
0.8906222
0.89192
0.8811606
0.8803919
0.8973933
0.8991387
0.9051508
0.8792569
0.8991129
0.87156
0.9029659
0.8773781
0.8962536
0.9013158
0.8938144
0.8994053
0.8720774
0.8808024
0.8659057
0.8725781
0.8757803
0.8758714
0.8717986
0.8721207
0.9070906
0.9120418
0.9088205
0.9063122
0.8713628
0.9034745
0.9036851
0.9036292
0.9088892
0.8858322
0.9055291
0.8934278
0.8061517
0.9162901
0.9006081
0.8982139
0.8857195
0.8961601
0.9103337
0.8846871
0.8519394
0.8920103
0.8981637
0.9034838
0.9008473
0.903291
0.9048024
0.8849128
0.8960807
0.9036915
0.9053636
0.9089091
0.8925569
0.8994765
0.8860569
0.9080913
0.8927649
0.8962963
0.9164631
0.8991576
0.9058781
0.8888849
0.8857909
0.8795575
0.8930537
0.8937516
0.8938784
0.8942932
0.8952637
0.9059287
0.9130661
0.9092519
0.9123228
0.8885088
0.9048669
0.9082825
0.9076509
0.8901036
0.8747721
0.8902645
0.8846699
0.8041097
0.9186917
0.8937696
0.8980873
0.8758877
0.8945149
0.8992333
0.8820386
0.844531
0.875664
0.8953484
0.8972083
0.8997661
0.8909553
0.8928035
0.8818938
0.883935
0.8932471
0.9029357
0.9017956
0.8784025
0.9025704
0.8699016
0.9053414
0.8757541
0.8960547
0.9011893
0.8938222
0.9027939
0.871566
0.8810051
0.8682281
0.8759244
0.8753825
0.8753506
0.8760862
0.8739925
0.9096269
0.9100478
0.9072869
0.9086483
0.8733984
0.9026267
0.9037896
0.9031005
0.9331623
0.9075609
0.9231932
0.91445
0.902202
0.9144815
0.9033675
0.8452238
0.9079967
0.8239956
0.9101777
0.9229884
0.9206699
0.9091007
0.8184894
0.9038675
0.7494631
0.9265071
0.9279452
0.8914123
0.9164082
0.9059388
0.8553345
0.9127288
0.9122306
0.8546175
0.9131523
0.8953095
0.9143373
0.8438594
0.9367459
0.9129292
0.8539227
0.9068001
0.904025
0.9047056
0.915019
0.9133324
0.9135316
0.9118661
0.912524
0.8987039
0.9069882
0.9100591
0.9067126
0.9044454
0.8554033
0.8570488
0.8678312
0.9231144
0.9076721
0.9160593
0.908789
0.8995529
0.9216091
0.795104
0.9001062
0.9054608
0.9039861
0.842277
0.9245139
0.9161892
0.9036067
0.9024071
0.8404323
0.9064185
0.9210444
0.9218455
0.8967786
0.9114352
0.8148479
0.9114187
0.8232185
0.9065734
0.9039466
0.9117068
0.9056794
0.9061235
0.8937823
0.9329776
0.9118355
0.9131581
0.9067985
0.9084439
0.9038551
0.9110536
0.9118751
0.9118043
0.9118781
0.9129943
0.9016011
0.9128625
0.9131618
0.9073996
0.905234
0.9027294
0.9046687
0.9027291
0.924243
0.9090038
0.9162591
0.9088021
0.90075
0.9219115
0.7959836
0.9022128
0.9067212
0.9060604
0.842198
0.9248537
0.9182002
0.9031506
0.9029024
0.843662
0.9071788
0.9204851
0.9226795
0.8973164
0.9114085
0.8162972
0.9106887
0.8268558
0.9060415
0.9050344
0.9103407
0.9064526
0.905283
0.894128
0.9339315
0.9134766
0.9151266
0.9064652
0.9090004
0.9032454
0.9107953
0.9109616
0.9108136
0.9110812
0.9124668
0.9012931
0.9144163
0.9142847
0.9081383
0.9039255
0.9038991
0.9058962
0.9048426
0.9237916
0.9070537
0.9152602
0.9079733
0.8998713
0.9232776
0.8011498
0.9023597
0.9054641
0.9050599
0.8445359
0.926377
0.9166841
0.904475
0.9006118
0.8413111
0.9049658
0.9203302
0.9230904
0.8971811
0.9131995
0.8146708
0.9128644
0.8284233
0.9055222
0.9054588
0.9101784
0.9053026
0.9044146
0.8942723
0.9334939
0.9160757
0.9146896
0.9071106
0.9077865
0.9053029
0.9110954
0.9101418
0.909955
0.9109955
0.9129973
0.9017268
0.9140333
0.9128191
0.90725
0.9046536
0.9062658
0.9081001
0.904119
0.8921841
0.8603881
0.8833399
0.8781706
0.888853
0.9225129
0.911602
0.9179027
0.8613625
0.9182892
0.919654
0.9220291
0.9060837
0.8623545
0.916726
0.9169693
0.9137613
0.8520487
0.8554696
0.8972667
0.8544933
0.9179178
0.9158779
0.9123633
0.8537265
0.9157347
0.8783162
0.9117052
0.8557572
0.9182846
0.9004507
0.8919272
0.9165446
0.8939023
0.8730217
0.8541667
0.854186
0.850913
0.8505828
0.8502708
0.8532593
0.9258353
0.9148907
0.9143127
0.9121703
0.8618679
0.9218462
0.9192405
0.9174189
0.892815
0.8688706
0.8792049
0.8768241
0.8882625
0.9202754
0.9008868
0.916997
0.86788
0.9163475
0.9075404
0.9246656
0.9097554
0.866303
0.9133158
0.9101303
0.917393
0.881445
0.8803267
0.8953046
0.8741985
0.901251
0.9178639
0.9039491
0.8568071
0.9145023
0.8844713
0.9093551
0.8682615
0.9119248
0.9016759
0.8856642
0.918783
0.893595
0.876218
0.8673029
0.8679565
0.866824
0.8670844
0.8693416
0.8686642
0.9252638
0.9166609
0.9122807
0.9115895
0.8723833
0.9202114
0.9170714
0.9143092
0.906583
0.8915197
0.9106473
0.8926891
0.8806724
0.9141092
0.9117606
0.9040526
0.8902972
0.9026625
0.9215958
0.9061998
0.9008712
0.8900014
0.8961505
0.9171955
0.9005372
0.8999859
0.9026558
0.8878089
0.8987704
0.9169632
0.9020796
0.9200421
0.8941644
0.8956235
0.8822982
0.90262
0.8940473
0.9014283
0.9087609
0.9010974
0.8977858
0.8868328
0.88574
0.8833021
0.8965419
0.8942788
0.8945229
0.8934365
0.8941248
0.9134905
0.9099531
0.9064307
0.9039271
0.8929144
0.9027163
0.9056397
0.9081152
0.9355361
0.9180825
0.9294392
0.9177038
0.9099035
0.9152155
0.9164587
0.8582785
0.915259
0.8341108
0.9230769
0.9249176
0.9252696
0.917577
0.8310203
0.9164025
0.8247052
0.9284573
0.9281366
0.8928961
0.9250618
0.916005
0.8580628
0.9251446
0.9217247
0.8532406
0.9145503
0.9074003
0.9217775
0.8617632
0.940609
0.9173387
0.8535479
0.9102026
0.9049099
0.9049215
0.9235626
0.9187914
0.9188352
0.9189379
0.9227773
0.899487
0.9100815
0.907306
0.9088271
0.911903
0.8619715
0.8614036
0.8748933
0.9048036
0.8923549
0.9032872
0.897793
0.8051988
0.9206706
0.9092627
0.9085712
0.8950441
0.9129106
0.9185309
0.8827094
0.8446903
0.8948179
0.9098027
0.9109088
0.9158849
0.9007932
0.9015232
0.8963406
0.8929838
0.9094902
0.9135842
0.9141085
0.8944812
0.9156691
0.8860958
0.9180517
0.8929067
0.9085737
0.9118526
0.9080631
0.917441
0.8863677
0.8910165
0.8868811
0.8961861
0.8972647
0.8974286
0.8952083
0.8947162
0.9188389
0.91887
0.9175815
0.9210805
0.8936647
0.9213463
0.9199827
0.9164311
0.9078466
0.8972571
0.9035159
0.8992221
0.8320479
0.9230509
0.9172001
0.9147262
0.8976545
0.9168195
0.9236006
0.8905501
0.8666955
0.9037645
0.9153353
0.9177845
0.9157562
0.9050301
0.9060992
0.9018877
0.8987417
0.9203577
0.9180841
0.9206183
0.8993695
0.9169582
0.892876
0.9185421
0.8999648
0.9148537
0.910232
0.9091348
0.9205586
0.8945904
0.8985235
0.8938964
0.9014671
0.8991947
0.8998235
0.8993298
0.8997423
0.9229171
0.9158933
0.9183489
0.9171737
0.9003203
0.9219925
0.9213064
0.9219915
0.9069176
0.8976726
0.9062664
0.9013151
0.8343606
0.92398
0.9162454
0.9157124
0.8981864
0.9185944
0.9255764
0.8924122
0.8668515
0.9046794
0.9164691
0.9194146
0.9162717
0.9045553
0.9070393
0.9021068
0.8981472
0.9203017
0.9188259
0.9216534
0.9000566
0.9178198
0.8953938
0.9185614
0.9019615
0.917138
0.9098002
0.9100593
0.9202729
0.8936035
0.896126
0.8924296
0.8999011
0.8981691
0.8984488
0.8970209
0.8986398
0.9242077
0.9179435
0.9188562
0.9169344
0.900693
0.9235251
0.922369
0.9209909
0.9175695
0.8999236
0.9116013
0.9008654
0.8973012
0.9121549
0.9030867
0.902705
0.897825
0.9023558
0.906294
0.9251017
0.9165565
0.8953774
0.9047988
0.9051201
0.9055327
0.9079363
0.9106298
0.861908
0.9055164
0.9017024
0.9091353
0.9034767
0.9016935
0.9012306
0.904971
0.9076809
0.9008968
0.9024253
0.924473
0.9062958
0.9054721
0.8999172
0.8964891
0.8906436
0.8955594
0.8952324
0.8957789
0.8958326
0.8981565
0.9107391
0.9114206
0.9078975
0.9041264
0.8988452
0.9097776
0.9058891
0.9053265
0.9137611
0.8931946
0.9051316
0.897712
0.8902504
0.9102817
0.8921882
0.8894594
0.8905814
0.8893955
0.9030227
0.9169286
0.9128555
0.8901333
0.8888889
0.9005558
0.8937275
0.9098389
0.9113084
0.8532441
0.9008601
0.8899939
0.8976473
0.8980234
0.8949449
0.888649
0.8940506
0.8968744
0.893893
0.8850184
0.9213709
0.9010113
0.9003396
0.8900902
0.8931271
0.8859758
0.8950741
0.895211
0.8951406
0.8953897
0.8945923
0.896902
0.9007728
0.9052863
0.8993066
0.8906669
0.8995583
0.893669
0.9007017
0.9000644
0.8720741
0.8951491
0.8813241
0.8568706
0.9138111
0.8900825
0.8889881
0.8707913
0.8888438
0.9016851
0.9043426
0.889085
0.8749259
0.8931588
0.8940904
0.8986605
0.8935986
0.8958963
0.8761298
0.881837
0.8890966
0.8987813
0.8988417
0.8793084
0.8939695
0.8668604
0.8975207
0.8785249
0.8898258
0.9088045
0.8907295
0.9005438
0.8740123
0.8773234
0.8689168
0.8794849
0.8809097
0.8809594
0.8800102
0.8800938
0.8976729
0.909479
0.907379
0.9078318
0.8724328
0.9044321
0.9012746
0.9083873
0.8938643
0.8772128
0.891501
0.8874574
0.8346989
0.9209904
0.9001812
0.9067305
0.8773035
0.9088198
0.9080942
0.8955155
0.8699394
0.8802879
0.9062082
0.9053863
0.9094481
0.8950335
0.8920158
0.8915602
0.8843704
0.901247
0.9104894
0.9066386
0.8806758
0.9071377
0.8766177
0.904224
0.8861129
0.905794
0.9033362
0.8998593
0.9082068
0.8778637
0.8865412
0.8812176
0.8865886
0.8854468
0.8854148
0.8841538
0.8831498
0.914906
0.9142897
0.9088562
0.908939
0.8835109
0.9112706
0.9059455
0.9129845
0.9210869
0.8941023
0.9115685
0.9038587
0.8986816
0.9129812
0.9081174
0.892093
0.8933062
0.8866209
0.9184604
0.919407
0.9144632
0.899222
0.8868339
0.9103406
0.8852211
0.9132658
0.9146965
0.8021943
0.9053576
0.9086113
0.8953399
0.9166756
0.9039163
0.8862148
0.9002006
0.8976295
0.902646
0.8894209
0.924305
0.8994694
0.8899062
0.8960095
0.8909277
0.8905641
0.9020089
0.9029354
0.9031793
0.9033047
0.9054617
0.9037557
0.9070152
0.9068149
0.899865
0.8983369
0.8977151
0.8952889
0.8974124
0.904435
0.8825312
0.8952659
0.8892255
0.7592728
0.917504
0.8897678
0.8887899
0.8802093
0.8945555
0.8995097
0.8745631
0.8285758
0.8789788
0.8949903
0.8949265
0.9005695
0.9003255
0.9028318
0.8800943
0.8848147
0.8904039
0.9024904
0.9016595
0.8835559
0.9031999
0.8788473
0.9036729
0.8838149
0.8902421
0.911971
0.9010192
0.9055495
0.8763848
0.8847684
0.8735789
0.8813119
0.8813404
0.8817169
0.8792145
0.8805266
0.9009905
0.9129466
0.9117041
0.9133759
0.8795502
0.9062046
0.9093763
0.9052792
0.9057666
0.8822566
0.901503
0.8902213
0.776199
0.9190773
0.8940518
0.8861403
0.8794104
0.8920542
0.9020459
0.8750091
0.8300634
0.879454
0.8909352
0.8907112
0.8982068
0.8943634
0.8991288
0.8827796
0.8847765
0.892887
0.8979258
0.901722
0.8881022
0.8969283
0.8805727
0.9030012
0.8864047
0.8877299
0.9120725
0.8957086
0.8972141
0.8722799
0.8841619
0.8701824
0.8863579
0.8867466
0.8869162
0.8850462
0.8857816
0.900935
0.9102832
0.9070867
0.9094877
0.8785098
0.9035524
0.9057885
0.9045779
0.8974595
0.8595793
0.8804634
0.8736419
0.8891557
0.9188792
0.9094831
0.9150903
0.856895
0.9139938
0.9130268
0.9192132
0.9035325
0.8601103
0.908817
0.9131166
0.909453
0.8658523
0.8644086
0.895784
0.8535975
0.9096751
0.9149344
0.9123434
0.8494019
0.9084848
0.8829593
0.9106781
0.8140717
0.9116858
0.8962361
0.8862137
0.9145076
0.8913298
0.8682216
0.8527135
0.833842
0.8329753
0.8331198
0.8318514
0.8313521
0.92349
0.9131527
0.9143688
0.9071657
0.8586345
0.9139842
0.9134039
0.9170531
0.9202957
0.9087783
0.9109201
0.9094378
0.9029776
0.9250121
0.8246409
0.9069529
0.9047054
0.9145482
0.7816467
0.930121
0.9173763
0.8958705
0.9167541
0.7920639
0.9190729
0.924161
0.9254575
0.9072556
0.917591
0.8312964
0.9207129
0.8375293
0.9038926
0.9182133
0.9160138
0.9097946
0.9041587
0.899853
0.932194
0.917708
0.9262764
0.9106813
0.9125974
0.9110008
0.9031724
0.9049227
0.9052049
0.9026899
0.9031921
0.9132204
0.9159488
0.9176162
0.9135755
0.900734
0.9116622
0.9141612
0.9092984
0.8941197
0.8650837
0.8896078
0.8787713
0.8894805
0.9221865
0.8980071
0.9145788
0.8655948
0.9178541
0.9044419
0.9245277
0.9063312
0.8704495
0.9170182
0.9083425
0.9188471
0.8833009
0.8817068
0.9000216
0.8747142
0.9008303
0.9196638
0.9023026
0.8599451
0.9160232
0.8824968
0.9143583
0.870706
0.9149416
0.9021919
0.8862067
0.9215553
0.8941072
0.8790605
0.8652686
0.8665049
0.8697405
0.8701641
0.8666446
0.865838
0.925467
0.9123893
0.9123722
0.9105095
0.8734422
0.9210442
0.9182116
0.9197844
0.9307182
0.9045865
0.9165822
0.9018565
0.8992642
0.9142592
0.9034592
0.8969993
0.9013639
0.8945192
0.911603
0.9234879
0.9191444
0.9014502
0.8941048
0.90639
0.9018104
0.9156954
0.9166085
0.8897643
0.905521
0.9051426
0.904417
0.9152477
0.9090652
0.8954248
0.9074567
0.9032425
0.9040549
0.8950124
0.9318018
0.9065473
0.9017071
0.9028101
0.8972216
0.8962651
0.904443
0.9018139
0.9011578
0.901323
0.9016225
0.9013291
0.9089274
0.9110705
0.907828
0.8972408
0.9037208
0.9020812
0.9040703
0.9012468
0.8807954
0.8870414
0.8842643
0.8947482
0.9179027
0.9003527
0.9104916
0.8823508
0.9088616
0.9087118
0.9232584
0.9127098
0.8732207
0.9119968
0.9077076
0.9164412
0.8917008
0.8931185
0.8994627
0.8867476
0.9021755
0.9137326
0.902425
0.8794427
0.9051156
0.8862926
0.9048595
0.8834191
0.9079633
0.9088413
0.8951956
0.9125849
0.892502
0.8836778
0.8777425
0.8831613
0.881441
0.8822225
0.8814422
0.8837201
0.9166728
0.9126136
0.9118313
0.9048504
0.8830693
0.9112023
0.9139509
0.9140885
0.9107812
0.8884891
0.9075246
0.8935207
0.9047335
0.9198331
0.91473
0.9154289
0.8879424
0.9196796
0.9168653
0.9279638
0.918892
0.8894656
0.9176022
0.9173765
0.9165995
0.9054337
0.9050865
0.9050177
0.8935285
0.9141845
0.9178222
0.9130816
0.889975
0.9124734
0.9019971
0.9145464
0.8902729
0.919298
0.9137068
0.8969471
0.9160048
0.9021553
0.8951158
0.8850029
0.8890907
0.8868557
0.886705
0.8862948
0.8881288
0.922799
0.9185533
0.9163254
0.9139903
0.8929936
0.9212338
0.9155208
0.9218772
0.8977049
0.8704716
0.8878219
0.8824885
0.9001443
0.9228948
0.9155134
0.9243641
0.8702765
0.9282553
0.9143095
0.9306823
0.9141912
0.874202
0.9250315
0.915907
0.924546
0.8851952
0.8860485
0.9072547
0.8762979
0.9165354
0.9256576
0.914828
0.8715467
0.9252984
0.8918243
0.9200715
0.8770507
0.919862
0.9011902
0.8981382
0.9285314
0.9046408
0.8893285
0.8782784
0.8707611
0.8752297
0.8751982
0.8753193
0.8731637
0.934715
0.9196116
0.9213343
0.9177638
0.8808025
0.9250394
0.9234945
0.925513
0.8996582
0.8830496
0.8972831
0.8892088
0.8971637
0.9217255
0.9094408
0.9205136
0.883058
0.9251265
0.9130147
0.9292329
0.9131657
0.8836469
0.9233784
0.9128003
0.9186955
0.8920283
0.8916207
0.9100265
0.8822623
0.9112903
0.9228094
0.9128317
0.8793322
0.920833
0.8945434
0.9138313
0.8724214
0.9153151
0.9103251
0.8974188
0.9282668
0.9024228
0.8862966
0.879512
0.8706542
0.8731893
0.872994
0.8730372
0.8727438
0.9267331
0.9121317
0.9173813
0.9132651
0.8883133
0.9241095
0.921798
0.9216024
0.8964369
0.864005
0.8896725
0.8772883
0.8884306
0.9180962
0.8985831
0.9032959
0.8653888
0.90714
0.9097823
0.917711
0.9038718
0.8661461
0.9072817
0.9094041
0.907348
0.8768597
0.8801931
0.8891538
0.8644587
0.9036347
0.9104446
0.9035676
0.8621554
0.9042358
0.8815497
0.9061316
0.8562424
0.9045081
0.9013544
0.886561
0.9098196
0.8873667
0.8714766
0.8604283
0.8557326
0.8559025
0.8557863
0.8550907
0.8520907
0.9149593
0.9095431
0.9083189
0.9039627
0.8709126
0.9098587
0.9064398
0.9117302
0.9052558
0.886766
0.9045128
0.8945931
0.9030807
0.9246407
0.9145622
0.924209
0.8869343
0.9236717
0.9147116
0.9334357
0.9193219
0.8876234
0.9240842
0.9203232
0.9216314
0.900732
0.902202
0.9083028
0.8969796
0.9159661
0.9235483
0.9130512
0.8850101
0.9225649
0.9012154
0.9203633
0.8884946
0.9187055
0.9138333
0.9081771
0.9240789
0.9085306
0.8934265
0.8858531
0.885289
0.8873589
0.887287
0.886353
0.8834289
0.9283432
0.9205665
0.9187066
0.917779
0.8937779
0.921158
0.9206057
0.9184121