0.9004296
0.8818748
0.91029
0.8655863
0.8999066
0.8976209
0.9082929
0.9035695
0.9062165
0.9023342
0.9061781
0.9088844
0.9091371
0.8985766
0.8976596
0.9149705
0.8969965
0.8917552
0.8996748
0.8969506
0.8959008
0.8923099
0.8953518
0.8972896
0.8991796
0.908559
0.8991088
0.9012196
0.896857
0.9009717
0.9074268
0.9039171
0.8657443
0.8651055
0.906131
0.9039449
0.8888313
0.8972567
0.9046356
0.9028486
0.9043447
0.9040239
0.9020051
0.8676138
0.9146004
0.910708
0.9169657
0.9073922
0.9109323
0.9101392
0.9190965
0.9085503
0.9071141
0.9087428
0.9115114
0.8516954
0.909026
0.8917998
0.90451
0.919682
0.9180034
0.8876694
0.8860552
0.8863421
0.9075885
0.9100581
0.9108665
0.8754765
0.8750045
0.8955213
0.9012788
0.9095263
0.8715519
0.9101628
0.9080023
0.8726829
0.9004961
0.897114
0.914364
0.9145302
0.9147809
0.9156373
0.9134041
0.9133179
0.9228632
0.8946388
0.9092978
0.9062798
0.9038896
0.9133701
0.8963065
0.9060072
0.8938811
0.8893716
0.9186744
0.8357398
0.9176286
0.9099138
0.9101985
0.9099829
0.922468
0.9273034
0.8223472
0.9224588
0.9087641
0.8931403
0.8977541
0.8987093
0.8958018
0.8951453
0.8953058
0.8948309
0.8923389
0.8977016
0.9015154
0.8999855
0.9069055
0.8961759
0.88947
0.8998302
0.8994314
0.8954401
0.8986479
0.8961305
0.8981444
0.889203
0.9011298
0.8892792
0.8831539
0.8963642
0.8956366
0.9164389
0.9201532
0.9248515
0.8891545
0.9135855
0.8804874
0.9049095
0.9114044
0.9123601
0.9181802
0.913045
0.9052523
0.9191881
0.7274202
0.7761954
0.8005216
0.786158
0.7834446
0.7774543
0.7890081
0.8036028
0.7884615
0.7862376
0.7850708
0.8978086
0.7713471
0.9034453
0.9008565
0.9157976
0.9154044
0.9078694
0.9085277
0.9085372
0.8536366
0.8922951
0.8963462
0.9178532
0.9193357
0.8954132
0.9108321
0.917093
0.9239926
0.8436419
0.8295671
0.9185511
0.9189958
0.8976806
0.9208269
0.9222234
0.9208224
0.9225384
0.9206333
0.9228179
0.9102066
0.9156131
0.9086836
0.9163555
0.9158181
0.7143699
0.9058739
0.9165292
0.9106479
0.9297712
0.9198441
0.9056792
0.9162523
0.9171558
0.9139483
0.8530807
0.9020305
0.8540924
0.9001519
0.8353224
0.8775764
0.8780174
0.9035303
0.903976
0.9012036
0.8978677
0.9002271
0.9017728
0.9034535
0.8967164
0.8937429
0.9085626
0.8982827
0.8965994
0.897811
0.8971412
0.8964555
0.8961474
0.8982266
0.8985249
0.899484
0.8951895
0.8981265
0.8938469
0.8933772
0.897671
0.9078185
0.8749138
0.8344458
0.8408245
0.9066079
0.8840333
0.896223
0.8998281
0.8882608
0.888531
0.906419
0.8877247
0.9073495
0.8492193
0.905194
0.9008346
0.9028108
0.9005902
0.9007773
0.899588
0.9078137
0.9017219
0.9014622
0.9017892
0.9007311
0.8238851
0.8991056
0.8763827
0.9092645
0.8911033
0.8887651
0.8650747
0.8655906
0.8664255
0.8958783
0.9106837
0.909582
0.8420915
0.8402014
0.9005099
0.8813627
0.9118757
0.8511299
0.8979303
0.891785
0.837943
0.9035242
0.8669499
0.9151772
0.9159479
0.9160844
0.9175427
0.9133466
0.9161029
0.9172406
0.8739172
0.8917625
0.8892181
0.896912
0.902953
0.8930165
0.8933658
0.8772932
0.8394494
0.905475
0.8065468
0.9116482
0.8899501
0.8921298
0.8995993
0.9058172
0.9266277
0.9010562
0.9144503
0.9175929
0.9175938
0.8767052
0.8699132
0.8719294
0.8632553
0.8721595
0.8717518
0.876386
0.8596996
0.8550923
0.883894
0.8507709
0.8558115
0.8632498
0.8598183
0.8609274
0.855767
0.8606767
0.8611258
0.8635832
0.8754751
0.8631244
0.8552541
0.8617444
0.8588511
0.8704022
0.9250122
0.9175586
0.9145677
0.8639946
0.9207639
0.8826074
0.8514555
0.9205862
0.9202137
0.8467511
0.9116785
0.9007506
0.9117523
0.9092729
0.9037446
0.9101996
0.9056118
0.9096327
0.9096549
0.9135493
0.9034858
0.9031439
0.9060431
0.9138569
0.9014273
0.9078349
0.9028631
0.9009813
0.9286957
0.9281312
0.9094866
0.9080033
0.9091039
0.9085422
0.9060341
0.9049934
0.9194089
0.9229538
0.8947561
0.9158703
0.9081373
0.9236017
0.9004857
0.9013353
0.9217649
0.865709
0.9167997
0.9137409
0.9160032
0.9145026
0.9138714
0.9146131
0.9142957
0.9214783
0.9202131
0.9154404
0.9185519
0.9177107
0.9117658
0.8924457
0.9209364
0.9104811
0.9236532
0.9272096
0.9034582
0.9191324
0.92735
0.9225256
0.9078262
0.90435
0.9239119
0.9011256
0.9130328
0.9162086
0.9168957
0.8760993
0.8677689
0.8711121
0.8639985
0.8733069
0.8708411
0.877373
0.8597547
0.855928
0.8793722
0.8524124
0.8554747
0.8611963
0.8621375
0.8598683
0.8552996
0.8600459
0.8615693
0.8610198
0.8757035
0.8630516
0.8564445
0.8606799
0.8583873
0.8699117
0.9246382
0.9174424
0.9127938
0.8616466
0.9199648
0.8815446
0.8546721
0.9204343
0.9207779
0.8478867
0.9118678
0.9005354
0.9127793
0.9103187
0.9041241
0.9120074
0.9062299
0.9091201
0.9087923
0.9117355
0.9031622
0.9039582
0.9054117
0.9126919
0.8992285
0.9101694
0.9020645
0.901134
0.9282133
0.9277226
0.9087792
0.9075669
0.9078105
0.9053284
0.9048583
0.9055895
0.9171745
0.920625
0.8939344
0.9145987
0.9055416
0.9222885
0.9022274
0.9018759
0.9203326
0.8639379
0.9162583
0.9122819
0.9138277
0.9126255
0.9137524
0.9125824
0.9110047
0.9194316
0.917326
0.9123255
0.9153676
0.9181238
0.9113716
0.892835
0.9182806
0.91229
0.9237285
0.927248
0.901953
0.9174343
0.9275403
0.9233538
0.9090261
0.9050854
0.9249758
0.9002031
0.9140702
0.9155957
0.9152337
0.8755233
0.8695701
0.8725859
0.863561
0.8727354
0.8741771
0.8752761
0.8568616
0.8568022
0.879579
0.8511512
0.8546604
0.8641556
0.8571321
0.8575084
0.8540071
0.8575998
0.860748
0.8635029
0.8762128
0.8586795
0.8532177
0.8599025
0.8580448
0.868242
0.9227846
0.9181587
0.9119938
0.8632717
0.920451
0.8817481
0.8552074
0.9200125
0.9198284
0.843303
0.9106339
0.9006121
0.9116429
0.910138
0.9046155
0.9113633
0.9059789
0.9099911
0.90912
0.9119383
0.9039362
0.9031244
0.9049296
0.9136272
0.8969938
0.9101833
0.903709
0.900924
0.9272576
0.9256446
0.9076671
0.9061038
0.9080243
0.9083583
0.9049245
0.9067386
0.9168706
0.9186975
0.8939035
0.9139884
0.9058897
0.9217515
0.9031882
0.9026915
0.9196092
0.8633336
0.9163743
0.9122147
0.914443
0.912825
0.9124974
0.9135842
0.9127354
0.9190782
0.9170586
0.9136999
0.9177537
0.9152874
0.9103337
0.8920001
0.9183151
0.9117605
0.922852
0.9271534
0.9018666
0.9186478
0.9262002
0.9202896
0.9104764
0.8979076
0.9133061
0.9024584
0.9017265
0.9000861
0.9023766
0.9114328
0.9049736
0.9056826
0.9072016
0.9043816
0.9053073
0.9070063
0.8956217
0.8960745
0.9113166
0.8892142
0.8971156
0.8996169
0.8980138
0.8978497
0.8972668
0.8979836
0.8950143
0.8988015
0.9083727
0.899132
0.9026849
0.9014992
0.8956538
0.8990626
0.9053686
0.9056151
0.8975847
0.8977633
0.9082006
0.8876342
0.8914608
0.9072365
0.9062335
0.8929744
0.8933092
0.9092113
0.9025028
0.9167552
0.9092603
0.912571
0.9074819
0.9112493
0.9086735
0.9145998
0.9064605
0.9043224
0.9063132
0.9094244
0.8850852
0.9115199
0.896584
0.9079156
0.9139793
0.9116299
0.8905662
0.8891224
0.8905741
0.9102031
0.9052701
0.9043507
0.9064946
0.9057103
0.8962319
0.8967202
0.9083309
0.9091645
0.9060301
0.9032258
0.90943
0.8929911
0.8968214
0.9065447
0.9069521
0.9067387
0.9075983
0.904681
0.9069677
0.9196661
0.8980589
0.9039786
0.9023502
0.902668
0.9104685
0.8913922
0.901935
0.8918802
0.9104278
0.9170409
0.8880029
0.9116309
0.9058727
0.9079343
0.9111513
0.8995721
0.8980701
0.902047
0.8868877
0.8461221
0.8571001
0.9091267
0.9087614
0.9056946
0.9053126
0.9069842
0.9070913
0.9082788
0.9016696
0.9019147
0.9105305
0.9060522
0.9015037
0.9024443
0.9034295
0.9053259
0.9019346
0.9058127
0.9051681
0.9090942
0.9070788
0.9070256
0.903865
0.8993315
0.9039587
0.9061084
0.8744606
0.8828531
0.8847224
0.9085181
0.8573755
0.8967473
0.9055747
0.8683876
0.8678772
0.912197
0.8654046
0.9140648
0.8834092
0.9079429
0.9057711
0.9107589
0.906401
0.9096198
0.9039325
0.9135507
0.9090651
0.9072881
0.9065936
0.9068237
0.8746321
0.9049114
0.8635355
0.9119131
0.8899993
0.8875799
0.8766118
0.8751828
0.8773588
0.9011256
0.9096269
0.9112639
0.8923767
0.8922984
0.9005018
0.8579263
0.9155761
0.8945929
0.9041967
0.8989838
0.8919449
0.9063015
0.8479223
0.9080141
0.9083409
0.9082063
0.9098283
0.9085831
0.9083164
0.9203581
0.8664179
0.8831864
0.8757665
0.8709246
0.9063057
0.8964584
0.8612336
0.8554918
0.8934307
0.8860737
0.8773337
0.9113255
0.8496632
0.8680733
0.9072819
0.8986389
0.9122119
0.9158792
0.9032682
0.8915746
0.9050521
0.9161482
0.9072206
0.9112133
0.9108732
0.9129937
0.912701
0.9178808
0.9041405
0.9022712
0.9213215
0.8951181
0.9078124
0.9082992
0.9051342
0.9034824
0.9084828
0.9045675
0.9062579
0.9048155
0.9181509
0.9042973
0.9079082
0.9098708
0.9025721
0.9102707
0.9029861
0.9058778
0.8985466
0.9082379
0.9044968
0.8959001
0.8938331
0.905609
0.904406
0.899108
0.8973997
0.9115786
0.899563
0.9242563
0.9171972
0.9218443
0.9158756
0.9192248
0.9188549
0.9224513
0.9164012
0.9131621
0.9151053
0.9164657
0.890073
0.9190807
0.8919517
0.9110088
0.9151379
0.9130573
0.8949727
0.8956129
0.8964957
0.9163861
0.9124178
0.9139801
0.9026492
0.9032612
0.8982897
0.8975641
0.91022
0.9083177
0.9143687
0.9141139
0.904097
0.8968577
0.902304
0.905764
0.9066379
0.9095497
0.9094089
0.9100438
0.9075799
0.9255308
0.895069
0.9031553
0.9052431
0.8987575
0.9200439
0.89546
0.9062078
0.8918792
0.9097004
0.9148965
0.8910145
0.9128291
0.9108957
0.9102093
0.916702
0.9126134
0.9244903
0.8106416
0.9145594
0.9055155
0.8931013
0.8954024
0.8916513
0.889213
0.8902155
0.8913569
0.8900795
0.8892107
0.8915889
0.8912731
0.9002221
0.8936312
0.8884133
0.8844137
0.8915755
0.8893175
0.8886017
0.8899824
0.8915018
0.8937125
0.8906987
0.8941411
0.8821549
0.8836846
0.892481
0.8919972
0.9108799
0.9136754
0.9158312
0.8874079
0.9090423
0.8717155
0.8955776
0.9041125
0.9054327
0.9062108
0.9032118
0.8957296
0.9125444
0.847808
0.8439267
0.8459917
0.8487798
0.8378399
0.8416056
0.8511077
0.843248
0.8495618
0.8487966
0.8490024
0.8917921
0.8422975
0.9026297
0.8948019
0.9163698
0.914519
0.9048851
0.9023609
0.9039471
0.8401248
0.8888099
0.8922422
0.914741
0.9187846
0.8840339
0.9072213
0.9081954
0.922077
0.8245754
0.813849
0.9178044
0.908241
0.8979444
0.9161417
0.9155058
0.9160628
0.9166931
0.9170886
0.91726
0.9081618
0.9091426
0.9069546
0.908818
0.907701
0.8407886
0.8972595
0.9165314
0.9024224
0.9219761
0.9188966
0.9034634
0.9103235
0.9110468
0.9144744
0.8411626
0.9109007
0.9226143
0.8088201
0.9159726
0.9044252
0.8925556
0.8962674
0.8924873
0.8916197
0.8922844
0.8924723
0.8930354
0.8885342
0.8900981
0.890887
0.8979517
0.8952085
0.8880693
0.8852295
0.8904215
0.8875041
0.8882574
0.888497
0.8909104
0.8937328
0.8901496
0.8952634
0.8818933
0.8836726
0.8913196
0.8909599
0.910538
0.9135633
0.9160238
0.8896109
0.9096701
0.8703074
0.8950248
0.9044342
0.9054423
0.906807
0.9021138
0.894922
0.9134653
0.8445928
0.8436026
0.8438819
0.8465373
0.8351157
0.8397811
0.8510806
0.8401534
0.8475004
0.8477338
0.8499321
0.8925014
0.8424533
0.9027603
0.8967219
0.9182762
0.9165491
0.904502
0.9018204
0.9037218
0.8395329
0.8891256
0.8910225
0.9160758
0.9190853
0.882577
0.906995
0.9072325
0.9222982
0.8237663
0.8139445
0.9185998
0.9061179
0.8972429
0.9164851
0.9156974
0.916368
0.9180627
0.9170122
0.9179042
0.9089198
0.9082582
0.9078855
0.9084395
0.9087096
0.838557
0.8965542
0.9157672
0.9020415
0.9215193
0.9177418
0.9016217
0.9130942
0.9103512
0.9138248
0.841407
0.9034604
0.902547
0.8985397
0.8924666
0.8255095
0.853492
0.9107079
0.9125304
0.9081673
0.9091989
0.9099693
0.9070754
0.9096818
0.9094733
0.9090452
0.9143936
0.9099605
0.9073329
0.9055642
0.9096323
0.9100036
0.9074494
0.9124684
0.9098007
0.9120115
0.9106298
0.9121327
0.9114865
0.9064271
0.9109827
0.9070754
0.8709724
0.8943444
0.8934638
0.9080302
0.8437231
0.9028339
0.9106614
0.8598425
0.8600733
0.9144428
0.8574839
0.9175996
0.8913832
0.9043813
0.9015873
0.9049204
0.904518
0.9005971
0.9018055
0.9057291
0.9042758
0.9028829
0.9041766
0.9057182
0.8839813
0.9004261
0.8592689
0.9155037
0.8864779
0.8838407
0.887088
0.885117
0.8864114
0.9014251
0.9111951
0.9159393
0.8966043
0.8952705
0.9088369
0.8458198
0.9216887
0.902106
0.9013271
0.8977516
0.8962569
0.9170363
0.8011705
0.9170181
0.9161992
0.9163733
0.9163555
0.9165592
0.9174835
0.9193801
0.871569
0.866389
0.8695195
0.8883308
0.9064461
0.9023085
0.878619
0.8176531
0.9013183
0.877306
0.8799374
0.9129769
0.8638161
0.8573902
0.9034554
0.9170267
0.9230743
0.8072828
0.9201269
0.9071932
0.8934005
0.8949887
0.8955719
0.8946504
0.8926589
0.894391
0.8942353
0.8899029
0.8965978
0.8958092
0.9028016
0.9037696
0.8973168
0.8871003
0.8985191
0.8972509
0.8969496
0.8999893
0.8975943
0.9001332
0.8931659
0.89979
0.8880021
0.8924852
0.8971464
0.8951526
0.9152354
0.9168681
0.9201306
0.8987524
0.9096168
0.8850883
0.9052753
0.908958
0.9098689
0.9153609
0.9062223
0.9024149
0.9190092
0.8416361
0.8422801
0.8453356
0.8447756
0.836602
0.8377953
0.8483358
0.8500519
0.8469301
0.8514545
0.8493253
0.9012372
0.8413876
0.9025774
0.9046871
0.9138045
0.9126176
0.9093469
0.9084986
0.9086234
0.8341362
0.8986316
0.9007183
0.9221168
0.9232353
0.8923788
0.9061344
0.9137494
0.9238376
0.4667772
0.7436685
0.9228045
0.9175207
0.898398
0.9177561
0.9178413
0.9186127
0.9199793
0.9185733
0.9197065
0.9093823
0.9154333
0.9089556
0.9135431
0.9144762
0.8342956
0.9040043
0.9165278
0.9089921
0.9280529
0.9174635
0.9088382
0.9104154
0.9102875
0.9146541
0.8395782
0.9004779
0.9037138
0.8965555
0.8897461
0.8235699
0.8514215
0.9088502
0.9079741
0.906003
0.9069684
0.9075279
0.906577
0.9115823
0.9061429
0.9057135
0.9159138
0.903856
0.9034027
0.9031568
0.9064468
0.9050081
0.9032398
0.9065548
0.904848
0.9079914
0.9053815
0.9076555
0.9086236
0.9003666
0.9047464
0.9016796
0.8710581
0.8904925
0.8919239
0.9080431
0.8418111
0.9011662
0.90704
0.8635899
0.8629486
0.9116555
0.8579526
0.9131498
0.8880283
0.9050184
0.9017145
0.9032235
0.9042568
0.8995847
0.8988298
0.907713
0.8991957
0.9010969
0.9016976
0.9042474
0.8795737
0.8994516
0.8604962
0.9161507
0.8896772
0.889132
0.882323
0.8815574
0.8822503
0.9039812
0.9069182
0.9097136
0.894419
0.8959064
0.9048475
0.8427397
0.9206879
0.896784
0.9030761
0.8943675
0.8951687
0.9160509
0.7969766
0.9150281
0.9161002
0.916161
0.9163322
0.9152116
0.9162925
0.9223841
0.8737053
0.864293
0.8669745
0.8894465
0.9068093
0.8977281
0.8808122
0.8171446
0.9031518
0.8766745
0.8759766
0.9157216
0.8676687
0.8561257
0.9037401
0.9026308
0.9093061
0.9045093
0.8960988
0.8449044
0.8654373
0.9081141
0.9074724
0.9079152
0.9072929
0.9095953
0.9071759
0.9089501
0.9062736
0.9069066
0.9160876
0.9112723
0.9033848
0.8992821
0.9061073
0.9066286
0.9033013
0.9068787
0.9070311
0.9086638
0.9084166
0.9082546
0.9040803
0.9018283
0.9068481
0.9079974
0.8836501
0.8952246
0.8952626
0.9087549
0.8573326
0.9011153
0.9114576
0.8681072
0.8672692
0.9134504
0.8689297
0.9165306
0.8952913
0.9079465
0.9022427
0.9065694
0.9065255
0.9039207
0.9038707
0.9091421
0.902905
0.9033835
0.9067169
0.9059771
0.88261
0.9006247
0.8608699
0.9133695
0.8948341
0.8928011
0.8811562
0.879172
0.8790917
0.903611
0.9114025
0.9137388
0.8992631
0.8996831
0.9028586
0.8640506
0.9169328
0.9018332
0.9035976
0.8997194
0.8997743
0.9117156
0.835544
0.9191898
0.9179992
0.9183234
0.918796
0.9192592
0.9170625
0.9204376
0.8813602
0.8809583
0.8735226
0.8890388
0.9067032
0.9005343
0.8810673
0.8450043
0.9048305
0.8875087
0.8880248
0.9150435
0.8757748
0.8679575
0.9052359
0.9164674
0.9187562
0.899451
0.9104774
0.8949153
0.8925986
0.9102464
0.9077088
0.9081089
0.9056489
0.9088169
0.9085042
0.903989
0.9064761
0.9067545
0.9153321
0.9035342
0.9064198
0.9061894
0.9070081
0.9081114
0.9056347
0.9080497
0.9039712
0.909753
0.9099337
0.9068395
0.9061486
0.9053976
0.9076736
0.9047551
0.9064753
0.9081629
0.9050773
0.9054262
0.9007534
0.8976687
0.9087443
0.9035036
0.9043454
0.9128223
0.8958453
0.9146571
0.9069265
0.9023619
0.9016089
0.9074191
0.902737
0.903547
0.9033811
0.9083351
0.9052866
0.9069121
0.9071825
0.9054427
0.8978956
0.9027975
0.9028906
0.9145321
0.906733
0.9042564
0.9014974
0.90138
0.9021277
0.9031218
0.9108407
0.9108918
0.9101315
0.9137393
0.9029557
0.8976263
0.9201038
0.9144541
0.9038428
0.9007215
0.9116982
0.9115104
0.8936673
0.9134438
0.9125148
0.9131402
0.9150436
0.9153224
0.914632
0.9203952
0.9043588
0.9033774
0.9038334
0.9021918
0.9038352
0.9019342
0.9054723
0.8946901
0.9139296
0.9108228
0.8999361
0.9094241
0.9067138
0.9071396
0.9024174
0.9130061
0.9144425
0.8999022
0.9154901
0.896365
0.8936595
0.9098834
0.9040943
0.9110242
0.9109217
0.9107494
0.9121149
0.9059356
0.9095558
0.9089138
0.913306
0.9083058
0.9101381
0.9089799
0.9087674
0.9091633
0.9102146
0.9101974
0.9092271
0.9072725
0.9109014
0.9074411
0.9096761
0.906036
0.9083632
0.9073875
0.9015281
0.9117398
0.9098274
0.908692
0.8991164
0.9038678
0.9115808
0.8998255
0.8999726
0.9146991
0.8866451
0.9156631
0.9085451
0.903567
0.9012063
0.9064211
0.9078798
0.9029016
0.9028918
0.910186
0.9085452
0.9086957
0.9051405
0.9032748
0.9060867
0.9029291
0.8999792
0.9138199
0.9046299
0.9038238
0.8982352
0.898083
0.8987767
0.9026008
0.9062246
0.9061926
0.9130597
0.9103532
0.904916
0.9010113
0.9159767
0.9159723
0.8990776
0.8994273
0.9121542
0.9108524
0.8934598
0.9124187
0.9116601
0.912933
0.914127
0.9106773
0.9159616
0.916908
0.9033606
0.905312
0.9023292
0.8994501
0.9010509
0.9016308
0.9039219
0.8970939
0.9151712
0.9106768
0.9057039
0.9064906
0.9023227
0.9004051
0.9052009
0.9155895
0.9247887
0.8258401
0.9177308
0.9104976
0.8908581
0.8945571
0.8931295
0.8938995
0.8902475
0.8941949
0.8952849
0.8911307
0.8951731
0.8959883
0.9021731
0.9066599
0.8925976
0.8833296
0.8958514
0.89844
0.8922199
0.897696
0.8944442
0.8994728
0.8896299
0.8959724
0.8866269
0.8808678
0.8951651
0.893956
0.9146722
0.917645
0.9162328
0.8878268
0.9094159
0.878894
0.9059817
0.906524
0.9072542
0.9154457
0.900475
0.8981007
0.9147116
0.7910336
0.7774586
0.8049102
0.7992495
0.7900197
0.7852028
0.7977318
0.8129105
0.799181
0.7828831
0.796845
0.8982133
0.7721042
0.9058307
0.901103
0.9133399
0.9122554
0.9063435
0.9055615
0.9066619
0.8474684
0.8932948
0.8970078
0.9176048
0.9193492
0.8942983
0.9054314
0.9106723
0.9237009
0.843173
0.8289244
0.9171319
0.9152742
0.8920697
0.9180511
0.9174197
0.9186136
0.9196917
0.9180831
0.9195674
0.9087442
0.9136514
0.9089797
0.9135721
0.9064695
0.7860827
0.8988772
0.916243
0.9043642
0.9255795
0.9168607
0.9056355
0.9152369
0.9118711
0.9121752
0.8486891
0.9108178
0.906871
0.8946109
0.9046244
0.8570845
0.8666691
0.9095231
0.9085331
0.904767
0.9020688
0.9055442
0.9063129
0.9067444
0.9059176
0.9050144
0.9093673
0.9141135
0.9045612
0.9020162
0.9086043
0.9077633
0.9050708
0.9078575
0.9064011
0.9105104
0.9045645
0.9099545
0.9026378
0.9011383
0.9070847
0.9052897
0.8840293
0.8987485
0.9001496
0.9034742
0.8667547
0.9042932
0.912256
0.8802949
0.880082
0.9241329
0.8677802
0.9121256
0.8978394
0.8997349
0.8961619
0.9030417
0.9054371
0.9025052
0.9001429
0.9049002
0.9031293
0.905125
0.9013209
0.9043766
0.8858391
0.9010018
0.8806524
0.9126735
0.8910866
0.8896693
0.8822247
0.8821094
0.8846642
0.8999964
0.9072481
0.908292
0.9057041
0.905384
0.9072553
0.8725318
0.9217086
0.9050266
0.9018152
0.8939888
0.9055223
0.9185915
0.8433195
0.9211732
0.9223388
0.9227011
0.9236607
0.9177868
0.9198682
0.9207425
0.8858344
0.8871352
0.8758292
0.8902556
0.901772
0.9063372
0.8846624
0.8617617
0.9064819
0.8938226
0.8889771
0.9152122
0.8776188
0.8744648
0.9011338
0.9208396
0.9139421
0.9088903
0.9093033
0.8914709
0.8909176
0.920373
0.9251713
0.9244443
0.9249109
0.9234485
0.9246178
0.9192372
0.9261032
0.925381
0.9252952
0.9238837
0.9215769
0.9195786
0.9212695
0.9233953
0.921244
0.9223557
0.9256792
0.9289949
0.9181947
0.9307527
0.9221614
0.9205905
0.9249806
0.9199873
0.8767848
0.9054191
0.9046931
0.9221339
0.8902304
0.9209899
0.9273512
0.8974052
0.8974783
0.9335972
0.8905969
0.9291305
0.9060515
0.908336
0.9120242
0.9097183
0.917802
0.9112284
0.9108274
0.916022
0.9154417
0.9123901
0.9155631
0.9115328
0.9030787
0.9108824
0.8990636
0.9296283
0.7812781
0.7794619
0.8937227
0.8934086
0.8943232
0.9116871
0.9240981
0.9250839
0.910135
0.9129153
0.9214499
0.8932191
0.9332692
0.9129514
0.9089867
0.9115432
0.9117402
0.9294655
0.8821019
0.9191217
0.918047
0.9213549
0.9189535
0.9181434
0.9167012
0.9287591
0.8851269
0.9002759
0.9007992
0.9067419
0.9150141
0.917356
0.903742
0.8926014
0.9121208
0.9021275
0.9000142
0.9193689
0.8932584
0.8950276
0.9118576
0.9126476
0.9148742
0.9006399
0.9050235
0.890642
0.8969667
0.9068711
0.9035874
0.9047106
0.9037444
0.9052771
0.905872
0.9059035
0.9075211
0.9052591
0.9120031
0.908059
0.9099455
0.9012909
0.9062827
0.9084316
0.9097555
0.9090561
0.9087591
0.9072118
0.909075
0.9076125
0.9050416
0.9068893
0.9091132
0.9051428
0.8987688
0.9057832
0.9060579
0.9045691
0.8978882
0.8998081
0.9033322
0.9012286
0.9017172
0.9089559
0.8916202
0.9116087
0.900987
0.9083821
0.9040085
0.9083121
0.9048709
0.9053998
0.9078488
0.9121652
0.9067193
0.9072521
0.9106671
0.9062305
0.8925497
0.9044788
0.8968654
0.9101252
0.9067744
0.9042693
0.8934357
0.8946005
0.8951091
0.9064634
0.9071271
0.9067459
0.9106668
0.9126884
0.9053373
0.8954942
0.9159777
0.909007
0.902096
0.8997326
0.9093022
0.9086537
0.8937671
0.9140998
0.9149631
0.9163494
0.9158894
0.9156458
0.9149681
0.9160122
0.8980278
0.9052395
0.90265
0.8994119
0.9060284
0.8949519
0.9025519
0.8942301
0.9117597
0.9111528
0.8961107
0.9102137
0.9030676
0.9054812
0.9061873
0.9097182
0.9241911
0.8101211
0.9162789
0.9064707
0.8968755
0.8976378
0.8957825
0.8930108
0.8920665
0.8911262
0.8935836
0.8930767
0.8915181
0.8933148
0.9004273
0.8985518
0.8905174
0.8830567
0.8943222
0.8923352
0.8901768
0.8940817
0.8912684
0.8997925
0.8888807
0.8970604
0.8885846
0.8845614
0.8907804
0.8923701
0.9127087
0.9145646
0.9161411
0.8951719
0.9078807
0.8804502
0.8995345
0.91026
0.9101072
0.9132006
0.9029266
0.8981389
0.9165503
0.8472698
0.8494604
0.8577041
0.8510001
0.8437087
0.8492719
0.8546198
0.8546527
0.8532692
0.8532728
0.8564172
0.894334
0.8490594
0.9025841
0.8997179
0.9141993
0.9137658
0.8998743
0.9005846
0.9013802
0.8424691
0.8970067
0.8967584
0.9177805
0.9189246
0.8887424
0.9080468
0.9079185
0.9255986
0.828706
0.8245205
0.9169666
0.9152186
0.8984777
0.9126418
0.9140294
0.9137846
0.9149832
0.9151509
0.9162359
0.9054039
0.9164912
0.9038914
0.9141988
0.9120652
0.8463659
0.8968415
0.912371
0.9040194
0.9237106
0.9158429
0.9047449
0.9119196
0.9087864
0.9141803
0.8429702
0.9034136
0.8431525
0.9074438
0.7981043
0.8827936
0.8859043
0.9097064
0.9066476
0.9046536
0.9048889
0.9057405
0.906194
0.9109473
0.9004625
0.8999133
0.9145047
0.8987157
0.9018831
0.9015516
0.9035244
0.90514
0.9017587
0.9063293
0.9009833
0.9067404
0.9079442
0.9036254
0.8997345
0.8972871
0.9002528
0.9061548
0.8889919
0.7941721
0.8014006
0.905769
0.8885022
0.8976321
0.9016489
0.8918929
0.8916894
0.9104567
0.8847843
0.9096051
0.8246861
0.9126077
0.9040519
0.9137237
0.9093412
0.9118072
0.9081716
0.9125421
0.9090235
0.9040422
0.9075613
0.9071383
0.8287742
0.9078341
0.8843343
0.9111856
0.8982817
0.8954794
0.8739784
0.8741932
0.8753416
0.9064073
0.9146601
0.9167508
0.8333894
0.8324494
0.9048626
0.8853127
0.9117154
0.7897981
0.9084507
0.9059355
0.833352
0.9090747
0.8808858
0.9141384
0.9133206
0.9131526
0.9146839
0.9149262
0.9127606
0.9227944
0.8791494
0.9002487
0.8931087
0.902209
0.9125349
0.8962614
0.8978159
0.8838607
0.8656288
0.9076109
0.7532787
0.9139719
0.896142
0.892271
0.9078255
0.914397
0.9298344
0.8956984
0.9249929
0.9250959
0.9170549
0.9002518
0.8947938
0.8985283
0.8995039
0.9003988
0.9001894
0.8969606
0.8914202
0.8927193
0.9110581
0.8991957
0.8903966
0.8889936
0.8895891
0.8890675
0.8901313
0.8901177
0.8931613
0.8967629
0.8967215
0.8924747
0.8902665
0.8874142
0.893531
0.8965427
0.9287485
0.9265299
0.9204019
0.8948688
0.9278001
0.8861662
0.8986715
0.9252462
0.9258236
0.9050626
0.9166697
0.8062031
0.9233415
0.90372
0.9014554
0.9084061
0.900165
0.9042584
0.8992988
0.908442
0.9045742
0.9029045
0.903993
0.9078506
0.897818
0.9014726
0.914906
0.8079012
0.9335782
0.9325199
0.916513
0.916272
0.9162448
0.9016496
0.8348712
0.8340003
0.9259613
0.9280898
0.8927705
0.9241214
0.8996124
0.9279174
0.9034072
0.8986054
0.9247277
0.9106069
0.9207414
0.9232958
0.9239509
0.9239405
0.9246953
0.9214876
0.9208065
0.9090105
0.9273334
0.9237527
0.9232978
0.9184951
0.9004049
0.8986204
0.9297742
0.9205478
0.9360334
0.9311156
0.9142599
0.919099
0.9336657
0.9292775
0.9042126
0.9045613
0.9224524
0.9028542
0.9156698
0.9153282
0.912204
0.8788002
0.874353
0.8753129
0.8720503
0.8768065
0.8763009
0.8770768
0.8654324
0.8622888
0.8833739
0.8528735
0.8648659
0.8712062
0.8661817
0.8650874
0.864872
0.8645845
0.8706315
0.8586187
0.8800401
0.8613358
0.8677798
0.8703072
0.8651444
0.8783022
0.9236966
0.9182768
0.913762
0.8666667
0.9228448
0.890932
0.8589221
0.9187367
0.9193069
0.8580116
0.9117195
0.903527
0.9120983
0.9157076
0.9094272
0.9138589
0.9081927
0.9142065
0.9114424
0.9201532
0.9114437
0.9067455
0.9078737
0.9141283
0.9023457
0.9142481
0.9090584
0.9037172
0.9331048
0.9329915
0.9088671
0.9075
0.9089904
0.9115375
0.9083245
0.908614
0.91676
0.9220517
0.8967791
0.915295
0.9087454
0.9211215
0.9100713
0.9042827
0.9178768
0.8589912
0.9144898
0.917283
0.9172182
0.9188329
0.9201791
0.9170494
0.9175989
0.9251592
0.9183165
0.9200708
0.9170016
0.919557
0.9147505
0.8954351
0.9209724
0.9134126
0.9234628
0.9292823
0.9092075
0.9180635
0.9235673
0.9236516
0.9136788
0.9044049
0.9005139
0.8943541
0.8926625
0.880614
0.8792581
0.903498
0.9011137
0.902582
0.9002632
0.9032375
0.9038441
0.9037013
0.9011165
0.9014439
0.9134149
0.9019889
0.8968933
0.8971819
0.9011872
0.8991533
0.8967624
0.9000472
0.904363
0.9043532
0.9019515
0.9021038
0.8974699
0.8979525
0.9033444
0.9043213
0.8873209
0.8929696
0.8937475
0.9017255
0.8884298
0.8891486
0.9001397
0.8906233
0.8910937
0.9125858
0.8875681
0.9087083
0.889981
0.9022933
0.9018431
0.907497
0.9035
0.902154
0.9001296
0.9062088
0.9059627
0.9029533
0.9017091
0.9063967
0.8797198
0.9002416
0.8873496
0.9065576
0.8978371
0.8978144
0.8787122
0.8788435
0.8777737
0.901683
0.9065245
0.9067731
0.8950924
0.8963513
0.8938263
0.8878797
0.9131683
0.9002953
0.8979483
0.8961595
0.8939888
0.9111359
0.8735416
0.9133329
0.9136918
0.9151262
0.9154122
0.914741
0.9138131
0.916113
0.8824789
0.8948229
0.8967533
0.895234
0.8983541
0.8930902
0.8915268
0.8818278
0.9045355
0.9025164
0.8805828
0.9164162
0.8947502
0.8935513
0.9027828
0.9164082
0.9283119
0.9036326
0.9228408
0.9248372
0.9098048
0.9031584
0.8983501
0.9007141
0.9015479
0.902133
0.902742
0.9063158
0.8995268
0.8994124
0.9153224
0.8990863
0.8946725
0.8967208
0.8968204
0.9000955
0.8944968
0.901845
0.9005472
0.9012728
0.9045782
0.8997027
0.8942078
0.8957003
0.8975612
0.9003573
0.9291812
0.9263771
0.9196009
0.9021322
0.9266117
0.8910413
0.9041162
0.9224885
0.9219615
0.9087463
0.9177974
0.8938361
0.9186075
0.9111039
0.9040109
0.911362
0.9078001
0.9109147
0.9027092
0.91288
0.9058147
0.9029689
0.9081856
0.9120511
0.8992964
0.9042634
0.9148385
0.8967016
0.9337468
0.93191
0.9143299
0.9129965
0.9130857
0.9071299
0.8935386
0.8991304
0.9233154
0.9272491
0.8953299
0.921454
0.8822223
0.9303815
0.9013443
0.9014564
0.9241336
0.908826
0.9203594
0.9228244
0.9235514
0.9225148
0.9234544
0.9244139
0.9222935
0.8940248
0.9237977
0.9227534
0.9269062
0.9217508
0.907035
0.9008973
0.9273323
0.9192847
0.930666
0.9328376
0.9107156
0.9208255
0.9280793
0.9285388
0.9064059
0.9166724
0.927347
0.9097375
0.9173767
0.9131872
0.914887
0.9175083
0.9127678
0.9178792
0.9165534
0.9172304
0.9174586
0.9146149
0.9145806
0.9154508
0.9209837
0.9143289
0.9159051
0.9162888
0.9168307
0.916003
0.9155331
0.9174448
0.9141061
0.9173677
0.9188486
0.9205326
0.9195029
0.9206344
0.9109184
0.9164063
0.9176467
0.9186133
0.9214899
0.9176867
0.9141819
0.9080873
0.9146175
0.9143178
0.9147996
0.918085
0.9069759
0.9199251
0.9172341
0.9168758
0.9124187
0.9173745
0.9207092
0.9146023
0.9134609
0.9194032
0.9160321
0.9145698
0.9154819
0.9199918
0.9115302
0.9132204
0.9094682
0.9232314
0.9219841
0.9207309
0.9151313
0.9154615
0.9156217
0.9121682
0.9161881
0.9162817
0.9212056
0.9194644
0.9147747
0.9166581
0.9242334
0.9191047
0.9079899
0.909141
0.9213711
0.9159946
0.909245
0.8433372
0.8440942
0.8433634
0.8461984
0.8427799
0.8474472
0.9245433
0.9178805
0.9156814
0.9174144
0.9157182
0.9153167
0.912623
0.9211893
0.9139803
0.9256326
0.9228195
0.9126889
0.5404574
0.9192421
0.9208277
0.9133812
0.9037802
0.8446011
0.8991133
0.7684647
0.8760704
0.8842776
0.9022875
0.9045822
0.9037722
0.9003838
0.9043873
0.9038904
0.9046619
0.9006725
0.9004013
0.9124818
0.8994087
0.9009847
0.8939963
0.9002727
0.9005106
0.9009783
0.9011574
0.8995616
0.9034072
0.9020555
0.8993303
0.9010653
0.8984151
0.9040671
0.9052288
0.8863278
0.7676485
0.7712312
0.9049969
0.8841343
0.8965945
0.8980158
0.8924464
0.8925186
0.9089367
0.8915445
0.9125651
0.8236025
0.9047755
0.9032575
0.9091996
0.9023792
0.9026457
0.9033772
0.9089661
0.905756
0.9021118
0.899709
0.9039673
0.8100338
0.9038071
0.8842086
0.9110884
0.902688
0.9016591
0.8713255
0.8721202
0.8734792
0.8993967
0.9126815
0.9102466
0.8279865
0.8267779
0.9006193
0.8866748
0.91269
0.7983666
0.9027256
0.8993386
0.8265778
0.9103765
0.8776559
0.9155611
0.9163654
0.9165768
0.9177649
0.9151019
0.9154651
0.9190052
0.8793825
0.8957299
0.8906367
0.9021831
0.9061344
0.8963083
0.8914114
0.8814373
0.8613771
0.9044647
0.6502974
0.9118907
0.8928174
0.8964036
0.9038509
0.8987669
0.9065375
0.9032154
0.8939679
0.8436033
0.8624847
0.9131828
0.9101458
0.9119468
0.9059647
0.9088348
0.9109807
0.9132437
0.9091138
0.9077438
0.9148081
0.9149036
0.9129503
0.9097355
0.9104409
0.9132942
0.9129533
0.9136207
0.9075549
0.912743
0.9111294
0.9141583
0.905477
0.9075255
0.9106624
0.9073841
0.8838513
0.8989967
0.8944186
0.911159
0.8537571
0.9031508
0.9107323
0.8748601
0.8756995
0.9163033
0.8648348
0.9200971
0.9009622
0.9078438
0.9027078
0.9093151
0.9088591
0.9051347
0.9016475
0.9095426
0.9105079
0.9068418
0.9091165
0.9076573
0.8881264
0.9024678
0.8647721
0.9216567
0.8884828
0.887018
0.8850013
0.8853296
0.8869043
0.9027164
0.9190368
0.9172601
0.9032883
0.9053954
0.905304
0.8371155
0.9232716
0.9018723
0.9044094
0.90085
0.9049947
0.9187113
0.8349058
0.9160247
0.9171682
0.9180955
0.9173634
0.917566
0.9179975
0.9277079
0.8770228
0.8778259
0.8609143
0.8899591
0.9061687
0.9084163
0.8849653
0.8481022
0.9068386
0.8876735
0.8862667
0.9157338
0.8698112
0.8667251
0.9052826
0.8924598
0.9084537
0.9155723
0.8949952
0.8795654
0.8988662
0.9161919
0.9111913
0.9136911
0.9144086
0.9129141
0.9150842
0.9162444
0.9049578
0.9013252
0.9201043
0.8963042
0.9042669
0.9104272
0.908348
0.9034608
0.9044623
0.9047067
0.9031681
0.9021196
0.9184707
0.9037151
0.9101644
0.9119936
0.9029484
0.909081
0.9008887
0.903298
0.8961329
0.9119392
0.8892636
0.8997609
0.8973404
0.8975439
0.8967514
0.900504
0.8894656
0.9130563
0.8950097
0.9237456
0.9184931
0.9217471
0.9191408
0.9217198
0.9181757
0.924396
0.9159068
0.9157783
0.9167549
0.9172793
0.8883557
0.9210442
0.8808825
0.9106411
0.9102187
0.9109757
0.8941321
0.8946149
0.8945404
0.9192703
0.9205536
0.9173475
0.9034057
0.9033952
0.9021004
0.8865705
0.9099708
0.9020947
0.9128068
0.9166873
0.902518
0.8974247
0.8896419
0.9080733
0.9110225
0.9116962
0.9132091
0.9075636
0.9096107
0.9311543
0.8941955
0.899635
0.8900973
0.8950712
0.9191743
0.902815
0.8970071
0.8857911
0.9052015
0.9107279
0.8910068
0.9114455
0.9054559
0.8998748
0.9196946
0.9160187
0.9215342
0.9189476
0.9225954
0.9086372
0.9118703
0.9254062
0.9227424
0.924144
0.9256362
0.9226115
0.9248465
0.923638
0.9175423
0.9190813
0.9263191
0.9214171
0.9169245
0.9200584
0.9188197
0.9182857
0.9164293
0.9184569
0.9181041
0.920649
0.9248569
0.9237753
0.9217289
0.9218778
0.9208248
0.9210778
0.9195095
0.9214602
0.9184729
0.9255172
0.9127838
0.917923
0.9161223
0.9139564
0.9142608
0.9245651
0.9080202
0.9256032
0.9142698
0.9234349
0.9239445
0.9218326
0.9252021
0.9241032
0.9215892
0.9283243
0.9228997
0.9250452
0.9211516
0.9225251
0.9126379
0.9223845
0.9107181
0.9258339
0.921696
0.9198483
0.9117585
0.9115238
0.9128395
0.9227435
0.9251369
0.9256261
0.9210863
0.9169789
0.9160747
0.9116154
0.9290538
0.9205816
0.920562
0.9192455
0.9200596
0.9220138
0.909487
0.9211602
0.9202329
0.9207818
0.9209185
0.9190569
0.9223941
0.9332423
0.913477
0.910001
0.911695
0.9128273
0.9255219
0.9148333
0.9151494
0.9145602
0.9276171
0.9208738
0.9153043
0.9197866
0.9148846
0.9131104
0.9194232
0.9035203
0.9119771
0.9099326
0.9060265
0.8818018
0.8859839
0.9186357
0.9160894
0.9136988
0.9156374
0.9105912
0.9141087
0.917289
0.9067939
0.9075786
0.9189056
0.9141016
0.9121686
0.9101781
0.911104
0.9120518
0.9123642
0.9124916
0.9084057
0.9130435
0.9116748
0.9156481
0.9126859
0.9114483
0.9096609
0.9151074
0.8950935
0.9044695
0.9058162
0.912247
0.8849459
0.908138
0.9108953
0.8913535
0.8924815
0.9153217
0.8874401
0.9227431
0.9029228
0.9149525
0.9138963
0.9168692
0.9152459
0.9137381
0.9124233
0.9224469
0.9173899
0.9156765
0.9134297
0.9130892
0.8976026
0.9122141
0.8869856
0.9225082
0.9033232
0.9036119
0.8918977
0.891861
0.8936443
0.9150663
0.91681
0.9169836
0.9043463
0.9074596
0.9078433
0.8820673
0.9224085
0.911431
0.911098
0.9134334
0.9038583
0.9174025
0.8805059
0.9189469
0.9190307
0.9186821
0.9201959
0.9200221
0.9199229
0.9301693
0.89429
0.8924961
0.890963
0.8999406
0.9114076
0.9074737
0.89491
0.8768698
0.9086256
0.8973297
0.8961607
0.9161785
0.8914715
0.8916495
0.9157594
0.9102333
0.9058701
0.9112615
0.8951337
0.85972
0.870859
0.9189541
0.9190837
0.9188671
0.9163446
0.918972
0.9176487
0.913014
0.9143749
0.9149917
0.9178164
0.9195685
0.917064
0.9118255
0.9188317
0.9181112
0.9171085
0.9182432
0.9175462
0.9170972
0.9183378
0.9215422
0.9141766
0.9127419
0.9190325
0.9155826
0.8838063
0.8978346
0.8967228
0.9192198
0.861363
0.9137685
0.9187738
0.8805406
0.8790498
0.9235329
0.8763322
0.9241073
0.8991346
0.9122998
0.9104819
0.912845
0.9127923
0.9093595
0.9117905
0.9136387
0.91301
0.9104911
0.9134826
0.9133712
0.8872462
0.9112353
0.869635
0.9263365
0.8924205
0.8900732
0.8874265
0.8889844
0.8897438
0.9101258
0.9236522
0.9226021
0.9004869
0.9015173
0.9152632
0.8634519
0.927926
0.90104
0.9079774
0.9070428
0.9005327
0.9208709
0.8495211
0.9235288
0.9238661
0.9255527
0.9262079
0.9225982
0.9256269
0.9265483
0.8808092
0.8821196
0.8801169
0.8937711
0.9131443
0.9093064
0.8862632
0.8644926
0.9065476
0.8419012
0.8866024
0.9216369
0.8798772
0.873627
0.9110628
0.9124635
0.9083039
0.9082132
0.9089424
0.8824164
0.8917957
0.9158684
0.9163725
0.9156151
0.9140747
0.9172632
0.916349
0.915531
0.9145308
0.9138775
0.9199424
0.916289
0.911532
0.914651
0.9118539
0.9134531
0.9118816
0.9134317
0.9179284
0.9160238
0.9197083
0.9182057
0.9169987
0.9157126
0.9176176
0.9166549
0.8965699
0.9065544
0.9036865
0.9195228
0.8815128
0.9069074
0.9182339
0.8924102
0.8921302
0.923005
0.8904001
0.9234846
0.9032191
0.9139423
0.9085194
0.9145867
0.9162831
0.9105526
0.9102294
0.9163194
0.9135449
0.9122844
0.9151465
0.9135262
0.895469
0.9125386
0.8795146
0.9216277
0.9051935
0.9019071
0.8948961
0.8959192
0.8970625
0.9086371
0.9190696
0.9211738
0.9093182
0.9050106
0.9121559
0.8885475
0.9255776
0.9148355
0.9128844
0.9080846
0.9056433
0.9220002
0.8772355
0.9251834
0.9244501
0.9256926
0.9259424
0.9213332
0.9258766
0.9291995
0.8978722
0.8925742
0.8957141
0.8998952
0.9155457
0.9110445
0.8994193
0.8793475
0.9133356
0.8934353
0.8968234
0.9228584
0.8922643
0.892866
0.9128945
0.9136484
0.9051748
0.9044938
0.9015261
0.8606412
0.8722104
0.9207061
0.9167762
0.9141377
0.9122882
0.9110937
0.9145156
0.9081496
0.9161231
0.9167409
0.91604
0.9241554
0.9172027
0.9098225
0.9182168
0.918485
0.917286
0.9187708
0.9172638
0.9198125
0.9133507
0.921016
0.9105424
0.9094597
0.9172983
0.914013
0.8791197
0.8996828
0.9014764
0.9186795
0.8558545
0.9145904
0.9225859
0.8819019
0.8819313
0.9298641
0.865509
0.9264574
0.8995913
0.9111009
0.9014922
0.9116976
0.9130955
0.9056564
0.9026854
0.9107394
0.9093992
0.9147929
0.9099698
0.9115673
0.897246
0.9078621
0.875178
0.9245215
0.882209
0.8828207
0.887867
0.8870688
0.8875541
0.9008983
0.921475
0.9232011
0.905385
0.906599
0.9156605
0.8673851
0.9340695
0.9063596
0.9048486
0.90286
0.9046649
0.9300129
0.851769
0.923404
0.9235576
0.9235845
0.9237605
0.9217214
0.9220277
0.9293444
0.8821773
0.8767231
0.8765281
0.8952926
0.9082807
0.9141126
0.8826894
0.8645578
0.9078099
0.8807847
0.8947293
0.9174191
0.8658546
0.8731741
0.9062677
0.9058232
0.908419
0.9221595
0.9039983
0.8803267
0.8973066
0.9253726
0.9236609
0.9204541
0.9232787
0.9238657
0.9232943
0.9263162
0.9181669
0.9177044
0.9284312
0.9165409
0.9172796
0.9201808
0.9207691
0.918485
0.917286
0.9197258
0.9203427
0.9191984
0.9256959
0.9213239
0.9223502
0.9211181
0.9174909
0.9217711
0.9004275
0.8991007
0.9009303
0.9238095
0.8834223
0.9134201
0.9169475
0.8931257
0.8931195
0.9159965
0.8859662
0.9296522
0.8964421
0.926706
0.9217563
0.9234855
0.9256552
0.9242958
0.9227627
0.9282158
0.9205328
0.9236283
0.9226947
0.9212102
0.9004087
0.9235208
0.887123
0.9280377
0.9029308
0.9022519
0.8982778
0.8971361
0.8977732
0.920297
0.92591
0.9262838
0.9049624
0.9051041
0.9131905
0.8824189
0.9266669
0.9027822
0.9227988
0.9215119
0.9008812
0.9137135
0.879792
0.9174168
0.9166754
0.9157184
0.9177735
0.9179753
0.9173921
0.9359243
0.892339
0.896673
0.8925356
0.8957995
0.9269135
0.9110645
0.8942647
0.8823784
0.9047
0.9019005
0.897847
0.9167964
0.8958042
0.89114
0.9173852
0.9184462
0.9101315
0.9134087
0.9070483
0.8705947
0.8802827
0.9241532
0.9234261
0.9207596
0.9201063
0.9192058
0.9205532
0.9165329
0.9238256
0.9210461
0.922723
0.9267402
0.9215714
0.9192661
0.9229261
0.9238052
0.9217333
0.9240884
0.9233214
0.9232099
0.9215486
0.9256008
0.9203915
0.9189774
0.9250889
0.9232881
0.8930597
0.9059095
0.9052268
0.9248255
0.8670727
0.921981
0.9270424
0.8819266
0.8821954
0.9338129
0.8801468
0.9323689
0.903289
0.9130159
0.910921
0.9126074
0.9151052
0.9120265
0.9129244
0.9160162
0.9217385
0.9182955
0.9149522
0.9148884
0.9051396
0.9116051
0.878979
0.9327132
0.8925552
0.8916237
0.8911384
0.890625
0.8895547
0.912446
0.9319068
0.9316376
0.9095215
0.9075668
0.9237172
0.873265
0.9318563
0.9107137
0.9116281
0.9093973
0.9066005
0.9309889
0.8564505
0.9274611
0.9266527
0.9285935
0.9281842
0.9273457
0.9287717
0.9321951
0.8865917
0.8868932
0.8848424
0.898565
0.9172165
0.9188724
0.8919659
0.8671283
0.9047602
0.8008048
0.9005927
0.926729
0.8833809
0.8777294
0.9144048
0.9087125
0.9171926
0.9222856
0.9088794
0.8988068
0.9042583
0.9247218
0.920524
0.9225406
0.920664
0.9218368
0.9228451
0.9263325
0.9173347
0.9144991
0.9261144
0.9170643
0.9148861
0.9187604
0.914653
0.9167428
0.9156188
0.9180909
0.9165134
0.9170609
0.9263935
0.9198923
0.9197647
0.9182059
0.9173137
0.9161613
0.9117555
0.9118634
0.9094912
0.9199408
0.9074424
0.9111008
0.91318
0.9047835
0.9046292
0.9176057
0.8986482
0.9294122
0.9059829
0.9245989
0.9199588
0.9253377
0.9232606
0.9197664
0.9207522
0.9268175
0.9204467
0.9205371
0.9187535
0.9252993
0.9002525
0.9234478
0.8945196
0.9277722
0.916609
0.9149828
0.9005552
0.8999328
0.8984588
0.9191614
0.9219162
0.922477
0.9136996
0.9146531
0.9116649
0.8991908
0.9227987
0.9116487
0.9217382
0.92153
0.9124749
0.9130695
0.8986345
0.9207795
0.9191912
0.9214791
0.9197962
0.9193626
0.9211546
0.932868
0.9033015
0.9044617
0.9009455
0.9035914
0.925325
0.9099407
0.9080796
0.8966614
0.9122515
0.9138042
0.9051958
0.9204028
0.909713
0.899663
0.9180015
0.9072544
0.9099966
0.9233195
0.9075931
0.8919654
0.8993357
0.9271743
0.9221786
0.9234152
0.9239744
0.9231699
0.9237629
0.9247853
0.9212931
0.9188793
0.9255124
0.9162958
0.9184984
0.922591
0.9204211
0.9209878
0.9185056
0.9217916
0.9173878
0.9201187
0.9310511
0.9202428
0.922047
0.9215146
0.9204799
0.911678
0.9016763
0.9054515
0.9059915
0.9244948
0.8926524
0.9157561
0.9138254
0.8992264
0.89949
0.9101954
0.8908697
0.925626
0.9031289
0.9248626
0.922424
0.9268359
0.9240892
0.925
0.9261465
0.9284816
0.9247757
0.9216876
0.9207707
0.9232672
0.9057974
0.9260847
0.8965845
0.9213882
0.9114587
0.9101294
0.8995789
0.900312
0.9000491
0.9249203
0.9241843
0.9231095
0.9083434
0.9093032
0.916719
0.8869094
0.9253372
0.9075318
0.9235559
0.9218943
0.9084682
0.9138599
0.8917427
0.9119951
0.912011
0.9132254
0.9137268
0.9130718
0.9128767
0.9328009
0.9015123
0.899731
0.8955053
0.8997994
0.9237335
0.9087027
0.8985214
0.8906222
0.9065088
0.9084336
0.8993479
0.9160199
0.8986648
0.8973948
0.9219999
0.9012235
0.9083999
0.9186411
0.9004608
0.8834249
0.8930258
0.92044
0.916991
0.9164487
0.9177798
0.9191919
0.9190123
0.9199928
0.9111879
0.9072202
0.9222045
0.9082442
0.9069214
0.91095
0.9097376
0.9103051
0.9069591
0.9112185
0.9120262
0.9104392
0.9210554
0.9107098
0.9148959
0.9160929
0.9111703
0.9163095
0.9011886
0.898841
0.8983584
0.9141298
0.8880748
0.9040038
0.9066909
0.8920047
0.8922748
0.9025758
0.8838806
0.9197338
0.8955409
0.9239848
0.9197385
0.9246263
0.9214943
0.9182831
0.9217532
0.9245921
0.9154666
0.9169803
0.9193486
0.9181311
0.8893053
0.9185201
0.8881274
0.9174051
0.909232
0.9090235
0.8908407
0.891605
0.8912494
0.9164077
0.920078
0.9198654
0.9026821
0.9017031
0.905364
0.8879285
0.9197452
0.9064074
0.918658
0.9169684
0.9010977
0.9043763
0.8835058
0.9126561
0.9128241
0.9139875
0.9133195
0.9120775
0.9138582
0.9292373
0.8985146
0.8958554
0.8895515
0.8926552
0.9228657
0.8990289
0.8971349
0.8814992
0.9060538
0.9070113
0.8928494
0.914529
0.8994079
0.8941273
0.9194263
0.8986202
0.9093547
0.9139605
0.9018318
0.8792211
0.8888525
0.9203885
0.9204081
0.9202519
0.9212422
0.9166874
0.9202687
0.9180422
0.9136064
0.9114615
0.922151
0.9129459
0.9121336
0.9137262
0.9141567
0.9130636
0.912448
0.9133909
0.9154541
0.9170568
0.9211181
0.9184494
0.9195608
0.9180609
0.9133536
0.9154497
0.8932753
0.9030472
0.9006488
0.9197788
0.8826215
0.9056823
0.9136774
0.8890159
0.8898018
0.9138236
0.8836666
0.9200741
0.8981377
0.9144071
0.9142199
0.9175251
0.9160058
0.9137955
0.9141585
0.9197971
0.9126608
0.9134588
0.9133692
0.9167078
0.8923484
0.9164841
0.883786
0.9226531
0.900515
0.9002595
0.8953292
0.893581
0.8942235
0.9142928
0.9205324
0.9216839
0.9061642
0.9080319
0.9094103
0.883801
0.9262511
0.9054092
0.913142
0.9098781
0.9059826
0.9113088
0.8772045
0.9110113
0.9131241
0.9125363
0.913505
0.9102019
0.9128657
0.9284202
0.8915464
0.8923889
0.8893764
0.893657
0.9152206
0.9048849
0.893165
0.8803555
0.90625
0.9057673
0.8953342
0.9175433
0.8957382
0.8908186
0.9124258
0.9059756
0.9090275
0.9089544
0.901052
0.8564377
0.8794784
0.9166992
0.9126071
0.917467
0.9130715
0.9149562
0.9169156
0.9144612
0.9124051
0.9101051
0.9182762
0.9140498
0.9127251
0.9133802
0.9133506
0.9116756
0.9129223
0.9121576
0.9099598
0.9167439
0.9155256
0.9153352
0.9118007
0.9103609
0.9103199
0.910522
0.8910414
0.8993999
0.8988852
0.9119481
0.8684769
0.9018873
0.9082984
0.8786516
0.8785992
0.9134832
0.8804891
0.916924
0.8962711
0.911296
0.9068373
0.9130755
0.9135598
0.9082139
0.9067267
0.9150166
0.9089751
0.9084358
0.9107758
0.9096418
0.8914861
0.908481
0.871714
0.9174295
0.8999681
0.9010771
0.8899261
0.8893295
0.8907736
0.9088719
0.9181451
0.9181257
0.9049961
0.9056372
0.9067675
0.8745624
0.923391
0.9057803
0.9115957
0.9098153
0.9049293
0.90961
0.856819
0.915653
0.9158543
0.9160281
0.9159722
0.9143226
0.9161598
0.9233844
0.8894257
0.8841648
0.8825636
0.8940643
0.9103328
0.9033425
0.8896564
0.8564882
0.9054268
0.896126
0.8886967
0.9158869
0.8874069
0.8765964
0.9098201
0.9212043
0.9239541
0.7934031
0.9194254
0.9103366
0.8902174
0.8925001
0.8940329
0.8924963
0.8886404
0.8925851
0.8929073
0.8882445
0.8912656
0.8933309
0.901212
0.9026316
0.8947621
0.8833671
0.8972668
0.8942155
0.894219
0.8958556
0.8940147
0.8997642
0.8885956
0.898022
0.8833158
0.8825909
0.8972352
0.8933984
0.9137588
0.9170463
0.92
0.8932438
0.9090061
0.8809003
0.9032461
0.9125962
0.9128676
0.9184088
0.9071108
0.9001164
0.9171372
0.8370008
0.8392702
0.8387724
0.8449787
0.838316
0.8346217
0.8447733
0.8429166
0.8434955
0.8479404
0.8423691
0.8943621
0.8414256
0.9039012
0.9018748
0.9149572
0.9137851
0.9060468
0.9055309
0.9062906
0.830856
0.8951667
0.8971056
0.9185718
0.9190417
0.886351
0.9073301
0.9122488
0.9207607
0.8171426
0.8077164
0.9188579
0.9201294
0.8980729
0.9208549
0.9212046
0.9207743
0.9222445
0.9194391
0.9205561
0.9057232
0.9164655
0.9050799
0.9111032
0.9128728
0.8423938
0.9011282
0.9123351
0.9055396
0.9239963
0.9183638
0.9073413
0.9108249
0.9105928
0.914436
0.8334615
0.903088
0.9045327
0.8972732
0.8949899
0.8721263
0.8350082
0.9074593
0.9070479
0.9044149
0.9021822
0.9051925
0.9054882
0.9081355
0.9044155
0.9028729
0.9128073
0.9095202
0.9034124
0.9001711
0.9035932
0.9057289
0.9030904
0.9049178
0.9038678
0.9072998
0.9046828
0.9071177
0.8996234
0.8976854
0.9027748
0.9006121
0.8903771
0.8966631
0.8921125
0.9036699
0.8761714
0.8995247
0.9032305
0.882776
0.8838897
0.9147155
0.8742819
0.9099879
0.8885275
0.8991702
0.8934701
0.9058757
0.9047755
0.8993902
0.8991076
0.9052113
0.9040251
0.9046197
0.9002957
0.9019832
0.8791705
0.9013479
0.874064
0.9149162
0.8950564
0.8943604
0.8896524
0.8886114
0.8897407
0.9002615
0.9083309
0.9081804
0.8979034
0.9019068
0.9020911
0.8723334
0.9175021
0.9000637
0.9013826
0.8963011
0.8999787
0.912483
0.8573558
0.9167249
0.9178693
0.9160407
0.9171587
0.9123496
0.9149619
0.9171574
0.8895908
0.8864212
0.8828282
0.8943202
0.9058088
0.8955332
0.8879859
0.8649295
0.9028893
0.8928696
0.8841001
0.9124591
0.8833976
0.8823614
0.9021064
0.9027803
0.8910719
0.9153188
0.8794229
0.9007972
0.9095488
0.9183203
0.9102256
0.9151033
0.9125234
0.9146887
0.9193485
0.9175787
0.9086031
0.9075842
0.9228756
0.9040726
0.9023094
0.909068
0.903403
0.9056543
0.9024628
0.9069651
0.9070397
0.9033495
0.9163036
0.9073181
0.9107737
0.9063392
0.9078402
0.913631
0.9048544
0.8805224
0.876152
0.9126862
0.9063231
0.8952597
0.9021581
0.9091355
0.9090207
0.9063766
0.9046989
0.9110639
0.8807204
0.9234764
0.9207395
0.9245329
0.9171916
0.9210101
0.9219659
0.9241242
0.9196125
0.9150306
0.9159272
0.9190749
0.8692999
0.9210212
0.9041961
0.9147111
0.9186453
0.9173487
0.8923964
0.8905207
0.8918451
0.9175472
0.9164706
0.9178999
0.8883448
0.8893804
0.9039182
0.9062533
0.914607
0.8823635
0.9150372
0.9142184
0.8871106
0.906865
0.9041976
0.9172827
0.9191013
0.9193139
0.9177537
0.9174657
0.9186879
0.9270171
0.8990473
0.9119029
0.9121992
0.9092276
0.9204593
0.903793
0.9111244
0.9070088
0.8969742
0.9247166
0.8622615
0.92084
0.91475
0.9155585
0.9177447
0.9100529
0.9069856
0.9130035
0.8987648
0.8525783
0.8753556
0.9242461
0.9192776
0.9218392
0.919299
0.9213939
0.9210008
0.9208355
0.9193252
0.918141
0.9189237
0.9188025
0.9181386
0.9197596
0.918722
0.9196717
0.9186034
0.9194624
0.9178576
0.9237985
0.9211582
0.9225355
0.9180054
0.9187842
0.9198745
0.9188352
0.8847564
0.896232
0.9012585
0.9165457
0.8649456
0.9150543
0.9219569
0.872951
0.8713978
0.9218148
0.8733877
0.9282863
0.8969944
0.9151267
0.9161293
0.915535
0.9173082
0.9151666
0.9121437
0.9196636
0.9183134
0.9163391
0.9185716
0.9161135
0.8995297
0.9148668
0.8746055
0.9279803
0.893702
0.8928938
0.890124
0.8895324
0.8895365
0.9158082
0.9267064
0.9234469
0.9027729
0.9034519
0.915079
0.8666958
0.9289152
0.90363
0.9126277
0.9112943
0.9030883
0.9239635
0.8503596
0.9145497
0.9158753
0.9156731
0.9167041
0.9161569
0.9151308
0.933039
0.882647
0.8844864
0.882146
0.8948846
0.9167658
0.9143068
0.8870107
0.8602748
0.9041948
0.890103
0.8910849
0.9188165
0.8837853
0.8733084
0.9160074
0.8949993
0.9022932
0.903709
0.8923949
0.8728599
0.8779914
0.9095627
0.9036879
0.9059716
0.9051977
0.9074975
0.9074107
0.9094689
0.9014319
0.896962
0.9122112
0.8983983
0.9017034
0.903441
0.9000756
0.903952
0.9018565
0.9037701
0.9011978
0.906109
0.9137345
0.9063169
0.9040672
0.9021648
0.9017385
0.9029137
0.8924478
0.8941963
0.8898884
0.907225
0.8780364
0.8970276
0.8971617
0.8840772
0.8834261
0.9001502
0.876088
0.9088575
0.8855956
0.9072874
0.9067749
0.9115721
0.9067941
0.9101295
0.9065467
0.9145146
0.9041769
0.9047704
0.9091455
0.9074509
0.8808347
0.9083437
0.8766873
0.9115634
0.9034737
0.9022487
0.8849503
0.8841463
0.8837843
0.9090845
0.9164223
0.9141975
0.895165
0.8924111
0.9014151
0.8720334
0.911657
0.8968637
0.9060066
0.9034436
0.8943043
0.8987612
0.8733806
0.9069047
0.9073104
0.9066746
0.907455
0.9053563
0.9061731
0.9217524
0.8827922
0.8932932
0.8847269
0.888572
0.9101224
0.8975312
0.8901517
0.869788
0.8998548
0.8991868
0.881765
0.9113704
0.890875
0.889112
0.9094162
0.9090105
0.9253502
0.8434956
0.9204565
0.9172664
0.9090103
0.8994948
0.9022546
0.9003766
0.8999567
0.8990488
0.8989576
0.8992181
0.8965505
0.8962404
0.9062344
0.8994225
0.8905157
0.8903327
0.8947557
0.8947047
0.8904204
0.8946384
0.8966303
0.9019044
0.897943
0.8948211
0.8902288
0.8857247
0.8981328
0.9001041
0.9203619
0.9200331
0.9206498
0.8973535
0.917618
0.8774575
0.8993147
0.9154818
0.9162718
0.9113569
0.9154449
0.9023676
0.9166523
0.8105696
0.8078473
0.8187024
0.8044568
0.7989061
0.7954139
0.8074831
0.8176031
0.7827432
0.8109325
0.8132214
0.8989531
0.8082007
0.9073741
0.900704
0.9227955
0.9201025
0.9115249
0.9106408
0.9115312
0.861297
0.9001093
0.9035895
0.9218519
0.9214534
0.8891222
0.9146943
0.9075269
0.9264132
0.8534005
0.8463593
0.920758
0.909178
0.9079166
0.9192456
0.9198138
0.9209928
0.9225415
0.9208057
0.922892
0.9168229
0.9194821
0.9174939
0.9182175
0.9156315
0.7981323
0.901142
0.9235493
0.9125695
0.9297706
0.9247507
0.9071013
0.9190897
0.9198242
0.9247745
0.8624116
0.9027923
0.9225569
0.8992375
0.9126951
0.9145572
0.9124383
0.8794918
0.8766431
0.8811066
0.8777554
0.8802283
0.8816072
0.8834529
0.8645343
0.867072
0.8846309
0.8520905
0.865376
0.8698867
0.8677834
0.8659767
0.8657232
0.8666617
0.867741
0.8608197
0.8814776
0.8651265
0.8681609
0.8699205
0.8687149
0.8697422
0.9233129
0.9177814
0.916061
0.8601119
0.9172569
0.8873725
0.8514078
0.9140693
0.9135378
0.8534431
0.9078202
0.9085851
0.9111821
0.9119983
0.9068135
0.9121691
0.9068722
0.9089385
0.9079496
0.9119363
0.9065511
0.9056207
0.9044178
0.9118474
0.9007691
0.911617
0.9044889
0.9072051
0.9278587
0.9253487
0.9097645
0.9083226
0.9090715
0.9078093
0.9076083
0.9086977
0.9160746
0.9162792
0.8967124
0.9141411
0.9083465
0.9210022
0.9032212
0.9042117
0.9166988
0.8615621
0.9135627
0.9048918
0.9072354
0.9087958
0.9082686
0.9068986
0.9065566
0.9234274
0.9144285
0.9145317
0.91267
0.9170271
0.912777
0.8970919
0.9168336
0.9106403
0.9198072
0.925184
0.9026862
0.914438
0.923483
0.9192323
0.9099314
0.9017136
0.9066494
0.9134076
0.9004396
0.8835153
0.8956879
0.9209451
0.9174613
0.9135493
0.9155957
0.9148232
0.9166897
0.916118
0.9124187
0.909766
0.916034
0.910123
0.9120875
0.9132525
0.9123994
0.9132524
0.9123545
0.9137573
0.9112591
0.9135103
0.9165022
0.9126102
0.9141509
0.9105087
0.9124765
0.9147013
0.8990254
0.9000034
0.9003458
0.9182275
0.8912748
0.9103243
0.9103441
0.8907921
0.8904778
0.913913
0.8844305
0.9240959
0.9005175
0.9170062
0.9166441
0.9213137
0.9172129
0.9159307
0.915612
0.9208038
0.9175339
0.9147091
0.9157648
0.9155962
0.9024755
0.9186778
0.8900964
0.9237918
0.9060594
0.9026177
0.8947222
0.8934893
0.8952305
0.914777
0.9222234
0.922209
0.9072313
0.9052786
0.912471
0.8843992
0.9192588
0.9062393
0.9161101
0.9124726
0.9040646
0.9080364
0.8860693
0.9097012
0.9111277
0.910369
0.9104198
0.9083185
0.9091744
0.9260808
0.8974129
0.8970734
0.8920188
0.8930306
0.9149323
0.9086657
0.8975227
0.8918138
0.9066812
0.9075234
0.8921798
0.9125773
0.8954656
0.8968638
0.9170107
0.9185592
0.9277821
0.8313267
0.9214147
0.9119388
0.8999498
0.9005892
0.9007889
0.8924287
0.8930561
0.8964599
0.8933532
0.890293
0.8988423
0.9003214
0.8993991
0.9053559
0.8942102
0.8901637
0.8971096
0.8992449
0.8939575
0.8986649
0.8980465
0.9025735
0.8929609
0.8983298
0.8870784
0.8851696
0.897796
0.8962749
0.9158023
0.9160856
0.9200739
0.896813
0.9116263
0.8859152
0.9059109
0.9125061
0.9127725
0.9150572
0.9075496
0.9053009
0.9183878
0.7834241
0.7702027
0.8087123
0.802024
0.7868182
0.7853125
0.796649
0.8110333
0.8003719
0.7755158
0.796323
0.9004369
0.768416
0.9077773
0.9035609
0.9134961
0.9118471
0.9119783
0.9110531
0.9112937
0.8545023
0.8961821
0.8981217
0.9221053
0.9234133
0.8971278
0.910647
0.9147707
0.9265333
0.8423174
0.8369614
0.9211199
0.9184856
0.9010836
0.9219198
0.9215537
0.9229946
0.9230211
0.9212429
0.9222571
0.9118896
0.9162659
0.9068059
0.9134996
0.9110763
0.7910987
0.9043929
0.9193952
0.9096983
0.9274734
0.9184659
0.9043262
0.911102
0.9165086
0.9109299
0.8588986
0.9178328
0.9273437
0.8304313
0.9210781
0.9121255
0.899188
0.8999065
0.9009765
0.8921755
0.8925578
0.8960104
0.8929375
0.8901147
0.8979932
0.899953
0.8992296
0.9045527
0.8941966
0.8888889
0.8961048
0.8982428
0.8937831
0.8977805
0.8972749
0.9024848
0.892504
0.8975956
0.8862825
0.884374
0.8968654
0.8962623
0.9159877
0.9160825
0.9203361
0.8965204
0.9113915
0.8852815
0.9055859
0.9123498
0.9124647
0.9152822
0.9075424
0.9048911
0.9177864
0.7828716
0.7697853
0.807373
0.801777
0.7862232
0.7857199
0.7963984
0.8111603
0.8003101
0.7744242
0.7952707
0.9007021
0.767695
0.907112
0.9028666
0.9140232
0.9126417
0.9118581
0.9108554
0.9112499
0.8542564
0.8957637
0.8980289
0.921509
0.9231167
0.8960795
0.9103725
0.9150035
0.9264979
0.8410353
0.8360015
0.9208205
0.9182541
0.9017001
0.9219566
0.9216649
0.9231434
0.9234678
0.9212048
0.9222567
0.9118844
0.9166028
0.9068366
0.9134953
0.9107298
0.7895089
0.9044233
0.9193184
0.9102289
0.9270694
0.9185742
0.9036175
0.9108376
0.9170004
0.9108862
0.8587836
0.9167194
0.9245541
0.8350057
0.9226953
0.9124385
0.9000215
0.8974986
0.8996331
0.8949739
0.8912941
0.8956291
0.8957987
0.8928584
0.8982016
0.8980108
0.9014831
0.9074301
0.8938972
0.8877078
0.8948503
0.8963893
0.8931237
0.896998
0.8984025
0.906531
0.8951727
0.8992057
0.8842787
0.8845872
0.896918
0.8950809
0.9166609
0.9173522
0.9207701
0.8974118
0.9134952
0.8852471
0.9059286
0.9114866
0.9122441
0.9125764
0.9066326
0.9070378
0.9186363
0.7877384
0.776306
0.8100811
0.8002324
0.7915201
0.7874182
0.7964941
0.810984
0.7996984
0.778916
0.7958866
0.9032109
0.7699415
0.906554
0.9052285
0.9167043
0.9159389
0.9102948
0.909139
0.9093793
0.854779
0.8946461
0.8993676
0.9196287
0.9227596
0.8953384
0.9098485
0.9115305
0.9266118
0.842796
0.8369838
0.9211751
0.9178623
0.9002918
0.9189152
0.9196339
0.921931
0.9203913
0.919545
0.9204894
0.9083185
0.9167854
0.9056807
0.9108563
0.9110433
0.7877716
0.902224
0.9179918
0.9094769
0.9273657
0.9188199
0.9058183
0.9125813
0.9159304
0.9124538
0.8574799
0.9072213
0.9129287
0.9082877
0.9066461
0.8918929
0.8989997
0.9131858
0.9072579
0.9086719
0.9066047
0.9097351
0.9105182
0.9097202
0.903213
0.904918
0.9161579
0.8986842
0.9061972
0.9031149
0.9067119
0.9024066
0.9063129
0.9025398
0.9055141
0.9091562
0.91129
0.9079608
0.9042557
0.9077693
0.9046624
0.906647
0.9058343
0.9045027
0.9010766
0.9055135
0.9002311
0.8977998
0.9005426
0.9044658
0.904541
0.905225
0.8933377
0.9134062
0.9024828
0.9107908
0.9077155
0.9108166
0.9081318
0.9079013
0.9093547
0.913908
0.9065358
0.9075455
0.9111166
0.9080912
0.8901644
0.908749
0.9002215
0.9121693
0.9093975
0.9071537
0.8966876
0.8963332
0.8973267
0.9141377
0.9128876
0.9111248
0.9061086
0.9042904
0.9042916
0.8952698
0.9159817
0.9100636
0.9058387
0.904949
0.9047736
0.9050758
0.8952866
0.9110948
0.9113402
0.9092629
0.9106511
0.9103641
0.9108939
0.9216603
0.899078
0.9032608
0.9035645
0.9026086
0.9099425
0.9008615
0.9052104
0.8941727
0.9098326
0.9149125
0.891855
0.9127124
0.9052123
0.9045352
0.9105479
0.9143334
0.9247529
0.9094287
0.9201742
0.915078
0.9174331
0.9146392
0.9088833
0.9167587
0.9153695
0.9131934
0.9177963
0.9173046
0.9136123
0.9127368
0.9156245
0.9093007
0.9111797
0.9117026
0.9114621
0.9130055
0.9109137
0.9121489
0.9135534
0.9102835
0.9159065
0.9153789
0.9138715
0.9112307
0.9116098
0.9118812
0.9187169
0.9221013
0.917954
0.9135088
0.9177052
0.9059425
0.9100662
0.9197266
0.9188849
0.9147621
0.9155628
0.9200128
0.9166042
0.9133795
0.9121312
0.9175208
0.9193138
0.9167587
0.913777
0.9170012
0.9140015
0.9126803
0.9128189
0.9139465
0.9124835
0.9137997
0.9151195
0.9180485
0.9219682
0.9225474
0.913842
0.9134991
0.9131714
0.913194
0.9185923
0.9189944
0.9216618
0.9243336
0.9116834
0.9108404
0.9216716
0.924382
0.9094364
0.9093991
0.9219015
0.913983
0.9137722
0.8804363
0.8798518
0.8775164
0.8784898
0.877972
0.8812826
0.9219629
0.91899
0.9167373
0.9198384
0.9157816
0.9151162
0.9084901
0.9182913
0.916721
0.9259623
0.9258128
0.9117219
0.8847089
0.9180198
0.9197748
0.914409
0.895936
0.8929575
0.8994596
0.8812775
0.8819323
0.8867786
0.9091562
0.9055949
0.9034755
0.9022997
0.9048424
0.9033928
0.9111522
0.903583
0.9004767
0.9150046
0.8986285
0.8961342
0.8962171
0.8966405
0.8965931
0.8963655
0.8972078
0.9015546
0.9003494
0.9082443
0.9004063
0.8964199
0.8982364
0.9018169
0.9051768
0.8855886
0.8835007
0.8781013
0.8996356
0.8852358
0.8914729
0.8966582
0.8911224
0.8902815
0.9051309
0.8882085
0.9071105
0.8831342
0.9129368
0.9069054
0.9077823
0.9073936
0.9090682
0.906522
0.9147076
0.9014362
0.9012156
0.9055638
0.910502
0.8623754
0.9046101
0.8781659
0.908267
0.9066629
0.9037703
0.8113771
0.812747
0.8116684
0.9045422
0.9100175
0.9120181
0.8855294
0.884936
0.8916983
0.8843945
0.9091645
0.8893747
0.9060575
0.9001538
0.8844436
0.9041901
0.8770874
0.9126814
0.9131167
0.9136721
0.9146046
0.9137059
0.9135431
0.9200471
0.8816752
0.901262
0.8945588
0.8956364
0.9062064
0.8918978
0.8928994
0.8807376
0.8892278
0.9081604
0.8633331
0.9145938
0.8900732
0.8931298
0.9053938
0.8987867
0.8038507
0.8933805
0.8224562
0.8846042
0.8784775
0.8964114
0.89471
0.8965766
0.8931793
0.8956853
0.8976243
0.8998537
0.8881898
0.8899985
0.9059078
0.8930339
0.8911022
0.8862503
0.8901075
0.8916642
0.8912908
0.8922426
0.890347
0.8955464
0.8908111
0.8946827
0.8875722
0.8901551
0.8928676
0.8966208
0.8864168
0.82457
0.826838
0.8964787
0.8859884
0.8818429
0.8887573
0.8932815
0.8932358
0.9040117
0.8885166
0.9004003
0.8387133
0.8963203
0.8951642
0.9022722
0.89676
0.8935963
0.8943136
0.9042962
0.899602
0.8954704
0.8954197
0.898878
0.7723502
0.8989096
0.8772914
0.9017298
0.9060186
0.9061171
0.8697865
0.867376
0.8705041
0.8996409
0.9004347
0.9002324
0.7944572
0.79592
0.8892874
0.8846643
0.9043395
0.8399551
0.897774
0.8917342
0.7954219
0.9030198
0.8737721
0.9142176
0.9150299
0.9147102
0.9167046
0.9132205
0.9161718
0.9122189
0.8795937
0.894345
0.8901951
0.8980438
0.8940282
0.8894965
0.8954562
0.8784424
0.8646994
0.903284
0.7785254
0.9146774
0.8983599
0.8936269
0.8998387
0.8978917
0.9142927
0.9084629
0.9045451
0.8948189
0.9021081
0.9153261
0.9082143
0.9120475
0.916161
0.9150812
0.9135469
0.9182344
0.9060486
0.9016555
0.9226817
0.89282
0.9047584
0.9088626
0.9054074
0.9045858
0.9045954
0.9038859
0.9046611
0.8998792
0.9185031
0.9067759
0.9109409
0.910991
0.9059941
0.9069632
0.9063689
0.9056436
0.8995107
0.907967
0.9031946
0.890243
0.8936659
0.905995
0.9064983
0.8980491
0.8921347
0.9145623
0.896077
0.9199247
0.917614
0.9176321
0.9154459
0.9169245
0.9184376
0.9206075
0.9162434
0.9098916
0.9113582
0.9161534
0.8942683
0.9139919
0.8935528
0.913755
0.9153979
0.9146182
0.8936093
0.8935313
0.8940587
0.9122813
0.911522
0.9102941
0.9061015
0.9060883
0.897819
0.9007884
0.907
0.9084407
0.9096488
0.9075879
0.9048296
0.8943229
0.9002277
0.9035797
0.9046959
0.9057247
0.9067065
0.9081622
0.9063453
0.9241379
0.8974506
0.9053906
0.9040741
0.8963732
0.9134866
0.8927971
0.9064415
0.8949097
0.9092487
0.915562
0.8942179
0.9067293
0.9120011
0.9063045
0.9150434
0.9022508
0.8439217
0.8942631
0.7712025
0.8768045
0.8827194
0.9015788
0.9015833
0.8997432
0.8934653
0.9018752
0.9011661
0.899528
0.8946891
0.8925689
0.9114613
0.8974041
0.897054
0.8911433
0.8966385
0.8974257
0.8969647
0.8974793
0.8929975
0.9007146
0.8974906
0.8996948
0.8958561
0.8888037
0.8966429
0.9008892
0.8873456
0.7743403
0.7721745
0.898375
0.8806558
0.8899278
0.9013036
0.8886794
0.8900537
0.9073072
0.8937938
0.9074629
0.8246966
0.9015324
0.9021392
0.9037986
0.8992521
0.8981792
0.8987238
0.9019705
0.9005761
0.8975016
0.8961141
0.900057
0.8045771
0.9000892
0.8817688
0.9046484
0.9034998
0.9031712
0.8727319
0.8729064
0.8743438
0.9025309
0.9089986
0.9079775
0.8309074
0.8268942
0.8986421
0.8863375
0.9150837
0.7964012
0.8998736
0.8924616
0.8276639
0.9081902
0.8760159
0.9148633
0.9163832
0.9162933
0.9178558
0.9168924
0.9175872
0.9183297
0.8799006
0.8934446
0.8926954
0.9017215
0.9024242
0.8938111
0.8917041
0.8806207
0.8647941
0.9036315
0.6369449
0.9112123
0.8936651
0.8947667
0.9009665
0.8959345
0.8930733
0.899659
0.8820789
0.8817216
0.8874662
0.9088851
0.9058343
0.9036339
0.9034182
0.906104
0.9037118
0.9109984
0.9029867
0.8996357
0.9155916
0.8981822
0.8964146
0.8976695
0.8972389
0.8970727
0.8966058
0.8976472
0.9015952
0.9007097
0.9092713
0.8999231
0.8962157
0.8989195
0.9023761
0.9066021
0.8852217
0.8836556
0.8792387
0.9005974
0.8867241
0.8920425
0.8968193
0.8909208
0.8901189
0.9058752
0.8884069
0.906145
0.8835301
0.9141385
0.9070235
0.9082884
0.907513
0.9099651
0.9063292
0.9150953
0.9016335
0.9020799
0.9064597
0.911591
0.862871
0.904494
0.8780345
0.907102
0.9067427
0.9042391
0.8127714
0.8144134
0.8136138
0.9049748
0.9096227
0.9109088
0.8858047
0.885131
0.8915332
0.8851994
0.9093286
0.8888132
0.905867
0.90149
0.8847996
0.9037171
0.8780264
0.9126859
0.9134646
0.9136388
0.914686
0.9139777
0.9126333
0.9197072
0.8819928
0.9018046
0.8942811
0.8949278
0.9064828
0.8916931
0.8933735
0.8812598
0.8890644
0.9094458
0.8626025
0.9155981
0.8897878
0.8922536
0.9055129
0.8935283
0.8849447
0.8991734
0.8787725
0.8757882
0.8842503
0.9055285
0.9012981
0.8991301
0.8982847
0.8994906
0.8980401
0.903877
0.8962054
0.8933865
0.9065908
0.8954971
0.8916051
0.8947156
0.8915772
0.891882
0.8913474
0.893428
0.8974949
0.9004619
0.9032071
0.8958349
0.8956036
0.8937901
0.8951887
0.8986808
0.8803069
0.8791086
0.8751965
0.9021076
0.8810632
0.8838125
0.8969368
0.8945193
0.8942376
0.901239
0.8850818
0.9065345
0.8787014
0.9052594
0.9009705
0.9063753
0.9033987
0.9020964
0.9026764
0.9108935
0.8988268
0.8988076
0.9017316
0.9024836
0.8622658
0.9047176
0.8781319
0.9056353
0.8988556
0.8975357
0.8108779
0.8110047
0.8136538
0.8985877
0.9059694
0.9068583
0.8775466
0.8786566
0.895367
0.880086
0.9109544
0.8892152
0.8999328
0.8966766
0.8780267
0.9030734
0.8758995
0.9112518
0.9113835
0.9109064
0.9120698
0.9116665
0.9096722
0.9216803
0.8758189
0.898849
0.8892981
0.8935103
0.8998164
0.8865904
0.8872311
0.8744837
0.8879914
0.9009322
0.8605221
0.9122411
0.8886632
0.891022
0.9039375
0.9135816
0.924398
0.8041845
0.9159259
0.9109843
0.8929993
0.8928323
0.8912652
0.8891965
0.8849278
0.8901207
0.8895308
0.8879566
0.8900568
0.8901095
0.9001527
0.8990778
0.887167
0.8804935
0.8886732
0.8904406
0.8868614
0.8911442
0.8905004
0.8946248
0.8866231
0.8919079
0.8793407
0.88014
0.8893561
0.8929528
0.9117626
0.9180437
0.9209776
0.8947098
0.9113677
0.8698017
0.8973045
0.9117616
0.9111487
0.9093375
0.9086535
0.8962825
0.915363
0.8429407
0.8434015
0.8425022
0.8412151
0.8366444
0.8356843
0.8469054
0.840258
0.8372314
0.8387683
0.8440165
0.8935899
0.8447949
0.9010161
0.8946127
0.9170862
0.9157761
0.9044184
0.9037481
0.9041106
0.8438577
0.8922303
0.8924282
0.9177761
0.9188112
0.8842704
0.9080427
0.9058492
0.9236024
0.8236992
0.8130059
0.9160844
0.91275
0.9015708
0.9179971
0.9181213
0.9182972
0.9196087
0.9147161
0.9191061
0.9087949
0.9149146
0.9088003
0.9143709
0.9124969
0.8390173
0.8953865
0.9174764
0.9041953
0.9265755
0.9186254
0.9055516
0.9161709
0.9154579
0.9150421
0.8462322
0.8959504
0.9123771
0.9008339
0.9032898
0.8981898
0.8996416
0.9083975
0.9018441
0.902867
0.9024399
0.9020974
0.9033743
0.9040686
0.8915216
0.8948197
0.9127021
0.8865159
0.8971956
0.9001826
0.8988524
0.8979303
0.8968639
0.8978243
0.8962651
0.8980799
0.9068876
0.8985688
0.9008831
0.9005033
0.8944786
0.8987443
0.904875
0.9077867
0.9003078
0.9003354
0.9058438
0.8841448
0.8940283
0.9077124
0.906709
0.8956816
0.8953493
0.9070548
0.9004469
0.9145111
0.9052684
0.9108217
0.9049576
0.9090552
0.9066629
0.9130512
0.9049882
0.9030795
0.9053919
0.9073366
0.887553
0.9060441
0.8955865
0.9049011
0.9128534
0.9107263
0.8934847
0.8932471
0.8945315
0.9067167
0.903227
0.9015716
0.9038754
0.9050646
0.8943778
0.8987001
0.9100751
0.908373
0.9059648
0.9026463
0.9069045
0.8933882
0.8971389
0.9060156
0.9070811
0.9070219
0.90823
0.9073236
0.9068652
0.9204298
0.8970352
0.9015133
0.9018129
0.9009274
0.9077958
0.891424
0.9024494
0.8947804
0.9094467
0.9174759
0.8908077
0.9103065
0.90924
0.9036029
0.9078732
0.8994523
0.9108942
0.898917
0.9059704
0.8829275
0.8848487
0.9101771
0.900068
0.9023778
0.9002549
0.9036435
0.9003612
0.9062634
0.8987646
0.9000359
0.910139
0.9040069
0.895399
0.8972289
0.9001068
0.9034701
0.8956265
0.9028998
0.9006639
0.9047024
0.9056698
0.9060393
0.9002561
0.8970334
0.9034771
0.9054112
0.9007147
0.9028896
0.9045697
0.9033804
0.8889482
0.8927703
0.9035763
0.8930092
0.8942095
0.9108786
0.8836975
0.9060093
0.8990386
0.906272
0.9063108
0.9125687
0.9060172
0.9080912
0.9075778
0.9116961
0.9058162
0.9026664
0.9011738
0.9056644
0.8870939
0.9010514
0.8837752
0.9065543
0.9087743
0.9063188
0.8902134
0.8899793
0.8898251
0.9047837
0.9067191
0.9074763
0.9061989
0.9056158
0.8948067
0.8775981
0.9081936
0.9092485
0.9049818
0.8995311
0.9044566
0.909242
0.8749955
0.9146767
0.9142403
0.916658
0.9162293
0.9131684
0.9174205
0.918801
0.8957812
0.8936341
0.8845024
0.9005508
0.906153
0.8979461
0.900158
0.880827
0.9107582
0.9043466
0.8914491
0.9163197
0.8969972
0.8977848
0.9055066
0.8956387
0.8171734
0.8953568
0.8157133
0.8812432
0.885907
0.9040638
0.8977602
0.9021716
0.8955311
0.9044718
0.9029862
0.9006008
0.8949439
0.8935433
0.911146
0.8927612
0.8957138
0.8957543
0.8972158
0.8944527
0.8959038
0.8974628
0.8959085
0.899035
0.9015801
0.8969916
0.8931586
0.8934609
0.8971042
0.9005277
0.8890837
0.8187507
0.8158288
0.9023887
0.8868305
0.8886555
0.8915649
0.8890277
0.8888215
0.9040604
0.8844585
0.9037032
0.8384644
0.9036484
0.9005119
0.9024053
0.898179
0.9016288
0.9002858
0.9064743
0.9032717
0.8967366
0.9009556
0.9027203
0.772483
0.9038901
0.8822631
0.9064693
0.9034666
0.9018148
0.8643411
0.8641866
0.8651888
0.8999821
0.9077523
0.9066837
0.8009552
0.8027585
0.8922221
0.8835373
0.9087676
0.829227
0.9033833
0.8968571
0.8018178
0.9002666
0.8775205
0.9136575
0.9151118
0.9146039
0.9161374
0.9115205
0.9144739
0.9169635
0.8833297
0.8963791
0.8911652
0.8996686
0.9010497
0.8893611
0.8931314
0.8782258
0.862204
0.9031443
0.7733301
0.9135773
0.8991013
0.894386
0.901198
0.9073611
0.8477146
0.8952502
0.7699794
0.8782764
0.8831079
0.9043547
0.9018347
0.8982504
0.8934872
0.9002698
0.8995875
0.9023344
0.8963246
0.8958113
0.9093316
0.8998208
0.8949244
0.889814
0.8962741
0.8970243
0.8957167
0.8981936
0.8935028
0.9021566
0.8987672
0.9046547
0.8936998
0.8893369
0.8977991
0.9047002
0.8853059
0.7666257
0.7738284
0.9018472
0.8830572
0.893642
0.8983844
0.8914925
0.8915251
0.9103971
0.8910131
0.9091808
0.8245746
0.9011524
0.8985036
0.9038979
0.9006712
0.9004256
0.9005752
0.9041645
0.8979497
0.8968685
0.8957515
0.8998282
0.8108749
0.9015133
0.883938
0.9100099
0.8990409
0.8992146
0.8728792
0.8726413
0.8738788
0.9007434
0.9070913
0.9086135
0.8326958
0.8332397
0.8993206
0.8860499
0.9136452
0.8000617
0.900694
0.8930351
0.8320003
0.9106454
0.873827
0.9133324
0.914182
0.9154541
0.9163438
0.9162452
0.9158514
0.9197526
0.8813657
0.8945993
0.8919265
0.9016191
0.9035003
0.8971861
0.8912032
0.8822529
0.865077
0.9022473
0.6454182
0.9155489
0.895873
0.8932153
0.9013301
0.900294
0.8391559
0.907005
0.7886941
0.8786501
0.8879727
0.9057185
0.9045154
0.9094901
0.9052324
0.9057689
0.9123126
0.911844
0.8998082
0.8982609
0.9146978
0.896034
0.8982928
0.8967812
0.8981874
0.9001259
0.8982443
0.9002986
0.9032293
0.9031816
0.9058557
0.9032141
0.9030314
0.8985055
0.9014268
0.9036262
0.8879674
0.7932168
0.7805541
0.9074107
0.8861493
0.8936965
0.8930993
0.889498
0.8892135
0.9041057
0.8878583
0.9054396
0.8173106
0.9095999
0.9064592
0.9107457
0.9077522
0.9077147
0.9064993
0.9139883
0.9036692
0.8998968
0.9092828
0.9078658
0.8138878
0.9080974
0.881663
0.9089512
0.9016515
0.9006587
0.8719488
0.8708024
0.8728243
0.9085662
0.9120258
0.9107746
0.8275382
0.828047
0.8992427
0.8884851
0.9076055
0.7875583
0.9101175
0.9074702
0.8285983
0.9030812
0.881128
0.9140246
0.9145305
0.9149307
0.9146086
0.9125393
0.9135536
0.9186752
0.8773223
0.8983771
0.8913144
0.8999543
0.9114543
0.8967951
0.8959926
0.8845461
0.8607951
0.9055707
0.7312089
0.9112744
0.8913521
0.8958252
0.9073537
0.9079523
0.9237297
0.9213833
0.9195766
0.9111142
0.9211455
0.9179327
0.9211717
0.9237749
0.9229066
0.922216
0.9239032
0.9248213
0.9194759
0.9174163
0.92634
0.908171
0.9141262
0.9181156
0.9133247
0.9143088
0.9147057
0.9132932
0.9186605
0.9160338
0.9236106
0.9169447
0.9213356
0.9211434
0.9186923
0.919518
0.9229291
0.9195264
0.9130314
0.9219574
0.9169644
0.9083035
0.9090258
0.9166322
0.9157017
0.9098039
0.9102871
0.9276203
0.9144009
0.9248243
0.9231769
0.9244894
0.9249732
0.9225411
0.9237792
0.9298672
0.9220199
0.9230743
0.9299302
0.924222
0.9114098
0.9266505
0.9075923
0.9291837
0.9226115
0.9223809
0.9126757
0.9126712
0.9138587
0.9202166
0.9262736
0.9269486
0.9211176
0.9205729
0.9122881
0.9135178
0.9224931
0.9208026
0.919822
0.9225381
0.920545
0.9090041
0.9165853
0.9097345
0.909715
0.9101879
0.9086864
0.9063501
0.9082524
0.933976
0.9135409
0.9123066
0.9157062
0.9119219
0.9267027
0.9059769
0.916511
0.9094621
0.9208873
0.9271559
0.9150871
0.9137954
0.9204001
0.919916
0.9230557
0.8970652
0.8502983
0.9159161
0.8104735
0.8811438
0.896842
0.9164148
0.9078952
0.9138553
0.9128546
0.9172072
0.9141153
0.9174799
0.9070883
0.9024646
0.9212138
0.8962479
0.9037962
0.9074328
0.904878
0.9042194
0.9046227
0.9053365
0.9074148
0.9061395
0.9159733
0.9083668
0.9139335
0.9123689
0.9082925
0.908931
0.8898669
0.816526
0.8109202
0.911846
0.8915347
0.8986333
0.8990497
0.8935989
0.8928838
0.8999857
0.8926349
0.9154093
0.8292417
0.9206528
0.9168117
0.9209828
0.9154155
0.920951
0.920014
0.9246268
0.9170068
0.9127538
0.9154885
0.9179115
0.8352188
0.9202786
0.8851263
0.9131833
0.906948
0.9057717
0.8738782
0.8750823
0.875
0.9167636
0.918914
0.9174478
0.840082
0.8403098
0.8998988
0.8931484
0.9096509
0.8089001
0.9146019
0.9117097
0.8345704
0.9003029
0.8920401
0.9084326
0.9095246
0.9111493
0.9118513
0.9091548
0.9098806
0.9254006
0.8791924
0.9022986
0.8962231
0.8968627
0.9185718
0.8961306
0.8988692
0.8899393
0.8591208
0.9100103
0.7712609
0.9127695
0.9024791
0.9006916
0.9158569
0.902742
0.8996799
0.9015479
0.8909706
0.7738829
0.8513554
0.9136312
0.9137476
0.9118167
0.9096496
0.908822
0.9108886
0.9089137
0.9137432
0.9127339
0.9157936
0.9151993
0.9117689
0.9062601
0.9106984
0.9104494
0.9124325
0.9127154
0.9122813
0.9116762
0.910413
0.9186887
0.9093011
0.9069231
0.9129082
0.9114336
0.8685398
0.8889087
0.8917602
0.9130155
0.8202419
0.9035795
0.9159993
0.8540656
0.8536217
0.9189454
0.852665
0.9231964
0.8875539
0.907133
0.9027377
0.9066074
0.909271
0.903135
0.9016002
0.9100669
0.9083348
0.9048159
0.908604
0.9071799
0.8836709
0.9049213
0.8501139
0.9207372
0.8878458
0.8866997
0.8774052
0.8764311
0.8763906
0.905048
0.9205339
0.9205949
0.8943709
0.8967541
0.9083882
0.8427741
0.9229768
0.8946192
0.9040539
0.9009595
0.8969974
0.9146601
0.7973734
0.9174408
0.9180909
0.9168349
0.9179107
0.9161906
0.9181295
0.9237024
0.8681034
0.8612797
0.8499797
0.8813359
0.9077913
0.9015894
0.8696539
0.8116816
0.8985882
0.8700573
0.8844554
0.9156806
0.8619275
0.8314332
0.9083705
0.9025351
0.9013313
0.901814
0.8938748
0.7812278
0.8540067
0.9147802
0.9148223
0.9125764
0.9110489
0.9104435
0.9116575
0.9085888
0.9130341
0.9142398
0.9178985
0.9142126
0.9107469
0.9111614
0.9109214
0.9111388
0.9107872
0.9120863
0.9107489
0.915319
0.9097394
0.916586
0.9115325
0.9067161
0.9129766
0.9128231
0.8695953
0.8912278
0.8954307
0.9131618
0.824348
0.9083647
0.9138446
0.8556482
0.8537743
0.9177986
0.8512304
0.9217473
0.8886118
0.908907
0.905347
0.9108267
0.911341
0.9023816
0.9047128
0.9128893
0.9092517
0.9047281
0.909171
0.9112684
0.8878321
0.9048331
0.8560809
0.9259019
0.8871957
0.8875659
0.8779644
0.8768681
0.8772371
0.9063599
0.9209911
0.9203919
0.8989296
0.9000494
0.9119609
0.8467344
0.9230074
0.8983986
0.9038516
0.9039484
0.9004907
0.9162293
0.796691
0.9203623
0.9196961
0.9190456
0.9202695
0.9177653
0.9188711
0.9240748
0.8704371
0.8617195
0.8484357
0.8826432
0.9087905
0.9030744
0.8737839
0.8173827
0.8988891
0.8727718
0.8850076
0.9164436
0.8601844
0.8348342
0.9085152
0.9013146
0.8998629
0.8994774
0.8896611
0.7797784
0.8514614
0.9117165
0.9096472
0.9106442
0.908339
0.9080279
0.910443
0.9081493
0.9106484
0.9083827
0.914849
0.9114185
0.9084752
0.9045469
0.9075738
0.9080973
0.908866
0.9092045
0.9073701
0.9099416
0.9093808
0.9145904
0.9060859
0.904463
0.9100846
0.9078268
0.8668998
0.8883902
0.890602
0.9104633
0.821899
0.9029295
0.9107008
0.8569806
0.8561629
0.9181656
0.8524265
0.9202099
0.8885804
0.9052515
0.90469
0.9087869
0.9108334
0.9026145
0.9008055
0.9097051
0.9077783
0.9032487
0.9090877
0.9073976
0.8834262
0.901075
0.8527045
0.9202447
0.890663
0.889366
0.8783479
0.87623
0.8778668
0.9062001
0.9195005
0.9209599
0.8963199
0.8983416
0.9073955
0.8433194
0.9201825
0.8959034
0.9025409
0.9026241
0.8979635
0.9167169
0.7959718
0.916365
0.9175437
0.9145874
0.916118
0.9156421
0.9170947
0.9214673
0.8688131
0.8586818
0.8513111
0.8802149
0.9082028
0.8997234
0.8719206
0.8164966
0.9002119
0.8712291
0.8814211
0.9147053
0.8602139
0.8360613
0.9068475
0.9086569
0.9011213
0.8967912
0.9003817
0.8900382
0.8830191
0.9069976
0.9067035
0.905289
0.9014095
0.9026936
0.9059737
0.9058086
0.8985087
0.8983168
0.9151584
0.9067107
0.8981492
0.8955082
0.9029829
0.9023189
0.8983002
0.9008318
0.8994302
0.9058514
0.9035923
0.9071661
0.9001749
0.8998404
0.8984188
0.9030956
0.8915804
0.8962709
0.896436
0.9025784
0.8920595
0.8991538
0.9064313
0.8974804
0.8969291
0.9130573
0.8909591
0.9091907
0.8917478
0.9011299
0.8982889
0.9059264
0.9053742
0.8986327
0.8982329
0.9080066
0.902208
0.9029233
0.9019225
0.9024373
0.8746876
0.9001145
0.8897712
0.9102982
0.9045029
0.90305
0.8458799
0.8442109
0.8445921
0.9016236
0.909329
0.9068316
0.899067
0.900846
0.8996968
0.8957692
0.9125005
0.9029201
0.9009431
0.8964976
0.8977482
0.915643
0.8857847
0.9147793
0.9170204
0.9154959
0.9173286
0.9163995
0.9176246
0.9128042
0.8951848
0.8958686
0.8971223
0.8968246
0.9009632
0.8989528
0.8989454
0.8853889
0.9064576
0.9101807
0.8886004
0.9168389
0.8972797
0.8993227
0.9048194
0.887735
0.902845
0.906813
0.891953
0.8576712
0.879232
0.9113347
0.9095601
0.9085028
0.9087943
0.9090256
0.9103627
0.9141357
0.9033948
0.9024825
0.919375
0.8951279
0.8989866
0.9037361
0.8949915
0.8999528
0.899099
0.8996878
0.9016017
0.9002736
0.9124748
0.9023837
0.9019572
0.9010111
0.9035014
0.9017698
0.8882122
0.8978632
0.8890257
0.9018843
0.8739175
0.896845
0.8949039
0.8846708
0.8834934
0.9033403
0.877402
0.9079365
0.8921327
0.9164033
0.9101571
0.9139375
0.9134264
0.9127402
0.9117919
0.9161199
0.9132611
0.9079514
0.9093844
0.9141689
0.877957
0.9115003
0.8611805
0.9100192
0.9048923
0.904328
0.8854736
0.8844624
0.8861723
0.9087404
0.913226
0.9121273
0.8978123
0.8989831
0.8989013
0.8768379
0.907939
0.8977475
0.9086143
0.9105045
0.8969528
0.8962254
0.8618029
0.9110625
0.9117316
0.9121738
0.9132242
0.9130496
0.9135365
0.9236334
0.8796872
0.8903318
0.883555
0.8937794
0.9130884
0.8931759
0.8925694
0.8644751
0.9023914
0.9057541
0.8812927
0.9129541
0.8923495
0.8819966
0.9100068
0.9176496
0.927874
0.8996998
0.9209511
0.9181985
0.9087591
0.9020124
0.9050281
0.9044456
0.9060658
0.9085902
0.9070948
0.9054295
0.9042087
0.9013926
0.9120581
0.9039381
0.901618
0.9002438
0.9027573
0.9029609
0.9014528
0.9040815
0.902945
0.9061067
0.9067671
0.9003249
0.8984484
0.8980804
0.9055806
0.9061498
0.9262775
0.9195107
0.9181582
0.906355
0.9254096
0.8949532
0.9066894
0.9230369
0.9236766
0.911322
0.9151382
0.9052004
0.9188475
0.9055304
0.9038048
0.9066804
0.9038688
0.903864
0.9036183
0.9099576
0.9035479
0.905234
0.9053561
0.9061642
0.901934
0.9015371
0.9078484
0.9026003
0.9268572
0.926963
0.9112214
0.909633
0.9113049
0.9042181
0.9050443
0.9049696
0.9235512
0.9241544
0.9029547
0.9183889
0.9088204
0.9284704
0.9023815
0.9035172
0.9218538
0.9135582
0.91764
0.9198064
0.920716
0.9219787
0.9222292
0.9214534
0.9204514
0.9160624
0.9224153
0.9182246
0.9176405
0.9174803
0.9032131
0.905822
0.9235454
0.919061
0.9304842
0.9274169
0.9114023
0.9207676
0.9244437
0.9269425
0.9053414
0.9220885
0.9250191
0.8246044
0.9214823
0.9092955
0.8977306
0.8951174
0.8965984
0.8959337
0.8942605
0.896361
0.8955672
0.8922957
0.8972771
0.9012702
0.9053893
0.9054798
0.8961087
0.8857058
0.8992597
0.8990178
0.8958959
0.8991924
0.8988937
0.8989319
0.8890241
0.8988595
0.8887279
0.8840671
0.8963786
0.8979875
0.9143935
0.9172332
0.9196699
0.89135
0.9128969
0.8803937
0.9032317
0.9148428
0.9149213
0.9141669
0.9089114
0.8991017
0.9211013
0.7247269
0.7788712
0.8001173
0.7913996
0.7863935
0.7765936
0.7900777
0.8071819
0.7926344
0.785573
0.7835228
0.8974284
0.7764748
0.9082772
0.9014624
0.9134751
0.9118844
0.9052658
0.906166
0.9055474
0.8440033
0.8921689
0.8943056
0.9213522
0.9221893
0.8995266
0.9078313
0.91588
0.9244139
0.8411855
0.8296987
0.9192577
0.9202568
0.8961434
0.9211254
0.9221124
0.9209698
0.9223532
0.9224774
0.9221835
0.9079881
0.9154353
0.9106598
0.9121795
0.9155285
0.7252733
0.9029586
0.9182618
0.9069908
0.9287625
0.9181281
0.906514
0.915155
0.9168679
0.9178126
0.8481161
0.9042773
0.8462951
0.9106997
0.7923312
0.8805916
0.8900206
0.9103147
0.9120492
0.9137004
0.9101766
0.9150437
0.9152663
0.91494
0.9086162
0.9069001
0.9183098
0.9083466
0.9073075
0.9030655
0.9083552
0.9086836
0.9073842
0.9099403
0.9066714
0.908457
0.9096521
0.9105169
0.9068468
0.9080913
0.9101585
0.9105928
0.8835538
0.804108
0.8019749
0.9121675
0.8878705
0.9021204
0.9083021
0.8926727
0.8929014
0.9134248
0.8912598
0.9146894
0.8296053
0.9165176
0.9137477
0.9171799
0.9088699
0.9129762
0.9099327
0.9189865
0.912155
0.9064779
0.9082073
0.9120949
0.8321445
0.9169413
0.8892402
0.917468
0.9023729
0.9007267
0.8746772
0.8732938
0.8744817
0.9131657
0.9189557
0.9197518
0.8353234
0.8372412
0.9054117
0.8890402
0.9173267
0.8053202
0.9117351
0.9087013
0.8338116
0.9113475
0.8815185
0.9155853
0.9153347
0.9154324
0.9163168
0.9153913
0.9136089
0.9274717
0.8800647
0.898646
0.8923588
0.9030229
0.9156885
0.9019209
0.8959226
0.8881099
0.8665168
0.9052426
0.752728
0.9177561
0.8950227
0.8974341
0.9122653
0.9146465
0.8557331
0.9180736
0.8090559
0.8878191
0.901373
0.9215796
0.9231468
0.9254545
0.9180611
0.9233896
0.9237241
0.9240342
0.9219577
0.9193803
0.9253347
0.9228324
0.9208139
0.9166873
0.9214519
0.9232242
0.9212389
0.9229429
0.9218701
0.9244003
0.9229801
0.9266615
0.9197498
0.9195653
0.9220474
0.9227463
0.890425
0.8110684
0.8189229
0.9247613
0.8930895
0.9185442
0.9194866
0.9021819
0.9014143
0.926163
0.9058745
0.9273154
0.8371571
0.9194556
0.9189448
0.9233147
0.9199197
0.9194521
0.9202492
0.921576
0.9217725
0.9205204
0.9193754
0.9203896
0.8577689
0.9192361
0.9000424
0.9283812
0.9056959
0.9034996
0.8899096
0.8898341
0.8897198
0.917422
0.932089
0.9315965
0.8526588
0.8503186
0.9205761
0.8978375
0.9320402
0.818713
0.9207617
0.9170328
0.8520083
0.9232135
0.8920198
0.925476
0.9256255
0.9255432
0.9264149
0.9223082
0.9256536
0.934145
0.891101
0.9078857
0.8977634
0.9127445
0.921791
0.9165472
0.9030635
0.894025
0.8735159
0.9125931
0.7795808
0.9253355
0.9033961
0.9066718
0.9184041
0.9053922
0.9215611
0.9037666
0.9122566
0.9137354
0.9150308
0.8871098
0.8781677
0.8844182
0.8797046
0.8822423
0.8831765
0.8879352
0.8720507
0.8733803
0.8911025
0.8705022
0.8722353
0.8766098
0.870725
0.8710809
0.8724161
0.8725205
0.8709641
0.8737926
0.886971
0.8776268
0.8759824
0.8739833
0.8710416
0.8144537
0.9213708
0.9198643
0.9132086
0.8760983
0.9187089
0.8881327
0.8689908
0.9186605
0.9185125
0.8680903
0.9101773
0.9011987
0.9136106
0.9126009
0.9054979
0.9120349
0.9095293
0.9131876
0.9073298
0.914575
0.9060821
0.9072599
0.9029223
0.9099982
0.9015461
0.9081618
0.9066447
0.9037976
0.930803
0.9277386
0.9071984
0.9060987
0.9062253
0.9061693
0.9057215
0.9075813
0.9160697
0.9174521
0.8934447
0.9157473
0.9031982
0.9209763
0.9063118
0.900822
0.9165057
0.8686808
0.9115692
0.9097696
0.9114045
0.9122318
0.9130542
0.9131094
0.9121429
0.9142167
0.9171716
0.9161516
0.9152864
0.9134129
0.9106574
0.8977818
0.9216216
0.9104616
0.9209872
0.9285787
0.9065253
0.9166182
0.9237695
0.9232493
0.9087759
0.8919146
0.9091069
0.9101354
0.8965123
0.8846308
0.89188
0.9135785
0.9043144
0.9100779
0.9105099
0.9148138
0.9088446
0.9155694
0.9031682
0.8981607
0.9171168
0.8994105
0.8965416
0.9001793
0.8980073
0.896357
0.8968948
0.8987383
0.904174
0.8961348
0.9131202
0.9003414
0.9077776
0.9029459
0.9025163
0.9075421
0.8986211
0.9011618
0.8923605
0.9058071
0.889609
0.8890785
0.8960938
0.8961405
0.8947933
0.897581
0.8889214
0.9115709
0.8929708
0.9171934
0.9104809
0.9167519
0.9121309
0.9155005
0.9138207
0.9255449
0.911501
0.9054319
0.9138736
0.9183442
0.8838072
0.9133409
0.8806293
0.9100767
0.9120662
0.910665
0.8889616
0.8879953
0.8882419
0.9105079
0.913642
0.9105906
0.9018152
0.9011824
0.8950502
0.8931593
0.9040252
0.9055241
0.913755
0.9152608
0.8992019
0.8936955
0.8902306
0.9090009
0.9105978
0.9111942
0.9128979
0.9098039
0.9093794
0.9282823
0.8840716
0.8998797
0.8909944
0.8972106
0.9140759
0.895518
0.8970214
0.8795137
0.9018569
0.9121183
0.8829675
0.9164617
0.9001369
0.899532
0.9101788
0.9035671
0.9066099
0.9048464
0.897902
0.8644865
0.8767934
0.917184
0.914598
0.9192926
0.9167491
0.9164099
0.9205498
0.9142451
0.915056
0.9160521
0.9184396
0.9185427
0.9178068
0.9147158
0.9193729
0.918278
0.9176992
0.9179926
0.9145375
0.9182603
0.9165991
0.922116
0.917748
0.9146234
0.9171014
0.9140005
0.8922111
0.8999232
0.8997676
0.9233629
0.8639503
0.9137226
0.9168678
0.8780227
0.8779306
0.921069
0.8645303
0.9236399
0.8994101
0.9104294
0.9066306
0.9089008
0.9135088
0.9096738
0.9091227
0.9096959
0.9103079
0.9138674
0.9113986
0.9121114
0.896887
0.9077172
0.8805283
0.9275445
0.8964256
0.8946905
0.8888651
0.8870426
0.8876822
0.9070323
0.9194686
0.9188341
0.9023659
0.901898
0.915327
0.8722574
0.928325
0.9061545
0.9067054
0.9049538
0.9025657
0.9211776
0.8541214
0.9167757
0.9161157
0.9175556
0.9175766
0.9183723
0.9170132
0.9277675
0.8935915
0.8828177
0.8800724
0.8928659
0.9098571
0.9101219
0.8864742
0.8657794
0.9094849
0.8911856
0.8897478
0.9143568
0.8755827
0.8786352
0.9110653
0.9123026
0.9212372
0.8240155
0.9120326
0.9057373
0.8950258
0.8887505
0.8880229
0.8875628
0.887145
0.8881536
0.8875938
0.8881896
0.8914242
0.8916795
0.8995899
0.8954188
0.8887092
0.8829487
0.8911292
0.8896897
0.8883656
0.8901489
0.8911332
0.889592
0.8889052
0.8933958
0.8822302
0.8845798
0.8925165
0.8881661
0.9102713
0.9157246
0.9130958
0.8892244
0.909791
0.8752578
0.8950317
0.9066968
0.9067731
0.9058828
0.9030098
0.8932775
0.9136118
0.8511791
0.8521565
0.8546652
0.8520031
0.8494527
0.8489793
0.8571057
0.8480827
0.8507524
0.8529894
0.8500282
0.8916281
0.848679
0.9023121
0.8943751
0.9145251
0.9128272
0.8993598
0.8996369
0.8997627
0.8536156
0.8916698
0.8936376
0.9149995
0.9149398
0.8812996
0.9017621
0.9081316
0.9190322
0.8340531
0.8301348
0.9146354
0.9098255
0.8944113
0.913233
0.9120253
0.9114334
0.913172
0.9133033
0.9139031
0.9092418
0.9121569
0.9041284
0.9076788
0.907642
0.8498511
0.8950332
0.9146479
0.9014009
0.9247166
0.915902
0.8993604
0.9105931
0.9138758
0.910404
0.850866
0.9063179
0.8624146
0.9052277
0.8467799
0.8821462
0.8776198
0.9056651
0.9048166
0.906494
0.8998262
0.9041899
0.9058161
0.9057688
0.899877
0.8998047
0.9101508
0.9068672
0.8990392
0.9006483
0.9001937
0.8993235
0.8985135
0.8999317
0.9034936
0.9004734
0.9060771
0.9073211
0.9009851
0.896936
0.9016926
0.909338
0.8810482
0.8484178
0.8430493
0.9043638
0.8881468
0.8969177
0.90413
0.8863636
0.8879424
0.9122393
0.8903862
0.9126793
0.8543874
0.9089653
0.9077074
0.9088127
0.9061116
0.9036205
0.9081485
0.911147
0.9054049
0.9053734
0.91011
0.9050174
0.841346
0.9079657
0.8835676
0.9115212
0.8991888
0.8995961
0.8665662
0.8658286
0.8687376
0.9078933
0.9136204
0.9149705
0.8513489
0.8535834
0.9018839
0.8847111
0.9110981
0.8575351
0.9065972
0.9005503
0.8493747
0.9108382
0.8787669
0.9180789
0.9182017
0.9181881
0.9187734
0.9154366
0.9172648
0.9188835
0.8774471
0.8961199
0.8882723
0.9007553
0.9077639
0.8961904
0.8959844
0.8788131
0.836916
0.9025721
0.8214817
0.918246
0.8905485
0.8936564
0.9094984
0.8880717
0.9062346
0.9123823
0.8937543
0.8849228
0.8961237
0.9125
0.9074195
0.9129645
0.9107602
0.9116371
0.9107471
0.9156234
0.9029802
0.8997407
0.9201456
0.8982844
0.900572
0.9018382
0.9011295
0.9010921
0.9009259
0.9021428
0.90034
0.8933059
0.9140346
0.9043752
0.9032684
0.9032376
0.8994009
0.9084237
0.8989462
0.9033551
0.8981418
0.9074874
0.8907821
0.890281
0.8963889
0.8979213
0.896894
0.8971936
0.8915215
0.9104615
0.893811
0.9220325
0.9149295
0.9193202
0.9130342
0.9155535
0.9138348
0.9237915
0.9139499
0.9089517
0.9138108
0.9199674
0.8846337
0.9170988
0.8778362
0.9100904
0.913731
0.9108711
0.8875127
0.8865036
0.8882903
0.9142786
0.9119874
0.9139891
0.9004198
0.9013104
0.8931186
0.8932084
0.9046065
0.902465
0.9169201
0.9163486
0.9020298
0.895278
0.8931384
0.9098233
0.9106494
0.9116299
0.9119526
0.909971
0.9107369
0.9290987
0.8881503
0.8979396
0.8941727
0.8983967
0.9170638
0.8944416
0.8977032
0.8816024
0.9033118
0.914532
0.8812573
0.9134694
0.9035456
0.9002107
0.9146
0.9142319
0.7651106
0.919646
0.8516703
0.8974783
0.900375
0.9229407
0.9200726
0.9215991
0.9212304
0.9226133
0.9229431
0.9266324
0.9202729
0.9166345
0.9249991
0.9185418
0.9198882
0.9193418
0.9200805
0.9190319
0.9200475
0.9196143
0.9204104
0.9230528
0.9175947
0.9202771
0.9229176
0.9209476
0.9214193
0.9201619
0.8951365
0.8521002
0.8490711
0.9243882
0.8988748
0.9130158
0.9177928
0.9002848
0.9001286
0.9267482
0.9008148
0.9244526
0.8635565
0.9219753
0.919226
0.9235795
0.9223916
0.9202196
0.921495
0.9232507
0.9216368
0.9207975
0.9222839
0.9204447
0.8450694
0.9206771
0.9018754
0.9238393
0.9066792
0.9040762
0.887795
0.8881943
0.8887113
0.9181994
0.9256297
0.9277745
0.6979766
0.6932624
0.9159875
0.8968162
0.9272863
0.8551018
0.9180557
0.9188147
0.6985851
0.923333
0.8960195
0.9216991
0.9222567
0.9219517
0.9227857
0.9207363
0.9222158
0.9319406
0.8922034
0.9060352
0.9013411
0.9129765
0.9220645
0.9147652
0.9022292
0.9000245
0.8798186
0.9077387
0.8325134
0.9213009
0.9005484
0.908254
0.9198084
0.9076578
0.9240109
0.8880837
0.9132975
0.9150236
0.9055138
0.8756024
0.8728263
0.8671248
0.862675
0.8665665
0.8664653
0.8718619
0.8591356
0.857813
0.8746634
0.8563779
0.8539502
0.8559611
0.8563632
0.8596425
0.8540352
0.8599939
0.8607894
0.8576715
0.8690912
0.8637561
0.8553128
0.857454
0.8578456
0.875089
0.9199676
0.9183027
0.9143753
0.8505416
0.9189688
0.8780865
0.8156805
0.9180045
0.9185031
0.8671264
0.9108365
0.8986355
0.9131572
0.8997749
0.895361
0.9022575
0.8987718
0.8999964
0.8999891
0.9061067
0.8997213
0.8973106
0.8996396
0.9027743
0.8880298
0.8956534
0.9061475
0.8975447
0.9258934
0.9263394
0.9092966
0.9089015
0.9093032
0.9047224
0.900279
0.901629
0.9173478
0.9193775
0.8914823
0.9131693
0.9078903
0.9204849
0.8978752
0.8933096
0.918243
0.8714029
0.9043714
0.9111916
0.912751
0.9130419
0.9124805
0.9134609
0.9137194
0.9140696
0.917501
0.9156753
0.9144974
0.914988
0.9023568
0.8948506
0.9226515
0.9118927
0.9271755
0.9266294
0.9002099
0.9176418
0.9237072
0.9178184
0.9035689
0.9185872
0.9265081
0.8435821
0.9237149
0.9164866
0.9037792
0.9031684
0.9023937
0.9099782
0.9032963
0.9044308
0.9067459
0.9028127
0.9094306
0.9082298
0.9077174
0.9127978
0.9045054
0.898545
0.9069257
0.9123791
0.9041497
0.9120503
0.9092108
0.9081455
0.9038043
0.9085571
0.9034302
0.8995759
0.9067703
0.9042117
0.9206251
0.9204448
0.9206893
0.9033505
0.9176295
0.8898685
0.9092016
0.91677
0.9156144
0.9230716
0.9107677
0.9110878
0.9201606
0.7944971
0.7861526
0.8198504
0.8163623
0.8030753
0.8030338
0.8073692
0.8219816
0.8127428
0.7871754
0.808215
0.907082
0.7863067
0.9118977
0.9103293
0.9179886
0.9158409
0.9108689
0.9091834
0.9087717
0.8648204
0.904119
0.9092221
0.9202583
0.922081
0.9005752
0.913086
0.9196608
0.9248555
0.8559919
0.8485218
0.9214266
0.9238368
0.900765
0.9229977
0.9232246
0.9230664
0.9233885
0.9219195
0.923919
0.9145785
0.9198234
0.9128147
0.9158431
0.9156863
0.7974384
0.9098931
0.9171741
0.9162963
0.9312751
0.9213718
0.9105905
0.9175728
0.9167393
0.9205775
0.8701996
0.9040832
0.8418911
0.9041587
0.7970119
0.8786722
0.8805528
0.9055003
0.9053195
0.9075335
0.9040245
0.9065667
0.9074944
0.9115468
0.9009002
0.90047
0.9157144
0.8993977
0.8995449
0.9001994
0.9034105
0.9056941
0.8997759
0.906023
0.9021366
0.9066298
0.905558
0.9070768
0.9011345
0.8991627
0.9042542
0.9045497
0.8855577
0.7974879
0.7946561
0.9074274
0.8834776
0.8983526
0.9030466
0.8885287
0.8888374
0.9073818
0.8921328
0.908938
0.8218072
0.9053886
0.9085027
0.9103019
0.9045506
0.9052475
0.9032499
0.9110268
0.9065987
0.8995624
0.9057183
0.9055149
0.8249674
0.9084235
0.8809532
0.911476
0.8993339
0.8970834
0.871518
0.8719412
0.8719403
0.9064141
0.9134588
0.912331
0.836057
0.834683
0.9025057
0.8841292
0.9085819
0.7914519
0.9052119
0.9054776
0.8333209
0.9079939
0.880336
0.9144182
0.9150743
0.9151722
0.9161355
0.9142608
0.9163223
0.9181521
0.8788032
0.8999018
0.8921986
0.9012471
0.9059686
0.8954616
0.8957755
0.8853698
0.8609456
0.903661
0.7464663
0.9119187
0.8949501
0.8948229
0.906364
0.9107583
0.9283261
0.8905897
0.9218157
0.9253462
0.9122439
0.8928143
0.8877721
0.8935901
0.8927951
0.8957914
0.8937282
0.8971765
0.8853324
0.8888889
0.9070775
0.8914194
0.8873847
0.8890364
0.8891766
0.8899455
0.8866503
0.8897913
0.8857859
0.8912715
0.8935722
0.8901813
0.8876096
0.8843154
0.8898798
0.8921462
0.9239963
0.92176
0.9189082
0.8871952
0.9261015
0.8774521
0.8911109
0.9214978
0.922736
0.9037097
0.9150905
0.7468239
0.9210009
0.9013783
0.8971518
0.9072473
0.8993799
0.9016823
0.8984254
0.9042444
0.9002249
0.8980532
0.898522
0.9053522
0.8894429
0.8965748
0.9088943
0.7530105
0.9302259
0.9280815
0.9102151
0.9093338
0.9105007
0.8990463
0.8263088
0.82479
0.9237222
0.9255686
0.888118
0.9199291
0.892864
0.9255827
0.8999818
0.8965912
0.9258546
0.9019513
0.9183785
0.92118
0.9224221
0.9222564
0.924172
0.9206326
0.9214544
0.9040524
0.9243282
0.9185806
0.9232278
0.915447
0.9021
0.8974894
0.9301629
0.9208885
0.934006
0.929119
0.9090078
0.9184393
0.9272406
0.9261815
0.8990074
0.9102919
0.9221343
0.9114429
0.9133224
0.9108082
0.913927
0.9209728
0.9126806
0.9189388
0.9175993
0.9149494
0.9181747
0.9206876
0.9123623
0.9106503
0.9222712
0.9068798
0.909413
0.9181018
0.9103708
0.9076297
0.9096086
0.908893
0.9113262
0.9141827
0.9177922
0.9178117
0.9141821
0.9161523
0.9094982
0.9143997
0.9142389
0.9170136
0.9141173
0.9153613
0.9172059
0.9065427
0.9086542
0.912945
0.9132873
0.9091391
0.9086547
0.9169539
0.9139022
0.9219319
0.9141794
0.9171701
0.9182758
0.9152471
0.9169007
0.9191715
0.9167456
0.9139547
0.9144348
0.9186353
0.9090133
0.9146776
0.904728
0.9163973
0.9180596
0.9191409
0.9106165
0.9099198
0.9102763
0.913716
0.9180564
0.914789
0.914411
0.9160854
0.9115634
0.9105525
0.9186514
0.9193168
0.9117064
0.9153528
0.9163887
0.9108516
0.911773
0.8788784
0.8798146
0.8793339
0.8787508
0.8786275
0.8798263
0.9253042
0.9106304
0.9153269
0.9136738
0.9063003
0.9194841
0.908466
0.9182572
0.9135421
0.9210845
0.924168
0.9096432
0.8875104
0.9202929
0.9193173
0.9162836
0.9125467
0.9231794
0.9126929
0.9185347
0.9122166
0.9137481
0.911344
0.9081297
0.9122081
0.9152812
0.9136955
0.9127433
0.9164386
0.9065534
0.9059487
0.9199111
0.9095648
0.9075231
0.9124584
0.9054073
0.9069333
0.9074839
0.9083086
0.910284
0.9089047
0.916035
0.917169
0.9142569
0.9120685
0.9057018
0.9073123
0.9169448
0.916123
0.9148929
0.9090688
0.9156774
0.9017189
0.9081469
0.9123595
0.9129848
0.9068308
0.9057066
0.9171666
0.9144588
0.9117577
0.9157863
0.915094
0.9143879
0.9147689
0.9142672
0.9182466
0.9123776
0.9126306
0.9135421
0.9150641
0.9079378
0.9136971
0.9085983
0.9165145
0.9210668
0.921312
0.9072161
0.9055243
0.9062843
0.9135449
0.913842
0.9139706
0.9210209
0.9191499
0.9091255
0.9152588
0.9192627
0.9179937
0.9084364
0.9087247
0.9205338
0.909003
0.9116631
0.8605393
0.8603243
0.8613245
0.8623766
0.8622629
0.8595541
0.9224477
0.9152353
0.9121204
0.914822
0.9107528
0.9126922
0.9053662
0.9142461
0.9122318
0.9228554
0.9208872
0.9091531
0.8675719
0.9162382
0.9195193
0.9132627
0.9054001
0.9017569
0.9152554
0.8973986
0.842226
0.8761352
0.9187513
0.9156064
0.9214717
0.9161959
0.9193047
0.9203151
0.9156856
0.9130435
0.9129283
0.9192148
0.9162166
0.914719
0.9144864
0.9166755
0.9150554
0.9148009
0.9162672
0.9175236
0.9171095
0.920933
0.9218214
0.9166218
0.9146263
0.9126356
0.9128322
0.8834292
0.8970302
0.8947952
0.9185943
0.8451189
0.9090416
0.9173637
0.875812
0.8764479
0.9198219
0.8756787
0.9259606
0.8968226
0.9173714
0.9129889
0.9170457
0.9148764
0.9133936
0.9139099
0.9188623
0.9162769
0.9100279
0.9137332
0.9181326
0.8938107
0.9125495
0.8729432
0.9245631
0.8998581
0.8996805
0.8908868
0.8911298
0.8924909
0.9132768
0.9247983
0.9245547
0.9014144
0.8997777
0.9117752
0.8627682
0.9240749
0.8950749
0.9124438
0.9079794
0.899947
0.9150856
0.8525734
0.9210882
0.9205716
0.9203721
0.9210334
0.9192449
0.9189967
0.9287526
0.8827852
0.8901333
0.878985
0.8910828
0.914125
0.9089061
0.8868663
0.8603863
0.9043962
0.8903774
0.8871713
0.9161975
0.8809706
0.8725476
0.9128319
0.9213499
0.9253567
0.8295367
0.917823
0.9110213
0.8953926
0.8992262
0.8997825
0.9005519
0.8965593
0.8983791
0.9000797
0.8974537
0.9002615
0.9003485
0.9045322
0.9104136
0.8989005
0.8914407
0.9015261
0.9046506
0.8983322
0.905178
0.9034153
0.9030494
0.8958925
0.907181
0.8913812
0.8875363
0.8994915
0.8976835
0.9187803
0.915661
0.9198584
0.8980268
0.9115944
0.8905064
0.9068416
0.9119078
0.9122899
0.9186689
0.9102217
0.9081292
0.9211293
0.7809505
0.7881564
0.8058853
0.796908
0.7778928
0.7792832
0.7905337
0.8073387
0.7965155
0.7965157
0.6536031
0.901532
0.7894882
0.9093947
0.9063501
0.9141604
0.91151
0.9059783
0.9055864
0.9067251
0.8499944
0.8970832
0.9014597
0.9201043
0.921351
0.8985366
0.9080974
0.9191383
0.925575
0.8473491
0.8331252
0.9194098
0.9248253
0.8998529
0.9205902
0.919471
0.9210362
0.9220739
0.9194942
0.9213074
0.9088457
0.9160303
0.9075142
0.910968
0.9127521
0.7708459
0.9086325
0.9191767
0.9103497
0.9310689
0.9177295
0.9073719
0.9157712
0.9149696
0.9186924
0.8519763
0.9194452
0.9274527
0.8307307
0.9211031
0.9087087
0.8930678
0.9016755
0.898923
0.8943754
0.8928427
0.8927025
0.8943562
0.892142
0.9008448
0.8981647
0.9007573
0.9076446
0.90008
0.8901702
0.8981713
0.9005613
0.8998726
0.900974
0.9011297
0.9043144
0.8924227
0.9029123
0.8903107
0.8848046
0.8998324
0.8960902
0.9147172
0.9180368
0.9216436
0.8927864
0.9118428
0.8856379
0.906087
0.9088988
0.9093982
0.9191267
0.908518
0.9017013
0.920799
0.7748557
0.7663403
0.8078219
0.7999373
0.7895965
0.78293
0.7920003
0.810946
0.8021605
0.7590794
0.7846301
0.8996929
0.7675619
0.9074187
0.9014429
0.9123475
0.9109887
0.9103399
0.9101811
0.9105402
0.853134
0.8968515
0.8987243
0.9194308
0.9194425
0.8950208
0.9096176
0.9150605
0.9284207
0.8383695
0.8309372
0.9185064
0.9261368
0.9010207
0.9226267
0.9205286
0.9212692
0.9214448
0.9199874
0.9224779
0.910466
0.9167076
0.9087438
0.9142607
0.9112482
0.7742842
0.9017074
0.9176991
0.9124823
0.9290338
0.9185429
0.908466
0.9146525
0.9147276
0.9146624
0.8528356
0.9125338
0.9224463
0.8332757
0.9157983
0.903954
0.8978255
0.8984678
0.8914967
0.8971498
0.8946579
0.8947025
0.8970396
0.8921356
0.8967316
0.8929055
0.9010123
0.8928097
0.8959714
0.8889421
0.8937151
0.8971905
0.8954778
0.8966843
0.893783
0.8941925
0.8916862
0.8983851
0.890144
0.8900154
0.8932934
0.8910301
0.9111947
0.9150713
0.9151223
0.8968184
0.9116452
0.8776592
0.8937721
0.9123016
0.9116162
0.9111734
0.9042904
0.9005776
0.9119336
0.8588678
0.8552258
0.857693
0.8602079
0.8551531
0.8540383
0.8681912
0.8589844
0.8592557
0.8551811
0.8585369
0.895969
0.8538813
0.8977955
0.9024336
0.9189605
0.9154583
0.9043826
0.9016358
0.9032143
0.8585411
0.896102
0.8976064
0.918319
0.917729
0.8840473
0.9048382
0.9091043
0.9253783
0.8402027
0.8388131
0.9161076
0.9079915
0.9021392
0.9090973
0.909615
0.9106691
0.9114111
0.9087451
0.912148
0.9092087
0.9105456
0.9072544
0.9108269
0.9113202
0.8571001
0.8963145
0.9122338
0.9066104
0.921806
0.9175254
0.9043779
0.907307
0.9155612
0.9104073
0.8573022
0.9034276
0.8988112
0.9031853
0.8927734
0.8411482
0.8567001
0.9139487
0.9137562
0.9142051
0.9132909
0.9113551
0.9145451
0.911008
0.9136354
0.915496
0.917567
0.9173488
0.914532
0.9109085
0.916372
0.9147147
0.9150005
0.9150786
0.9153989
0.9173045
0.912837
0.9201214
0.9097861
0.9130404
0.9150499
0.9162815
0.8805986
0.8888216
0.8925031
0.9143061
0.8458125
0.9103558
0.9158114
0.8681805
0.8685747
0.9206127
0.866583
0.9242441
0.8917317
0.9062544
0.9015591
0.9070079
0.9092451
0.8993929
0.9002888
0.9082359
0.907885
0.9094274
0.9081176
0.9082403
0.8867068
0.9005965
0.8581965
0.925172
0.8860841
0.8866538
0.8796105
0.87917
0.8795785
0.9036239
0.9218924
0.9214121
0.8952978
0.8968562
0.9110493
0.7879727
0.9243752
0.8990152
0.8992504
0.8970641
0.8938125
0.9217836
0.8278015
0.9188739
0.9185458
0.9198821
0.9203927
0.916913
0.9193699
0.9250309
0.8838513
0.8746951
0.8586615
0.8862342
0.9075338
0.9077948
0.8758416
0.843212
0.9056133
0.879193
0.8831192
0.9168612
0.8647115
0.8613553
0.9077663
0.9152561
0.9269427
0.8873475
0.917898
0.9140763
0.8952932
0.8887734
0.8898144
0.8929161
0.8936875
0.893293
0.8949297
0.89829
0.8964124
0.8940451
0.9043854
0.8951996
0.8916209
0.8884941
0.892533
0.8961896
0.8915654
0.895715
0.8918073
0.89719
0.8948597
0.89542
0.8869166
0.8862181
0.898525
0.8896698
0.9181421
0.9190727
0.9128814
0.8898751
0.91266
0.8810946
0.8962919
0.914667
0.915093
0.9065201
0.9063273
0.8947846
0.9169822
0.8927732
0.8943278
0.899395
0.8967052
0.8980985
0.8932103
0.8984692
0.9014673
0.902318
0.8948632
0.8960749
0.8954779
0.8968721
0.9064063
0.8936783
0.9192644
0.9190236
0.9035537
0.9035524
0.90368
0.8955644
0.8906032
0.891639
0.9192237
0.9231148
0.8888724
0.9120934
0.8990687
0.9206921
0.889549
0.8884776
0.9204268
0.9097624
0.9050592
0.9132927
0.9139261
0.9128654
0.9135794
0.9129769
0.9155883
0.9017847
0.9174638
0.9092038
0.9108921
0.9119338
0.8936483
0.8933864
0.9136411
0.9159463
0.9249595
0.9239326
0.9084576
0.9111473
0.9128493
0.9157411
0.8967403
0.9081585
0.9258095
0.9164589
0.9174889
0.9215979
0.923289
0.8952774
0.8918679
0.894808
0.8914547
0.8940558
0.8943441
0.8971227
0.8851828
0.8816898
0.8976262
0.8723283
0.8790706
0.8826575
0.8791581
0.878609
0.879172
0.879038
0.8854206
0.8806328
0.8937824
0.8798159
0.8831501
0.8885493
0.8826368
0.888926
0.9226919
0.921098
0.9100592
0.8830994
0.9242285
0.8965081
0.8708068
0.9254181
0.9251228
0.8720926
0.9176749
0.9077927
0.9184091
0.9240628
0.9169346
0.9239522
0.9191155
0.9202911
0.9203407
0.9242596
0.9169019
0.9146808
0.922538
0.9208705
0.9015467
0.9209183
0.911443
0.9102211
0.9282703
0.9288299
0.9137096
0.9124174
0.9134819
0.9182419
0.9130162
0.9114635
0.9211731
0.9214866
0.9028622
0.9195955
0.9061624
0.9226333
0.9182452
0.9161021
0.9194806
0.8076465
0.9211559
0.9134311
0.9148325
0.9157011
0.9161437
0.9148513
0.9149147
0.9248077
0.9217232
0.922999
0.9203842
0.9189655
0.9205021
0.8989241
0.922528
0.9170049
0.9206702
0.9316269
0.9072325
0.9157532
0.9328866
0.9259051
0.9209805
0.9175933
0.9292067
0.8928773
0.9267388
0.9237169
0.9156631
0.9004513
0.8945805
0.8981832
0.8962983
0.8996984
0.8991125
0.8983876
0.8886151
0.8893854
0.9073381
0.8958784
0.8873741
0.8842398
0.8887093
0.8880133
0.8872716
0.8884868
0.890249
0.8963571
0.8985518
0.8940061
0.8903953
0.8881971
0.8928895
0.8919337
0.9236504
0.9249902
0.921752
0.8952388
0.9266846
0.8863497
0.8999018
0.9232695
0.9239294
0.9056964
0.9166667
0.5889712
0.9253449
0.9031734
0.8991302
0.9134556
0.8994271
0.9050899
0.9005468
0.9085766
0.9011658
0.9016267
0.9032116
0.9081021
0.8962313
0.90172
0.9114318
0.7029149
0.9325215
0.932062
0.9135009
0.9136943
0.9139039
0.9006395
0.8290996
0.8246341
0.9227604
0.9247672
0.8911234
0.9211364
0.8984207
0.9266588
0.9004297
0.8981406
0.9234374
0.9049775
0.920455
0.9238041
0.9252697
0.9255289
0.9268258
0.9248381
0.9243019
0.9053722
0.9244843
0.922921
0.9259892
0.9196278
0.9012968
0.8990539
0.9255701
0.9201836
0.9339833
0.9305454
0.9109827
0.9213757
0.9274787
0.9269156
0.8991761