0.8984259
0.8853785
0.8975269
0.889333
0.7543529
0.9188017
0.9035835
0.9060945
0.8849459
0.907124
0.911476
0.8644209
0.8142327
0.8856647
0.9071477
0.9071599
0.9123615
0.8964687
0.8955584
0.8980322
0.8903359
0.9084102
0.9116999
0.9137323
0.8926922
0.9116146
0.8808177
0.9095677
0.8873895
0.9040239
0.9054234
0.8998566
0.9128023
0.8852412
0.8890962
0.8862282
0.8898159
0.8873305
0.8869394
0.8862471
0.8870551
0.9189668
0.9155809
0.9122801
0.9137325
0.8882771
0.9173407
0.9153384
0.9181995
0.940826
0.9180862
0.9301318
0.9152712
0.9063997
0.9158469
0.9088258
0.8462459
0.9168262
0.8124211
0.9190464
0.9192673
0.9211345
0.9201948
0.8162742
0.9100328
0.7872289
0.9270109
0.9293095
0.8901043
0.9207559
0.908698
0.8487889
0.9211285
0.9194893
0.8482095
0.9133886
0.9009571
0.918371
0.8517272
0.9411886
0.9113702
0.8482796
0.9023964
0.9067742
0.9045486
0.9187142
0.9189514
0.919263
0.9155354
0.9177675
0.890738
0.9102385
0.9098299
0.905173
0.910058
0.8571048
0.8547898
0.8675047
0.8898482
0.8558794
0.8510678
0.8491243
0.8877496
0.9187481
0.8944534
0.9120006
0.8542227
0.9120475
0.9007315
0.9157534
0.9024286
0.8504468
0.9120069
0.9025575
0.9119576
0.8659574
0.8664653
0.8905003
0.8620881
0.8978253
0.912069
0.8954417
0.8458722
0.9082021
0.8743991
0.8995277
0.858602
0.90832
0.8999964
0.8843506
0.9147575
0.8866782
0.8694367
0.8608305
0.8543824
0.8549399
0.854908
0.8531356
0.8527178
0.9170115
0.9094016
0.9078128
0.9077214
0.8628075
0.91415
0.9154388
0.9183302
0.9013827
0.8878334
0.9040685
0.8964592
0.8320863
0.9238743
0.9118623
0.9159493
0.889394
0.9187268
0.9193677
0.8980762
0.8630903
0.8910895
0.920085
0.9182701
0.9186051
0.8941711
0.8968229
0.9055196
0.8938132
0.9128131
0.9201395
0.9156105
0.8876905
0.916643
0.8903672
0.9125175
0.8954678
0.9180712
0.9085615
0.9049574
0.9194156
0.892095
0.8940698
0.8896719
0.8932777
0.8925092
0.8922797
0.8926548
0.8933818
0.9255644
0.9174764
0.9159684
0.9137741
0.895163
0.9215499
0.9225983
0.9256326
0.9315846
0.9099083
0.921687
0.912549
0.8990895
0.9187873
0.8895657
0.8500671
0.9092558
0.8326702
0.8972809
0.9235554
0.9187613
0.9070417
0.8361656
0.8991476
0.8471347
0.9281814
0.9294629
0.8950232
0.9200392
0.8842557
0.8570028
0.898611
0.9128905
0.8545606
0.9171102
0.9002691
0.9149845
0.8432163
0.9391134
0.9161472
0.8626315
0.9051162
0.908352
0.9053191
0.9110054
0.9088872
0.9085444
0.9078077
0.9106338
0.892238
0.9117217
0.9121545
0.9096756
0.9062656
0.8525151
0.8583934
0.8643807
0.9363643
0.9108581
0.9229423
0.9129165
0.904302
0.9137788
0.9027644
0.8600661
0.910362
0.8279416
0.9107471
0.925763
0.9222319
0.913059
0.8333462
0.9059522
0.8388636
0.9248597
0.9287204
0.8985334
0.9231011
0.9013709
0.8511098
0.9099882
0.9198885
0.8508525
0.9147705
0.9030191
0.9179763
0.8519406
0.9373585
0.9175931
0.8590395
0.9058786
0.9115538
0.9054237
0.9132621
0.9126186
0.9126633
0.9101155
0.9128142
0.8966545
0.912497
0.9075332
0.9098115
0.9072227
0.8567266
0.8581227
0.8635597
0.9337333
0.9126203
0.9256299
0.9157204
0.9073699
0.9196776
0.9088498
0.8603505
0.9126265
0.8390474
0.9150237
0.9248865
0.9246421
0.9128919
0.8389553
0.9119372
0.8490923
0.9277899
0.9304067
0.8972969
0.9190513
0.9078627
0.8520536
0.9151343
0.9178116
0.8568402
0.9196024
0.9074998
0.9170095
0.8613667
0.9390766
0.9171269
0.8613959
0.9094176
0.9103826
0.9066624
0.9196328
0.9184234
0.9184291
0.9167048
0.9185024
0.9020487
0.9151956
0.9153469
0.9099536
0.9135724
0.8691554
0.8609127
0.8706425
0.9187083
0.8897328
0.9070306
0.8994253
0.8943448
0.9122831
0.902585
0.8965431
0.891144
0.8952935
0.9100529
0.9221407
0.9128181
0.896433
0.8945363
0.9112212
0.8975082
0.9110165
0.9128854
0.8549995
0.9034742
0.9009578
0.9023918
0.9031626
0.8991085
0.8926789
0.8978009
0.9001155
0.9004239
0.8941256
0.9234358
0.9034887
0.9008062
0.9003181
0.8965384
0.8880206
0.8953741
0.8987832
0.8988286
0.8969968
0.8958996
0.9026383
0.9027167
0.9040782
0.8985552
0.8908779
0.901816
0.9012786
0.9035941
0.8825273
0.8328393
0.8685662
0.8608988
0.8794272
0.9177108
0.8907306
0.9085029
0.8295164
0.9099128
0.8968833
0.9178469
0.900716
0.8395836
0.9112426
0.8964578
0.9137266
0.857164
0.8585178
0.892616
0.8470869
0.8936703
0.9139974
0.8969322
0.8189705
0.911417
0.8637948
0.9086029
0.8378317
0.9064889
0.8956485
0.8801337
0.9118689
0.8834121
0.8698729
0.8274375
0.8369882
0.8402914
0.8401721
0.8410007
0.8378409
0.9166271
0.9082102
0.9145127
0.9077493
0.8455339
0.9155304
0.9119504
0.9135758
0.8967093
0.853725
0.8847046
0.8762189
0.8915684
0.9185581
0.8967848
0.9179666
0.8508194
0.9175431
0.9015413
0.9217854
0.9069021
0.8553061
0.9164692
0.9072575
0.9176186
0.8686661
0.8740459
0.897763
0.866444
0.8998086
0.9161189
0.898949
0.7736846
0.9178401
0.8906843
0.9152035
0.8527077
0.9117202
0.9036447
0.8872742
0.9200976
0.8981089
0.8740866
0.8613942
0.853938
0.857095
0.8570206
0.8550423
0.8537313
0.9218198
0.9134235
0.9142322
0.910328
0.8647891
0.9165292
0.9186063
0.919329
0.9029421
0.8824914
0.9026511
0.8936554
0.7777206
0.9201234
0.9068595
0.8965379
0.880473
0.893973
0.9143997
0.8718598
0.8249359
0.8863323
0.8967362
0.9095557
0.898995
0.8992047
0.8964915
0.8851666
0.8948043
0.9085009
0.9052817
0.9145408
0.8895103
0.9007642
0.8808547
0.9093978
0.8868977
0.8988817
0.9087213
0.8952475
0.9051602
0.8833375
0.8830119
0.8813277
0.8898564
0.8863153
0.8857607
0.887513
0.8884848
0.9045552
0.9112387
0.90997
0.9098079
0.8872308
0.9087217
0.9115025
0.912783
0.9256402
0.9075714
0.9188183
0.9014277
0.8984635
0.9172335
0.8120741
0.8959979
0.9066448
0.8963279
0.8460877
0.9203786
0.9127112
0.899236
0.8964824
0.8475103
0.9020139
0.918757
0.9212607
0.8982665
0.9102229
0.8211259
0.9074381
0.8356625
0.9023577
0.9006514
0.9098845
0.9020728
0.9055947
0.887558
0.9343924
0.913748
0.910184
0.9034441
0.9083823
0.9023432
0.9036059
0.9039346
0.9039415
0.9019916
0.9037034
0.8986358
0.908448
0.9085875
0.9090941
0.8999714
0.9027445
0.9030229
0.900757
0.9274157
0.9123239
0.9208131
0.9124124
0.9064809
0.9209446
0.8914139
0.9039759
0.9123684
0.906013
0.9004145
0.9302884
0.9243292
0.9039395
0.9059154
0.8986337
0.9109774
0.9243753
0.9239017
0.9065864
0.9174449
0.8904581
0.9111246
0.9000323
0.9139785
0.906647
0.9134682
0.8934981
0.9111306
0.8996702
0.9339765
0.9192786
0.9126186
0.9136324
0.9107124
0.9121312
0.9132944
0.9117357
0.9114736
0.9117771
0.9112019
0.9032495
0.9136581
0.9122893
0.913221
0.9054384
0.912373
0.910247
0.908561
0.9054451
0.8835746
0.9056329
0.8888687
0.7759191
0.9184385
0.8973176
0.8897437
0.8812639
0.8904095
0.9023843
0.8724039
0.8296579
0.8865013
0.8885859
0.8961855
0.8978719
0.9001034
0.8999786
0.8820596
0.8849155
0.900307
0.9006272
0.9081234
0.887718
0.9010085
0.8745226
0.9006144
0.8873097
0.8951244
0.916859
0.8975294
0.9015088
0.8730321
0.8830819
0.8744594
0.8881522
0.890146
0.8900737
0.8872036
0.8869313
0.9022247
0.9123563
0.9085903
0.9086777
0.8813781
0.9050502
0.9061404
0.9061463
0.8911884
0.845386
0.8795479
0.8726234
0.879696
0.9192733
0.8879013
0.907804
0.8435315
0.9125834
0.8956562
0.9149352
0.9009764
0.8460262
0.9125836
0.908138
0.9140413
0.8628605
0.8628649
0.891533
0.8547635
0.8920636
0.9117468
0.8938906
0.8326295
0.9060738
0.8785118
0.9090689
0.8414231
0.9038106
0.899092
0.8801162
0.9196387
0.891773
0.8728167
0.8390102
0.8436466
0.8405169
0.84066
0.8418778
0.8429205
0.9195063
0.9091352
0.9104837
0.9130012
0.8555955
0.9138983
0.9105616
0.9129206
0.8758403
0.8679685
0.8875071
0.8892563
0.8821416
0.9239957
0.9149195
0.9177497
0.8665743
0.9169879
0.9186755
0.9140306
0.8970537
0.8771305
0.9166548
0.9190418
0.9171417
0.884908
0.885168
0.8944257
0.8793128
0.9103058
0.9169195
0.9150253
0.8781362
0.918698
0.2599856
0.9131769
0.8752618
0.9153644
0.8817695
0.8953289
0.9222273
0.8858079
0.8827385
0.8702889
0.8751448
0.8740354
0.8735141
0.8729446
0.8754658
0.9246494
0.9143826
0.9175021
0.9102042
0.8794864
0.9202331
0.91795
0.9208843
0.8916038
0.8481084
0.8754877
0.871655
0.8825236
0.9221692
0.8995587
0.9161116
0.8470844
0.9180223
0.9064489
0.9176241
0.9025811
0.846635
0.9145821
0.9066388
0.9163645
0.8690898
0.8686436
0.899532
0.8510615
0.8986365
0.921978
0.8966638
0.8368383
0.9201712
0.8789017
0.9166752
0.8445493
0.9141719
0.8925107
0.8809029
0.9234614
0.8964057
0.8700688
0.8493386
0.8464653
0.8486707
0.8490263
0.8488854
0.8465198
0.9239745
0.9154375
0.9151731
0.9058272
0.8569048
0.9180181
0.9185412
0.9231668
0.9067865
0.8869981
0.9057436
0.8933928
0.7850082
0.920186
0.9007323
0.8991159
0.8857637
0.8966304
0.9049565
0.8763532
0.839624
0.8891818
0.8956623
0.8981768
0.9048215
0.8988947
0.9023502
0.8843542
0.8892142
0.9033699
0.9060129
0.9079046
0.8906947
0.9064903
0.8831071
0.9107603
0.8884069
0.8958053
0.9143563
0.9013301
0.9067268
0.8779926
0.8876805
0.8769912
0.8863244
0.8869105
0.8865182
0.8844603
0.8834205
0.9087885
0.9137979
0.9120902
0.9146367
0.8810821
0.908739
0.9069716
0.9071148
0.9326641
0.9114415
0.9214106
0.9098734
0.8962031
0.9134312
0.8895697
0.8112716
0.9101564
0.8522448
0.8925247
0.9243633
0.9189476
0.9058234
0.8546203
0.8962247
0.860489
0.9277592
0.9309751
0.890572
0.9206613
0.8849407
0.8703641
0.8958127
0.9121109
0.8618728
0.9144319
0.8995401
0.908895
0.8230109
0.9385715
0.9172943
0.8712977
0.9108448
0.9140981
0.9075975
0.9135625
0.9125601
0.9120201
0.9110019
0.9117436
0.8934495
0.9100617
0.9114851
0.9121414
0.9058349
0.8628251
0.8617361
0.8685811
0.9265517
0.9094916
0.9179441
0.9074344
0.8977362
0.914819
0.8272048
0.8900792
0.9073407
0.8930738
0.8469501
0.92397
0.9194436
0.9051264
0.8912806
0.8419086
0.8974627
0.9228369
0.9242655
0.8925262
0.9104666
0.8307862
0.9037489
0.8490085
0.9072873
0.8945016
0.9129798
0.8984446
0.9054865
0.8909807
0.934028
0.9135508
0.9018663
0.9039679
0.9032143
0.9005792
0.9068444
0.9070901
0.9074826
0.905361
0.9054307
0.8951052
0.9093424
0.9126006
0.9108163
0.9007195
0.8999169
0.9011114
0.8980239
0.9223599
0.9055766
0.9124785
0.9020029
0.8914409
0.9187707
0.7895155
0.8962282
0.903129
0.8986763
0.8264453
0.9244627
0.9139888
0.8982568
0.8993274
0.8389439
0.9032399
0.9228539
0.9247669
0.8925668
0.90926
0.7973524
0.9096403
0.8168953
0.906632
0.9033255
0.9124124
0.8973496
0.9022646
0.887802
0.9323306
0.9153743
0.9126295
0.9040752
0.9097457
0.9046295
0.9072459
0.9053274
0.9052157
0.905457
0.9057257
0.8930668
0.9070868
0.9115136
0.9103629
0.8977343
0.9011604
0.9035124
0.8999155
0.9211966
0.9096229
0.9150308
0.9074633
0.9063159
0.9235812
0.8254831
0.9097377
0.9068603
0.9158475
0.8435641
0.9349941
0.9218029
0.9027156
0.9118095
0.8524805
0.919493
0.9218371
0.9201014
0.9074841
0.9163317
0.8348582
0.9196608
0.8393465
0.9082539
0.9187565
0.9146058
0.9113696
0.906
0.9065584
0.9289238
0.9185382
0.927289
0.9112416
0.9136581
0.9119123
0.9063574
0.9096487
0.9100439
0.9086436
0.908289
0.9143552
0.9141792
0.9180757
0.9141569
0.9089647
0.9135289
0.9132918
0.9084171
0.9185323
0.8951079
0.9090393
0.8969377
0.8954495
0.915205
0.9025718
0.8971657
0.8943599
0.8913067
0.9083964
0.9169052
0.9135811
0.8978384
0.8919772
0.9066141
0.8946661
0.9130006
0.9141901
0.6806937
0.9086766
0.9041007
0.8973073
0.9112333
0.9014453
0.8845273
0.9010966
0.9015685
0.8997212
0.8935445
0.9233549
0.9020713
0.8971963
0.8948214
0.8920081
0.8854956
0.9037164
0.9023223
0.9032304
0.902298
0.9010301
0.9021787
0.9029762
0.9030117
0.9010274
0.8940792
0.8976949
0.8938472
0.9016251
0.9069289
0.9002472
0.910478
0.9040829
0.8715304
0.9258558
0.923016
0.9187309
0.8997103
0.918537
0.9307753
0.910901
0.8937091
0.9034097
0.9198137
0.9233847
0.9203472
0.9004076
0.9014055
0.9089691
0.9003195
0.9280758
0.9219128
0.9245244
0.8984644
0.9202411
0.8969891
0.9228097
0.9014288
0.923553
0.9036502
0.908868
0.9220472
0.896331
0.8985158
0.8993182
0.9035495
0.9038353
0.9035721
0.9011063
0.9013647
0.9281817
0.9240099
0.9201857
0.9204228
0.904979
0.9210461
0.9228152
0.9238785
0.8959146
0.8782186
0.8899713
0.8864837
0.8172166
0.9177664
0.8982588
0.9053115
0.8763939
0.9073702
0.902891
0.8920731
0.8588446
0.8768714
0.9039668
0.9014778
0.9110329
0.8953935
0.895422
0.8908185
0.8865304
0.898945
0.9103647
0.9018738
0.8821931
0.9108581
0.8801178
0.9101463
0.8837444
0.9028404
0.9034299
0.8987297
0.9122429
0.8827979
0.8853317
0.8784749
0.88147
0.8849245
0.8846112
0.8819835
0.8796394
0.9142899
0.9159852
0.9112713
0.9110142
0.876562
0.9105193
0.9078341
0.9103323
0.9245237
0.9026247
0.9153473
0.8996017
0.8975394
0.9159979
0.9114602
0.8922495
0.8988363
0.885727
0.9194258
0.9163829
0.9107754
0.9016156
0.8844882
0.9119329
0.8851155
0.9113341
0.9149162
0.839844
0.9113897
0.9121869
0.8898367
0.9195128
0.9077943
0.8815868
0.9007135
0.8945717
0.9061273
0.8873657
0.9262832
0.9044894
0.8880098
0.8938861
0.8918507
0.8863189
0.9078529
0.9032825
0.9042328
0.9035713
0.9069718
0.8963568
0.9074535
0.9023611
0.897254
0.9012691
0.895054
0.8937774
0.9007973
0.9194504
0.9080472
0.9129233
0.9077216
0.905209
0.9243842
0.8242623
0.908922
0.906221
0.9154236
0.8445596
0.9341511
0.9247192
0.9041313
0.9117051
0.8515137
0.9203745
0.9212999
0.9191859
0.9058172
0.9174779
0.834874
0.9186919
0.8396626
0.9060855
0.9189878
0.9151852
0.9093433
0.9054411
0.9058285
0.9267056
0.9168032
0.9253475
0.9122158
0.9130497
0.9113069
0.9051314
0.9065144
0.906482
0.9074589
0.9058538
0.9128851
0.9140742
0.9175025
0.9158661
0.9094105
0.913147
0.9140212
0.9102075
0.9253248
0.9138081
0.9221944
0.9132968
0.9181188
0.8984868
0.9181715
0.9182672
0.9135503
0.9183051
0.9185027
0.9346046
0.9314179
0.9144968
0.9178651
0.923391
0.9164484
0.9245941
0.9229109
0.9130587
0.9189495
0.9162771
0.9184986
0.9150295
0.9173946
0.9111826
0.9213368
0.9098377
0.9220043
0.9173115
0.9301632
0.9213636
0.9151644
0.9138145
0.9148678
0.9153481
0.9191839
0.9178096
0.9180022
0.9186263
0.9184103
0.9198499
0.8732091
0.8925871
0.8947716
0.9220761
0.9181876
0.9154475
0.9176722
0.9383114
0.9144547
0.9326621
0.9185079
0.9095653
0.9157576
0.9209506
0.8584512
0.9121742
0.8310616
0.9297724
0.9234967
0.9266676
0.9193451
0.8363078
0.9206759
0.8213211
0.925294
0.9281309
0.8921719
0.9228417
0.9196668
0.8588815
0.926947
0.9236192
0.852717
0.92157
0.9046385
0.9230172
0.8629112
0.9420065
0.9167601
0.850418
0.9116083
0.9055158
0.9059191
0.9232183
0.9215471
0.9214763
0.9198584
0.9223126
0.9005725
0.9128017
0.9088632
0.9065599
0.9117752
0.8597893
0.8563759
0.8730343
0.895021
0.8800855
0.8910093
0.8846684
0.8174906
0.9191587
0.8988935
0.9033405
0.8780621
0.9072679
0.9054549
0.8926684
0.8586213
0.8765807
0.9053625
0.9012166
0.9123268
0.8941034
0.8944068
0.8910641
0.8859743
0.9006525
0.9111975
0.9028279
0.8817064
0.9115383
0.8812421
0.9089627
0.8825778
0.9038031
0.9022845
0.900785
0.912144
0.8817953
0.8854543
0.877862
0.8807808
0.8842823
0.8839282
0.8819833
0.8790285
0.9167544
0.916973
0.911212
0.9121993
0.8775348
0.9123673
0.9079698
0.9101937
0.9298582
0.9105106
0.9218745
0.9110884
0.9003007
0.9259322
0.8419743
0.9029694
0.9092155
0.905908
0.8037659
0.9276577
0.9200262
0.9034172
0.9084338
0.8085025
0.9117356
0.923889
0.9238631
0.9009837
0.915558
0.8481391
0.9183299
0.8550041
0.9141414
0.9105181
0.9173903
0.909897
0.9089793
0.8989607
0.9344335
0.917852
0.9175889
0.9150767
0.9138312
0.9054802
0.9103325
0.9092346
0.9097771
0.9091643
0.9100035
0.9066788
0.9162359
0.9157245
0.9133099
0.9035258
0.9127402
0.9133587
0.9058354
0.8953023
0.8800333
0.8911808
0.8857805
0.8144054
0.9169466
0.8988171
0.9037724
0.8787846
0.905925
0.9039817
0.8940889
0.8575554
0.8787018
0.9033816
0.9005529
0.911962
0.8960744
0.8954757
0.8913169
0.8870697
0.8989171
0.9090844
0.9029805
0.8816924
0.9105871
0.8779304
0.9084628
0.8846914
0.9024927
0.9020497
0.8991658
0.9128284
0.8806977
0.8860778
0.8753677
0.8794714
0.8826947
0.8822595
0.8803135
0.8775555
0.9150381
0.9166152
0.9096252
0.9114677
0.8768769
0.9126214
0.9070397
0.9078835
0.8999361
0.8730792
0.8957312
0.8854159
0.8874418
0.9182894
0.9038373
0.907878
0.8731297
0.9137406
0.905661
0.9243776
0.9077723
0.869143
0.9123387
0.9085573
0.912287
0.8849896
0.8871374
0.898967
0.8814906
0.9013198
0.9153062
0.9045214
0.8728073
0.911417
0.8945495
0.9067981
0.8677522
0.9064239
0.9094514
0.8938166
0.9115143
0.8938794
0.8804427
0.8764221
0.8630137
0.8646866
0.8644874
0.8630768
0.8630157
0.9177957
0.9159794
0.911937
0.9123867
0.8771994
0.9127175
0.914293
0.9173574
0.9046567
0.8931132
0.9083377
0.8983904
0.8574895
0.9254359
0.9189902
0.9148974
0.8935548
0.9142675
0.9274635
0.9060766
0.883401
0.8995543
0.9125303
0.918527
0.9127082
0.902348
0.9019172
0.9018525
0.8952249
0.9231523
0.9170816
0.9243873
0.8960265
0.9116546
0.8917856
0.9162894
0.9007774
0.9152946
0.9051233
0.9076907
0.9135406
0.8916265
0.8947819
0.8864101
0.8995992
0.8978201
0.8975142
0.897606
0.8980584
0.9238951
0.9221522
0.9170211
0.9177185
0.8939868
0.9180276
0.9180778
0.9183479
0.9433046
0.9232075
0.9349228
0.9225767
0.917968
0.9259651
0.9067323
0.9008635
0.9216948
0.9006699
0.9139824
0.9294368
0.9301392
0.9209971
0.9003867
0.9127351
0.9057694
0.9373848
0.9362745
0.909044
0.9311672
0.9058454
0.9118114
0.9163097
0.9287901
0.9032137
0.9264296
0.9004704
0.9258048
0.9045215
0.9486866
0.9250515
0.9073866
0.9184929
0.917866
0.9164367
0.9254748
0.926523
0.927223
0.9263532
0.9281069
0.8919179
0.9230878
0.9176577
0.9199886
0.9190459
0.9149157
0.9135117
0.9135839
0.9211992
0.908358
0.9149651
0.9045751
0.9045406
0.9197469
0.8322316
0.9086035
0.907039
0.9106872
0.8577266
0.9278479
0.9184459
0.9032584
0.9091404
0.8603865
0.9157872
0.9205519
0.9217352
0.9000724
0.916608
0.8395335
0.9164904
0.8459522
0.9087431
0.9127073
0.9127432
0.9052749
0.90766
0.9046301
0.9319542
0.917602
0.9169346
0.9068184
0.9136325
0.9106501
0.9093048
0.9104435
0.9103335
0.9092462
0.9073744
0.9113644
0.9124133
0.9124352
0.9091451
0.9010529
0.9119326
0.9087684
0.9109542
0.9268437
0.9090715
0.9168752
0.8991448
0.8966558
0.9164072
0.8293443
0.8995708
0.9084181
0.8983891
0.8467208
0.9227078
0.9132753
0.8996465
0.8967751
0.8440743
0.9046434
0.9170473
0.9214904
0.8949621
0.9120945
0.8277084
0.9094279
0.8405543
0.9048505
0.9006668
0.9087188
0.9014763
0.9062389
0.8934772
0.9316534
0.9084853
0.9114749
0.9055595
0.9088739
0.8988554
0.9041341
0.902896
0.9031382
0.9036931
0.9033307
0.9020001
0.9091575
0.9086902
0.9067877
0.898765
0.9009649
0.900312
0.9005332
0.9231924
0.9024382
0.9109732
0.9044847
0.9017461
0.9237964
0.8264349
0.9062751
0.9021307
0.9077891
0.8493089
0.9285022
0.9216513
0.8998051
0.9106988
0.8523665
0.9125716
0.921307
0.9224494
0.9006644
0.9127936
0.8306734
0.9150605
0.8385619
0.9059122
0.9112676
0.9124116
0.9025888
0.9034721
0.8958249
0.9286407
0.9138647
0.9174087
0.9107741
0.9138365
0.9066277
0.9034705
0.9023875
0.9018835
0.9044781
0.9045476
0.9094933
0.9130314
0.913219
0.9090496
0.9042595
0.9117509
0.9121194
0.9079469
0.9198095
0.9042085
0.9102073
0.9035438
0.9007666
0.9232517
0.8236328
0.9069988
0.9020956
0.9090581
0.8508844
0.9294781
0.9208718
0.9014745
0.9070679
0.8541954
0.9108623
0.9204474
0.9189768
0.900271
0.9113419
0.8328085
0.9164281
0.8380123
0.9024206
0.9106058
0.9100402
0.9041611
0.9031636
0.8935146
0.9292468
0.9161061
0.9173399
0.9102813
0.9116423
0.9066724
0.905473
0.9036481
0.9038902
0.9065128
0.9055304
0.908453
0.9131523
0.9145345
0.9103147
0.902229
0.9106182
0.9106446
0.9065333
0.9259636
0.9068479
0.9172681
0.905562
0.9079165
0.9168644
0.8408383
0.9036745
0.90654
0.9039461
0.8619019
0.9287459
0.9234655
0.9032843
0.9041222
0.862409
0.9055705
0.9186672
0.9200524
0.8979882
0.9156468
0.8389184
0.9116581
0.8479016
0.9065623
0.9082706
0.9168287
0.9010323
0.9091235
0.8977927
0.9299696
0.9180638
0.9119088
0.907414
0.9129111
0.9036562
0.9073322
0.908327
0.908412
0.907041
0.9062489
0.9030954
0.913566
0.9105755
0.9091326
0.9010636
0.9064077
0.9058209
0.9028757
0.9217701
0.906508
0.9110195
0.902747
0.8995035
0.9137084
0.8213263
0.8958853
0.904065
0.898743
0.843635
0.9247078
0.9168523
0.9000912
0.8995161
0.8517511
0.9063399
0.9176316
0.9205927
0.8937741
0.9140202
0.828282
0.9104564
0.8379975
0.9043979
0.8990992
0.9106519
0.8967106
0.9050963
0.8913488
0.932049
0.9124444
0.9103382
0.9008273
0.9116886
0.9021963
0.902046
0.8996336
0.8999601
0.8992934
0.900116
0.9015778
0.9084592
0.9069499
0.9072972
0.8973606
0.8983864
0.9002819
0.8945834
0.9067283
0.8928673
0.9049163
0.8974405
0.8041209
0.921423
0.9089285
0.9087377
0.8955559
0.9126908
0.9169679
0.8856431
0.8468677
0.8953326
0.9096959
0.9097351
0.9153249
0.9019207
0.9033462
0.8983942
0.8951396
0.9103886
0.9140974
0.9145808
0.894639
0.916569
0.8868831
0.9179196
0.8930632
0.90784
0.9127715
0.9073135
0.9164141
0.8875912
0.8925212
0.8872749
0.896894
0.8984802
0.8986829
0.8968567
0.8954639
0.9181519
0.9213192
0.9168412
0.9210238
0.895393
0.9213642
0.9199221
0.9167138
0.8977663
0.8840229
0.900149
0.8893141
0.5640241
0.9174809
0.8943529
0.897106
0.8823381
0.8989779
0.9049917
0.839795
0.7323349
0.8807713
0.9012471
0.9034734
0.9090294
0.9000212
0.9035868
0.8860085
0.8910711
0.898327
0.904441
0.9028294
0.8898125
0.9019488
0.8807379
0.9087721
0.8844037
0.8992795
0.9089256
0.8985507
0.9098691
0.8812507
0.8815542
0.8779639
0.882659
0.884338
0.8843866
0.8816374
0.8816003
0.9085457
0.9162201
0.9100574
0.9128707
0.8838556
0.9094394
0.9082069
0.9105393
0.9368345
0.9172426
0.9282963
0.9132923
0.9081563
0.9183659
0.9046582
0.8687041
0.9149027
0.8568933
0.9073501
0.9237531
0.9226041
0.9125797
0.8604139
0.9050429
0.8639606
0.9295927
0.9318451
0.8937869
0.9213243
0.9030086
0.8694887
0.9133192
0.9239165
0.8671041
0.9153402
0.9029187
0.9182945
0.8680519
0.9415522
0.9218946
0.8687434
0.910285
0.9067742
0.9077198
0.9180247
0.9145354
0.9141944
0.9160349
0.9147312
0.8917394
0.9086739
0.9098299
0.9077134
0.9107943
0.8669707
0.8699352
0.8773202
0.9339405
0.9160076
0.9250472
0.9124101
0.9108592
0.9143401
0.9058753
0.8742924
0.9141352
0.8635561
0.9094348
0.9242324
0.924398
0.9130559
0.8639223
0.9093229
0.867486
0.929112
0.9306876
0.8959774
0.9210287
0.9060244
0.8716613
0.9151064
0.918283
0.8641186
0.9186347
0.8991438
0.9211596
0.8692328
0.9384125
0.9198794
0.8701777
0.9098086
0.9075552
0.9061999
0.9180091
0.9157635
0.915846
0.9144219
0.9152686
0.90095
0.9173811
0.9097392
0.9097702
0.9098892
0.8728453
0.8723696
0.8752688
0.9347924
0.9088057
0.9247598
0.9103991
0.9078014
0.9158658
0.9014507
0.8644865
0.907722
0.8619089
0.9083165
0.9225568
0.9239233
0.9097618
0.8599864
0.9045748
0.865489
0.9287655
0.9309049
0.8929235
0.9185667
0.898516
0.8732253
0.9092867
0.9152006
0.8624717
0.9165028
0.8981511
0.9150193
0.8654796
0.9401792
0.9171664
0.8634572
0.907574
0.9063808
0.9055295
0.913468
0.911315
0.9111277
0.9130944
0.9119372
0.894382
0.9094307
0.9024006
0.9003392
0.9084217
0.8651694
0.8609001
0.8754137
0.9187356
0.9097523
0.9153217
0.910799
0.90623
0.925257
0.832059
0.9131426
0.9082865
0.9201598
0.8461912
0.9330101
0.9229888
0.9074359
0.9166936
0.8595243
0.9208342
0.9232165
0.9220983
0.9162789
0.9179042
0.8422432
0.9191595
0.8466891
0.9077685
0.9220395
0.915771
0.9142611
0.9071195
0.9108096
0.9275407
0.9180174
0.9275533
0.918097
0.9131113
0.9144119
0.906894
0.9098553
0.9102096
0.9105942
0.9079214
0.9176346
0.9179184
0.9202107
0.9172328
0.9101008
0.9177616
0.9200539
0.9146821
0.9009682
0.8915319
0.8995448
0.8993885
0.7861816
0.9241398
0.9128212
0.9111421
0.8911053
0.9111947
0.9215916
0.8783986
0.8301381
0.8956044
0.9089774
0.9143842
0.913068
0.8981008
0.9001091
0.9006116
0.9005304
0.9151911
0.9148673
0.919365
0.8957778
0.9132564
0.885764
0.9151517
0.8934993
0.9126417
0.9063044
0.904005
0.9158699
0.888562
0.8939464
0.8870622
0.8930782
0.8972942
0.8967936
0.8955573
0.8943219
0.9203953
0.9195711
0.9166087
0.9191967
0.8913476
0.9207328
0.9193601
0.918536
0.9230823
0.9087364
0.9143963
0.9110002
0.9041229
0.9223875
0.8268561
0.9080325
0.9095621
0.9146954
0.8434021
0.9314674
0.9238698
0.904853
0.912851
0.8535854
0.9199085
0.9233472
0.9215382
0.9087503
0.9159334
0.8363783
0.916271
0.8417932
0.9075171
0.9179263
0.9153146
0.907355
0.9071771
0.9022782
0.9322022
0.9168241
0.9248237
0.9144855
0.9148762
0.9112673
0.9073026
0.9080986
0.9080661
0.9090422
0.9094288
0.9155361
0.9135915
0.9192127
0.9186796
0.9062824
0.9105892
0.9146323
0.9087419
0.8977663
0.8840229
0.900149
0.8893141
0.5640241
0.9174809
0.8943529
0.897106
0.8823381
0.8989779
0.9049917
0.839795
0.7323349
0.8807713
0.9012471
0.9034734
0.9090294
0.9000212
0.9035868
0.8860085
0.8910711
0.898327
0.904441
0.9028294
0.8898125
0.9019488
0.8807379
0.9087721
0.8844037
0.8992795
0.9089256
0.8985507
0.9098691
0.8812507
0.8815542
0.8779639
0.882659
0.884338
0.8843866
0.8816374
0.8816003
0.9085457
0.9162201
0.9100574
0.9128707
0.8838556
0.9094394
0.9082069
0.9105393
0.9421075
0.9198482
0.9357247
0.9206482
0.9132488
0.9261006
0.9057532
0.8950694
0.9165639
0.8984352
0.9160258
0.9287311
0.9301163
0.9217338
0.8972749
0.914122
0.902134
0.9345967
0.935977
0.9077722
0.9296196
0.9102111
0.9041818
0.9190362
0.9271103
0.9005279
0.9259537
0.8987614
0.9247864
0.9018375
0.9454704
0.9204072
0.8997593
0.91318
0.9157397
0.9142722
0.9256915
0.9244584
0.9244251
0.9242136
0.9250414
0.890811
0.9217059
0.9119456
0.9149324
0.9163834
0.9096037
0.911958
0.9102995
0.9327708
0.9149615
0.9233827
0.9121653
0.8980007
0.9116829
0.8849129
0.8808696
0.9126297
0.8735554
0.8983272
0.9235913
0.9163979
0.9065814
0.8796338
0.8922274
0.8868387
0.9212467
0.9248806
0.8882192
0.9169186
0.8847539
0.8875126
0.9011736
0.9182014
0.8838439
0.9117353
0.8978188
0.9120694
0.8817669
0.9375761
0.9125973
0.8881056
0.903336
0.9064105
0.8959761
0.9120512
0.9110064
0.9102292
0.9098361
0.9121049
0.8857503
0.914626
0.905321
0.9109972
0.8998116
0.8967701
0.8958113
0.8956949
0.9039089
0.8841233
0.89903
0.8898182
0.8695108
0.9180418
0.9032579
0.899934
0.8854685
0.8997527
0.909772
0.909775
0.895532
0.8881847
0.8975437
0.9064055
0.9013153
0.8976054
0.8983451
0.8826547
0.8889489
0.904952
0.9057618
0.9100533
0.8851056
0.9015863
0.8770364
0.9059776
0.8822782
0.9000984
0.9137586
0.8968839
0.9018878
0.8857627
0.8805741
0.8760476
0.8878098
0.8844407
0.8852995
0.8860952
0.8860636
0.9062569
0.9130133
0.9074423
0.9112816
0.8829015
0.9087461
0.9099404
0.9087606
0.9216213
0.9078971
0.9159468
0.9055338
0.9019335
0.9218035
0.8400196
0.9089653
0.9065028
0.9119404
0.793434
0.9319388
0.9215482
0.8991233
0.9120173
0.7904818
0.9159652
0.9241774
0.9232114
0.9037804
0.9156008
0.8415103
0.9182516
0.8474955
0.9058601
0.9134833
0.9157087
0.9064671
0.9073568
0.9056795
0.9309368
0.9153198
0.9222358
0.9169761
0.9153154
0.9077421
0.9062745
0.9063279
0.9061008
0.9061043
0.9057855
0.9120814
0.9126342
0.9138138
0.9102528
0.9043652
0.9078348
0.9084107
0.9064349
0.870508
0.8673645
0.8885583
0.8833134
0.8786146
0.920324
0.911164
0.9170334
0.8686991
0.9164653
0.9174558
0.9131659
0.8980391
0.8706327
0.913146
0.9136892
0.9165076
0.8802939
0.880997
0.8915975
0.8772322
0.9095204
0.9167434
0.9110339
0.8719617
0.9147115
0.6766914
0.909069
0.8697347
0.9128927
0.8777007
0.8932323
0.9157906
0.8823804
0.8796142
0.8643483
0.8711278
0.8694302
0.8691094
0.8700233
0.8705075
0.9239224
0.9130794
0.9129992
0.9085296
0.8760594
0.9174221
0.9174216
0.9172096
0.922018
0.9039813
0.9149048
0.9079598
0.9005653
0.9163774
0.8335527
0.9004986
0.9019231
0.9009894
0.8469312
0.921332
0.9177916
0.8981525
0.9051587
0.8443042
0.9030442
0.9187861
0.9184542
0.898215
0.9102996
0.8312352
0.9092891
0.8464374
0.9035347
0.9048666
0.9093138
0.899486
0.9059684
0.8936876
0.9305694
0.9169201
0.909045
0.9107743
0.9075806
0.9034776
0.9053915
0.902685
0.902692
0.9016865
0.9037786
0.9022728
0.9114751
0.9087893
0.9060606
0.9010821
0.907205
0.9040321
0.901127
0.9273997
0.9099831
0.9229515
0.9097888
0.8979077
0.9242151
0.8372623
0.9012144
0.9075301
0.9041022
0.8048902
0.9282118
0.918634
0.9022018
0.9045906
0.8042666
0.9093106
0.9245544
0.9233006
0.900268
0.9147832
0.8427334
0.9157872
0.8522553
0.9137373
0.9101766
0.9157584
0.9085196
0.9059109
0.8981113
0.9337586
0.9145491
0.9190758
0.9111584
0.9136175
0.9046677
0.9043291
0.9054278
0.9053959
0.9044728
0.9039992
0.9047183
0.9161436
0.9167278
0.91512
0.9030185
0.9089803
0.9094124
0.9073975
0.9259928
0.9103123
0.9178905
0.9121739
0.9028981
0.9217209
0.8345978
0.9037269
0.9090425
0.9097945
0.7768978
0.9290027
0.9174776
0.9042839
0.9115156
0.789484
0.9125978
0.9268937
0.9248136
0.9070209
0.9152982
0.8317943
0.9165507
0.846619
0.9110866
0.9155546
0.9146089
0.909509
0.9074501
0.9026375
0.9289193
0.9146426
0.9196742
0.9158002
0.9126661
0.9085714
0.9095909
0.9094488
0.9095713
0.9104198
0.9083679
0.9053825
0.914711
0.9133967
0.9137098
0.9052033
0.9107998
0.9103496
0.9079075
0.9029216
0.8775741
0.9000821
0.884555
0.6766843
0.9206136
0.8984696
0.8947871
0.8762702
0.8928245
0.9072417
0.8411839
0.7759199
0.8817633
0.8917917
0.9012768
0.8999133
0.8986592
0.8992403
0.8820535
0.8851064
0.9009876
0.8976006
0.9109628
0.8910834
0.8937758
0.874487
0.9072104
0.8820883
0.8935204
0.9091453
0.8932766
0.8991044
0.8725883
0.8786672
0.8731863
0.885193
0.8853808
0.8848232
0.8829505
0.8853849
0.9054702
0.9100389
0.9055174
0.9098518
0.8775852
0.907699
0.9056541
0.9052374
0.9258012
0.9080219
0.9223906
0.9056246
0.8990842
0.9190037
0.8326906
0.8953809
0.9069023
0.9015632
0.7740156
0.9241353
0.9173585
0.899067
0.9007317
0.7913675
0.9061051
0.9228838
0.9270515
0.8992897
0.9147592
0.8298534
0.9103631
0.8459967
0.9084434
0.9066445
0.9128131
0.9058326
0.9089138
0.8935453
0.9318291
0.9146367
0.9154661
0.9095327
0.9101886
0.9070131
0.9098939
0.9100996
0.9103377
0.910182
0.9114148
0.8995657
0.9104431
0.918053
0.9113959
0.9009806
0.9029707
0.9062857
0.8992315
0.8888689
0.8201832
0.875604
0.8614753
0.8842113
0.9164878
0.8920076
0.9105215
0.8181503
0.9146902
0.8999679
0.9187679
0.9017103
0.8302567
0.9177388
0.9046923
0.9153239
0.869637
0.8729996
0.8923777
0.8601272
0.8910934
0.918387
0.8891323
0.8462787
0.9162322
0.872775
0.9076512
0.8569196
0.9100022
0.8987252
0.8836091
0.9174418
0.8901387
0.8674462
0.8528356
0.8475481
0.8491536
0.8491649
0.8478571
0.8507121
0.9197267
0.9077477
0.9077964
0.9070925
0.8580928
0.9145253
0.9167338
0.9143605
0.8876509
0.8516031
0.8746008
0.8753563
0.8895459
0.9234885
0.9079123
0.9187355
0.8512305
0.9234272
0.9100182
0.9232757
0.9026831
0.8572543
0.9187498
0.9152851
0.9191819
0.8201275
0.8206355
0.9020504
0.855009
0.9057498
0.9175104
0.9068104
0.8484328
0.9220144
0.8733478
0.9121719
0.8507651
0.9184595
0.8963872
0.8893959
0.9201923
0.8956821
0.8739386
0.8513283
0.847409
0.8491282
0.8490966
0.8492128
0.8469046
0.927979
0.912705
0.9156631
0.9111734
0.8610438
0.9194578
0.9194575
0.9173246
0.9404002
0.9204068
0.9322258
0.9212891
0.913684
0.9241119
0.895699
0.8915085
0.9190825
0.8954691
0.9106734
0.9326273
0.9250285
0.9202563
0.896375
0.9039308
0.8992918
0.9334187
0.9348035
0.9042069
0.9233088
0.8944417
0.8999925
0.9133324
0.9255834
0.8968242
0.9203848
0.8975882
0.9214314
0.894983
0.9419643
0.9179502
0.9059198
0.9126691
0.9144003
0.9139977
0.9203838
0.9226908
0.9225797
0.9226025
0.9204718
0.6821809
0.9184638
0.9161705
0.9188014
0.9139102
0.9090706
0.9110909
0.9076278
0.8967015
0.8734848
0.886143
0.8836251
0.8873295
0.9283177
0.9129707
0.919197
0.8729623
0.9201059
0.9190351
0.9262862
0.9092238
0.8726396
0.9197067
0.9157487
0.921493
0.8701906
0.8667903
0.9079735
0.8685298
0.9115526
0.9207137
0.9135907
0.8638699
0.9216995
0.8899138
0.9192804
0.8709537
0.9174621
0.9009477
0.8969527
0.9206856
0.8994052
0.8842928
0.8741525
0.8709889
0.8702012
0.8695526
0.867087
0.8697536
0.9281036
0.9243238
0.9244192
0.9212442
0.8723643
0.9262917
0.9248045
0.9227284
0.9259973
0.9075305
0.9186269
0.9093751
0.912463
0.8916343
0.9134279
0.9101397
0.905112
0.9151384
0.9156923
0.9320512
0.9281894
0.9107248
0.9173035
0.9159356
0.9084849
0.9184571
0.9223994
0.9057058
0.9165842
0.9124184
0.9159051
0.9118178
0.912354
0.9067967
0.9135052
0.9051485
0.9156957
0.9118544
0.9274767
0.9192291
0.9119871
0.9112108
0.9113736
0.9116725
0.913036
0.9125224
0.9125659
0.9118133
0.91596
0.9186888
0.8543714
0.8816679
0.8921382
0.9121185
0.9092281
0.9099682
0.9169646
0.900626
0.8880729
0.898366
0.8908388
0.5938523
0.9185648
0.9010203
0.8982457
0.8844668
0.9025674
0.9076766
0.847643
0.7439987
0.8806356
0.9008294
0.906441
0.9098393
0.8991415
0.8988991
0.8879423
0.8894093
0.9010689
0.9078382
0.9065687
0.8916118
0.9056094
0.8779415
0.908126
0.8832293
0.8977376
0.907963
0.8989917
0.9115108
0.8803124
0.8834456
0.8778645
0.8862358
0.8880651
0.8882332
0.8847707
0.8845765
0.9099356
0.9145072
0.9098603
0.9130209
0.8844103
0.9128273
0.9116659
0.9130187
0.9205138
0.9114324
0.9167666
0.9101931
0.9037733
0.9252731
0.8289258
0.9098053
0.9103549
0.9173361
0.8451671
0.933671
0.9226242
0.9056394
0.9139517
0.8516829
0.9198405
0.9222098
0.9251572
0.9129037
0.9142797
0.8371087
0.9183491
0.8405946
0.9096489
0.919729
0.9151155
0.9110526
0.9093395
0.9055218
0.9311227
0.9179774
0.9240779
0.915091
0.9155619
0.9113929
0.902043
0.9060961
0.9061809
0.9060283
0.9042222
0.9171155
0.9163026
0.9212776
0.9156081
0.9064313
0.9134681
0.9172495
0.9117446
0.8975059
0.8586796
0.8877503
0.8742851
0.8803289
0.9227114
0.9014878
0.9119798
0.8618453
0.910312
0.9082175
0.91789
0.9054424
0.8584443
0.911752
0.9070614
0.9106583
0.8783627
0.8795952
0.8970181
0.8606341
0.9067576
0.9129397
0.9033239
0.8559857
0.9104022
0.8813614
0.9099325
0.8585918
0.9113025
0.9042778
0.8876145
0.9154955
0.888468
0.8661076
0.863822
0.8527838
0.8529991
0.8536486
0.851673
0.8531749
0.921308
0.913051
0.9159826
0.9132512
0.8664323
0.912793
0.9127818
0.9159974
0.8963273
0.8620472
0.89604
0.874123
0.8862243
0.9181183
0.9134178
0.9056135
0.8594755
0.8985269
0.9204975
0.9119879
0.9032521
0.8643746
0.9002957
0.9117762
0.9019707
0.8748311
0.878207
0.8842884
0.8676973
0.920294
0.9038865
0.9202909
0.8637681
0.9018865
0.8744083
0.9060783
0.8665683
0.9084849
0.8989464
0.8838386
0.9002197
0.8890487
0.789226
0.8564238
0.8678904
0.8626789
0.8634056
0.8630406
0.8663833
0.9156278
0.9107752
0.9074305
0.9051582
0.8711679
0.9123553
0.9018
0.9130575
0.9386078
0.9146923
0.9271924
0.91366
0.9060764
0.9107275
0.9098957
0.855519
0.9132182
0.8352923
0.9190351
0.9234803
0.9226243
0.913373
0.8302852
0.9070739
0.8355728
0.9279019
0.9281055
0.8955739
0.9228593
0.9066846
0.8417628
0.9214455
0.9160684
0.8478656
0.9156811
0.9012904
0.9177364
0.8599571
0.9395696
0.9132157
0.8481588
0.9069542
0.9038364
0.9045242
0.9183907
0.9164639
0.915267
0.9161127
0.9181312
0.8961201
0.9142094
0.9057592
0.9072911
0.9105913
0.8603895
0.8619575
0.8676031
0.9341557
0.9118372
0.9205261
0.9115724
0.9029196
0.9198778
0.8972548
0.8583525
0.9098973
0.8378881
0.9017287
0.9280864
0.922549
0.9066109
0.8396387
0.8991385
0.8471617
0.9269293
0.929084
0.8979644
0.9205438
0.8931776
0.8531754
0.9113222
0.9142908
0.852663
0.9145381
0.902159
0.9140358
0.8556851
0.9401951
0.9140389
0.852706
0.9097333
0.9050635
0.9019198
0.9118508
0.9151927
0.9150057
0.9131054
0.9145004
0.8957613
0.9085068
0.910403
0.9113039
0.9083342
0.868129
0.863306
0.866742
0.9361887
0.9105103
0.9265063
0.9157438
0.9068006
0.9163469
0.9075961
0.8581244
0.9115301
0.8347718
0.9128796
0.9242456
0.922451
0.9131216
0.8298747
0.9050458
0.835144
0.9298442
0.9292975
0.8950775
0.9202131
0.9060257
0.848941
0.9172134
0.9157673
0.8502191
0.9180247
0.8991608
0.9217932
0.8594269
0.9378914
0.91297
0.8484755
0.9106965
0.90339
0.9060063
0.9180806
0.9181272
0.9177868
0.9169688
0.9173989
0.8955235
0.9119812
0.9065249
0.9058345
0.9088731
0.8601622
0.8613212
0.8667471
0.9354056
0.9134923
0.9228602
0.9120304
0.9073942
0.9203797
0.8984945
0.860084
0.9105511
0.8429599
0.9069784
0.9262227
0.9223345
0.9090844
0.8443956
0.9047056
0.8471661
0.9294068
0.9305434
0.9010913
0.9190379
0.897107
0.8556083
0.9083703
0.9144702
0.8585067
0.9190234
0.9008143
0.9173656
0.8636122
0.9390849
0.9152044
0.8605298
0.9052231
0.908006
0.9024373
0.9159383
0.9146372
0.9148361
0.9138268
0.915527
0.8968516
0.9103731
0.9103557
0.9094965
0.9079004
0.8708258
0.8655624
0.872143
0.9255507
0.9123802
0.9177397
0.9136619
0.9051785
0.9244658
0.8375136
0.908427
0.91089
0.912714
0.7935514
0.9311964
0.9223455
0.9062567
0.9150093
0.793777
0.9174338
0.9275984
0.9261633
0.9122645
0.9198761
0.8406406
0.919436
0.8500188
0.9090716
0.9173442
0.9178692
0.9104452
0.9111862
0.9068963
0.9342983
0.9214214
0.9250426
0.9175078
0.9174628
0.9134504
0.9082001
0.9100247
0.9104925
0.9105677
0.9084096
0.9102053
0.920011
0.9194586
0.9198211
0.9082701
0.917044
0.914116
0.9083816
0.9053755
0.8886298
0.9025425
0.8938562
0.802818
0.9220199
0.9029198
0.9042711
0.8903894
0.9068085
0.9117452
0.8816632
0.8461425
0.8949917
0.9037208
0.904303
0.9098532
0.8998091
0.9005798
0.8933813
0.8911434
0.9045565
0.9105407
0.9101187
0.8910429
0.909553
0.8858162
0.9148566
0.8899893
0.9053578
0.9132234
0.9047536
0.9138573
0.8867245
0.8890725
0.8813357
0.8930869
0.8919209
0.8914926
0.8920676
0.8917266
0.915448
0.9194828
0.9167307
0.9156079
0.891862
0.9170042
0.9157784
0.911748
0.9029337
0.8882168
0.9049998
0.8940642
0.6782132
0.9172046
0.9102627
0.9043704
0.8862716
0.9064699
0.9150734
0.8323779
0.7635926
0.8909117
0.9016122
0.9096578
0.9096257
0.8982877
0.9026605
0.8938291
0.8917509
0.914035
0.9065061
0.9166315
0.8972588
0.9058874
0.8864428
0.9134038
0.889099
0.908857
0.9046321
0.9015651
0.9095697
0.883696
0.8864232
0.884353
0.8923488
0.8922918
0.8924574
0.8915298
0.8883323
0.9142184
0.9179846
0.9118244
0.9114099
0.8903773
0.9127899
0.9117135
0.9160898
0.8897839
0.827888
0.8754025
0.8655534
0.8792015
0.9165802
0.8960909
0.9116505
0.826062
0.9163051
0.9025424
0.9163256
0.9029824
0.8391063
0.9156531
0.9081027
0.914645
0.868192
0.8663673
0.8910812
0.8596355
0.8943122
0.9137121
0.8994072
0.8431602
0.9120681
0.8719586
0.9045564
0.8522418
0.9116383
0.8950977
0.8771645
0.918005
0.8859327
0.8620267
0.8512653
0.8535163
0.851673
0.8511682
0.8528269
0.8524946
0.918993
0.9073511
0.9092169
0.9043136
0.8641802
0.9106266
0.9110539
0.9167084
0.8876352
0.8686776
0.8855335
0.8775323
0.8930946
0.9217269
0.9072482
0.9188354
0.8677293
0.9232491
0.9119045
0.9254852
0.9121768
0.8681668
0.9203173
0.9116463
0.919245
0.8822572
0.885182
0.8965717
0.8814552
0.9041563
0.9235457
0.9030647
0.8718043
0.9150196
0.8799581
0.9105379
0.8768945
0.9151021
0.8952859
0.8959918
0.9199914
0.8926376
0.8797519
0.8771168
0.8739837
0.8704193
0.8705947
0.8698125
0.8700922
0.9246801
0.9131414
0.9117553
0.9081451
0.8839835
0.9167383
0.9173566
0.9183012
0.904632
0.897235
0.910251
0.901431
0.7860233
0.9224843
0.9185962
0.9094037
0.899349
0.9099346
0.9254332
0.8797561
0.8236638
0.8989144
0.9100827
0.9182831
0.9141589
0.90229
0.9022461
0.9047923
0.9001934
0.921655
0.9121602
0.923455
0.9032805
0.9136223
0.8937844
0.9212955
0.8958178
0.9163979
0.909852
0.9055001
0.9146163
0.8924545
0.8970954
0.8915049
0.9003253
0.9027082
0.9022893
0.9035721
0.9035236
0.9215045
0.920034
0.9194114
0.9194766
0.9003032
0.9224271
0.918371
0.9207598
0.8975989
0.8486297
0.8789957
0.8746835
0.8788583
0.9166007
0.9000249
0.9084295
0.848211
0.9094433
0.9016271
0.9146482
0.8982235
0.8521264
0.9072317
0.9000071
0.906712
0.8800969
0.8820152
0.8911217
0.8627746
0.8920123
0.9103688
0.9017329
0.8561598
0.9072533
0.8790971
0.9049053
0.8519853
0.9015876
0.9023289
0.8793696
0.9138954
0.8902979
0.871196
0.8553193
0.8549142
0.8537664
0.8536069
0.8553744
0.8556005
0.9113266
0.9081789
0.9108554
0.9057756
0.8609372
0.9063615
0.9092708
0.9109205
0.8974423
0.8451903
0.8793767
0.875023
0.8767897
0.9183414
0.9001849
0.9111682
0.8443352
0.9117288
0.9031126
0.9170149
0.8969738
0.8502497
0.9085071
0.9003243
0.9093835
0.8789767
0.8811842
0.8923578
0.8649342
0.89357
0.9121402
0.9013836
0.8532377
0.9087633
0.8780585
0.9072639
0.8522182
0.9032656
0.9051982
0.8784594
0.9116851
0.8897717
0.8721523
0.8585668
0.8543837
0.8534043
0.8535432
0.8544631
0.8562623
0.9121837
0.906559
0.9120274
0.9088755
0.8608006
0.9093265
0.9103673
0.9123798
0.8954112
0.8520251
0.8822872
0.8822375
0.8846098
0.923132
0.9049852
0.9107998
0.8520787
0.9127208
0.908564
0.9192248
0.9026782
0.8571269
0.9136544
0.9104079
0.9148627
0.8810776
0.8817809
0.8960857
0.8673101
0.8987937
0.916903
0.9062244
0.8538616
0.9168032
0.8817262
0.9116143
0.8535656
0.9086404
0.9020098
0.8890659
0.9204703
0.8938286
0.8761648
0.8665592
0.8614518
0.8621197
0.8622554
0.8646479
0.861706
0.9183163
0.9111687
0.913689
0.9100804
0.870835
0.9127872
0.9143179
0.915294
0.9306893
0.9120713
0.9223348
0.9151827
0.915003
0.8812025
0.9145368
0.9105577
0.9131837
0.9118569
0.9203301
0.9316312
0.9270333
0.9142153
0.9149952
0.9165591
0.9095269
0.9230849
0.9229092
0.9038174
0.9220847
0.9178458
0.9094373
0.9150977
0.9156639
0.9060145
0.9164557
0.9097394
0.9145353
0.9094196
0.9331923
0.9185639
0.9117362
0.9107623
0.9141724
0.9129474
0.9169521
0.9181323
0.9175337
0.9162768
0.9199819
0.9214901
0.8800666
0.8880126
0.8942807
0.9181258
0.9120385
0.9098725
0.9131978
0.9081077
0.8885891
0.8985162
0.8913546
0.8144188
0.9175505
0.9037307
0.9000837
0.8893961
0.9022429
0.9095093
0.8827258
0.8524813
0.8905381
0.9026894
0.9055043
0.905227
0.9004995
0.9042219
0.8890659
0.895603
0.9034601
0.9074379
0.9073388
0.8926428
0.9094107
0.8883535
0.9092442
0.8915814
0.9042549
0.9127917
0.9009922
0.9118916
0.8795046
0.8912692
0.884707
0.8953542
0.8951771
0.8956584
0.8928686
0.8940343
0.9090876
0.9152064
0.9109256
0.9131232
0.8868928
0.9130497
0.9162034
0.9114574
0.9066928
0.8736487
0.8929969
0.8861595
0.9001592
0.9170967
0.917413
0.9176437
0.8749638
0.9177249
0.9226439
0.9209141
0.914164
0.8792697
0.9156627
0.917209
0.9137852
0.8768633
0.8755817
0.8969489
0.8742834
0.9195608
0.9123591
0.9211843
0.868068
0.9099086
0.88683
0.9154407
0.877916
0.9186393
0.9106497
0.8910051
0.9142398
0.8942624
0.8803005
0.8660558
0.87099
0.8697503
0.8692249
0.8691905
0.8691378
0.9227312
0.9143895
0.9142967
0.9090783
0.8772449
0.919328
0.9185845
0.9207064
0.8933238
0.8504809
0.8824085
0.8649994
0.8831263
0.9163988
0.9129286
0.9129239
0.8483371
0.9115955
0.9185268
0.9131806
0.9008294
0.854979
0.9093111
0.9153922
0.9097523
0.8511597
0.8545265
0.8896291
0.8454437
0.9095855
0.9085644
0.9113047
0.8384907
0.9052986
0.868895
0.9082216
0.8497665
0.9114157
0.8976484
0.8800086
0.9076387
0.8844545
0.8605031
0.8434959
0.8513822
0.8531432
0.8523831
0.8498355
0.8531487
0.919981
0.911545
0.9070611
0.9026421
0.8561188
0.9098157
0.9125459
0.9177188
0.9081039
0.8718866
0.8953916
0.880514
0.8945905
0.9125906
0.9096364
0.8963786
0.8725201
0.8966263
0.913915
0.9154989
0.9088049
0.8742779
0.8923066
0.9073077
0.896333
0.8789051
0.8792084
0.8823941
0.8659733
0.9067277
0.8990632
0.9168421
0.8709403
0.889767
0.8803037
0.9057519
0.8681022
0.8957506
0.9118394
0.8887894
0.8951485
0.8907375
0.8692721
0.8536786
0.870306
0.86846
0.8687209
0.8679336
0.8673753
0.9047177
0.9119453
0.9067491
0.9052884
0.8665336
0.9045087
0.8982785
0.9091303
0.8879607
0.852034
0.8775629
0.8688174
0.8884245
0.9195576
0.9061738
0.9151218
0.8491729
0.918661
0.9096799
0.9153452
0.9042437
0.8495157
0.9128155
0.9107999
0.9142684
0.8526589
0.854567
0.8958837
0.8408946
0.9052292
0.9163552
0.9047295
0.8325419
0.912207
0.8694228
0.9077152
0.8415842
0.9126001
0.8934686
0.8807274
0.918735
0.886877
0.8671944
0.8452203
0.8332955
0.8339701
0.8333207
0.8322676
0.8335352
0.9220002
0.9128735
0.9131722
0.9084544
0.8554761
0.9183491
0.9169883
0.9179017
0.8888095
0.8501116
0.8741411
0.8650495
0.8844712
0.9162516
0.9110456
0.9164158
0.8521723
0.916121
0.9153803
0.9207924
0.9075857
0.8519722
0.9171747
0.9155521
0.9181568
0.8477608
0.8499741
0.8932473
0.840106
0.9067537
0.9178213
0.9050847
0.8292312
0.9152542
0.8759785
0.9121693
0.8487607
0.9149103
0.8955832
0.8833143
0.9157537
0.8929892
0.866816
0.8368568
0.8376965
0.8385364
0.8388538
0.8356654
0.8388914
0.9215998
0.9135275
0.9102406
0.907764
0.8507546
0.9200398
0.9177397
0.9202758
0.8897224
0.8461194
0.8800767
0.8665756
0.8845876
0.915046
0.9073069
0.9105011
0.8464757
0.9123503
0.9129353
0.9134903
0.9047251
0.8489222
0.9103968
0.9109977
0.9141518
0.8483184
0.8512988
0.8957223
0.8410092
0.9129015
0.9124871
0.9094628
0.8375236
0.9082216
0.8763311
0.910095
0.8507723
0.9105335
0.8961375
0.8845414
0.9137163
0.8878084
0.8597951
0.8494115
0.8454692
0.8495176
0.8488428
0.8474153
0.8452221
0.9212022
0.9099027
0.9087218
0.9037011
0.854034
0.914747
0.9131909
0.9183536
0.8835451
0.8412245
0.8771005
0.8688863
0.8866072
0.919438
0.9081705
0.9160492
0.8402333
0.9185367
0.913611
0.9175247
0.9067749
0.8477247
0.9159983
0.9154578
0.9155325
0.8429944
0.8445391
0.8953543
0.8391399
0.9104877
0.9157674
0.9053072
0.8230878
0.9111423
0.8682139
0.9118417
0.8393897
0.914423
0.8924321
0.8853038
0.9158915
0.8927017
0.8629509
0.8421665
0.834777
0.837689
0.8377889
0.8351578
0.836203
0.9267016
0.9114336
0.9146929
0.9099259
0.8515889
0.915361
0.9138548
0.9218401
0.890367
0.8438926
0.8794906
0.8687397
0.887331
0.9201177
0.906953
0.9174335
0.8454155
0.9180165
0.9144794
0.9193437
0.9054883
0.8509588
0.9152887
0.9121335
0.9148295
0.8539852
0.8553777
0.8951706
0.841507
0.9097956
0.9186347
0.9096465
0.8339449
0.9162686
0.8758297
0.916305
0.8423688
0.9161969
0.8951639
0.8797771
0.9218611
0.8918977
0.87209
0.8410599
0.8398964
0.8386854
0.8387412
0.8369961
0.8392147
0.9251451
0.9136487
0.9142657
0.911028
0.8522605
0.9160074
0.9163731
0.9180276
0.8930693
0.8561289
0.8792304
0.8715114
0.8900018
0.9213334
0.8986779
0.9174553
0.8564759
0.9195601
0.9033582
0.9259677
0.9109732
0.854142
0.9164776
0.9073827
0.9217416
0.8682361
0.8674236
0.9011098
0.8612102
0.8981465
0.9182301
0.8988303
0.8480279
0.915491
0.8776445
0.9118971
0.8516226
0.9153805
0.8955187
0.8864382
0.9225793
0.8949318
0.8770115
0.8608406
0.849271
0.8513568
0.850986
0.8510144
0.8495785
0.9232287
0.9137299
0.916423
0.9094358
0.8631625
0.9206629
0.9180416
0.9231254
0.9060598
0.8827147
0.8953093
0.8903759
0.9014768
0.9218277
0.9237563
0.9154587
0.8807735
0.9172988
0.9250698
0.9256162
0.914791
0.8837018
0.9103993
0.9223188
0.9139747
0.8845787
0.8853478
0.9031623
0.8819388
0.9244489
0.9111181
0.9216174
0.8821599
0.9140529
0.8915212
0.9150562
0.8839245
0.9178984
0.9104252
0.8955064
0.9146552
0.8979634
0.8827488
0.8760948
0.8793337
0.8802807
0.88001
0.8792864
0.8813608
0.9283292
0.9180118
0.916236
0.9094695
0.8848073
0.916763
0.9193721
0.9217844
0.8951409
0.8575339
0.8781407
0.8696356
0.8874496
0.9184052
0.9085087
0.9192815
0.8553426
0.9181983
0.9112663
0.9203074
0.8992056
0.8541791
0.9186001
0.9107771
0.9146618
0.8586301
0.8563577
0.8985096
0.8434439
0.9085338
0.9188164
0.9039754
0.8417391
0.9137758
0.8791359
0.913543
0.84556
0.9130793
0.90024
0.8835204
0.9185016
0.8930833
0.8685138
0.8419672
0.8377066
0.8383288
0.837729
0.836856
0.8394695
0.9233549
0.9122462
0.9142134
0.9119166
0.8547284
0.919041
0.9174625
0.9178252
0.9356198
0.9153898
0.9248436
0.9121366
0.89493
0.9197324
0.8867153
0.8490522
0.9150472
0.8302639
0.8975434
0.9242855
0.916166
0.9116142
0.8333464
0.8995082
0.8456105
0.9281273
0.930173
0.8908382
0.9175674
0.8855092
0.8484395
0.9021779
0.9151322
0.8508698
0.9153323
0.9029533
0.9142531
0.8468228
0.9409284
0.9152471
0.8631603
0.9089645
0.9083282
0.9030115
0.9161401
0.9152591
0.9148389
0.9127761
0.9140212
0.887707
0.9157685
0.9148101
0.9127358
0.9023573
0.8619048
0.8621694
0.8616044
0.9181649
0.8915676
0.9101582
0.8953964
0.8899935
0.9121582
0.8980037
0.8912714
0.8906533
0.8891136
0.9037319
0.9197098
0.9094911
0.890962
0.8876911
0.900937
0.8927452
0.9130036
0.914463
0.6816155
0.9054193
0.8983339
0.8963608
0.9064622
0.8961161
0.8833679
0.8983788
0.8982072
0.8980462
0.8876338
0.9214975
0.9003498
0.8976993
0.8960194
0.8923377
0.8837912
0.9014655
0.8993541
0.9004659
0.9003187
0.8962688
0.9001636
0.9017309
0.9046039
0.8998483
0.8886158
0.8954131
0.8915812
0.8991752
0.9328484
0.9117005
0.9184629
0.9125942
0.9055048
0.9212642
0.8371178
0.8987757
0.9093636
0.9007906
0.8025225
0.9257436
0.9216012
0.9059217
0.9004382
0.802398
0.9057494
0.9258503
0.9276455
0.8986111
0.9172068
0.8434776
0.9116966
0.8547695
0.9165641
0.9049832
0.9161795
0.9031421
0.9119621
0.893206
0.9381728
0.915378
0.9154127
0.9129767
0.9128136
0.9069661
0.9117523
0.9077641
0.9080021
0.9089659
0.9096553
0.9013415
0.9155167
0.9142646
0.9089836
0.9067815
0.9039723
0.9056389
0.9000576
0.9262641
0.9094155
0.9206887
0.9101858
0.9006479
0.9210815
0.8370495
0.8976505
0.9072972
0.9007559
0.8061248
0.9287827
0.9205948
0.9040983
0.9034662
0.7193404
0.9083047
0.9272362
0.9262829
0.9048334
0.9159911
0.8432018
0.9146276
0.8513823
0.9082907
0.9054698
0.9128763
0.9065999
0.9082209
0.8954963
0.9350423
0.9162713
0.9123596
0.911136
0.9095287
0.9087598
0.9095442
0.9083994
0.9087147
0.9086766
0.9091359
0.9044621
0.9171887
0.9160844
0.9128596
0.9049002
0.9109046
0.9083009
0.9038199
0.9208082
0.9044577
0.9116026
0.9103578
0.9034027
0.923702
0.8241737
0.9058294
0.9026427
0.9144641
0.777947
0.9306592
0.9212684
0.8973656
0.91356
0.7872977
0.9179956
0.9249885
0.9232536
0.9030861
0.917866
0.8322601
0.919915
0.8383714
0.905511
0.9183008
0.9108446
0.9080137
0.9074194
0.900236
0.9293056
0.9171822
0.9265104
0.9132552
0.9166279
0.9100829
0.9056155
0.9066551
0.9065044
0.9044581
0.9033808
0.912402
0.9143148
0.9165032
0.915856
0.9032502
0.9109312
0.9155216
0.9086773