0.9080697
0.9052002
0.9074818
0.9054396
0.9133359
0.9130131
0.9153059
0.8785486
0.8972257
0.882014
0.8951702
0.8782233
0.9215796
0.889898
0.8909508
0.8922183
0.9053713
0.8872646
0.9245605
0.8723112
0.867267
0.9185856
0.8933253
0.9025021
0.9269206
0.9158552
0.9136586
0.9063304
0.9049106
0.9240936
0.9231265
0.9206253
0.9133136
0.9028602
0.9116299
0.9153515
0.9096841
0.9091334
0.9219863
0.9175039
0.9174747
0.9170845
0.9034559
0.9047279
0.9032338
0.90266
0.9044135
0.893515
0.9036895
0.9201751
0.915992
0.9193123
0.9153948
0.9258459
0.9219113
0.9210335
0.9225141
0.8969945
0.9235012
0.8816893
0.8832012
0.8845988
0.8787506
0.8834972
0.916419
0.8997834
0.9219323
0.9069074
0.8705689
0.8702195
0.8888889
0.8694622
0.9207983
0.901875
0.9036072
0.9013312
0.8954137
0.8844958
0.8965371
0.9294122
0.8885878
0.8948446
0.8954555
0.908033
0.8986656
0.8779659
0.8784861
0.9094927
0.8797099
0.88346
0.8990335
0.9010484
0.8840042
0.9145442
0.8941429
0.9073254
0.8986475
0.8973788
0.8887579
0.903739
0.9106695
0.9046726
0.9091836
0.9063366
0.9157551
0.9170983
0.9122192
0.8723272
0.8846502
0.8817773
0.8926859
0.8801014
0.9227014
0.8849158
0.8937939
0.8865382
0.8979519
0.869373
0.9208668
0.8642496
0.8565916
0.9156584
0.8880152
0.8949238
0.9217995
0.9108121
0.9134691
0.9040435
0.9110994
0.9103295
0.9131344
0.9140307
0.9075136
0.9078385
0.9101554
0.9119463
0.9137931
0.9083205
0.9244285
0.923214
0.9141348
0.9148259
0.9118063
0.9106782
0.9095769
0.9028278
0.90933
0.8905327
0.906953
0.9268456
0.91165
0.9153098
0.9123926
0.9181914
0.9166899
0.9199834
0.913966
0.8883718
0.9197587
0.8701886
0.8786827
0.8806982
0.8724417
0.8745512
0.9118816
0.8923407
0.9168141
0.909894
0.8602933
0.8534671
0.8816602
0.8560268
0.9138558
0.9099887
0.9105387
0.9087218
0.8850369
0.8848999
0.8833602
0.9194288
0.8822961
0.8869037
0.8881164
0.8996683
0.8925452
0.8652142
0.8718844
0.8982051
0.8712966
0.868369
0.8864969
0.9124942
0.8849694
0.9058807
0.8947651
0.9043229
0.8951426
0.9021739
0.8798388
0.9031758
0.9303983
0.9289627
0.9308711
0.9297214
0.9307545
0.9283928
0.9322696
0.9067133
0.919017
0.9086458
0.9092778
0.9057621
0.9380007
0.9106772
0.9076869
0.9110495
0.9286332
0.911607
0.9389313
0.9000947
0.900521
0.9381486
0.9128785
0.9270815
0.9430448
0.934997
0.9363504
0.9352609
0.9286602
0.9397232
0.9390103
0.9392171
0.9355018
0.9267711
0.9379627
0.9398337
0.9323817
0.935108
0.9382285
0.9352642
0.9352538
0.9349456
0.9240035
0.9281872
0.9257662
0.9207698
0.921628
0.9153063
0.9275352
0.9376981
0.9366985
0.9367193
0.9381584
0.9373821
0.9401451
0.9365079
0.9377435
0.9130753
0.9401652
0.9112621
0.9077581
0.9102196
0.9096289
0.9131345
0.9361717
0.916162
0.9388939
0.927602
0.9060337
0.9032804
0.9120756
0.9079155
0.9349776
0.9285517
0.9289608
0.9302534
0.9118098
0.9078878
0.9151355
0.9416826
0.906782
0.9116446
0.912268
0.923789
0.9246717
0.9115956
0.9060589
0.9247229
0.9077576
0.9099473
0.9108045
0.9269024
0.9085682
0.9329302
0.9141677
0.9224902
0.9122165
0.9157727
0.9108742
0.9171981
0.8927574
0.8894769
0.8893512
0.8931454
0.897348
0.8975285
0.9044674
0.8948512
0.9049379
0.9038249
0.9237909
0.9067781
0.9099986
0.8963284
0.9114755
0.903574
0.8990832
0.8977424
0.8746177
0.906627
0.9000107
0.8618255
0.9129821
0.9006888
0.9085314
0.8950595
0.8967848
0.8796897
0.8994997
0.9131332
0.9147425
0.8559261
0.8975681
0.8945428
0.8938492
0.8923744
0.8969737
0.8883138
0.8971519
0.9034318
0.8586658
0.8576103
0.8934709
0.8879833
0.8942322
0.9128346
0.9182353
0.8994757
0.8907013
0.9099713
0.8578192
0.8664979
0.8571322
0.8686502
0.864223
0.8654453
0.8622944
0.9109086
0.8988195
0.9020177
0.9007057
0.9082699
0.89948
0.9006338
0.8772118
0.9082566
0.8694467
0.8987118
0.8996808
0.8987492
0.9023831
0.8960138
0.8653588
0.8962455
0.8966239
0.897801
0.9108589
0.9059649
0.910597
0.876228
0.9149773
0.9190518
0.9209144
0.9029968
0.8917193
0.8935799
0.9043826
0.9044796
0.8965467
0.8991318
0.9090265
0.8927724
0.9046344
0.9032534
0.8988873
0.9159596
0.9142488
0.9162601
0.904286
0.9145396
0.9099831
0.906828
0.9102136
0.909928
0.9166667
0.9137371
0.9070459
0.9015972
0.8958097
0.9120879
0.9187165
0.9075389
0.9181317
0.9022559
0.9153006
0.9018825
0.8891426
0.8992813
0.9095488
0.9096504
0.8993343
0.9026852
0.9092298
0.8965929
0.9161888
0.8964093
0.8962369
0.8968521
0.9163425
0.8872272
0.8905133
0.9039532
0.8966877
0.9140114
0.9030727
0.9004607
0.9059515
0.90024
0.9171296
0.9189227
0.9057171
0.9061629
0.915431
0.9182572
0.9206316
0.9160321
0.9208342
0.9053969
0.9136938
0.9242716
0.9059581
0.9018797
0.9067495
0.9081418
0.9081941
0.9087858
0.9043347
0.9121066
0.9068336
0.902457
0.9044771
0.9139491
0.9048185
0.9045205
0.9155956
0.906622
0.9052374
0.9161883
0.9025972
0.8966551
0.9027763
0.9016434
0.9001204
0.9106713
0.9112909
0.9113204
0.910924
0.9110165
0.9004681
0.9011667
0.910119
0.9109903
0.9118355
0.8999521
0.8952823
0.8958941
0.9071805
0.896393
0.900421
0.896011
0.9073089
0.9179806
0.9109596
0.9072882
0.9050309
0.9113776
0.91906
0.9127389
0.899615
0.9191606
0.8922545
0.8936545
0.8934826
0.8942599
0.901865
0.8992036
0.9006356
0.9013867
0.9053639
0.9161725
0.9245643
0.9160583
0.9117491
0.9036274
0.9223342
0.910256
0.8938989
0.9029611
0.8752887
0.9063458
0.9054413
0.8578165
0.9146598
0.900704
0.9033523
0.8908044
0.8942034
0.887893
0.9041927
0.9051823
0.9048473
0.8567592
0.8922745
0.8977578
0.8882435
0.8904802
0.8979244
0.8899791
0.9031694
0.9061521
0.8502569
0.8529755
0.9017412
0.9004173
0.9017644
0.9199199
0.9199047
0.9016557
0.8970357
0.9092748
0.6073578
0.820926
0.6156437
0.8281435
0.7956165
0.7726374
0.8180072
0.920782
0.8954863
0.9036303
0.9112806
0.914934
0.9013828
0.9033073
0.8683702
0.9093964
0.8711593
0.8974285
0.9045503
0.9048856
0.9020378
0.9028415
0.851079
0.8978647
0.899029
0.8984613
0.9205945
0.9098396
0.9088411
0.863872
0.9169751
0.9233216
0.9243439
0.9064875
0.8917735
0.8957075
0.9112721
0.8984112
0.900151
0.8977305
0.9126463
0.9033884
0.9148532
0.8965628
0.9143604
0.9180891
0.9238306
0.9185872
0.9115692
0.9212711
0.9013569
0.895082
0.9002642
0.8977957
0.9054571
0.905498
0.9088808
0.9073947
0.9141656
0.9207728
0.9305877
0.9222558
0.9127295
0.9180815
0.9259967
0.9183062
0.9027218
0.9067922
0.9145667
0.9161501
0.909504
0.9025566
0.9205866
0.9084627
0.9095548
0.9000738
0.9024713
0.8916985
0.906855
0.9124669
0.9114564
0.9016006
0.9010827
0.9059971
0.9006493
0.896113
0.9062454
0.9015758
0.9104165
0.9076468
0.9029226
0.9017495
0.9013155
0.9040134
0.9046709
0.922189
0.9280847
0.9111303
0.9007349
0.9133056
0.9033623
0.9061513
0.9050159
0.9041473
0.9134509
0.9095089
0.9110265
0.9241599
0.9075298
0.9113456
0.9197156
0.9215269
0.9158965
0.9159772
0.908023
0.9161732
0.9041091
0.9097929
0.9104215
0.909826
0.9119452
0.9117458
0.9074947
0.9048015
0.9056481
0.9047257
0.9251375
0.9195431
0.9151982
0.9119467
0.9227002
0.9284867
0.9280927
0.9093196
0.9028093
0.9077777
0.9189035
0.9046524
0.9109497
0.9098411
0.9207416
0.9049079
0.92057
0.911131
0.9148684
0.9215225
0.9304792
0.9233343
0.9159025
0.9241141
0.9051791
0.8979548
0.902493
0.9005224
0.9064685
0.902082
0.9089983
0.8834562
0.8716067
0.8666642
0.8797507
0.8583445
0.9244376
0.872087
0.8924313
0.8692439
0.8916676
0.8863933
0.9146908
0.887732
0.880135
0.912239
0.871943
0.8951294
0.9186274
0.9047394
0.9051356
0.9041211
0.9070779
0.9105005
0.9137216
0.9093999
0.9030994
0.9027087
0.9067695
0.905827
0.9089537
0.9082745
0.9183615
0.9144742
0.9047018
0.9062994
0.8999099
0.906278
0.9041799
0.8846667
0.8907754
0.8826289
0.9014291
0.9204171
0.9102423
0.9054824
0.9101084
0.9132735
0.915534
0.9122604
0.9132758
0.8699226
0.9110409
0.8874602
0.8631342
0.8672775
0.8880697
0.8910506
0.908781
0.8945099
0.9052787
0.9034154
0.8799301
0.8764403
0.8911638
0.8755478
0.9082579
0.9075486
0.9078737
0.9073962
0.8671216
0.8747889
0.8939329
0.9155718
0.8986162
0.9040685
0.9045555
0.8967107
0.8903299
0.8752675
0.884018
0.9016992
0.8814391
0.88467
0.862436
0.9050398
0.876005
0.8986687
0.8913279
0.8908922
0.8876862
0.8911852
0.8753505
0.8944446
0.9071547
0.9084965
0.905661
0.9068617
0.9112416
0.9078315
0.910229
0.9081243
0.9126031
0.9197267
0.9293307
0.9225906
0.9208071
0.9108872
0.9287506
0.9162364
0.8964348
0.9058534
0.8802925
0.9183018
0.9130389
0.8725984
0.9190136
0.9120887
0.913758
0.8982698
0.9023241
0.8985704
0.9122041
0.9067627
0.9111548
0.8685869
0.9007928
0.9139073
0.9058252
0.8990605
0.9074294
0.9013191
0.9132432
0.9178528
0.8605454
0.8617081
0.912455
0.9126778
0.912633
0.9251388
0.9312264
0.9131527
0.9120467
0.9199584
0.8700434
0.8659683
0.8681452
0.8712484
0.8764372
0.8737959
0.870689
0.9217196
0.909325
0.9067905
0.9179942
0.9214546
0.9115223
0.9112196
0.8837132
0.9094453
0.8813278
0.9095185
0.9050975
0.9060185
0.907153
0.90844
0.8592692
0.9140185
0.9139903
0.9135597
0.9215673
0.9173201
0.9110407
0.8734918
0.9209242
0.9225357
0.9236734
0.9114273
0.9003511
0.9077226
0.9128637
0.9060565
0.9060944
0.9028897
0.9189416
0.9164825
0.9198272
0.909958
0.9165283
0.9236515
0.9263524
0.9239138
0.9142234
0.92577
0.9060636
0.9066171
0.9066959
0.9094509
0.9128341
0.9116339
0.9148848
0.8881465
0.8769612
0.8678956
0.8847257
0.8661033
0.9240621
0.8826519
0.8884497
0.8777878
0.8958079
0.8862677
0.9180276
0.891162
0.88347
0.9129362
0.8754981
0.8978217
0.925236
0.9082476
0.9115145
0.9056795
0.9078029
0.9116636
0.9117434
0.9137079
0.9080365
0.904789
0.9121651
0.9095504
0.9094771
0.9124449
0.9221006
0.9241067
0.9114934
0.9121574
0.9087744
0.9093041
0.909171
0.8876236
0.8915939
0.8822827
0.9081989
0.9240053
0.9108276
0.9131512
0.9127976
0.9176946
0.9181179
0.9162291
0.9159738
0.8701408
0.9140579
0.8875689
0.8623098
0.8715566
0.8940937
0.8935144
0.9119425
0.8966636
0.9103168
0.909989
0.8854107
0.8835579
0.894622
0.8844353
0.9084732
0.9105073
0.9095568
0.9072676
0.8688829
0.8749362
0.8967866
0.9129468
0.8954927
0.9018437
0.9020606
0.9001211
0.8941585
0.8831543
0.8888769
0.8998236
0.8874602
0.8874129
0.8678812
0.9139468
0.8738126
0.9075456
0.889377
0.8905071
0.8904318
0.8917832
0.873822
0.8979628
0.9051657
0.9018277
0.8995511
0.9009205
0.9099392
0.9015849
0.9102691
0.9040322
0.910515
0.9167196
0.933234
0.9184873
0.9205108
0.9105802
0.9265402
0.9163776
0.897694
0.9035985
0.8774804
0.9166286
0.9088843
0.8660109
0.9148921
0.9082313
0.9095542
0.8986623
0.9016907
0.8940697
0.9098443
0.9087743
0.9116786
0.8672022
0.9026765
0.9084117
0.8972957
0.8972781
0.9038936
0.9008386
0.9085404
0.9119267
0.8539709
0.8546498
0.9105959
0.9103889
0.9126451
0.9249099
0.9299376
0.9099914
0.9052097
0.9175868
0.8681912
0.8664031
0.8664496
0.8693991
0.873241
0.871988
0.8684649
0.9177753
0.9015295
0.907285
0.9197842
0.922528
0.9097089
0.9091718
0.8865517
0.9115359
0.8775434
0.9079928
0.9060547
0.9045914
0.9039289
0.9021805
0.8564166
0.9022013
0.9032038
0.9061391
0.9184693
0.9142329
0.9115848
0.8691492
0.9170677
0.9216888
0.922496
0.911547
0.8988347
0.9041239
0.9117177
0.9040977
0.9021668
0.9027803
0.9217474
0.9145685
0.9188788
0.9059607
0.9129305
0.9218005
0.9276846
0.9242741
0.9144723
0.9264007
0.9048544
0.9062189
0.9042368
0.906027
0.9108699
0.909232
0.9124506
0.9074371
0.9139625
0.9182529
0.9307307
0.9217208
0.9244416
0.9127934
0.9283351
0.9148431
0.9025134
0.9093265
0.880374
0.9159996
0.912742
0.8757062
0.9177674
0.9099214
0.9136484
0.8983737
0.9050011
0.898432
0.9139085
0.9082697
0.9140917
0.8696987
0.9009736
0.9136082
0.9055244
0.9007628
0.9070905
0.8974462
0.9140371
0.916254
0.859709
0.8607893
0.9131996
0.9141567
0.9101402
0.9272408
0.9300654
0.9131618
0.9078877
0.9199226
0.8707166
0.8715932
0.8672404
0.8717137
0.8773383
0.8732696
0.8727266
0.9258162
0.9027249
0.9114888
0.9229935
0.9237164
0.9118406
0.9124219
0.8810837
0.9121927
0.8823962
0.9082873
0.9091875
0.9070454
0.9113866
0.9090716
0.8609484
0.9078418
0.9077388
0.9088937
0.9239339
0.9137992
0.9126967
0.8758527
0.922352
0.925995
0.9255308
0.908771
0.8998701
0.9086747
0.9149424
0.9088593
0.9072836
0.9051801
0.9207945
0.9176835
0.9186161
0.909046
0.917528
0.9219004
0.9268671
0.9258155
0.9133919
0.928673
0.9055293
0.9059255
0.9042557
0.9057743
0.9121835
0.9099778
0.9134139
0.9069087
0.9141298
0.9200042
0.9320988
0.9222593
0.9228637
0.9138866
0.929644
0.9169336
0.90273
0.9100387
0.8811834
0.916428
0.9122585
0.8752416
0.9189142
0.9099771
0.9140565
0.898878
0.9053756
0.8988187
0.9124982
0.9078443
0.9123292
0.8696547
0.9027873
0.9136986
0.9054636
0.9002252
0.9076967
0.8994387
0.9125989
0.9166968
0.8586863
0.8598557
0.9135609
0.9158268
0.9112729
0.9262323
0.9287692
0.9132523
0.9087946
0.9190041
0.8711287
0.8698802
0.8684877
0.8732451
0.8763126
0.8730614
0.8728059
0.9267571
0.9028265
0.9123117
0.9217203
0.9241372
0.9120856
0.9125511
0.8811168
0.9136642
0.8832495
0.9084984
0.9104383
0.9080325
0.91221
0.9108215
0.8611215
0.908674
0.909036
0.9091426
0.9251755
0.9139279
0.9128252
0.8748166
0.9216109
0.9255565
0.924684
0.9111899
0.9003541
0.9085351
0.915108
0.9099312
0.9080813
0.9052767
0.9209544
0.9186943
0.9188165
0.9097163
0.9184162
0.9209388
0.9277216
0.9262684
0.9121826
0.9287892
0.890651
0.8891444
0.8916836
0.8900355
0.9035761
0.8987233
0.9047128
0.8984923
0.912535
0.9104786
0.920782
0.9089636
0.9095382
0.9031161
0.9157947
0.9065786
0.9050269
0.9063118
0.884891
0.9082083
0.9010602
0.8766183
0.9127018
0.9064748
0.9063124
0.8963124
0.8994165
0.8901267
0.8972404
0.9123575
0.9166911
0.8716254
0.8974925
0.8938842
0.8945656
0.894185
0.8912843
0.8926254
0.9022789
0.9011221
0.8699309
0.8709774
0.8980439
0.8919196
0.8952578
0.9171626
0.916543
0.9043265
0.8915891
0.9059453
0.8676241
0.8756877
0.8676842
0.8771287
0.8730387
0.8774727
0.8785791
0.9170304
0.8986687
0.9025674
0.9053501
0.9100622
0.9024302
0.9053943
0.8331074
0.9074326
0.8816181
0.8966007
0.9048013
0.9037997
0.9072691
0.9031527
0.8698953
0.8976444
0.8962624
0.8989668
0.9174627
0.9108513
0.9126593
0.889255
0.9129433
0.9202944
0.9205409
0.901729
0.8943318
0.8938423
0.9052598
0.9033339
0.8984341
0.90118
0.9139461
0.8942092
0.906416
0.9073723
0.9083199
0.9194255
0.9170673
0.9178778
0.9072309
0.9176516
0.9048198
0.9041091
0.9011878
0.9044789
0.905655
0.9020009
0.9015866
0.902958
0.9046809
0.9204079
0.9307765
0.9211593
0.9196193
0.9130107
0.9295973
0.9106959
0.8916294
0.8999783
0.8767941
0.9154456
0.9041755
0.859199
0.9169653
0.9007951
0.9133218
0.8906813
0.8965314
0.8913914
0.9156144
0.8960362
0.9022668
0.8558113
0.8969144
0.9148449
0.8981023
0.8924086
0.9044509
0.8938815
0.9086501
0.9135363
0.8436369
0.8444035
0.9133048
0.9104699
0.9135948
0.9216117
0.9282735
0.907679
0.9065938
0.9170483
0.8640867
0.8564718
0.8652125
0.8686472
0.8649422
0.8694337
0.8629183
0.9180963
0.8976683
0.9083657
0.9154222
0.9202043
0.9098628
0.9081095
0.8824972
0.9080699
0.8643189
0.9080576
0.9089703
0.9046331
0.9055461
0.9063847
0.8476409
0.9093754
0.9082892
0.9095749
0.9173756
0.9174017
0.9032027
0.8553069
0.919674
0.9200618
0.9196642
0.904807
0.8935281
0.900846
0.914099
0.8930322
0.9032692
0.9001416
0.9153559
0.9140111
0.9201661
0.9020758
0.9126381
0.9229343
0.9256314
0.9185562
0.9124537
0.9233292
0.9019235
0.8956588
0.8959227
0.9012985
0.9060208
0.9000685
0.9094011
0.8949813
0.9084141
0.9169513
0.9297083
0.9200456
0.9177249
0.9055523
0.9261303
0.9136502
0.8990956
0.8984222
0.8769225
0.9115784
0.9087783
0.8582529
0.915495
0.9024753
0.9065386
0.8926062
0.8974245
0.8837648
0.9076995
0.9025491
0.9061028
0.8562594
0.8949513
0.9063685
0.8905936
0.8900502
0.9006858
0.8892912
0.9026935
0.9098385
0.8449153
0.8420769
0.9065119
0.9055424
0.9017941
0.9212807
0.9259336
0.9045005
0.9003115
0.9149091
0.8618075
0.8575653
0.862007
0.8615611
0.8620857
0.8650193
0.860118
0.9171682
0.9000714
0.9037273
0.9126964
0.9181676
0.9030732
0.9040715
0.8878927
0.9072235
0.8717814
0.9034776
0.9042258
0.9013115
0.9001995
0.901023
0.8418279
0.9006793
0.9013354
0.904424
0.9179089
0.9170484
0.9060025
0.8651124
0.9129894
0.9204418
0.9213716
0.9034718
0.8941534
0.896214
0.9103079
0.8948998
0.8936569
0.8960911
0.9185787
0.90835
0.9163901
0.9010137
0.9121558
0.9209732
0.9233463
0.921035
0.9104195
0.9219259
0.8956519
0.8910359
0.8921121
0.8902681
0.9048517
0.9011697
0.9029864
0.9023132
0.913466
0.9076879
0.9227211
0.9088957
0.9070819
0.9007267
0.9142421
0.9065189
0.9062714
0.9006954
0.8856348
0.9118852
0.9050186
0.8787098
0.9132391
0.9029842
0.904718
0.8959591
0.9004641
0.8890008
0.8950499
0.9127991
0.9177418
0.8738827
0.8963262
0.8935429
0.8944614
0.8991061
0.8971061
0.8923225
0.8985064
0.8990052
0.8685502
0.8724625
0.892461
0.8941284
0.8955526
0.9168125
0.9175715
0.9058044
0.8904095
0.9054859
0.8646589
0.8696964
0.8672468
0.8748798
0.878562
0.8785275
0.8779905
0.9151726
0.8997834
0.9034656
0.9085751
0.9098746
0.9042313
0.9081502
0.8324385
0.9102893
0.8847788
0.8929169
0.9050996
0.9025661
0.9054824
0.9023559
0.8756953
0.8982499
0.8973524
0.8984926
0.9178652
0.910388
0.913695
0.8880731
0.9134778
0.9230528
0.9240837
0.8995691
0.8904886
0.8974452
0.9062612
0.9052712
0.8995576
0.8989516
0.9121315
0.8891871
0.9077627
0.9057115
0.9060986
0.9209471
0.9151158
0.9180495
0.9086062
0.9160661
0.894523
0.8911609
0.8927865
0.8940038
0.9009181
0.8965185
0.9089889
0.7496224
0.8820588
0.8784795
0.8996054
0.8893993
0.9022043
0.8813473
0.8969645
0.8828453
0.8853002
0.773542
0.9075585
0.8632432
0.8564025
0.894456
0.8894122
0.8922747
0.9090611
0.8938678
0.8915548
0.8850985
0.8989127
0.9015579
0.9055181
0.8946193
0.8917256
0.8946061
0.8894443
0.8946311
0.9016512
0.8916269
0.9104672
0.9082535
0.897829
0.8983088
0.8993158
0.8948721
0.895843
0.9006121
0.9059363
0.8763199
0.8948011
0.9131594
0.8974543
0.9001188
0.8982081
0.8994433
0.904215
0.906803
0.9053688
0.8818409
0.9038703
0.7735142
0.8791849
0.8865082
0.6236314
0.6434358
0.9020018
0.8346198
0.9029417
0.8964188
0.794196
0.7873171
0.8012323
0.792455
0.9005437
0.8961039
0.8979467
0.897773
0.8808964
0.8858471
0.875985
0.9080222
0.7937731
0.8295343
0.8285661
0.8911443
0.8839403
0.8493796
0.8312009
0.8961562
0.7463391
0.7619586
0.8848373
0.8949739
0.8827201
0.8983559
0.8873178
0.9022337
0.8994033
0.8976238
0.881278
0.9027733
0.9131374
0.9159564
0.913963
0.9145657
0.9212075
0.9163181
0.9146388
0.8157308
0.8860503
0.8917866
0.9057752
0.8988584
0.9237025
0.8951506
0.9016935
0.8983433
0.8980842
0.8073685
0.9160276
0.8798289
0.8674084
0.9085068
0.8985811
0.9029038
0.9241752
0.9066561
0.9057078
0.9054618
0.9181662
0.9007938
0.9032682
0.9088851
0.9062107
0.9163096
0.9119891
0.9114816
0.9157648
0.9058747
0.9246088
0.9260777
0.9087923
0.9079505
0.9167577
0.9177831
0.9188708
0.9084355
0.9156348
0.8944601
0.9188245
0.9272573
0.9142516
0.9133234
0.9117078
0.9151581
0.9170791
0.914435
0.912941
0.8936846
0.9123747
0.8217308
0.8926962
0.8924051
0.7641423
0.7689892
0.9187661
0.8529455
0.9040034
0.9196463
0.8317478
0.8245674
0.8278452
0.8321963
0.908221
0.9165349
0.9176079
0.9182858
0.894939
0.9005489
0.8798473
0.9097343
0.8304989
0.8489622
0.8487045
0.9047274
0.9007397
0.8665459
0.8559544
0.8997265
0.8152333
0.8088559
0.892204
0.9196425
0.8966058
0.9051767
0.9012289
0.9063766
0.9090023
0.9045124
0.8932222
0.9091324
0.904206
0.9005121
0.9076705
0.906851
0.9113862
0.9094023
0.9097992
0.8824217
0.8695009
0.8536567
0.8734874
0.8524216
0.9190515
0.8721089
0.8769596
0.8564378
0.8974535
0.8887198
0.9185627
0.8782917
0.8713089
0.9141532
0.8720471
0.8927884
0.923113
0.9134522
0.913816
0.9049168
0.9085533
0.9127813
0.9150621
0.913836
0.9104908
0.9064997
0.9135758
0.9166487
0.910556
0.9146798
0.9154721
0.9143158
0.9085942
0.9088824
0.9046012
0.9035204
0.9048382
0.8857885
0.8949058
0.8784105
0.9017366
0.9209216
0.9129788
0.9129645
0.9134167
0.9185722
0.9195954
0.9196581
0.9192424
0.8673657
0.913195
0.8859133
0.8223175
0.8283963
0.8897834
0.8921177
0.912292
0.9024303
0.9086201
0.9101308
0.8792198
0.8767514
0.8930722
0.8751188
0.9127318
0.9068042
0.9066234
0.9076649
0.8611644
0.8612629
0.8893521
0.916991
0.8984909
0.8965517
0.8980641
0.8939978
0.8911835
0.879304
0.8796924
0.8991843
0.8824068
0.882091
0.865297
0.9014716
0.8690822
0.9005454
0.8804618
0.8880669
0.8762682
0.8840966
0.8679086
0.8915754
0.903545
0.894506
0.9000179
0.9001669
0.9051453
0.9036717
0.9075297
0.8739477
0.8539406
0.841119
0.8635629
0.8385218
0.9155885
0.8601898
0.8786753
0.8515235
0.8912713
0.8776166
0.9201775
0.8808372
0.8658859
0.9103811
0.866921
0.8886951
0.9173123
0.9053261
0.9063515
0.897711
0.9021004
0.9109665
0.9087891
0.9039236
0.9036887
0.8995555
0.9063235
0.9074368
0.9061927
0.9028646
0.9116466
0.9110651
0.9043776
0.903851
0.897287
0.8993296
0.9034303
0.8813428
0.8893441
0.8702472
0.8940428
0.9199284
0.903779
0.9062176
0.9037332
0.912755
0.9137234
0.9103334
0.9073107
0.8571746
0.9097454
0.8800947
0.8113084
0.8166353
0.8760264
0.8778498
0.9075151
0.8920465
0.908611
0.9007321
0.8728125
0.8695221
0.8850562
0.8725677
0.9080114
0.901239
0.9022384
0.9015965
0.8534975
0.8628446
0.8881345
0.9163956
0.8884625
0.8973032
0.8965077
0.8934681
0.8827429
0.8694976
0.8776024
0.8943465
0.8759838
0.878196
0.8584826
0.896773
0.8587791
0.8969359
0.8749129
0.8858216
0.8710156
0.8789973
0.8601556
0.8876409
0.9084529
0.9019615
0.9065035
0.9077766
0.9134146
0.9120933
0.9079586
0.8823185
0.8569932
0.8488972
0.8687546
0.8448893
0.9190592
0.8699094
0.8774675
0.8534368
0.8903945
0.8810775
0.9147328
0.8821171
0.8714851
0.9122004
0.8610126
0.8898547
0.9178514
0.9069945
0.9090778
0.9070328
0.9114635
0.9096143
0.9109489
0.9084882
0.906783
0.9060681
0.913501
0.9143956
0.906472
0.9094564
0.9183696
0.9171101
0.9085546
0.9095472
0.9053448
0.9082309
0.9073284
0.8777683
0.8871229
0.8775652
0.9029078
0.9215883
0.9083016
0.9093511
0.9091393
0.9136228
0.9130542
0.9133687
0.9110015
0.8634399
0.9111601
0.8857734
0.8133761
0.8289534
0.8889652
0.8867282
0.9107341
0.8937327
0.9081482
0.9056043
0.8774757
0.8761905
0.8882445
0.8781689
0.9067648
0.9024915
0.9040003
0.9039487
0.857074
0.8654017
0.8837562
0.9098556
0.8942287
0.8986947
0.8985636
0.8945672
0.8866702
0.8719288
0.8802406
0.8928702
0.8778199
0.8794492
0.8528559
0.9077106
0.8676742
0.8961281
0.8756701
0.8859385
0.867031
0.8811695
0.8616923
0.8873611
0.9053064
0.8981485
0.9064848
0.9054744
0.9081434
0.9059429
0.9094778
0.8832565
0.8651673
0.85932
0.8775874
0.8505764
0.9221388
0.8684289
0.8831817
0.8642043
0.8992461
0.8869707
0.916646
0.8868244
0.8696083
0.9143022
0.8695205
0.8940954
0.9188248
0.9059832
0.9075621
0.9062146
0.9031737
0.9091547
0.9120073
0.9097758
0.9074772
0.9041685
0.9097129
0.9112106
0.907557
0.9063875
0.9160551
0.9167875
0.9080265
0.9090615
0.8996316
0.9046779
0.9051663
0.8907634
0.8963315
0.8775585
0.8965728
0.9220481
0.9093335
0.9144273
0.9105166
0.9098112
0.9152232
0.9133568
0.9142665
0.8685247
0.9065977
0.8874732
0.7967942
0.8137936
0.8853388
0.8899089
0.9094666
0.90024
0.9057251
0.9066036
0.8714422
0.8723373
0.8868343
0.8744643
0.906314
0.9051403
0.9049596
0.904634
0.8662987
0.8681961
0.8934041
0.914372
0.8943959
0.9020212
0.9007617
0.8950412
0.8922761
0.8760025
0.88195
0.8948961
0.8812339
0.8806752
0.8623108
0.9009639
0.8683677
0.9024347
0.8741305
0.8925732
0.880768
0.8835923
0.8641457
0.8902101
0.9146835
0.9146569
0.9150625
0.9154703
0.9214434
0.9212549
0.9167448
0.900909
0.8761026
0.8888969
0.8946787
0.8908383
0.9304566
0.8948164
0.9039957
0.8871676
0.8962132
0.8949238
0.9204047
0.9002193
0.8912833
0.9197977
0.8884542
0.9024667
0.9312496
0.9120488
0.914902
0.9124367
0.9237712
0.9054517
0.90878
0.9148479
0.9130419
0.9208303
0.9157541
0.9185288
0.9152609
0.9122965
0.9251274
0.9257182
0.9183724
0.9171744
0.9240977
0.9237961
0.9247143
0.9053033
0.9121823
0.8961839
0.9195869
0.9319065
0.9180558
0.9142391
0.9170757
0.9169898
0.9226517
0.9231142
0.9183101
0.8892123
0.9215857
0.9007274
0.8763554
0.8866347
0.8998504
0.9000178
0.9217508
0.9072154
0.9106313
0.9172924
0.8952868
0.8914857
0.900503
0.8930081
0.9178097
0.9184011
0.9181428
0.9207563
0.8855448
0.8965641
0.8943599
0.917855
0.9037993
0.9077478
0.9077322
0.9059449
0.9006226
0.8936747
0.8974817
0.8983706
0.9008178
0.8951963
0.8864502
0.9255855
0.895251
0.9070793
0.8956285
0.9016209
0.9025846
0.9049062
0.8870018
0.9072278
0.9184545
0.914851
0.9158636
0.9143745
0.9193017
0.9204226
0.9146371
0.8965208
0.8737871
0.8769883
0.8893454
0.8713585
0.9296905
0.8849975
0.8935424
0.8736926
0.9016897
0.8930583
0.9237573
0.8930552
0.882622
0.9179073
0.8799148
0.9003253
0.928709
0.9132646
0.9123848
0.9189596
0.9203658
0.9075217
0.9109693
0.9138017
0.9145623
0.9182485
0.92188
0.9189872
0.9168411
0.918513
0.9272501
0.924859
0.9182163
0.9187796
0.9185895
0.917975
0.9195527
0.8893257
0.8967787
0.8892725
0.9177665
0.9307497
0.9176363
0.9168872
0.9179084
0.9205219
0.919078
0.9237361
0.9211418
0.8748092
0.9177799
0.8954861
0.8605319
0.86783
0.8958735
0.8956891
0.92273
0.9051428
0.9094352
0.922751
0.8906469
0.8863727
0.8993155
0.8845128
0.9140904
0.9181703
0.9176086
0.9178693
0.8715013
0.8818663
0.8867161
0.9125781
0.8972188
0.9018519
0.9011039
0.9042263
0.8965263
0.8961058
0.8934899
0.8976071
0.8939536
0.8930497
0.8714473
0.9231095
0.88053
0.9085952
0.8881353
0.8947015
0.8918862
0.8916272
0.8778822
0.8960475
0.9166754
0.9168191
0.9188507
0.9192739
0.9226713
0.9234965
0.9235818
0.9041786
0.8841033
0.8710007
0.8764179
0.8663521
0.9353498
0.8914269
0.8820714
0.8782684
0.9161954
0.9024181
0.9332245
0.8932554
0.8958356
0.9295581
0.8865338
0.911913
0.9358838
0.9269607
0.9258316
0.9296577
0.9208946
0.9290201
0.9308019
0.9311307
0.9228391
0.9174412
0.9274982
0.9304992
0.9226932
0.9275604
0.9335693
0.9300014
0.9279932
0.9291626
0.9164779
0.9147034
0.9176144
0.8936414
0.8996952
0.8945272
0.9180236
0.9331921
0.9267171
0.9287039
0.9285714
0.9284717
0.9319374
0.9263842
0.9276039
0.880393
0.9354411
0.9010134
0.8581686
0.8642234
0.9016627
0.9044796
0.9279235
0.9112821
0.9290087
0.9204433
0.8960839
0.8939165
0.9040364
0.8936864
0.9254041
0.9180484
0.9194631
0.9190026
0.8740727
0.8795159
0.907688
0.9332592
0.9058226
0.9065394
0.9073289
0.9121596
0.9091888
0.8991391
0.8959109
0.9182913
0.9029958
0.9039923
0.8768768
0.9163763
0.8829729
0.9185571
0.8905731
0.8996192
0.8826456
0.8916661
0.8839514
0.8996694
0.9136904
0.9102067
0.9111979
0.9123886
0.9197351
0.9214543
0.9187535
0.8944193
0.8725228
0.8615006
0.8713762
0.8543639
0.9287749
0.8783395
0.8853694
0.8693466
0.9062922
0.8927022
0.9297575
0.8900207
0.8830323
0.9188536
0.8804904
0.9068298
0.9336644
0.9223918
0.9214999
0.9214564
0.917012
0.9192535
0.9208099
0.9209329
0.9170228
0.9148083
0.9217086
0.920582
0.9195459
0.920959
0.9284828
0.9269439
0.922776
0.921086
0.9116772
0.9159337
0.9166988
0.8952829
0.8964335
0.8895157
0.9110462
0.9318558
0.9197777
0.9219293
0.9197055
0.9244255
0.9241532
0.9198378
0.921275
0.8705574
0.9210517
0.8939437
0.8475744
0.8531329
0.8916422
0.8946241
0.9193246
0.903934
0.9228084
0.9157127
0.8885377
0.8867795
0.8955741
0.887724
0.9214818
0.9151099
0.9152721
0.9150748
0.8630924
0.8789487
0.8945947
0.9256121
0.8957706
0.899722
0.9012541
0.9052392
0.9044688
0.8872923
0.8895589
0.9094445
0.8933963
0.8924542
0.8640369
0.9138341
0.873161
0.9118761
0.8888208
0.8947796
0.8783972
0.891432
0.8760265
0.8944351
0.9123713
0.9082491
0.9095169
0.9101864
0.9164753
0.9147985
0.9117596
0.8925114
0.8694103
0.8801199
0.8929868
0.8731417
0.9253513
0.8805807
0.8925143
0.8762545
0.896527
0.8872747
0.9181537
0.8932149
0.8784287
0.9077515
0.8806089
0.8966566
0.9251735
0.9064087
0.9066001
0.9063634
0.9116681
0.906676
0.909147
0.9104033
0.9070252
0.9118301
0.9124485
0.912874
0.9115467
0.9104628
0.922114
0.9240823
0.9066347
0.9073949
0.9168665
0.9149839
0.9198855
0.8983337
0.9070358
0.8858719
0.9137689
0.929568
0.9147404
0.911119
0.9128083
0.9120848
0.9143856
0.9125336
0.9129716
0.8851456
0.9119696
0.8916834
0.8641436
0.8665983
0.8951259
0.8959663
0.9171918
0.8981627
0.905876
0.9123489
0.8884177
0.8840444
0.8937169
0.8849201
0.9107308
0.9082796
0.9096822
0.9090941
0.8829982
0.8878828
0.8892659
0.9104963
0.9026995
0.9031998
0.9036081
0.9002042
0.8975319
0.8758664
0.8868413
0.8950566
0.8926395
0.8885001
0.8798009
0.9161526
0.8844531
0.9060142
0.8892611
0.9011058
0.8942759
0.8954837
0.8793072
0.9023338
0.8948482
0.8937566
0.8965766
0.8951604
0.9054256
0.9059729
0.9079017
0.8785857
0.8637621
0.8540015
0.8682476
0.8448073
0.9160558
0.8569495
0.8783263
0.8511367
0.8969334
0.8824004
0.9131972
0.8729688
0.8703274
0.9123207
0.8701562
0.8932559
0.9137243
0.9085617
0.9118658
0.8974606
0.8972781
0.9165162
0.9198589
0.9096232
0.9052045
0.8945345
0.9070971
0.910946
0.9026687
0.9060207
0.9146284
0.9096004
0.9041812
0.9049996
0.8907895
0.8929862
0.8989626
0.8859603
0.8894373
0.8771052
0.8910015
0.9157403
0.9023584
0.9085546
0.9020389
0.9113775
0.9146747
0.9104932
0.9090129
0.8635756
0.9116398
0.88234
0.8212303
0.8290153
0.8812511
0.8833534
0.9081714
0.8988226
0.9097478
0.8977602
0.8727507
0.8715257
0.8869521
0.8685446
0.9044883
0.9010605
0.9023837
0.9001516
0.8575204
0.8641092
0.8867316
0.9180619
0.8901951
0.8996118
0.9004198
0.889953
0.8908722
0.870465
0.8758826
0.899836
0.8801343
0.8788749
0.8617033
0.8917828
0.8664022
0.8998529
0.8727434
0.8848885
0.8713536
0.8806518
0.8618619
0.8805006
0.9113575
0.9052538
0.9122105
0.9083681
0.9161021
0.9172203
0.9193593
0.890684
0.8707408
0.862636
0.8719444
0.8550204
0.9302543
0.8756658
0.8877078
0.8706511
0.9044131
0.8888889
0.9237773
0.893651
0.8802766
0.9214283
0.8829279
0.899394
0.9310014
0.9200227
0.9165246
0.9149899
0.9132883
0.9189091
0.9228623
0.9191736
0.9142928
0.9132576
0.9175683
0.9194012
0.918293
0.9157267
0.9234489
0.9252599
0.9157958
0.9140268
0.9072502
0.9095618
0.9131762
0.8912652
0.8987578
0.8839608
0.9115249
0.9256087
0.9180099
0.9188258
0.918205
0.9199818
0.9217304
0.9177474
0.9193965
0.8764846
0.9183622
0.8910948
0.855645
0.8600257
0.8908967
0.8936026
0.9178058
0.9019059
0.9133987
0.9135859
0.8824569
0.8843866
0.8941555
0.8838155
0.9161611
0.9133296
0.9146761
0.9147456
0.8686402
0.8767731
0.8905037
0.9214795
0.8937755
0.8991
0.9007476
0.9058686
0.9033548
0.8837471
0.8817542
0.906701
0.8890053
0.8883126
0.8704349
0.9108369
0.8725804
0.9066127
0.8873919
0.8929101
0.8815433
0.8881996
0.8739006
0.8972622
0.906061
0.897087
0.9034829
0.9030264
0.9108048
0.9045935
0.906189
0.8810068
0.862016
0.8569827
0.8697558
0.8457396
0.9194116
0.8679794
0.874668
0.8598269
0.8961842
0.8832093
0.9137025
0.8778788
0.8652735
0.9112136
0.8703752
0.8912792
0.9247987
0.9063219
0.9071925
0.9043811
0.9035328
0.9118214
0.9123399
0.9070693
0.9057905
0.9014476
0.9102289
0.9084458
0.9056405
0.9069283
0.9148681
0.916077
0.9069877
0.9072433
0.9030413
0.8987521
0.9059654
0.8798195
0.8906134
0.8731843
0.9019001
0.91896
0.9087459
0.90776
0.9086913
0.9116477
0.913754
0.9137992
0.9076769
0.8678693
0.908487
0.8822882
0.8344341
0.8383086
0.8807054
0.8839971
0.9102532
0.9003061
0.9085969
0.9052066
0.8779869
0.8729155
0.8845042
0.8735577
0.9090549
0.9056271
0.9068606
0.9074779
0.8634425
0.8643644
0.8883011
0.9103884
0.8881491
0.8943445
0.8938557
0.8904652
0.8871424
0.8737152
0.8784226
0.892172
0.8806163
0.8747085
0.8634729
0.9032727
0.8686337
0.8988025
0.8796494
0.8869712
0.875923
0.8760929
0.8644733
0.8847666
0.9086191
0.9067583
0.9066049
0.9028567
0.9124126
0.9112086
0.9055618
0.8830093
0.869458
0.8763201
0.8899771
0.8754152
0.9204924
0.8731707
0.8924716
0.8689773
0.8916315
0.8806377
0.9123316
0.8882696
0.8782033
0.9042599
0.8743689
0.8934094
0.915896
0.903458
0.9031455
0.9053056
0.9137645
0.8980159
0.8978295
0.9035246
0.9047945
0.9154166
0.9113792
0.9069901
0.9050047
0.9082453
0.9115398
0.9148092
0.9046098
0.9031414
0.9090747
0.9106521
0.9073864
0.8949028
0.8985011
0.8811734
0.9041976
0.9228716
0.9090491
0.9077274
0.9099566
0.9065756
0.9119742
0.9097758
0.9076841
0.8788692
0.9030167
0.8872015
0.858014
0.8706579
0.8921952
0.8883455
0.9099572
0.8937496
0.899177
0.9098262
0.8858833
0.8791237
0.8870083
0.8856299
0.9038145
0.9074843
0.9096251
0.9090361
0.8774025
0.8842056
0.8863905
0.9066444
0.896362
0.8972058
0.8979318
0.8948487
0.8910828
0.8803219
0.8910671
0.8878075
0.8816514
0.8824768
0.8732292
0.9079234
0.8852039
0.8998544
0.8847477
0.8923535
0.8923562
0.8921789
0.8745283
0.8939632
0.9165829
0.9152845
0.9169718
0.9172909
0.9250241
0.9208651
0.9210391
0.8955048
0.8849487
0.8728445
0.8851774
0.8732758
0.9310178
0.8868217
0.8882121
0.8750852
0.9076656
0.8937538
0.9262437
0.8910368
0.8857245
0.9228786
0.8850023
0.9075193
0.9299627
0.9189554
0.9170358
0.9197701
0.9185864
0.9183297
0.9186147
0.9230416
0.9158138
0.9179864
0.9231259
0.9216227
0.9147015
0.9213511
0.9292623
0.9253705
0.9182572
0.9183235
0.9177553
0.9179026
0.9188728
0.8967429
0.901601
0.8921285
0.9175822
0.9332164
0.9194898
0.920765
0.9193054
0.923487
0.9235207
0.9257147
0.9221461
0.8794477
0.9215277
0.8956181
0.8669221
0.8732093
0.8994471
0.9023356
0.9224504
0.9031084
0.9214851
0.9236373
0.8950628
0.8898915
0.8996272
0.890543
0.9197108
0.9180976
0.9185214
0.919272
0.8731605
0.8839105
0.8955118
0.9209552
0.8981981
0.9041431
0.9051225
0.9092682
0.903162
0.8880977
0.8945756
0.904505
0.8965875
0.8909691
0.8738801
0.9201366
0.8813694
0.9160053
0.8926347
0.9032089
0.8925387
0.8974449
0.8827515
0.8973097
0.8965862
0.8932053
0.8947463
0.8938563
0.9029385
0.8974047
0.9060417
0.7102741
0.876729
0.8810952
0.9011998
0.8885097
0.9082343
0.8811976
0.8985284
0.8861546
0.8787333
0.7187134
0.9072187
0.8644142
0.8464045
0.8929266
0.8867202
0.8884877
0.9065571
0.8913548
0.894964
0.8849996
0.901863
0.8967076
0.9024624
0.8949571
0.8938838
0.9000216
0.8927075
0.8925753
0.8970085
0.887451
0.9079886
0.90986
0.8970899
0.8959718
0.9031852
0.9018611
0.8997383
0.9038348
0.9066994
0.8817694
0.896166
0.9138161
0.8993358
0.9022483
0.9005584
0.900144
0.9062389
0.9051868
0.9030238
0.8858686
0.9047637
0.7354288
0.8802961
0.8858914
0.7728581
0.7814533
0.9057182
0.8044071
0.9004717
0.8999748
0.7891768
0.7845306
0.7372173
0.7869914
0.894104
0.8950049
0.8963404
0.8966425
0.8854415
0.8863612
0.8701399
0.9072545
0.7194713
0.7873446
0.7896728
0.8953415
0.8848377
0.8453655
0.8303929
0.8879965
0.7046971
0.7157616
0.8848616
0.900674
0.8864667
0.8959312
0.8885216
0.9010258
0.9032361
0.8983921
0.880642
0.9025754
0.8344423
0.8229833
0.8321825
0.8308259
0.8474488
0.8421033
0.9110955
0.8947751
0.9160463
0.9027157
0.9156767
0.9091592
0.9066815
0.9015162
0.9156533
0.9060852
0.908618
0.9038883
0.9158243
0.9058473
0.9059872
0.9043088
0.9158367
0.9073285
0.9077709
0.8946574
0.8957019
0.8797775
0.8492603
0.927569
0.9258242
0.9030855
0.8946614
0.846997
0.883027
0.8915143
0.8959354
0.8880113
0.8960626
0.8976987
0.9013962
0.9025433
0.8397448
0.8345368
0.8405034
0.9188736
0.9191524
0.9054441
0.8331871
0.9089056
0.8969749
0.9060777
0.8997556
0.9084098
0.9070628
0.9068208
0.9086233
0.9150051
0.9128014
0.903971
0.9076698
0.9088544
0.8993383
0.9075178
0.9029848
0.9136823
0.9069852
0.8288056
0.9023821
0.9023637
0.9112877
0.90042
0.9091792
0.8286658
0.8292655
0.8294818
0.9139473
0.9083879
0.9194449
0.9208531
0.9152256
0.9246818
0.9249618
0.9097562
0.9042276
0.8976839
0.9051181
0.9197054
0.9006299
0.9004185
0.9118887
0.8363035
0.9052526
0.9134513
0.9088307
0.9174591
0.9176421
0.9109555
0.9045106
0.9179617
0.8833547
0.8781491
0.878249
0.8818138
0.8922262
0.8882767
0.8960623
0.8894084
0.8947928
0.9093649
0.9252274
0.9066488
0.8985417
0.8982902
0.9213195
0.9049373
0.8814144
0.8859352
0.8937301
0.9058706
0.8904529
0.8757408
0.9056149
0.8931762
0.8916538
0.7946027
0.8065432
0.8240634
0.8887173
0.887396
0.8944127
0.8807453
0.8047264
0.887552
0.847837
0.8392864
0.8718577
0.849549
0.8985011
0.9032582
0.8829367
0.8840978
0.8926903
0.897856
0.8945968
0.916315
0.9207073
0.8962099
0.8834297
0.9045704
0.8872722
0.8871713
0.8876627
0.8810989
0.8993927
0.8951899
0.8913704
0.9123115
0.8819793
0.8931208
0.9055024
0.9111358
0.8927946
0.8944224
0.895342
0.8973502
0.8862757
0.8850902
0.8925128
0.8911022
0.8887421
0.8882745
0.8834299
0.8852368
0.8846466
0.8872114
0.9089443
0.9118145
0.9013262
0.8872014
0.9059633
0.9098022
0.9116436
0.894027
0.880848
0.8835006
0.8957643
0.8849834
0.8878501
0.8891504
0.9055919
0.8963866
0.9073614
0.8897931
0.9088021
0.91229
0.9224776
0.9123045
0.9023502
0.918207
0.9156685
0.9090396
0.9138505
0.9147551
0.920563
0.9177468
0.9172285
0.8928456
0.8823849
0.8726052
0.8822812
0.871102
0.9275745
0.8802978
0.8922136
0.8710783
0.9078346
0.8935112
0.9244119
0.8927191
0.8834279
0.9211207
0.8866614
0.9028445
0.9244286
0.9184472
0.9169861
0.9177503
0.9165673
0.9174955
0.9195753
0.9136508
0.9148353
0.9154327
0.9207931
0.9185564
0.9129524
0.9145653
0.9250887
0.9254857
0.9162567
0.9159839
0.9127363
0.9105694
0.9167482
0.8975781
0.9028899
0.8832504
0.9100724
0.9268956
0.9197837
0.9201909
0.9213272
0.9239354
0.919632
0.9211126
0.919584
0.8834532
0.9189873
0.89597
0.8632648
0.8765209
0.8959231
0.8969171
0.9218024
0.9052847
0.9143638
0.9160692
0.8893587
0.8863268
0.8971207
0.8895409
0.9162377
0.9163042
0.9169207
0.9150132
0.8774347
0.8758914
0.8976581
0.9222684
0.901148
0.9049184
0.9050182
0.9055345
0.9029791
0.8866338
0.8904561
0.9075243
0.8941675
0.8923921
0.8696757
0.9140052
0.8813468
0.9123151
0.8938173
0.8997545
0.8871511
0.8952978
0.8806416
0.9014761
0.8997839
0.8956338
0.8987717
0.898184
0.9030605
0.8999787
0.9090622
0.7633871
0.8825352
0.8804624
0.898322
0.8887764
0.908102
0.8777318
0.898119
0.8862295
0.8871056
0.7690984
0.9087224
0.8622105
0.8537489
0.8999709
0.8921765
0.894537
0.9097728
0.8971489
0.8961691
0.8928901
0.9033628
0.9028235
0.9070769
0.8974144
0.8953395
0.8999213
0.893526
0.8968982
0.9020131
0.8939971
0.91062
0.9133881
0.8982775
0.8993509
0.9017335
0.9027384
0.9030857
0.8973426
0.9058613
0.8813356
0.9020984
0.9156492
0.9019867
0.9037517
0.9021786
0.9029928
0.9070038
0.9089535
0.9031856
0.8851002
0.9035496
0.7805815
0.8801525
0.8841549
0.6117064
0.639739
0.9071644
0.8321466
0.9029851
0.900269
0.7998754
0.7946831
0.7966294
0.7989881
0.8979342
0.9005798
0.9015796
0.9018802
0.885921
0.887404
0.8734458
0.9101531
0.8022466
0.8247255
0.8271605
0.897493
0.8916514
0.854797
0.8361906
0.8946853
0.761766
0.7609459
0.883011
0.9017593
0.8867822
0.8980508
0.8931518
0.9007295
0.899178
0.8969673
0.8802142
0.9034385
0.9123101
0.9074113
0.9073727
0.9108106
0.9169827
0.9123827
0.9099888
0.839221
0.8767489
0.8891478
0.8986
0.8841839
0.9259363
0.8880249
0.8964717
0.8882123
0.8950642
0.8390727
0.9209032
0.866999
0.8612916
0.9074494
0.890336
0.8952839
0.924003
0.9050781
0.9090029
0.9100941
0.9125278
0.9002995
0.899608
0.9061328
0.9096651
0.9108834
0.9106675
0.9129673
0.9114836
0.9088683
0.9203632
0.9216389
0.9073504
0.9077966
0.9157363
0.9182543
0.9179387
0.9031105
0.9086952
0.8903942
0.9101456
0.9262542
0.9126162
0.9108626
0.9122881
0.9153594
0.9175822
0.9175763
0.9121057
0.8903785
0.9173992
0.8413526
0.8826781
0.8907611
0.8433456
0.8477783
0.9198883
0.8659234
0.907923
0.9139386
0.8019533
0.7960457
0.8487392
0.7992551
0.9086119
0.9102229
0.9118509
0.9106884
0.8871199
0.8902856
0.8718461
0.9122044
0.8521524
0.8603998
0.8602276
0.9021506
0.8968031
0.863724
0.8178237
0.8944605
0.8373432
0.8304087
0.8857461
0.9167849
0.8950172
0.9023855
0.8930919
0.9012294
0.9000703
0.9006396
0.8829711
0.9028082
0.9154543
0.9153587
0.9146986
0.9169156
0.9217671
0.9151196
0.9211931
0.8359121
0.8931917
0.8980106
0.9053038
0.8990564
0.921557
0.8946444
0.899858
0.8964824
0.9006811
0.829961
0.9233345
0.885542
0.876792
0.9126214
0.9008022
0.9055255
0.9287239
0.9123892
0.9156126
0.9137547
0.9201007
0.907676
0.9123307
0.9146324
0.9151565
0.9156728
0.9148003
0.9147944
0.9177685
0.9151199
0.9293918
0.9305192
0.9176092
0.9176392
0.9186312
0.9175994
0.9218087
0.9105763
0.9133941
0.895377
0.9183011
0.9316991
0.9147974
0.9172766
0.9144677
0.9163126
0.9193431
0.9225009
0.9208004
0.9006693
0.9230492
0.8434442
0.8940123
0.8967503
0.8336091
0.8367576
0.9215479
0.8670271
0.9173712
0.9184375
0.8487077
0.8478884
0.8487317
0.8483972
0.9160585
0.9140306
0.9171979
0.9152156
0.8975703
0.900939
0.8930132
0.9173273
0.8392412
0.8612292
0.863206
0.9110496
0.9036023
0.8777031
0.8630428
0.9042542
0.8276256
0.8282809
0.8924544
0.9197603
0.9006808
0.9131255
0.9013439
0.9071655
0.9063633
0.9046198
0.8959035
0.9132698
0.9123259
0.9116665
0.9142107
0.9170718
0.9191968
0.9156165
0.9123958
0.8444278
0.8870485
0.8977833
0.9010648
0.896116
0.9217883
0.8933429
0.9014639
0.8954387
0.9020977
0.8390183
0.9187769
0.8857092
0.8736286
0.912084
0.8984347
0.9022669
0.9242911
0.9075929
0.9103145
0.9103137
0.9150251
0.9030633
0.9039875
0.9126595
0.9108585
0.9153363
0.9149998
0.9101051
0.9139735
0.9073262
0.9243032
0.9205861
0.9119622
0.9112348
0.9175341
0.9196206
0.91756
0.9045794
0.9081242
0.89629
0.9180047
0.9294449
0.9180643
0.9122305
0.9176553
0.9177626
0.9187856
0.9178766
0.9154377
0.8958674
0.9174
0.8513077
0.8915693
0.8986762
0.8316884
0.8354164
0.9213258
0.8633415
0.9121442
0.9172663
0.8485906
0.8444602
0.8527962
0.8487501
0.9109198
0.9148376
0.914733
0.9133905
0.89523
0.9014931
0.8849415
0.910839
0.8499889
0.8604939
0.8609021
0.9097881
0.898751
0.877917
0.8603779
0.8970398
0.8421488
0.8342644
0.8953699
0.9164044
0.8999858
0.9039397
0.9018584
0.9076666
0.9063317
0.9051261
0.8873083
0.9110699
0.9050115
0.9048964
0.9059159
0.9052956
0.9093155
0.9078574
0.9078034
0.9086196
0.9101946
0.9204254
0.9302237
0.9197232
0.9164274
0.9142532
0.9272899
0.9173799
0.8973108
0.905601
0.8737281
0.9100367
0.9099986
0.8676233
0.9156011
0.9030503
0.9142347
0.8997223
0.8987346
0.8961341
0.9150197
0.9050429
0.9073178
0.8651003
0.902802
0.9149879
0.8996492
0.8940188
0.9014723
0.8987954
0.9117049
0.9162556
0.8492443
0.8523723
0.9125312
0.9090518
0.9170079
0.9236701
0.9278253
0.906951
0.9057573
0.9201696
0.859843
0.8657206
0.8569886
0.8608251
0.8642899
0.8665518
0.8605853
0.9225347
0.902353
0.9082552
0.9155596
0.9226101
0.91063
0.9124106
0.8854025
0.910791
0.874805
0.906776
0.9067166
0.9050239
0.91052
0.9078077
0.8521145
0.9059392
0.9071263
0.9078571
0.9185973
0.918594
0.9083381
0.8596386
0.9159443
0.9237923
0.9237735
0.9059452
0.8990027
0.9026239
0.9140561
0.9017974
0.9043062
0.9070233
0.9128533
0.9159874
0.9218552
0.9066596
0.9116402
0.9219954
0.924749
0.9251009
0.9116951
0.9269984
0.9069157
0.9058923
0.9058181
0.9063946
0.9096781
0.9082373
0.9075727
0.8937802
0.8779414
0.8830082
0.8965883
0.8809377
0.9218156
0.8895569
0.9001348
0.8811131
0.8974221
0.8891242
0.9188811
0.8986355
0.8878445
0.9075136
0.8850109
0.901863
0.9179445
0.9058591
0.905895
0.9062455
0.912038
0.9045084
0.9094166
0.9068698
0.9078466
0.90986
0.9100576
0.9087721
0.9121523
0.9102573
0.9187656
0.9189151
0.9122253
0.9144988
0.9085463
0.9089587
0.9116243
0.9000584
0.9059867
0.8855272
0.9065872
0.9233631
0.9097916
0.9121462
0.9124492
0.9140224
0.9150463
0.9165164
0.9120767
0.8887537
0.9108457
0.8978757
0.8823445
0.8917925
0.8949993
0.8955628
0.913404
0.9051064
0.9070888
0.9117585
0.894568
0.8917314
0.893198
0.8893658
0.9118375
0.9073878
0.9090588
0.9098572
0.8890792
0.8885733
0.894942
0.9113313
0.9044427
0.9092016
0.9087302
0.900145
0.8961684
0.8848414
0.8960484
0.8974341
0.8944269
0.8949891
0.8761547
0.9125129
0.8891874
0.9016133
0.8970746
0.8966002
0.9043797
0.8928495
0.8824775
0.8976802
0.9032407
0.8970784
0.9000179
0.90251
0.9082057
0.9023142
0.9081575
0.8723632
0.8610707
0.8256776
0.8500447
0.8156491
0.9214595
0.858498
0.8725458
0.8540205
0.8993228
0.8783556
0.9158518
0.8755176
0.8644449
0.9140052
0.8586816
0.8934044
0.9206321
0.9083077
0.9099492
0.9023532
0.9042253
0.9164559
0.9184901
0.9098373
0.9063156
0.8991989
0.9085514
0.915452
0.9080931
0.9086331
0.9158723
0.9161718
0.912004
0.9120875
0.9008574
0.8965392
0.8998246
0.8738867
0.8840013
0.8680261
0.8972868
0.9229008
0.9094333
0.9123908
0.9110387
0.916705
0.9177482
0.9122659
0.9149342
0.8503922
0.9177687
0.8793632
0.8336432
0.8396454
0.8738828
0.8793631
0.9106227
0.8921519
0.9144452
0.9079577
0.8721007
0.870215
0.8868089
0.8723108
0.9095886
0.9030906
0.9030284
0.9051721
0.8465535
0.8558087
0.889871
0.9202103
0.8907533
0.8960051
0.8958348
0.8963191
0.8871622
0.8674228
0.8785446
0.8996665
0.8747787
0.8774156
0.8448179
0.8979281
0.855515
0.9053114
0.8690933
0.8832358
0.8698968
0.8801361
0.8610916
0.8857298
0.8934467
0.8915053
0.891776
0.8954552
0.8986905
0.9014976
0.9034958
0.8972556
0.9069684
0.9127197
0.9235647
0.9122396
0.9108369
0.9043301
0.9149951
0.9078915
0.8960659
0.8991744
0.8636364
0.9079685
0.9005633
0.8607003
0.908151
0.9009741
0.9041116
0.8914985
0.8953038
0.8814477
0.8995437
0.9103075
0.9087686
0.8562756
0.8947523
0.8995583
0.8944725
0.8922705
0.8939272
0.8902641
0.903844
0.906194
0.8473077
0.843807
0.8991557
0.8967027
0.8999857
0.919184
0.9248192
0.9029411
0.8919221
0.9107453
0.8553902
0.8556368
0.852826
0.8599858
0.859677
0.8611734
0.8581368
0.9128162
0.8971037
0.9012315
0.9110261
0.9159149
0.9038009
0.903419
0.8690684
0.9059531
0.8742486
0.9003417
0.9016118
0.898083
0.9034806
0.8952716
0.8493223
0.8972097
0.8977845
0.8987597
0.9149789
0.9110527
0.9099665
0.8593529
0.9161324
0.9186451
0.9205434
0.9071715
0.8901656
0.8947197
0.9031268
0.8954263
0.896437
0.8950845
0.9089752
0.9038184
0.9093716
0.9026656
0.9078042
0.9158214
0.9193554
0.9188859
0.9060683
0.9189303
0.8199778
0.8155344
0.8261286
0.8209619
0.8505859
0.8457956
0.90112
0.8907156
0.9145915
0.9013115
0.9198426
0.9048252
0.9010565
0.9001374
0.9119636
0.9047788
0.9043055
0.9019283
0.9068098
0.9002356
0.8988159
0.8965555
0.9105786
0.9010859
0.8992033
0.8820264
0.8859036
0.8663598
0.8351422
0.9223216
0.9215131
0.8957482
0.8851589
0.829784
0.8779813
0.8843242
0.8886722
0.8791221
0.8895908
0.886875
0.8918155
0.8950268
0.8324682
0.8321977
0.8376344
0.916255
0.9147757
0.9006513
0.815555
0.8969478
0.8906965
0.9005035
0.8929605
0.8985492
0.9025053
0.9012196
0.9033856
0.9201072
0.9002425
0.8961405
0.9030223
0.9055518
0.9006934
0.9050685
0.8916581
0.913079
0.9028272
0.8161304
0.8984803
0.8986949
0.9048985
0.8941172
0.9066758
0.8166537
0.8185093
0.816569
0.9190074
0.9012399
0.9174441
0.9161061
0.9105961
0.9211334
0.9208515
0.9014611
0.8904998
0.8903086
0.9021431
0.9099372
0.8919343
0.8938827
0.9096234
0.8342333
0.9006613
0.9061453
0.903191
0.9141705
0.9172028
0.9125459
0.9048349
0.9164107
0.9137427
0.9108388
0.9089533
0.9109215
0.9162149
0.9180111
0.9189124
0.8934612
0.8645192
0.8537936
0.8696725
0.8522275
0.9269124
0.8728503
0.885132
0.8699783
0.8979782
0.887397
0.9200112
0.8941902
0.881027
0.9182099
0.8642959
0.8996276
0.926469
0.9110872
0.9106792
0.9095802
0.9166052
0.9128357
0.9141981
0.9132985
0.9101715
0.9112255
0.9161794
0.9132313
0.9146082
0.913476
0.9254394
0.9267165
0.9132149
0.9144101
0.9140001
0.912454
0.9133273
0.8901
0.8957006
0.8846306
0.910642
0.9302334
0.9127241
0.916273
0.91491
0.918164
0.9184696
0.9188356
0.9216958
0.8636647
0.9164792
0.8924735
0.8602487
0.8652586
0.8909651
0.8950127
0.9184178
0.9047333
0.9142076
0.9152674
0.8898925
0.8809016
0.8894595
0.8877251
0.913823
0.9148562
0.9179834
0.9166871
0.8573108
0.8755282
0.8903739
0.9142284
0.8992727
0.8997504
0.8992335
0.8990102
0.898253
0.8860824
0.8928137
0.9010811
0.8893946
0.8899003
0.8659666
0.9155803
0.8755899
0.9024761
0.8848877
0.8835138
0.8839171
0.8905616
0.8785114
0.8978405
0.9047216
0.8981352
0.901019
0.9032612
0.9129811
0.907131
0.9149247
0.8865938
0.8752934
0.857502
0.8764864
0.8499663
0.9236834
0.8697608
0.885336
0.86954
0.905165
0.8886962
0.9162842
0.887659
0.8786571
0.9140614
0.8797494
0.895363
0.9225317
0.9137522
0.911387
0.905527
0.9070404
0.9225291
0.9240111
0.9148753
0.9105653
0.9027986
0.9128607
0.9129749
0.9123428
0.9063767
0.9183366
0.917628
0.9138515
0.9152036
0.9001258
0.9021579
0.9061324
0.8857343
0.8939816
0.8816329
0.9009735
0.9252287
0.9140418
0.9179516
0.914705
0.915105
0.9210361
0.913886
0.9172763
0.8750364
0.918247
0.8890733
0.8578519
0.8602615
0.8876745
0.8903715
0.9142593
0.9043203
0.9150029
0.9035822
0.8805244
0.8760222
0.8935145
0.8771375
0.9159989
0.9049401
0.9058518
0.9037714
0.8708136
0.8693188
0.8989163
0.922861
0.895737
0.9045777
0.9050246
0.9010238
0.894162
0.8791414
0.8838313
0.9064857
0.8849657
0.8858573
0.8701825
0.8999061
0.8677832
0.9097159
0.8816015
0.8895494
0.884871
0.8912632
0.8712442
0.8962109
0.9147479
0.9080623
0.9119515
0.9130648
0.9187363
0.9183517
0.9201539
0.888047
0.8858368
0.8677586
0.878032
0.8599874
0.9212643
0.8774987
0.881736
0.8771639
0.906844
0.8975379
0.9253904
0.8906395
0.8866091
0.9210245
0.8843559
0.9072758
0.9270871
0.9177935
0.9184103
0.9098959
0.9118408
0.9249511
0.9267873
0.9190262
0.9169527
0.9092619
0.9154718
0.9203335
0.9199844
0.9116153
0.9262415
0.9225607
0.9203985
0.9216801
0.9057103
0.9064378
0.9109635
0.8943273
0.9039829
0.8846307
0.9088721
0.9253816
0.9161445
0.9214608
0.9176376
0.9208286
0.9217503
0.9173698
0.9225815
0.8770826
0.91868
0.8967569
0.8618144
0.8685783
0.8881157
0.8937139
0.9163823
0.905215
0.9227992
0.913718
0.886911
0.8846544
0.8987405
0.884201
0.9184533
0.9108409
0.9113543
0.9124248
0.8749182
0.8723068
0.904405
0.9282023
0.9005492
0.909371
0.9085528
0.9114877
0.9049646
0.8883997
0.8902211
0.9129271
0.8904239
0.8964675
0.8710477
0.9036669
0.8721326
0.9109061
0.8912063
0.8966968
0.8871376
0.8943449
0.8802272
0.9001351
0.9045009
0.9039903
0.9062955
0.9064875
0.9148795
0.9096556
0.9129872
0.8828599
0.873241
0.8660511
0.8774058
0.862083
0.9203284
0.874632
0.8890857
0.8699971
0.894929
0.8836947
0.9164012
0.8866683
0.8764385
0.9094716
0.8740146
0.895147
0.9213824
0.9101383
0.9124326
0.9070582
0.9134905
0.9095166
0.9152019
0.9128789
0.9105527
0.906757
0.9152378
0.9148417
0.9090909
0.9069877
0.9203651
0.9195469
0.9063772
0.9063185
0.9081122
0.9058262
0.9100255
0.8888189
0.8960867
0.8828065
0.9025061
0.9229477
0.9106484
0.9122113
0.9108609
0.91545
0.9134933
0.9105585
0.9102878
0.8725009
0.9166728
0.8869518
0.8598592
0.8666642
0.8850225
0.8917459
0.9100523
0.8947652
0.9099756
0.9098813
0.8809636
0.8758785
0.8926601
0.8765464
0.9070643
0.9105194
0.910338
0.9110258
0.8681722
0.8759994
0.8897389
0.9140922
0.8936741
0.8998195
0.8984799
0.9062392
0.894538
0.876484
0.8809463
0.8983315
0.8818228
0.8809367
0.8630757
0.9113348
0.8767168
0.905912
0.8843228
0.8907503
0.8828321
0.886254
0.8774902
0.8998217
0.9131925
0.908453
0.9118767
0.9136754
0.9183965
0.9190302
0.9162841
0.88814
0.8820743
0.8614416
0.8737286
0.8555163
0.9242833
0.8748808
0.8854302
0.8694784
0.9032512
0.894457
0.918879
0.8869939
0.8808232
0.9171283
0.8745089
0.8988587
0.9272747
0.9187982
0.9188333
0.9109259
0.9117657
0.9200553
0.921335
0.915343
0.9148974
0.9133508
0.9193059
0.919023
0.9168712
0.9140024
0.9275749
0.92279
0.9135428
0.9133514
0.9092626
0.9097551
0.908151
0.8877711
0.8955675
0.8838768
0.9067863
0.9262563
0.913315
0.9186774
0.914744
0.918012
0.9190378
0.9184626
0.9177707
0.873372
0.9166302
0.8939127
0.8563538
0.8648132
0.8926379
0.8951495
0.915843
0.8985756
0.9132995
0.9140653
0.8839431
0.8791893
0.8981965
0.8832465
0.9133802
0.909955
0.9095422
0.9100355
0.869308
0.8724091
0.9018101
0.9219129
0.896217
0.901262
0.9020989
0.9067191
0.8991726
0.8831719
0.8893531
0.9061367
0.8893887
0.8907384
0.8604335
0.9124353
0.8701689
0.906366
0.8887322
0.8967833
0.878274
0.8882163
0.873768
0.8983021
0.9104242
0.9044246
0.9093899
0.9097176
0.9163757
0.9138929
0.9120607
0.8800175
0.8560821
0.8459412
0.8718733
0.8476419
0.9245316
0.8675558
0.8810968
0.8619845
0.8888647
0.8771449
0.9131928
0.8823847
0.8658769
0.911659
0.8581662
0.8882503
0.9205697
0.90369
0.9072867
0.9077718
0.9129358
0.8944208
0.901409
0.9051862
0.9048704
0.9103223
0.9122523
0.9096275
0.9094753
0.9094716
0.9192865
0.9213023
0.9064162
0.9079621
0.9146151
0.9121352
0.9186989
0.8848863
0.8872494
0.8803012
0.9083469
0.9248273
0.9083978
0.9085492
0.9107736
0.910189
0.911834
0.9105488
0.9113194
0.8581894
0.9108504
0.8838078
0.8520311
0.8581159
0.8899291
0.8882641
0.9145473
0.8937605
0.9064803
0.9168433
0.874073
0.870422
0.883936
0.8735397
0.9057712
0.9099297
0.9100582
0.9107447
0.8534163
0.8617009
0.8818031
0.9080848
0.8887098
0.8919678
0.8927036
0.8964411
0.8901072
0.869108
0.8831141
0.8911674
0.8776139
0.8737298
0.8564144
0.916474
0.86483
0.8990172
0.8793682
0.8819186
0.8829258
0.88614
0.8670376
0.8874501
0.9006717
0.8932929
0.9010804
0.8981267
0.9083301
0.9036431
0.9101609
0.8829316
0.8790059
0.8629125
0.8845278
0.8613188
0.9146709
0.8687292
0.8838334
0.8679858
0.9010261
0.8912414
0.9154455
0.8852601
0.8828969
0.9101355
0.8834596
0.8954843
0.914841
0.9071286
0.9088184
0.9002978
0.9000539
0.9185774
0.9222624
0.9133102
0.9048535
0.8980488
0.9060242
0.9139855
0.908613
0.9043909
0.9139267
0.9109387
0.9121731
0.9109312
0.8942786
0.8965755
0.9001397
0.8939748
0.8971757
0.8710746
0.892709
0.9186264
0.9054334
0.915501
0.9072928
0.9145679
0.9131109
0.9098632
0.9143353
0.8771276
0.9184211
0.8883611
0.8567972
0.8641975
0.8858656
0.8893869
0.9078512
0.901613
0.9119664
0.8988318
0.8796029
0.8784066
0.892226
0.8772237
0.9150779
0.899068
0.8980958
0.8982788
0.8748312
0.8640431
0.9024928
0.9252813
0.8978245
0.9053868
0.907337
0.8970485
0.8888494
0.8803504
0.8850792
0.9058599
0.8786842
0.8846785
0.8791536
0.8914831
0.8637676
0.9040316
0.885047
0.8957993
0.886664
0.885004
0.8771853
0.8958572
0.9086215
0.9090397
0.910376
0.9119102
0.9144355
0.912754
0.9172909
0.8870073
0.8905374
0.8776644
0.887582
0.8781159
0.9228412
0.8835418
0.8909338
0.8850284
0.9090716
0.8957836
0.9200671
0.8900327
0.8856652
0.9170039
0.8894356
0.9030138
0.9252859
0.9144638
0.9183153
0.9127592
0.9087222
0.9209623
0.9198682
0.9178511
0.9147491
0.9095392
0.9158988
0.9186566
0.9148319
0.9141695
0.92392
0.9206281
0.9186912
0.9184521
0.9101549
0.9095255
0.90801
0.8981641
0.9047407
0.8892908
0.9098412
0.9254274
0.9140165
0.9174805
0.9160385
0.9208688
0.9184537
0.920163
0.9200195
0.8883644
0.9192058
0.8928763
0.8766999
0.8791256
0.8924789
0.8935185
0.9146928
0.908829
0.9181491
0.9123561
0.8887139
0.8846804
0.8976885
0.8869472
0.9165699
0.9116043
0.912457
0.9124873
0.8853127
0.8867823
0.9020967
0.9268132
0.8999226
0.9062228
0.9064743
0.9029794
0.9054199
0.892321
0.8922275
0.912061
0.8900493
0.8924184
0.8815785
0.9093656
0.8873638
0.9099118
0.8928124
0.9011927
0.8866334
0.8955535
0.890447
0.9016041
0.8991648
0.897088
0.8961938
0.899639
0.9056242
0.8974258
0.9114013
0.9008446
0.913878
0.9155945
0.9308943
0.9200042
0.9149292
0.9084911
0.9233963
0.9118237
0.9022006
0.9045979
0.8770682
0.9126018
0.9078171
0.8692039
0.9172484
0.9056423
0.9075707
0.8940119
0.8969204
0.884483
0.9025689
0.9114982
0.9142836
0.8667271
0.8982709
0.9031342
0.8955246
0.8963607
0.9018788
0.8923719
0.9049625
0.9116702
0.8467437
0.8512074
0.9009224
0.900384
0.9041395
0.9223347
0.9260319
0.9053672
0.8951872
0.9117967
0.862205
0.8691411
0.8629934
0.8692279
0.867718
0.87244
0.8716775
0.9183342
0.9054987
0.9008594
0.9153323
0.9213408
0.9026558
0.9066605
0.8830651
0.9106272
0.8808712
0.8997651
0.9052116
0.9026422
0.9026072
0.9029429
0.8530345
0.9009908
0.9020758
0.9016671
0.9179987
0.9126297
0.9132968
0.870152
0.9143441
0.9183973
0.9200782
0.9052393
0.8955314
0.8982491
0.9114676
0.9028418
0.9033714
0.903191
0.9213952
0.9016233
0.9146484
0.9050421
0.9122932
0.9207372
0.9255201
0.9252773
0.9095263
0.9219836
0.9117791
0.9111874
0.909332
0.9119938
0.9160905
0.9148243
0.9113566
0.8894924
0.8642913
0.8430807
0.8614989
0.8379196
0.9252248
0.8690055
0.8784758
0.8630122
0.9012368
0.8892941
0.9202083
0.8833747
0.8780426
0.9161567
0.8727631
0.8972275
0.9289266
0.9177131
0.9143828
0.9120246
0.9145674
0.9165418
0.9212176
0.9187913
0.9148547
0.9149958
0.914379
0.914918
0.9131941
0.9127087
0.9237064
0.9243722
0.9119077
0.914622
0.9066062
0.9105259
0.9123822
0.881344
0.8872731
0.8811816
0.9078248
0.9272114
0.9166755
0.9222179
0.9177486
0.9178188
0.9189605
0.9216531
0.9185287
0.8547472
0.9193455
0.892347
0.8508664
0.8513458
0.8895131
0.8924391
0.9174185
0.9000963
0.9175085
0.9155587
0.8811702
0.8790869
0.8970399
0.8808384
0.9178378
0.9114552
0.9130835
0.9124987
0.8512786
0.8677305
0.8924589
0.9207371
0.8951828
0.897012
0.8978177
0.9005243
0.8990845
0.8813125
0.8834631
0.9015512
0.8902589
0.8876291
0.8536089
0.9089639
0.871302
0.903061
0.8850871
0.8911637
0.8793407
0.881789
0.8638232
0.8907057
0.9065506
0.9009791
0.9036115
0.9037019
0.9100239
0.908074
0.9077506
0.891265
0.8715928
0.8710503
0.8878552
0.866647
0.9169931
0.8702003
0.8855747
0.8725941
0.8999892
0.8939754
0.9140844
0.8869793
0.8804348
0.9152925
0.8792935
0.8930841
0.9233012
0.9108404
0.9055527
0.9050243
0.9077191
0.9092717
0.9140866
0.9107529
0.9055833
0.9050811
0.9077768
0.9107297
0.905002
0.9046479
0.9152066
0.9122393
0.9117384
0.9119777
0.9037255
0.9032351
0.9024842
0.8924454
0.8987087
0.8775451
0.9007105
0.9201475
0.9103341
0.9133634
0.9124312
0.9159741
0.9166053
0.9185288
0.9134782
0.8780106
0.9105754
0.8915558
0.8656431
0.8673942
0.891994
0.8949482
0.9070352
0.9016791
0.9076602
0.9044197
0.8876327
0.8857008
0.8945136
0.8816873
0.9120088
0.9044084
0.9050879
0.9065584
0.8765804
0.8705475
0.8940487
0.9208841
0.9000922
0.9062862
0.9045776
0.8963581
0.8934646
0.8818422
0.8894219
0.9037048
0.8887314
0.8848419
0.8757906
0.9013861
0.8714134
0.9057974
0.8840337
0.8974849
0.8844282
0.8882034
0.8770063
0.8934517
0.9139586
0.9121631
0.9116943
0.9170153
0.9199375
0.9194065
0.9143643
0.8970419
0.8694516
0.8886216
0.8908103
0.8804798
0.9288449
0.8855142
0.8983619
0.8758201
0.8921922
0.8960737
0.918841
0.8969822
0.886625
0.9135634
0.8852589
0.895445
0.9273403
0.9107149
0.9103846
0.9161144
0.9197964
0.8990809
0.9015049
0.9130903
0.9143205
0.9210877
0.9206524
0.9172106
0.9156027
0.915021
0.9277922
0.9272416
0.9146324
0.914593
0.9198055
0.9199929
0.920193
0.9006965
0.9034026
0.8878272
0.9151762
0.9303847
0.9149281
0.9096763
0.9147494
0.915876
0.9169985
0.9175975
0.9146487
0.8819063
0.9127958
0.8942235
0.8710668
0.8754184
0.8955235
0.8964828
0.9198359
0.9042281
0.9058967
0.9170192
0.8891687
0.8886126
0.8968441
0.8898704
0.908741
0.9138905
0.9148576
0.916112
0.883664
0.8893179
0.891915
0.9078541
0.9032178
0.9004334
0.9010385
0.9033708
0.8988512
0.8856602
0.8961819
0.8914047
0.8959879
0.8921343
0.875716
0.923606
0.8906491
0.907231
0.8937646
0.8990664
0.8989504
0.900138
0.8812642
0.9034358
0.9033046
0.9009766
0.9045094
0.9050602
0.9122893
0.9096201
0.9047149
0.8815275
0.8593156
0.8722525
0.8854332
0.8652217
0.920821
0.8715376
0.8895389
0.8684124
0.8828707
0.879635
0.9076287
0.8891159
0.8740789
0.9052879
0.8767378
0.8859855
0.9186871
0.9014956
0.9011468
0.9032636
0.9067893
0.8910876
0.8952311
0.8963386
0.900211
0.9062155
0.9074657
0.9081423
0.9038975
0.9056035
0.9182263
0.9193508
0.9043309
0.9025796
0.9113852
0.9089999
0.9134935
0.8888695
0.8960568
0.875462
0.9037248
0.9218275
0.9028318
0.9020426
0.9019265
0.9050957
0.9059124
0.9055591
0.9048909
0.8751963
0.9060021
0.8841348
0.8555171
0.8627096
0.8936147
0.8919561
0.9113036
0.8933041
0.8986727
0.9082899
0.8823209
0.8781129
0.8853566
0.880891
0.8996177
0.9072602
0.9072742
0.906367
0.8716253
0.88
0.8821658
0.9019467
0.891109
0.8976813
0.8973159
0.8921723
0.881641
0.8774533
0.8845735
0.8834423
0.8777288
0.875367
0.8638938
0.9111032
0.8806986
0.8972774
0.8824666
0.8910775
0.8814825
0.8916094
0.867881
0.8941147
0.9131372
0.906582
0.9102917
0.9099208
0.915649
0.9143677
0.9083183
0.8917409
0.8661635
0.8677527
0.8788698
0.8613928
0.9279139
0.870449
0.8831026
0.8644286
0.8971422
0.8897155
0.9208441
0.8892624
0.8761289
0.9129126
0.8726476
0.8916446
0.924922
0.912361
0.9130073
0.9146613
0.9084512
0.9104483
0.911702
0.9120759
0.9127738
0.9107284
0.9180672
0.9178606
0.9130639
0.9131257
0.920843
0.9213536
0.9127061
0.9113778
0.9075103
0.9107207
0.9131751
0.8870877
0.8930671
0.881606
0.9079126
0.9261894
0.9143448
0.9125063
0.9149367
0.9158842
0.9163306
0.9154109
0.9128216
0.869821
0.9158524
0.8894478
0.8484757
0.8589418
0.8944394
0.8960518
0.9177222
0.9015691
0.9084385
0.912813
0.8829861
0.8807259
0.8941732
0.8800689
0.9134042
0.9116973
0.9131087
0.9138387
0.8659065
0.8729753
0.8872039
0.9130793
0.8956566
0.8976192
0.8965406
0.8985278
0.8865754
0.8832699
0.885947
0.8946442
0.8903668
0.8829259
0.8622726
0.9107594
0.8790506
0.9072117
0.8760349
0.885637
0.8793354
0.8864312
0.8640341
0.8932625
0.916767
0.9160232
0.9142244
0.9179892
0.9202302
0.9163529
0.9172078
0.9004041
0.8717029
0.8900073
0.8952302
0.8781491
0.9279969
0.8880952
0.9038246
0.8816773
0.901452
0.8920095
0.9198914
0.8998669
0.8872087
0.9092272
0.8852501
0.901529
0.9253846
0.9127674
0.9128616
0.9113663
0.9221288
0.9038194
0.9068258
0.9128784
0.912904
0.9191302
0.9179863
0.915261
0.9185669
0.9116679
0.9253515
0.9239981
0.9135445
0.9132714
0.9203324
0.9213354
0.9220254
0.8979269
0.9058741
0.8930175
0.9150822
0.9336585
0.9179661
0.917478
0.9172785
0.9168817
0.9232861
0.9190374
0.9203817
0.8878525
0.913544
0.8992631
0.8843752
0.8870619
0.9014793
0.9018467
0.9204819
0.9037066
0.9103734
0.9192815
0.8924676
0.8916262
0.8964689
0.8950238
0.9137321
0.9165354
0.9165056
0.9185905
0.8846492
0.8920215
0.8959456
0.9142631
0.9030753
0.9042876
0.9048197
0.9030795
0.9037118
0.8870186
0.8989991
0.9027773
0.8990648
0.8943482
0.8801278
0.9245053
0.8946085
0.9083318
0.8967629
0.9035676
0.9017647
0.8979592
0.8853999
0.9103554
0.9036626
0.8979249
0.9002692
0.900738
0.9091789
0.9108328
0.9095942
0.9086287
0.9165945
0.92154
0.9361076
0.9266398
0.9085437
0.9127791
0.9286905
0.9206254
0.9063365
0.9100738
0.9124901
0.9172033
0.9139735
0.9048023
0.9202764
0.9117887
0.8992981
0.8996695
0.903177
0.8858636
0.9007887
0.9210272
0.9192645
0.9050647
0.8999926
0.8997991
0.8975074
0.8946153
0.9028626
0.8927543
0.845362
0.8511486
0.9033053
0.9065414
0.907053
0.9089088
0.9071964
0.9270121
0.9306982
0.9146403
0.9018218
0.8387768
0.9005867
0.9048698
0.9037359
0.9105273
0.9093459
0.9057994
0.9088443
0.9259338
0.9035831
0.908061
0.9231345
0.9275732
0.9137249
0.9143924
0.9047462
0.9161077
0.9079887
0.9078684
0.9140844
0.9149793
0.9132284
0.912282
0.9064622
0.9027155
0.9029321
0.904476
0.9263389
0.9190305
0.921829
0.918393
0.9234336
0.9284511
0.9285439
0.9092187
0.9029843
0.9063071
0.918737
0.9140122
0.9085151
0.9100558
0.9255941
0.9095791
0.9207602
0.911155
0.9163967
0.926108
0.9339212
0.9241465
0.915952
0.9271383
0.9079188
0.9021944
0.9045483
0.9054229
0.9094976
0.9095865
0.90851
0.9098613
0.919312
0.9233254
0.9333848
0.921284
0.9122921
0.9110878
0.9248187
0.9195447
0.9075789
0.9100393
0.9096174
0.9149224
0.9134278
0.9039277
0.9198805
0.9131977
0.9073055
0.9050096
0.9054516
0.9026288
0.9055967
0.9146919
0.914462
0.9023235
0.9073734
0.9046945
0.9037226
0.9061546
0.9058138
0.8998553
0.7698872
0.7663958
0.9041664
0.9047132
0.9084136
0.9076447
0.9097658
0.9235908
0.9251792
0.9074576
0.9044653
0.8547078
0.9064162
0.9054822
0.9077461
0.9093477
0.9116572
0.9117878
0.910975
0.922705
0.9061914
0.9146582
0.9190029
0.9227048
0.9133338
0.9155953
0.9032341
0.9142365
0.9100697
0.9070046
0.915095
0.9135718
0.9130716
0.9093855
0.9059947
0.9052028
0.9048207
0.9059609
0.9223184
0.919408
0.9196321
0.9119772
0.9223885
0.9248102
0.9257348
0.9120106
0.9034691
0.9123889
0.9148104
0.9093729
0.9116869
0.9083632
0.9233277
0.9060339
0.9202084
0.9119776
0.9171304
0.9217391
0.928444
0.923444
0.9136606
0.922165
0.9035923
0.8989327
0.9017938
0.9040774
0.910994
0.9070816
0.9002489
0.9110998
0.9127347
0.9246799
0.9330918
0.9253769
0.9121937
0.9095602
0.9282769
0.9198157
0.9006965
0.910565
0.9115654
0.921458
0.9102823
0.8964091
0.9189971
0.908001
0.9003342
0.8992225
0.9035094
0.8929836
0.9099217
0.911419
0.9119887
0.8949296
0.9003637
0.9085069
0.8967677
0.8984726
0.8988943
0.8978671
0.828102
0.8346166
0.9015747
0.903825
0.9092168
0.9099191
0.9153451
0.9279007
0.9267569
0.9092423
0.9036245
0.861427
0.8992656
0.8982296
0.8989858
0.9032623
0.9056188
0.9064412
0.9050129
0.9229096
0.8976859
0.9091436
0.9194686
0.921062
0.9139433
0.9150794
0.9024588
0.9168342
0.9049511
0.9056528
0.9125419
0.9103733
0.9093148
0.9129684
0.9014141
0.9031634
0.9034998
0.9056425
0.9237466
0.9213104
0.9172438
0.9083176
0.926286
0.9257002
0.9280593
0.9093883
0.8959359
0.9053183
0.9167475
0.9029573
0.9110715
0.9083709
0.9220396
0.9111501
0.9173844
0.9056624
0.9172429
0.9251267
0.9284737
0.9246786
0.9148517
0.923211
0.9080741
0.9047255
0.9021779
0.9039852
0.9095418
0.9101807
0.9047413
0.9153518
0.9109544
0.9237349
0.9346534
0.926811
0.9152573
0.9134692
0.9322082
0.9174018
0.8986173
0.9096514
0.9090281
0.9180836
0.911376
0.8990959
0.9202
0.9077485
0.9050917
0.8970665
0.9000371
0.8946655
0.9123646
0.9076366
0.9073112
0.8972971
0.8992003
0.9088961
0.8994973
0.8929319
0.9010311
0.8968984
0.8551638
0.8579273
0.8994858
0.9002544
0.9130561
0.913442
0.9153073
0.923021
0.9276984
0.9131361
0.907627
0.851425
0.9046163
0.9019723
0.9062772
0.9041301
0.9115933
0.9067858
0.9022842
0.9221893
0.896574
0.9148031
0.9181952
0.9251853
0.9158183
0.9146508
0.9027266
0.9095481
0.899141
0.9132216
0.914225
0.9117477
0.9107699
0.911476
0.9011551
0.9088101
0.9086649
0.9099227
0.9219942
0.923871
0.9111367
0.9044819
0.9216439
0.927379
0.9270191
0.9115673
0.8983306
0.9077503
0.9205934
0.9028618
0.9138758
0.9112941
0.9186204
0.9162206
0.9249982
0.9058892
0.9189617
0.9209185
0.930407
0.9248059
0.9153193
0.923797
0.9086274
0.9053075
0.9024649
0.9078156
0.9131265
0.9089294
0.9040084
0.9103577
0.9109324
0.9288186
0.936838
0.9307246
0.9128106
0.9142149
0.9345907
0.9196986
0.8927031
0.9032187
0.9068744
0.920774
0.9109227
0.8942817
0.9175882
0.9059
0.9008093
0.8901651
0.8938359
0.8927785
0.9142504
0.8975057
0.898947
0.8951152
0.8931407
0.9123197
0.8905925
0.8883222
0.8976281
0.8940862
0.8564389
0.8604215
0.8965183
0.898164
0.9175194
0.9176325
0.9187969
0.9316189
0.9362684
0.9133246
0.9090975
0.8488988
0.9013371
0.8933904
0.9020994
0.9004685
0.9057132
0.9067787
0.900353
0.9249767
0.8937092
0.907949
0.9211379
0.9278612
0.9149614
0.9143364
0.9081185
0.9147711
0.8957555
0.9111477
0.9119741
0.9089118
0.9090378
0.909676
0.8975644
0.9107664
0.9103416
0.9130308
0.9255422
0.9274446
0.9088669
0.8987552
0.9233021
0.9274911
0.9257591
0.9071839
0.8995852
0.9058559
0.9205508
0.8968964
0.9090876
0.9054416
0.920313
0.923368
0.9275995
0.9053586
0.9175762
0.9231015
0.9354533
0.9289901
0.9153624
0.9273071
0.8999272
0.8950551
0.8952423
0.8972383
0.9057137
0.9012499
0.9055936
0.9032625
0.9188523
0.9218252
0.9344141
0.9241417
0.9029026
0.9095162
0.9265674
0.9137103
0.9041181
0.9079437
0.9110163
0.9155187
0.9111095
0.9029892
0.920747
0.9115332
0.8914053
0.894199
0.8948944
0.8781387
0.900985
0.9188135
0.917215
0.9005868
0.8921672
0.8954403
0.8892411
0.8906156
0.8992009
0.8889267
0.8367015
0.844053
0.9000594
0.9001777
0.9003507
0.8978035
0.9006669
0.9264299
0.9298834
0.9151978
0.8997286
0.8198907
0.9015065
0.8986129
0.9039501
0.9053152
0.909239
0.9082768
0.9034619
0.9225887
0.8979102
0.9073473
0.9170214
0.9229749
0.9111651
0.9104597
0.900993
0.9128671
0.9008574
0.899292
0.9112909
0.9096598
0.909071
0.9077259
0.9020556
0.9008675
0.9006026
0.8996173
0.922546
0.9215234
0.9209585
0.9132712
0.9215007
0.9274881
0.9276197
0.9115001
0.8997948
0.9031508
0.916468
0.9066421
0.9039014
0.9045193
0.9222159
0.9037864
0.9173431
0.9105088
0.9128712
0.9219221
0.9276968
0.923066
0.9181475
0.9231237
0.8953209
0.8910149
0.8938181
0.8946402
0.9059041
0.9048911
0.9034127
0.9020317
0.9118438
0.9121965
0.9266655
0.9136904
0.9051184
0.9046073
0.9196757
0.9103085
0.902715
0.9059795
0.8919835
0.9091167
0.9049015
0.881888
0.9139068
0.9033461
0.9026909
0.8974897
0.9004172
0.8840569
0.8952357
0.919654
0.9216977
0.8807387
0.8973275
0.8962141
0.8959124
0.8965061
0.8964886
0.8943907
0.9011754
0.9017623
0.8738187
0.8754744
0.8989609
0.8968922
0.8966165
0.9236336
0.9241424
0.9061984
0.891677
0.9038821
0.8662849
0.8739268
0.8689502
0.8775767
0.8740724
0.8756581
0.8767502
0.9192915
0.9023617
0.901686
0.9116924
0.9182951
0.9063104
0.9099083
0.6332926
0.9153289
0.8886963
0.8966795
0.9089739
0.9071651
0.9070535
0.9031795
0.8814248
0.9011846
0.9012814
0.9025358
0.9162011
0.9136644
0.9157422
0.8906855
0.9173565
0.9255545
0.9253482
0.9035235
0.8922463
0.90004
0.9086098
0.9110445
0.9036506
0.904496
0.9152602
0.8942121
0.9137906
0.9075474
0.9121233
0.9217992
0.923294
0.9181453
0.9120204
0.9213111
0.9121885
0.9133226
0.9143377
0.9128571
0.9217439
0.9178876
0.9165082
0.8919802
0.8769925
0.8811486
0.8846168
0.8761714
0.9293038
0.8911411
0.8997303
0.8811429
0.8956319
0.8921337
0.9211666
0.9021819
0.8891823
0.9148868
0.8837601
0.8965492
0.9289623
0.9101518
0.9137023
0.9164218
0.923725
0.9054569
0.9079777
0.9158888
0.914905
0.9170576
0.9172505
0.917356
0.9165989
0.9165301
0.9297038
0.9318511
0.9147128
0.9142898
0.9211854
0.9217507
0.9214104
0.9009507
0.9049594
0.8927244
0.918393
0.9318949
0.9151201
0.9165699
0.9170243
0.9201958
0.9198085
0.9194965
0.9193093
0.878673
0.9178816
0.8937295
0.8744287
0.8820035
0.8944349
0.8946844
0.9220172
0.9064416
0.9147413
0.9173157
0.8925027
0.8872607
0.8947256
0.8900683
0.9118979
0.917472
0.918729
0.9191022
0.8759158
0.8869208
0.8941452
0.9137652
0.9007252
0.9054153
0.9041761
0.9059474
0.8981963
0.891545
0.8967026
0.8982527
0.891349
0.8933138
0.872117
0.9224714
0.8879011
0.9103673
0.8980435
0.9008754
0.8954237
0.9004402
0.8850669
0.9020984
0.9112909
0.9093065
0.9127219
0.9122297
0.9195618
0.9172546
0.9187277
0.891765
0.8721887
0.866349
0.8787955
0.8648738
0.9296358
0.8856448
0.8932826
0.871832
0.902158
0.8929958
0.9218755
0.8958252
0.8840663
0.9199059
0.8730112
0.9032117
0.9288803
0.9130528
0.9144267
0.9139183
0.9180478
0.9088168
0.9120935
0.9143708
0.9113138
0.9151532
0.9146564
0.9167827
0.9130062
0.9158721
0.9276084
0.9272098
0.9160561
0.9160132
0.9196148
0.9179308
0.9190203
0.8932703
0.9005431
0.8862708
0.9133758
0.933451
0.9175156
0.916534
0.9166491
0.9143776
0.916655
0.9212024
0.9202355
0.8735963
0.9174976
0.8946368
0.8675839
0.876932
0.8959757
0.8961856
0.9214397
0.9004275
0.9100734
0.9184285
0.8864949
0.8829436
0.8970604
0.8892445
0.9134202
0.9176317
0.9177542
0.9156117
0.8633545
0.883199
0.8956382
0.9144432
0.8966179
0.9026219
0.904419
0.9079664
0.8982147
0.8861566
0.8977382
0.9023986
0.8934933
0.8912698
0.8665862
0.9216297
0.8822634
0.9075669
0.8965987
0.8997075
0.8852962
0.8921551
0.8790839
0.9030715
0.9126581
0.9069329
0.9082117
0.9109635
0.9185146
0.9172585
0.9179068
0.8892755
0.8792113
0.8615833
0.8761296
0.8638213
0.9289503
0.8818527
0.888572
0.8758763
0.9051585
0.8906013
0.9208628
0.8954395
0.8897471
0.9184089
0.8809386
0.9013418
0.9289805
0.9158567
0.9153967
0.9136415
0.9149553
0.9189199
0.9188105
0.9204217
0.9125202
0.9118095
0.9195439
0.9182565
0.911018
0.9144706
0.9247946
0.9227234
0.9198296
0.9193183
0.9087892
0.9125823
0.9134208
0.8946966
0.8993375
0.8887565
0.9090619
0.9297748
0.91752
0.9207823
0.9196901
0.9232606
0.9197233
0.9202742
0.9242848
0.8735666
0.9212773
0.8921343
0.8682925
0.8713988
0.8924913
0.8945708
0.9205331
0.9039624
0.9154302
0.9159857
0.8874521
0.8854389
0.8972676
0.8886406
0.9174995
0.9131143
0.9138937
0.9123087
0.8639753
0.8783295
0.8999218
0.922339
0.898234
0.9049947
0.9036302
0.9053105
0.9000035
0.8842752
0.8927955
0.9073835
0.8917322
0.8936285
0.8750364
0.9115775
0.8790757
0.9095593
0.8902263
0.9013886
0.8886236
0.8891397
0.8769879
0.9010239
0.879659
0.8756226
0.8767199
0.8807293
0.8913381
0.8883733
0.8984746
0.8956386
0.9000544
0.909172
0.9250552
0.9124111
0.9007628
0.9003587
0.9234543
0.9056664
0.8838612
0.8955424
0.8982848
0.9084194
0.9013241
0.8883038
0.9134462
0.8982554
0.8953666
0.8048459
0.8090177
0.8379847
0.890919
0.8958341
0.9002152
0.8853961
0.8091191
0.8866364
0.8520549
0.8546989
0.8756438
0.8475203
0.8982074
0.8982165
0.8879746
0.8859102
0.8894714
0.8922441
0.8924864
0.9166466
0.9195272
0.8975333
0.8854346
0.9070864
0.8936363
0.8910655
0.8938483
0.8902773
0.8963654
0.8985668
0.8939823
0.9149979
0.8905154
0.8987859
0.9087757
0.9137594
0.8997657
0.9015969
0.8924743
0.9012381
0.8915507
0.887374
0.9013537
0.9005015
0.8954829
0.8993443
0.889256
0.8847409
0.884645
0.8851948
0.9134752
0.9076575
0.9066253
0.8972014
0.9114135
0.9157029
0.9180431
0.9021777
0.8864443
0.8932728
0.9061447
0.8960478
0.8959358
0.8928832
0.9079571
0.8935975
0.9116619
0.8958852
0.9073961
0.9120817
0.9201761
0.9148237
0.9050631
0.9148182
0.8955714
0.8938136
0.8898811
0.8937466
0.8997081
0.8950838
0.9048948
0.8649071
0.8799075
0.886931
0.8998395
0.8955364
0.9097262
0.8854524
0.9029893
0.8843177
0.8710644
0.8638472
0.9029154
0.8766715
0.8721752
0.8888561
0.8898983
0.882714
0.8995459
0.8858676
0.8900606
0.8752351
0.9009666
0.8993101
0.8993539
0.8910993
0.8870355
0.8987656
0.8829835
0.889527
0.8978612
0.8827484
0.9045305
0.9114616
0.8896663
0.8894046
0.898677
0.8958976
0.8974562
0.9061918
0.9117536
0.8851106
0.893429
0.9104451
0.8953798
0.896573
0.8944336
0.8996001
0.9026284
0.901503
0.9014625
0.8944926
0.8972638
0.8702079
0.8849786
0.891967
0.8712405
0.8718457
0.9037537
0.88401
0.9007221
0.8958085
0.865686
0.8632621
0.8712517
0.8629265
0.8952374
0.8947349
0.8965492
0.8972094
0.8937713
0.8924976
0.8895407
0.9028331
0.8801696
0.8969453
0.8971278
0.8842493
0.8754543
0.8608031
0.8797459
0.8857153
0.8622222
0.8613729
0.8854332
0.8995283
0.8878058
0.8961388
0.8877618
0.9025898
0.9038278
0.9009499
0.882515
0.9057448
0.9108258
0.9057211
0.9118122
0.9140302
0.9191755
0.9206636
0.9125262
0.9198438
0.9297205
0.9229078
0.9354602
0.9184324
0.9128587
0.9197734
0.9257341
0.9244879
0.9196701
0.920644
0.9265559
0.9223681
0.9252739
0.9201829
0.9262202
0.9220413
0.9121802
0.9187793
0.9183052
0.9061191
0.9064571
0.9344406
0.9334445
0.9178292
0.916427
0.9061912
0.912894
0.9172787
0.9123273
0.9089473
0.8737679
0.872621
0.915398
0.9159439
0.9162253
0.9144963
0.9122536
0.9276122
0.9283508
0.9226881
0.9109537
0.8714106
0.9183258
0.9199382
0.917907
0.9225795
0.923575
0.9224089
0.9200514
0.9285664
0.9171334
0.9202883
0.9200898
0.9224784
0.9214703
0.9243402
0.9158885
0.9263273
0.9173907
0.9118443
0.9208661
0.9197544
0.9246792
0.9201993
0.920526
0.9111528
0.9133969
0.9141707
0.9270348
0.917712
0.9300365
0.9309661
0.9273181
0.933867
0.9337347
0.9195031
0.9146063
0.9170755
0.9240358
0.9257996
0.9185934
0.9211081
0.9295036
0.9104803
0.9181721
0.9232104
0.9165202
0.9275124
0.9295234
0.924509
0.9194247
0.9294163
0.9064614
0.907137
0.9078346
0.9085177
0.9180705
0.9141905
0.9132682
0.8912564
0.8720044
0.8737234
0.8862476
0.8666027
0.927798
0.8778523
0.8940526
0.8814266
0.8975236
0.8942048
0.9199592
0.8913067
0.8820082
0.9147334
0.8811541
0.8990522
0.9305193
0.9093336
0.9121372
0.9119577
0.9159987
0.9086556
0.9092433
0.9105037
0.9092776
0.9116647
0.9153661
0.9161745
0.9116121
0.9127993
0.9210253
0.9204447
0.9114522
0.9106818
0.9146467
0.9145232
0.9153432
0.900439
0.9058751
0.8890895
0.9100754
0.9269663
0.911747
0.9118411
0.9121104
0.9145012
0.9160592
0.9147314
0.9124655
0.8784133
0.9097217
0.8928636
0.8635492
0.8767168
0.8961923
0.8975074
0.9164325
0.9036607
0.9103873
0.9149584
0.8895097
0.8875068
0.8973973
0.8864055
0.9095874
0.9145069
0.9134802
0.9132035
0.8744905
0.8818559
0.8921404
0.9123342
0.8994179
0.9021862
0.9047586
0.8994575
0.8947814
0.8857132
0.8892135
0.8996492
0.8935485
0.8901186
0.8730419
0.9152711
0.8811651
0.9055916
0.892879
0.8979036
0.8924246
0.8908206
0.8816703
0.9015811
0.9045162
0.8987814
0.9027233
0.9054188
0.9097723
0.9032853
0.9125796
0.8748392
0.8616649
0.8276373
0.850485
0.8106977
0.9232174
0.8567105
0.8709618
0.8526327
0.901813
0.8822587
0.9177119
0.8752586
0.8646511
0.9135998
0.8572486
0.8934117
0.9235646
0.9123496
0.9117013
0.9025515
0.90328
0.9215322
0.9219032
0.9119492
0.9080074
0.8990813
0.9104327
0.9164069
0.9119564
0.9093736
0.9180794
0.9140331
0.9092573
0.9108688
0.8997082
0.8980572
0.900729
0.8768208
0.8826018
0.8724638
0.8974083
0.9254109
0.9116251
0.9185791
0.9132185
0.9186383
0.9151828
0.9151089
0.9167548
0.8493314
0.9208994
0.8824428
0.8317264
0.8399322
0.8769932
0.8850666
0.9103382
0.8951827
0.9152439
0.908144
0.8730403
0.8743039
0.8893188
0.872176
0.9117175
0.9053977
0.9068168
0.9068059
0.8443696
0.8575633
0.8948403
0.9234149
0.8876558
0.8983171
0.896701
0.8953586
0.8907617
0.8708985
0.8773402
0.9044271
0.8758834
0.8818228
0.8405014
0.8971708
0.8534322
0.9044509
0.8710426
0.885213
0.8646984
0.8774785
0.8640659
0.8838924
0.9043361
0.9002767
0.899106
0.9038797
0.9072979
0.9075362
0.9133502
0.9044522
0.9122475
0.9168518
0.9290506
0.9183125
0.914694
0.9077127
0.9218668
0.9140381
0.9043835
0.9118568
0.8800382
0.914551
0.9106466
0.8703613
0.918879
0.9106092
0.9078967
0.9016693
0.9026777
0.8902394
0.9075657
0.9182512
0.9177938
0.8663146
0.9057344
0.90742
0.8991837
0.897995
0.9026478
0.8996593
0.9054113
0.9102396
0.8522507
0.854927
0.90434
0.9019077
0.9064954
0.9208893
0.9239656
0.9073287
0.9033147
0.9089488
0.8666914
0.8691109
0.865117
0.8735411
0.87271
0.8718295
0.8717693
0.9185932
0.9057093
0.9074259
0.9156733
0.9199239
0.9066981
0.9097373
0.8859759
0.9164045
0.8817789
0.9047208
0.9079505
0.902732
0.908958
0.9058878
0.8578516
0.9026625
0.9046458
0.9036508
0.9176106
0.917293
0.9158954
0.8781806
0.9194746
0.9258167
0.9262815
0.9087758
0.8998731
0.9026453
0.9104228
0.9060252
0.9033026
0.906776
0.9198315
0.9093103
0.9174056
0.9081611
0.915575
0.9215523
0.9209446
0.9195769
0.9109184
0.922953
0.9085533
0.9098262
0.9100145
0.9127885
0.9202815
0.9207679
0.9172993
0.8920572
0.8733944
0.8630349
0.8805992
0.8703302
0.9287686
0.885194
0.8921021
0.8730602
0.9016835
0.8927309
0.9223789
0.8965149
0.8881967
0.921914
0.8799245
0.9024489
0.9290244
0.9162779
0.914729
0.9173977
0.9175902
0.9170569
0.9177105
0.9206122
0.9169114
0.9173665
0.9210075
0.9207991
0.9171775
0.9163733
0.9241421
0.9255807
0.9195962
0.9192765
0.912621
0.9161251
0.9163967
0.8939014
0.9011092
0.8916892
0.9143996
0.9305023
0.9188096
0.9240876
0.9189284
0.9215548
0.9203243
0.9252878
0.9230419
0.8724479
0.922177
0.8957278
0.8677406
0.8737431
0.8972632
0.8985766
0.9190735
0.9042178
0.9180112
0.9147496
0.8896666
0.8876221
0.9007942
0.8876855
0.9166105
0.9164841
0.9154208
0.9140702
0.8647536
0.878656
0.9001351
0.9229823
0.9002059
0.9032406
0.9045003
0.8979677
0.8994802
0.8898031
0.8906115
0.9057561
0.8943902
0.8889493
0.8725283
0.9166459
0.8801761
0.9112005
0.8936377
0.8984544
0.8884727
0.8897849
0.8778415
0.8987306
0.9157561
0.9151215
0.9136018
0.9147906
0.9197765
0.9175989
0.9124149
0.8963587
0.8648073
0.8830444
0.8951688
0.882666
0.9349767
0.8868478
0.9013501
0.8856079
0.8921336
0.8890145
0.9215046
0.8988756
0.8866635
0.9126904
0.8820266
0.8989468
0.9277291
0.9073365
0.9093912
0.9149914
0.9223875
0.8925823
0.8955819
0.9097134
0.9074418
0.9190994
0.9148643
0.9116303
0.9128427
0.911954
0.9253253
0.9256903
0.9142085
0.9117456
0.920987
0.9247407
0.9207214
0.8959238
0.9061413
0.8939311
0.9159207
0.9291573
0.9154779
0.9118566
0.9169119
0.9156257
0.9175291
0.9169895
0.9143458
0.8822583
0.912016
0.8949906
0.8740459
0.883301
0.896781
0.8932362
0.9212539
0.9028132
0.8992438
0.9168212
0.8913746
0.8873358
0.8992704
0.8892604
0.9080087
0.9161709
0.9155236
0.9163283
0.879137
0.896998
0.8880797
0.9032083
0.9008548
0.8974057
0.8996328
0.9018276
0.8969555
0.8927852
0.8905125
0.8914994
0.894322
0.8906199
0.879696
0.9258244
0.8942698
0.907307
0.896533
0.8989309
0.900185
0.8983185
0.884863
0.9055835
0.9081326
0.9066225
0.9111462
0.9114612
0.9153078
0.9139714
0.9182301
0.887977
0.8950701
0.8775113
0.8881844
0.8794644
0.9246437
0.8820953
0.8900293
0.8853141
0.9076112
0.8914055
0.9244311
0.8869986
0.8827158
0.9178932
0.889681
0.903618
0.9275455
0.9173624
0.9197738
0.9111615
0.9105728
0.9229133
0.9241111
0.9190858
0.9166045
0.9080841
0.9139344
0.9213372
0.9160273
0.915993
0.9240017
0.9210573
0.9176284
0.916972
0.9097372
0.9066283
0.9088225
0.8955512
0.9033951
0.890054
0.9050794
0.9256604
0.9128804
0.9190431
0.9156282
0.9201957
0.9213413
0.9212487
0.9206266
0.887935
0.920731
0.8907849
0.878129
0.8795789
0.8902308
0.8918292
0.9171869
0.906723
0.9196038
0.9145407
0.8897948
0.887769
0.8957324
0.886397
0.9142454
0.9072289
0.9098592
0.9087351
0.8828842
0.8845835
0.8992382
0.925998
0.8998909
0.9035155
0.9039986
0.9045689
0.904554
0.8931257
0.8942476
0.9116812
0.8870112
0.8902802
0.8798592
0.9079748
0.8857348
0.91049
0.8930973
0.9015837
0.8910021
0.8962241
0.8887938
0.8991662
0.9065677
0.9020244
0.9014486
0.9019393
0.9090015
0.9111189
0.8506951
0.9066329
0.899749
0.9200573
0.9282209
0.9125194
0.9022962
0.9070248
0.9255052
0.9116568
0.8972497
0.9016698
0.8999713
0.9118955
0.8986229
0.8968993
0.910943
0.9049982
0.9041942
0.8897202
0.8917114
0.8920094
0.9104441
0.8916032
0.9004256
0.8937189
0.8937824
0.9097966
0.8902166
0.8919541
0.8990856
0.8912151
0.9032094
0.9051922
0.8985685
0.8952622
0.9108045
0.9146951
0.9132196
0.914824
0.9209141
0.90893
0.905497
0.9089137
0.9013693
0.8949363
0.9027338
0.9011166
0.9023215
0.9063072
0.9051816
0.9138949
0.8877711
0.9055773
0.9095021
0.9200448
0.9095374
0.9097747
0.9065032
0.9088498
0.8927026
0.9090748
0.9098138
0.9067878
0.9065218
0.9083101
0.8965157
0.9060276
0.9060422
0.9061088
0.9117006
0.9101801
0.9080666
0.9000072
0.9162799
0.9181067
0.9185018
0.9028874
0.8964197
0.9021403
0.9106865
0.8949811
0.9047568
0.904261
0.9168939
0.9152108
0.9159463
0.9020505
0.908452
0.9173227
0.9266197
0.9158898
0.9058317
0.9208756
0.9046825
0.9011814
0.9027663
0.9041101
0.9084928
0.9090426
0.8437955
0.9033453
0.8982071
0.9198579
0.9287503
0.9122651
0.9008208
0.9034649
0.9204962
0.910288
0.8934772
0.8972556
0.9027908
0.9080972
0.8970441
0.8938898
0.9081644
0.9014116
0.9038709
0.8840144
0.8883975
0.8896988
0.9097854
0.8876222
0.8927907
0.8879556
0.8865099
0.9048711
0.8924901
0.8894993
0.898489
0.8892382
0.9025991
0.9048371
0.8972051
0.8963661
0.9112773
0.9113443
0.9125466
0.9127671
0.918619
0.9033714
0.9038998
0.9093816
0.9011131
0.8973969
0.8987033
0.8977593
0.9032086
0.9040298
0.8971781
0.9129588
0.8851351
0.8989314
0.9115893
0.915491
0.9059924
0.9048282
0.9076224
0.9066624
0.8912023
0.9062108
0.9040023
0.9001653
0.8971558
0.9025577
0.8955804
0.9084248
0.9081651
0.9092468
0.9123272
0.9118894
0.8977781
0.8959577
0.9133819
0.9152044
0.9137417
0.8998113
0.8979657
0.8942098
0.9058672
0.8937865
0.9015961
0.896457
0.9108059
0.9137282
0.9176703
0.9001896
0.9069959
0.9146047
0.9246074
0.9185892
0.9026426
0.9194687
0.9039582
0.8940381
0.8965343
0.8980461
0.9096697
0.909294
0.8378856
0.904385
0.8995302
0.9192026
0.9281908
0.9144147
0.9034798
0.903005
0.9217434
0.9081921
0.8912244
0.8979798
0.9001119
0.9051694
0.8950284
0.8907126
0.9092685
0.9019912
0.9027937
0.8866568
0.8897896
0.8880438
0.9062489
0.889928
0.8934951
0.8887779
0.8870431
0.9079428
0.8918809
0.8904009
0.8956407
0.8887037
0.9015243
0.9023124
0.8930141
0.8934321
0.9064412
0.9089798
0.9069776
0.9151024
0.920423
0.9053875
0.8970016
0.9070166
0.8959266
0.8954008
0.8961727
0.8936858
0.898624
0.900802
0.8991718
0.9115924
0.8883656
0.9037972
0.9102167
0.9160535
0.9083488
0.9062511
0.9007373
0.9074206
0.887285
0.9024039
0.9069909
0.8996221
0.8997048
0.8994973
0.8965906
0.9038945
0.9043825
0.900897
0.9131572
0.9073915
0.9014457
0.8957646
0.9153556
0.9164449
0.9163515
0.9021257
0.8943784
0.8967486
0.9031784
0.8942364
0.9004957
0.8998882
0.9110584
0.9125027
0.9185389
0.8994518
0.906269
0.9112728
0.9259824
0.9173255
0.9034778
0.9236994
0.9012868
0.8960683
0.8968442
0.8990973
0.9056189
0.9037135
0.9074694
0.879461
0.8689624
0.8715088
0.8857535
0.8636009
0.9155964
0.3759382
0.8901517
0.8720693
0.8893299
0.8791241
0.9099507
0.8860006
0.8791289
0.9080006
0.8794102
0.8877707
0.9137742
0.9048572
0.9005499
0.8959811
0.9063786
0.9104742
0.9090909
0.9014861
0.9040105
0.8989488
0.9022683
0.9040782
0.9001271
0.9006179
0.9122323
0.9139066
0.9014033
0.9000036
0.9010466
0.8998734
0.8983514
0.8881752
0.8986235
0.8740262
0.8990523
0.9204958
0.8997666
0.9040248
0.9018927
0.9049139
0.9056959
0.9054198
0.906
0.8789416
0.9048448
0.8815626
0.8683434
0.8718768
0.8810079
0.8849702
0.9073354
0.8908848
0.9017446
0.900922
0.8797794
0.8744627
0.8840141
0.8731149
0.9048459
0.9002446
0.9018024
0.9000899
0.8756206
0.8428025
0.8938628
0.9107251
0.8903263
0.9007623
0.9002802
0.8948697
0.8862542
0.8738932
0.8812329
0.8966497
0.8798514
0.876948
0.8711982
0.9019054
0.8528477
0.9015598
0.8794253
0.8928712
0.8851235
0.8886329
0.8771962
0.895843
0.9002952
0.8938229
0.8945265
0.8978644
0.9052158
0.9026448
0.9064132
0.8786276
0.8705451
0.8719143
0.8865868
0.8628763
0.9161171
0.3794477
0.8881679
0.8721019
0.8893581
0.8803847
0.9097398
0.8858286
0.8785064
0.9084193
0.8800931
0.8896205
0.9140337
0.9048814
0.9006953
0.896334
0.9050705
0.9106582
0.9104701
0.9015514
0.9027586
0.8978239
0.9019329
0.904023
0.9011499
0.8993962
0.9110691
0.9120699
0.9030985
0.9024928
0.9006749
0.8996203
0.8985747
0.8872265
0.8977649
0.8734791
0.8987219
0.9201667
0.8991198
0.9032595
0.901603
0.9049771
0.9061468
0.9045509
0.9070771
0.877375
0.9045449
0.8809393
0.8671243
0.8731929
0.8805486
0.8847565
0.9072406
0.8906719
0.90165
0.8998775
0.8808725
0.8747843
0.8862752
0.875087
0.9049881
0.8989233
0.9004852
0.8990855
0.8765954
0.8408703
0.8935323
0.9110969
0.8919462
0.9011375
0.9008894
0.8942365
0.8862429
0.8729241
0.881304
0.8970374
0.8788102
0.8771859
0.8709831
0.900058
0.8512972
0.902172
0.8796205
0.8933713
0.8859121
0.8876603
0.8777592
0.8946405
0.8951056
0.8918195
0.8956781
0.8983753
0.905528
0.9024894
0.9097625
0.8807175
0.8817125
0.8709512
0.8795422
0.8563577
0.9128068
0.8464244
0.8811852
0.8720507
0.9059305
0.8881866
0.9173964
0.8845765
0.8824491
0.9146737
0.8818357
0.896924
0.9131672
0.9062761
0.906113
0.8977981
0.8966936
0.922914
0.9242824
0.9093974
0.906343
0.8963115
0.9029342
0.9084688
0.9038949
0.9010053
0.9120221
0.9090145
0.9057149
0.905776
0.8902981
0.8933353
0.8922482
0.8927847
0.8932862
0.8758669
0.8932361
0.916865
0.9089225
0.9130512
0.9087515
0.9152898
0.9163881
0.9147113
0.914978
0.88064
0.9099189
0.8861413
0.8656882
0.865563
0.8837996
0.8888688
0.9033705
0.9069502
0.9146442
0.8979702
0.8804161
0.8807775
0.8916718
0.8773809
0.9098176
0.8963388
0.8953224
0.8952257
0.8790813
0.8398801
0.9015319
0.920875
0.8964581
0.9076045
0.9065486
0.8986019
0.8912596
0.8759154
0.8893597
0.9093462
0.883285
0.8859799
0.8790669
0.8912869
0.8432644
0.9023686
0.882684
0.894315
0.8835838
0.8864923
0.876277
0.8928096
0.9040141
0.8954939
0.899034
0.9013389
0.9072754
0.9056945
0.9060762
0.8794859
0.8754182
0.8737807
0.8864037
0.8655596
0.9187807
0.3817585
0.892148
0.8754209
0.8921455
0.880744
0.9125293
0.8879675
0.8819565
0.909842
0.8819117
0.8913591
0.9167029
0.9068386
0.9012377
0.8975463
0.9053571
0.9111389
0.9097146
0.9010128
0.9020199
0.9005808
0.9019537
0.9054274
0.8989811
0.9019486
0.9112649
0.9123425
0.9045799
0.9049588
0.9014105
0.9012319
0.9006507
0.887242
0.897219
0.877193
0.9008365
0.9200272
0.9044868
0.9045363
0.9077065
0.9081149
0.9086314
0.9099609
0.910033
0.8782327
0.9057321
0.8824771
0.8690634
0.8752192
0.8796431
0.8864327
0.9057147
0.8939497
0.9030207
0.8997843
0.8795585
0.875119
0.8880681
0.8751735
0.9052764
0.9012797
0.9024373
0.9016769
0.874836
0.8486214
0.8930975
0.9109791
0.8913954
0.9024786
0.9014169
0.8959746
0.8878432
0.8755534
0.8848232
0.9023703
0.8800396
0.8810811
0.8723575
0.9017525
0.8528589
0.901801
0.8820247
0.890493
0.8862498
0.8911019
0.8773084
0.895509
0.9013195
0.8951195
0.8964515
0.9000356
0.9059905
0.9039744
0.9054483
0.8777337
0.8782376
0.8718559
0.8876651
0.8656529
0.9181648
0.4146746
0.8890054
0.8751495
0.8923679
0.8809645
0.91256
0.8857061
0.8783548
0.9096357
0.8828196
0.8917917
0.9146492
0.9050022
0.902539
0.8989082
0.9060101
0.9130914
0.9121279
0.9006381
0.9034413
0.8991056
0.9031777
0.9064852
0.9017948
0.901815
0.91299
0.9134001
0.9041724
0.9046317
0.8998125
0.8991154
0.9006367
0.8890133
0.8967043
0.8757689
0.8985377
0.9211064
0.9022027
0.9028697
0.9054025
0.9061919
0.9082741
0.9084147
0.9091717
0.8770202
0.9076968
0.8830228
0.8699471
0.8721408
0.8817369
0.8856449
0.9053879
0.8927376
0.9018565
0.8991757
0.8789205
0.8756684
0.8855441
0.8741174
0.9074227
0.898857
0.9004556
0.8991376
0.8761197
0.8481465
0.8951376
0.9119383
0.8909
0.9023882
0.9026449
0.8971153
0.8916038
0.8764799
0.8824898
0.901682
0.8814106
0.8794599
0.8724523
0.9013815
0.8473566
0.9047907
0.8826125
0.8938667
0.8829104
0.8892519
0.8744987
0.8945426
0.8991077
0.8951328
0.8946801
0.8969098
0.9036029
0.9027042
0.9067352
0.8773727
0.8765573
0.871203
0.8876368
0.865702
0.9168818
0.3137861
0.8889773
0.8730349
0.8896035
0.8829721
0.9083482
0.890271
0.8786501
0.9084303
0.8806404
0.8910649
0.9154556
0.9035049
0.8990792
0.8952669
0.9038331
0.9108261
0.9103584
0.9016943
0.9000219
0.8960262
0.8995914
0.9043992
0.8978206
0.8984972
0.9107991
0.9094188
0.9034356
0.9039764
0.8980388
0.8976566
0.8967436
0.8875841
0.8959866
0.8744592
0.8960983
0.9187228
0.901235
0.9030031
0.9035835
0.9053856
0.9061226
0.9065028
0.9087612
0.8769478
0.9069476
0.8811607
0.8682496
0.8728932
0.8782383
0.8846461
0.9046932
0.891073
0.8994014
0.8958108
0.8796252
0.8769529
0.8852316
0.8765928
0.9042568
0.8981978
0.8992457
0.8983996
0.8762109
0.8455885
0.8952694
0.9118777
0.8893197
0.9000708
0.9007571
0.8944254
0.887083
0.873414
0.8822973
0.9029274
0.8791608
0.8792239
0.870108
0.8964465
0.8465378
0.8992539
0.8814401
0.8920671
0.8864393
0.8894633
0.8774144
0.8955454
0.9051943
0.8969791
0.8973945
0.9002631
0.9077569
0.9051315
0.9075181
0.8813442
0.8772072
0.8739588
0.885295
0.8664523
0.918229
0.3877056
0.8920448
0.8748234
0.8915195
0.8817377
0.9109633
0.8887015
0.8790059
0.9095077
0.8798155
0.8925663
0.9167241
0.9058273
0.9006574
0.8984964
0.9051804
0.9121607
0.9117604
0.900871
0.9019586
0.8992173
0.903807
0.9071088
0.8997971
0.9009262
0.9102583
0.9104239
0.9051516
0.9063544
0.9017844
0.900101
0.9003934
0.8865159
0.8970824
0.8767554
0.9000286
0.9215181
0.9041145
0.9023092
0.9066776
0.9075105
0.9065632
0.9080974
0.9095493
0.8788596
0.9061958
0.8861402
0.8688681
0.8760134
0.8823038
0.8884996
0.9045903
0.8926129
0.9021664
0.8987725
0.8815292
0.8783374
0.8867535
0.8771975
0.9057667
0.9007461
0.9024163
0.9022066
0.8762012
0.8491062
0.8945392
0.91127
0.8929185
0.902768
0.9015901
0.8949872
0.8872263
0.876728
0.8860911
0.9013962
0.8838629
0.8826469
0.8720412
0.9005789
0.8504673
0.9037703
0.8814277
0.8929562
0.8851085
0.8909195
0.8790343
0.8944974
0.9021997
0.8955846
0.8967557
0.8982194
0.9055477
0.9051617
0.9051997
0.8778967
0.874149
0.8743702
0.8858141
0.86771
0.9173379
0.3369937
0.8904807
0.8735178
0.8918361
0.8823058
0.9112241
0.8872207
0.874056
0.9097337
0.8798955
0.8915355
0.9145473
0.9055406
0.8994111
0.897517
0.9027813
0.9117896
0.9090079
0.9006232
0.9037032
0.8983404
0.9026031
0.904724
0.9006263
0.9001167
0.9098132
0.9106909
0.9028495
0.9030364
0.9002737
0.8999748
0.899363
0.8879162
0.8973449
0.8769191
0.8977741
0.9218521
0.9017161
0.9016299
0.9035522
0.9069942
0.9070574
0.9074335
0.9086872
0.8793888
0.9055406
0.8828151
0.8689115
0.8741223
0.8799418
0.8834966
0.9059611
0.8922889
0.8992532
0.8985674
0.8758863
0.8769833
0.8847285
0.8748173
0.9053652
0.8989224
0.901032
0.9002296
0.8780381
0.8440799
0.8919587
0.9122651
0.8899365
0.8999257
0.8990936
0.8928521
0.8902983
0.8744876
0.8837429
0.9006333
0.880176
0.8781033
0.8699374
0.8996163
0.8504746
0.9008335
0.8807316
0.8927149
0.8843067
0.8908355
0.8759326
0.8970988
0.9035019
0.8984187
0.8983573
0.9006288
0.9085753
0.905337
0.9058364
0.8794435
0.8730574
0.8725046
0.887522
0.8661493
0.9182723
0.4135946
0.8912644
0.8752579
0.8918194
0.8815986
0.9102359
0.8889606
0.8811845
0.9112848
0.8815856
0.8927078
0.9154326
0.9067106
0.9028623
0.8964032
0.9058173
0.9103664
0.908151
0.9032024
0.9042009
0.9013217
0.903302
0.9062104
0.9014431
0.9014608
0.9120032
0.9109875
0.9055972
0.9056977
0.9028237
0.9011056
0.9020168
0.888679
0.8982479
0.8773154
0.9013395
0.9227552
0.9036966
0.9030323
0.9061445
0.9079496
0.9118517
0.9111384
0.9104869
0.8790073
0.9067315
0.8847466
0.8681084
0.8724183
0.8834222
0.8876364
0.9085331
0.8949768
0.9028144
0.9014752
0.8803727
0.8772975
0.8864518
0.8756252
0.9080106
0.9031196
0.9045851
0.9019446
0.8753277
0.8455079
0.8953854
0.9106978
0.8925404
0.9029743
0.9029595
0.896855
0.8910681
0.8771684
0.8825111
0.8995002
0.8822927
0.8803025
0.8726875
0.9002749
0.850637
0.9038216
0.8824301
0.8957225
0.8853298
0.8886696
0.8774709
0.8973178
0.9038019
0.8977358
0.8976361
0.8997973
0.9085271
0.9060244
0.906019
0.8782392
0.8730434
0.8729439
0.8872297
0.8648759
0.9178817
0.4151471
0.8902122
0.8753258
0.8928908
0.8804843
0.9121617
0.8886298
0.8815365
0.9090745
0.8816943
0.892122
0.9149508
0.9062251
0.9015781
0.8960259
0.9052992
0.9102762
0.9079813
0.9035107
0.9041111
0.899774
0.9040877
0.9062794
0.9001992
0.90141
0.9130561
0.9115318
0.9054687
0.9060805
0.9010364
0.8993506
0.901104
0.889056
0.8988499
0.8770558
0.900622
0.9215132
0.9038818
0.9051854
0.9054732
0.9080177
0.9104988
0.91021
0.909704
0.8795242
0.9074866
0.884329
0.8688844
0.8730234
0.8837336
0.8880662
0.9078569
0.8944097
0.9004997
0.9006753
0.8806855
0.8782679
0.8848626
0.8749954
0.9087039
0.9031092
0.9046531
0.9022093
0.8764597
0.8496923
0.8944264
0.9110368
0.8910217
0.903815
0.9033748
0.8953017
0.8903493
0.8767825
0.884039
0.9001267
0.8825252
0.8808619
0.872262
0.9011783
0.8504055
0.9042395
0.8811122
0.8949666
0.8852776
0.889853
0.8779876
0.8966762
0.8973316
0.8919994
0.892709
0.8966997
0.9042248
0.901294
0.9051959
0.8778587
0.8737266
0.8710163
0.8859186
0.8644496
0.9163299
0.369549
0.8893517
0.8712521
0.8908284
0.8801946
0.9101096
0.8851205
0.8769248
0.9088342
0.8786797
0.8909165
0.9153591
0.9031447
0.8993912
0.8936556
0.9033219
0.91092
0.9106098
0.9005262
0.9014177
0.8960514
0.9014306
0.9031648
0.899891
0.8998976
0.9091075
0.9088319
0.9022031
0.9010818
0.8980279
0.8974052
0.8966906
0.8875935
0.8953163
0.8721658
0.8947312
0.9189452
0.9002046
0.9030015
0.9031128
0.9058984
0.9079111
0.9070105
0.904595
0.8770609
0.9035081
0.8822199
0.8662159
0.874858
0.8805633
0.8822951
0.9067873
0.8916098
0.9022657
0.8988634
0.8802745
0.8754175
0.8825118
0.8730368
0.9034677
0.8988618
0.8999892
0.8985084
0.8739809
0.844121
0.893152
0.9116211
0.8900111
0.9003369
0.9003227
0.8930491
0.8848268
0.872645
0.8811964
0.8988588
0.8781225
0.8793824
0.8687989
0.8967538
0.8505321
0.8992847
0.879019
0.8939005
0.8856876
0.8877963
0.8771188
0.8947765
0.901452
0.8950099
0.8946763
0.8985202
0.9044988
0.9039923
0.9048879
0.879538
0.8736404
0.8710991
0.887708
0.8640359
0.9176982
0.3648822
0.8915767
0.8719086
0.8925761
0.881247
0.9100274
0.8875903
0.8796539
0.9076065
0.879731
0.8874241
0.9140059
0.9064122
0.9010398
0.8956711
0.9033645
0.9111553
0.9109627
0.9001716
0.9036981
0.8961825
0.9018365
0.9036862
0.8989396
0.9000256
0.9131348
0.9118064
0.900656
0.90077
0.8977585
0.8981334
0.8982455
0.8902226
0.8951357
0.8745643
0.8968491
0.9196294
0.9004481
0.9041096
0.9029206
0.9078534
0.906825
0.9078971
0.9072121
0.8757814
0.9087256
0.8826958
0.8669322
0.875183
0.8784272
0.8852013
0.90521
0.8930643
0.9021113
0.8971629
0.8791197
0.8771005
0.884572
0.8736125
0.9053233
0.8999784
0.9012988
0.8994679
0.8736485
0.8436284
0.8944353
0.9111111
0.8898704
0.9008888
0.9007577
0.895041
0.8883003
0.8745192
0.8837471
0.9018174
0.8812844
0.8820348
0.871244
0.899046
0.8465843
0.900628
0.880158
0.8915873
0.8845119
0.8896951
0.8764982
0.8946708
0.9006778
0.8953806
0.8950072
0.9000569
0.9065127
0.9045002
0.9043487
0.8754503
0.8729732
0.869857
0.8876093
0.8653049
0.9190982
0.305591
0.8881051
0.8741162
0.8906227
0.8809906
0.9111862
0.8886895
0.8793592
0.9098127
0.8813461
0.8929232
0.9155743
0.9043469
0.8990869
0.8945426
0.9035248
0.9099053
0.9087289
0.9005797
0.9021873
0.8973852
0.9012017
0.9040867
0.899826
0.900073
0.9107227
0.9103348
0.9035205
0.902599
0.8988817
0.8970269
0.9002647
0.8879081
0.8964184
0.8747252
0.8993089
0.9196528
0.9015168
0.9024171
0.9046042
0.906681
0.9066308
0.9079722
0.9081825
0.8768832
0.9074354
0.881543
0.8671038
0.8722102
0.880134
0.8856698
0.9066681
0.8924019
0.8986102
0.8973324
0.880987
0.8792248
0.8856095
0.8756255
0.9048526
0.9005382
0.9026416
0.9008573
0.876024
0.8461423
0.8979177
0.911725
0.8904065
0.8998832
0.9013079
0.8924188
0.8872143
0.8774593
0.8825561
0.9016239
0.8797122
0.8759496
0.8714912
0.8994132
0.8508801
0.9004777
0.8800658
0.8936927
0.8840969
0.8895945
0.8780842
0.896818
0.9015025
0.8950575
0.8957569
0.9009612
0.9053657
0.9038496
0.9050175
0.8799883
0.8767017
0.8724161
0.8874707
0.8633494
0.9163389
0.397806
0.8888929
0.8731734
0.8936263
0.8812463
0.9113644
0.8862711
0.8774469
0.907345
0.8785462
0.8937755
0.9178102
0.9051947
0.8992093
0.8963723
0.9047517
0.9122568
0.9112986
0.9017877
0.9013551
0.8983368
0.9042855
0.9046547
0.9009865
0.9008403
0.9126809
0.9109921
0.9027763
0.9033201
0.8989231
0.8957449
0.9002688
0.8895273
0.8961846
0.8755502
0.9000609
0.9212415
0.9029383
0.9063656
0.9049674
0.9075955
0.9083888
0.9101452
0.9096375
0.8777887
0.9080574
0.8831439
0.8639879
0.8721639
0.8827104
0.8883903
0.9082962
0.8938286
0.9020041
0.8977293
0.8805077
0.8789862
0.8860736
0.8758323
0.9050223
0.9014509
0.903554
0.9021248
0.8745069
0.8471338
0.8942446
0.9129878
0.8906721
0.9005104
0.9008856
0.8966724
0.8881062
0.8754298
0.882203
0.90171
0.8796381
0.8802329
0.8712784
0.8963321
0.8504064
0.8994996
0.8804845
0.8938822
0.8848735
0.8901383
0.8746075
0.8957086
0.9019831
0.8938261
0.8958828
0.8983033
0.9044882
0.9044097
0.905729
0.8770109
0.8751153
0.8735569
0.8855387
0.8670298
0.9150953
0.4040716
0.8870774
0.8709807
0.8924653
0.8797232
0.9129367
0.8880328
0.8798879
0.9090646
0.8812684
0.8932468
0.9158293
0.9076353
0.9004226
0.8970724
0.9044529
0.9130819
0.9113207
0.899872
0.9027277
0.8985841
0.902302
0.9044313
0.8998801
0.9006511
0.9117562
0.910855
0.9042191
0.9034134
0.8997687
0.8980723
0.8981851
0.8865994
0.8951878
0.8763208
0.8966671
0.9183982
0.9010228
0.9066968
0.905022
0.9087854
0.9080203
0.9118549
0.9084135
0.8773264
0.9074711
0.8835454
0.8666075
0.8734307
0.8805839
0.8856448
0.9065825
0.8921955
0.9011799
0.8965817
0.881398
0.8753122
0.8836743
0.8747892
0.9049197
0.8996435
0.9014014
0.900162
0.8724316
0.8457849
0.896427
0.9108003
0.8894366
0.9015348
0.9001171
0.8947054
0.8879074
0.8726625
0.8828074
0.9027969
0.8798351
0.8803065
0.8717986
0.8976644
0.8490729
0.9011217
0.881091
0.8913579
0.8866294
0.8888609
0.8793856
0.8946839
0.9019232
0.8998099
0.8997852
0.9016568
0.9064003
0.9065589
0.9036919
0.8805686
0.872148
0.874735
0.885343
0.8588354
0.9174331
0.6797631
0.8895359
0.8716671
0.8908503
0.8808428
0.9102249
0.8886733
0.8820563
0.9098988
0.8809965
0.8886698
0.9153122
0.9058597
0.9024001
0.8994925
0.9050549
0.9072512
0.9077762
0.901058
0.9060461
0.8997557
0.9027596
0.9060733
0.9055405
0.9028355
0.9125865
0.9073973
0.905262
0.9041407
0.9001479
0.8995303
0.9026587
0.8876184
0.8911512
0.8729564
0.8986334
0.9195159
0.9048486
0.9045856
0.9055811
0.9087923
0.9108442
0.9075532
0.9080325
0.8799213
0.9067543
0.8867959
0.8678557
0.8737451
0.8838105
0.8864978
0.9033155
0.8930682
0.9022341
0.898955
0.8766231
0.8761175
0.8888204
0.8786696
0.9040268
0.8989136
0.9012235
0.9000647
0.8756244
0.847813
0.8947952
0.9064411
0.8878377
0.8998795
0.9005276
0.8964745
0.8912997
0.8757296
0.8825734
0.9002284
0.8777471
0.8804026
0.8738864
0.8980503
0.8506474
0.9008668
0.8817169
0.8972931
0.8867127
0.8878216
0.8794826
0.895348
0.91026
0.8994722
0.9063068
0.9058015
0.9133797
0.9123642
0.909417
0.8834004
0.8805456
0.8695716
0.8844263
0.8583629
0.9165397
0.8468686
0.8860006
0.8759246
0.9031018
0.891021
0.9202968
0.8882057
0.880846
0.9132613
0.8821821
0.8948927
0.922162
0.9145164
0.9111616
0.9077895
0.9062109
0.9200263
0.9162941
0.9150178
0.9087982
0.9046562
0.9127594
0.9111873
0.9126301
0.9087843
0.9163836
0.9169988
0.9094572
0.9086077
0.9023055
0.9045374
0.9061977
0.8909765
0.8959643
0.8788943
0.9032166
0.9232202
0.9098926
0.9117279
0.9119606
0.9150153
0.915429
0.9129518
0.913743
0.8829408
0.9174168
0.8887842
0.8671045
0.8658496
0.8852786
0.888523
0.9143593
0.902812
0.9155721
0.9075982
0.8847104
0.884222
0.889879
0.8779802
0.9127375
0.9085947
0.9094246
0.9093761
0.880327
0.569799
0.896115
0.9166962
0.8951264
0.9018053
0.9032269
0.9005683
0.894059
0.8870065
0.8862317
0.9048548
0.887343
0.8868096
0.8786832
0.8974266
0.8205641
0.9023347
0.8822971
0.8950345
0.8845657
0.8936475
0.8766309
0.8929816