0.9086723
0.9076014
0.9151392
0.9242083
0.9016441
0.901114
0.9071018
0.8926944
0.9226707
0.902624
0.9192328
0.89106
0.9259206
0.9136375
0.8863809
0.8938046
0.9095238
0.8951649
0.8957341
0.8995147
0.9195707
0.9030392
0.9209563
0.9143013
0.9119654
0.8906373
0.9044732
0.9151033
0.9117626
0.9157255
0.877037
0.9147231
0.9080549
0.9142322
0.9090446
0.924349
0.9130576
0.9272411
0.8988151
0.8941815
0.915982
0.888939
0.9119101
0.9024168
0.9043036
0.9113179
0.8933065
0.9182451
0.910737
0.9212264
0.9212188
0.8988602
0.9147042
0.9047115
0.9151936
0.9071861
0.9082837
0.8957984
0.8980802
0.8953942
0.8977631
0.8936794
0.8991204
0.8939636
0.8956344
0.8975328
0.9013211
0.9231676
0.9139993
0.9176301
0.9108568
0.9232615
0.9268511
0.9238085
0.9229913
0.9063283
0.9171375
0.8974886
0.9204198
0.8834
0.925938
0.9172676
0.9200157
0.9063151
0.891642
0.901614
0.9145898
0.9041973
0.9177939
0.8978657
0.9094905
0.9027388
0.8977616
0.9131671
0.9065836
0.9147565
0.9133372
0.9170969
0.9292423
0.9139215
0.9095975
0.9052843
0.9045498
0.9124699
0.8997992
0.9051051
0.9023189
0.9100223
0.9234422
0.8970286
0.9215849
0.9091039
0.921753
0.9053181
0.9012484
0.9103106
0.9091069
0.9068004
0.91089
0.8978439
0.9065973
0.8983444
0.9084644
0.9162997
0.9107263
0.8906069
0.9047755
0.9120751
0.8981892
0.9115193
0.9017519
0.9113208
0.9061216
0.9002924
0.9125411
0.9225007
0.9138466
0.9169892
0.9087779
0.9029116
0.9055862
0.9077756
0.9094802
0.909584
0.9130345
0.9089631
0.9056765
0.9254599
0.9097555
0.9214559
0.9213
0.9000321
0.9086666
0.9089953
0.9119622
0.9069269
0.916276
0.9033396
0.8996752
0.8983554
0.9040302
0.9024269
0.9034616
0.9032189
0.8992929
0.899893
0.8975
0.9218799
0.9090716
0.9158807
0.9027906
0.9189011
0.91911
0.9211467
0.9176475
0.8966098
0.9169888
0.9038117
0.912916
0.9012059
0.9076153
0.9102167
0.9218825
0.9109981
0.9041145
0.9065157
0.9080237
0.9089343
0.9141156
0.9043337
0.9085316
0.9034152
0.9040528
0.9191616
0.905961
0.9173752
0.91685
0.9175139
0.9209028
0.9187709
0.9034895
0.8970261
0.9054544
0.9109533
0.8893392
0.8929841
0.8989821
0.8958917
0.9166963
0.8964879
0.9122356
0.8849664
0.9204703
0.9085523
0.8880012
0.8913447
0.8977876
0.8962895
0.8966927
0.8934168
0.9053302
0.8965505
0.9112068
0.9081806
0.9027035
0.8809738
0.8972252
0.9077544
0.902363
0.9074884
0.8831996
0.9056427
0.9005054
0.9031726
0.9002944
0.9172068
0.9057454
0.9163443
0.8968605
0.8890285
0.9085406
0.8912995
0.9059458
0.8935744
0.9000036
0.9035345
0.8928637
0.9134609
0.9062871
0.9162583
0.9160601
0.8961425
0.903592
0.8930854
0.9021377
0.8984722
0.9031449
0.8949251
0.8905886
0.8910939
0.8932128
0.8930713
0.8905474
0.88893
0.8989399
0.8924188
0.889808
0.918186
0.9083892
0.9119334
0.9063531
0.9148259
0.9175498
0.9139137
0.9123859
0.8998275
0.9108625
0.8895639
0.9159637
0.8869119
0.9163832
0.905893
0.9150582
0.8962949
0.8855098
0.9035444
0.9074349
0.8973854
0.9073674
0.8941073
0.9042933
0.8945314
0.895198
0.9112785
0.8991136
0.9071901
0.9083222
0.9108402
0.9188952
0.9152147
0.9089283
0.9190137
0.9233292
0.9283911
0.8978761
0.8921713
0.9137746
0.8774994
0.9212837
0.9159764
0.9155903
0.880735
0.9218869
0.9219936
0.8790232
0.8802189
0.9125445
0.8883345
0.8858576
0.9073048
0.9254624
0.9153154
0.9299317
0.9151348
0.914955
0.8928747
0.9032463
0.9284047
0.9187938
0.9139891
0.8630153
0.9180835
0.913024
0.9267973
0.9063215
0.9235664
0.9171585
0.9277312
0.8813896
0.8841223
0.9282182
0.8859181
0.9172932
0.894024
0.8957308
0.91503
0.884015
0.9134777
0.9098265
0.9221196
0.9214894
0.9057629
0.9179277
0.9117485
0.9178522
0.9140659
0.8968737
0.9043634
0.9032728
0.9034161
0.8929931
0.8942625
0.8962428
0.8921761
0.903162
0.9051288
0.9064323
0.9263302
0.9209413
0.9214376
0.9228862
0.925113
0.92808
0.9227023
0.9235965
0.9199573
0.9183408
0.9021011
0.9226024
0.8849817
0.9394356
0.9186864
0.9184396
0.9030573
0.8796555
0.9053016
0.9227851
0.9116512
0.9181461
0.9036489
0.9034578
0.9115425
0.9041286
0.9119233
0.9102263
0.9140029
0.9130035
0.9145891
0.9286474
0.9187212
0.9107571
0.9020063
0.9121607
0.9184342
0.8996387
0.8972913
0.9091273
0.9040254
0.9197579
0.9088882
0.9172203
0.8996928
0.9198467
0.9142321
0.8891134
0.8987528
0.9031465
0.8969564
0.9020024
0.8978328
0.916091
0.9080952
0.9141909
0.9159348
0.9125816
0.8945966
0.9051812
0.9194233
0.9096368
0.9120859
0.886566
0.9139416
0.9070031
0.9103174
0.9068173
0.9208465
0.9084641
0.9253674
0.8991884
0.8982095
0.914401
0.8961173
0.9084568
0.9072802
0.904918
0.9109968
0.8982442
0.9158932
0.9089632
0.9216842
0.9210294
0.9008403
0.9127295
0.9020807
0.9136678
0.8988886
0.9075193
0.8980311
0.8976531
0.8971036
0.8904155
0.8967437
0.8955993
0.8963809
0.8982293
0.8937868
0.8965505
0.9223479
0.9143157
0.9146542
0.9087691
0.9186055
0.919166
0.9145721
0.916622
0.9071715
0.9173358
0.9016532
0.9203527
0.8924608
0.9205126
0.9116556
0.9197248
0.9065988
0.8904165
0.9072563
0.9128275
0.9019622
0.91183
0.9030534
0.9038237
0.9027854
0.9028745
0.9181077
0.9033867
0.9156049
0.9151004
0.9191501
0.9229213
0.914899
0.8981025
0.894451
0.9023815
0.9002494
0.8611817
0.89571
0.8970796
0.8946719
0.9102447
0.8943685
0.9054489
0.8943188
0.9084199
0.905586
0.894922
0.8971932
0.8926671
0.8842559
0.8866642
0.9006045
0.8941168
0.897993
0.9053633
0.8956319
0.8928416
0.88932
0.9019191
0.8997045
0.8989419
0.890368
0.882941
0.8971345
0.8977314
0.8980807
0.8986685
0.9110055
0.8948706
0.9026226
0.8111189
0.8092938
0.9018933
0.8982399
0.8930631
0.8977829
0.9007714
0.8960307
0.8935792
0.9034177
0.9056135
0.9088959
0.9085091
0.8844764
0.8977628
0.8976285
0.8976175
0.892947
0.8925143
0.8879483
0.8839309
0.8861803
0.8826243
0.8857247
0.881621
0.8831402
0.8884884
0.8838865
0.8823873
0.915455
0.891494
0.9010719
0.9010706
0.9101691
0.9092263
0.9083626
0.907814
0.8929142
0.9015936
0.8915627
0.8996004
0.822507
0.9107551
0.8899541
0.9051375
0.8953192
0.8232495
0.9023102
0.9022217
0.8911805
0.9037868
0.8840553
0.8878746
0.890399
0.8752867
0.8991409
0.8897215
0.8945402
0.8937495
0.8966827
0.9093312
0.9055595
0.8993461
0.9031327
0.9047721
0.9035337
0.8582962
0.896643
0.898603
0.8931605
0.9085537
0.8968724
0.9058749
0.8924294
0.9089947
0.9096841
0.8905911
0.8939587
0.8936361
0.8893447
0.890251
0.9027669
0.8954067
0.9018757
0.9127472
0.897149
0.8943019
0.8926593
0.9032281
0.9021228
0.9012649
0.891345
0.8834739
0.8993838
0.8987011
0.9039606
0.893455
0.9132938
0.8962254
0.9121518
0.7960747
0.7391233
0.9079997
0.8916199
0.8917135
0.9008109
0.902361
0.8950522
0.8945941
0.9036924
0.9022928
0.9088546
0.9086982
0.8855988
0.8962455
0.8894248
0.8971545
0.893717
0.8921707
0.8882938
0.8839977
0.8871367
0.8835501
0.8840437
0.8814858
0.8841452
0.8849002
0.8886549
0.8855073
0.9135054
0.8981124
0.9053997
0.9063957
0.9064634
0.9075198
0.9055311
0.9063398
0.9003061
0.9016376
0.8985807
0.9
0.823793
0.9183217
0.8930129
0.9065618
0.8917927
0.8189715
0.9009865
0.9082735
0.8900786
0.9002027
0.8846895
0.8899122
0.891343
0.8797114
0.9003967
0.8912168
0.8981117
0.8972539
0.9011369
0.9128026
0.904195
0.8998373
0.9054944
0.9103916
0.9089399
0.8588031
0.8969334
0.9036088
0.8940104
0.912027
0.9010001
0.9076728
0.8917431
0.9103667
0.9130481
0.890226
0.8913844
0.8957049
0.8861466
0.8891198
0.9057148
0.9011672
0.9042534
0.9155144
0.8974764
0.8949908
0.895124
0.9041155
0.9082651
0.9063532
0.8954892
0.8812304
0.9046706
0.8985139
0.9076776
0.896715
0.9156876
0.8976145
0.9128288
0.7931745
0.7467093
0.9122527
0.8908539
0.8955672
0.9012565
0.9032655
0.8971996
0.8944815
0.9050297
0.908028
0.9077275
0.9072633
0.8903697
0.9001276
0.8936124
0.9010985
0.8973679
0.8929744
0.8931788
0.8879339
0.8896853
0.8854189
0.890915
0.8856087
0.8869857
0.8864814
0.8917174
0.8861525
0.9130022
0.900984
0.9040989
0.9108816
0.9109606
0.9102155
0.9077267
0.9104647
0.9065514
0.9038618
0.8955023
0.9029492
0.8228828
0.9237863
0.893617
0.9073911
0.8962918
0.8210714
0.9061438
0.9119379
0.8918403
0.9064481
0.8868713
0.8914029
0.8973525
0.8872456
0.9040263
0.8922563
0.8990304
0.8955599
0.9043587
0.9158022
0.9065171
0.8712955
0.9073172
0.9132727
0.8715893
0.8972436
0.9119361
0.9117136
0.9183177
0.8950851
0.9057252
0.893321
0.9138085
0.8880794
0.9112298
0.9119258
0.9195289
0.8849968
0.8847714
0.8897367
0.91061
0.8416801
0.909004
0.9141478
0.8619916
0.8694019
0.9081917
0.9134902
0.8757721
0.9061619
0.8556023
0.9166818
0.8797867
0.9116819
0.9088993
0.88908
0.8972707
0.8880269
0.881642
0.9016611
0.8927557
0.9105194
0.918005
0.868636
0.9122101
0.9125471
0.7399878
0.9167224
0.8961283
0.9214265
0.896654
0.8969276
0.8861597
0.8907336
0.8818784
0.8912104
0.8927552
0.8907747
0.890603
0.8805938
0.8805199
0.8819359
0.8885965
0.8807336
0.8896666
0.8844968
0.8811626
0.8793831
0.9094947
0.868486
0.870513
0.9108105
0.8756552
0.8743096
0.8726288
0.8722507
0.90624
0.8649873
0.9107933
0.8673447
0.901262
0.910514
0.768072
0.8896058
0.8910764
0.9010721
0.9171812
0.9175741
0.8854954
0.8936178
0.8789837
0.8570581
0.8894625
0.8854523
0.8975472
0.8870846
0.8607386
0.8619016
0.8677517
0.8879854
0.8838342
0.898662
0.9031631
0.9080209
0.9101093
0.8617677
0.8985548
0.8988681
0.8918469
0.9096419
0.8993258
0.905157
0.895029
0.9072984
0.9112475
0.8903997
0.8930557
0.89715
0.8929465
0.8930907
0.9026924
0.8995416
0.904961
0.9128315
0.8977582
0.8972111
0.8933981
0.9060555
0.9050145
0.9037029
0.8985189
0.8833859
0.905209
0.8991205
0.9054575
0.8988995
0.9136233
0.9034533
0.9116935
0.8646668
0.8603403
0.9157307
0.8968114
0.8930991
0.9011674
0.9012066
0.8982188
0.8945366
0.9065347
0.9080993
0.912128
0.9120126
0.8930787
0.9020006
0.897427
0.9017377
0.8949574
0.8999442
0.896661
0.8913105
0.8904216
0.8911591
0.886197
0.8861858
0.886773
0.8919062
0.8894977
0.8895838
0.9173787
0.8966452
0.902796
0.9092167
0.9058426
0.9064922
0.9043249
0.9034449
0.9027583
0.9024985
0.8970547
0.8998056
0.8573152
0.9173265
0.8987183
0.9045545
0.8977606
0.8536389
0.908788
0.9108494
0.8970332
0.9038787
0.8952905
0.8960587
0.8976782
0.8852781
0.9046931
0.8986888
0.9001878
0.9010825
0.9025143
0.9150441
0.9049585
0.8600892
0.9012915
0.8982466
0.8711886
0.8879853
0.9112681
0.8985166
0.9187902
0.893633
0.8929928
0.8944226
0.9172886
0.8857009
0.9004288
0.9102286
0.9198962
0.8837057
0.8943861
0.8967817
0.9085028
0.8365809
0.8948054
0.8966389
0.8499794
0.8596531
0.9065791
0.907291
0.8602765
0.8916865
0.8167815
0.9146118
0.8761936
0.9007731
0.8926711
0.8862599
0.8892485
0.891134
0.8725098
0.9006144
0.8927846
0.8964721
0.9135948
0.8533073
0.9110938
0.9067508
0.8567655
0.9183333
0.8963032
0.9149792
0.8941961
0.8943559
0.8778623
0.8849211
0.883882
0.8706849
0.8854835
0.8880102
0.8905328
0.8826912
0.8747001
0.8850613
0.886444
0.8816051
0.8863869
0.8813454
0.878503
0.8732618
0.9045628
0.8549897
0.8661125
0.901469
0.8742244
0.8674139
0.8752057
0.8747028
0.8974777
0.8671385
0.9025266
0.8601976
0.8969761
0.8967517
0.8494482
0.8848239
0.8909308
0.8955403
0.9127732
0.9081713
0.8799358
0.89083
0.8757664
0.8607817
0.8839779
0.8861136
0.8937181
0.8825408
0.8651582
0.8647779
0.8664382
0.8782182
0.8848013
0.8982849
0.9059644
0.9123704
0.9068513
0.8597997
0.9012266
0.908741
0.894752
0.9084919
0.9053297
0.9056683
0.8956886
0.9081256
0.9150523
0.888355
0.897062
0.8955613
0.8845902
0.8839032
0.9062223
0.8983591
0.9105573
0.9187887
0.8967723
0.8941703
0.8978168
0.9057346
0.9055298
0.9121586
0.8949514
0.8845073
0.9032851
0.9081461
0.9123138
0.8958966
0.9104713
0.9050897
0.9099867
0.8029965
0.7598514
0.9124549
0.8959102
0.8962974
0.9024485
0.9035112
0.9006971
0.8976395
0.9015184
0.9090481
0.9077214
0.9071063
0.8936484
0.9004689
0.895058
0.900032
0.8952085
0.891888
0.8942447
0.8887923
0.8932554
0.8901636
0.8894708
0.8868082
0.8882932
0.8910497
0.8943048
0.8932354
0.917925
0.9022713
0.9070079
0.9135076
0.9055985
0.9075384
0.9051309
0.9055115
0.9059265
0.9049122
0.9011762
0.9031219
0.8364993
0.9216923
0.8948312
0.9069662
0.8981135
0.8351372
0.9088436
0.9168804
0.8989024
0.9045955
0.8871306
0.8917184
0.894697
0.8844581
0.9044622
0.8984739
0.8971826
0.8966799
0.902426
0.9141508
0.9065944
0.9104967
0.9148119
0.9149725
0.9154684
0.9087941
0.9144112
0.9146718
0.9171808
0.9218719
0.9076553
0.9208303
0.9144345
0.9172766
0.9138352
0.9136002
0.9158453
0.9188818
0.9143912
0.9183307
0.9169159
0.9137102
0.9146502
0.9176816
0.9118094
0.9139109
0.9121758
0.9149732
0.9160771
0.9124225
0.9115642
0.9155769
0.9109331
0.9146932
0.9182199
0.9187087
0.9222865
0.9204724
0.9148823
0.9087399
0.906834
0.9173635
0.917723
0.909639
0.8871656
0.8977782
0.9147203
0.9182853
0.9209923
0.9202292
0.9250603
0.9253006
0.9156883
0.9195456
0.9147042
0.9148779
0.9179124
0.9136557
0.9193712
0.9140047
0.9159413
0.9152376
0.9087477
0.9157138
0.9086945
0.91725
0.9165089
0.9166892
0.9268962
0.9081661
0.9190977
0.9136423
0.9200454
0.9182215
0.9187044
0.9178652
0.9153583
0.9164726
0.9157346
0.9133475
0.9134255
0.9180522
0.9147214
0.922227
0.9178611
0.9119122
0.9219817
0.9191668
0.9192424
0.9198252
0.9162817
0.9120581
0.917295
0.9143032
0.9195372
0.9178642
0.9122387
0.9154574
0.9158103
0.9165485
0.9152685
0.9086425
0.9158186
0.9178428
0.9168707
0.9092809
0.9130583
0.9129902
0.9123286
0.9187756
0.9101359
0.9183367
0.9128492
0.9180608
0.9192496
0.912608
0.914758
0.9151242
0.9154772
0.9179527
0.9149661
0.9128059
0.9150371
0.9190941
0.9135152
0.9094359
0.9133438
0.9115096
0.9158045
0.9137205
0.9109517
0.9105745
0.9102473
0.918999
0.9199668
0.9127836
0.9188972
0.9171723
0.9148289
0.9068029
0.90328
0.9210677
0.9145325
0.9104671
0.8806182
0.8952304
0.9150686
0.9165876
0.9201587
0.9216299
0.9194794
0.9194729
0.9136842
0.9166889
0.9150153
0.9125185
0.9156432
0.9099117
0.9174555
0.9095777
0.911939
0.9129695
0.9071926
0.9099546
0.9081814
0.9112247
0.9143991
0.913734
0.9282499
0.9133764
0.915421
0.9169926
0.9177582
0.9181739
0.9162575
0.918035
0.9165196
0.9154103
0.9137518
0.9145337
0.9146275
0.922063
0.9143369
0.92047
0.9146008
0.9099901
0.9223104
0.9194118
0.913981
0.9191666
0.9132938
0.9092923
0.9164746
0.9118351
0.9175454
0.9165435
0.9143435
0.9158069
0.9182331
0.9157822
0.9161665
0.890913
0.911275
0.9129671
0.8992007
0.898736
0.9103899
0.9081963
0.9165579
0.8591195
0.9091266
0.840116
0.9134979
0.908317
0.9101525
0.9062534
0.9140904
0.7987314
0.8947161
0.8983543
0.9107268
0.8830003
0.910472
0.9133819
0.8902505
0.8952138
0.907611
0.9050795
0.9000643
0.908666
0.8873861
0.904278
0.9043059
0.9095481
0.908665
0.8361283
0.834934
0.8070364
0.9036811
0.9011201
0.8987853
0.9139702
0.9125817
0.8930845
0.9087786
0.9143488
0.8855151
0.9096994
0.8642945
0.9199171
0.8352135
0.8345436
0.7259798
0.8416864
0.8408625
0.8387217
0.8474388
0.8500595
0.8031778
0.7677871
0.7559724
0.7581114
0.7816128
0.7703822
0.78385
0.7651919
0.7431799
0.7523066
0.8347833
0.8924468
0.891395
0.9086613
0.8982871
0.898458
0.9004887
0.8953567
0.9111253
0.8949224
0.9072511
0.8969138
0.8987469
0.9150567
0.8868461
0.9092522
0.853323
0.8994654
0.9148424
0.9140751
0.8018857
0.5524102
0.8719343
0.8885805
0.8820625
0.8849889
0.8617149
0.8007719
0.8905177
0.8894027
0.8921869
0.908017
0.9040456
0.8886264
0.8990162
0.9032751
0.8899825
0.8937177
0.9068036
0.8999138
0.9111451
0.857342
0.8961646
0.7961601
0.9069365
0.9020967
0.8990888
0.9055289
0.9075047
0.6448181
0.8951781
0.8979158
0.9041587
0.8752606
0.8947993
0.9004507
0.892688
0.889026
0.8988046
0.902193
0.8903599
0.8978952
0.8827187
0.8999224
0.8944423
0.9006928
0.8947213
0.8395646
0.7760706
0.6432664
0.8952327
0.897167
0.8924309
0.9050178
0.9051755
0.8820077
0.9098865
0.9099096
0.8832117
0.9053413
0.8642935
0.913918
0.7873507
0.7867341
0.7703428
0.828638
0.835721
0.8279452
0.836892
0.8404047
0.8158617
0.7873375
0.7754752
0.772123
0.8029359
0.7845714
0.8029487
0.7840495
0.7625609
0.7636715
0.8565703
0.8857371
0.88555
0.9002496
0.8962069
0.8940793
0.8954696
0.8918619
0.8961058
0.890393
0.8990239
0.8930842
0.890591
0.9051009
0.8804561
0.9056194
0.8414145
0.8848918
0.9107337
0.9042474
0.5511372
0.8055962
0.8695588
0.8810139
0.8763506
0.8809759
0.8404362
0.584225
0.8885334
0.8884088
0.8897779
0.9023795
0.8978783
0.9106671
0.8934459
0.8976873
0.9180427
0.8957093
0.8526561
0.8925711
0.8560523
0.9214534
0.8871907
0.920767
0.8457377
0.9217747
0.8990889
0.8913544
0.8489858
0.9017481
0.900542
0.9008316
0.8966431
0.9103967
0.8907591
0.8999927
0.9158222
0.913542
0.8868736
0.8429669
0.910521
0.8896826
0.913545
0.8640826
0.9157285
0.8893992
0.8952717
0.9094492
0.9199506
0.9047448
0.9190102
0.9037601
0.8970121
0.9003013
0.8360084
0.9085355
0.9059152
0.9112295
0.9072691
0.8500057
0.9192251
0.9029047
0.9203334
0.9201364
0.8950101
0.9015848
0.9027823
0.9083518
0.9030969
0.9106213
0.8982016
0.8921249
0.8871973
0.8902982
0.8945023
0.8944858
0.8938928
0.8924995
0.8906095
0.8937415
0.9165635
0.9085909
0.9066552
0.8977524
0.9209271
0.9189237
0.921958
0.9173154
0.8865222
0.9155764
0.8548997
0.9165394
0.8867177
0.9082113
0.9114841
0.9224733
0.9027021
0.8896025
0.8947761
0.8990423
0.8992907
0.9109606
0.8975347
0.9078434
0.8936474
0.903661
0.9151931
0.9009987
0.9140238
0.9146816
0.9181021
0.9236774
0.919808
0.8794422
0.9046931
0.9044997
0.8952398
0.8895239
0.9078929
0.9047298
0.9034429
0.8961752
0.8961572
0.8901103
0.9023032
0.902206
0.9099795
0.8960339
0.9039983
0.875009
0.8879013
0.8878744
0.9061444
0.8763298
0.9001849
0.9091774
0.8908844
0.8828626
0.9031094
0.9023425
0.8887129
0.89994
0.8834404
0.9000918
0.8976478
0.902741
0.9048034
0.8800662
0.8925371
0.8832409
0.8997617
0.8917557
0.8904203
0.9083891
0.9045631
0.8842345
0.90224
0.9042128
0.8834889
0.9071734
0.8927283
0.9153494
0.8911899
0.8907227
0.8733642
0.8832906
0.8723812
0.8776473
0.8765873
0.8814751
0.880629
0.8724764
0.8692578
0.8688753
0.875822
0.8682509
0.8740249
0.871615
0.872771
0.8671698
0.9012497
0.8851535
0.8922181
0.9051432
0.8942447
0.89381
0.894408
0.8902235
0.9016026
0.8907358
0.8998277
0.8916412
0.8881339
0.9146028
0.8870158
0.9012303
0.8836475
0.8904278
0.9093365
0.9091964
0.8759443
0.8875156
0.8758748
0.8810248
0.8835418
0.8803758
0.8896916
0.8808404
0.8849916
0.8837393
0.8873924
0.9051007
0.8973904
0.8909241
0.8995035
0.9036327
0.8869223
0.9011077
0.908587
0.9038557
0.9153736
0.9107754
0.8970499
0.9042346
0.914859
0.9036536
0.902999
0.9063325
0.9131489
0.8895075
0.8963447
0.8989303
0.9043896
0.8744302
0.9019352
0.902938
0.8921172
0.8859722
0.902511
0.9115206
0.8894931
0.901449
0.8804955
0.9083068
0.8863177
0.9073963
0.8978909
0.8963376
0.9041244
0.8941545
0.8955694
0.9082928
0.8989656
0.9045458
0.9163098
0.8849249
0.9091004
0.9148048
0.8753506
0.9133737
0.9088545
0.915849
0.9058554
0.9055498
0.8853935
0.8978936
0.8905022
0.8871403
0.8906488
0.903168
0.8936056
0.8839366
0.8858692
0.8852606
0.8870962
0.8881272
0.8921233
0.8850657
0.8835321
0.8851436
0.9109065
0.8801242
0.8852168
0.8996368
0.8915454
0.8926712
0.8951046
0.8920076
0.8954549
0.8848774
0.9074763
0.8905128
0.8981046
0.9039278
0.8773571
0.901571
0.8973617
0.9016335
0.9121346
0.9058993
0.8898871
0.8988216
0.8826988
0.8808092
0.89216
0.890014
0.8998255
0.887662
0.8905713
0.8917509
0.8929708
0.902816
0.8975636
0.9094762
0.8918722
0.8959613
0.9176883
0.8953086
0.8483189
0.8908589
0.8538441
0.9205701
0.8877275
0.9185468
0.8460647
0.9224101
0.8989652
0.8888351
0.8481182
0.9014668
0.8990969
0.8994634
0.8953581
0.9084256
0.8920581
0.8992691
0.9147683
0.9118868
0.8847654
0.8403096
0.9102781
0.8906119
0.9130326
0.8653235
0.9137532
0.8915743
0.8941503
0.9080736
0.9184517
0.9031667
0.9191528
0.9005948
0.8965668
0.8998584
0.8337217
0.9078186
0.9059489
0.9126408
0.9063207
0.8435921
0.9179176
0.9000111
0.9193736
0.9189865
0.8916868
0.9015021
0.9027778
0.9056421
0.89901
0.9087347
0.8933461
0.8902927
0.8860073
0.8879272
0.8915049
0.8913531
0.893243
0.8907902
0.8872208
0.8932948
0.9182383
0.9089002
0.905356
0.8947004
0.9204975
0.9205634
0.9222525
0.9177294
0.8867695
0.9146113
0.8495952
0.9149125
0.8833723
0.9069776
0.9088949
0.9211025
0.9011124
0.8870974
0.8925005
0.8987994
0.8956118
0.9087761
0.8962079
0.9060997
0.8936864
0.9027362
0.9147243
0.8976176
0.9128914
0.913665
0.9165926
0.9232931
0.9195292
0.9102347
0.9000576
0.9059305
0.9165195
0.9025566
0.8664465
0.8965668
0.870651
0.9211799
0.8968295
0.9171508
0.8600304
0.9205133
0.9024849
0.8985331
0.8615037
0.9022991
0.9098255
0.9102135
0.9010724
0.913202
0.8983684
0.9059001
0.9144107
0.9140356
0.8967574
0.8523719
0.9110297
0.8957852
0.9158063
0.8776523
0.9174286
0.9014043
0.9010842
0.9086755
0.918008
0.9037527
0.9190117
0.9084578
0.9076259
0.9052537
0.8450079
0.9106226
0.9062088
0.9132492
0.9085324
0.860438
0.9184656
0.9061628
0.9187388
0.918391
0.8980073
0.9074612
0.9014388
0.9047687
0.9042298
0.9105043
0.9032854
0.8978821
0.8977388
0.8979317
0.8978608
0.8986609
0.9024884
0.8980526
0.8986653
0.893172
0.9213259
0.9115798
0.9126055
0.900512
0.9188284
0.9232694
0.9214525
0.9195423
0.8964048
0.9177209
0.8669652
0.9174322
0.899716
0.9049428
0.9080097
0.9223094
0.9068594
0.9045496
0.8995522
0.9050253
0.9011617
0.9145414
0.9042565
0.9054156
0.903917
0.9058367
0.9168132
0.9021049
0.9149721
0.9137753
0.9158074
0.9247731
0.9187724
0.9115203
0.9031336
0.9081324
0.913468
0.9030609
0.8668483
0.9026826
0.8683388
0.9206333
0.896656
0.9190068
0.8611615
0.9215152
0.908336
0.8989947
0.8649548
0.9022197
0.9100586
0.9087649
0.901471
0.9113644
0.8989833
0.9064681
0.9153849
0.916257
0.8952568
0.8574275
0.9092308
0.8983488
0.9142039
0.8783809
0.9167809
0.9047464
0.903681
0.9096877
0.9181178
0.9070864
0.9183994
0.9116679
0.9090422
0.9045709
0.8507468
0.9112794
0.9092067
0.9134589
0.9084222
0.8657888
0.9195555
0.9087331
0.9196737
0.9190641
0.8977897
0.906046
0.9033603
0.9073995
0.9039065
0.9116999
0.9035164
0.896548
0.8959646
0.8957971
0.8989946
0.9015813
0.9020518
0.8955986
0.8969318
0.8968968
0.9223206
0.9102459
0.9128978
0.9017416
0.9226361
0.921158
0.9249379
0.9213499
0.8999025
0.918171
0.8667291
0.9157924
0.8998479
0.9102243
0.9084464
0.923181
0.9082344
0.9062725
0.902112
0.908132
0.9003008
0.9159667
0.9051077
0.9068877
0.9026453
0.9049491
0.9174591
0.8993562
0.9173918
0.9159423
0.9185977
0.9231457
0.9173904
0.8851736
0.9033094
0.9035412
0.8807204
0.8976342
0.912751
0.9079496
0.9193303
0.9034825
0.8967964
0.9009366
0.9154456
0.8989362
0.9085186
0.9140717
0.9175229
0.8882463
0.8965207
0.9016252
0.9060928
0.8616757
0.9046414
0.9020539
0.8818883
0.8873623
0.9069692
0.9110201
0.8823058
0.9008241
0.8751047
0.9138894
0.8864151
0.9053471
0.901486
0.8983999
0.9032269
0.8924478
0.8790656
0.9066185
0.8983823
0.9045822
0.9188672
0.879057
0.9127463
0.9148089
0.8630293
0.9144374
0.9042905
0.9131282
0.900194
0.9000388
0.8887481
0.8926847
0.8942538
0.8902789
0.893059
0.8966319
0.897375
0.8867603
0.8810436
0.8898262
0.8901365
0.8929514
0.8947236
0.8891866
0.8892506
0.8862384
0.9111313
0.8818248
0.8788109
0.9027081
0.890911
0.8881811
0.8917825
0.8884697
0.9030145
0.877099
0.9058604
0.8828195
0.8993733
0.9079069
0.860122
0.8958643
0.8953409
0.899856
0.9133247
0.911745
0.8876287
0.900156
0.8863899
0.8690595
0.8935257
0.8903582
0.9030986
0.8869756
0.8847167
0.8835359
0.8842451
0.8950968
0.8971619
0.8818846
0.904133
0.9045226
0.8786186
0.8951029
0.9111914
0.90703
0.9208776
0.9076928
0.8986584
0.9060912
0.9181272
0.8985337
0.9076038
0.9112929
0.9195317
0.8914364
0.8935893
0.8986501
0.9083558
0.8656252
0.9039831
0.9055835
0.8800291
0.8822581
0.9092606
0.9112825
0.8825249
0.8985036
0.8754244
0.9161519
0.8882854
0.9067372
0.9059945
0.8986631
0.9010895
0.8983359
0.8840991
0.9040003
0.8995974
0.9031797
0.9170348
0.8811127
0.9159829
0.9184924
0.8647404
0.9176666
0.9068472
0.9139902
0.9055334
0.9053002
0.8866009
0.8921799
0.8917657
0.8935423
0.8919948
0.9000501
0.8932806
0.8858163
0.8842812
0.8905104
0.8885261
0.8941245
0.8949783
0.8870809
0.8881988
0.8863876
0.911428
0.8804443
0.885808
0.9022395
0.8889608
0.8891775
0.8914294
0.8870601
0.9049053
0.8757585
0.9083519
0.8815413
0.9044707
0.9070259
0.8606126
0.9009108
0.8980067
0.9015938
0.9116654
0.9115834
0.8903463
0.8992491
0.8885952
0.8730679
0.8967707
0.8921761
0.8989788
0.889968
0.8855056
0.8842025
0.8871649
0.8948017
0.8921392
0.9086697
0.8410661
0.8323112
0.9115913
0.8994692
0.898832
0.7556119
0.9172185
0.9162524
0.8316297
0.9196897
0.9120225
0.9195169
0.8412355
0.9106264
0.9145369
0.902967
0.9081899
0.9128229
0.8973705
0.9010716
0.8260686
0.8389831
0.9166902
0.9108677
0.8871874
0.8988227
0.9068091
0.8057928
0.9065148
0.9032234
0.9067177
0.7925823
0.81444
0.9129696
0.9208052
0.9080187
0.9087709
0.9126439
0.9028502
0.8443865
0.908279
0.9079673
0.9158842
0.9114503
0.9058593
0.9087005
0.9198225
0.9068239
0.9155556
0.9152845
0.8965181
0.9061651
0.9039496
0.9013174
0.9088877
0.9117804
0.9059636
0.8927456
0.8913905
0.9004221
0.9033057
0.9001952
0.9040673
0.8974795
0.8950988
0.8943443
0.9162021
0.903105
0.9042031
0.8420357
0.9143692
0.913065
0.9144279
0.9124637
0.830543
0.910007
0.8971285
0.9116577
0.8972553
0.8524275
0.9043124
0.9153975
0.9126062
0.8954583
0.9003789
0.8360936
0.9010128
0.9111864
0.8981751
0.9039877
0.9027673
0.9043598
0.9172727
0.8999893
0.913606
0.9111363
0.9137499
0.9160292
0.9151337
0.9057195
0.8490113
0.8500469
0.9073463
0.8940995
0.8989837
0.8350444
0.9164141
0.9208332
0.7797936
0.9207924
0.9115926
0.9189947
0.847489
0.9107854
0.9132584
0.9035491
0.9135965
0.9153854
0.897044
0.9000756
0.8431766
0.8489933
0.9152008
0.9089147
0.8909197
0.9023562
0.9065719
0.8359656
0.9039746
0.9052912
0.9073365
0.8354762
0.8374457
0.9115854
0.9196429
0.9070106
0.9080014
0.9071716
0.8990435
0.8527501
0.9087503
0.9013886
0.9095189
0.9077484
0.9006841
0.9101835
0.9232565
0.9051017
0.919986
0.9195647
0.8967875
0.905815
0.902968
0.9037399
0.9070636
0.9144832
0.9062758
0.8999278
0.898633
0.9018823
0.9033011
0.903876
0.9050476
0.8981083
0.8991951
0.8992388
0.9186739
0.8985738
0.9024416
0.8509305
0.9118042
0.9141836
0.9142403
0.9123894
0.8434994
0.9098545
0.8981637
0.911005
0.8924974
0.8523371
0.9042302
0.9166899
0.9109108
0.8959296
0.9026747
0.8504975
0.8992718
0.9137208
0.8970938
0.9046132
0.8980795
0.9072373
0.9183766
0.9026906
0.9123012
0.9100928
0.9109434
0.9167849
0.9152152
0.9148618
0.8999715
0.9083138
0.9207085
0.9004254
0.8426228
0.9040703
0.8744609
0.9193324
0.9017116
0.9198914
0.8695555
0.922986
0.9084786
0.8996216
0.871345
0.9056931
0.9047789
0.9035418
0.9031282
0.9142665
0.9009032
0.9055264
0.9219866
0.9135521
0.8946565
0.8704437
0.9170852
0.8995938
0.9082478
0.8676785
0.9135014
0.8994751
0.9045315
0.9135855
0.9207393
0.9131412
0.9157466
0.9019347
0.8973704
0.9062122
0.8645705
0.9113703
0.9100352
0.9111188
0.9124502
0.8702679
0.921337
0.9097074
0.9196528
0.9199459
0.9010615
0.9152318
0.9092898
0.9118155
0.9062411
0.9144379
0.9058394
0.9037732
0.8986649
0.9003198
0.8994548
0.906354
0.9003303
0.9003197
0.9013156
0.9003335
0.9259439
0.9162118
0.9124077
0.9019125
0.9230528
0.9226012
0.9216289
0.9203035
0.8952749
0.9161625
0.8696348
0.9173435
0.8913123
0.9096198
0.9114838
0.9182512
0.9099586
0.8979297
0.9058866
0.9038407
0.90625
0.9160746
0.9023711
0.9079707
0.9085627
0.904084
0.9174849
0.9051516
0.9141037
0.9118011
0.9164181
0.9230005
0.9199607
0.892587
0.9086692
0.9118916
0.8970396
0.900577
0.9116615
0.9109012
0.9181435
0.8700469
0.909825
0.8237219
0.9149186
0.9097671
0.9142917
0.9081007
0.9161111
0.79827
0.8949422
0.8963614
0.909423
0.8793678
0.909354
0.9126091
0.8950685
0.893812
0.9078474
0.9102087
0.8997681
0.9111873
0.8900121
0.9075277
0.8967164
0.9103618
0.9113883
0.8536603
0.8139429
0.8022122
0.9016181
0.901175
0.8993549
0.9156736
0.9167608
0.893791
0.9131905
0.9133657
0.8867593
0.9136911
0.8711063
0.9175033
0.8255901
0.8260137
0.8195894
0.8516647
0.8489296
0.855178
0.8546499
0.8555711
0.8427541
0.824961
0.817366
0.8179867
0.8341254
0.8250697
0.8364315
0.8242357
0.8165932
0.8154525
0.8750495
0.8902057
0.8957492
0.9114591
0.8991247
0.8962086
0.9009716
0.8941662
0.9098114
0.893704
0.9101715
0.8951773
0.8988462
0.9163439
0.8877686
0.9069363
0.8615875
0.8995238
0.9149089
0.9158506
0.7912062
0.8363541
0.8808543
0.8874203
0.8861125
0.8881448
0.8553627
0.7923504
0.896931
0.8941893
0.8983783
0.9094102
0.9003651
0.8895918
0.910033
0.9128711
0.8959175
0.8971352
0.9111072
0.9135026
0.907912
0.8658545
0.9113987
0.8115799
0.9099814
0.9042366
0.9155029
0.897487
0.9091684
0.7593376
0.8906593
0.8916396
0.9078716
0.885308
0.9104546
0.9157654
0.8929872
0.8838239
0.9040787
0.9060809
0.8944139
0.9105247
0.8853542
0.8988176
0.8980935
0.9115869
0.9145167
0.8446313
0.8066613
0.7612213
0.906769
0.8913216
0.8942804
0.915702
0.9065477
0.8906531
0.9107467
0.9090248
0.8895089
0.9055009
0.8589739
0.9198901
0.8055079
0.8054984
0.813805
0.8434073
0.8481706
0.8476416
0.8466305
0.8465063
0.8289684
0.8096084
0.8104027
0.7994466
0.8240423
0.802733
0.8245835
0.8114779
0.8009794
0.8053878
0.8724011
0.8883271
0.8924609
0.9129733
0.89797
0.8992339
0.8981422
0.8960605
0.9126073
0.8967858
0.9092627
0.8938522
0.8928636
0.9172125
0.8902824
0.9020225
0.847231
0.8942668
0.9114193
0.9200753
0.7512774
0.825743
0.8751136
0.8862587
0.8796757
0.8867363
0.8487234
0.7545848
0.8905993
0.890082
0.8889802
0.9035376
0.9004186
0.9069759
0.840079
0.8357211
0.9097151
0.8993012
0.9092453
0.8293287
0.9199028
0.9215405
0.83472
0.9185785
0.9200014
0.9182119
0.8417052
0.9182774
0.9191608
0.9080685
0.9180813
0.9224549
0.8952722
0.8976815
0.8200295
0.8369965
0.9165867
0.9098641
0.889892
0.898688
0.9023286
0.8194418
0.9057618
0.9122469
0.9071393
0.8324152
0.8168653
0.9139647
0.9150057
0.9117407
0.9068019
0.9186995
0.9079918
0.8470611
0.9165229
0.9048892
0.9143171
0.9194797
0.9070999
0.9167381
0.9258535
0.906335
0.9193645
0.9193198
0.8947618
0.9037812
0.9046323
0.897398
0.907138
0.9176408
0.9060704
0.8970861
0.8946082
0.9041557
0.9067516
0.9048481
0.9045985
0.8968554
0.8983119
0.8968349
0.9120677
0.9000073
0.9037498
0.843737
0.9137137
0.9116221
0.9129986
0.9090747
0.8349623
0.9129363
0.8976698
0.9100132
0.8975539
0.848149
0.9049211
0.9217659
0.9133298
0.9052746
0.8980901
0.8450047
0.9018021
0.9115528
0.9016961
0.9082212
0.8957415
0.9056891
0.9219133
0.9042367
0.915451
0.91603
0.9153631
0.9109953
0.9159081
0.9060963
0.8355303
0.8245648
0.9031555
0.8963797
0.8970513
0.8046866
0.9149584
0.9173429
0.8260209
0.9160768
0.9082712
0.9178053
0.8322181
0.9095967
0.9120938
0.8985148
0.90865
0.9140799
0.8957182
0.8987223
0.8171704
0.8354455
0.908002
0.9082784
0.8799332
0.8971247
0.8995795
0.7956583
0.9016664
0.9046184
0.9052579
0.7982138
0.8131586
0.9109679
0.9143331
0.9056328
0.9100346
0.9105793
0.8983217
0.8339844
0.9091763
0.900279
0.911602
0.9138166
0.900568
0.9089668
0.9180403
0.9000295
0.9200938
0.9195575
0.8945281
0.9036979
0.9011296
0.9004486
0.9070498
0.9109699
0.9054293
0.8937147
0.892397
0.9001377
0.9021653
0.8997094
0.9009844
0.8963386
0.8935814
0.8920554
0.9184355
0.9005657
0.900917
0.8309325
0.9110354
0.9121864
0.9127872
0.9099939
0.8257687
0.9098124
0.8946403
0.911276
0.8921454
0.8437428
0.9006126
0.9184537
0.9042755
0.8944213
0.8942851
0.8429856
0.9004963
0.9139998
0.8934795
0.8991563
0.8974322
0.9015845
0.9191994
0.9008107
0.9077247
0.9067745
0.9083422
0.9107137
0.9143822
0.9036136
0.918464
0.9209281
0.9184505
0.8960911
0.9010807
0.9157562
0.8890502
0.9160812
0.916065
0.9051227
0.8903468
0.9167024
0.9248366
0.8640224
0.8913933
0.9007425
0.8893544
0.8859754
0.9084619
0.9154706
0.9144337
0.9273553
0.9079601
0.9056396
0.8979917
0.9096225
0.9184286
0.91999
0.9109755
0.8766508
0.9137052
0.918429
0.9251841
0.9030076
0.91725
0.9050427
0.9207643
0.887178
0.8904277
0.9238573
0.8978367
0.9014576
0.8916029
0.8975394
0.9097614
0.8906186
0.9066451
0.9168633
0.9133571
0.91343
0.8991658
0.9093711
0.9018282
0.9097044
0.8989022
0.8878988
0.8933467
0.8958725
0.8967844
0.8882075
0.8861366
0.8894385
0.8838354
0.8968187
0.8959393
0.8995117
0.920195
0.9143148
0.9162099
0.9183175
0.9156398
0.9199212
0.9174914
0.9139414
0.9214922
0.9130233
0.9048374
0.9149532
0.8910464
0.9329593
0.9124697
0.9193251
0.899299
0.8950821
0.9093377
0.9244824
0.9035062
0.9080912
0.9020023
0.9037378
0.9038201
0.8999483
0.9037283
0.9060791
0.9086667
0.9076666
0.9098032
0.9232951
0.9114084
0.902537
0.919328
0.9185615
0.9079723
0.9068528
0.9196107
0.9161557
0.9218723
0.8690493
0.9168748
0.8498407
0.9186006
0.9113124
0.9199387
0.9145278
0.9226957
0.8319447
0.9069989
0.9075657
0.9189423
0.8914231
0.9189217
0.9219526
0.9012054
0.8985683
0.9168366
0.9197259
0.9061772
0.9172469
0.9004966
0.9157652
0.9092555
0.9149626
0.9226551
0.8593242
0.8489417
0.8389045
0.907401
0.9078864
0.9103361
0.9248677
0.9215371
0.8975591
0.9130933
0.9203096
0.8940768
0.9182926
0.8727397
0.9261676
0.8486178
0.8483419
0.792048
0.8628782
0.8607438
0.8592741
0.8609593
0.8605979
0.8327736
0.8118675
0.8139286
0.8089434
0.822068
0.8142709
0.822023
0.8158961
0.7969598
0.8050208
0.8628267
0.9039272
0.9038085
0.9184751
0.9096256
0.9090369
0.9092147
0.907454
0.9176573
0.9011705
0.91992
0.9065088
0.9090459
0.9235884
0.8967692
0.9150246
0.8649985
0.9094762
0.927818
0.9235369
0.8346589
0.7866765
0.8848346
0.9005633
0.892427
0.8968254
0.8735994
0.8370147
0.8983457
0.9005324
0.901097
0.9125739
0.9100923
0.9153832
0.8975769
0.8983197
0.9146694
0.9039213
0.880161
0.8990693
0.8913908
0.9226105
0.8954439
0.9226099
0.8940606
0.9256342
0.9034731
0.9083817
0.8928389
0.9114
0.914533
0.9154713
0.9063704
0.9096657
0.8998558
0.9043157
0.9184639
0.9143776
0.8967415
0.8788953
0.9115408
0.8946611
0.9144495
0.8960903
0.9118603
0.9010102
0.8906308
0.9148635
0.9232729
0.9146432
0.9191359
0.9157981
0.9048594
0.900198
0.8792746
0.9105124
0.9131816
0.9200319
0.9121078
0.8894885
0.9212365
0.9047061
0.9250217
0.9253115
0.9030227
0.9127366
0.9125575
0.9108914
0.9137553
0.9232745
0.9139397
0.907898
0.9022895
0.9045734
0.9103534
0.910951
0.9086611
0.9074798
0.9059529
0.9075997
0.925382
0.9101788
0.9136404
0.8999281
0.9242403
0.926053
0.9230796
0.9221672
0.8955088
0.9166405
0.8819069
0.9180587
0.8986896
0.9030756
0.9134155
0.9218576
0.9123466
0.8978969
0.9036463
0.905603
0.9075466
0.9200869
0.9052699
0.9104094
0.907333
0.9135077
0.9209517
0.9094682
0.9187447
0.9185222
0.9196821
0.9212759
0.9235716
0.8899771
0.9051258
0.908352
0.8955901
0.8891079
0.9045101
0.9037122
0.9022126
0.8588227
0.9015866
0.7958534
0.8981687
0.901876
0.9080497
0.8961172
0.8982499
0.7057072
0.8838133
0.8844678
0.9025763
0.8788577
0.9039239
0.9135536
0.8856584
0.8840066
0.8972108
0.9020878
0.8960266
0.9053632
0.8832035
0.8885559
0.8978617
0.9055339
0.907694
0.831963
0.7825762
0.7146063
0.8993702
0.8877588
0.8871044
0.9129141
0.9008058
0.8868872
0.9037391
0.9026744
0.880372
0.8956829
0.8525615
0.9172523
0.7865423
0.7868232
0.7823684
0.8341019
0.8353638
0.8356087
0.8315598
0.8334156
0.8069154
0.7893008
0.7793478
0.7635356
0.7928889
0.779457
0.7981464
0.7873622
0.7702871
0.7757532
0.8573797
0.8876106
0.8881217
0.9090748
0.8963217
0.8923204
0.8949499
0.8925225
0.9052379
0.8893842
0.9019743
0.8921196
0.8837857
0.9166253
0.8805709
0.9056803
0.8380162
0.8837124
0.9100589
0.9143654
0.6886146
0.8081722
0.8595299
0.8739341
0.8758773
0.8751431
0.838536
0.700955
0.8864613
0.8839503
0.8890369
0.9038864
0.89784
0.8887718
0.8991588
0.8996218
0.8930178
0.894411
0.905419
0.9005315
0.9121391
0.7928668
0.8968688
0.8414307
0.9084565
0.9025097
0.9000215
0.9038921
0.9088182
0.799713
0.8925325
0.8931193
0.899772
0.8768039
0.9003615
0.90287
0.8935064
0.8865042
0.9003391
0.9004027
0.8938257
0.8977629
0.884114
0.9001922
0.8952937
0.8988504
0.895725
0.8400195
0.8305914
0.8045405
0.9000494
0.8988194
0.8952045
0.903951
0.9044147
0.8854038
0.91041
0.9076939
0.8771484
0.9073942
0.8604455
0.9152353
0.8338633
0.8340188
0.7236864
0.8381279
0.8393192
0.8349767
0.8315078
0.8480511
0.8030102
0.7704392
0.7641369
0.7658093
0.787464
0.7780351
0.786011
0.7606772
0.7468168
0.7510672
0.8006249
0.8855989
0.8888491
0.8983493
0.8967418
0.8949741
0.8969907
0.8951316
0.8933396
0.8949324
0.8973746
0.8927129
0.8878294
0.9052048
0.8833587
0.9103405
0.8462803
0.8936756
0.9102076
0.9061779
0.7905493
0.7479724
0.8660432
0.883802
0.8788787
0.884392
0.8594757
0.7913251
0.8905117
0.8885128
0.8919093
0.904694
0.9011611
0.8995234
0.9197774
0.9222614
0.9047154
0.9053537
0.9224736
0.9219315
0.9171562
0.8774405
0.9217647
0.823129
0.919516
0.9098164
0.9284728
0.9124592
0.9187356
0.824878
0.9043622
0.9035671
0.9202515
0.900523
0.9247554
0.9272658
0.8982148
0.896252
0.9178298
0.9221715
0.9065868
0.924245
0.8978959
0.9167476
0.9122612
0.9235711
0.9253244
0.8655157
0.8363751
0.8258072
0.9121682
0.9085237
0.9038584
0.927932
0.9174878
0.8987724
0.9193554
0.9202356
0.8975145
0.9214147
0.8734295
0.9273655
0.8087919
0.8082864
0.849276
0.8719654
0.8736698
0.8697142
0.8724293
0.8696645
0.8656197
0.8515313
0.8487962
0.8438094
0.8508367
0.8483215
0.8527945
0.8487186
0.8426619
0.8485185
0.8942967
0.8997942
0.9054431
0.9233662
0.9123263
0.910045
0.9103345
0.9110106
0.9266157
0.9021195
0.9224126
0.9058072
0.9137017
0.9292011
0.9005428
0.9111456
0.8764376
0.9067967
0.924319
0.9293682
0.8218646
0.8539674
0.8935672
0.8968136
0.8986839
0.90546
0.8617651
0.8191104
0.899585
0.9017264
0.9057006
0.9071426
0.910718
0.8859675
0.9112501
0.9109531
0.8917619
0.8980457
0.9138017
0.9109567
0.9125429
0.8415647
0.9067606
0.863393
0.9107136
0.9041438
0.9180167
0.9030699
0.9101671
0.841905
0.893296
0.8927258
0.910242
0.8798431
0.9116775
0.9148487
0.8880669
0.8812602
0.9081695
0.9087127
0.8947425
0.9118915
0.8815742
0.9083763
0.8989667
0.9101055
0.912628
0.8216633
0.8613181
0.8500905
0.8996062
0.8942439
0.8948067
0.9181328
0.9108153
0.8809368
0.909059
0.9046458
0.8848007
0.9092101
0.8390313
0.9190059
0.8607904
0.8608047
0.8442377
0.8256822
0.8047786
0.8174966
0.8213092
0.7505554
0.8602166
0.8364138
0.8369245
0.8344446
0.8427569
0.8368112
0.84022
0.8380776
0.8344744
0.8358699
0.8836011
0.8849028
0.8930605
0.9132741
0.893558
0.8948157
0.8908344
0.8894375
0.9129097
0.888818
0.910148
0.8901107
0.9041884
0.9226829
0.8857709
0.9035791
0.8314043
0.8972994
0.9174648
0.9193627
0.8455551
0.8504652
0.8687582
0.8801904
0.8821094
0.883737
0.8665047
0.8473897
0.8927437
0.8913588
0.8939324
0.9022645
0.8974213
0.8832938
0.9159971
0.9133789
0.8849389
0.9034181
0.917092
0.9148243
0.917327
0.9030463
0.9078924
0.8987077
0.9190998
0.9003293
0.9156009
0.9165028
0.9220894
0.8900721
0.8917719
0.8929178
0.9137743
0.8454781
0.9140343
0.913297
0.8705499
0.8759178
0.916933
0.9113167
0.8743442
0.9050129
0.8641876
0.9225255
0.8926493
0.9134931
0.9107045
0.8912396
0.8997592
0.8982208
0.8867797
0.9053547
0.9057881
0.9112361
0.9181618
0.8756002
0.9168703
0.9138176
0.8673604
0.9182882
0.9065509
0.9231346
0.8997177
0.8997954
0.8955734
0.8955382
0.889606
0.8896339
0.8945526
0.8921822
0.8981581
0.8900542
0.8874098
0.8935825
0.8965406
0.8933825
0.8971761
0.8936247
0.8926859
0.8932507
0.9154085
0.8731017
0.8839703
0.9123704
0.8732614
0.8759185
0.8773807
0.8744726
0.9119213
0.8766902
0.9148527
0.8691575
0.9037048
0.9133598
0.8647375
0.8916244
0.8973023
0.9070433
0.9235366
0.9190184
0.8926037
0.8976062
0.8912723
0.8748535
0.896223
0.8945255
0.8984339
0.8908746
0.8794159
0.875519
0.8756857
0.8913166
0.8883726
0.873599
0.8954288
0.8995435
0.8845499
0.8901597
0.9058565
0.8983874
0.9113325
0.8978362
0.8932582
0.8960277
0.9048311
0.8876019
0.8987529
0.9002376
0.9043921
0.881072
0.8788347
0.8805157
0.9029234
0.8496702
0.8950704
0.9019862
0.8700815
0.8748241
0.8939156
0.9039024
0.8754847
0.8941401
0.8697782
0.8932319
0.884699
0.8958303
0.8946703
0.888571
0.8942821
0.8845262
0.8871681
0.8958924
0.8844212
0.8996794
0.9040932
0.8714603
0.9089427
0.9104655
0.8591136
0.9053695
0.9010035
0.9081815
0.8965849
0.8958385
0.8783575
0.8860545
0.8816981
0.882539
0.8814362
0.8851492
0.8808717
0.8720655
0.874279
0.8736449
0.879342
0.8785978
0.882642
0.8729877
0.8709869
0.8731713
0.9037069
0.8733193
0.8714574
0.8996873
0.8800727
0.8807473
0.8791008
0.8807259
0.8933353
0.8752992
0.9003274
0.8720393
0.8837338
0.9068998
0.8600745
0.8885106
0.8842124
0.8810253
0.9022319
0.9035217
0.8760809
0.8899297
0.8794708
0.8643184
0.8775706
0.8809462
0.897094
0.8792475
0.8723506
0.8703649
0.8736526
0.8892913
0.8873633
0.8919156
0.9014148
0.9050046
0.9060201
0.8546859
0.8947959
0.8987792
0.8897452
0.9099925
0.900773
0.9081928
0.8913683
0.9082287
0.9111776
0.8878491
0.8893433
0.8966173
0.8930582
0.8902443
0.9037091
0.8941493
0.9032716
0.9130852
0.8921121
0.8939659
0.8957609
0.90084
0.9024466
0.8995308
0.8913793
0.8821174
0.8992285
0.8995691
0.9048109
0.8994577
0.9123182
0.9014467
0.9080717
0.8588533
0.8594071
0.9092879
0.8916062
0.8873289
0.8978037
0.9009153
0.899658
0.8905258
0.9048205
0.9045504
0.907799
0.9076479
0.891678
0.9013266
0.8945235
0.8999621
0.8934421
0.8948741
0.8948511
0.8908912
0.8911374
0.8873443
0.8876917
0.8866667
0.8888499
0.8872704
0.8900263
0.8908887
0.9139982
0.8966119
0.8992008
0.9069496
0.9089513
0.9085581
0.9062629
0.9059187
0.9020296
0.9022344
0.8986041
0.8987241
0.8580126
0.9168755
0.8973701
0.9007206
0.8971846
0.8449217
0.9031426
0.9111187
0.8942014
0.9056287
0.8936897
0.8908499
0.8964831
0.8822486
0.906949
0.8985642
0.8978456
0.8970155
0.9017184
0.9109791
0.9048619
0.9015779
0.9240007
0.9143293
0.9008657
0.9112928
0.9312614
0.9212863
0.9314258
0.9024094
0.9198744
0.9036011
0.9296083
0.9113544
0.9196367
0.9266285
0.9342241
0.8928194
0.9115665
0.9120621
0.9189077
0.8837243
0.9223968
0.9230185
0.9025321
0.8968809
0.9234781
0.9248477
0.8967557
0.9217543
0.8980473
0.9319884
0.9116458
0.92168
0.9201903
0.8993583
0.9006623
0.8978406
0.9068218
0.9159107
0.9096979
0.9217601
0.9328212
0.8935626
0.9292029
0.9289537
0.8934692
0.928161
0.9067747
0.9327986
0.8999687
0.8996629
0.8992834
0.897276
0.8936867
0.8936754
0.8990292
0.8956783
0.9050704
0.8942007
0.8973088
0.894522
0.9025068
0.8935004
0.9063312
0.8973025
0.8940313
0.8934487
0.9163549
0.8956448
0.905985
0.9200097
0.9000803
0.8987115
0.9011789
0.898204
0.9198834
0.9018358
0.9250982
0.902073
0.9190178
0.9225596
0.8928698
0.9115466
0.9035269
0.9181945
0.9316735
0.9245147
0.8946441
0.9011579
0.8974404
0.8977104
0.9031372
0.9040384
0.9043891
0.8953934
0.8969079
0.8963732
0.894698
0.9103115
0.9061071
0.8731181
0.8972329
0.8994618
0.878836
0.8900778
0.9018312
0.898671
0.9118483
0.8958178
0.8944318
0.8899148
0.9105542
0.8818198
0.9014729
0.9040809
0.9152248
0.8733777
0.8878518
0.8855606
0.909123
0.8445429
0.8946688
0.9006679
0.8606297
0.867221
0.9026275
0.9060547
0.8699827
0.8920079
0.8433388
0.9053602
0.8774448
0.8987292
0.8976763
0.8839331
0.8919602
0.8841303
0.8771482
0.8954029
0.8921032
0.8993998
0.9071881
0.8708313
0.9080169
0.9101451
0.8524864
0.9082347
0.8952185
0.9106666
0.8882755
0.8882401
0.8762016
0.8826582
0.8738058
0.8705094
0.8806186
0.8815537
0.8809897
0.8724263
0.8747435
0.8703458
0.8732384
0.8790638
0.8759191
0.8702321
0.8713987
0.8712483
0.901154
0.8632776
0.8645159
0.8973645
0.8707097
0.872051
0.8720918
0.8720824
0.8967278
0.8698543
0.9028103
0.8705908
0.8928326
0.9035882
0.846105
0.8828845
0.8819618
0.8932408
0.9099529
0.9052736
0.8724715
0.885829
0.8713172
0.8638277
0.885535
0.882454
0.894845
0.8742102
0.867096
0.8660161
0.8647123
0.8865121
0.8835646
0.8603908
0.898544
0.902565
0.8744787
0.885801
0.9069885
0.8987672
0.9149834
0.8918861
0.8928284
0.8919618
0.911904
0.8838237
0.8977767
0.9096351
0.9152409
0.8868383
0.8886983
0.8916749
0.9050257
0.8369246
0.8954483
0.8976028
0.8579796
0.8628993
0.9061347
0.9058251
0.8616858
0.8946345
0.8223136
0.913463
0.8781182
0.9021475
0.8925441
0.8868883
0.8940606
0.8909674
0.8706063
0.8963523
0.8871598
0.9005728
0.9069692
0.8577704
0.9098608
0.9047787
0.8540241
0.9144162
0.8946482
0.9138464
0.896564
0.8965653
0.8816142
0.8805819
0.8819482
0.8719145
0.8834358
0.8827548
0.8878433
0.8821715
0.8764821
0.8793707
0.8807855
0.8823161
0.8858795
0.8779732
0.876977
0.8764103
0.9079227
0.8592771
0.8702935
0.896931
0.8767248
0.8736769
0.8771769
0.8758929
0.8948402
0.8710371
0.9013495
0.856553
0.8916597
0.8989192
0.8500301
0.8782624
0.8889131
0.8908971
0.9113901
0.9070341
0.8780568
0.8924588
0.8758877
0.8646051
0.8809988
0.8811995
0.8912568
0.8799052
0.8619295
0.8595903
0.8632643
0.8764469
0.8811099
0.8764896
0.9028267
0.908537
0.8805231
0.8928189
0.9189457
0.9113586
0.9176845
0.8954879
0.9061288
0.897253
0.9163718
0.8965284
0.9112216
0.9052715
0.9179811
0.8875378
0.8854734
0.8896069
0.9082867
0.8600163
0.9082504
0.9113018
0.879212
0.874517
0.909501
0.9153415
0.8769056
0.9069858
0.8698755
0.917877
0.8902937
0.912492
0.9023155
0.8865455
0.8983069
0.8943989
0.8919034
0.9019326
0.8942741
0.9100837
0.9197476
0.8723365
0.9123965
0.9110315
0.8729377
0.9163897
0.8987633
0.9164867
0.9002542
0.900487
0.8872688
0.8890276
0.8855465
0.8868576
0.8924003
0.8902501
0.8963203
0.8862447
0.8872262
0.887218
0.8911513
0.8855446
0.8900594
0.8903653
0.8881763
0.8859652
0.9151915
0.8723153
0.8840251
0.9097215
0.8811956
0.8804092
0.8809239
0.8777867
0.9085918
0.8818091
0.912885
0.878252
0.899791
0.9096873
0.8755066
0.8979873
0.8872747
0.9006696
0.9206954
0.9157984
0.8866768
0.8962227
0.8885718
0.8792946
0.8888486
0.8874184
0.898581
0.8869058
0.8848459
0.8830176
0.8845349
0.8872234
0.890792
0.8914977
0.9108169
0.9146712
0.9010208
0.8990464
0.9126269
0.9110978
0.9174544
0.8533231
0.9138438
0.8431807
0.9159956
0.9086307
0.9128783
0.9117689
0.9185094
0.8078512
0.9005087
0.9038407
0.9141899
0.8857852
0.9102438
0.9130313
0.8941486
0.897557
0.9110709
0.9108305
0.9008435
0.9124455
0.8951667
0.9098021
0.9034037
0.9135317
0.9106446
0.8419231
0.8339299
0.8052037
0.9057676
0.9017007
0.9038216
0.9144179
0.9124615
0.8949647
0.9151553
0.9165379
0.8881066
0.9122381
0.8640354
0.9218467
0.8331722
0.8333705
0.7315772
0.8425574
0.8406234
0.8415967
0.8432858
0.8531944
0.8102956
0.7662846
0.76316
0.7621492
0.7842721
0.773138
0.7870687
0.7692093
0.7502425
0.7560426
0.8374615
0.8946501
0.8969429
0.9135958
0.9006548
0.8986934
0.9029622
0.8991941
0.911471
0.8959438
0.9109896
0.8991389
0.9025965
0.9155405
0.8893938
0.9131036
0.8554975
0.9026817
0.9196304
0.9169836
0.8046118
0.1058631
0.876558
0.8938202
0.8857864
0.8869707
0.8601388
0.8018911
0.8958961
0.8975096
0.8940174
0.9081394
0.9064216
0.9110094
0.9009143
0.9093892
0.9208202
0.8965979
0.8575298
0.8975291
0.8598624
0.9198402
0.8997865
0.9169211
0.8509422
0.920771
0.9128707
0.8923805
0.8521626
0.908532
0.8999269
0.8952384
0.9048342
0.9203695
0.9039427
0.9119685
0.915556
0.9115301
0.8912253
0.8550487
0.9187305
0.9044972
0.9147093
0.8631242
0.9150378
0.9026854
0.9096448
0.9117014
0.9239
0.9118383
0.9213523
0.8967052
0.8948006
0.9121814
0.8412815
0.9152059
0.9050173
0.9103309
0.9087767
0.8521613
0.9179404
0.9091413
0.9216882
0.9216046
0.9022274
0.9141701
0.9042826
0.9122009
0.9075561
0.9037743
0.9028899
0.8986494
0.9005594
0.8943266
0.8951554
0.8984662
0.8958838
0.8995061
0.8991959
0.8997626
0.9244412
0.9171442
0.9182171
0.9017322
0.922175
0.9233202
0.9206445
0.9215596
0.8995056
0.9161183
0.8645473
0.9213543
0.8923714
0.9170906
0.9149112
0.9158323
0.905828
0.894667
0.8998955
0.9051637
0.9077638
0.9178399
0.903036
0.904523
0.9046856
0.905823
0.9173103
0.9078649
0.9127769
0.9145275
0.9174217
0.9214585
0.9175877
0.9105694
0.840726
0.8499887
0.9084495
0.9042444
0.9050027
0.8262918
0.9200597
0.9195764
0.8281419
0.9221369
0.9158448
0.9222323
0.841114
0.9167297
0.9200912
0.9032523
0.9189755
0.9229815
0.9009322
0.900922
0.8340469
0.8406232
0.9169112
0.9119037
0.8866036
0.9047877
0.9098006
0.8245379
0.9034818
0.9108414
0.9121431
0.8333398
0.8309266
0.9161044
0.9181518
0.9102396
0.908328
0.9180532
0.9065213
0.8395273
0.9152992
0.9115386
0.9162178
0.9172668
0.9048588
0.9121115
0.922043
0.9045578
0.9204256
0.9202302
0.898435
0.9047484
0.9069246
0.9037563
0.909333
0.9151214
0.908219
0.8956339
0.8948477
0.8988386
0.9074014
0.9023483
0.9082046
0.9004298
0.9004004
0.895945
0.9172191
0.9029977
0.9049568
0.843404
0.9120941
0.9132823
0.9124168
0.9111765
0.8347063
0.915556
0.8958425
0.9100606
0.9019693
0.8378792
0.9053445
0.9219858
0.9101183
0.902612
0.9013177
0.8412542
0.9034184
0.9146612
0.9046544
0.9039609
0.8991287
0.9048479
0.9212307
0.9030197
0.9133621
0.913321
0.9130835
0.9123631
0.9158524
0.8810999
0.8947444
0.9014738
0.8905931
0.8820986
0.9075925
0.8970482
0.9159509
0.8924321
0.8954286
0.8977382
0.9095392
0.9027153
0.9020001
0.901039
0.9094647
0.8800435
0.8935264
0.8986594
0.9026769
0.873017
0.8956578
0.8979958
0.8900339
0.8849438
0.8958787
0.9029789
0.8844725
0.8961512
0.8741149
0.9068389
0.8973391
0.9014415
0.8950307
0.879923
0.8927768
0.880905
0.8933319
0.8945197
0.8899631
0.8974727
0.9108957
0.882456
0.911201
0.9110206
0.8822826
0.9100196
0.8985065
0.9109083
0.8951181
0.8948452
0.8713775
0.8769708
0.8727478
0.8744172
0.8753095
0.8827651
0.8759607
0.8751653
0.8697707
0.8756153
0.876958
0.87546
0.8784051
0.8733488
0.8686104
0.8660331
0.9036132
0.8780998
0.8879186
0.89713
0.8893432
0.8894811
0.8882169
0.888689
0.8908069
0.8894193
0.9011243
0.8842796
0.8850512
0.8987889
0.8749269
0.9008002
0.8830092
0.8884314
0.9086084
0.9022937
0.878627
0.8835868
0.8726439
0.8838217
0.8802838
0.8598833
0.8940536
0.8737291
0.8874229
0.8858073
0.8875122
0.9013799
0.8976305
0.9154798
0.8908719
0.8981007
0.9149511
0.8944039
0.8467414
0.8900516
0.8492182
0.9201114
0.8887241
0.9165132
0.8450497
0.9222575
0.9001057
0.8943659
0.846983
0.9022386
0.8985925
0.89783
0.8972963
0.9085694
0.8902797
0.903
0.9163485
0.9090777
0.8869633
0.8338888
0.9116809
0.8926389
0.9109599
0.8537512
0.9098639
0.8929363
0.8976826
0.9089996
0.9200523
0.9070367
0.9213902
0.8977955
0.8948466
0.8997965
0.8257347
0.9067358
0.9008895
0.9080517
0.9056359
0.8409815
0.9169939
0.9002338
0.9176163
0.9174574
0.8954662
0.9084377
0.902047
0.9080579
0.9040608
0.9083678
0.9000657
0.8911582
0.889253
0.8925884
0.894958
0.8960777
0.8941064
0.8921846
0.8945154
0.8916838
0.9151275
0.9114875
0.910889
0.8943916
0.9191189
0.9167528
0.9187298
0.9169157
0.8883357
0.9145652
0.8463316
0.9171402
0.8824623
0.9076365
0.9085675
0.9196218
0.9022426
0.88413
0.8957781
0.9024823
0.8994244
0.9095422
0.8978285
0.9051328
0.8964496
0.9036778
0.9130234
0.9035056
0.9090616
0.9082674
0.9124844
0.9254574
0.9173294
0.912564
0.8947464
0.9010759
0.9153912
0.898456
0.8623084
0.8938873
0.8713463
0.9220816
0.8932028
0.9188532
0.8658158
0.922555
0.9036345
0.8964499
0.8660449
0.9109447
0.9049116
0.9035419
0.9000758
0.9089209
0.8977174
0.9019835
0.9127641
0.9094683
0.8909285
0.859728
0.9128811
0.8949311
0.9132789
0.8696908
0.9096252
0.8955065
0.8977162
0.913155
0.9218003
0.9141722
0.9162237
0.9020364
0.8962165
0.9014543
0.8479409
0.9081202
0.909719
0.9107419
0.9072117
0.8626221
0.9207733
0.9078551
0.9208893
0.9203521
0.9021881
0.9103299
0.9070133
0.9089935
0.9057618
0.9117637
0.9027268
0.8984722
0.8960385
0.9009225
0.8975691
0.9024922
0.8990549
0.9006827
0.8990156
0.8989796
0.9190027
0.9090811
0.9120418
0.8984364
0.919352
0.9182631
0.918582
0.917733
0.8931996
0.9138952
0.864023
0.918223
0.8917022
0.9061742
0.9100125
0.9189805
0.9067475
0.8905279
0.9029205
0.9053427
0.905338
0.9161359
0.9046126
0.9030029
0.9011324
0.8999708
0.9173327
0.9053265
0.9099936
0.9108815
0.9145579
0.9211558
0.9166459
0.9037622
0.8811676
0.8922093
0.9161188
0.8961415
0.8895026
0.8831731
0.8979673
0.9192152
0.8781662
0.9142757
0.8927064
0.9184303
0.8919361
0.8919257
0.8931487
0.9035282
0.8961988
0.8989508
0.8892869
0.9079963
0.8832218
0.8991569
0.9129788
0.9070077
0.7971026
0.8937889
0.9095201
0.8835741
0.9088197
0.8822195
0.9086275
0.8777288
0.8823706
0.9075332
0.9180184
0.9100004
0.9145898
0.8996744
0.8934798
0.8912452
0.8923796
0.9045668
0.902584
0.9041139
0.9053659
0.8927054
0.9154391
0.9001726
0.9198759
0.9195679
0.89096
0.9059081
0.9015381
0.9066397
0.9045872
0.9072529
0.8969379
0.8945671
0.8915676
0.8927274
0.8920673
0.8941343
0.8937482
0.8940955
0.8920665
0.8930371
0.9156056
0.9041056
0.905462
0.8888204
0.9203865
0.9202616
0.9166579
0.9161174
0.8824026
0.9125013
0.8871691
0.9103226
0.8829975
0.9017435
0.9090068
0.9180168
0.9004332
0.886037
0.8962933
0.8921625
0.9030288
0.9100834
0.896681
0.899023
0.8976648
0.8952845
0.912532
0.9041549
0.9099195
0.9101822
0.9097193
0.9183617
0.9126072
0.9148457
0.9032558
0.9059976
0.9169276
0.900759
0.8233376
0.8983506
0.8660941
0.9245677
0.9027753
0.9208852
0.8633808
0.9230151
0.9071336
0.9058828
0.8671075
0.906716
0.9061603
0.9064603
0.9059823
0.9140925
0.900411
0.9086681
0.9186231
0.914848
0.8985877
0.8694923
0.9159634
0.900909
0.9101343
0.8690239
0.9148569
0.89929
0.9057459
0.9115195
0.9253076
0.9132691
0.9179715
0.9043409
0.8997618
0.9078684
0.8606647
0.9082496
0.9072062
0.9104723
0.9147295
0.8678467
0.9199986
0.9115666
0.9218467
0.9218015
0.90527
0.9092927
0.9103641
0.9105478
0.9078493
0.9097388
0.9075811
0.9079009
0.9030816
0.9075636
0.9045277
0.9054619
0.9040697
0.9029154
0.9041061
0.9046199
0.9240047
0.9130264
0.9119935
0.9031218
0.9237599
0.9223253
0.9221805
0.919558
0.8999421
0.9151297
0.8607404
0.9158147
0.8986491
0.9152203
0.9123387
0.9201755
0.9104573
0.9018862
0.9057379
0.9074028
0.9058731
0.9215309
0.9067988
0.9120071
0.90604
0.9070094
0.9185815
0.9076108
0.9083665
0.9095601
0.9124584
0.9253978
0.9179505
0.8844348
0.8948391
0.8981974
0.8910332
0.8917282
0.9031548
0.8941484
0.9099406
0.888267
0.8944394
0.8851738
0.90067
0.9034571
0.9002197
0.8986667
0.9072543
0.860194
0.8909263
0.8923597
0.8954993
0.8687918
0.8972296
0.9017812
0.8903545
0.8839459
0.8948116
0.9008417
0.8882737
0.8935926
0.8783335
0.8951023
0.893765
0.8949902
0.8953342
0.868391
0.8866837
0.8669873
0.8977838
0.8936503
0.8895995
0.9043239
0.904437
0.8821439
0.9087662
0.9100217
0.8755531
0.9001081
0.8905976
0.908041
0.8855275
0.8851723
0.850634
0.8614312
0.8585297
0.8628544
0.8584514
0.8680199
0.8656166
0.8436245
0.850712
0.8493569
0.8554375
0.8513615
0.8550214
0.8524911
0.8472364
0.849778
0.8950827
0.8780596
0.8837664
0.8978265
0.8960941
0.8933573
0.8962636
0.8930408
0.892944
0.8865119
0.8956731
0.8911229
0.882822
0.9075874
0.8780042
0.9035877
0.8689701
0.8790828
0.900933
0.8994977
0.8584321
0.8737506
0.8051472
0.8798329
0.8366748
0.873183
0.8847953
0.8586514
0.8871324
0.8861163
0.8899506
0.9039127
0.892245
0.8734685
0.8986851
0.899072
0.887813
0.8927892
0.9061778
0.8973512
0.9103631
0.8769756
0.8900103
0.8787053
0.9045974
0.8995965
0.9012194
0.8975806
0.909872
0.8608618
0.8931672
0.8942024
0.9000538
0.8729825
0.8982659
0.899217
0.8869913
0.8803346
0.8962976
0.9024805
0.8859736
0.8896641
0.8744174
0.8990939
0.8907669
0.8991297
0.8936844
0.8620229
0.8839987
0.8626422
0.89159
0.8901641
0.8855618
0.9009106
0.9096247
0.8841966
0.9072062
0.9100907
0.8746331
0.9057682
0.8767372
0.9139785
0.8794858
0.8794121
0.8477332
0.8619282
0.8553283
0.8592642
0.8598374
0.8642067
0.8643922
0.849386
0.8466727
0.8472727
0.8557606
0.8516349
0.8564617
0.847249
0.8455362
0.8469596
0.8948009
0.8812318
0.8810952
0.8990179
0.8888408
0.8890982
0.8883096
0.8888246
0.8939003
0.8903129
0.9037617
0.8826885
0.8878254
0.9012515
0.8741583
0.9029051
0.8664325
0.888445
0.9105311
0.9017158
0.8538536
0.8704709
0.7985142
0.878265
0.8322786
0.869972
0.8861712
0.8567708
0.8871079
0.8864941
0.8852995
0.8936532
0.8917119
0.9079901
0.8503399
0.8501241
0.906439
0.8937805
0.9053233
0.837814
0.9160322
0.9223169
0.7757691
0.9201639
0.9153954
0.9185875
0.8464252
0.9087209
0.9172983
0.9025865
0.9134021
0.9178644
0.8994679
0.9024636
0.8398476
0.8526665
0.9166253
0.9058353
0.8862924
0.9004208
0.9014995
0.836898
0.9023044
0.9083941
0.9061177
0.8352111
0.8291961
0.9167757
0.9152781
0.9081999
0.9053217
0.9124103
0.9006826
0.8474563
0.908661
0.8966168
0.9109395
0.9139582
0.902154
0.9100588
0.9226361
0.9021036
0.9181459
0.9177228
0.8982695
0.9022233
0.9034944
0.9012854
0.9101958
0.917216
0.9047602
0.8995802
0.8968821
0.9012618
0.9065461
0.9038156
0.9070361
0.9003075
0.9002782
0.897654
0.9190251
0.8969814
0.8995488
0.847804
0.911145
0.9099712
0.9134718
0.9100281
0.8464198
0.9136721
0.8990551
0.9116553
0.8929381
0.8574765
0.9040924
0.9151776
0.9107499
0.8989422
0.8978218
0.84984
0.8996766
0.912876
0.8955823
0.9000433
0.9018673
0.9046534
0.9191053
0.9001505
0.9102095
0.9099298
0.9087674
0.9141546
0.9120148
0.9083572
0.8532374
0.8522991
0.9070796
0.8982302
0.9035736
0.8379398
0.920353
0.9212568
0.7929018
0.9157386
0.9174371
0.9166988
0.8487715
0.9129009
0.9140246
0.9029766
0.9172424
0.9178739
0.8971912
0.9002551
0.8470469
0.8502668
0.9124217
0.9103586
0.8910041
0.9026096
0.9032791
0.8369389
0.9053516
0.9126157
0.9059853
0.8429487
0.8398022
0.913731
0.9120554
0.9042617
0.9056178
0.9127548
0.8984724
0.8523736
0.9135149
0.9015255
0.9110178
0.9145133
0.900586
0.9127416
0.9216492
0.9039509
0.9178522
0.9177328
0.8980497
0.9041231
0.9047754
0.9069405
0.9061368
0.9146242
0.9085148
0.8980446
0.897385
0.8983724
0.9079717
0.9013592
0.9077974
0.9003565
0.9008018
0.8950468
0.9178202
0.8974044
0.9024572
0.8510312
0.9106463
0.9104018
0.9116577
0.9088365
0.8453706
0.913472
0.8985902
0.9105005
0.896274
0.8523917
0.9027922
0.9169743
0.9122162
0.9011449
0.903494
0.8546316
0.9000429
0.9114901
0.8991023
0.9001726
0.9021067
0.9052351
0.9182798
0.9009057
0.9093647
0.9110946
0.9064541
0.9153064
0.9168077
0.8782177
0.89614
0.8977597
0.8912424
0.8882189
0.904605
0.8932832
0.9098723
0.8822229
0.8910927
0.8774819
0.9005596
0.9010895
0.9001881
0.8960356
0.9032539
0.8613814
0.888828
0.8914029
0.8955671
0.8700894
0.8939796
0.9023898
0.8873726
0.882691
0.8900445
0.8992952
0.8871718
0.8892029
0.8742048
0.8952124
0.89055
0.8950163
0.8947035
0.8641893
0.8840911
0.8633304
0.8981353
0.8885181
0.885617
0.900833
0.9032305
0.8806734
0.9039449
0.9092665
0.8724313
0.8976424
0.8854291
0.9052388
0.8801798
0.8800652
0.842812
0.8594633
0.858525
0.8638788
0.8572973
0.8649
0.8622811
0.843775
0.8477964
0.8447174
0.8499736
0.8457732
0.8508467
0.8484159
0.8443364
0.8466844
0.8948312
0.879752
0.8812238
0.8979437
0.8931826
0.8931361
0.8952604
0.8924584
0.8899656
0.8869825
0.894812
0.8904912
0.8801923
0.9056951
0.8752302
0.9025212
0.8672514
0.8767947
0.900985
0.9016004
0.8526931
0.8689622
0.8022297
0.8746996
0.8330902
0.8722746
0.8859855
0.8568607
0.8819257
0.8826452
0.8872958
0.9018539
0.8940227
0.8970023
0.9066441
0.9102226
0.9021349
0.6462939
0.8996594
0.9081716
0.9013471
0.9051435
0.9028086
0.909056
0.8984759
0.9068007
0.9133514
0.8949603
0.8966546
0.8970458
0.8937177
0.8988941
0.9060914
0.8923386
0.9075149
0.9156398
0.8997765
0.8939345
0.8961741
0.9049808
0.9016177
0.9020515
0.8960896
0.8922843
0.9006139
0.9066005
0.9102597
0.8954985
0.9091036
0.904541
0.9087016
0.8614279
0.8547202
0.9098025
0.9025063
0.8921639
0.9012903
0.9025155
0.8971163
0.8955721
0.9047586
0.9045982
0.9098281
0.9092175
0.8952381
0.8989352
0.8949387
0.8968867
0.8939486
0.8930498
0.8963093
0.8928507
0.8938187
0.8885442
0.8895359
0.8859595
0.8904041
0.8910275
0.8884927
0.8954994
0.9150377
0.8977948
0.9063751
0.9099416
0.9045477
0.9034651
0.9047351
0.9020203
0.9100949
0.9042531
0.8998814
0.8967472
0.8606989
0.9174674
0.8948701
0.904506
0.8978628
0.8626921
0.9065258
0.9152222
0.8973967
0.9027763
0.8922256
0.8918919
0.8991573
0.8868944
0.9042635
0.8980271
0.8980706
0.8987859
0.9005658
0.909047
0.9049553
0.9083495
0.843107
0.8258571
0.908695
0.8988736
0.90217
0.8018426
0.9223163
0.9211196
0.822395
0.9206649
0.915225
0.9176165
0.8334672
0.9136457
0.9137542
0.9039763
0.915209
0.920186
0.8956572
0.8974563
0.8129591
0.8360069
0.9144222
0.9095341
0.8850909
0.8970972
0.9006527
0.7939296
0.9068973
0.9110931
0.9054299
0.7954003
0.8088241
0.9144614
0.9172803
0.9100583
0.9089181
0.9190544
0.9031192
0.8381397
0.912151
0.9024557
0.9165642
0.9191092
0.9020197
0.9147535
0.9247009
0.8986131
0.9210627
0.9209051
0.8990187
0.9042636
0.9060856
0.9007216
0.9118542
0.9187635
0.9065071
0.8973821
0.8958409
0.9045651
0.906165
0.9066307
0.9052798
0.8983088
0.9014541
0.8951368
0.9147121
0.9019509
0.9033773
0.8327176
0.9133683
0.9125199
0.9149582
0.9134952
0.822663
0.9130541
0.896558
0.9113436
0.897488
0.839501
0.9054015
0.9169806
0.9090457
0.903624
0.8972476
0.8330223
0.9006122
0.9166111
0.9014105
0.9026809
0.8973237
0.9050642
0.9180614
0.9007287
0.9124465
0.9129048
0.9121299
0.9139934
0.9182658
0.8892805
0.9170203
0.9199972
0.8979207
0.9053792
0.9105601
0.914705
0.905314
0.8583477
0.9138029
0.8673637
0.9094242
0.9060154
0.9197972
0.9043934
0.9100899
0.8499164
0.8923971
0.8917011
0.913426
0.888684
0.9170926
0.9205072
0.8898284
0.8836039
0.9130295
0.9143648
0.8980633
0.9135412
0.8885931
0.9037037
0.9048006
0.9105348
0.9185694
0.8304257
0.8692661
0.852422
0.9049408
0.8881175
0.8962617
0.9210074
0.9083229
0.8850224
0.9107036
0.9104529
0.8877209
0.9086251
0.8436884
0.9233656
0.8659171
0.8659708
0.8521164
0.8379305
0.8125815
0.8378389
0.8277182
0.7461964
0.8625724
0.8435497
0.8471893
0.841208
0.8471493
0.8405001
0.8470615
0.8509554
0.8424942
0.8477323
0.886226
0.8900645
0.8973319
0.921535
0.8995458
0.8978376
0.8972906
0.8972046
0.9171851
0.8923301
0.9156991
0.8896814
0.9020411
0.9263184
0.8881353
0.905823
0.8380544
0.9001512
0.9181926
0.9224557
0.8497431
0.8594169
0.8735321
0.8905584
0.8856229
0.8871802
0.875149
0.8507518
0.8930784
0.892843
0.8933605
0.906544
0.8976128
0.8987955
0.9051721
0.9097202
0.9065708
0.8525192
0.8956465
0.9032444
0.8931231
0.9082204
0.9009524
0.9085847
0.8909278
0.9096615
0.911794
0.8915295
0.8920287
0.8921678
0.8862701
0.8880257
0.9044566
0.8962074
0.9051844
0.9140739
0.8979848
0.891773
0.8939123
0.9061131
0.9051613
0.9080472
0.8942943
0.8819112
0.9046217
0.9025326
0.9075852
0.8958789
0.9121629
0.8966638
0.9115184
0.7926211
0.7347344
0.9094889
0.8877659
0.8907493
0.8977589
0.9003205
0.8966803
0.8937172
0.9012521
0.9052259
0.9076387
0.9070209
0.8891593
0.8994968
0.8919395
0.9008164
0.8950294
0.8934905
0.8919695
0.8882177
0.8866487
0.8869651
0.8883361
0.8862216
0.8887677
0.8868481
0.890791
0.8865597
0.9133303
0.900382
0.9011638
0.911871
0.9108314
0.9071436
0.9069784
0.9079792
0.9037114
0.9016845
0.896302
0.8996933
0.8248378
0.920333
0.8926562
0.9044936
0.897276
0.8197471
0.9042915
0.9115374
0.891519
0.9062821
0.8863067
0.8891068
0.8968294
0.8819291
0.9033968
0.8931687
0.894478
0.8932892
0.9034129
0.9158604
0.9061944
0.901878
0.9134033
0.9145311
0.9194106
0.9041448
0.9092834
0.9147463
0.9059286
0.9190995
0.9119861
0.9168981
0.9048003
0.9199134
0.9168039
0.9036941
0.9094693
0.9125534
0.9080821
0.9079974
0.9166894
0.9167095
0.9114356
0.9175766
0.9126995
0.905141
0.9105524
0.911901
0.9149419
0.9127613
0.910885
0.8961741
0.913809
0.9134895
0.9211116
0.9117355
0.9236289
0.9158964
0.9149217
0.9026805
0.9024661
0.918142
0.9079396
0.9070347
0.8748633
0.8943957
0.9117113
0.9094427
0.9158166
0.9139205
0.9207931
0.9211128
0.9111808
0.9154491
0.9112539
0.9145107
0.9144524
0.9105057
0.914824
0.9111479
0.9086475
0.9067882
0.9060944
0.9087413
0.9077764
0.910221
0.9095427
0.9087143
0.9250857
0.90977
0.914525
0.9144451
0.9213996
0.9204769
0.9196429
0.9169163
0.9129745
0.9156565
0.910813
0.9151775
0.9028296
0.9238313
0.9126753
0.9173576
0.9105992
0.9031808
0.91662
0.9188627
0.9116841
0.9194231
0.9108659
0.9097682
0.9115081
0.9078463
0.9168667
0.9131459
0.9149125
0.9153202
0.9143841
0.9175161
0.9135316
0.9123192
0.9111618
0.9179322
0.9196168
0.8965356
0.855676
0.9069709
0.8185333
0.9184197
0.9064054
0.9135994
0.8459231
0.9192271
0.9171395
0.8894366
0.8493297
0.9052507
0.8978799
0.8910177
0.9060395
0.9181582
0.9102288
0.9217808
0.9151886
0.9113077
0.8942967
0.86351
0.9214522
0.9109221
0.9114095
0.8531098
0.9149832
0.9116531
0.9195839
0.9085651
0.9213945
0.9117324
0.9239946
0.8877982
0.8938263
0.9186836
0.8340356
0.9115282
0.8984773
0.9021739
0.9113383
0.8499507
0.9115066
0.9121224
0.9205994
0.9208943
0.9037045
0.9131278
0.9041586
0.9140597
0.9047466
0.901085
0.9016215
0.8979696
0.8993866
0.8973781
0.893898
0.8988686
0.895505
0.9049424
0.9001485
0.9011069
0.9240861
0.9171879
0.9150743
0.9144535
0.9254615
0.9231989
0.921344
0.924448
0.908734
0.9197328
0.8629102
0.9187368
0.8883902
0.9255538
0.9147027
0.9178605
0.9059658
0.8932025
0.9045865
0.9188566
0.9064782
0.9186399
0.9018929
0.9056196
0.9034089
0.9017455
0.9130742
0.9086859
0.9095999
0.9079136
0.9129245
0.9255569
0.914933
0.8996111
0.896877
0.9058318
0.9030044
0.8304345
0.89356
0.8990684
0.8970392
0.9096609
0.8936626
0.9080722
0.8936504
0.9118606
0.901951
0.8918237
0.8944034
0.8943531
0.8896849
0.8928765
0.8955993
0.8940948
0.8983501
0.9050606
0.9004847
0.8995541
0.8909753
0.9003237
0.9056287
0.8977621
0.8946106
0.8877295
0.9064771
0.8992083
0.9036926
0.8976847
0.9083111
0.9006453
0.905763
0.8542634
0.8406284
0.9026227
0.8938031
0.8991669
0.8983725
0.9014934
0.8949741
0.8932
0.909397
0.9060593
0.9099591
0.9100699
0.8873663
0.8981936
0.8933348
0.8982484
0.8952238
0.8974524
0.8862528
0.8842768
0.8820075
0.8816726
0.8852935
0.8859681
0.8858419
0.8848923
0.8822823
0.8816417
0.9148543
0.896635
0.8967567
0.901842
0.9082779
0.9082553
0.9068156
0.9065384
0.8953727
0.9017731
0.8927207
0.9022471
0.8436175
0.9124453
0.8963504
0.9074463
0.8960031
0.845683
0.9029739
0.9029869
0.8924434
0.9031437
0.8896703
0.8918919
0.8866863
0.8845901
0.9069049
0.8948327
0.8986137
0.8973269
0.8965714
0.913051
0.9092452
0.8752953
0.9081557
0.9107149
0.877003
0.895041
0.9137371
0.9070101
0.9186793
0.8982497
0.9032899
0.8932971
0.9158212
0.8935493
0.9085588
0.9106061
0.918363
0.8807925
0.8878549
0.8890426
0.9133858
0.8381054
0.9103203
0.9082938
0.8648309
0.8713556
0.9082219
0.9156794
0.8776162
0.9043525
0.8575403
0.9142282
0.8878212
0.9105624
0.9029162
0.8858951
0.8908713
0.8844377
0.8837936
0.9030726
0.8974747
0.9098667
0.9154713
0.8733319
0.916839
0.9157354
0.8501288
0.913147
0.8974961
0.9232038
0.8901868
0.8901903
0.8787424
0.8890676
0.8841675
0.8819714
0.8872528
0.8853006
0.8858217
0.8797904
0.8762962
0.8808556
0.8825418
0.8817362
0.8859787
0.8740192
0.8743103
0.8777493
0.9059908
0.8708532
0.8770763
0.906827
0.8686869
0.8644462
0.8681254
0.8631486
0.9059443
0.8761375
0.9136863
0.8710468
0.9018427
0.912811
0.8546343
0.8912199
0.8882349
0.9021269
0.9175425
0.9099812
0.8833194
0.8900614
0.8813603
0.8662791
0.8921906
0.8896874
0.8942513
0.8859763
0.8765815
0.8768439
0.8769668
0.8793947
0.8870629
0.8732792
0.9140105
0.9131473
0.8732991
0.9027187
0.9194037
0.9102382
0.9188723
0.9061133
0.9076368
0.8967345
0.9255184
0.8911025
0.9121822
0.9140522
0.9243609
0.890987
0.8917296
0.8943051
0.9143027
0.8449592
0.9112311
0.912567
0.8666594
0.8708528
0.9135342
0.9173866
0.8755569
0.9027974
0.8595272
0.9212826
0.8813023
0.910975
0.9088137
0.8938476
0.9018206
0.8943219
0.8753188
0.9053813
0.8996038
0.9123913
0.9225194
0.8749178
0.9137943
0.9111073
0.7966332
0.9228456
0.8989774
0.9233261
0.8972832
0.8970511
0.8906284
0.8942348
0.8903645
0.8856579
0.8926088
0.8895149
0.893532
0.889898
0.8811964
0.8898226
0.8911286
0.8928559
0.8883597
0.8888247
0.8896492
0.8873737
0.9121859
0.8717629
0.871369
0.9119125
0.8700149
0.8686342
0.8704903
0.8676803
0.9099188
0.862807
0.9145363
0.8689502
0.8988587
0.9108921
0.7830122
0.8892274
0.8967701
0.9078418
0.9235732
0.9147877
0.8900222
0.8971145
0.8879217
0.8560089
0.89311
0.8864841
0.9023132
0.8903606
0.866031
0.8665277
0.8712479
0.8888616
0.8830911
0.8692501
0.9077152
0.9091102
0.8731883
0.8959761
0.9167819
0.9061004
0.9193121
0.8960836
0.8999278
0.8950266
0.920404
0.8844068
0.9121775
0.9096795
0.9211353
0.8831403
0.882248
0.8850131
0.908011
0.8019324
0.9071967
0.9105985
0.8531302
0.8619587
0.9088307
0.912204
0.8651798
0.9027192
0.8384005
0.9112095
0.8787955
0.9091723
0.9052859
0.8837906
0.8901272
0.885432
0.8772403
0.9001186
0.8925301
0.911541
0.917199
0.8557147
0.9119287
0.9121943
0.8382381
0.9175985
0.8927326
0.9186881
0.8924449
0.8922115
0.8807172
0.8835553
0.8793153
0.8771077
0.8825738
0.8824617
0.8880337
0.8834679
0.87784
0.8780363
0.885942
0.8827994
0.8847104
0.879151
0.8795141
0.8786673
0.9051357
0.8603146
0.8596698
0.9066998
0.8572376
0.8536875
0.8559598
0.8580602
0.9080804
0.8594172
0.9113589
0.8505304
0.8978113
0.9109989
0.8332892
0.8843778
0.8853257
0.8959477
0.9207921
0.9143722
0.8828314
0.8910643
0.8782682
0.8573607
0.885515
0.8815712
0.8941298
0.8798785
0.8643508
0.86514
0.8640018
0.8725894
0.8796108
0.9203931
0.9092098
0.9161624
0.9206731
0.9069497
0.8702559
0.9099462
0.873512
0.926533
0.9096379
0.9215816
0.8669034
0.9263413
0.9123647
0.9064408
0.8700996
0.9148884
0.9088095
0.9090358
0.9115831
0.9191653
0.9085834
0.9142887
0.9247698
0.9169087
0.9029644
0.8651239
0.923331
0.9063119
0.917222
0.8807802
0.9174966
0.9110753
0.9129502
0.9180477
0.9269364
0.9149771
0.9246592
0.9103711
0.9062389
0.915146
0.8328354
0.9173822
0.9162994
0.9162918
0.9179868
0.867061
0.9239161
0.9150654
0.9285026
0.9280135
0.9107599
0.914672
0.9140129
0.9126292
0.914668
0.9166989
0.9136272
0.9100672
0.9095084
0.9076352
0.91126
0.9115469
0.9114023
0.9090715
0.9120505
0.9109684
0.9244166
0.9239532
0.9163751
0.9117855
0.9281563
0.9262751
0.926947
0.9245894
0.9093533
0.9197341
0.8743709
0.9231117
0.9054141
0.922315
0.9197039
0.9232203
0.9156008
0.9034552
0.9147945
0.9127211
0.9107817
0.9189161
0.9097417
0.9133206
0.9100512
0.9143182
0.926193
0.9116788
0.9184467
0.9175413
0.9212648
0.9273688
0.9212111
0.9113832
0.8952708
0.9034318
0.9166904
0.8936016
0.8566845
0.8927794
0.8573279
0.9158736
0.8961375
0.9162105
0.8589463
0.9215207
0.9005301
0.8961338
0.8576606
0.9017123
0.8995355
0.9039234
0.8998328
0.9119728
0.8956767
0.9057029
0.9165473
0.917166
0.8834411
0.8626342
0.9108793
0.89457
0.913756
0.8593738
0.9086699
0.8948167
0.900135
0.9065353
0.9210275
0.9068881
0.9211093
0.8944768
0.8919197
0.9025402
0.8491953
0.9114547
0.8989244
0.9038585
0.9056392
0.8526673
0.9149973
0.9020162
0.9181239
0.9178111
0.8916062
0.9062254
0.9016791
0.9078739
0.9020346
0.9045824
0.8953916
0.8911055
0.887301
0.8868805
0.8913011
0.8960035
0.8937806
0.8911552
0.8859649
0.89147
0.9180921
0.9125774
0.9097008
0.9001456
0.9189035
0.9227321
0.9189363
0.9174639
0.8932296
0.9146787
0.8214384
0.9186899
0.8881423
0.9092364
0.9107066
0.9181121
0.9019146
0.8877377
0.8970241
0.9043838
0.8997239
0.9084254
0.8976812
0.9034596
0.8988023
0.8987528
0.9147923
0.9023508
0.9105679
0.9106391
0.9102864
0.9233236
0.9143452
0.9113569
0.8961067
0.8976855
0.9130819
0.9017819
0.8760625
0.8959083
0.8869482
0.9257932
0.8908183
0.9220039
0.8839633
0.9250349
0.9008273
0.9081195
0.8866468
0.9108784
0.9132391
0.916
0.8981575
0.9115126
0.8939075
0.9001335
0.9168083
0.9146341
0.8939144
0.8796556
0.9123391
0.8920627
0.9157407
0.8890186
0.9122652
0.9034097
0.8962734
0.9162689
0.9230446
0.9164641
0.9167426
0.9147764
0.9030155
0.90226
0.8802859
0.9103354
0.9156941
0.9134948
0.9115484
0.8815959
0.9215707
0.9058802
0.9233743
0.9240031
0.9037811
0.9156555
0.9099141
0.9102528
0.9119285
0.9230444
0.908653
0.9039383
0.9046298
0.9070645
0.9085375
0.9055896
0.9082852
0.9072976
0.9054142
0.9052582
0.9242953
0.9105093
0.9113929
0.8961583
0.9199705
0.9228064
0.9207276
0.9193531
0.8951848
0.9161358
0.8774357
0.9201026
0.9003303
0.9006594
0.9145952
0.92324
0.9120196
0.8996586
0.8998524
0.902707
0.9066638
0.9201179
0.9007092
0.906241
0.9093452
0.9118514
0.919058
0.9102205
0.9190409
0.9167522
0.9179218
0.9209726
0.9216343
0.915309
0.8924673
0.8964169
0.914862
0.9014085
0.8773052
0.8970379
0.8826093
0.9239237
0.892479
0.9222654
0.881728
0.9248521
0.9008043
0.9095079
0.886501
0.910224
0.9133283
0.9153198
0.9024837
0.9114024
0.8979977
0.9010631
0.920508
0.914299
0.8955333
0.8779085
0.9147223
0.891413
0.9127108
0.8872786
0.9145841
0.8991446
0.8961131
0.9163653
0.9274067
0.9151427
0.9179793
0.9136618
0.9074194
0.898983
0.8771179
0.910378
0.9163634
0.9138112
0.9117877
0.8873033
0.9224733
0.9019579
0.9237886
0.9240807
0.9058209
0.9128442
0.9099551
0.9136977
0.9132504
0.9185737
0.9108505
0.9058611
0.900765
0.9067436
0.9093193
0.9069238
0.9076148
0.905676
0.9060744
0.9072562
0.921658
0.9101605
0.9091912
0.8977585
0.9209499
0.9222736
0.9208354
0.9198771
0.8931677
0.9199454
0.8750374
0.9179969
0.8952795
0.9069499
0.912558
0.9234281
0.91373
0.8981877
0.8981543
0.9041884
0.9070874
0.9207176
0.9002492
0.9080811
0.9034311
0.9079633
0.9240307
0.9107276
0.9175371
0.9151946
0.9177161
0.9231673
0.9203709
0.9128483
0.8976069
0.8967199
0.9157371
0.9027555
0.8786104
0.8978628
0.8896585
0.9256653
0.8903923
0.9201318
0.8861294
0.9217391
0.9050193
0.9095105
0.8877697
0.9090618
0.9146825
0.915701
0.9004063
0.910077
0.8979392
0.9039286
0.9191569
0.9135546
0.8965681
0.8756311
0.9132799
0.8938459
0.9131716
0.8904208
0.9125031
0.9014495
0.8931292
0.9155124
0.9247571
0.9128711
0.9219333
0.913424
0.9065612
0.8992016
0.8792995
0.9105356
0.9161256
0.9150215
0.9082543
0.8840319
0.9242239
0.8994207
0.9210986
0.9210536
0.9038177
0.9129945
0.9125084
0.9123062
0.9140943
0.9201302
0.9101071
0.9021535
0.9030848
0.9055686
0.907992
0.9053517
0.9069132
0.9060789
0.903163
0.9022947
0.9263778
0.9134016
0.9084963
0.9016653
0.9207827
0.9222559
0.920744
0.9189866
0.8942055
0.9183074
0.8762718
0.9204222
0.8996437
0.9041111
0.9143731
0.9230716
0.9118327
0.9016875
0.8962565
0.906241
0.9059215
0.9173565
0.9040604
0.9067519
0.9033644
0.9097397
0.9231467
0.9093722
0.9165694
0.915419
0.9191944
0.9212873
0.920318
0.9138792
0.8928843
0.9009658
0.9124113
0.8978377
0.871239
0.8917237
0.879523
0.9170476
0.8911091
0.9178776
0.8782339
0.9236944
0.8979043
0.9045373
0.882688
0.9044636
0.9144676
0.914009
0.8989761
0.9068354
0.8927114
0.8998045
0.915147
0.9130638
0.893603
0.8750883
0.9109156
0.8904641
0.9141527
0.8840024
0.911089
0.8965783
0.8948508
0.9118254
0.9218838
0.9106471
0.9166608
0.9094055
0.8997536
0.8953598
0.8734451
0.9090974
0.9142655
0.9144698
0.9052123
0.8795937
0.9175932
0.9015674
0.9216159
0.9216461
0.8968098
0.9060305
0.9033309
0.9072349
0.9053701
0.9149671
0.9061416
0.9008007
0.8973417
0.8980957
0.9029953
0.900465
0.903523
0.8985765
0.9020537
0.8953894
0.9237822
0.9060017
0.9086605
0.8952574
0.9169226
0.9200749
0.9169499
0.9169056
0.8880244
0.9144906
0.8745514
0.9162098
0.893758
0.9011691
0.911561
0.9215221
0.9074882
0.8949389
0.8955091
0.9042809
0.9028227
0.9144676
0.9007796
0.9069943
0.9032468
0.9052452
0.9172348
0.9082157
0.9119636
0.9114931
0.9159256
0.9184686
0.9204586
0.9132527
0.8980143
0.897646
0.9161343
0.8995101
0.8750279
0.8975124
0.8819209
0.9234314
0.8953169
0.9169568
0.8771445
0.9219062
0.9034901
0.9032246
0.8784575
0.9066224
0.9115878
0.91108
0.9027454
0.9108702
0.8955088
0.9036244
0.9170654
0.9102481
0.8939905
0.8777197
0.9130606
0.8967628
0.9120649
0.8819197
0.9168901
0.8990142
0.8976677
0.913062
0.9233812
0.9117293
0.9158564
0.9058628
0.9027462
0.9053437
0.8765533
0.9097666
0.9085513
0.9135167
0.9095121
0.8763596
0.9179285
0.9027119
0.9210765
0.9213707
0.9041456
0.9094377
0.9093497
0.9132454
0.9106717
0.916504
0.9067402
0.9038684
0.9013498
0.9033272
0.9081223
0.9037008
0.9055081
0.9049474
0.90511
0.9042043
0.9245573
0.9071125
0.9092072
0.9045928
0.9229555
0.9231446
0.9225439
0.9210582
0.8969893
0.9170723
0.8753544
0.9172372
0.8932543
0.904123
0.9104733
0.9225249
0.9093632
0.8945561
0.8987571
0.9046047
0.9025974
0.9182481
0.9021782
0.9070787
0.9033365
0.9068363
0.9200714
0.9071691
0.9109957
0.9085
0.9137295
0.9229415
0.9198373
0.8739936
0.9052064
0.9077502
0.8843885
0.8944001
0.9092619
0.9051308
0.9193107
0.8989775
0.8974765
0.8921225
0.9154119
0.8851383
0.9050456
0.9113721
0.9186946
0.8796676
0.8903854
0.8899258
0.9098404
0.8519426
0.9036273
0.9071477
0.8588175
0.8704165
0.9057028
0.9101275
0.8740881
0.8974967
0.8542795
0.9090379
0.8814969
0.9018091
0.9036202
0.8886348
0.8930165
0.8875463
0.8799429
0.9027832
0.897435
0.9053141
0.9101367
0.8753371
0.9115924
0.9148175
0.8568593
0.918669
0.9022132
0.9152864
0.8972015
0.8970475
0.8816866
0.8806678
0.8852154
0.8795094
0.8912749
0.8872189
0.8869424
0.879152
0.8769152
0.8780905
0.8871502
0.8867406
0.8888969
0.8759741
0.8745402
0.8738571
0.9043768
0.86909
0.8647744
0.9053096
0.878239
0.8778067
0.879535
0.8796876
0.9013397
0.8785911
0.9097022
0.8745668
0.8966779
0.9083079
0.8514624
0.8860535
0.8909422
0.8958932
0.9167263
0.9103586
0.8772481
0.8886714
0.8797802
0.8734057
0.8896123
0.8838375
0.8995998
0.8774187
0.8700973
0.8694449
0.8658386
0.8884096
0.8923258
0.8769953
0.9018542
0.9067502
0.878099
0.8929181
0.9066624
0.9010398
0.9171234
0.8971447
0.8978648
0.8918871
0.915691
0.8854223
0.9037082
0.9072013
0.9181847
0.878304
0.891018
0.8893117
0.9089722
0.8476804
0.8982699
0.9035282
0.859732
0.8717968
0.9048337
0.907852
0.874858
0.8959937
0.8522875
0.9128737
0.8793819
0.9026918
0.9028007
0.8871786
0.8932982
0.8850864
0.8809635
0.8981435
0.8954441
0.9047619
0.9110493
0.874051
0.909439
0.9121512
0.8568789
0.9126062
0.89959
0.9154499
0.8921001
0.8922602
0.8805318
0.8856837
0.8809532
0.8779013
0.8843216
0.8828428
0.8872391
0.8753067
0.8762173
0.8769895
0.8811766
0.8820825
0.885535
0.8769568
0.8755167
0.8753657
0.9064048
0.867169
0.864586
0.9026558
0.8747508
0.875609
0.8760526
0.8765737
0.9034322
0.8701702
0.9062365
0.8728376
0.8929903
0.9094048
0.8553305
0.8851489
0.8868251
0.89687
0.9130262
0.9077555
0.8756998
0.8880178
0.8755881
0.8669958
0.8898811
0.8847304
0.8986685
0.8756304
0.8685336
0.8668769
0.8668594
0.887921
0.8859349
0.8733321
0.9050111
0.9064059
0.8711423
0.8949067
0.9115242
0.9060651
0.9184854
0.8985252
0.9016464
0.8968934
0.9180713
0.8852201
0.9091586
0.9116277
0.9206864
0.8840012
0.890207
0.8940655
0.9116954
0.8352417
0.9026432
0.9106303
0.8591393
0.8671515
0.9085943
0.9102218
0.8658676
0.9018372
0.8496528
0.9188954
0.8798732
0.9081549
0.9062489
0.8861733
0.8946192
0.8882334
0.8788411
0.9017902
0.8922468
0.9099166
0.9161793
0.8678891
0.9156379
0.9130495
0.7612155
0.9171185
0.896177
0.9195908
0.8916944
0.8916188
0.8856429
0.8867918
0.8794224
0.8791665
0.8879607
0.8878293
0.8946459
0.8823081
0.8811777
0.8838501
0.8858723
0.8855763
0.8868225
0.8856356
0.8823871
0.8806106
0.9057564
0.8615693
0.8620803
0.9078608
0.8693645
0.8681017
0.8675697
0.8676428
0.9067582
0.8574922
0.9081578
0.8646564
0.9025325
0.9090166
0.7308119
0.8853848
0.8902107
0.9002548
0.9174684
0.9165644
0.884499
0.8926817
0.8813449
0.8581597
0.8859709
0.8830202
0.8954907
0.886653
0.8674826
0.8678569
0.8685804
0.8909608
0.8782956
0.9134253
0.848494
0.8516488
0.9061611
0.9048651
0.9096147
0.8360939
0.9252028
0.9201958
0.8275902
0.9198893
0.9220709
0.9202848
0.8453014
0.9181461
0.9235225
0.9033273
0.9212121
0.9246413
0.9021478
0.8997654
0.8327522
0.8395278
0.9160408
0.9111294
0.8938335
0.9055371
0.9038711
0.8278062
0.9056718
0.9172449
0.9101832
0.8398386
0.8333595
0.9140417
0.9155371
0.9087748
0.9109828
0.9209534
0.9071495
0.8452453
0.917329
0.9073202
0.9199213
0.9172037
0.9031715
0.9192694
0.9251411
0.910868
0.9202906
0.9200196
0.8982266
0.9050958
0.907781
0.9024207
0.9106147
0.9207246
0.9090844
0.9013652
0.8991962
0.9034771
0.9109944
0.9053528
0.9113322
0.9032782
0.901108
0.8982094
0.9174595
0.9028751
0.9059686
0.8398604
0.9142897
0.9160975
0.9177957
0.9141502
0.8391165
0.9129397
0.9034109
0.9134955
0.9056134
0.8440821
0.9064401
0.9221159
0.9134476
0.9074355
0.9063497
0.8468591
0.9011336
0.9167723
0.9039055
0.9062017
0.9027743
0.9098535
0.9188309
0.8998316
0.9137937
0.9129431
0.9128987
0.9148633
0.9182021
0.9085772
0.9042884
0.9101436
0.9205207
0.9033899
0.8729025
0.9068855
0.8756623
0.9183037
0.9035043
0.9152161
0.8731983
0.9204725
0.9177571
0.9005341
0.8721575
0.9098754
0.905939
0.9047791
0.90783
0.918617
0.9090811
0.9137777
0.9185303
0.9124969
0.8990388
0.8740163
0.9181424
0.9056617
0.913589
0.8724299
0.912959
0.9060757
0.906647
0.9110346
0.9254829
0.9149356
0.9230394
0.9041962
0.9052685
0.9135991
0.868915
0.9102991
0.9078032
0.9144443
0.9134796
0.8709043
0.9167223
0.9124563
0.9240084
0.9238877
0.9074439
0.9127974
0.9085223
0.9168283
0.9104626
0.90851
0.9106919
0.9077597
0.9049505
0.9031665
0.8975703
0.9033015
0.8980523
0.9045081
0.9041983
0.9053025
0.9269862
0.9159919
0.9107782
0.9097034
0.9247624
0.9234472
0.9224314
0.9210619
0.9051445
0.9170075
0.8758236
0.9208595
0.9024081
0.9205632
0.9150582
0.9221886
0.9074054
0.899706
0.907756
0.9162857
0.911561
0.9165816
0.9060307
0.9098454
0.9058578
0.9065906
0.9183381
0.9120377
0.9158684
0.9139472
0.9183407
0.9218642
0.9175509
0.9108027
0.9050321
0.9095148
0.9230635
0.9016364
0.8750834
0.9053086
0.873958
0.9190776
0.9018356
0.9157717
0.8758531
0.9205627
0.9151185
0.9021846
0.8777548
0.9052875
0.907857
0.9078078
0.9042363
0.917101
0.9096592
0.9151922
0.9162542
0.9133791
0.8956753
0.8763546
0.9196568
0.9058941
0.9176363
0.8732555
0.9158161
0.9100144
0.9089308
0.9124907
0.9250035
0.9130067
0.9199721
0.9043945
0.9051891
0.9134701
0.8705733
0.9111866
0.9087271
0.9138244
0.9153477
0.8726277
0.917274
0.9081588
0.9224828
0.9228121
0.905126
0.9124039
0.909832
0.9143634
0.9096424
0.90866
0.9068071
0.9043391
0.9017522
0.9000397
0.8977006
0.9042523
0.8999711
0.905335
0.9030565
0.9049089
0.9248625
0.9170551
0.9110003
0.9099676
0.9250706
0.9251165
0.9258327
0.9224377
0.9061276
0.918462
0.8772874
0.9160856
0.9000652
0.9208462
0.9136959
0.924181
0.9082954
0.8981562
0.9027768
0.9153473
0.9088808
0.9136242
0.9075132
0.9111991
0.9084038
0.9061937
0.9172206
0.9099447
0.9158136
0.9155084
0.9174826
0.9238043
0.9201635
0.8836202
0.9156401
0.9179873
0.8943548
0.9021265
0.9126794
0.9134872
0.9136842
0.908987
0.908663
0.8984629
0.9172543
0.900413
0.9171752
0.9127907
0.9187592
0.898008
0.8933775
0.8929707
0.9142718
0.8747332
0.9141141
0.915545
0.8883905
0.8855508
0.9110162
0.9133015
0.8922874
0.9085933
0.8789889
0.9128222
0.8933686
0.9165583
0.9144546
0.899194
0.9126012
0.9057814
0.8941576
0.8990362
0.8999611
0.9174057
0.9155716
0.882052
0.9119595
0.9124829
0.8784748
0.9167336
0.9087252
0.9189093
0.909999
0.9104849
0.8942985
0.9023244
0.9024177
0.89785
0.9006427
0.8990469
0.8955586
0.8904178
0.8911443
0.8910969
0.8915577
0.89252
0.8931703
0.894103
0.8936481
0.8936147
0.918194
0.8904438
0.888436
0.9164728
0.8950778
0.8940627
0.8950081
0.892655
0.9167395
0.8916643
0.9136995
0.8799886
0.9024667
0.9176627
0.8810002
0.8730742
0.8990525
0.903291
0.9210265
0.9216195
0.8984353
0.904491
0.8920139
0.8807878
0.9009277
0.8944413
0.901725
0.900758
0.8874742
0.8832511
0.8868502
0.898704
0.89945
0.8784924
0.9015581
0.90671
0.8804543
0.8975772
0.9115101
0.9081582
0.9194093
0.9024005
0.8987661
0.8955018
0.9173533
0.899806
0.9048076
0.9135556
0.9186399
0.8903723
0.8937361
0.8958311
0.9074642
0.868823
0.9016691
0.9020556
0.8845143
0.8839159
0.9059731
0.9123708
0.8816654
0.899118
0.8725298
0.9139566
0.8544157
0.9091979
0.9016507
0.8945738
0.9008279
0.8931211
0.8840001
0.9048858
0.9004028
0.9044175
0.9149667
0.8787537
0.9121324
0.9109274
0.8721294
0.9156461
0.9015471
0.9155737
0.9000878
0.9003581
0.8905278
0.8931576
0.8922414
0.8882294
0.8945178
0.8970504
0.8970019
0.8871113
0.8876851
0.8901222
0.8915057
0.8887925
0.8913786
0.8890451
0.8876668
0.8821953
0.9123076
0.8765698
0.8819347
0.9034839
0.8873174
0.8848476
0.8906423
0.8853812
0.9016025
0.8791366
0.910755
0.8853868
0.8997025
0.9008938
0.8715697
0.898142
0.8970604
0.9016388
0.91124
0.9105943
0.8857769
0.8950578
0.8912108
0.8762928
0.8920931
0.8872729
0.8990816
0.8893096
0.8850752
0.8830163
0.8847258
0.8921493
0.8923363
0.8910662
0.9094749
0.9099813
0.8968941
0.9025309
0.9178938
0.9083899
0.9273884
0.9168169
0.9037682
0.912466
0.9245523
0.9076659
0.9137676
0.9133279
0.9227552
0.9023933
0.90485
0.9114687
0.9123719
0.8865384
0.9059872
0.9069899
0.901933
0.8966768
0.9120785
0.9156801
0.8926991
0.9045451
0.8926632
0.9184479
0.8947275
0.9109472
0.9043659
0.9020712
0.9131238
0.903053
0.8965262
0.9146777
0.9077987
0.9080167
0.9229551
0.8934364
0.9189771
0.9209443
0.888064
0.9207112
0.9142658
0.9165532
0.9094745
0.909167
0.8948445
0.9000668
0.9042579
0.9000567
0.9024364
0.9077102
0.9056321
0.9007963
0.896715
0.9005325
0.9009658
0.9009377
0.9017195
0.8934954
0.8994427
0.8961751
0.9165422
0.8944718
0.8958356
0.9087766
0.9010453
0.900798
0.9014194
0.9014513
0.9077213
0.899459
0.9132368
0.8933746
0.9094757
0.9092782
0.8895153
0.90716
0.908774
0.9100249
0.9135554
0.9135811
0.8972461
0.9047217
0.896969
0.8894534
0.9008179
0.9022748
0.9108493
0.8994791
0.8967455
0.8960858
0.8994469
0.9063538
0.9052453
0.8867042
0.911364
0.9151889
0.8986697
0.8994108
0.9112926
0.9125358
0.9085999
0.855715
0.9112361
0.8063862
0.9104403
0.9016353
0.9171003
0.9057948
0.9098568
0.7648509
0.8952067
0.8959149
0.9116191
0.8835426
0.9133636
0.9175117
0.8907033
0.885168
0.9064142
0.9099141
0.893318
0.9102488
0.8885584
0.9071784
0.900604
0.9166312
0.9145901
0.8438292
0.7768712
0.7628358
0.9015404
0.8972674
0.8968688
0.915622
0.9113568
0.8898265
0.9107768
0.9147725
0.890435
0.9082432
0.8600015
0.9233124
0.7909502
0.7915524
0.8075986
0.8442335
0.8463081
0.8429832
0.8446313
0.8454908
0.8331498
0.810743
0.8096067
0.7997036
0.8238164
0.80685
0.8258367
0.8116026
0.7956632
0.7966049
0.8711754
0.8882181
0.894011
0.9137683
0.896779
0.8981202
0.8959681
0.8948605
0.9120238
0.893572
0.910769
0.8948509
0.9014039
0.9182013
0.8885816
0.9042326
0.8491742
0.8947615
0.9190505
0.9179984
0.7626192
0.8258313
0.8767895
0.8866705
0.8837816
0.8875948
0.8479791
0.7596392
0.8913657
0.8926338
0.8917675
0.9062922
0.8976221
0.8839907
0.9053561
0.9113992
0.8982188
0.8900058
0.9016001
0.9057543
0.9004387
0.8826957
0.9089004
0.88126
0.8954906
0.9064942
0.9127466
0.8923514
0.8959936
0.8690187
0.8855155
0.885686
0.9065938
0.8858219
0.9080381
0.9129411
0.8910277
0.8837466
0.8992059
0.9032958
0.8958053
0.9037169
0.8821254
0.889617
0.8995883
0.9048172
0.9076651
0.8674601
0.8895099
0.8716283
0.9034683
0.8826044
0.8839273
0.9134602
0.8956347
0.8862795
0.9011009
0.9024614
0.8833564
0.8955397
0.880681
0.9149617
0.8883453
0.8883495
0.8587018
0.8693489
0.8695812
0.8773412
0.8698872
0.8698916
0.8718778
0.859607
0.859603
0.8560298
0.8534823
0.8569976
0.8531463
0.8606333
0.8566277
0.8630101
0.8980518
0.8872114
0.8958431
0.9077687
0.8983986
0.8985721
0.899878
0.8984086
0.9075573
0.8959775
0.903705
0.8926344
0.8815862
0.9168065
0.8802902
0.9051374
0.8651052
0.8840259
0.9106823
0.912601
0.8695925
0.8753656
0.8048857
0.8789987
0.8464282
0.8761601
0.8847237
0.8693682
0.8882803
0.8892438
0.8888527
0.9045665
0.8970355
0.8747449
0.8955073
0.9013649
0.8729711
0.8894333
0.9055895
0.8999855
0.9148906
0.9010923
0.890777
0.8974084
0.91393
0.8884357
0.8955982
0.9077561
0.9161957
0.8836194
0.8841164
0.8891003
0.9030872
0.8493151
0.8939861
0.9005662
0.8690929
0.8761337
0.8993083
0.9076602
0.8678873
0.8910608
0.8582551
0.9087849
0.8824577
0.8999308
0.8928132
0.8876755
0.8944781
0.8946536
0.8782407
0.8978168
0.889371
0.8970976
0.9094351
0.8669771
0.9098061
0.9084144
0.8613619
0.9122274
0.903196
0.9075151
0.8985894
0.8992954
0.8810994
0.8887651
0.8838367
0.8811398
0.8883898
0.8912823
0.8888401
0.8832575
0.8766253
0.8841595
0.8865272
0.8856178
0.8903675
0.8807579
0.8801338
0.8779599
0.9097207
0.8685112
0.8673567
0.8977473
0.8763331
0.8754313
0.8762909
0.8782539
0.8941776
0.870602
0.9024098
0.8667724
0.8905037
0.8946103
0.8539246
0.8911277
0.8894567
0.8922554
0.9069853
0.9037648
0.8804121
0.8904831
0.8819137
0.8647914
0.8840144
0.8896668
0.8967007
0.8856552
0.8776078
0.8766374
0.8762267
0.8854014
0.8861792
0.8909307
0.9103144
0.9136779
0.898882
0.8977205
0.9128513
0.9093964
0.9175247
0.8534382
0.9132606
0.8418852
0.9159512
0.9093859
0.9132545
0.9114908
0.9181994
0.8039923
0.9007753
0.9036779
0.913083
0.8844116
0.909815
0.9142075
0.8951243
0.8977468
0.9109101
0.9104773
0.9005234
0.9111088
0.8937842
0.9097162
0.9041283
0.912061
0.9094559
0.8426436
0.8343956
0.8056002
0.9056466
0.9001643
0.9020241
0.9147922
0.9113372
0.8929762
0.9146214
0.9158249
0.8870645
0.9109277
0.8646846
0.9217645
0.83329
0.8334882
0.7328551
0.84391
0.8419469
0.8429611
0.8418978
0.8530564
0.8077042
0.7675458
0.7608573
0.7614845
0.7861149
0.7747296
0.7899499
0.7706119
0.7507273
0.7551218
0.8341589
0.8927777
0.8965066
0.9129811
0.899563
0.8971631
0.9017174
0.8970817
0.9105421
0.8969438
0.9090844
0.8976534
0.9027852
0.9171733
0.888869
0.9124209
0.8558658
0.9036522
0.9176555
0.9165619
0.8035852
0.120118
0.8743465
0.8929811
0.8842486
0.8847828
0.8593824
0.8004464
0.8943592
0.8961316
0.8944417
0.9080579
0.9062225
0.8861249
0.9105869
0.9127105
0.8915447
0.9002019
0.9196119
0.9143861
0.9282132
0.8995613
0.9068089
0.9023287
0.926023
0.8945324
0.9098798
0.9195074
0.9284059
0.8948234
0.9017656
0.908364
0.9124947
0.8693763
0.9101626
0.9101945
0.885579
0.8831136
0.9164591
0.9221297
0.8777334
0.9105809
0.8736727
0.9291994
0.8973337
0.9143296
0.9075799
0.8914698
0.9000744
0.9012306
0.8908075
0.9086104
0.9037664
0.9094006
0.9238459
0.8829492
0.9167453
0.9149688
0.8831361
0.9252972
0.904327
0.9208148
0.9031701
0.9030918
0.8927798
0.8982313
0.8897545
0.8885454
0.8951809
0.8992636
0.8996258
0.8952453
0.8942637
0.898313
0.8980837
0.8987178
0.9001041
0.8944577
0.8945149
0.8938034
0.9160007
0.8826128
0.885999
0.9087688
0.8918455
0.8920326
0.8914081
0.8908432
0.9107797
0.8903276
0.9202698
0.8844033
0.9053254
0.912222
0.8769466
0.8974132
0.896908
0.9085416
0.9202458
0.9146281
0.8953717
0.9003051
0.8938152
0.885568
0.8932712
0.8997836
0.8974595
0.8978224
0.8907008
0.8878188
0.8857483
0.8946185
0.9005351
0.9092716
0.8395921
0.8306647
0.9072323
0.9018212
0.9021842
0.8114164
0.9178278
0.9188638
0.8258936
0.9182868
0.9151278
0.9203957
0.8335451
0.9170377
0.9185159
0.8983924
0.9144914
0.918771
0.8956689
0.8963574
0.8206553
0.8333269
0.913431
0.9090843
0.890621
0.8997304
0.9037209
0.7986791
0.9034066
0.9083745
0.9062857
0.8032311
0.8189738
0.911923
0.9173137
0.9071676
0.9063021
0.9155299
0.9014707
0.8346375
0.9098281
0.9030283
0.9123224
0.9157475
0.904083
0.9143431
0.9198284
0.9010051
0.9202497
0.9200154
0.8989723
0.9067026
0.9036931
0.9046254
0.9054596
0.9169217
0.9042908
0.892771
0.8917316
0.896289
0.9033202
0.9003093
0.9025388
0.8957673
0.8950993
0.8904981
0.918741
0.9024417
0.9010768
0.8387995
0.9132224
0.911708
0.9134332
0.9105984
0.8231748
0.910911
0.8942219
0.9110289
0.8964231
0.8440118
0.9063016
0.9184926
0.9062097
0.8970357
0.8980887
0.8381741
0.8981943
0.9102838
0.897037
0.9017847
0.8989895
0.9054549
0.9170333
0.8993484
0.9149223
0.914961
0.9146034
0.9171423
0.918421
0.9070999
0.8370901
0.8399608
0.9106126
0.892559
0.893563
0.821401
0.9116547
0.9174149
0.8318112
0.9145702
0.9011527
0.9187408
0.8462928
0.9057259
0.9006987
0.8952653
0.9052617
0.9102377
0.891954
0.8971956
0.8361141
0.8375421
0.9117097
0.9054301
0.8836596
0.8945616
0.90152
0.8201908
0.9046555
0.8970163
0.904942
0.8147932
0.8239943
0.9088307
0.9156475
0.9036093
0.9070787
0.9105233
0.8942512
0.843978
0.9014242
0.9024076
0.9106955
0.9155008
0.9009968
0.9018884
0.9182942
0.9005955
0.9149855
0.9150937
0.8926276
0.9050548
0.8979905
0.9011512
0.9028365
0.9101784
0.9007008
0.8896899
0.8876462
0.8927048
0.8980515
0.895064
0.895753
0.8945849
0.8905645
0.8877573
0.9131621
0.9008799
0.9020421
0.8405917
0.9100183
0.9088466
0.9119842
0.9092514
0.8316665
0.9074736
0.8936495
0.9082187
0.8906534
0.8582845
0.9034291
0.9179151
0.9055995
0.8917889
0.8945471
0.8455425
0.8972737
0.9115871
0.8922695
0.8971899
0.8934787
0.8985596
0.9134427
0.8955075
0.9068064
0.9062888
0.9096553
0.9162477
0.9125296
0.8710499
0.9051636
0.908264
0.866937
0.8954306
0.9039607
0.9035976
0.9085625
0.9020023
0.9014379
0.8963242
0.9122832
0.892368
0.9085834
0.9063785
0.9120359
0.8860782
0.8842828
0.8895054
0.9044511
0.8446106
0.9025174
0.910061
0.8688945
0.8695267
0.9018796
0.9055524
0.8771866
0.9033058
0.8584829
0.9082973
0.878962
0.9046267
0.9051292
0.8880498
0.8963986
0.8901806
0.8812307
0.8991727
0.8922544
0.9094227
0.9080953
0.8717543
0.9142927
0.9122728
0.8326725
0.9090198
0.9003287
0.9199699
0.8957824
0.8955102
0.8807216
0.8924399
0.8845669
0.8837503
0.8831024
0.8887487
0.8906957
0.8778383
0.879566
0.8798846
0.8882019
0.8858931
0.8864543
0.8814437
0.8767734
0.8811214
0.9098588
0.870818
0.8577427
0.9066643
0.8801343
0.8758776
0.8772993
0.8761078
0.9039445
0.8544868
0.9072612
0.8682077
0.890494
0.9103043
0.8329422
0.8858141
0.8917261
0.8951934
0.9187781
0.9103855
0.8827549
0.894898
0.87815
0.857111
0.8875394
0.8839452
0.9006492
0.884201
0.8668523
0.8635577
0.8669181
0.8892061
0.89073
0.9114366
0.8901841
0.8971013
0.9085251
0.8939438
0.8554276
0.8947906
0.8672828
0.9221783
0.8905324
0.9210812
0.8575777
0.9184033
0.8950873
0.9044835
0.8604493
0.9030768
0.9082447
0.9085504
0.8967397
0.9064668
0.8869893
0.8959997
0.9180868
0.9078715
0.8959447
0.8379863
0.9078412
0.8900971
0.9062489
0.8741823
0.9108011
0.8934092
0.888622
0.9115753
0.9227292
0.910514
0.9116361
0.9089172
0.8989057
0.8968728
0.8349162
0.9085318
0.908648
0.9115945
0.9044924
0.8554299
0.9225734
0.9033742
0.9192882
0.9193571
0.8961997
0.9034505
0.9050427
0.9083102
0.9071926
0.9128978
0.9003702
0.8957917
0.8965304
0.898446
0.9033386
0.9013712
0.9032724
0.8963636
0.8966594
0.8971447
0.9204729
0.9052761
0.9074397
0.8954095
0.915141
0.9153005
0.9163156
0.9144651
0.8876536
0.9131352
0.8548786
0.9104122
0.8912358
0.89876
0.9108048
0.9216117
0.9096551
0.8934348
0.9001553
0.8978139
0.9012328
0.9134881
0.898623
0.9041817
0.8988572
0.9043976
0.9192259
0.9035502
0.9142239
0.9105047
0.9150218
0.9204695
0.9189065
0.8784404
0.9069163
0.9069195
0.8839959
0.897934
0.9135868
0.9042156
0.9188175
0.8881565
0.9025088
0.8860129
0.91376
0.8996518
0.9118071
0.9065096
0.9169452
0.8744631
0.8901844
0.8929917
0.908054
0.8615266
0.906049
0.9132982
0.8797824
0.8834431
0.9138827
0.9109478
0.8804694
0.9025695
0.8636911
0.9161878
0.8920174
0.9067987
0.9063429
0.8763664
0.8889638
0.882456
0.8901603
0.9011228
0.8979737
0.9083386
0.9143442
0.8783347
0.913494
0.9117191
0.88021
0.9168886
0.8879387
0.9185752
0.8906471
0.8911202
0.8718276
0.8768367
0.8736686
0.8719442
0.8804812
0.8765959
0.8808082
0.8747589
0.8748862
0.8730303
0.8824951
0.8739002
0.8823508
0.8759501
0.8749273
0.8739178
0.9056202
0.8812466
0.8848667
0.9080589
0.8823046
0.8808068
0.881477
0.8793773
0.9076983
0.8829043
0.9118794
0.8793122
0.8934167
0.910058
0.8748098
0.8964864
0.8757585
0.9004178
0.9167292
0.91243
0.8717289
0.8860187
0.8789017
0.8750636
0.8809688
0.8794553
0.8932614
0.8757748
0.8865976
0.8848733
0.8810524
0.8914775
0.8911756
0.8792356
0.9099529
0.9084135
0.8837008
0.8921922
0.9123559
0.905465
0.9195695
0.9032588
0.8990258
0.9010946
0.9128748
0.8962654
0.9048301
0.9104279
0.916951
0.8917687
0.8932018
0.8940316
0.9075821
0.849835
0.9010004
0.90543
0.877193
0.8778435
0.9116805
0.9143803
0.8799693
0.9006304
0.8623782
0.9132091
0.8898977
0.9090158
0.9053554
0.8943273
0.9019135
0.8919529
0.8816721
0.9069484
0.9009077
0.9054141
0.9182607
0.876492
0.9146466
0.9148449
0.8680278
0.9173536
0.9032942
0.9184423
0.8991433
0.8990267
0.8889614
0.8937691
0.8869067
0.887095
0.8900957
0.8881255
0.8964521
0.887455
0.8869401
0.8868103
0.8905131
0.8909632
0.8919897
0.8865721
0.8889413
0.8861629
0.9092827
0.8748619
0.8764759
0.9045516
0.8784254
0.8781944
0.8790003
0.8780133
0.9049086
0.8774054
0.9129626
0.8783568
0.9013552
0.9090584
0.8637254
0.8967922
0.8930675
0.8998953
0.9190358
0.9105403
0.8885202
0.8969032
0.8854666
0.8753303
0.8889696
0.891101
0.9038414
0.8906609
0.8805894
0.8804901
0.8804411
0.8866688
0.8945799
0.9099871
0.9024617
0.9098308
0.9156707
0.8986783
0.851314
0.901965
0.8583809
0.9203904
0.9038371
0.917288
0.8588173
0.9215351
0.9100032
0.8960478
0.8606779
0.9103749
0.9030392
0.8993674
0.9026438
0.9156383
0.9023418
0.9108625
0.9131051
0.9087064
0.8945718
0.8617296
0.9121381
0.9026669
0.909955
0.8648379
0.9122968
0.9008852
0.9072558
0.9089812
0.9237548
0.9124718
0.9135353
0.8976198
0.8924985
0.9073803
0.8485102
0.9067417
0.903965
0.9026253
0.9082966
0.857528
0.9153725
0.9061736
0.9247893
0.9242587
0.9047055
0.9086943
0.9090265
0.9097893
0.9062767
0.9046513
0.9018498
0.9003243
0.9003425
0.9020377
0.8968466
0.900307
0.8976452
0.9033
0.9010182
0.9032698
0.9252606
0.9119863
0.9120034
0.9029939
0.92194
0.9215569
0.9218668
0.9213322
0.9020392
0.911979
0.8615518
0.9153968
0.8958076
0.920685
0.9108798
0.9152294
0.9078372
0.8940474
0.9044794
0.9111087
0.9076075
0.9181184
0.9045524
0.9058617
0.9052779
0.9005429
0.9171414
0.9097571
0.9084617
0.9079851
0.9075257
0.9212365
0.9181386
0.9095279
0.9021949
0.9099182
0.9139255
0.8973096
0.8488685
0.9020916
0.852433
0.9184422
0.9049151
0.9168447
0.8562168
0.92053
0.9091949
0.8965391
0.8593903
0.9091102
0.9009541
0.8977804
0.9010021
0.9127187
0.8995822
0.9101737
0.9102209
0.9082464
0.8935689
0.8600187
0.9122263
0.9026356
0.9077175
0.8617332
0.9133806
0.8996948
0.9065829
0.9085647
0.925752
0.9116381
0.9117162
0.8945016
0.8922625
0.9060611
0.8494632
0.906241
0.9052183
0.9011245
0.9078793
0.8566663
0.9152316
0.9065421
0.92387
0.9236003
0.9038096
0.9096631
0.9085333
0.9094902
0.9058188
0.9068863
0.9021347
0.902231
0.8995164
0.8991912
0.8960959
0.8996782
0.8985272
0.9020448
0.9030786
0.9005938
0.9224658
0.9091528
0.9102061
0.9032373
0.9199146
0.9202432
0.9201769
0.9192987
0.9006207
0.9120275
0.8606051
0.9144528
0.8953721
0.9188575
0.9092624
0.9156193
0.9054728
0.8929651
0.9054104
0.9121624
0.9085483
0.9171814
0.9045217
0.9045365
0.9046576
0.901465
0.9164714
0.909458
0.9072297
0.9067108
0.9085814
0.9222142
0.9187989
0.9101212
0.9036106
0.9083333
0.9153473
0.897981
0.8509463
0.9020563
0.8578939
0.9215413
0.9032153
0.9171191
0.8597513
0.9216337
0.9102147
0.8965416
0.8613048
0.9105847
0.9029336
0.8997361
0.9033226
0.9156968
0.9036936
0.9104137
0.913624
0.9094265
0.8951034
0.8629512
0.9124666
0.9026792
0.9110536
0.8645649
0.9130435
0.9006173
0.907151
0.9088811
0.9240043
0.912835
0.9129444
0.8975493
0.893388
0.9069269
0.8483571
0.9067958
0.9042118
0.9027533
0.9078854
0.8581967
0.9159626
0.9072263
0.92515
0.9246939
0.905701
0.9101297
0.9086944
0.9091489
0.9063689
0.9054865
0.9027723
0.900375
0.9001948
0.9018124
0.8980092
0.9013505
0.8966577
0.9033128
0.9018204
0.9024548
0.9258088
0.913208
0.9119059
0.9031635
0.9220012
0.9222616
0.9216257
0.9216202
0.901378
0.9120729
0.862779
0.9155311
0.8964177
0.9193279
0.9101999
0.9153626
0.9092104
0.8946985
0.904212
0.9122471
0.9082442
0.9173043
0.9052711
0.9063463
0.9055276
0.9007133
0.9179944
0.9103912
0.9091361
0.9083114
0.9077737
0.9228547
0.9184271
0.9127672
0.9040954
0.9106605
0.913887
0.898677
0.8575665
0.9051105
0.8628819
0.9212155
0.9045781
0.917444
0.8659941
0.9194985
0.9106036
0.8962126
0.8646129
0.9107767
0.9051505
0.9055257
0.904589
0.9105943
0.9059038
0.9135448
0.9119635
0.9107143
0.8991447
0.8646796
0.910601
0.9070542
0.9085818
0.8677184
0.9166199
0.9057148
0.9101936
0.907995
0.9234488
0.9126381
0.9130146
0.898656
0.8956258
0.909424
0.8560566
0.9046885
0.9086382
0.9055394
0.9092841
0.8648568
0.9151908
0.9092594
0.9233649
0.9231702
0.9093016
0.9113143
0.9083897
0.9122294
0.9089332
0.9105838
0.9084827
0.9054388
0.9060866
0.9045895
0.9011624
0.9050799
0.8996689
0.9074855
0.9077994
0.9087344
0.9248413
0.9136655
0.914922
0.9034158
0.9198267
0.9204195
0.9195205
0.9180736
0.9047499
0.9147252
0.8632395
0.9111973
0.8990056
0.917004
0.910896
0.9176143
0.9071221
0.8968191
0.9099276
0.9118574
0.9097574
0.9188405
0.9076994
0.9056914
0.9092888
0.9025208
0.9162768
0.9114679
0.9088687
0.9090909
0.9127491
0.9245606
0.9217846
0.8741602
0.9023513
0.9040681
0.8799551
0.8955187
0.9026507
0.899719
0.9114868
0.8988764
0.8984783
0.8951173
0.9102232
0.8903854
0.9059753
0.9041975
0.9086222
0.8815027
0.8827156
0.8856903
0.9052628
0.8517035
0.9004591
0.9073903
0.8757714
0.8685858
0.8986457
0.9080172
0.8803922
0.8949742
0.8621415
0.9013918
0.8812787
0.903277
0.8969567
0.8898808
0.8989199
0.8904945
0.8862481
0.8995096
0.8892031
0.907139
0.9075896
0.8685699
0.9064852
0.9079958
0.8549675
0.9092205
0.8962831
0.9123448
0.8971631
0.8966165
0.8769981
0.8916126
0.8859956
0.8835267
0.8854182
0.8836576
0.8800367
0.8783348
0.873716
0.879729
0.882235
0.8807726
0.8827007
0.8803103
0.8801813
0.8755916
0.9082175
0.869089
0.8719408
0.9031165
0.8749318
0.8775949
0.8794612
0.8744666
0.9018896
0.8767306
0.9048203
0.8703771
0.8924251
0.9077804
0.858765
0.8878261
0.8879668
0.8966016
0.9065564
0.9086941
0.8813922
0.892415
0.8866502
0.8666938
0.8882956
0.8857603
0.8986072
0.8844223
0.8725831
0.8730054
0.8745761
0.8877446
0.882511