0.9086995
0.9005981
0.913467
0.9157648
0.9074786
0.9217555
0.9054438
0.9235043
0.8993692
0.9201875
0.912198
0.9111009
0.9212756
0.9246977
0.9096783
0.9008703
0.8989137
0.9119624
0.9279429
0.929593
0.9303636
0.9293174
0.9295887
0.9259645
0.8983309
0.9038558
0.9196751
0.901004
0.9249163
0.9255562
0.9100328
0.9154485
0.9267202
0.9350775
0.9099444
0.8853477
0.8904049
0.9225572
0.9051294
0.8989072
0.9091881
0.9122166
0.9116383
0.8884863
0.8916626
0.917541
0.9131595
0.9212684
0.9054396
0.917691
0.9237494
0.9273114
0.9237949
0.9251853
0.8990158
0.9154994
0.9234858
0.918628
0.8910008
0.9006592
0.9058753
0.9203655
0.9064717
0.9054151
0.9016488
0.9130619
0.9130143
0.9141137
0.9121125
0.9051308
0.9063178
0.9030007
0.9112312
0.9225246
0.9127942
0.913568
0.900177
0.9122447
0.9074834
0.9099315
0.9117512
0.8923303
0.8915598
0.918754
0.9279712
0.9195015
0.9109244
0.9215728
0.9015403
0.9129759
0.9326619
0.9117762
0.9185785
0.9220955
0.9139059
0.9235985
0.8963691
0.9095492
0.9195212
0.9265156
0.9055708
0.8981908
0.9143009
0.9111547
0.9022653
0.9202364
0.9004284
0.9182763
0.9005107
0.9229266
0.9084621
0.9107795
0.9194026
0.9193622
0.9112892
0.9040357
0.8964849
0.9125302
0.9244434
0.9288098
0.9295077
0.9294187
0.9296899
0.924011
0.9007893
0.9046272
0.9152572
0.9052605
0.926351
0.9257693
0.9058121
0.9130064
0.9264902
0.9355829
0.9041852
0.884018
0.8872134
0.9182282
0.9010918
0.8982568
0.9085527
0.9096503
0.9098057
0.8844683
0.886384
0.9195459
0.9105888
0.9170449
0.9035878
0.9169545
0.9232905
0.9254654
0.9189085
0.9230284
0.9026941
0.911676
0.9193933
0.9172792
0.8979018
0.8975243
0.9060948
0.9191386
0.9068501
0.9064227
0.9006868
0.9101195
0.9098419
0.9090486
0.9103198
0.9038135
0.9036062
0.8993252
0.9098226
0.9217961
0.9178381
0.9118954
0.8991682
0.9089489
0.9058149
0.9096071
0.9059062
0.8915209
0.8927741
0.9166785
0.9289244
0.9186929
0.9085903
0.9222807
0.902311
0.9098032
0.9332028
0.9107181
0.9190601
0.9180974
0.9125405
0.9238135
0.8977633
0.9134326
0.9212571
0.9292744
0.9066199
0.8987514
0.9133556
0.9119811
0.9040178
0.9186426
0.9019776
0.9198677
0.8990068
0.9199481
0.9121216
0.9107492
0.916643
0.9203858
0.9071793
0.8993308
0.8973373
0.9099782
0.9255751
0.9279102
0.930089
0.927176
0.9271141
0.9252972
0.8980848
0.9036318
0.9187878
0.9029948
0.9241375
0.924215
0.9070983
0.9139517
0.9252564
0.9357763
0.9077246
0.8838996
0.8866139
0.9188694
0.9026961
0.8996203
0.9071467
0.9100442
0.9094998
0.888114
0.8889804
0.9177879
0.9110642
0.9173781
0.9042809
0.9180148
0.9223612
0.9242371
0.9204629
0.9227714
0.9006887
0.9146632
0.9206064
0.9177296
0.8968326
0.8999497
0.9071776
0.918791
0.9047208
0.9039717
0.9010601
0.9114428
0.9106997
0.909991
0.913622
0.9041572
0.9051859
0.9001382
0.9092436
0.9197111
0.9157224
0.9089512
0.8986207
0.9074728
0.9055306
0.9104707
0.9076497
0.8892731
0.8928853
0.9164361
0.9267928
0.9173901
0.9103782
0.9214512
0.902529
0.910661
0.9319531
0.9107264
0.9175327
0.9232163
0.9138343
0.9196199
0.895993
0.9105497
0.918552
0.9263039
0.9050337
0.8989917
0.9143029
0.9082048
0.9060718
0.9229804
0.9069924
0.921605
0.8998081
0.9219066
0.9121895
0.9117481
0.9201604
0.9224605
0.9119105
0.904242
0.8985132
0.9125338
0.925812
0.9283946
0.926878
0.9287048
0.9280501
0.9249019
0.8997284
0.904167
0.9183745
0.901043
0.9247879
0.9266538
0.9112264
0.9143212
0.9273608
0.9357507
0.9097057
0.8877689
0.8867087
0.9207289
0.9019354
0.8997407
0.9038723
0.9084537
0.9063124
0.8877059
0.8872009
0.9175287
0.9106717
0.9184512
0.9060596
0.9183257
0.923173
0.9268811
0.9222347
0.9248296
0.9015187
0.9126444
0.9227165
0.9182334
0.8980768
0.9003831
0.9066076
0.9213739
0.9060754
0.9058824
0.8991582
0.9130527
0.9129283
0.9101854
0.9137998
0.9065051
0.9052049
0.8996992
0.9098673
0.920317
0.9158908
0.9119767
0.9010497
0.9109262
0.9050745
0.9102742
0.9075425
0.8937212
0.8948101
0.9187789
0.9293208
0.917437
0.9123421
0.9230311
0.9031062
0.9128899
0.9303983
0.9072264
0.9214013
0.921818
0.9134328
0.9238075
0.898302
0.914433
0.9215562
0.9279191
0.8504217
0.829111
0.9136026
0.8505587
0.837301
0.9108611
0.8586094
0.9029351
0.8975886
0.9198306
0.8469711
0.9024077
0.9018723
0.9047772
0.9081081
0.9061386
0.892552
0.8972306
0.9081417
0.9124511
0.9134276
0.9109587
0.9108977
0.9085486
0.9104483
0.9136859
0.9034127
0.9029245
0.9164116
0.9116573
0.8445074
0.8510038
0.9128555
0.9266527
0.9079905
0.8827345
0.8818302
0.902479
0.906875
0.8489328
0.8523422
0.8541254
0.8541028
0.8979735
0.8981577
0.9035066
0.8976867
0.9027164
0.8504627
0.9028318
0.9180648
0.9111984
0.9049804
0.9026062
0.9119877
0.9029453
0.9045026
0.905007
0.9017354
0.8427068
0.8468041
0.8993406
0.8982775
0.8987497
0.899928
0.897006
0.8978385
0.8506618
0.9055633
0.8461889
0.8306698
0.8549915
0.8516115
0.9025156
0.9156163
0.8981428
0.9180235
0.8548958
0.8451053
0.8544465
0.8451913
0.8385655
0.8365927
0.89698
0.9097816
0.902959
0.8992762
0.9045938
0.8976971
0.897799
0.9203617
0.8538101
0.908798
0.9106785
0.9069701
0.9043553
0.9049086
0.9108834
0.9032846
0.9163232
0.9016962
0.8865998
0.8701036
0.8980162
0.8915348
0.905221
0.8946637
0.9110679
0.8153993
0.9150292
0.8947311
0.9049434
0.9067117
0.9128463
0.8643589
0.8566767
0.8577814
0.9052428
0.9131333
0.9210981
0.9207868
0.9176902
0.9173195
0.9110729
0.8630346
0.8712975
0.9087896
0.8547985
0.9153432
0.9147594
0.8956419
0.8993471
0.9144043
0.9275675
0.8962695
0.881254
0.8840661
0.9108147
0.9123043
0.8866971
0.8955668
0.8993563
0.8996342
0.8929425
0.894896
0.9050642
0.8977874
0.9028675
0.8927075
0.9080676
0.9092309
0.9182066
0.9121468
0.9117753
0.8569898
0.9002156
0.9125288
0.9092887
0.851265
0.8942964
0.8953667
0.9040299
0.8928519
0.892717
0.8915805
0.8952765
0.8952799
0.8936217
0.8927546
0.892832
0.8930517
0.8893116
0.8992382
0.9092025
0.9112242
0.9043557
0.8951377
0.8996571
0.8941133
0.9008031
0.8971799
0.879519
0.8807427
0.9035385
0.9192289
0.909724
0.8947677
0.9077542
0.8551428
0.8952799
0.9230715
0.8986771
0.9070095
0.9129923
0.9048454
0.9155369
0.8912239
0.9052131
0.9042839
0.9193891
0.9068619
0.900607
0.9216642
0.9108355
0.9022833
0.9206886
0.9083392
0.9211914
0.9073589
0.9278418
0.9120968
0.916857
0.9206945
0.9213672
0.9195664
0.9163557
0.9026369
0.9132483
0.9273197
0.9273495
0.9292967
0.9250926
0.9260719
0.928016
0.910798
0.9168579
0.9192512
0.9133763
0.9251883
0.9242665
0.9055461
0.9096664
0.9269106
0.935354
0.9166988
0.8940364
0.8949185
0.9209956
0.9082896
0.9012917
0.9075412
0.9085229
0.9075917
0.8989485
0.8973432
0.9238099
0.9113938
0.9175868
0.9044992
0.9160512
0.9262544
0.9262726
0.9209533
0.924448
0.9179991
0.9150437
0.9220752
0.9175178
0.9033331
0.9021972
0.9065262
0.921224
0.9113253
0.9102477
0.9070174
0.914336
0.9144406
0.9071737
0.9137797
0.9096698
0.9050061
0.902132
0.9101654
0.9237477
0.9202733
0.9140766
0.9153849
0.9087916
0.9050344
0.9104945
0.9072274
0.8968141
0.8978157
0.91909
0.9229623
0.9174849
0.915655
0.9228779
0.9115913
0.9143259
0.9287975
0.9107485
0.9160707
0.9245772
0.916372
0.9253383
0.9087112
0.9199299
0.9218214
0.9283053
0.9078138
0.9012465
0.9025319
0.9099406
0.9076417
0.9012143
0.9061843
0.897784
0.8927369
0.905604
0.9074796
0.8889937
0.8959688
0.9003945
0.9003666
0.8931325
0.8990487
0.8916048
0.905661
0.9122278
0.9149577
0.9056269
0.9050999
0.9045046
0.8875239
0.8964656
0.8959014
0.8990702
0.9095412
0.8999929
0.9075116
0.9112978
0.9080861
0.9154229
0.8939126
0.8945288
0.9008403
0.8958078
0.9113253
0.8956026
0.906659
0.9126286
0.9125913
0.9024146
0.9029575
0.8953329
0.8925036
0.8982326
0.9079803
0.9007146
0.9038161
0.9040366
0.8996951
0.9043037
0.8936861
0.8903219
0.8998816
0.9000144
0.8919932
0.9048148
0.9090231
0.8897958
0.8866916
0.8861827
0.879245
0.8901577
0.8907274
0.9099361
0.8901818
0.9032644
0.9071143
0.9000764
0.9100851
0.9013049
0.8936409
0.8916503
0.8868333
0.9159673
0.9071348
0.9100649
0.9103842
0.8908044
0.891785
0.8980837
0.9081203
0.900373
0.8860948
0.9000827
0.8942256
0.8906069
0.9145233
0.9096597
0.9000358
0.9048075
0.8912687
0.901979
0.8859977
0.8916335
0.8993484
0.9111627
0.9115701
0.901334
0.9108306
0.9159123
0.9109195
0.9206946
0.9090711
0.9189617
0.9009868
0.9242549
0.9126881
0.914601
0.9246543
0.9208881
0.9097159
0.90206
0.9027405
0.9173437
0.9253393
0.9292356
0.9307784
0.9260588
0.9264534
0.9230989
0.8998032
0.9030243
0.9182083
0.9045159
0.9309436
0.9266589
0.9149871
0.9195943
0.9268583
0.9394676
0.9129475
0.8901227
0.8915356
0.9185628
0.903158
0.902854
0.9110431
0.9135013
0.9127527
0.8588957
0.8603146
0.9201842
0.9165213
0.921354
0.9076884
0.9158504
0.9250018
0.9265468
0.9205403
0.9279768
0.9057271
0.9101504
0.9209969
0.9215736
0.8996128
0.9054963
0.9094664
0.920157
0.9060284
0.9065544
0.9051952
0.9130246
0.9116751
0.9187598
0.9095915
0.910247
0.9085391
0.9030752
0.9173431
0.9238379
0.912553
0.9196312
0.9052884
0.9152561
0.9128838
0.9146604
0.9120752
0.8991287
0.8999927
0.9201444
0.9304142
0.9189996
0.9112297
0.9240266
0.9007731
0.9116357
0.9341069
0.9155778
0.9190646
0.9213171
0.9132954
0.9225062
0.902892
0.9177706
0.9215482
0.9308933
0.8999067
0.891295
0.9151367
0.8973508
0.8929435
0.8865046
0.901124
0.8761495
0.9025669
0.9006304
0.8986968
0.8851192
0.8776802
0.879933
0.9132451
0.9088581
0.8989682
0.8740427
0.8847314
0.8914963
0.89376
0.8927243
0.8927039
0.8847694
0.9103277
0.908799
0.8797937
0.9034746
0.8882147
0.8770741
0.8978034
0.9034411
0.8892973
0.9009121
0.8832093
0.8891576
0.8878947
0.876219
0.9143437
0.8932521
0.9014504
0.9008033
0.9015094
0.9080831
0.9074903
0.8847647
0.8661321
0.8747532
0.8956046
0.8832873
0.8971341
0.8900195
0.8793825
0.8917613
0.9119067
0.8661365
0.879818
0.8821104
0.9040944
0.8964823
0.8997216
0.8712238
0.8794167
0.8797603
0.8697453
0.8800758
0.8810278
0.9009737
0.8748439
0.9018219
0.8957427
0.8993542
0.8995829
0.8844801
0.8973936
0.8722417
0.9045459
0.898731
0.8939941
0.8994953
0.8975212
0.8958623
0.8935942
0.8735387
0.8769114
0.8853106
0.8781681
0.8822652
0.9054675
0.8809463
0.8996172
0.8966512
0.8838995
0.879815
0.8791326
0.8812629
0.8929043
0.8865968
0.8851506
0.8894248
0.9002867
0.8918027
0.9141543
0.8986092
0.8935718
0.8890208
0.9023226
0.8770907
0.9031058
0.9014761
0.8995448
0.8866476
0.8782529
0.8805004
0.9131465
0.9083733
0.8983922
0.8740433
0.8854058
0.8909343
0.8935134
0.8926746
0.8926937
0.8841604
0.9102684
0.9090909
0.8814554
0.9041293
0.8882072
0.8773981
0.8981075
0.9035821
0.8887397
0.9005058
0.8854691
0.8901248
0.8884575
0.8769562
0.9138189
0.8930811
0.9004884
0.8995658
0.9003515
0.9085442
0.9087114
0.8862533
0.8676078
0.875
0.8955133
0.8827955
0.8981005
0.8905709
0.880032
0.8919513
0.9125464
0.868818
0.8804668
0.882473
0.904274
0.8963112
0.8989221
0.8706868
0.8804826
0.8806211
0.8710416
0.8807253
0.8815938
0.9006417
0.8760406
0.9020047
0.8951657
0.8993401
0.8988566
0.885767
0.8984873
0.8726583
0.9040559
0.8996241
0.8952312
0.8987273
0.8977447
0.8963623
0.8946504
0.8737051
0.8796286
0.8868361
0.8784938
0.8825861
0.9063456
0.8815125
0.900538
0.8958431
0.8854675
0.8810245
0.8794589
0.8817466
0.8930965
0.888121
0.8858729
0.8888302
0.9230636
0.920505
0.922516
0.9201752
0.9218907
0.9247268
0.9186902
0.9131023
0.9176603
0.920897
0.9217314
0.9138267
0.9165016
0.9138739
0.9236499
0.919124
0.9235434
0.9161961
0.9271318
0.9207573
0.9230664
0.9227609
0.9229216
0.9229689
0.9152638
0.9213877
0.9160646
0.9261561
0.9196355
0.921945
0.9188353
0.9191888
0.9212918
0.9245438
0.9192673
0.9149183
0.9187152
0.9126338
0.9264915
0.9211889
0.9228532
0.9227285
0.9220999
0.9273939
0.9268837
0.9249983
0.9240098
0.9164358
0.9185478
0.9171347
0.9252378
0.9156698
0.9140666
0.9184867
0.9190257
0.9197144
0.914133
0.916513
0.9177028
0.9192626
0.9215814
0.9189461
0.9169693
0.9163781
0.9183517
0.9217731
0.9226872
0.9182726
0.9208055
0.9201916
0.9171865
0.9236862
0.9232845
0.9201091
0.9208462
0.917232
0.9113808
0.9255857
0.9216756
0.9219521
0.9213688
0.917235
0.9187414
0.9179548
0.9209111
0.9114321
0.9178334
0.9154856
0.9201839
0.9226872
0.9214493
0.9211968
0.9153135
0.9255243
0.9172681
0.9187509
0.9142807
0.9166493
0.9137415
0.9223063
0.898356
0.8927526
0.890376
0.9001742
0.8944596
0.9188636
0.9010179
0.9107404
0.8746216
0.9187643
0.902275
0.9084789
0.9095209
0.9114542
0.888978
0.8805663
0.8634139
0.9071393
0.9132873
0.9194711
0.9202952
0.9167284
0.9164374
0.9163252
0.8857397
0.8876709
0.9100783
0.8790299
0.9171455
0.9192817
0.8947407
0.9012068
0.919096
0.9304585
0.9112475
0.8903442
0.8896066
0.9110723
0.9068112
0.888897
0.8962734
0.9012105
0.900651
0.8924965
0.8958777
0.9110905
0.904483
0.9089318
0.8928013
0.9056116
0.9188885
0.9188835
0.9112656
0.9121393
0.8856109
0.9090289
0.9111008
0.9126453
0.8786837
0.8918781
0.8994856
0.9109006
0.8998655
0.9000218
0.9053274
0.9058507
0.9072966
0.8985027
0.9047001
0.8967751
0.8940417
0.8994734
0.8963437
0.9145977
0.9170487
0.9068529
0.9101606
0.8974498
0.8932171
0.9010124
0.8968291
0.8895202
0.8885388
0.904271
0.9193577
0.9129816
0.90689
0.9104659
0.8687199
0.9073749
0.9258265
0.8989884
0.9094897
0.9156384
0.913374
0.9135846
0.9061074
0.912446
0.9079136
0.922934
0.9078709
0.9027881
0.920567
0.9012691
0.9008324
0.8932681
0.9045846
0.8501247
0.9090421
0.898709
0.9064604
0.8739223
0.8207182
0.849603
0.91877
0.9170038
0.9107644
0.8508016
0.8601741
0.8645966
0.8671555
0.8553999
0.8553844
0.8626114
0.9199915
0.9204026
0.8528212
0.9181141
0.8416799
0.8739316
0.9007267
0.9050323
0.8484273
0.8582866
0.8880882
0.9033282
0.9027698
0.8508135
0.9218326
0.9043189
0.9018745
0.905843
0.9059586
0.9234931
0.9221224
0.859568
0.8704612
0.8508374
0.9017628
0.8694935
0.8936496
0.8592341
0.8496815
0.8745529
0.9172313
0.8774184
0.8494503
0.8729833
0.912473
0.8996461
0.9056363
0.815834
0.8529401
0.8530967
0.8831349
0.8854415
0.8844846
0.9008879
0.8809047
0.9090844
0.9046896
0.9080406
0.906595
0.8349067
0.8952238
0.8520969
0.9175382
0.9031604
0.8971766
0.9064096
0.900153
0.9015401
0.9010164
0.8157337
0.8728294
0.8630621
0.8915507
0.8733682
0.9102446
0.8844846
0.8783317
0.9083864
0.8753819
0.8806421
0.8831997
0.8446664
0.9134846
0.888965
0.870924
0.849189
0.909523
0.9023439
0.9200295
0.9023149
0.9055872
0.8962849
0.9058115
0.8504635
0.9093417
0.9019726
0.9081403
0.8720756
0.8261898
0.8499422
0.9183064
0.916194
0.9130201
0.8501088
0.8614676
0.8635669
0.8667902
0.8585981
0.859798
0.8631564
0.9206738
0.9209276
0.8565936
0.9182979
0.8424018
0.87296
0.8996845
0.9058382
0.8501879
0.8560914
0.8884644
0.9026785
0.9031886
0.8507674
0.9219025
0.9032824
0.9034668
0.9052437
0.905866
0.9223988
0.9195818
0.8615913
0.8716333
0.8500633
0.9051856
0.8674632
0.89669
0.8577988
0.8509624
0.8732863
0.9175686
0.8767724
0.8503036
0.869674
0.9135413
0.8999821
0.9075167
0.8207092
0.8555556
0.8554573
0.8855844
0.8857381
0.884902
0.9017395
0.8829927
0.9107098
0.9049116
0.90971
0.90623
0.8385372
0.8925412
0.8496852
0.9158377
0.9045096
0.8973169
0.9038888
0.9034913
0.9034266
0.9031368
0.8144318
0.8732869
0.8666569
0.8916877
0.8717667
0.9112336
0.884902
0.8837726
0.9054141
0.8734233
0.8840699
0.8869872
0.8456534
0.913006
0.8897022
0.8718005
0.8500218
0.9140732
0.9092827
0.9205521
0.9032869
0.9056108
0.8950705
0.9131748
0.8523587
0.9150215
0.9058388
0.907928
0.8791344
0.8349148
0.8543527
0.9199692
0.9169945
0.9146219
0.8539887
0.868318
0.8688608
0.8662822
0.8630232
0.8631729
0.8694371
0.921543
0.921676
0.8599647
0.9205099
0.8447028
0.8801064
0.9028219
0.9079237
0.8507099
0.8582901
0.8921108
0.9100114
0.9091072
0.85164
0.9240871
0.9140672
0.9109135
0.9117668
0.9128823
0.922231
0.9236938
0.8671411
0.8767294
0.8576863
0.9111268
0.8708438
0.8924192
0.8602876
0.8546828
0.8736689
0.9182561
0.8829695
0.8540725
0.8678655
0.9143928
0.9079283
0.911681
0.8216495
0.8666913
0.8655577
0.8903219
0.8927982
0.8917707
0.9010228
0.8862995
0.9119261
0.9121946
0.9125254
0.9095873
0.8402822
0.898876
0.8536504
0.9193258
0.9133282
0.9071252
0.910921
0.9090044
0.9071951
0.9075988
0.8203448
0.8809113
0.8688812
0.8908255
0.87417
0.9139641
0.8917707
0.8814817
0.9091651
0.8743775
0.8852183
0.8833673
0.8502731
0.9135975
0.8911966
0.874288
0.8472813
0.9095133
0.9045479
0.9208171
0.9016352
0.9036651
0.8929976
0.9056463
0.8485176
0.9106203
0.897856
0.9068989
0.8735876
0.8269311
0.8495394
0.9166227
0.915956
0.9132838
0.8508677
0.8633642
0.8624749
0.8650025
0.8580365
0.8575162
0.8652635
0.920359
0.9206154
0.8534406
0.9167525
0.8432847
0.8738448
0.900856
0.9046938
0.8474372
0.8591981
0.8857215
0.9019544
0.9050346
0.8506651
0.9201427
0.9068762
0.9029859
0.9068303
0.907607
0.9225462
0.9217966
0.8602286
0.8704537
0.852484
0.9043175
0.8675319
0.8917638
0.8614516
0.8491889
0.8755747
0.916791
0.8784805
0.8490003
0.8717355
0.914648
0.9017389
0.907082
0.8205079
0.8542533
0.8544112
0.883176
0.8840706
0.8835971
0.902439
0.881393
0.9090225
0.9077439
0.9089572
0.9071159
0.8350083
0.8920115
0.84997
0.9148263
0.9050057
0.900217
0.9056813
0.9028192
0.902679
0.9014948
0.8174224
0.874008
0.8671
0.8928713
0.8741041
0.910377
0.8835971
0.8807897
0.9081302
0.8736558
0.880036
0.883648
0.8458087
0.9121767
0.8921671
0.8729851
0.8497963
0.9097188
0.9038693
0.9223634
0.9040132
0.9069933
0.8976384
0.9065153
0.851651
0.9116429
0.8994495
0.9082982
0.8700176
0.8294686
0.8530952
0.9170444
0.9162269
0.9142642
0.8532795
0.8633563
0.8674978
0.8691024
0.8612577
0.8611162
0.8674061
0.9213889
0.9221668
0.8557333
0.9172546
0.8429174
0.8747197
0.9024111
0.9044779
0.8480809
0.8593635
0.8871712
0.9047036
0.9061939
0.8527227
0.9219663
0.9073209
0.9072216
0.9079713
0.9093262
0.9245201
0.9225309
0.8605192
0.8728035
0.8553806
0.9070972
0.8685572
0.8945145
0.8623268
0.8527031
0.874731
0.9179067
0.879515
0.8526015
0.8739887
0.913693
0.9041452
0.9070203
0.8183874
0.8566522
0.8570254
0.8834273
0.8874179
0.886544
0.9061103
0.8844061
0.9086062
0.9093295
0.9093611
0.9089941
0.840985
0.892843
0.8545658
0.9167169
0.9077773
0.9016701
0.9086604
0.9038121
0.9047905
0.9031859
0.8198803
0.8771563
0.8666716
0.8923889
0.8723529
0.9112727
0.8865038
0.8809207
0.9116251
0.8796306
0.8859015
0.8830857
0.8467279
0.9129656
0.8919239
0.8706094
0.8515577
0.9083937
0.9044349
0.9212364
0.9014024
0.9043717
0.8973391
0.9048345
0.8519056
0.9105455
0.9008737
0.9091709
0.8708672
0.8228066
0.8516864
0.9179585
0.9183221
0.9125844
0.8500975
0.8629957
0.8638465
0.8673566
0.8598038
0.8612517
0.8633547
0.9192884
0.919439
0.8562447
0.9186372
0.8452579
0.8749909
0.9007809
0.9025788
0.8503868
0.8559538
0.8877349
0.9017596
0.9021916
0.8513981
0.9204886
0.9048062
0.901418
0.9062111
0.9069494
0.9238319
0.9223052
0.8608657
0.8712079
0.8510797
0.9056852
0.8687844
0.8971131
0.8586759
0.8520199
0.8736888
0.9184455
0.8770096
0.8513624
0.8731061
0.91149
0.9002896
0.9048007
0.8191579
0.8578096
0.857458
0.8859812
0.8852056
0.8829541
0.902876
0.8798468
0.9100018
0.903716
0.9103285
0.9058333
0.8386125
0.8940052
0.8494152
0.9171398
0.9057482
0.8988268
0.9034107
0.9025889
0.9023328
0.9024701
0.8171563
0.8742166
0.8625521
0.8927955
0.8732436
0.9116504
0.8828326
0.8805122
0.9069279
0.8740298
0.8822556
0.8838557
0.8445185
0.911163
0.8905344
0.8740621
0.8516811
0.8915548
0.8867753
0.8470115
0.8996439
0.893881
0.9096252
0.8916721
0.908792
0.8566271
0.9161649
0.9016763
0.8999205
0.9060656
0.9087266
0.8436669
0.8365208
0.8434312
0.9066219
0.9114049
0.9226822
0.9237291
0.9153914
0.9150997
0.9132546
0.8506436
0.8617984
0.9076621
0.8328366
0.9131475
0.9128635
0.8932336
0.9019537
0.9164319
0.9282235
0.9058553
0.8829827
0.8825279
0.9084207
0.9045479
0.8831346
0.8933601
0.8976127
0.8970476
0.8881346
0.8908845
0.9068307
0.8963292
0.9065042
0.8928246
0.9094457
0.9138528
0.9134571
0.9082648
0.91175
0.8461009
0.903989
0.908294
0.9137728
0.8342631
0.8908096
0.8943789
0.9060468
0.8966838
0.896112
0.8947407
0.8980862
0.8981274
0.8968011
0.9017218
0.8934779
0.8932491
0.8912242
0.8992926
0.9070509
0.9110483
0.9086168
0.9013074
0.896558
0.890791
0.8979205
0.8983668
0.8834347
0.8845161
0.9051721
0.9185641
0.9099907
0.8955462
0.9084325
0.8419752
0.8980477
0.9214704
0.8993362
0.9091753
0.9080897
0.9049255
0.9106773
0.88996
0.9046985
0.9075564
0.9184358
0.8951645
0.8900967
0.8516246
0.899479
0.8913949
0.909685
0.8928558
0.9072446
0.8613219
0.9156246
0.9015981
0.9018651
0.9068661
0.9061163
0.8542909
0.8467825
0.8462668
0.9032644
0.9126248
0.9199383
0.92137
0.916233
0.915211
0.9144805
0.852264
0.8666842
0.9058756
0.8389562
0.9150907
0.9144324
0.8963606
0.9006367
0.914122
0.9265177
0.9088496
0.8857993
0.8843907
0.9067519
0.9060266
0.8865481
0.8937438
0.8975628
0.8986803
0.8883932
0.8918583
0.9085718
0.899333
0.9067529
0.8926811
0.9092704
0.9167226
0.9161589
0.9051799
0.9179365
0.8557407
0.9055786
0.9057208
0.9143492
0.8447307
0.8946621
0.8979975
0.907986
0.8955
0.8949646
0.894683
0.8986369
0.8975196
0.8973543
0.9023197
0.8961411
0.8945382
0.8928347
0.8990869
0.9080856
0.910565
0.9053199
0.9007854
0.8956228
0.8934647
0.8983137
0.8981997
0.8877737
0.8852853
0.9028824
0.919141
0.9098173
0.8982153
0.9094696
0.8534395
0.8974796
0.9211035
0.899771
0.9092731
0.9097375
0.9085751
0.9093351
0.8921536
0.9060485
0.9085938
0.9167882
0.8983291
0.8873424
0.8515013
0.8989104
0.8957082
0.910997
0.8951797
0.9085274
0.8577299
0.9141089
0.9022999
0.905693
0.9053976
0.909205
0.8489994
0.8449037
0.8479225
0.9072582
0.9108023
0.9232114
0.9211679
0.9169113
0.9155069
0.9147389
0.8520076
0.8632793
0.9089576
0.8356875
0.9166051
0.9146518
0.8992837
0.9033019
0.9157017
0.9295537
0.9068013
0.885589
0.8847198
0.9090551
0.9087883
0.8851878
0.89869
0.9017896
0.9004717
0.8876744
0.8906844
0.9100882
0.9013275
0.9103826
0.8927972
0.9117605
0.9161368
0.9147555
0.909563
0.9142918
0.8529109
0.9048187
0.9098657
0.9121554
0.8392398
0.8950588
0.8977121
0.9052613
0.8967055
0.896375
0.8962509
0.8991088
0.8987906
0.8955295
0.9022322
0.8936961
0.8905101
0.8902904
0.90004
0.9096807
0.9098902
0.9089402
0.9015801
0.8963789
0.8973237
0.8997121
0.894878
0.8849322
0.8849167
0.9049753
0.9201183
0.9083214
0.9013957
0.9080877
0.8482322
0.8987906
0.9227558
0.9035891
0.9090291
0.9116238
0.9063529
0.913256
0.8954258
0.9053694
0.9083094
0.9189152
0.8932993
0.8861345
0.8546126
0.897009
0.8895262
0.9130852
0.8960104
0.9099739
0.8590988
0.9190135
0.8984117
0.9040489
0.9045011
0.9101047
0.8548903
0.8487602
0.8496521
0.9063583
0.9136848
0.9210029
0.9190298
0.9185026
0.9177541
0.9152686
0.8599204
0.8655912
0.9100891
0.8396136
0.9165936
0.9147974
0.8920301
0.8988911
0.9167101
0.9279027
0.9105982
0.883778
0.8829083
0.9089803
0.9069372
0.8816548
0.8923184
0.8954985
0.8956538
0.8919051
0.8952531
0.9093871
0.9008679
0.9051823
0.8927531
0.9101224
0.9158967
0.914477
0.910889
0.9166785
0.8545593
0.9055407
0.910179
0.9156489
0.8385922
0.89195
0.8975395
0.9105615
0.8993047
0.8984572
0.8992479
0.9020301
0.9027403
0.8952374
0.9020111
0.8954764
0.8891527
0.8911103
0.8994231
0.9104232
0.913433
0.9082764
0.9075664
0.895367
0.8922306
0.9009336
0.8983772
0.8857953
0.8883652
0.9056577
0.9219945
0.9119872
0.8991502
0.9107111
0.8491479
0.9027008
0.9208053
0.8987075
0.9119082
0.913085
0.9091204
0.9127089
0.8958241
0.9109028
0.9110116
0.9190861
0.9089111
0.898464
0.8556829
0.9102675
0.9038503
0.9150183
0.900249
0.9125781
0.8585763
0.9148399
0.9053257
0.8990766
0.9116793
0.9137974
0.8467087
0.8419788
0.8589489
0.907614
0.9153374
0.9219248
0.9223716
0.9205723
0.9187577
0.9149676
0.8448786
0.8587539
0.9147378
0.8431471
0.9194504
0.9169492
0.9048205
0.9114767
0.9192786
0.929696
0.9044808
0.8925934
0.8955273
0.9126397
0.9112691
0.8938944
0.9043138
0.9079222
0.9062669
0.8956574
0.8980363
0.9074254
0.909419
0.9125995
0.9012198
0.9142082
0.9100916
0.917301
0.9129488
0.9158765
0.8391314
0.9050971
0.9139862
0.9128954
0.7501963
0.9053045
0.9067226
0.9073095
0.8990043
0.8982351
0.9001091
0.903362
0.9031618
0.9084097
0.899804
0.8971932
0.9009999
0.9018295
0.9094314
0.9162423
0.9120364
0.9062613
0.8906164
0.9067827
0.9040941
0.9069229
0.9055906
0.8899568
0.8883684
0.907935
0.9179044
0.9135802
0.9036179
0.9126203
0.8525605
0.9031618
0.9214647
0.9093954
0.9052696
0.9156622
0.9032586
0.9177708
0.8852123
0.9093389
0.9117141
0.9193978
0.8890815
0.8806865
0.9140316
0.8991597
0.8817224
0.8898803
0.8910422
0.8907316
0.8984485
0.905038
0.8971142
0.8896052
0.8791245
0.8900475
0.9093709
0.902506
0.8931989
0.8798233
0.8952388
0.9056412
0.9055499
0.9006831
0.8996493
0.8962647
0.9076531
0.9133853
0.8945244
0.9029684
0.900088
0.8853805
0.8948145
0.9007349
0.8980077
0.9140381
0.8875915
0.8844066
0.8811266
0.8916095
0.908504
0.8794043
0.8908276
0.8958857
0.8956425
0.9002284
0.8989906
0.8927623
0.8700734
0.8871834
0.8888608
0.8891171
0.8967314
0.8950383
0.8899432
0.897512
0.9086554
0.875064
0.8902505
0.8936155
0.9030793
0.8859697
0.8932852
0.8791824
0.8830226
0.8832852
0.8697446
0.8744797
0.8764659
0.8955903
0.8811344
0.8998123
0.890442
0.8905088
0.8947312
0.895846
0.9024078
0.8793097
0.9115372
0.8919045
0.8819661
0.8949495
0.896052
0.8847039
0.8851293
0.8789061
0.8890437
0.8941223
0.8812747
0.8962355
0.8977586
0.876425
0.9098418
0.8924231
0.8968322
0.8901338
0.8882078
0.8890687
0.8975376
0.8963109
0.8944666
0.9028736
0.902004
0.8987519
0.8602533
0.9037453
0.9018305
0.9127579
0.8986694
0.9121314
0.8607978
0.9130033
0.9087869
0.9032467
0.9103349
0.912225
0.8531395
0.8426077
0.8603562
0.9061858
0.9160362
0.9204895
0.9214638
0.9167637
0.9164726
0.9143656
0.8532023
0.8630502
0.9119718
0.8405335
0.9147464
0.9117428
0.9043425
0.9110281
0.9155214
0.9288515
0.9015986
0.894247
0.8961935
0.9123476
0.9148066
0.893309
0.9002609
0.9060644
0.9057086
0.8991377
0.8981716
0.9091755
0.906294
0.9069326
0.9017399
0.9118571
0.9148058
0.9125615
0.912075
0.9131427
0.8449286
0.9065108
0.9126082
0.9129128
0.7597381
0.9018624
0.90558
0.9074572
0.9036022
0.9025276
0.8926027
0.9006314
0.9003931
0.9066208
0.9007672
0.9016298
0.9017703
0.9018327
0.9041412
0.9131628
0.9098751
0.9075927
0.8953148
0.9041007
0.9006068
0.9053732
0.9059771
0.891551
0.8929345
0.9099225
0.9224244
0.9070592
0.9040904
0.9113947
0.8534126
0.9003931
0.924289
0.9038281
0.9102998
0.9133739
0.905359
0.9181606
0.8952862
0.9051693
0.9101751
0.9173068
0.893763
0.8845654
0.9082693
0.9007213
0.8868579
0.8885765
0.8976566
0.8940026
0.8901586
0.9036356
0.8981146
0.8887402
0.8902194
0.8968122
0.9016436
0.8931034
0.8858411
0.879135
0.8981519
0.9073533
0.9086781
0.897768
0.8971008
0.8999817
0.8939422
0.9019745
0.8966696
0.8930495
0.9019231
0.8906624
0.8955938
0.9054124
0.8996511
0.9129758
0.8828799
0.8807698
0.8820876
0.8933126
0.9027151
0.8812359
0.8945336
0.9000738
0.8995016
0.8925275
0.8943328
0.8959687
0.8775217
0.8913116
0.8912745
0.8971776
0.894812
0.8993933
0.89536
0.9029749
0.8960642
0.8861209
0.8955928
0.894112
0.8884985
0.8855244
0.8894277
0.8870391
0.875109
0.8740077
0.8640999
0.8754843
0.8771489
0.8981602
0.8804058
0.8893859
0.8919765
0.8900384
0.9010519
0.8945735
0.8945655
0.8806705
0.8967316
0.8994845
0.8937184
0.8992142
0.8959284
0.8795697
0.88018
0.8857367
0.8960621
0.8945911
0.8784103
0.9009489
0.8924616
0.8771489
0.9111648
0.901704
0.8934765
0.8975736
0.8858728
0.893485
0.8869733
0.8895908
0.8949882
0.9015092
0.9072529
0.9036316
0.918754
0.9023943
0.9048555
0.9022342
0.9067173
0.8645787
0.9093262
0.9009548
0.9068081
0.872802
0.856066
0.8643348
0.9188542
0.9127043
0.9083379
0.865174
0.8784868
0.8837059
0.8850402
0.8794958
0.8796394
0.8794329
0.9167649
0.9181622
0.868817
0.9126252
0.8829524
0.8830232
0.9071064
0.9091721
0.8824639
0.8748905
0.8896634
0.8996513
0.900845
0.8647641
0.9210508
0.9058039
0.9091817
0.910084
0.9095021
0.9173253
0.9155463
0.7303464
0.8775465
0.8663301
0.905
0.8799066
0.9021427
0.8757771
0.8638177
0.8752929
0.9191582
0.8836048
0.864306
0.8753765
0.9136558
0.9013545
0.9023582
0.8537232
0.8725363
0.8720835
0.8841448
0.8905951
0.8915224
0.9052514
0.8848003
0.9058705
0.9045235
0.908911
0.9100239
0.8591842
0.8918294
0.8648288
0.913132
0.9098075
0.9050285
0.9094191
0.9069198
0.903975
0.9039955
0.8491488
0.8848328
0.8799126
0.8900098
0.8735274
0.9087485
0.8915624
0.89026
0.9093275
0.8842239
0.891358
0.8889617
0.8630334
0.9047204
0.8901425
0.8716977
0.8847147
0.9033613
0.8969098
0.9115353
0.9014023
0.8979584
0.8943169
0.9008892
0.8945436
0.9001725
0.9026463
0.9067511
0.8941421
0.8889908
0.894823
0.9104338
0.9056099
0.9025917
0.8907381
0.8974765
0.9078022
0.9063501
0.8997156
0.8993376
0.8990012
0.9065533
0.9085454
0.8977672
0.903108
0.9011217
0.8942558
0.8998107
0.9076032
0.9029727
0.9150846
0.8849895
0.892007
0.8923749
0.8944687
0.908969
0.8968004
0.9030935
0.9065616
0.9060466
0.9031197
0.8997679
0.8958379
0.8755267
0.8952381
0.9027783
0.898951
0.9005313
0.8984551
0.8944746
0.9020693
0.9069006
0.8860508
0.8943021
0.8967504
0.8996609
0.8980319
0.9054827
0.8890761
0.8858105
0.8859142
0.875191
0.8818282
0.8832401
0.9018177
0.8856995
0.9063594
0.8988557
0.8937239
0.9072467
0.897313
0.9006272
0.8902555
0.909444
0.9045504
0.8992316
0.9077336
0.9023299
0.892997
0.8939421
0.8903723
0.8974026
0.8957659
0.8832842
0.8978301
0.8994523
0.8832401
0.915331
0.909104
0.9002999
0.8992845
0.8870807
0.8954806
0.8952614
0.898347
0.898167
0.902543
0.9006997
0.88871
0.9135789
0.8999231
0.8937122
0.8930107
0.8987388
0.8907234
0.8994471
0.9048752
0.9012528
0.8912039
0.888627
0.8927461
0.9103961
0.9028893
0.8980039
0.8884537
0.9008021
0.9080279
0.9059072
0.9013058
0.9012047
0.9030502
0.9067809
0.9088568
0.8885186
0.9013914
0.9011686
0.8931954
0.8980421
0.9026901
0.9030645
0.9158004
0.8874389
0.8901667
0.8892158
0.8892599
0.9064995
0.8909245
0.9019479
0.9016101
0.9013268
0.9003722
0.9009682
0.8943327
0.8752714
0.8952648
0.8998323
0.8926583
0.9005764
0.8991743
0.8917475
0.9037123
0.9058501
0.8824946
0.8922221
0.8956509
0.8982119
0.8916348
0.8992707
0.8910786
0.8870017
0.8871896
0.8720228
0.8801082
0.8817789
0.8978309
0.8864745
0.9023288
0.8947603
0.8955064
0.9007739
0.8957375
0.9021111
0.8880109
0.9093625
0.9016245
0.8935989
0.8990762
0.8995137
0.8907156
0.8896469
0.8858706
0.9006957
0.8937368
0.8842987
0.8999927
0.8989329
0.8816962
0.9145405
0.9027003
0.898867
0.8966977
0.8886834
0.8970765
0.8967656
0.8991474
0.8982445
0.9029819
0.8998251
0.8927336
0.9123622
0.9010158
0.8955453
0.8894652
0.9026129
0.8878498
0.8962843
0.9043259
0.9030399
0.8894681
0.887784
0.8894714
0.9095303
0.9004986
0.9012309
0.8843517
0.8967246
0.9052602
0.9053624
0.8990899
0.8989093
0.8974944
0.9031713
0.9062806
0.8922241
0.901317
0.8999534
0.8943708
0.9009446
0.9030153
0.8978349
0.9129237
0.887824
0.8876589
0.8886531
0.8871951
0.9091636
0.8948143
0.8999087
0.9032528
0.9025721
0.9025643
0.9011397
0.8903311
0.8727273
0.8923285
0.8991581
0.8935221
0.8983625
0.896455
0.8881429
0.9018469
0.90373
0.8835084
0.8881714
0.8960659
0.8961191
0.8919742
0.9011908
0.8869709
0.8847468
0.8852642
0.8695113
0.8837269
0.8845204
0.8985278
0.882366
0.9012455
0.8962075
0.8969453
0.9021022
0.8942968
0.8975537
0.8868782
0.9024104
0.9015107
0.8959843
0.9042619
0.9025061
0.8895978
0.8891361
0.885519
0.8999495
0.8934259
0.8835776
0.8996398
0.9021372
0.8845204
0.9119479
0.9038231
0.897435
0.8959094
0.8871374
0.8941494
0.8932028
0.8944059
0.8946252
0.8978115
0.9099357
0.9030655
0.9129081
0.9073709
0.9031115
0.8891705
0.9078399
0.8931376
0.9008839
0.900491
0.9137232
0.895776
0.89146
0.8953254
0.9094305
0.9005488
0.9032832
0.8863476
0.8992691
0.9063946
0.9077127
0.896327
0.896145
0.8996112
0.9015339
0.8997722
0.89547
0.9018581
0.8984116
0.8917646
0.9045322
0.9159542
0.9022712
0.9105301
0.8860376
0.8971053
0.897553
0.8938732
0.9105736
0.8992708
0.9096434
0.9127332
0.9123405
0.9078153
0.9054861
0.8948489
0.8847746
0.8993318
0.9073286
0.9004495
0.8994385
0.8947021
0.8939605
0.901744
0.9006422
0.883342
0.8957723
0.8956455
0.8982184
0.9025424
0.9073277
0.8864124
0.8873701
0.8871858
0.8684937
0.8845555
0.8848148
0.9108297
0.8837737
0.9085972
0.9048976
0.9030876
0.9112935
0.8954895
0.8979921
0.8877222
0.8922717
0.9124462
0.9061775
0.9106017
0.9069776
0.8956617
0.895604
0.8903517
0.8998768
0.8960325
0.8838676
0.8979921
0.9049525
0.8848148
0.9122907
0.9139793
0.8968239
0.9010894
0.8823749
0.8975615
0.8841509
0.8922652
0.8977256
0.9005904
0.90073
0.8950302
0.9078176
0.9075462
0.8984691
0.8908771
0.8980962
0.8930429
0.8959846
0.9007039
0.9004543
0.8880017
0.8863801
0.8912473
0.9051721
0.8970541
0.8980038
0.8768926
0.8944245
0.9051682
0.9077241
0.8996877
0.8984941
0.8950954
0.8977054
0.9027614
0.8928699
0.9038199
0.8966834
0.886973
0.8978829
0.9042165
0.8952762
0.9087859
0.8823444
0.8909987
0.8900661
0.8922115
0.9079502
0.8959379
0.9032131
0.9064359
0.9051084
0.9008557
0.9018439
0.8884918
0.8720832
0.8854912
0.8988535
0.8959716
0.8930493
0.8957609
0.891302
0.895905
0.9013303
0.8826141
0.8920075
0.8870032
0.8915876
0.8945797
0.9015968
0.8828292
0.8848876
0.8855996
0.8690867
0.8813695
0.8818703
0.9007309
0.8775607
0.8993128
0.8990399
0.8976349
0.9054334
0.8912879
0.8928314
0.8784743
0.8954061
0.9064776
0.8995292
0.9064578
0.9034733
0.8892554
0.8879239
0.8844714
0.8933994
0.8913864
0.8816688
0.8936277
0.8955979
0.8818703
0.9117822
0.9070754
0.8959376
0.8950721
0.8801918
0.8938894
0.8907218
0.8904317
0.8932416
0.8994184
0.901422
0.8980577
0.9159986
0.9041961
0.8978731
0.8997448
0.904836
0.8901993
0.9029336
0.9073109
0.9039309
0.8931336
0.8856121
0.8917437
0.914348
0.915169
0.9027
0.8878921
0.899577
0.9073958
0.9081832
0.9047904
0.9034952
0.9000672
0.9152952
0.9144038
0.8922511
0.9089579
0.8974224
0.897523
0.9016171
0.9028606
0.899784
0.9115035
0.8920856
0.8943187
0.8951984
0.8903997
0.9142169
0.8991102
0.9042072
0.9027422
0.901879
0.9111661
0.9104173
0.896697
0.8782698
0.8961864
0.9000642
0.894196
0.90469
0.8989104
0.8917186
0.8969727
0.9169942
0.8842826
0.8912701
0.8953409
0.9058149
0.8953401
0.9042989
0.8905857
0.8957696
0.8958408
0.8826716
0.8913418
0.8900341
0.9014271
0.8861959
0.9096394
0.9018183
0.8972338
0.9066098
0.8921021
0.9061825
0.8881824
0.9111744
0.9014265
0.8932888
0.9051764
0.9033343
0.8983736
0.8976531
0.8881389
0.8940007
0.8958378
0.8873635
0.9000641
0.9058128
0.8900341
0.9138531
0.9065743
0.8961377
0.8951567
0.8910076
0.8944925
0.9047464
0.8957722
0.8976842
0.9043917
0.8934707
0.8829265
0.9150514
0.8981715
0.8872072
0.8893915
0.8934194
0.8923149
0.8996853
0.9076782
0.8959743
0.8948955
0.8824406
0.8939399
0.9121256
0.9067278
0.8902296
0.8843661
0.8981695
0.9016445
0.9050997
0.9007655
0.9001985
0.8997123
0.9145671
0.9162894
0.895508
0.9033314
0.8986556
0.8885946
0.892496
0.9024338
0.8978927
0.9151281
0.8891812
0.8869224
0.8832415
0.8915615
0.9095711
0.8827763
0.892301
0.8935365
0.8933309
0.9041141
0.9032412
0.8949804
0.867609
0.8853993
0.8921724
0.8884235
0.9029616
0.8950746
0.8937552
0.8981432
0.9134944
0.8804039
0.8941008
0.8951233
0.9060647
0.8832825
0.8936757
0.8837505
0.8883232
0.8884683
0.8732804
0.8797715
0.8797862
0.8957874
0.8876001
0.9005309
0.8911228
0.8960997
0.8947274
0.8951312
0.9080231
0.8827536
0.9149648
0.8905788
0.8867358
0.8965007
0.8951021
0.8883269
0.8878324
0.8848249
0.8908175
0.8955438
0.8834839
0.9006502
0.9028258
0.8797862
0.9096295
0.8962427
0.8953318
0.8903219
0.8895258
0.8945898
0.9042033
0.9042481
0.895852
0.8985608
0.9031233
0.8968444
0.9177759
0.8939668
0.8958977
0.8871704
0.902837
0.8429991
0.9055192
0.9028093
0.9040699
0.8723677
0.7568551
0.8425933
0.9163526
0.9144219
0.9087336
0.8400454
0.8593784
0.8613251
0.8612856
0.8548435
0.8554617
0.8571165
0.9213531
0.9216017
0.8481517
0.9142033
0.860808
0.8664647
0.8993074
0.9010693
0.8616925
0.8499572
0.8831606
0.9017063
0.8995945
0.8429091
0.922312
0.9020818
0.8969387
0.9040143
0.9013061
0.9170663
0.9190236
0.8502855
0.8625367
0.8472176
0.8988144
0.8626524
0.8908397
0.8524364
0.8430233
0.864233
0.9181718
0.8771064
0.842832
0.8608689
0.9116748
0.8971195
0.9019475
0.7976953
0.8550779
0.8548931
0.8760685
0.8774201
0.8775183
0.8968394
0.8758012
0.9072931
0.9010379
0.8979155
0.9048061
0.8377329
0.8920369
0.8410714
0.918056
0.9045687
0.8952094
0.8994532
0.8969716
0.8992399
0.8986357
0.8048031
0.8713663
0.8569946
0.8829336
0.8601111
0.9131018
0.8773547
0.8753073
0.89721
0.8721516
0.87061
0.8809768
0.8391272
0.9109976
0.8856139
0.8600504
0.8668316
0.9045112
0.8930191
0.9195902
0.895402
0.8949446
0.8900942
0.9033654
0.8371061
0.906714
0.903957
0.8973585
0.8717133
0.7542568
0.837785
0.9153562
0.9139997
0.90417
0.8440053
0.8567763
0.8599409
0.8604829
0.8538294
0.8543632
0.85812
0.9171226
0.918243
0.8423964
0.9148196
0.8567982
0.8677193
0.8962149
0.901017
0.8600332
0.859788
0.8862448
0.9002637
0.9015294
0.836265
0.9211935
0.8969699
0.8992656
0.9026669
0.9025469
0.9190187
0.9224784
0.859513
0.8688132
0.8425271
0.8989242
0.8668552
0.8943912
0.8602738
0.8378267
0.8659245
0.9194256
0.8745978
0.8379395
0.858235
0.9070289
0.8948992
0.905156
0.8061007
0.8583619
0.857756
0.8768066
0.8770883
0.8791839
0.8943642
0.8753885
0.9066409
0.9001087
0.9000181
0.9013798
0.8297526
0.8918433
0.8435842
0.9149359
0.9012324
0.8982456
0.901258
0.8966132
0.8965321
0.8967109
0.8048165
0.8755735
0.8611603
0.8850978
0.8593831
0.9114161
0.8791432
0.8828842
0.900322
0.8743316
0.8741727
0.8822693
0.8371507
0.9060945
0.8846655
0.860503
0.8618806
0.9028352
0.8930578
0.867448
0.9017222
0.8991024
0.9155938
0.9018014
0.907053
0.8591273
0.9172127
0.9020712
0.9007222
0.9089805
0.9091265
0.8650976
0.8542768
0.8589807
0.905385
0.9140038
0.9199303
0.9206758
0.9153354
0.9149685
0.9124015
0.8650394
0.8760151
0.9058882
0.8572021
0.9190856
0.9145389
0.8929129
0.9012818
0.9176092
0.9285241
0.9052538
0.8894408
0.8899305
0.9069145
0.9119576
0.8893031
0.9041864
0.905148
0.9056962
0.8960748
0.8998664
0.9102368
0.9002676
0.9100252
0.8960682
0.9039447
0.9195788
0.9141024
0.9087057
0.9124054
0.8597832
0.9018529
0.9087348
0.9115527
0.851255
0.8977449
0.900394
0.9100467
0.9001448
0.8999819
0.9004046
0.9028869
0.9033171
0.9000652
0.9021203
0.8969478
0.897185
0.8965001
0.906769
0.9077324
0.9097294
0.9064753
0.901631
0.9038985
0.8967999
0.9052832
0.900043
0.888516
0.8860883
0.9048063
0.9166725
0.9078985
0.9044378
0.9116695
0.8460552
0.9033171
0.9214263
0.9040598
0.9081756
0.9134842
0.9100161
0.911724
0.8970993
0.9043746
0.9104169
0.9176973
0.8956443
0.8930512
0.8729298
0.896054
0.8918664
0.916147
0.8983197
0.9092525
0.8620612
0.9184865
0.8991176
0.9070689
0.9113739
0.9096923
0.8716388
0.8661499
0.8599469
0.9063924
0.9128021
0.9207349
0.9195623
0.918207
0.9183351
0.914644
0.8753905
0.8808903
0.9053284
0.8623653
0.9147932
0.9138325
0.8961124
0.9021814
0.914361
0.9299516
0.9105708
0.8928964
0.890252
0.9088838
0.9131072
0.8884462
0.8938355
0.8967087
0.8962251
0.8981595
0.8975664
0.9101811
0.8974275
0.9065107
0.8903692
0.9062422
0.9176648
0.914929
0.9091556
0.9122714
0.8702523
0.9048729
0.9094562
0.9150554
0.8585938
0.8914999
0.8993192
0.9103404
0.9002533
0.900449
0.900711
0.9055025
0.9054595
0.8944877
0.9051412
0.8964562
0.8938125
0.8949177
0.9012395
0.9094662
0.9147397
0.9071267
0.9125695
0.8971717
0.8952179
0.9005205
0.8959592
0.8880309
0.888376
0.9058524
0.9153584
0.912107
0.9071237
0.910334
0.8502385
0.9054595
0.9217416
0.9014409
0.9095558
0.9121645
0.9107405
0.9115518
0.9024799
0.9145442
0.9121833
0.9148745
0.898609
0.8921618
0.8647428
0.9027385
0.8959959
0.912166
0.8977006
0.9138213
0.8510785
0.9135312
0.9004804
0.8998664
0.9146772
0.9140711
0.8644112
0.8494119
0.8551927
0.9085346
0.9181946
0.9234525
0.9237477
0.9214715
0.9213716
0.9186416
0.8573598
0.8683336
0.9102148
0.8550334
0.9188745
0.9149192
0.900956
0.9047172
0.9170547
0.927903
0.9031249
0.8865716
0.8842586
0.9133811
0.9076195
0.8872302
0.8988495
0.9035645
0.903681
0.8889182
0.8922863
0.9095138
0.8989238
0.9108589
0.8957857
0.9087653
0.9148703
0.9212788
0.9129924
0.9148716
0.8548595
0.9037761
0.9137182
0.9107565
0.8462446
0.8934197
0.8934853
0.909283
0.8967102
0.8972665
0.8912097
0.8964755
0.8964781
0.9005603
0.8992788
0.8963837
0.8941346
0.8896149
0.9011912
0.9150064
0.9037008
0.9093065
0.8999708
0.9010823
0.8999488
0.9042896
0.8969612
0.8841956
0.8865295
0.9141948
0.9218465
0.9128095
0.8972122
0.9135957
0.8430725
0.8964781
0.9251798
0.9038934
0.9106755
0.9122466
0.9081471
0.9178806
0.8931066
0.9077083
0.9121496
0.9191654
0.8979459
0.8884413
0.870927
0.894829
0.893805
0.9132162
0.8939251
0.9112354
0.8620611
0.9167286
0.9004157
0.9033639
0.9095893
0.9116777
0.8684944
0.8578718
0.8516772
0.9063807
0.9134697
0.9198783
0.9224728
0.9192356
0.9190216
0.9170814
0.8707669
0.8768695
0.908358
0.8611646
0.9175918
0.9164171
0.8938031
0.9013156
0.9202853
0.929441
0.9065568
0.8884864
0.8865117
0.9119167
0.9092843
0.8803387
0.8943323
0.8988919
0.8992068
0.8906937
0.8923885
0.9092112
0.8972558
0.9100903
0.8875283
0.9074844
0.9157183
0.9211298
0.9120707
0.9130605
0.864165
0.9059971
0.9119062
0.9109606
0.8509663
0.8880202
0.8971733
0.907337
0.9011328
0.9012902
0.9004351
0.9021755
0.9026479
0.8929657
0.9021174
0.8962789
0.8914121
0.8915166
0.8978947
0.9138931
0.9108068
0.9070788
0.9022652
0.89488
0.8948722
0.8968381
0.8956625
0.8839341
0.8838782
0.9031536
0.9210554
0.9088147
0.9029053
0.9094814
0.8486233
0.9026873
0.925219
0.8965367
0.9106068
0.9115617
0.9089043
0.9128021
0.8990226
0.9106868
0.9136719
0.9208095
0.9072909
0.9039912
0.8701996
0.9071477
0.9069643
0.9146444
0.9076079
0.9112741
0.8629825
0.9178849
0.9085789
0.9041876
0.9114596
0.9135137
0.8646575
0.8553087
0.8686797
0.9101251
0.9176025
0.920613
0.9228803
0.9182877
0.9174341
0.9182313
0.8587181
0.8747247
0.9131459
0.8607344
0.9182776
0.91504
0.9053514
0.90901
0.9149127
0.9268411
0.9039241
0.8940684
0.8978356
0.9113723
0.9113248
0.8974091
0.9083597
0.9122739
0.9125447
0.9042037
0.9021216
0.9113137
0.9072415
0.9120623
0.9059799
0.9101911
0.9159752
0.9166315
0.9132885
0.9129269
0.8567198
0.9090425
0.9128581
0.9119283
0.8498611
0.9094358
0.9082271
0.9095063
0.9066209
0.9060374
0.8976619
0.9084175
0.9086048
0.9063149
0.9039375
0.9073656
0.9045312
0.9056067
0.9127569
0.9105269
0.9088041
0.9101499
0.8939641
0.9119175
0.9107226
0.9119707
0.9109654
0.8986501
0.8952581
0.9070239
0.9232742
0.9104203
0.9062267
0.9120817
0.815094
0.9086821
0.9215387
0.9124132
0.9099601
0.9180391
0.9028305
0.9144304
0.8924287
0.9081817
0.9111088
0.9174255
0.9072968
0.9036465
0.8699026
0.9066852
0.9068535
0.9151092
0.9070723
0.910551
0.8625486
0.9181589
0.9086235
0.9042705
0.9116595
0.9131002
0.8647332
0.8551696
0.8679958
0.9103257
0.9173479
0.9209589
0.9231885
0.9184855
0.9175941
0.9181272
0.8582795
0.874224
0.9126948
0.8601286
0.9178742
0.9152755
0.9056691
0.9088221
0.9147338
0.9268157
0.9040068
0.8940299
0.8973187
0.9106872
0.9108276
0.8975708
0.9080939
0.9116261
0.9120128
0.9040476
0.9020452
0.9115516
0.9070913
0.9121464
0.9057517
0.910275
0.9163616
0.9165261
0.9127983
0.913088
0.8559367
0.9092426
0.912444
0.9116657
0.8504953
0.9088618
0.9080403
0.9096674
0.9066266
0.9059253
0.8981009
0.9082302
0.9083017
0.9062813
0.9035116
0.9075283
0.9039812
0.9053757
0.9123019
0.9100329
0.9090812
0.9106598
0.8944869
0.9114246
0.9103001
0.911591
0.910742
0.8981834
0.8949057
0.9066406
0.9227621
0.9111197
0.9062322
0.9120122
0.8151141
0.9083791
0.9219227
0.9118419
0.9100438
0.9178598
0.902599
0.9143239
0.8922677
0.9083041
0.9106143
0.9172119
0.9053448
0.8967293
0.9144159
0.9083315
0.8997082
0.9182658
0.9023486
0.9214322
0.903605
0.9232537
0.9047029
0.9165638
0.9217014
0.922819
0.909204
0.9042471
0.8985872
0.9172713
0.9221619
0.9253456
0.9290725
0.9258413
0.9255475
0.9244074
0.9047867
0.9076363
0.9189218
0.9027045
0.9280655
0.9283553
0.9055527
0.9111291
0.9252507
0.9367637
0.9137611
0.8899408
0.8900241
0.9212303
0.9037394
0.8973138
0.905602
0.9083074
0.9080266
0.7555623
0.7545145
0.9161281
0.9123515
0.9191192
0.8974985
0.9192655
0.9246253
0.9284485
0.9221978
0.9218434
0.9027453
0.90984
0.9223059
0.9215239
0.9021305
0.8965632
0.9012291
0.9208032
0.908756
0.9094059
0.906509
0.912969
0.9136714
0.9054559
0.9108751
0.9030422
0.9019204
0.8940668
0.9094045
0.9237227
0.9196639
0.9180376
0.9127235
0.9073464
0.9040459
0.909422
0.9039285
0.891852
0.8919985
0.9177305
0.9289652
0.921122
0.9125934
0.9203287
0.9051288
0.9137109
0.9342733
0.9094478
0.9219605
0.9263049
0.9160607
0.9242833
0.9034779
0.9188778
0.9212251
0.9280895
0.9077789
0.9052467
0.8659737
0.9079888
0.907179
0.9148383
0.9087912
0.9099568
0.8635104
0.9149669
0.9076004
0.9023981
0.913729
0.9127068
0.8621955
0.8535491
0.8667167
0.9044906
0.9173874
0.9207825
0.9219357
0.9161033
0.9163077
0.914102
0.8621039
0.8746088
0.9123395
0.8601469
0.9209149
0.9156137
0.9033657
0.9130729
0.9187263
0.9274757
0.9055737
0.8938896
0.897268
0.9100156
0.9092926
0.8977999
0.9113753
0.9132347
0.9123872
0.9013413
0.9010742
0.9117314
0.9092533
0.9142081
0.905294
0.9117261
0.9127889
0.9164112
0.9109412
0.9148448
0.8524906
0.9090294
0.9117023
0.9115755
0.8528197
0.9065854
0.9099109
0.9106554
0.9064439
0.9067222
0.899521
0.9099524
0.9102159
0.907823
0.9032027
0.9074261
0.903948
0.9053464
0.9098878
0.9162789
0.9094494
0.9059316
0.8933833
0.9131835
0.9097742
0.9123539
0.9090684
0.8935614
0.8940987
0.9077845
0.9241988
0.9163232
0.9009593
0.9118075
0.8118061
0.9102546
0.9225347
0.9107836
0.9099498
0.9180517
0.9027598
0.9147008
0.8926908
0.9074278
0.9116812
0.9195134
0.835847
0.7745561
0.9095179
0.8266267
0.7842694
0.9149699
0.8396924
0.906371
0.9011845
0.9224508
0.8074311
0.9060886
0.9003803
0.9071198
0.9093203
0.9060683
0.887529
0.8991787
0.9080355
0.9139436
0.914578
0.9132649
0.9135854
0.9077092
0.909715
0.9146246
0.9060648
0.9004304
0.9088679
0.911133
0.8231764
0.8325242
0.9127545
0.9231495
0.9087359
0.8881794
0.8847428
0.9063878
0.9077452
0.833091
0.8367254
0.8383206
0.8366579
0.8950264
0.8949694
0.9023763
0.8978081
0.8997389
0.8313703
0.908687
0.9177403
0.9124421
0.9072048
0.9084998
0.9090322
0.9051857
0.9071172
0.9066171
0.8999604
0.8223093
0.8176516
0.9026884
0.8990756
0.8979156
0.8985831
0.8992615
0.8998138
0.8269009
0.9049834
0.7995255
0.8074873
0.8371308
0.8463395
0.9076305
0.9145181
0.9009556
0.9140603
0.8427381
0.8320296
0.846404
0.8074183
0.7912397
0.7879715
0.8961863
0.913882
0.9056973
0.9064159
0.9072136
0.8995557
0.8998138
0.9247193
0.8456487
0.9092326
0.9074623
0.9088537
0.9049076
0.9066609
0.915589
0.9042701
0.9144716
0.9055482
0.9064444
0.8740697
0.9027537
0.9046305
0.9140164
0.9042739
0.9108524
0.8629802
0.909642
0.9080248
0.8999353
0.914942
0.9134149
0.8671875
0.8613563
0.868031
0.9048731
0.9185128
0.9204454
0.9214902
0.9207921
0.9198235
0.9174396
0.8556674
0.8687776
0.91
0.8584447
0.9199402
0.9148368
0.904926
0.9096638
0.9214025
0.9254728
0.9051752
0.8963098
0.8962268
0.9112989
0.9114845
0.8984064
0.907759
0.9085126
0.9092143
0.8984613
0.9020275
0.9073169
0.9050583
0.9126489
0.9023768
0.9072316
0.9159301
0.9187302
0.9121861
0.9120134
0.8559028
0.906807
0.9122539
0.9101878
0.8567729
0.904465
0.9062689
0.91256
0.9016186
0.902133
0.8946223
0.9056725
0.9061764
0.9048289
0.9012132
0.9022736
0.9061649
0.9001601
0.9091137
0.9120341
0.9075852
0.9065916
0.893579
0.9081604
0.9066242
0.9095993
0.9079078
0.8962109
0.8989928
0.9067669
0.9242102
0.9165401
0.9078778
0.9095314
0.8268715
0.9061373
0.9236283
0.90728
0.910033
0.9164884
0.9053869
0.9129911
0.8912955
0.9046102
0.9097522
0.9186186
0.9102892
0.908911
0.8730299
0.9095743
0.9125133
0.9158885
0.910939
0.9128287
0.8683985
0.9130404
0.911624
0.901801
0.9174694
0.9131141
0.8661621
0.8576267
0.8697848
0.9078445
0.917294
0.9208374
0.9205689
0.9200181
0.9192783
0.9159511
0.8553872
0.8737482
0.9119794
0.8635719
0.9208202
0.9151415
0.911428
0.9124773
0.9198969
0.9291639
0.9089007
0.9019374
0.8999819
0.9128515
0.9119252
0.9031006
0.9120188
0.9150653
0.9139141
0.9006835
0.9030892
0.9124098
0.9139708
0.9130036
0.9084377
0.9119813
0.9162679
0.9198933
0.9131187
0.9174648
0.858156
0.9076172
0.9132246
0.9117543
0.8582418
0.9070024
0.9114366
0.9153338
0.9008392
0.901114
0.8963762
0.9084289
0.9079578
0.9089835
0.9035468
0.9068638
0.9066344
0.9043871
0.9136267
0.9162997
0.9099006
0.9087669
0.8928169
0.9153165
0.910348
0.911447
0.9099042
0.8993453
0.9001493
0.9141956
0.9180946
0.914586
0.9075556
0.9116772
0.8533483
0.9079966
0.926648
0.9129354
0.9084697
0.9224701
0.9044033
0.9183057
0.895764
0.9081926
0.9108943
0.9205665
0.9048046
0.8943376
0.8848288
0.906068
0.9006513
0.9187175
0.9072808
0.9154765
0.8709485
0.9175526
0.9060891
0.9079037
0.916102
0.9166843
0.8802812
0.8703478
0.8719247
0.9108267
0.9128189
0.9219538
0.9222852
0.9165144
0.9170237
0.9163412
0.8700624
0.8820917
0.9146621
0.8682353
0.9159097
0.9201553
0.9029577
0.9105258
0.9183913
0.9301953
0.9080251
0.8982012
0.89864
0.9155403
0.912346
0.8937966
0.904149
0.9074611
0.9077732
0.900831
0.9024345
0.908916
0.9109783
0.9113407
0.900759
0.9113546
0.9214605
0.9173998
0.9167256
0.9142553
0.8733688
0.9103593
0.9161423
0.9122113
0.8682724
0.9006044
0.9043202
0.9113262
0.9037983
0.9044715
0.9038911
0.9059093
0.9060614
0.904633
0.9077435
0.8985185
0.8969068
0.9013598
0.9073185
0.9141206
0.9158339
0.9112396
0.9040165
0.9073446
0.9027748
0.9082717
0.9021704
0.8862338
0.8897896
0.9100486
0.9218521
0.9116603
0.9076077
0.9125969
0.8681408
0.9059832
0.9226991
0.9058317
0.9127386
0.916304
0.9097033
0.9160305
0.8993635
0.9106189
0.9127419
0.920371
0.9018704
0.8910546
0.9194815
0.904439
0.8940444
0.9193046
0.9017421
0.9159712
0.9038724
0.9270363
0.9001817
0.9146148
0.913511
0.9177841
0.9164653
0.9069793
0.8941555
0.9127875
0.9241877
0.9252505
0.9262694
0.9247506
0.9244586
0.9249298
0.916393
0.9129092
0.916155
0.9058421
0.9246614
0.9198804
0.8977879
0.9040724
0.9206695
0.9352358
0.9170714
0.8913564
0.8898204
0.9158414
0.9046885
0.8950601
0.9019586
0.901458
0.900891
0.7906358
0.7927203
0.9159428
0.9056583
0.9168135
0.8950526
0.9119372
0.9256388
0.9252303
0.9166577
0.9203791
0.9132737
0.9114797
0.9164928
0.9208338
0.9055009
0.8913838
0.8996681
0.9186816
0.9068635
0.9058245
0.9099789
0.9113493
0.9105921
0.8986739
0.9143965
0.902909
0.8958458
0.8951523
0.904077
0.9217871
0.9238648
0.9135198
0.9209553
0.9032764
0.8935631
0.9061275
0.9001131
0.8917207
0.8886523
0.9158892
0.9234837
0.917293
0.9101458
0.9171952
0.9045034
0.910671
0.9329165
0.9026348
0.9145551
0.9208167
0.9161499
0.9233875
0.912344
0.9205374
0.916095
0.9271199
0.9148597
0.909965
0.9115557
0.9129676
0.9144578
0.9091231
0.9151795
0.9022945
0.9085607
0.9093289
0.9169062
0.8943652
0.9026041
0.9035147
0.912206
0.9026032
0.9094623
0.8952946
0.9057848
0.9111539
0.9113711
0.9040834
0.9040615
0.902374
0.907735
0.9117888
0.9000321
0.9035436
0.9078943
0.9106967
0.9112504
0.9182379
0.905957
0.9108456
0.9046346
0.913095
0.910546
0.9013657
0.9235554
0.9103971
0.9138146
0.9179244
0.9186544
0.9101214
0.9140656
0.9018065
0.9070259
0.9030152
0.9123243
0.9046582
0.908886
0.9096877
0.9023493
0.9012169
0.9017999
0.8973602
0.9026523
0.9038971
0.904203
0.9122502
0.9129514
0.8963123
0.8912822
0.8907434
0.8953329
0.905443
0.9056732
0.911026
0.8985382
0.9082503
0.9123572
0.9081441
0.9170711
0.9030104
0.8985637
0.897447
0.9000181
0.9214384
0.9102845
0.9161453
0.9138412
0.9034468
0.9037786
0.894887
0.9143258
0.9037666
0.9014644
0.9016793
0.9079912
0.9057901
0.9145488
0.9177258
0.9035831
0.9145311
0.9010949
0.9054347
0.8973319
0.9043826
0.8996481
0.9074202
0.8981005
0.8893163
0.9047842
0.9058819
0.8976469
0.9059585
0.898228
0.9119387
0.8866193
0.9139693
0.8998601
0.9000361
0.9121677
0.914008
0.9032862
0.8898095
0.8900467
0.9018258
0.9145103
0.9188299
0.9231629
0.916996
0.9164372
0.9149441
0.8890038
0.8940975
0.9071122
0.8894413
0.9146723
0.9156609
0.9014844
0.9070606
0.9192105
0.9269422
0.8980233
0.8380124
0.8462808
0.9116503
0.8863427
0.8881376
0.9007357
0.9046434
0.9036532
0.8884238
0.8822705
0.9074154
0.900414
0.9071275
0.8926595
0.907604
0.9101542
0.9188854
0.9140895
0.915311
0.890422
0.9010921
0.9145439
0.9084603
0.8857017
0.8981196
0.8937749
0.9056895
0.8972433
0.8980813
0.8891455
0.9000722
0.9000325
0.9012911
0.89689
0.8919675
0.8952862
0.89379
0.907218
0.9142867
0.9042649
0.9032095
0.8888807
0.9025981
0.9014069
0.9071111
0.9009783
0.884649
0.8827237
0.9091791
0.9177233
0.9056468
0.8951818
0.9138811
0.8903541
0.9000325
0.9239187
0.9063153
0.9078072
0.9121062
0.8998692
0.9137367
0.8839559
0.9023256
0.9088463
0.9198149
0.8944115
0.8870577
0.9058946
0.8959383
0.8912728
0.9147549
0.8928417
0.9024617
0.888791
0.9121617
0.895176
0.9013408
0.9080591
0.9045834
0.9015782
0.8920866
0.8892126
0.901106
0.911222
0.9208258
0.919993
0.9147657
0.9140174
0.9082897
0.8944716
0.8977343
0.9042701
0.8968589
0.9157623
0.9132452
0.8961964
0.9
0.9140076
0.9259233
0.9057808
0.839716
0.8347716
0.9025925
0.8911411
0.882871
0.896442
0.8965131
0.8961893
0.8865411
0.8869112
0.90158
0.8981083
0.9045529
0.8865844
0.9039273
0.9127776
0.9131836
0.9049046
0.9116018
0.899699
0.899071
0.9049335
0.9040668
0.8915873
0.8877217
0.8932594
0.9044843
0.8922864
0.8925162
0.8942921
0.8979394
0.898495
0.8928025
0.8957565
0.8942452
0.8906434
0.8899365
0.897309
0.9109273
0.9075639
0.901299
0.8987884
0.8980473
0.8924322
0.8986508
0.8954875
0.8784221
0.8824296
0.9024276
0.9169761
0.9004407
0.8961703
0.9065891
0.8937015
0.8985346
0.9217564
0.8944376
0.9074528
0.9052576
0.9065461
0.9103037
0.8942597
0.9055309
0.9032431
0.9153828
0.8972472
0.8909871
0.9060621
0.8999711
0.8953207
0.9090393
0.8980903
0.9081306
0.889851
0.9085491
0.900107
0.9033944
0.9058832
0.9081037
0.9017046
0.8932113
0.8837339
0.9002417
0.9110064
0.9157553
0.9179401
0.9174093
0.9161691
0.9110405
0.8994617
0.900404
0.9079382
0.8969042
0.9142248
0.9130312
0.8917103
0.8974591
0.9135713
0.9247447
0.9055964
0.8415504
0.8444453
0.907449
0.8903329
0.8887022
0.9021669
0.8991027
0.8988606
0.8886265
0.8887433
0.9045338
0.8974758
0.9072161
0.8959093
0.9064419
0.9153482
0.9133532
0.9081106
0.9136617
0.8961011
0.9003059
0.907712
0.9045091
0.8888403
0.8925144
0.8948939
0.906529
0.8941014
0.8944533
0.8911976
0.8969529
0.8973519
0.8999421
0.8954414
0.8937235
0.8968207
0.8901817
0.8979518
0.9099733
0.9081214
0.9011883
0.8949439
0.8972198
0.8958326
0.89602
0.8961664
0.8850674
0.8856162
0.9060922
0.9148637
0.9035533
0.8997053
0.9115378
0.8944633
0.8973519
0.9189142
0.8977962
0.9114906
0.9127788
0.9035255
0.9105882
0.8862459
0.904876
0.9101308
0.9169307
0.8795348
0.8641514
0.9019593
0.8855259
0.8704579
0.9083947
0.8774044
0.9078598
0.8879148
0.9185369
0.8795553
0.9037327
0.9000368
0.9092233
0.8986078
0.8995508
0.8786758
0.9022116
0.9151011
0.9145403
0.9151906
0.9160347
0.915036
0.9119018
0.900491
0.8996195
0.907107
0.8896136
0.9143327
0.9128776
0.8793654
0.8872771
0.9136635
0.9262078
0.9031006
0.8652161
0.8650498
0.9080376
0.898806
0.8696859
0.8820153
0.8844961
0.8836096
0.8815393
0.880979
0.9056583
0.8869972
0.903766
0.8770341
0.9068094
0.9163379
0.9126538
0.9091108
0.9099217
0.8986132
0.9017069
0.9085448
0.9111476
0.889175
0.8699467
0.8779467
0.9045771
0.8905941
0.8908282
0.8908014
0.892163
0.8928241
0.8833202
0.9005234
0.8792999
0.8701563
0.8666257
0.8840596
0.9108954
0.9052917
0.9012751
0.9024553
0.8837617
0.8738131
0.8838414
0.8756741
0.8619022
0.8615036
0.9014209
0.9134643
0.9049359
0.8937775
0.9084075
0.8884391
0.8927423
0.9217881
0.883646
0.9069793
0.9091237
0.9065682
0.9133365
0.8907246
0.9046869
0.9051945
0.9187735
0.9019298
0.8963229
0.9077522
0.9081062
0.9034515
0.906723
0.9013711
0.9075182
0.8962963
0.9118407
0.9034014
0.9040306
0.9138623
0.9095501
0.9021852
0.8934168
0.8948064
0.9055811
0.9140732
0.9196559
0.920852
0.9146024
0.9143501
0.91132
0.8905069
0.8942671
0.9103091
0.8967099
0.9149948
0.9127741
0.9029961
0.9109506
0.9171508
0.9233652
0.8991597
0.8550637
0.8559855
0.9071856
0.8995799
0.8957267
0.9065839
0.9095648
0.9089805
0.8935678
0.8916527
0.9087184
0.9048613
0.9087028
0.9017854
0.9076994
0.9110798
0.918692
0.9099438
0.9129401
0.8940129
0.9042973
0.9092364
0.9086294
0.8913922
0.9018678
0.8992942
0.9106247
0.8975159
0.8976695
0.8934578
0.9003269
0.8998923
0.905421
0.9009363
0.8987595
0.9006535
0.8982761
0.9077854
0.9106032
0.9044176
0.9073749
0.8889581
0.9094051
0.9041265
0.9092083
0.9035022
0.8922834
0.8955609
0.9085255
0.917992
0.9089842
0.898802
0.9113159
0.8966598
0.8999318
0.922391
0.9112198
0.9124646
0.9126364
0.9020704
0.9111781
0.8853831
0.9024889
0.9108008
0.9185071
0.9020206
0.8952333
0.9070158
0.9030807
0.8984485
0.9125953
0.9002828
0.9115094
0.8920758
0.9114175
0.8989117
0.9059567
0.9098358
0.9119492
0.8999892
0.8923183
0.8945843
0.901886
0.9139943
0.918179
0.9197898
0.9155518
0.9151477
0.9122417
0.8945024
0.8973655
0.9080684
0.8922993
0.9139672
0.9129258
0.8973424
0.9063027
0.9173688
0.9245553
0.9065094
0.8501312
0.8520205
0.9109519
0.8968418
0.8891807
0.8986616
0.9046851
0.9032293
0.8946623
0.8945234
0.9070886
0.9041214
0.9104875
0.9000611
0.9070812
0.9134892
0.9147838
0.9116073
0.9099246
0.8935914
0.9032061
0.911212
0.9038193
0.8919813
0.8954206
0.8958326
0.9081029
0.8958537
0.8967269
0.894002
0.9044283
0.9045817
0.9032572
0.9003167
0.8980549
0.9004267
0.8958409
0.9036729
0.9096756
0.910852
0.9039297
0.8953725
0.9024172
0.900752
0.9028458
0.9032776
0.8873945
0.8884207
0.909775
0.9192325
0.9073567
0.9022101
0.9107746
0.8950081
0.9046208
0.9238386
0.9034401
0.90678
0.9116405
0.9042928
0.9128358
0.8873505
0.9047364
0.9090164
0.9160037
0.915677
0.9128114
0.9175467
0.9121247
0.9161911
0.9147106
0.9142857
0.9056537
0.9093077
0.9164232
0.9145311
0.9078776
0.912619
0.9077031
0.9139683
0.9134157
0.9106696
0.9070599
0.916001
0.9184081
0.9218171
0.9196002
0.9193526
0.9183101
0.9101611
0.9153579
0.9052743
0.9144574
0.9195078
0.9134829
0.9132224
0.9159785
0.9188599
0.9224034
0.9090334
0.9108122
0.9143587
0.9058239
0.915557
0.9149146
0.9181057
0.9194985
0.9188225
0.9161314
0.9169878
0.910486
0.9119111
0.9144275
0.9122554
0.9119711
0.9181297
0.9174773
0.9068262
0.9157027
0.9103747
0.9096867
0.9079692
0.9143058
0.9077103
0.9117616
0.9148098
0.9152554
0.9069
0.9070205
0.905473
0.9162327
0.915426
0.9132401
0.9123307
0.9167079
0.9134492
0.9156575
0.9185452
0.9142797
0.9101775
0.9070878
0.8989751
0.9206377
0.9138316
0.9182434
0.9133396
0.9107405
0.9098844
0.9115287
0.9191888
0.9113946
0.9085853
0.9111345
0.9109199
0.9154639
0.9228178
0.9200224
0.9089123
0.9208802
0.9091134
0.9181635
0.9017899
0.9086012
0.9112767
0.9172874
0.8955687
0.8871836
0.907683
0.8961772
0.890552
0.9116754
0.8994629
0.902809
0.8906668
0.9119195
0.8971886
0.8952014
0.9061383
0.9038338
0.9042051
0.8936093
0.8899937
0.8986035
0.9068726
0.9150051
0.9159802
0.9107735
0.9097901
0.9070435
0.9026404
0.9021723
0.901527
0.8930368
0.9108488
0.9107074
0.8927549
0.8998377
0.9109406
0.9186978
0.9055003
0.8463474
0.8496066
0.9030184
0.8957698
0.8863096
0.8965206
0.8987761
0.8979386
0.896562
0.8946566
0.9027932
0.9015602
0.903334
0.8963417
0.9045084
0.9095104
0.9147846
0.9034906
0.9041649
0.9024399
0.8948927
0.9037933
0.9024478
0.8907835
0.8893805
0.8954849
0.9051038
0.8975816
0.8984137
0.8988415
0.8991636
0.8986901
0.8964191
0.8929968
0.8960973
0.8885204
0.8948022
0.8988971
0.9037995
0.9044317
0.8970907
0.8957031
0.900061
0.8937694
0.9001588
0.8967545
0.8837462
0.8859462
0.9032096
0.9154426
0.9048672
0.8997739
0.9034912
0.8943802
0.8986901
0.9161945
0.8966339
0.9053838
0.9138966
0.8995922
0.9070768
0.896688
0.904898
0.901664
0.9144719
0.8444553
0.8216167
0.9177106
0.8522971
0.8219073
0.9137409
0.8533507
0.9074948
0.9021409
0.9227011
0.8394988
0.9089618
0.9045851
0.9085524
0.9185743
0.9114611
0.892438
0.9074021
0.9098726
0.9147698
0.9178173
0.9170981
0.9164684
0.9100553
0.9220226
0.916463
0.9055593
0.9103574
0.915814
0.9152436
0.8432966
0.8513173
0.9143262
0.926359
0.914317
0.8842233
0.8843069
0.9063477
0.911602
0.8385207
0.8444226
0.8476749
0.8483858
0.9069699
0.9048092
0.9069834
0.8934613
0.9019013
0.8442385
0.9086065
0.9221307
0.9145851
0.9082494
0.9090006
0.9199886
0.9007888
0.9084719
0.9129
0.9071605
0.8373247
0.8415734
0.90784
0.9060663
0.9061872
0.9005682
0.90088
0.8999356
0.847239
0.9045524
0.8424642
0.8273708
0.8510131
0.8465597
0.9104916
0.9215239
0.9093759
0.9222816
0.8416965
0.8352277
0.8482779
0.8363973
0.836393
0.839877
0.9038523
0.9166084
0.9105006
0.9056745
0.911896
0.9045412
0.8998175
0.9268605
0.8463481
0.912884
0.9111056
0.914781
0.90623
0.9143607
0.9205736
0.9093332
0.9186318
0.8530157
0.8355449
0.9192976
0.8590941
0.8410469
0.915418
0.8584358
0.9136258
0.9040406
0.9258142
0.8528868
0.9128672
0.911746
0.9146744
0.9158984
0.9123569
0.8969898
0.9102983
0.9143325
0.9177033
0.9214718
0.9210407
0.9209795
0.912783
0.9174012
0.917337
0.9125119
0.9064694
0.9162997
0.9166405
0.8558283
0.8607995
0.9157095
0.9267312
0.9132103
0.8906757
0.8914026
0.9128843
0.9118452
0.8505592
0.856334
0.856011
0.8571375
0.9045505
0.9026727
0.90875
0.901899
0.9084258
0.8518574
0.9092839
0.9220325
0.9164912
0.9149452
0.9142052
0.9155595
0.9071627
0.9146693
0.9137901
0.9060561
0.8551506
0.8582448
0.9122194
0.9050395
0.904767
0.9050509
0.9060748
0.9062256
0.85473
0.9113386
0.8551525
0.8423685
0.854568
0.864747
0.9148353
0.9183222
0.9119824
0.9179422
0.8568144
0.8469407
0.8633395
0.8517913
0.843347
0.8451894
0.909178
0.9165651
0.9119357
0.9062877
0.9117522
0.9070996
0.9062256
0.9253407
0.8557857
0.9159013
0.9163154
0.9165459
0.9090395
0.9090091
0.9204036
0.910972
0.9186567
0.8432909
0.8152371
0.9108505
0.8439743
0.8265428
0.9123886
0.8561789
0.9020288
0.8977658
0.9176843
0.8361219
0.9011021
0.897865
0.9047806
0.907461
0.903007
0.8895656
0.8953665
0.9066916
0.9122918
0.9146418
0.912444
0.9116537
0.9086819
0.9126667
0.9114327
0.905169
0.9017284
0.9138788
0.9113406
0.8402738
0.8463112
0.9141321
0.920781
0.9085503
0.8848809
0.8793813
0.9018055
0.906178
0.8415679
0.8473666
0.8485294
0.849936
0.8949508
0.8964966
0.9031911
0.893535
0.8975843
0.8487816
0.9019622
0.9151162
0.9115349
0.9042021
0.9040939
0.9103361
0.899582
0.9041918
0.9104051
0.8993061
0.8346105
0.832066
0.9016941
0.893806
0.8942787
0.9004296
0.8985283
0.8983709
0.8407972
0.901591
0.8362874
0.8298286
0.8544951
0.8453179
0.9076358
0.9161206
0.8963271
0.9136961
0.8528166
0.837271
0.8444588
0.8385401
0.8251106
0.8245681
0.8976313
0.9156982
0.9021307
0.9031645
0.904322
0.9005243
0.8982917
0.9230153
0.8470699
0.9093202
0.9095499
0.9084714
0.9037699
0.9057887
0.913539
0.9015486
0.915508
0.8474359
0.8144767
0.9093828
0.844107
0.8320217
0.9077649
0.8548941
0.9032581
0.8942772
0.9189446
0.8344549
0.8972383
0.8999424
0.9048316
0.9105051
0.8986353
0.8860104
0.8953434
0.906123
0.9092028
0.9136983
0.9127968
0.912544
0.9048922
0.9085564
0.9086743
0.903541
0.8989107
0.9108001
0.9093893
0.8405412
0.8414847
0.9130088
0.9212013
0.905209
0.8828422
0.8809418
0.9028011
0.90882
0.8402455
0.8493228
0.8547438
0.854979
0.8952565
0.8897449
0.8996193
0.8933518
0.8979167
0.8493434
0.9060156
0.9142466
0.9079383
0.904136
0.9019854
0.9072039
0.8973332
0.9040474
0.9060429
0.8944886
0.8390403
0.836186
0.901747
0.8952301
0.8957834
0.893858
0.8977903
0.89799
0.8420371
0.9011301
0.833603
0.8234375
0.8499163
0.85339
0.9032697
0.9099131
0.8976193
0.9134701
0.8563693
0.8458866
0.8515248
0.8370491
0.8262839
0.8255637
0.9022032
0.9101203
0.9014362
0.8989968
0.9027633
0.8979673
0.8980296
0.9207645
0.8512801
0.9057948
0.9070138
0.9081684
0.9041345
0.9031294
0.9123499
0.8981195
0.9160003
0.8423384
0.81859
0.9156383
0.8462616
0.8268825
0.9129621
0.8568184
0.905166
0.9003779
0.9219237
0.8342028
0.9035468
0.904192
0.9063458
0.9128551
0.9086077
0.8886387
0.9017433
0.9062301
0.9137358
0.916495
0.9140867
0.9144836
0.9065924
0.9154692
0.9161128
0.9047042
0.9049063
0.9146721
0.9132911
0.8434077
0.842683
0.9137142
0.9243574
0.9107213
0.8867897
0.8806501
0.9046344
0.9097103
0.8414922
0.8489399
0.8493599
0.8503744
0.8994731
0.89839
0.902017
0.8965542
0.9036188
0.8482681
0.9038929
0.9191305
0.9117647
0.9051832
0.9075355
0.9160592
0.9026317
0.9056415
0.9125374
0.9061479
0.8369768
0.8401494
0.9051943
0.9014085
0.9019622
0.9027323
0.898893
0.8990519
0.8443811
0.9073736
0.8422642
0.822764
0.8514961
0.8475946
0.9063514
0.9174562
0.904025
0.9210311
0.8530777
0.8402301
0.8468765
0.8396949
0.8314577
0.8291452
0.9035742
0.913864
0.9026074
0.9003339
0.9055397
0.9025788
0.8990519
0.9222172
0.8470779
0.9095522
0.9113929
0.9117479
0.9060785
0.9130576
0.914075
0.9059147
0.9183
0.9075462
0.9003212
0.9206954
0.9139804
0.9055383
0.9231172
0.911923
0.9195022
0.9129499
0.9296063
0.9134077
0.9208924
0.9210137
0.9218399
0.9178585
0.9130404
0.9034746
0.9173111
0.9232693
0.9268419
0.9292807
0.9282989
0.9280139
0.9248188
0.9196948
0.9191544
0.9211522
0.9142469
0.926969
0.923026
0.9081811
0.9193211
0.92497
0.9372433
0.9167314
0.8894843
0.8908678
0.9198734
0.895602
0.9064115
0.9068619
0.9099138
0.9094087
0.9084023
0.90612
0.923614
0.9141524
0.9197553
0.9085303
0.9160421
0.9260737
0.9252258
0.9218405
0.9258377
0.9161848
0.9119812
0.9209611
0.9219433
0.9094516
0.9028236
0.9079036
0.9244965
0.9116028
0.9120014
0.9167406
0.9150096
0.9168373
0.9126269
0.9145302
0.9099015
0.9054549
0.9065299
0.9114461
0.9272384
0.9281018
0.9190901
0.9152948
0.9101799
0.9067466
0.9125174
0.9098061
0.9068631
0.9066119
0.9222582
0.9269858
0.9222698
0.9174435
0.9255092
0.9149862
0.9168755
0.9352943
0.9119533
0.9177779
0.9200698
0.9194755
0.9213787
0.9126781
0.9208914
0.92385
0.927116
0.9083593
0.9009501
0.9219756
0.9024006
0.9053559
0.8954756
0.9108231
0.8575598
0.9085571
0.906898
0.9056763
0.8762793
0.8351108
0.8615175
0.9176817
0.9150734
0.9103941
0.8589158
0.864358
0.8736262
0.8754589
0.867985
0.8673492
0.8718163
0.9203471
0.9172543
0.867376
0.9133945
0.8740461
0.8792222
0.903816
0.9048639
0.875156
0.8731083
0.8934303
0.9028433
0.9027598
0.8577819
0.9219559
0.9058328
0.909349
0.9059468
0.9064899
0.9208568
0.917999
0.8712379
0.8780452
0.8647249
0.9078663
0.8777418
0.8986173
0.8713555
0.8611694
0.8792302
0.9190079
0.8835413
0.8616575
0.8651051
0.9110646
0.8977496
0.9085172
0.8384363
0.8642076
0.8646262
0.8866282
0.885932
0.8863038
0.9047738
0.8859833
0.9106263
0.9038864
0.9087685
0.9079022
0.8599114
0.8930007
0.8602677
0.9133573
0.9094316
0.9052582
0.9065911
0.9065955
0.9021916
0.9059627
0.8304891
0.8847642
0.8698705
0.8935796
0.8795684
0.9128382
0.8864645
0.8876717
0.9082934
0.88093
0.8872963
0.8893957
0.8586615
0.9076341
0.8932352
0.8767088
0.881892
0.908354
0.9037884
0.9251438
0.9033444
0.9023166
0.8926928
0.9134126
0.8581382
0.9116253
0.9091612
0.9065598
0.8768946
0.838073
0.8601584
0.921481
0.91738
0.9153275
0.8560164
0.8683286
0.871806
0.8734788
0.8671761
0.8667055
0.8712932
0.9221155
0.9181118
0.8676814
0.9149615
0.8767973
0.8857511
0.9052987
0.9083256
0.8789911
0.8710241
0.8898339
0.9080719
0.9054403
0.8587814
0.9215514
0.9054411
0.9078714
0.9085791
0.9075729
0.9195855
0.9193449
0.8727299
0.8820875
0.8652859
0.9101763
0.8813179
0.9019608
0.8691377
0.8598107
0.8761316
0.9214255
0.8840181
0.8615566
0.8688741
0.9150903
0.9004704
0.9103528
0.835871
0.8652787
0.8640575
0.8864945
0.885237
0.8871734
0.9040297
0.8897859
0.9142949
0.9049146
0.9095036
0.9089814
0.8610303
0.8964593
0.8576305
0.9151161
0.9112309
0.903329
0.9079495
0.9050092
0.9051324
0.9063456
0.8327778
0.8851134
0.872559
0.8918105
0.8778157
0.9170551
0.8870532
0.8905039
0.9102977
0.8809661
0.8894628
0.8888567
0.8571745
0.9118163
0.8945993
0.8781401
0.8825954
0.9073772
0.9012836
0.9204195
0.9044233
0.9030787
0.8978126
0.9106576
0.8612216
0.914416
0.9073467
0.9076642
0.877557
0.8365519
0.8627776
0.9199874
0.9158658
0.9129998
0.8573875
0.8665915
0.8722114
0.8745765
0.8673302
0.8671066
0.8735027
0.9220972
0.918276
0.8693667
0.9147741
0.8742168
0.8782634
0.9045819
0.9067223
0.8756863
0.8709795
0.8912232
0.9065723
0.906488
0.8611521
0.9223294
0.9029971
0.9072796
0.9063989
0.90632
0.9241163
0.9203741
0.8762203
0.8803915
0.8664367
0.9053679
0.8796279
0.8995334
0.8701237
0.8632667
0.8803397
0.9206815
0.8830683
0.8640041
0.8668239
0.91113
0.9006426
0.9116137
0.8365414
0.8639163
0.8634489
0.8880151
0.8889169
0.8898842
0.9037379
0.8903007
0.9130218
0.9028396
0.909576
0.9090522
0.8579726
0.8926608
0.8585757
0.9127278
0.9070608
0.9027177
0.9089906
0.9070449
0.9034936
0.9052539
0.8287825
0.8851378
0.8705796
0.89137
0.8827474
0.914931
0.8898842
0.8891939
0.9081636
0.8816298
0.8896938
0.8909788
0.86085
0.9092315
0.8942856
0.8801905
0.8807184
0.897768
0.8881157
0.8880496
0.8953785
0.891943
0.911748
0.897301
0.9091006
0.8731131
0.9195435
0.8972767
0.9032189
0.9050083
0.9082955
0.8799471
0.8756085
0.8690916
0.9026363
0.911166
0.9169147
0.9202347
0.9189189
0.9189712
0.9142403
0.8853986
0.8862295
0.9091394
0.8759018
0.9141264
0.9166755
0.8932678
0.8938472
0.9132447
0.9295243
0.9075801
0.8884009
0.8944781
0.9090033
0.9073206
0.8913989
0.8962062
0.9010573
0.8990272
0.895331
0.897044
0.9081614
0.9005145
0.9036849
0.8875671
0.9025811
0.9199285
0.9124386
0.9081855
0.9112363
0.8841596
0.9032479
0.9079417
0.9137587
0.8674348
0.8881392
0.895964
0.9088666
0.9005513
0.9005483
0.899895
0.9046714
0.905296
0.893481
0.9005058
0.9013249
0.8873365
0.8981942
0.8945111
0.9112576
0.9202491
0.9025904
0.910859
0.899369
0.8926248
0.8950934
0.894412
0.8929035
0.888925
0.9013063
0.9150727
0.908156
0.9057896
0.9090552
0.869739
0.905296
0.9231333
0.8972007
0.9041758
0.9113302
0.908594
0.9099719
0.9076184
0.9081151
0.9049671
0.9148929
0.9190961
0.9127935
0.9265185
0.9146693
0.9162064
0.8908516
0.9148714
0.8768626
0.9176043
0.9036826
0.9206574
0.890861
0.8692148
0.8778956
0.9189425
0.9193408
0.9179898
0.8764221
0.8906167
0.8912423
0.8934051
0.8899808
0.89063
0.885219
0.9192816
0.9211279
0.8803821
0.9204198
0.8857901
0.7707189
0.9141574
0.9198979
0.8880952
0.8820724
0.8825157
0.9154989
0.9134919
0.8770131
0.9253643
0.9174444
0.9156529
0.9197727
0.9186075
0.9237485
0.9243133
0.8831332
0.8730929
0.8823107
0.9166841
0.8880733
0.8858839
0.8846402
0.8773905
0.8939086
0.9178747
0.883669
0.8779036
0.8812225
0.9187837
0.9106365
0.9136921
0.8681735
0.8861642
0.8864269
0.8789407
0.8823551
0.8813218
0.9163178
0.8802127
0.9160726
0.9135846
0.9145608
0.9143449
0.8779326
0.8940112
0.8784386
0.9107484
0.9225565
0.9159625
0.9175348
0.9173993
0.913376
0.9126004
0.8684057
0.7539973
0.8864344
0.8868973
0.8922352
0.9161112
0.881362
0.8978502
0.9135854
0.8873491
0.8765463
0.8802219
0.8746791
0.9068194
0.8896162
0.8889128
0.8848818
0.9189104
0.9124769
0.9237383
0.9163031
0.9168856
0.8931873
0.9169457
0.8749638
0.91898
0.8981731
0.9181556
0.8882429
0.873698
0.8775466
0.9173574
0.9157847
0.9182978
0.8752462
0.8903498
0.8918394
0.8930689
0.8884852
0.8883863
0.8899373
0.9163392
0.9189426
0.8789113
0.9184472
0.8872077
0.7679205
0.9162833
0.9205087
0.8873551
0.881134
0.8797183
0.9137974
0.914522
0.8750317
0.9249703
0.9170625
0.9184983
0.9193622
0.9187988
0.9243815
0.9231348
0.8850914
0.8745386
0.8818952
0.9158839
0.889351
0.885642
0.8843124
0.8787036
0.8936884
0.9157329
0.8836999
0.8779606
0.8819356
0.9142535
0.9140982
0.9131119
0.8679583
0.8858385
0.8854148
0.8801003
0.8806056
0.8804579
0.9168106
0.8809653
0.9174088
0.9144252
0.9169352
0.914336
0.8766076
0.8939491
0.878008
0.9085218
0.9209921
0.9178756
0.9162001
0.9173983
0.9135919
0.9145174
0.8702187
0.7526246
0.8851917
0.8875359
0.8961178
0.9151201
0.8804579
0.8995429
0.914339
0.8889803
0.8799814
0.8818703
0.8719067
0.9092569
0.889622
0.886918
0.883427
0.9270339
0.9226627
0.9228964
0.9262278
0.9270883
0.9033756
0.9203418
0.8912397
0.9162691
0.9078105
0.9283501
0.8927648
0.8919773
0.8922151
0.9193013
0.9165481
0.9212466
0.8867864
0.8995229
0.9033141
0.9026141
0.9007748
0.9001397
0.8969217
0.9131811
0.9168552
0.8937685
0.9192265
0.9007215
0.8979171
0.9215802
0.9265127
0.9054924
0.8938112
0.8963791
0.915964
0.9206938
0.8904954
0.9266445
0.9204115
0.9257228
0.9241118
0.9257115
0.9254187
0.924452
0.8978822
0.9045253
0.8955887
0.9226283
0.8968596
0.9024797
0.8889362
0.8918766
0.8978434
0.9110541
0.897037
0.8915513
0.8887226
0.9145818
0.9259667
0.9244009
0.8918593
0.8935571
0.8938227
0.8984881
0.9032869
0.9037842
0.9240269
0.8981157
0.9232109
0.9236045
0.9220779
0.9256692
0.8937825
0.8953768
0.8891385
0.9095614
0.9295644
0.9257004
0.9259118
0.9237844
0.9159806
0.918159
0.8947256
0.903931
0.8927043
0.9050722
0.8998486
0.917803
0.9037458
0.9068633
0.9260792
0.8980252
0.9075543
0.8960974
0.8928584
0.9022814
0.8966211
0.8980413
0.9052915
0.924774
0.9233154
0.9225831
0.92125
0.9252016
0.9031828
0.9229627
0.8787759
0.9166784
0.9021922
0.9237961
0.8871239
0.8855154
0.8795237
0.9151951
0.912975
0.9228195
0.8757444
0.8962963
0.8947738
0.8979249
0.8887943
0.8885776
0.8942386
0.9105731
0.9179829
0.8780987
0.9186618
0.8957027
0.8984306
0.9195663
0.9262935
0.895583
0.8874559
0.8952857
0.9186247
0.920554
0.8773922
0.9248555
0.9206859
0.9243429
0.9238799
0.9233252
0.9277121
0.9259009
0.8884444
0.9058486
0.8929586
0.9247014
0.893293
0.9008612
0.8844432
0.8793829
0.89582
0.9095511
0.8956695
0.8797325
0.8886859
0.9180912
0.9255967
0.919629
0.8802262
0.885079
0.8848572
0.8909632
0.9006115
0.9002226
0.9237557
0.8972654
0.9156444
0.919832
0.9193668
0.9275282
0.8874875
0.8925022
0.8765812
0.9034623
0.9310191
0.9264516
0.9271806
0.92199
0.9142015
0.9145581
0.8814898
0.9031672
0.89194
0.8964551
0.8934088
0.9131878
0.9002614
0.9028733
0.926602
0.8916557
0.9015716
0.8949945
0.8870323
0.9035739
0.8878635
0.8920394
0.8966757
0.9221451
0.9185318
0.9296595
0.9218358
0.9230236
0.9023628
0.9233558
0.8783672
0.9270233
0.9121916
0.9228547
0.8916358
0.8767222
0.8808865
0.9256393
0.9259989
0.9272236
0.8818284
0.8921261
0.8916552
0.8888183
0.8955992
0.8965893
0.8909394
0.9233786
0.9259234
0.8784157
0.927455
0.8921245
0.8975305
0.9212807
0.9235879
0.8940763
0.8889521
0.9062533
0.922745
0.9220159
0.8781146
0.9295345
0.9232645
0.9252965
0.9276929
0.9285517
0.9319511
0.928934
0.8896658
0.9040533
0.8927531
0.9250571
0.8851543
0.9063621
0.8801855
0.880102
0.892392
0.92461
0.8973858
0.8811344
0.8868439
0.92267
0.9254686
0.9222245
0.8795749
0.8973664
0.8973205
0.9063902
0.9004064
0.9005226
0.9226876
0.8970986
0.9246872
0.9216432
0.9212864
0.9250191
0.8839718
0.8999752
0.8805113
0.9196691
0.9262046
0.925007
0.9241022
0.9233131
0.9231483
0.9232012
0.8799495
0.8976466
0.8902343
0.9055694
0.8905971
0.9248151
0.9004061
0.9032832
0.9233788
0.8854327
0.9030578
0.8980551
0.8846759
0.9188282
0.9007882
0.89124
0.8928027
0.9100805
0.8984517
0.9116366
0.9092107
0.9042375
0.7397182
0.9017397
0.8833146
0.8986609
0.8891761
0.9101519
0.8857536
0.8780968
0.8798126
0.911669
0.899381
0.9067962
0.8759579
0.8925764
0.8948468
0.8985732
0.8931693
0.8935434
0.8909839
0.9023159
0.9028737
0.8831136
0.9028277
0.8962141
0.879674
0.9034737
0.910058
0.895547
0.9008638
0.7955708
0.8955956
0.9014599
0.8839153
0.9163801
0.897568
0.9081654
0.9121583
0.9123521
0.9056514
0.9021619
0.8878542
0.8616998
0.8892689
0.9054737
0.889642
0.8231197
0.8861075
0.8802395
0.8943988
0.9016819
0.8672589
0.8805515
0.8867665
0.8994325
0.8995241
0.905792
0.8766828
0.8825313
0.8820171
0.7212068
0.7850972
0.7828851
0.908581
0.8652105
0.9020873
0.9050459
0.9038711
0.9075696
0.8850758
0.8947009
0.8783216
0.8982775
0.9107244
0.9061376
0.9073089
0.9040119
0.8940534
0.8956516
0.8762347
0.8882528
0.8861847
0.7700511
0.8892377
0.9061856
0.7828371
0.9058786
0.9065217
0.8955816
0.8767802
0.8689518
0.8907098
0.8967063
0.8742458
0.8866326
0.8954171
0.9227266
0.9194679
0.9255539
0.9148676
0.9198769
0.9082922
0.9212246
0.8759543
0.917402
0.9081909
0.921177
0.8897917
0.8749505
0.8775035
0.9215673
0.9217391
0.9234646
0.8724976
0.8886624
0.8919694
0.89249
0.8887283
0.8886695
0.8871452
0.9233582
0.9191421
0.8820075
0.923387
0.8920873
0.8931327
0.9173005
0.9183666
0.8961281
0.8860557
0.9014588
0.9164532
0.9177732
0.8759821
0.9273355
0.9193896
0.9177635
0.9215354
0.9215774
0.9300717
0.929486
0.8903503
0.8908974
0.882527
0.9211671
0.8860286
0.9064372
0.8768017
0.8782478
0.8895629
0.9218136
0.8922717
0.8779134
0.8776259
0.920412
0.9172067
0.9217666
0.8779193
0.8870303
0.886653
0.8984184
0.9033683
0.904517
0.9205356
0.8950407
0.9261149
0.9178034
0.9210517
0.921232
0.8856472
0.9006678
0.8729304
0.9219239
0.922767
0.9190721
0.9227731
0.9184328
0.9156021
0.9157688
0.8799397
0.894606
0.881971
0.9085517
0.8868562
0.9219348
0.904517
0.8987527
0.921496
0.8894551
0.8966723
0.8983747
0.8801386
0.9130281
0.901861
0.8883671
0.8945158
0.9196696
0.9135974
0.9171906
0.9180242
0.9129093
0.8455706
0.9180482
0.8936389
0.9096142
0.8983123
0.9155741
0.8956837
0.8916214
0.8937933
0.9176315
0.9135962
0.9172311
0.8885134
0.8991093
0.8997832
0.900996
0.8962574
0.8962757
0.8992851
0.9133206
0.915231
0.893506
0.9126807
0.8971979
0.8809915
0.9156124
0.9217534
0.8988246
0.9013072
0.8456084
0.9148168
0.911843
0.8938009
0.923759
0.9163887
0.9186563
0.9214355
0.9221159
0.9217507
0.9185667
0.8968651
0.8758146
0.8945929
0.9175247
0.9022726
0.8548888
0.8947612
0.8935709
0.9029023
0.9145227
0.8767218
0.8937562
0.8949265
0.9102899
0.9143447
0.9170981
0.8867336
0.8898247
0.8896497
0.8276686
0.8384382
0.8375285
0.917659
0.8784004
0.9135894
0.9167523
0.9172139
0.9157234
0.8933224
0.8985739
0.8891202
0.9047094
0.9230502
0.9155114
0.9190978
0.916052
0.9078046
0.9105258
0.8893948
0.8871128
0.8947948
0.8561167
0.9025839
0.9178192
0.8375285
0.9074545
0.917244
0.898377
0.888948
0.8772223
0.896515
0.9041622
0.8840001
0.9004254
0.8984175
0.9127184
0.9120589
0.8866151
0.9116286
0.9111584
0.9221617
0.9116276
0.9183194
0.8489408
0.9215002
0.9113519
0.9148253
0.9173105
0.9193288
0.8853452
0.8796117
0.8831226
0.9137735
0.9205974
0.923999
0.9260729
0.9234272
0.9233657
0.9213123
0.884207
0.8892922
0.9172046
0.88191
0.9232364
0.9218495
0.9127765
0.9138635
0.9238089
0.9288937
0.9163117
0.9085741
0.9083321
0.9183093
0.9203906
0.9088213
0.9110471
0.9100473
0.9115955
0.9096637
0.9119784
0.9176872
0.9174666
0.9169744
0.9089003
0.914551
0.9231063
0.9221557
0.9194063
0.9200815
0.8750508
0.9137272
0.9192841
0.9249167
0.8822906
0.911264
0.9146496
0.9195612
0.9140936
0.9138349
0.9157037
0.9157408
0.9156915
0.9071818
0.914228
0.909919
0.9110815
0.9075007
0.9125031
0.9208921
0.9219435
0.913409
0.9106031
0.9151196
0.9080311
0.9128764
0.9150777
0.9054575
0.9048967
0.9177168
0.9232719
0.9210471
0.9161818
0.9192136
0.8852108
0.9157297
0.9277504
0.91154
0.9201247
0.9198732
0.9129352
0.9221215
0.9076584
0.9154726
0.9156601
0.9271633
0.9011242
0.8948086
0.8574416
0.9049039
0.8976262
0.912067
0.8968587
0.9120969
0.8599767
0.9136922
0.903071
0.9058887
0.9094958
0.9123441
0.8615756
0.8461162
0.8596624
0.9023706
0.9159029
0.9231009
0.9252207
0.9218445
0.9211804
0.912596
0.8549338
0.868343
0.9102432
0.8479581
0.917343
0.9140419
0.9025836
0.9039146
0.9169286
0.9278972
0.9039814
0.8850308
0.890307
0.9116563
0.9110268
0.8911745
0.8989108
0.9002841
0.9007551
0.8961541
0.8961777
0.9070986
0.9023556
0.9112695
0.8969407
0.9103544
0.9107067
0.9156363
0.9118866
0.9133331
0.8470392
0.9058062
0.9123783
0.9077071
0.6704303
0.8994823
0.9022658
0.9077236
0.8996964
0.8988955
0.8954954
0.8978609
0.8988119
0.9029116
0.900723
0.8989066
0.8987106
0.896979
0.9058044
0.9086383
0.9122533
0.9061773
0.8913107
0.9025848
0.8998037
0.9066762
0.8997174
0.8847933
0.8855833
0.9054131
0.9237167
0.9104298
0.9007639
0.9105905
0.8555058
0.8988119
0.918851
0.9040014
0.9086909
0.9126063
0.9082671
0.9170603
0.8885119
0.9101224
0.9114698
0.9182846
0.9115902
0.9037901
0.9191159
0.909428
0.9027532
0.8408542
0.9087946
0.8875112
0.9077514
0.9003313
0.9097503
0.8945832
0.8826751
0.8867452
0.9183858
0.9148125
0.9094189
0.8903485
0.891764
0.8940598
0.8969097
0.8934078
0.8935832
0.8936358
0.9191378
0.9191372
0.8920119
0.9127576
0.8923483
0.8851327
0.9064146
0.9112662
0.8951085
0.901462
0.8474055
0.9065321
0.9042599
0.8875894
0.9197617
0.9065589
0.9095075
0.9113555
0.9108587
0.9174824
0.915217
0.8945103
0.8570477
0.8871204
0.9102983
0.8927234
0.8531295
0.8910958
0.8868417
0.8949034
0.9185683
0.8685604
0.8862318
0.8893391
0.907825
0.9022405
0.9089095
0.88325
0.8896649
0.8906492
0.8196991
0.824947
0.8235361
0.9068687
0.8708336
0.9089198
0.9070649
0.9058186
0.9094562
0.891942
0.9029329
0.8921028
0.9160913
0.9110799
0.9048214
0.9086634
0.908954
0.9019739
0.9038421
0.8839932
0.8837027
0.8866061
0.8454846
0.8963421
0.9139601
0.8234916
0.9088601
0.9100356
0.8959175
0.8817715
0.8784456
0.8865677
0.9111943
0.8816685
0.8980034
0.8973126
0.9058844
0.9001911
0.9114152
0.9077961
0.8994332
0.8005249
0.9016335
0.8823551
0.8977707
0.8941805
0.9036802
0.883054
0.878899
0.8810479
0.9080245
0.9030757
0.9027216
0.8816306
0.8871841
0.8981113
0.8988677
0.8912061
0.8899615
0.8868741
0.9039386
0.9096029
0.8825181
0.9057743
0.8886171
0.8782049
0.9056972
0.9088749
0.8959293
0.9017333
0.7571549
0.8941113
0.8946301
0.8815414
0.9118752
0.8968439
0.9039926
0.9074264
0.9059529
0.9055259
0.9043373
0.8870823
0.8598554
0.8846528
0.9029026
0.8918909
0.7974576
0.8910497
0.8810272
0.892659
0.9094373
0.8657084
0.8806909
0.8848268
0.9000429
0.9002101
0.9031563
0.8745495
0.8769428
0.8776115
0.7652582
0.6199741
0.6197931
0.9062288
0.8668774
0.9048881
0.9008094
0.9006768
0.9080598
0.8816517
0.898325
0.8826601
0.9058962
0.9050283
0.9018021
0.9059351
0.9034322
0.8935845
0.8954911
0.8815274
0.8874068
0.8802603
0.808103
0.8923248
0.9066035
0.6194852
0.9041072
0.9040233
0.8925818
0.8795561
0.8722124
0.8816801
0.8972183
0.8818231
0.8909835
0.8947222
0.920362
0.9167447
0.9172833
0.9199692
0.9161193
0.8483183
0.9172373
0.8936321
0.9146079
0.895262
0.9176556
0.8950475
0.891972
0.8935505
0.9166667
0.915362
0.9152879
0.8945469
0.8971667
0.9020367
0.903818
0.8969878
0.8976661
0.8969458
0.9126478
0.9178676
0.8998202
0.9141587
0.8966483
0.8867147
0.918547
0.9204498
0.8965589
0.903882
0.8514267
0.9115622
0.9144818
0.8933613
0.9241098
0.9165585
0.9213855
0.9234722
0.9224671
0.9239624
0.9223343
0.8975995
0.8820422
0.8981845
0.9198775
0.9010962
0.8604795
0.8957343
0.8947424
0.9037411
0.9148479
0.8762775
0.8935134
0.8918368
0.9143289
0.9194666
0.916099
0.8902304
0.8965678
0.8969946
0.8362624
0.8436954
0.8422738
0.9187767
0.8744096
0.9183882
0.9152326
0.9172694
0.9189218
0.895516
0.9016405
0.8947462
0.9053578
0.9251496
0.9169843
0.9213789
0.9206855
0.9128002
0.9143274
0.8898281
0.892144
0.892664
0.8584864
0.9018735
0.9188146
0.8422738
0.9071734
0.9199805
0.8967299
0.8896129
0.8810067
0.8921101
0.909039
0.8829959
0.9020093
0.8992823
0.8990987
0.894848
0.9136227
0.8990809
0.8984518
0.8890089
0.8967358
0.8703547
0.9011586
0.9066884
0.9021975
0.8762483
0.857079
0.8707416
0.9129603
0.909385
0.9049398
0.86831
0.880731
0.8843645
0.8845382
0.8781761
0.8788076
0.8779488
0.9107027
0.9136289
0.8723995
0.9042867
0.8804414
0.8831628
0.8959957
0.8993949
0.8834358
0.8862085
0.8844843
0.8954522
0.8974984
0.8700044
0.9128574
0.895356
0.8994568
0.9015735
0.9016493
0.9113438
0.9101921
0.8747803
0.8797916
0.8669416
0.8982436
0.8727753
0.8971158
0.8744007
0.8715946
0.8862393
0.9090029
0.8817907
0.8710837
0.8772541
0.9007661
0.8933184
0.903617
0.8583166
0.8669069
0.8674967
0.8764107
0.8800131
0.8783113
0.8997256
0.8808245
0.9047344
0.895764
0.8985765
0.8983765
0.8718541
0.8935611
0.8676286
0.9080274
0.9019412
0.8939344
0.8994772
0.8998643
0.895252
0.8968899
0.8623891
0.8886897
0.8736592
0.879946
0.8792657
0.9024007
0.8783113
0.8931246
0.8971097
0.8785166
0.8828618
0.8894626
0.875849
0.9011425
0.8951099
0.8746607
0.886504
0.9100174
0.9005657
0.9226909
0.9016234
0.9011453
0.8968053
0.9106682
0.8634051
0.912572
0.9084679
0.9061617
0.8128305
0.864623
0.8649197
0.9221057
0.9185621
0.9106667
0.8635284
0.8838186
0.880023
0.8790671
0.8807658
0.8802616
0.8796511
0.9243513
0.9198716
0.8682696
0.9147185
0.883002
0.8862804
0.8992635
0.9048437
0.88406
0.8847474
0.8989917
0.9040052
0.9007459
0.8623721
0.9177096
0.9085128
0.9077488
0.9078774
0.908693
0.9198317
0.9195115
0.8821392
0.8815481
0.8661588
0.9044663
0.5240678
0.9010336
0.8593918
0.8660754
0.8780221
0.9214832
0.887257
0.8649744
0.8748624
0.9151569
0.9025122
0.9067692
0.8661676
0.8776598
0.8776306
0.8926323
0.8943414
0.8946631
0.903927
0.8891304
0.9090224
0.9027496
0.9090354
0.9032397
0.8714443
0.8991657
0.8631844
0.9200284
0.9050773
0.899884
0.9049701
0.9043679
0.9000568
0.9023396
0.8637105
0.8866002
0.8746072
0.8938413
0.8753658
0.9121901
0.8946631
0.8998053
0.9059844
0.8054286
0.8930941
0.891499
0.8697884
0.9090023
0.8933765
0.8793827
0.887511
0.8958626
0.8896562
0.9159774
0.892229
0.8953321
0.8909006
0.8977378
0.8467271
0.9065168
0.9027373
0.897869
0.8719756
0.8201716
0.8489168
0.9150853
0.9093979
0.9016477
0.8502463
0.8631305
0.870127
0.8712814
0.8669009
0.8671326
0.8615662
0.9192865
0.9168349
0.8546231
0.9083112
0.8710449
0.8750726
0.8902466
0.8961494
0.8704076
0.8657474
0.8891738
0.8938554
0.8932482
0.8457325
0.9142633
0.8984409
0.8983618
0.8999713
0.9005204
0.9116754
0.9114003
0.8637338
0.8616898
0.8494692
0.8936492
0.8656772
0.8963849
0.8633979
0.8488668
0.8710376
0.9201306
0.8716826
0.8485914
0.8727279
0.9084351
0.8905725
0.9006989
0.8242478
0.8591302
0.8582241
0.8758504
0.8763852
0.8773051
0.8941104
0.8792037
0.9017786
0.8931096
0.8951413
0.8998562
0.8367563
0.8922195
0.8511596
0.9145445
0.8977
0.8901047
0.9032478
0.8979906
0.890352
0.8893796
0.809596
0.877151
0.8625189
0.8816355
0.869714
0.9083028
0.8771821
0.8862699
0.8999389
0.8813836
0.8850885
0.883471
0.8559432
0.9052986
0.8892104
0.8687044
0.8758463
0.9097328
0.9037174
0.9134078
0.9060925
0.9036102
0.893649
0.9073753
0.8549219
0.9102178
0.9010481
0.906229
0.870331
0.8428147
0.8585234
0.9125163
0.9080545
0.9089237
0.8556278
0.8718553
0.8796379
0.8801724
0.8715803
0.872219
0.875236
0.9125943
0.9100512
0.8609596
0.9092633
0.8743554
0.8790558
0.9006416
0.9088544
0.872888
0.8661042
0.8833949
0.9015801
0.9033201
0.8541643
0.9162677
0.9041989
0.9069975
0.9108093
0.9111576
0.9125169
0.9141017
0.8668138
0.8778324
0.8616299
0.9078831
0.8766693
0.894383
0.8688488
0.8566927
0.8830462
0.9097704
0.8769743
0.8587077
0.8665781
0.9043889
0.9069933
0.9057132
0.831682
0.8558811
0.8560405
0.8781176
0.8841651
0.8840149
0.9053337
0.8765739
0.9092831
0.9054797
0.9057629
0.9135671
0.8481032
0.8873825
0.8575472
0.903423
0.9149866
0.9079051
0.9127839
0.9071899
0.9005605
0.9006597
0.8277402
0.8839299
0.8744251
0.8907348
0.8807056
0.9075428
0.8839341
0.8842139
0.9112176
0.8755507
0.884632
0.8825612
0.8558184
0.9022232
0.8821649
0.8781333
0.873646
0.9015
0.8979323
0.9208966
0.8962685
0.8981806
0.8918271
0.9045322
0.8402598
0.9102784
0.9056624
0.8997766
0.868986
0.7964716
0.8427211
0.9181508
0.9122075
0.906939
0.8346693
0.8500978
0.8572631
0.8592682
0.8512709
0.8514258
0.8554137
0.9179844
0.9204294
0.8456947
0.914678
0.8542721
0.8704767
0.8993726
0.9010146
0.8620017
0.8482356
0.8854614
0.9000217
0.8988235
0.8401669
0.919193
0.8993817
0.9020569
0.9039181
0.9034468
0.9180566
0.9197729
0.8478269
0.8626002
0.8426735
0.9021797
0.8642244
0.8910711
0.8510147
0.8432372
0.863499
0.9153338
0.8683106
0.8423086
0.8640497
0.9091718
0.8955245
0.9033722
0.7713169
0.8404441
0.839666
0.8796902
0.8738581
0.8737127
0.894714
0.8764263
0.9071152
0.8995462
0.9027512
0.90181
0.8147835
0.8893135
0.8370763
0.9165661
0.902287
0.8966017
0.9010192
0.9035713
0.8994608
0.9009634
0.7765792
0.8684211
0.8617002
0.8821246
0.8611881
0.9110405
0.8736304
0.8772626
0.9022454
0.871793
0.8770675
0.8773723
0.8321044
0.9032865
0.8893896
0.8592713
0.862121
0.9139997
0.9112765
0.9245105
0.9121514
0.9084051
0.8945624
0.9152732
0.8476634
0.9164506
0.9001383
0.9109546
0.8783651
0.8162615
0.8471378
0.9188365
0.9137542
0.9189555
0.8461625
0.8646997
0.8681696
0.8717292
0.8562971
0.8561553
0.8672573
0.9169507
0.9161641
0.8515211
0.9190623
0.865151
0.8715487
0.9073081
0.9118741
0.8633762
0.8423903
0.8870085
0.9079046
0.9084462
0.8463749
0.923863
0.9103279
0.9134952
0.9152578
0.9160241
0.9245602
0.9236191
0.8609626
0.8783759
0.8526913
0.9140069
0.8720038
0.8921475
0.8614682
0.8472176
0.8680179
0.9145718
0.880253
0.8474583
0.8663279
0.9162344
0.9095925
0.9117988
0.7990038
0.857276
0.8565828
0.8833473
0.8839563
0.8853772
0.9106819
0.8847701
0.913633
0.9109884
0.9098452
0.9150145
0.8289947
0.8913239
0.8485926
0.9129909
0.9156978
0.9112278
0.9132006
0.9127993
0.9088866
0.9113516
0.7918857
0.8769203
0.8687619
0.8904307
0.8686854
0.9142345
0.8853772
0.8754777
0.9161645
0.8747093
0.8820616
0.8886676
0.8358293
0.9056889
0.8850712
0.8616998
0.8634489
0.9134798
0.9091931
0.9249234
0.909855
0.9068046
0.8949989
0.912775
0.8479926
0.9191465
0.9061774
0.9078786
0.8821636
0.822569
0.8496526
0.9235915
0.9149534
0.9164973
0.8520909
0.8573988
0.8693549
0.8710736
0.8618308
0.8608155
0.8595777
0.9242093
0.9257113
0.8552302
0.9186125
0.8587087
0.8748016
0.9059358
0.909423
0.8699242
0.8448398
0.8925581
0.90789
0.9080402
0.8477371
0.9251086
0.9127403
0.9135114
0.9139346
0.9135537
0.922897
0.9235051
0.8590822
0.8790576
0.8532657
0.9121472
0.8699784
0.9025179
0.8529128
0.8482764
0.8696733
0.9235557
0.885013
0.8497994
0.8654964
0.9149852
0.9091519
0.9116646
0.7987795
0.8569939
0.8558317
0.8890935
0.8876295
0.8871583
0.9077926
0.8865607
0.9150371
0.9088985
0.9113441
0.9100368
0.8330254
0.8926831
0.853634
0.9188407
0.9142636
0.9090682
0.9116772
0.9123588
0.9099412
0.9099219
0.7902935
0.8758156
0.8692572
0.8927855
0.866652
0.9178595
0.8871182
0.8761154
0.9094611
0.8784043
0.8839631
0.8883585
0.8421839
0.9072902
0.8915671
0.8617092
0.8674707
0.9084579
0.9020411
0.9181057
0.9033787
0.9029371
0.8916771
0.9066136
0.8578215
0.91157
0.9057693
0.9040884
0.8745999
0.8389958
0.8563467
0.9185465
0.9122109
0.9111119
0.8549335
0.8639765
0.8720089
0.8717727
0.8582207
0.8578703
0.8621383
0.9192266
0.9191115
0.8622963
0.9131314
0.8650868
0.8765477
0.9041237
0.9048568
0.8706592
0.8692582
0.8884145
0.9032756
0.9050009
0.8572851
0.9234867
0.9018753
0.9040151
0.9060141
0.9064394
0.9231681
0.919784
0.8657898
0.8820323
0.8570112
0.9048699
0.8718827
0.8992494
0.8576749
0.8559566
0.87359
0.9160151
0.8828297
0.8552223
0.8716495
0.9121555
0.9012908
0.9089983
0.8317912
0.8659581
0.8646569
0.8812137
0.8852583
0.8848675
0.903084
0.8829259
0.9079586
0.9066777
0.9070325
0.9050934
0.8503507
0.8929492
0.8556582
0.9127474
0.9106401
0.9019051
0.9054891
0.9056198
0.9022697
0.9044906
0.828182
0.8792905
0.8666618
0.8890764
0.8699353
0.9089371
0.8848273
0.8811867
0.9080443
0.8782436
0.8829212
0.8870238
0.8559306
0.9068339
0.8901647
0.8704631
0.8710239
0.9098822
0.9041933
0.9226628
0.9059805
0.9054131
0.9012114
0.9107231
0.8597959
0.9158669
0.9069153
0.9073488
0.8828617
0.8335415
0.8592937
0.9241473
0.9183974
0.9143859
0.8577323
0.8763818
0.876132
0.8773927
0.8716395
0.872031
0.8718954
0.9218452
0.9214083
0.8641378
0.9188654
0.8735152
0.8823529
0.9026227
0.9070264
0.8774712
0.8618486
0.8969701
0.9066437
0.904082
0.8587145
0.9229877
0.906709
0.9091715
0.9077496
0.9081752
0.9229273
0.9222958
0.8702857
0.8815147
0.8584822
0.9090426
0.8745853
0.9022474
0.8645114
0.8597449
0.8746493
0.9211929
0.8890492
0.8603597
0.8741543
0.9148117
0.9058707
0.9099163
0.8221374
0.8635353
0.8615036
0.8888326
0.8874473
0.8881771
0.9042047
0.8904312
0.9143609
0.906708
0.9100726
0.909816
0.8450441
0.9014987
0.8581558
0.9167198
0.9114089
0.9066514
0.9108405
0.9096542
0.9047653
0.9085162
0.823853
0.8875831
0.87505
0.8948725
0.8721903
0.9189804
0.8882971
0.8837592
0.9089684
0.8795861
0.8881591
0.8937865
0.8524852
0.9126993
0.8948858
0.8718118
0.8764137
0.9041325
0.903678
0.9207535
0.9056206
0.9020056
0.8922351
0.9065973
0.8450467
0.9060996
0.8995273
0.9041009
0.865587
0.8103615
0.8450773
0.91289
0.90863
0.9077372
0.8456502
0.8570328
0.8614869
0.8682187
0.8590116
0.8592051
0.8599728
0.9181469
0.9146324
0.8526882
0.91376
0.8653546
0.8731925
0.8999355
0.9069809
0.8692829
0.8529063
0.885836
0.8985187
0.8991931
0.8462114
0.914754
0.9052556
0.9076934
0.907589
0.9080153
0.9169268
0.9137342
0.854436
0.8724101
0.8484747
0.9049246
0.8694057
0.8918332
0.8564811
0.8454175
0.8747126
0.9153428
0.875032
0.845141
0.8654066
0.9071599
0.9044992
0.9083754
0.7963513
0.8432669
0.8414431
0.8728683
0.8809455
0.8813652
0.9035254
0.8794311
0.9072427
0.9046862
0.9044208
0.9047585
0.8275508
0.8879223
0.8453585
0.9094156
0.9067755
0.8975325
0.9060937
0.9064125
0.8999397
0.9
0.7917535
0.8751899
0.8623867
0.883474
0.8642681
0.9106266
0.8813652
0.8750452
0.9059716
0.8743947
0.8801945
0.8821362
0.8418013
0.9030588
0.8861492
0.8649655
0.8675113
0.8378849
0.7721111
0.9124579
0.831626
0.7883287
0.914623
0.8444836
0.9032247
0.9008396
0.9258113
0.8118257
0.9016007
0.9030667
0.9046365
0.9092071
0.9077098
0.8894402
0.896773
0.9116349
0.915718
0.9195849
0.9127672
0.9135452
0.9106753
0.916176
0.914236
0.9024147
0.9031386
0.9134739
0.9097173
0.8262236
0.8325379
0.9125653
0.9213672
0.9119415
0.8834616
0.8822706
0.9022999
0.9074764
0.8329703
0.8455505
0.8424489
0.8425087
0.9004766
0.8968313
0.9043038
0.8981431
0.9006176
0.8348453
0.9091554
0.9163349
0.9130558
0.9040214
0.9079999
0.9109481
0.9046854
0.904518
0.9087252
0.8946075
0.8216575
0.8259182
0.9031302
0.8986145
0.8984104
0.8961747
0.8970256
0.8981734
0.8271923
0.9031889
0.8058066
0.8104418
0.8430341
0.8453359
0.9088363
0.9149364
0.8971303
0.9201418
0.8446098
0.832673
0.8452232
0.8128344
0.7906913
0.7942735
0.8969599
0.911936
0.9051598
0.9068113
0.9070247
0.8995705
0.8981734
0.9223911
0.840577
0.9093899
0.9115314
0.9080776
0.9040589
0.9093501
0.9152399
0.9078264
0.9143565
0.9036424
0.8961864
0.9173271
0.9002155
0.8967807
0.8857801
0.9038605
0.8415838
0.9036362
0.9082022
0.9052026
0.8676546
0.7981938
0.8422634
0.9155213
0.9072561
0.9066936
0.8478686
0.8557038
0.8619633
0.8634177
0.851893
0.8525148
0.8579326
0.9188315
0.9195572
0.8504388
0.9125473
0.8628151
0.8687086
0.895116
0.9031657
0.8662971
0.8566515
0.8861592
0.9018757
0.8988878
0.8406647
0.9184685
0.8961498
0.8999175
0.9035551
0.9022202
0.9145125
0.9156556
0.8550881
0.864914
0.8463293
0.901736
0.8633813
0.8948341
0.8533066
0.842042
0.8678378
0.9141738
0.877284
0.8417634
0.8616023
0.9102518
0.8962596
0.9007862
0.8111386
0.8546224
0.8549953
0.8723592
0.8725835
0.8735515
0.8989582
0.8791807
0.9041569
0.8996112
0.9027392
0.9038771
0.833573
0.8921682
0.8477053
0.9135561
0.9028223
0.8973447
0.9027006
0.9034045
0.8990943
0.8993503
0.8152463
0.8705185
0.8609367
0.885736
0.8634937
0.9086044
0.8734691
0.8819492
0.9029789
0.8722892
0.8756107
0.8858359
0.8445784
0.9067601
0.8871172
0.8656584
0.8672113
0.9121576
0.9081772
0.921106
0.9041237
0.9058169
0.896395
0.9123355
0.8619841
0.9092467
0.9057734
0.9102304
0.8797189
0.8503221
0.8623654
0.9190513
0.9161139
0.9118216
0.8642385
0.870723
0.8784103
0.8804663
0.8745258
0.8744672
0.8721322
0.9172868
0.9189351
0.8683654
0.9167934
0.8776182
0.8878271
0.9038537
0.9081647
0.8778125
0.87652
0.8936893
0.9101332
0.9099707
0.8622501
0.924484
0.9052812
0.9080207
0.9097689
0.9100389
0.9198442
0.9226319
0.8704035
0.881124
0.8361512
0.9077402
0.8836739
0.8964079
0.8693667
0.8617256
0.8750045
0.9156426
0.8867278
0.8613337
0.8744296
0.9105075
0.9072023
0.9087744
0.8425014
0.8684404
0.8675651
0.8866655
0.8927523
0.89248
0.9071897
0.8817384
0.9116569
0.9082131
0.9127586
0.9094385
0.8596743
0.9018333
0.8637705
0.9121386
0.91011
0.9070175
0.9106541
0.9077432
0.9044351
0.9045709
0.8353852
0.8849646
0.8766279
0.8902251
0.8737839
0.9184066
0.8923611
0.8856827
0.9089396
0.8858436
0.8868153
0.889186
0.8623247
0.9073495
0.8893999
0.8737783
0.881584
0.9116908
0.9078882
0.9168398
0.9047551
0.9069941
0.8912327
0.910374
0.8507313
0.9057411
0.8957902
0.9118627
0.8726627
0.8327957
0.8518794
0.9167898
0.9092843
0.9157507
0.847657
0.8632647
0.872159
0.8727779
0.8644961
0.8638975
0.8657863
0.9134749
0.9158594
0.8560967
0.9142227
0.8611952
0.8780144
0.9024852
0.9110937
0.8637167
0.855213
0.8807286
0.9024875
0.9009758
0.8507357
0.9214898
0.9050157
0.9060149
0.9107599
0.9111466
0.9181446
0.9199002
0.8607179
0.8773917
0.8176978
0.9110057
0.8729009
0.894108
0.8562424
0.8503743
0.8723062
0.9134879
0.880137
0.8509569
0.8599525
0.9087511
0.904689
0.9090652
0.8197287
0.8529059
0.8522441
0.8758251
0.8861089
0.8847893
0.9067754
0.8775309
0.9103655
0.9090975
0.9070528
0.9103916
0.8353034
0.8879099
0.8523199
0.9091786
0.9137104
0.9080922
0.9120762
0.9098797
0.9035109
0.9033376
0.8149491
0.8800764
0.8675402
0.8841876
0.8711557
0.9120088
0.884749
0.8829799
0.9120556
0.8776059
0.8796944
0.8845636
0.8463119
0.9037675
0.8834705
0.8674078
0.8656219
0.9038544
0.8923633
0.9207743
0.8993598
0.9005833
0.8988
0.9055104
0.8530637
0.9060982
0.9015881
0.8982502
0.8769068
0.8297337
0.8536567
0.916041
0.9142998
0.907028
0.8479389
0.8598446
0.8682759
0.8695952
0.8651171
0.8650172
0.8612398
0.918087
0.9172146
0.8577344
0.915008
0.8575195
0.879808
0.8973529
0.9019228
0.8598855
0.8730715
0.8813941
0.8985455
0.8987819
0.8518312
0.9191437
0.9002914
0.9006815
0.9003904
0.9003082
0.9154443
0.9150878
0.8636129
0.8687694
0.8547548
0.9032799
0.874186
0.8955919
0.8630258
0.8540737
0.8740857
0.9122582
0.8772443
0.8537166
0.8681862
0.9082513
0.8979738
0.9041553
0.8225208
0.857223
0.8567844
0.8786758
0.8780488
0.8785959
0.8994881
0.8795515
0.9070862
0.900984
0.9024381
0.9023631
0.843054
0.8916991
0.848511
0.9142359
0.9039325
0.8939857
0.905975
0.8989622
0.9000462
0.899325
0.8218042
0.8847978
0.8692446
0.884975
0.8667526
0.9089717
0.8785959
0.8846002
0.9051887
0.8806295
0.8807584
0.8860045
0.85981
0.9020974
0.8891337
0.8677007
0.8635399
0.9161563
0.9113671
0.9195144
0.9108531
0.9150315
0.8906105
0.9142998
0.849907
0.9193874
0.9004966
0.913863
0.867572
0.8224117
0.8486136
0.9144014
0.916139
0.918705
0.8531576
0.861243
0.8663088
0.8656548
0.8568644
0.8562599
0.8621789
0.9137267
0.9176711
0.8556122
0.9158593
0.8578002
0.8717828
0.910882
0.9149282
0.8632368
0.838931
0.8876886
0.9097941
0.9125513
0.8497394
0.9258857
0.9170789
0.9153135
0.9189322
0.918442
0.927479
0.9241836
0.8594708
0.8821707
0.8533907
0.9170768
0.8735166
0.8909661
0.8543985
0.8489069
0.8700761
0.9155899
0.8816712
0.8492329
0.8656023
0.9140664
0.9133364
0.9143699
0.8084531
0.8590422
0.8596289
0.8785709
0.8860083
0.885938
0.9077802
0.8796489
0.9143833
0.9167946
0.9161419
0.9168664
0.8261498
0.8878471
0.8547426
0.9068636
0.9192475
0.914579
0.9186596
0.9165062
0.9072869
0.9098758
0.8092105
0.8736202
0.8680856
0.892702
0.8680492
0.9145179
0.8858576
0.8787454
0.9164111
0.873102
0.8858186
0.8810054
0.8418983
0.9054629
0.8854313
0.8687447
0.8620851
0.9061745
0.9057083
0.9186712
0.9048163
0.9046027
0.8934894
0.9103499
0.8602757
0.9100662
0.9079634
0.9068957
0.87916
0.8389942
0.8584257
0.918164
0.9106499
0.9142049
0.8655558
0.875275
0.8801061
0.8830407
0.8736274
0.874099
0.8734352
0.9162667
0.919034
0.8623641
0.9125699
0.8748381
0.8804144
0.9045446
0.9129203
0.8736925
0.8709948
0.8890368
0.90869
0.9084098
0.8604994
0.9205006
0.905194
0.9051776
0.9070213
0.9061656
0.9197526
0.9153188
0.8684461
0.8839884
0.8614007
0.9070782
0.8781322
0.9000424
0.8750364
0.8589204
0.8795789
0.9175408
0.8875194
0.8590733
0.8731089
0.9110133
0.9074304
0.9059971
0.8348132
0.8629649
0.8615224
0.8860057
0.8870409
0.8864481
0.9062478
0.8871761
0.9067876
0.9058883
0.9093025
0.9073844
0.8490552
0.8922696
0.8679287
0.9145029
0.9122263
0.9066202
0.908019
0.9075473
0.9040762
0.9035936
0.8229916
0.8837877
0.8746676
0.891855
0.8788991
0.911253
0.8863276
0.8815889
0.9069213
0.8816812
0.8848483
0.8910261
0.8612052
0.9089568
0.8995004
0.8783267
0.8769193
0.924168
0.9199641
0.9274063
0.9184585
0.9237024
0.9070758
0.9222859
0.8804531
0.9244393
0.9091448
0.9198209
0.892715
0.8816466
0.8792701
0.9237868
0.9214613
0.9262855
0.8809309
0.8900324
0.8926817
0.8931266
0.8855713
0.8862241
0.8892667
0.9182039
0.9244001
0.881419
0.9241283
0.8802382
0.8938903
0.9191504
0.9203706
0.8797384
0.885528
0.896459
0.9229045
0.9238735
0.8799627
0.932194
0.9248428
0.9267137
0.9255073
0.9258107
0.9316814
0.9291612
0.8945278
0.8992218
0.888786
0.9242073
0.893376
0.9018889
0.8837043
0.8799742
0.8954288
0.9242408
0.8944917
0.8798406
0.8893337
0.9230155
0.9233165
0.9230504
0.8777113
0.889499
0.8899623
0.897949
0.9057386
0.9072302
0.9217191
0.8969889
0.9247304
0.9230931
0.9229585
0.9262142
0.8817983
0.9006777
0.8808262
0.9165731
0.926615
0.9244485
0.9273886
0.9210908
0.9152976
0.9189785
0.8740988
0.8996219
0.8864107
0.9064869
0.8943557
0.9235207
0.9073451
0.89547
0.9243564
0.8946028
0.9053108
0.8921113
0.8849807
0.9147452
0.8981072
0.8956633
0.8792753