0.9247408
0.9250436
0.9256786
0.9278373
0.9240936
0.9236576
0.917943
0.8995999
0.9218942
0.9009375
0.8984239
0.8990718
0.9086166
0.8991389
0.9058782
0.912634
0.908689
0.9121717
0.9072219
0.8993298
0.9015221
0.903792
0.9365833
0.9083018
0.9116775
0.910798
0.9108005
0.9265639
0.9140159
0.9170613
0.9191171
0.9220239
0.927365
0.919746
0.9041932
0.9197469
0.9207321
0.9224578
0.9253731
0.9249175
0.9217267
0.927308
0.8955891
0.835716
0.8961502
0.9103149
0.9060345
0.9196333
0.920267
0.9259835
0.9056754
0.9352909
0.9094305
0.9033349
0.9023235
0.9167444
0.9208975
0.9191926
0.91862
0.8905863
0.9220862
0.9197111
0.9058511
0.9105336
0.919379
0.9217005
0.9091139
0.9077257
0.9074013
0.9034602
0.9174853
0.921906
0.9184507
0.9060172
0.9026109
0.9136579
0.897142
0.9262665
0.9058703
0.8994366
0.9188856
0.9112733
0.902193
0.8954602
0.8979055
0.8864263
0.8919321
0.8942397
0.8964016
0.8901939
0.9009412
0.8874042
0.9193138
0.9180052
0.9041026
0.9068525
0.9189723
0.9183219
0.914379
0.9008949
0.8915258
0.8894735
0.8919946
0.8910562
0.8877672
0.8906267
0.8477995
0.9045159
0.9137021
0.9015098
0.8968146
0.8978885
0.8096355
0.9008648
0.8903923
0.7831145
0.9053119
0.9137353
0.9024788
0.8989251
0.8904465
0.8949833
0.8695448
0.8987874
0.8763482
0.9051743
0.9121055
0.8997526
0.8880861
0.8865643
0.8881009
0.8918396
0.8923669
0.8827925
0.9024706
0.8882048
0.8884011
0.8887703
0.8923301
0.8901291
0.8906379
0.892751
0.9041307
0.9112127
0.8984308
0.7808462
0.8983765
0.8849516
0.8860931
0.8987172
0.9025183
0.919724
0.9036538
0.90349
0.849051
0.8371283
0.841111
0.7276603
0.8112991
0.8966168
0.8026533
0.9221869
0.912414
0.9095969
0.9136447
0.8451844
0.858078
0.8546535
0.9081451
0.90322
0.8904478
0.8987542
0.89401
0.8757939
0.90333
0.4416002
0.9020788
0.8857624
0.9016811
0.8997009
0.9176608
0.9099013
0.8981346
0.9003647
0.8993231
0.8927907
0.8903186
0.8964447
0.9010082
0.8920827
0.9007304
0.8901702
0.8345483
0.8412302
0.8076285
0.7618203
0.8787253
0.8855847
0.8914704
0.905642
0.8876696
0.8868413
0.8895734
0.8889928
0.8861618
0.888957
0.8456924
0.9014471
0.9138951
0.9012399
0.89752
0.8967744
0.8042931
0.8997236
0.8908677
0.7772301
0.9043886
0.913856
0.8997667
0.8987633
0.8898535
0.8940001
0.8705098
0.8994471
0.8775792
0.9047191
0.9090714
0.8963861
0.8883269
0.8862802
0.8879036
0.8929277
0.8938458
0.8796121
0.9014864
0.8894031
0.8890002
0.8868269
0.8917138
0.8906529
0.8897289
0.8913105
0.9031164
0.9074697
0.8995675
0.7772801
0.8975238
0.8848233
0.8860483
0.8995126
0.9012806
0.9172992
0.906351
0.9029109
0.8474933
0.8366097
0.8420836
0.7226075
0.8068681
0.8947138
0.8051738
0.9211348
0.9065468
0.9043338
0.9117486
0.8469411
0.8526468
0.8513539
0.9068036
0.9028768
0.8902171
0.8962565
0.8925114
0.8760022
0.8980819
0.4699921
0.9002172
0.8856763
0.8999856
0.8961477
0.9163367
0.905856
0.8989986
0.8995841
0.8966504
0.8926452
0.8860334
0.8921807
0.898483
0.8935437
0.8995133
0.8907896
0.8361693
0.8414657
0.804809
0.7611167
0.8798766
0.8858195
0.889436
0.8999236
0.8978994
0.9003134
0.8991971
0.9000106
0.8973887
0.8990628
0.855423
0.9226241
0.9204061
0.9189556
0.9178025
0.9157384
0.8476018
0.9195952
0.9088176
0.8058129
0.9200587
0.9196472
0.9109484
0.9189208
0.9100373
0.915487
0.8768989
0.9069516
0.8955674
0.9159099
0.9191047
0.9034302
0.9072845
0.8979462
0.8980666
0.8974459
0.9010367
0.8985256
0.9174607
0.9018898
0.8990342
0.9016353
0.904292
0.9008421
0.9031031
0.9048315
0.9203403
0.9241129
0.9198888
0.8100241
0.9124833
0.9008877
0.9011423
0.9080222
0.917111
0.9196904
0.9249775
0.9154281
0.879296
0.8523904
0.8574615
0.8300255
0.8466165
0.9147751
0.7839516
0.9264108
0.9193185
0.9200014
0.9206809
0.869975
0.8791378
0.8780181
0.9222249
0.9252476
0.8997066
0.9067305
0.9062543
0.8918832
0.9222184
0.8293752
0.9208147
0.8975335
0.9177573
0.9144119
0.924527
0.9264925
0.9200223
0.9210272
0.9216401
0.9186174
0.9170708
0.9203326
0.9186469
0.9184075
0.9209493
0.9180316
0.8596997
0.8544596
0.8432947
0.8013258
0.8985758
0.9015688
0.9009827
0.9147287
0.8969513
0.8996407
0.8993388
0.8990259
0.8960082
0.8980747
0.8569236
0.9222654
0.9206825
0.918599
0.9171019
0.9149635
0.8480671
0.9201046
0.9089512
0.8046707
0.9197009
0.9199303
0.910854
0.9171246
0.9107871
0.9156614
0.8753258
0.9061355
0.8959456
0.9155872
0.9193899
0.9033387
0.9073072
0.8986708
0.897821
0.896416
0.9010611
0.8982002
0.9174428
0.9021838
0.8995613
0.9012372
0.9033215
0.9005579
0.9018122
0.9035201
0.9203978
0.9248211
0.9189321
0.8084822
0.9123928
0.9012958
0.9012816
0.9075245
0.9161556
0.9202958
0.924178
0.9152203
0.8789613
0.8515852
0.8574144
0.8304203
0.8484826
0.9136793
0.7835856
0.9262816
0.9197566
0.9194143
0.921935
0.8708264
0.8796904
0.8781697
0.9228084
0.9251911
0.9010132
0.9069429
0.9055986
0.8919498
0.9224239
0.8286742
0.9210998
0.8968592
0.9182328
0.9150078
0.9248723
0.9263617
0.9199289
0.9208973
0.9216593
0.9191733
0.9170151
0.92039
0.9179485
0.918807
0.9209685
0.9175916
0.8604846
0.855293
0.8434644
0.8017976
0.899262
0.9013221
0.9018253
0.914557
0.8984193
0.9008305
0.9000283
0.8999471
0.8974813
0.8987655
0.857409
0.9227859
0.9219962
0.9194934
0.9181172
0.9159772
0.8502601
0.9206985
0.9094261
0.8063475
0.920447
0.9195454
0.9115054
0.9184408
0.9113515
0.9162659
0.8764358
0.9068884
0.896912
0.9167223
0.9201766
0.9036355
0.9073356
0.8985436
0.8986219
0.8972651
0.9012437
0.8988514
0.9178541
0.9030594
0.9001684
0.9014956
0.9039997
0.9007403
0.9030781
0.9040061
0.9202376
0.9254634
0.9196373
0.8106891
0.9123095
0.9015157
0.9017698
0.9088131
0.9164097
0.9205073
0.9247278
0.9160493
0.8800434
0.8525806
0.8575241
0.8313636
0.8483386
0.9151719
0.7850692
0.9274472
0.9206595
0.9200505
0.9222899
0.8714255
0.8804398
0.8793642
0.9229507
0.9260044
0.9009251
0.9074639
0.9066814
0.8928482
0.9227518
0.8296637
0.9213949
0.8978197
0.9184139
0.9154964
0.9256643
0.926354
0.9208986
0.9216336
0.9227457
0.9197764
0.9172346
0.9212518
0.9187716
0.9200869
0.9217844
0.9191161
0.8608851
0.8554865
0.8446061
0.8034899
0.8999894
0.9016989
0.9020483
0.9158586
0.9060611
0.9047738
0.9038171
0.9046697
0.9020997
0.9050969
0.8897099
0.9078613
0.8996741
0.9116143
0.9128467
0.9076188
0.8890789
0.9063311
0.8649462
0.8888362
0.9019978
0.9032398
0.884085
0.9059703
0.8975094
0.9015698
0.9158882
0.8654137
0.8945233
0.8893142
0.901492
0.90288
0.9013328
0.9059484
0.9032568
0.9055906
0.908696
0.9075293
0.8955125
0.9043702
0.9073225
0.9099529
0.9096605
0.9084089
0.9067885
0.9031845
0.9072783
0.9038105
0.9086936
0.8918134
0.8590184
0.9121996
0.912835
0.9151031
0.9083235
0.911115
0.9214167
0.8986125
0.8905598
0.8915388
0.8909815
0.8968077
0.8968274
0.8907967
0.9067061
0.9028085
0.8929584
0.8900836
0.9099653
0.8969887
0.8930172
0.8905485
0.9035301
0.9149538
0.9041751
0.8980153
0.9094507
0.8963525
0.8978876
0.8982661
0.907402
0.9042667
0.8958714
0.8925997
0.9103501
0.9092801
0.9149149
0.9086602
0.9135794
0.9116513
0.9085421
0.9070214
0.9066748
0.9105151
0.9181185
0.9107637
0.8945619
0.8895408
0.8862715
0.8916773
0.9073802
0.9043279
0.8851875
0.8889095
0.900729
0.902852
0.9033435
0.9055199
0.9017525
0.901361
0.891821
0.9034465
0.9061296
0.908851
0.9064645
0.899777
0.8846391
0.8995274
0.8610548
0.8875845
0.8949125
0.905088
0.8902971
0.9005483
0.8910154
0.8949854
0.9147962
0.8578294
0.8882852
0.894733
0.9022168
0.9005769
0.8963098
0.9009321
0.8985337
0.9012646
0.9038913
0.8976983
0.8892238
0.9007672
0.903694
0.9032395
0.9031378
0.9028326
0.8973806
0.9041918
0.9057934
0.9014589
0.9014236
0.8875802
0.8582712
0.9068176
0.907303
0.9082357
0.9039474
0.9161888
0.9096536
0.8971607
0.876115
0.8892856
0.8911298
0.8923586
0.8959931
0.8877574
0.9030757
0.907612
0.8974555
0.8969031
0.9084212
0.8939258
0.8847769
0.8821563
0.8982817
0.9069092
0.8982253
0.8983568
0.9048769
0.888076
0.8934995
0.8928674
0.9010617
0.8964962
0.8977949
0.8896549
0.9115235
0.90251
0.9056685
0.903034
0.8999202
0.8990557
0.8971742
0.9009786
0.9050065
0.9000906
0.9087375
0.8975798
0.8945704
0.8905362
0.8823487
0.8846013
0.896522
0.8933026
0.8863877
0.8852429
0.9175298
0.9166138
0.920499
0.9216286
0.9180952
0.9178469
0.916567
0.8960812
0.925792
0.8489379
0.8440887
0.8449182
0.9056267
0.8385683
0.9035699
0.9017495
0.9038988
0.9148641
0.9180943
0.8357935
0.9030425
0.9063543
0.9328836
0.9152227
0.90322
0.913617
0.9101431
0.9217887
0.9119715
0.9077213
0.9068986
0.9160327
0.9226865
0.904932
0.903726
0.9096804
0.9085379
0.9136327
0.9126951
0.911581
0.911119
0.9200725
0.8981333
0.9083961
0.8430186
0.9035119
0.908185
0.9129977
0.9127901
0.9154959
0.8140529
0.9352384
0.7852977
0.9055734
0.8981187
0.9178656
0.9212179
0.9153911
0.9154006
0.8925222
0.9157177
0.9239978
0.9113906
0.9149973
0.9160793
0.9233306
0.9056597
0.9027594
0.9064481
0.6913187
0.9034221
0.9166696
0.9190721
0.9048952
0.903554
0.9052246
0.8974434
0.9189132
0.909153
0.8965228
0.9216957
0.9037274
0.847416
0.8399186
0.8426906
0.8310248
0.8328651
0.8427709
0.8496204
0.8266961
0.8475548
0.8279012
0.9171131
0.9170476
0.8988748
0.8973876
0.9053702
0.907637
0.9172142
0.9063297
0.8926392
0.8972757
0.8948632
0.8966973
0.8937988
0.8942219
0.8977225
0.9231466
0.9319949
0.9120833
0.9155613
0.9146452
0.8894086
0.9203966
0.9141312
0.8929913
0.9192449
0.9242848
0.9208628
0.9144512
0.9129965
0.9179626
0.9062468
0.9113789
0.8918565
0.9207804
0.9236273
0.9039585
0.9033348
0.8960354
0.8955871
0.8990645
0.8950216
0.8933743
0.9228917
0.896807
0.8972054
0.898041
0.8985538
0.896385
0.8986251
0.9018173
0.9233986
0.9307663
0.9143522
0.8911697
0.9178332
0.8940946
0.8952018
0.8979369
0.916282
0.9270198
0.9177101
0.922543
0.8871648
0.8909431
0.8947313
0.8923863
0.8955984
0.917985
0.8915069
0.932626
0.9240418
0.9255633
0.9241513
0.9072215
0.8802323
0.8777603
0.9197479
0.9186916
0.8897716
0.9065553
0.9010013
0.9003844
0.9239239
0.8888143
0.9203695
0.8900959
0.9223314
0.9176499
0.9285523
0.9204872
0.9157125
0.9140647
0.9145332
0.9129358
0.9133041
0.9115362
0.9145567
0.9067913
0.9174032
0.9118429
0.8918223
0.8938765
0.8879414
0.8800907
0.896349
0.8928029
0.9063915
0.921937
0.8965432
0.9035348
0.9010127
0.8997716
0.8977809
0.8998346
0.9038146
0.9287672
0.9347418
0.9196577
0.9154516
0.916684
0.9034971
0.9237719
0.9160047
0.8981207
0.9231917
0.9285247
0.9288038
0.9174421
0.918624
0.9228184
0.9041514
0.9162478
0.8964361
0.9295702
0.930231
0.9033326
0.9106196
0.8971338
0.8947073
0.8958915
0.8989832
0.8938119
0.9262112
0.8996039
0.9005309
0.9031485
0.9038107
0.8975572
0.897359
0.9027522
0.9293574
0.9378721
0.9211072
0.9004886
0.917804
0.8976543
0.8976793
0.8982142
0.9218675
0.9327745
0.9196639
0.9278871
0.8908955
0.9006585
0.9039684
0.899772
0.9014454
0.9248452
0.8995734
0.9379041
0.9304423
0.9329673
0.9257861
0.9155032
0.888074
0.8862724
0.9266087
0.922228
0.8940161
0.9087333
0.8987429
0.9029212
0.9300987
0.900417
0.9289762
0.8932258
0.92983
0.9277351
0.9346933
0.9264518
0.9182808
0.9190399
0.9211298
0.9170434
0.9185449
0.9161143
0.9225755
0.9152144
0.9202216
0.9167639
0.8987177
0.9032675
0.8990276
0.8979237
0.895231
0.8965189
0.9125358
0.9295942
0.8917965
0.8951538
0.8908772
0.8933827
0.8908707
0.8897883
0.8482361
0.9144651
0.9207826
0.9121486
0.9091232
0.9085293
0.8284312
0.9109729
0.9040383
0.7748465
0.9162999
0.9154746
0.9088393
0.908424
0.9043105
0.905906
0.8705251
0.9024433
0.8885385
0.908217
0.9184206
0.9042116
0.8982709
0.8976213
0.8930228
0.8956633
0.8942079
0.8894856
0.911165
0.8965224
0.8941514
0.8939929
0.8961905
0.8962918
0.8962412
0.9028939
0.9183616
0.920079
0.9107733
0.7759669
0.9041082
0.8969003
0.8961483
0.8997559
0.9102456
0.9197314
0.9160134
0.9153757
0.865459
0.8369894
0.8483435
0.8111434
0.8347123
0.9008983
0.5220459
0.9235614
0.913096
0.9163778
0.9166553
0.863092
0.863487
0.8612342
0.9153129
0.9142484
0.8995846
0.9041962
0.8962761
0.8831446
0.9163108
0.8090171
0.9157674
0.8893444
0.9118481
0.9069477
0.9198525
0.9171546
0.9122201
0.9135807
0.9128136
0.9101273
0.9060606
0.9070157
0.9121946
0.9115361
0.9120369
0.9084671
0.8491726
0.8477272
0.8272717
0.7497767
0.8906524
0.894645
0.8968958
0.909727
0.8770592
0.8823233
0.8763552
0.8785121
0.8761229
0.8758523
0.8903734
0.9132287
0.9166667
0.9102668
0.9083455
0.9084104
0.8881244
0.9095829
0.9032036
0.8930565
0.9160679
0.9158908
0.9078545
0.9067159
0.9018115
0.9087593
0.9115646
0.9001198
0.8943597
0.9139751
0.9166225
0.8850168
0.8863352
0.8790599
0.8778037
0.8691845
0.876164
0.8726923
0.9115498
0.8731492
0.8756663
0.881939
0.8853744
0.8797587
0.8776603
0.8829943
0.9140564
0.9200762
0.9100415
0.8935897
0.8990411
0.8802117
0.8782768
0.9015651
0.9131709
0.916923
0.9140724
0.9123788
0.8838658
0.8969233
0.8926499
0.897743
0.8972542
0.9069676
0.8996086
0.9206985
0.9137882
0.9112912
0.9158421
0.9001488
0.8858616
0.8862741
0.9129296
0.9103648
0.883203
0.8866484
0.890853
0.9003277
0.9073584
0.8938538
0.9185285
0.8742095
0.9139614
0.9116099
0.9165582
0.9174933
0.9099102
0.9115261
0.9086667
0.9089115
0.9099435
0.9087251
0.9118073
0.9092105
0.9123017
0.9088559
0.8904911
0.8930856
0.8907822
0.8898385
0.87704
0.8742243
0.8910222
0.9120269
0.8891827
0.8889961
0.891155
0.8915263
0.8892429
0.8897883
0.8569436
0.9138488
0.9149558
0.9124547
0.9103986
0.9065219
0.8378652
0.9114729
0.9033203
0.8209439
0.9154597
0.9179845
0.9000217
0.9114331
0.8976173
0.897724
0.8787229
0.9011685
0.88814
0.9102733
0.9175429
0.8999224
0.8937334
0.8964477
0.8946271
0.8918329
0.8914916
0.8860959
0.910116
0.8964441
0.8939947
0.8918785
0.8972796
0.8940613
0.8922588
0.895473
0.9106163
0.9177855
0.9057684
0.8235093
0.9054329
0.8984136
0.898671
0.9002474
0.9139699
0.916148
0.9152922
0.910145
0.8667525
0.8511573
0.8553348
0.7891172
0.8227685
0.9000253
0.8302785
0.9205522
0.9122451
0.9116811
0.9122945
0.8570219
0.8716461
0.8725888
0.9123553
0.913022
0.8951515
0.8968731
0.8946559
0.8876919
0.9111658
0.7778171
0.9138783
0.8885123
0.9096847
0.9055794
0.9208471
0.9136506
0.9085247
0.911415
0.9084367
0.9104007
0.9055924
0.9069378
0.9130389
0.9101826
0.9105803
0.9077609
0.8510866
0.8580331
0.8330132
0.8106312
0.88775
0.8885466
0.8901083
0.9050519
0.8911462
0.8924731
0.8886475
0.8931078
0.892489
0.8917211
0.8911496
0.9123758
0.9055124
0.9092334
0.9118908
0.9111633
0.8836778
0.9075618
0.8949565
0.8915388
0.9089607
0.9068861
0.8905091
0.9109119
0.8952715
0.8939777
0.9107901
0.8979577
0.8979079
0.9026056
0.9160422
0.889472
0.8909574
0.8929907
0.8923501
0.8941376
0.8881999
0.8919348
0.8976527
0.8954892
0.8953875
0.8968757
0.9002165
0.8951792
0.8936883
0.8934502
0.9068558
0.9073857
0.9148379
0.8925623
0.8906598
0.8968988
0.8973949
0.9112668
0.9128305
0.9101198
0.9192122
0.9072598
0.882021
0.893798
0.8893375
0.8940737
0.8929828
0.8969174
0.8989705
0.9154851
0.9054318
0.9043956
0.9164294
0.8944472
0.8890891
0.8873794
0.9089148
0.918266
0.9027172
0.8996847
0.8964242
0.888206
0.9046513
0.8941041
0.9080439
0.8870654
0.9050979
0.8952089
0.9159202
0.9130775
0.9150712
0.9107067
0.91359
0.9120677
0.9121406
0.9061283
0.9091137
0.9080385
0.9182534
0.9072318
0.8940978
0.8904233
0.8852441
0.8879486
0.892668
0.8964873
0.7355632
0.8986786
0.8860504
0.8865842
0.8890329
0.8890924
0.8869882
0.8850043
0.8994608
0.9160178
0.9150787
0.9142575
0.9154835
0.9159685
0.8945523
0.9164255
0.9058982
0.9017825
0.9140893
0.9152195
0.9133357
0.9093786
0.9121509
0.9152924
0.9145905
0.9032941
0.8996865
0.9139464
0.9172956
0.8961205
0.8961764
0.8880233
0.8857766
0.8887569
0.8857512
0.8807419
0.9128726
0.8897801
0.8874696
0.8872073
0.8908224
0.890591
0.8878686
0.8909724
0.9152271
0.9239533
0.9139899
0.9025577
0.9079052
0.8915855
0.8911792
0.9052982
0.9169722
0.9172783
0.9209946
0.9156955
0.8917338
0.8990588
0.9014075
0.9033445
0.9036319
0.909581
0.9071059
0.919649
0.91789
0.9203822
0.9137453
0.9089145
0.8973319
0.8959789
0.9142857
0.919078
0.8850641
0.8994539
0.8991438
0.8985886
0.9186071
0.9010389
0.9174792
0.8839376
0.9131609
0.915329
0.9175081
0.9218421
0.9188428
0.915979
0.9159058
0.9159715
0.9166992
0.9171545
0.9168784
0.914781
0.9189863
0.9127654
0.9031812
0.9011261
0.8953039
0.8992749
0.8858451
0.8682148
0.89711
0.9116769
0.8630632
0.8699586
0.8718532
0.8675562
0.8624908
0.8625754
0.8888409
0.90961
0.9205145
0.9077312
0.9052216
0.9076046
0.8857153
0.9091752
0.9000383
0.8899381
0.9122782
0.9147314
0.9120442
0.9046356
0.9001114
0.9037131
0.9115239
0.8970085
0.8889049
0.915386
0.9125183
0.8819364
0.8770617
0.8723132
0.8730793
0.8560319
0.8555868
0.8665095
0.9084489
0.8653733
0.8704453
0.8725992
0.8737938
0.8718968
0.8641953
0.8703421
0.9103679
0.9202216
0.9055205
0.8906075
0.9039668
0.8789825
0.8801038
0.8925196
0.9127604
0.9154682
0.9104705
0.9104003
0.8785955
0.8911755
0.8896644
0.8919288
0.8942921
0.9058585
0.8930168
0.9226042
0.9157458
0.9188016
0.9145337
0.9034222
0.8815708
0.881743
0.9162635
0.9087954
0.8673274
0.8877569
0.8743273
0.8924774
0.9098428
0.8896083
0.9127221
0.8622492
0.9118834
0.9087902
0.9171926
0.9107651
0.9068953
0.9085993
0.9061263
0.9067904
0.9044345
0.9078366
0.9097881
0.904791
0.909482
0.9044676
0.889637
0.8889528
0.8830305
0.8880393
0.8661609
0.8635994
0.8901262
0.9106123
0.8889009
0.8926213
0.8951926
0.895318
0.8914812
0.8926295
0.858035
0.9047568
0.9222058
0.8971926
0.8935746
0.8900387
0.8233136
0.8973213
0.8971035
0.7555556
0.9073179
0.9117051
0.9101766
0.8994922
0.8968872
0.9007118
0.8773044
0.9029322
0.874218
0.9111763
0.9143632
0.9045192
0.8945185
0.8891529
0.8884909
0.894839
0.8977561
0.882511
0.9060684
0.8906329
0.8912989
0.891146
0.8935685
0.8868189
0.8878768
0.8995048
0.9066599
0.9106582
0.8957472
0.7617783
0.9049443
0.8914494
0.8910414
0.8986894
0.9013403
0.9242056
0.9021254
0.9070643
0.8539082
0.8460389
0.8609328
0.8233657
0.8358901
0.8951639
0.7598718
0.9234825
0.9105084
0.9140703
0.9167095
0.8611573
0.8627776
0.8607983
0.912727
0.898074
0.893447
0.9017574
0.8962121
0.8749311
0.9077333
0.7985603
0.901631
0.8951394
0.9056922
0.8982399
0.917735
0.9085372
0.8964734
0.8951529
0.895498
0.8899971
0.8866296
0.8947981
0.8989735
0.8937075
0.8981072
0.8910716
0.8583484
0.8560062
0.8205915
0.7489966
0.8815966
0.8853201
0.8955612
0.9055727
0.9124064
0.9125245
0.9122286
0.9152192
0.9119623
0.9099086
0.9018178
0.8828715
0.9008162
0.9057699
0.9054407
0.900645
0.9000939
0.9037437
0.892985
0.9016826
0.8719089
0.8643489
0.8864291
0.9009455
0.8925136
0.8963203
0.923674
0.8998313
0.9099993
0.8586656
0.8710198
0.9118274
0.9080554
0.9154614
0.9140249
0.9136305
0.9176583
0.9114282
0.8603103
0.914437
0.9160122
0.9175944
0.9188314
0.9123592
0.9139961
0.9137724
0.8841448
0.8988386
0.9034901
0.901202
0.889341
0.9203428
0.9207035
0.9285057
0.9055428
0.9204482
0.9124571
0.8779254
0.900589
0.9060172
0.8997189
0.910664
0.9050538
0.8878098
0.9129432
0.9060718
0.8612113
0.8633287
0.9094709
0.9028308
0.901489
0.9035677
0.8714002
0.9080659
0.9139409
0.9134225
0.9185273
0.9072217
0.8675363
0.9097951
0.8814154
0.9125502
0.868424
0.8892301
0.9092792
0.8747355
0.9071707
0.9069376
0.9074687
0.9047409
0.9025697
0.8986447
0.9025771
0.9018499
0.9120505
0.9038355
0.9056211
0.9036965
0.8972295
0.9002184
0.912483
0.9107398
0.8991853
0.8454686
0.872559
0.8779519
0.8765419
0.875
0.8733285
0.867739
0.8909596
0.9114978
0.9169014
0.9114259
0.9074199
0.9083006
0.8897085
0.9096669
0.9056227
0.8915827
0.9148936
0.9171963
0.9075848
0.9069148
0.901891
0.9079056
0.9153399
0.9001586
0.8954197
0.9126362
0.9155229
0.885046
0.8873204
0.876207
0.8760521
0.8716342
0.8757407
0.8750454
0.9108978
0.8736194
0.8788412
0.885472
0.8874658
0.8821546
0.8804018
0.8793862
0.9140664
0.9228397
0.9065814
0.8910119
0.9002639
0.881838
0.8822269
0.8986915
0.9083766
0.9183402
0.9147675
0.910381
0.8845011
0.898874
0.8931966
0.8987176
0.8966263
0.9106881
0.9015077
0.9201161
0.9142227
0.9143881
0.916627
0.9018233
0.8874459
0.8870621
0.9126306
0.9076645
0.8818198
0.8910905
0.8899115
0.8989935
0.9092512
0.8932982
0.9129568
0.8709654
0.9122776
0.9107264
0.9193096
0.9178471
0.9072117
0.9061368
0.9064119
0.9089179
0.9087091
0.906471
0.9108918
0.9075843
0.9100466
0.9051637
0.8943153
0.8950059
0.8899803
0.8911116
0.8774299
0.8742874
0.8916936
0.9132427
0.8673406
0.8710126
0.8678411
0.8714349
0.8677808
0.8654876
0.88687
0.9069851
0.9200069
0.9009216
0.8998917
0.8984616
0.8845331
0.90114
0.8967291
0.8884417
0.9112388
0.915473
0.9069936
0.9031041
0.897654
0.9051843
0.9108457
0.8937737
0.8888969
0.9140795
0.9064658
0.8826101
0.8821251
0.8671542
0.8690307
0.8655465
0.8634339
0.8640562
0.9070364
0.869339
0.8700526
0.8733161
0.8761411
0.8689466
0.873658
0.8751448
0.9085311
0.9189042
0.8998351
0.8873087
0.8962695
0.8743746
0.8751404
0.8930552
0.907885
0.9131157
0.9040617
0.9108362
0.8749447
0.8914082
0.8928059
0.8907273
0.8904312
0.9018838
0.8950677
0.9192025
0.9151359
0.915339
0.9158093
0.8999356
0.8785896
0.8783931
0.9104574
0.901339
0.8696788
0.886633
0.8822145
0.8854937
0.905066
0.8894409
0.909402
0.8650228
0.9066944
0.9025582
0.9175781
0.9123592
0.9018354
0.9037198
0.9011037
0.9001314
0.9019063
0.9023562
0.9041229
0.8972471
0.9048129
0.896846
0.8878663
0.8918948
0.8805758
0.884209
0.8639167
0.8636145
0.8863595
0.9103047
0.9010777
0.9013979
0.899326
0.9027391
0.8994271
0.8983604
0.8903913
0.9002575
0.9069613
0.900061
0.9010101
0.8944918
0.8840443
0.8944243
0.8519234
0.8867047
0.8948742
0.900313
0.891245
0.8971662
0.8855226
0.8880754
0.9181407
0.8503568
0.8853494
0.8937286
0.9012185
0.9015106
0.8959153
0.8975845
0.900213
0.9033791
0.9043509
0.8962322
0.8912263
0.89821
0.9023637
0.9015232
0.9017712
0.9023585
0.8973798
0.9025192
0.9003413
0.8992199
0.9000789
0.8858148
0.8528058
0.9033296
0.9031984
0.9089752
0.9024581
0.9113599
0.9091362
0.8975195
0.8807524
0.892684
0.8909758
0.8952613
0.8957169
0.8816248
0.9027576
0.9079471
0.8954837
0.8963812
0.904169
0.8941274
0.8876863
0.8864146
0.8949987
0.9033615
0.9002758
0.8986673
0.9041024
0.8874377
0.8963296
0.8920755
0.8975331
0.9017187
0.8933833
0.8891739
0.905161
0.9026612
0.9023567
0.9020118
0.8996374
0.8925747
0.8943252
0.8971406
0.900263
0.8946449
0.9061529
0.8953531
0.8945328
0.8922149
0.8816715
0.8827344
0.8995239
0.8931067
0.8857893
0.8912507
0.8874784
0.8887329
0.8892661
0.8886044
0.8857649
0.8850629
0.8426689
0.9067842
0.9108236
0.9026536
0.8998558
0.8972792
0.8193321
0.8992443
0.8938369
0.7642725
0.9023075
0.9091233
0.9001643
0.898757
0.8935978
0.8968445
0.8724052
0.8926376
0.8796913
0.900253
0.9130217
0.9001776
0.8897745
0.8909692
0.8901009
0.8937448
0.8949363
0.8826134
0.9006493
0.8865742
0.8876562
0.8898181
0.891257
0.8918996
0.8897027
0.8946359
0.9053752
0.9045136
0.9013339
0.767182
0.8942206
0.8914687
0.8915749
0.8988978
0.9029567
0.9193033
0.9093489
0.9048833
0.850748
0.8361533
0.8468778
0.8031478
0.8259217
0.8867202
0.7564844
0.9184321
0.9052947
0.9068613
0.9162044
0.8474202
0.8548758
0.8520089
0.9066581
0.9064916
0.8956119
0.8995616
0.8969674
0.8721791
0.9022081
0.787229
0.903675
0.8901612
0.9011718
0.8946487
0.9146076
0.9071525
0.9012851
0.9028626
0.8987975
0.8946944
0.8903021
0.8975818
0.9036896
0.8966142
0.9030102
0.8936147
0.847714
0.8481484
0.8095773
0.7447307
0.8833617
0.884614
0.8861354
0.9014028
0.8503366
0.8566147
0.8530649
0.8545677
0.8502012
0.8530123
0.8835742
0.9107111
0.9197163
0.9118802
0.9118631
0.9117553
0.8870694
0.9140539
0.8981156
0.889635
0.9130527
0.9151494
0.9079528
0.9080148
0.9036799
0.9083909
0.8996613
0.9034753
0.887201
0.9167673
0.9173055
0.8777267
0.881206
0.8682891
0.8661951
0.852045
0.8445033
0.8678338
0.9122135
0.8638699
0.8692358
0.8671616
0.8708273
0.8663524
0.8632728
0.8610827
0.9122845
0.922772
0.9138028
0.8914606
0.8982417
0.8703254
0.8696615
0.894799
0.9140573
0.9132189
0.9185859
0.9130806
0.8820374
0.8816132
0.8860445
0.8911867
0.8886216
0.9109505
0.8973138
0.9204873
0.9169755
0.9211617
0.9148274
0.8963101
0.8754315
0.8767029
0.9117375
0.9165664
0.8650659
0.8799109
0.8734554
0.8897248
0.9187329
0.890383
0.9183375
0.839973
0.9146706
0.9111827
0.9200069
0.9210637
0.9131852
0.9150748
0.9108752
0.9129387
0.9131581
0.9096862
0.9123118
0.9100168
0.9175526
0.9109261
0.8837209
0.883004
0.8819303
0.8839269
0.8628542
0.82302
0.8848978
0.9137906
0.9151588
0.9184704
0.9213917
0.9215707
0.9192256
0.9166167
0.9171693
0.8966182
0.9284834
0.8482753
0.8387171
0.8419919
0.9094938
0.8370819
0.9055419
0.9039465
0.9066017
0.9135145
0.9232338
0.835374
0.9055098
0.9066161
0.9314019
0.9142316
0.9018431
0.9145897
0.9142031
0.9229698
0.9131659
0.9085534
0.912557
0.9136907
0.9239778
0.907877
0.9083829
0.9113486
0.9094016
0.9127982
0.9118617
0.9109382
0.9124774
0.9203571
0.9012578
0.9128753
0.841712
0.9035053
0.9137138
0.9092219
0.910698
0.9124833
0.8131391
0.937593
0.7873475
0.9081494
0.8974914
0.92028
0.9206327
0.9167223
0.9118031
0.8908396
0.9160945
0.9267271
0.9138197
0.9213938
0.9191878
0.9246602
0.9026498
0.9016995
0.9074533
0.7684083
0.8999212
0.9168902
0.9177912
0.9005569
0.9081887
0.9008052
0.9000182
0.920337
0.9124424
0.89806
0.924743
0.9061093
0.8447937
0.8329551
0.8363539
0.829793
0.833704
0.8413183
0.8474775
0.8312128
0.8389895
0.827174
0.9201416
0.9192764
0.9036368
0.9012097
0.9064088
0.902042
0.9232313
0.9123966
0.8794825
0.8835206
0.8833129
0.8804469
0.8801732
0.8778819
0.8726977
0.9167138
0.9192493
0.9089466
0.9070916
0.9045308
0.8734664
0.9069413
0.8998167
0.8786022
0.9132983
0.9186112
0.9139362
0.9098372
0.9019957
0.9073789
0.8965032
0.8982854
0.8743695
0.9190132
0.9161486
0.8854479
0.8912015
0.881312
0.8830482
0.8716101
0.8734763
0.8807806
0.9118852
0.8770468
0.8788107
0.8830895
0.8879414
0.8860723
0.8825077
0.8792752
0.917003
0.9216094
0.9109102
0.8798787
0.9020817
0.8860597
0.8871959
0.8827697
0.914672
0.9157603
0.9179647
0.9154731
0.8705244
0.8752304
0.8785542
0.8774126
0.8843618
0.9085602
0.8881131
0.9235798
0.9189973
0.9174322
0.9143149
0.8951283
0.8662952
0.8637659
0.914529
0.9137335
0.8823911
0.8908139
0.8884282
0.8841025
0.9156103
0.8787824
0.915442
0.8730245
0.9121782
0.9099683
0.9201665
0.9191071
0.9109746
0.9093775
0.9082262
0.9081933
0.9100078
0.908168
0.9098306
0.9079163
0.9104104
0.9013087
0.873315
0.8783745
0.8698633
0.8741637
0.8784956
0.8809189
0.8880159
0.9119742
0.918127
0.9185076
0.9182374
0.9225686
0.9205611
0.9216861
0.9165521
0.8820221
0.9190812
0.9023522
0.9033528
0.8999279
0.9050088
0.9041565
0.9089456
0.9046286
0.8723689
0.8808334
0.9111596
0.9035167
0.9014643
0.9060456
0.9275694
0.9137147
0.9102916
0.8786172
0.8826482
0.9266295
0.9171977
0.9143383
0.9171081
0.9179342
0.9240759
0.9170999
0.8523073
0.9166902
0.9186989
0.9192753
0.9209166
0.9197306
0.9219498
0.9241545
0.8790164
0.9024309
0.8989262
0.9055552
0.9068232
0.9215098
0.9216418
0.9247048
0.9068734
0.9316514
0.9091266
0.8746847
0.9022128
0.9107156
0.9174833
0.9152213
0.9134279
0.8935301
0.9180627
0.9214001
0.881332
0.8826595
0.9205979
0.9184228
0.9097072
0.9107846
0.8781273
0.9034493
0.9189285
0.917564
0.9215253
0.9077679
0.8670572
0.9076458
0.8770257
0.9217446
0.8760799
0.9018146
0.9236573
0.8383126
0.9046917
0.899735
0.9001528
0.8959667
0.8956312
0.8988932
0.9062331
0.8992037
0.9042866
0.8985379
0.9167932
0.917186
0.9037276
0.9027983
0.919204
0.9146553
0.9104964
0.8723252
0.9195366
0.917969
0.9196131
0.9203702
0.9193417
0.9177518
0.9117731
0.8821499
0.908519
0.9028524
0.9038977
0.9015742
0.9026021
0.901409
0.9036415
0.9056848
0.8732232
0.8741518
0.8975448
0.9012001
0.8966971
0.9009154
0.9269225
0.9072059
0.9092891
0.8708035
0.8780016
0.9210304
0.9146993
0.9161295
0.9102369
0.9214119
0.9243164
0.9182053
0.8476377
0.9173323
0.9167519
0.9169186
0.9175834
0.9182084
0.9200878
0.9225908
0.8804704
0.8985734
0.9026297
0.9048439
0.8980572
0.9233994
0.9228915
0.9257466
0.9033135
0.9256913
0.9098355
0.8710942
0.9016013
0.9080861
0.9090682
0.9135912
0.9077132
0.8933648
0.9177913
0.9148276
0.8736657
0.8737715
0.9181831
0.9113265
0.9123872
0.9111064
0.8770763
0.9052213
0.9203809
0.9149706
0.9178196
0.898742
0.86202
0.907453
0.8726318
0.9208405
0.8705614
0.8964443
0.9153115
0.840923
0.9045264
0.9002657
0.8992477
0.898737
0.898336
0.8982239
0.9027074
0.8962806
0.9082493
0.898633
0.9125875
0.9115663
0.9017037
0.9017113
0.9189352
0.9175265
0.9048856
0.8617775
0.8806922
0.8850925
0.8849696
0.8864947
0.8828586
0.882962
0.8591492
0.904905
0.906353
0.9036806
0.9017957
0.8964247
0.8461249
0.8984381
0.89041
0.8563412
0.9017548
0.9048833
0.9015673
0.8978277
0.8919164
0.8972277
0.8907256
0.8898921
0.8748715
0.9045399
0.9124821
0.8885565
0.882961
0.8829857
0.8809731
0.8876462
0.8897266
0.8816385
0.8997631
0.8839276
0.8862742
0.8907253
0.8934755
0.8833925
0.8828954
0.8955133
0.9058257
0.9085899
0.9010164
0.8566421
0.8927057
0.8883223
0.8888291
0.8983499
0.9077491
0.9181398
0.9056368
0.9030371
0.7691375
0.854984
0.8587174
0.8674082
0.8753929
0.8932064
0.8721848
0.9130221
0.9059829
0.9041914
0.9140948
0.8812397
0.8396892
0.8376886
0.9037955
0.9065498
0.8874037
0.8892233
0.8939437
0.8398038
0.9003953
0.8622105
0.9018481
0.8799011
0.9017657
0.8959512
0.9152971
0.9094384
0.9027463
0.9025539
0.9013027
0.8977473
0.8957104
0.8994476
0.903184
0.8967538
0.9028969
0.8939478
0.8638935
0.8592754
0.8399803
0.848956
0.8821879
0.8792851
0.8854605
0.9003552
0.8903019
0.8897936
0.8902902
0.8929818
0.8877957
0.8889492
0.8442239
0.9041838
0.9130692
0.8992635
0.8937012
0.8968348
0.8170661
0.8999532
0.8913739
0.3830326
0.9087884
0.9125084
0.9056041
0.8972793
0.892262
0.8927957
0.8693659
0.8962971
0.8786353
0.9017205
0.9109344
0.9013469
0.8913902
0.8880309
0.8913137
0.8944886
0.8963482
0.8875176
0.9033953
0.8903957
0.8920564
0.8934827
0.8949544
0.8912482
0.8915663
0.8952141
0.9047464
0.9046778
0.8995588
0.4449279
0.8934296
0.8927578
0.8930214
0.9017897
0.9028405
0.918918
0.9072624
0.9043353
0.854205
0.8347314
0.8454539
0.8065578
0.8318058
0.8889911
0.7731672
0.9199624
0.9070766
0.9073007
0.9162237
0.8438263
0.8524596
0.8516752
0.9092506
0.9039442
0.8892908
0.8990117
0.8929467
0.8765242
0.9019327
0.7882824
0.9008898
0.8923728
0.9054385
0.8984923
0.917472
0.9063393
0.9017572
0.8977273
0.8986722
0.8922845
0.8913361
0.8946449
0.9008892
0.8959643
0.9000969
0.8911154
0.849094
0.8444436
0.8093373
0.7164675
0.8855186
0.8888206
0.8888243
0.9051966
0.8871329
0.8881882
0.8946328
0.8934894
0.8895582
0.8902681
0.8843724
0.9051876
0.9164215
0.9015325
0.8959728
0.9004194
0.8734265
0.8977547
0.8878906
0.8763457
0.9056698
0.9123979
0.9011859
0.8986954
0.8889171
0.8953726
0.9049546
0.8848411
0.2394004
0.9100419
0.9128478
0.8963526
0.8899102
0.8817006
0.8859728
0.8838028
0.8866708
0.8776165
0.9043642
0.8807393
0.8876719
0.8852118
0.8887338
0.8865746
0.8830683
0.8892856
0.9061441
0.9137498
0.8963783
0.8763327
0.8961002
0.8885908
0.8886982
0.8950078
0.9077059
0.9218798
0.901337
0.9072568
0.8608637
0.8820058
0.8839076
0.8838185
0.8848931
0.8947561
0.8857503
0.9207094
0.9144054
0.9138344
0.9087115
0.893237
0.8681085
0.8687298
0.9092992
0.9040393
0.8784287
0.8950863
0.8964026
0.8803553
0.9075747
0.8801277
0.9040903
0.8871409
0.9032862
0.8991152
0.9160511
0.9061965
0.8992878
0.8970431
0.9002496
0.8937388
0.8939873
0.9014237
0.9022122
0.8923346
0.9008276
0.8932663
0.8800247
0.8846071
0.8668362
0.8757453
0.883903
0.8741862
0.895677
0.9030204
0.8776434
0.8787966
0.8792209
0.8765374
0.8762576
0.8758638
0.8925222
0.9210266
0.917309
0.9225958
0.9221441
0.9217963
0.8912779
0.92449
0.9043869
0.8961271
0.9156537
0.9172326
0.9103935
0.9215535
0.9095999
0.9139267
0.9035448
0.8975104
0.8987928
0.9144389
0.9201497
0.8802376
0.8739444
0.8885225
0.8886196
0.8738338
0.8667835
0.8894115
0.912166
0.8862136
0.8880872
0.893227
0.8924933
0.8885474
0.8857658
0.8757956
0.9235658
0.9308033
0.9196444
0.8976726
0.9001879
0.8883272
0.8889087
0.899638
0.9254299
0.9132453
0.9255201
0.9208395
0.8927889
0.8934137
0.891323
0.8952635
0.8928406
0.9147971
0.9032144
0.9223965
0.9209418
0.9186079
0.9156635
0.8999538
0.8879372
0.8875534
0.9188378
0.9300997
0.8890167
0.8909929
0.8898902
0.9011923
0.9160874
0.8996809
0.925449
0.8654176
0.9205851
0.9176274
0.9203846
0.9250986
0.9252892
0.9257977
0.9249745
0.9282633
0.929049
0.9226023
0.9229043
0.9254471
0.9276199
0.9259784
0.8945397
0.8866789
0.8876008
0.8949244
0.8893874
0.8788823
0.8860558
0.9120615
0.9099876
0.9122584
0.9154199
0.9162621
0.9122013
0.9120218
0.9133662
0.8959121
0.9218766
0.8386791
0.8394719
0.837428
0.8997569
0.8340262
0.899599
0.8998314
0.9034703
0.9081731
0.9174668
0.8274221
0.8969618
0.899589
0.927791
0.9091902
0.9030705
0.9092637
0.9078574
0.9191729
0.9084134
0.9072099
0.9039963
0.9067435
0.9182137
0.9028635
0.903255
0.9050254
0.9053242
0.9090238
0.9094997
0.9083339
0.90622
0.9137618
0.8959918
0.9018308
0.8408396
0.8966358
0.9058574
0.90689
0.9065667
0.9143131
0.8646304
0.9284278
0.8499289
0.9010743
0.8899786
0.9123326
0.9162774
0.9111856
0.9105826
0.88129
0.9119859
0.9177423
0.9056713
0.9115434
0.9114185
0.9178588
0.8999644
0.8986144
0.9081296
0.847808
0.8996205
0.9155367
0.9137495
0.8978005
0.8982491
0.9005058
0.8959032
0.9172769
0.9056909
0.8822879
0.9167673
0.9031045
0.6847106
0.77045
0.7767221
0.7652455
0.7647847
0.7835328
0.8104636
0.7695761
0.7950179
0.7566742
0.9151302
0.9146881
0.8982255
0.8954603
0.9028337
0.9034638
0.9127097
0.9060878
0.8720381
0.8763028
0.8767198
0.8750136
0.8708772
0.8704745
0.8956321
0.9165544
0.9220953
0.9130756
0.9101718
0.9100731
0.8941319
0.9094356
0.9021018
0.8962831
0.9147065
0.9174689
0.9117805
0.911517
0.9022765
0.9042515
0.9131612
0.901663
0.8947782
0.9177506
0.9152206
0.8891623
0.8874625
0.8735307
0.8736337
0.8661463
0.8681835
0.8749773
0.9135376
0.8770098
0.8768377
0.8769225
0.881595
0.8763664
0.8776598
0.8760636
0.9188002
0.9236617
0.9069661
0.8940471
0.9058848
0.8800143
0.880926
0.8929227
0.917986
0.9168663
0.9157991
0.9160014
0.8887123
0.8978506
0.8979353
0.8959303
0.8946152
0.9085788
0.9027396
0.9245127
0.9171929
0.9186141
0.9197937
0.9059268
0.886472
0.8864859
0.9178517
0.9105662
0.880139
0.8913905
0.8871189
0.8976468
0.9136974
0.8960384
0.9207304
0.8701148
0.9153963
0.9124724
0.920425
0.919787
0.9096477
0.9131727
0.9103441
0.9141477
0.9128522
0.9108287
0.9101215
0.9112723
0.9125427
0.909372
0.8938703
0.8949556
0.8905622
0.8880489
0.8754491
0.8717995
0.8936705
0.9144125
0.9043639
0.905925
0.9038866
0.907222
0.9051908
0.9040245
0.8918327
0.903283
0.9069621
0.9006171
0.9015283
0.8963691
0.8832032
0.8958687
0.8552393
0.8900999
0.8987904
0.9
0.8910887
0.8987228
0.891551
0.8962836
0.917459
0.8635963
0.894699
0.8934931
0.9071072
0.9043552
0.9037984
0.9048364
0.8997089
0.9042811
0.9062168
0.8982547
0.8933012
0.899786
0.9039994
0.9042035
0.9073839
0.90384
0.9017975
0.9039927
0.9036868
0.9048897
0.8975529
0.8884027
0.8511922
0.9110269
0.9101313
0.9156128
0.9068532
0.9190008
0.9121514
0.9001517
0.8834241
0.8974405
0.8955117
0.8983063
0.8979315
0.8871194
0.90799
0.9102127
0.9000218
0.8976687
0.9061051
0.896355
0.8851215
0.8862626
0.8969666
0.9066643
0.9038118
0.9018229
0.905176
0.8943621
0.8974847
0.8948217
0.90114
0.9040994
0.8966792
0.8910913
0.911054
0.9027031
0.9046015
0.9034196
0.8996013
0.898574
0.8981773
0.8970252
0.9015326
0.8970172
0.9087639
0.8982288
0.8995535
0.8946407
0.884607
0.8854387
0.8979899
0.8981508
0.8902483
0.8937022
0.8879379
0.890662
0.8922347
0.8916514
0.8849836
0.8874215
0.8463772
0.90345
0.9096909
0.902754
0.9006756
0.8979073
0.8155411
0.9004196
0.8916713
0.7696153
0.9037064
0.9076157
0.8985883
0.9010008
0.8900018
0.8915632
0.8719719
0.8917357
0.8803803
0.9011923
0.9080011
0.8986052
0.8904242
0.8895071
0.8877328
0.895849
0.8966696
0.8859123
0.8968046
0.8903859
0.8902984
0.8935399
0.8976665
0.8902836
0.8901961
0.8971784
0.9047208
0.9014328
0.9023773
0.7763236
0.8951924
0.8921879
0.8917419
0.8990423
0.9080431
0.9132518
0.9108582
0.9015162
0.8557936
0.8355587
0.8430339
0.8165201
0.8293826
0.8918711
0.7891966
0.914189
0.9037713
0.9040032
0.9144881
0.8523804
0.8588595
0.857164
0.9077259
0.9070506
0.8920794
0.8955789
0.8971573
0.8755813
0.9019964
0.8097051
0.9034179
0.8945285
0.9025792
0.8956134
0.9109966
0.91011
0.9016646
0.9018335
0.9035044
0.8992429
0.894895
0.8954196
0.9069544
0.9007854
0.9035397
0.8956811
0.8449931
0.8415072
0.8092019
0.7527083
0.8864522
0.887936
0.8837675
0.8956887
0.9155579
0.9155583
0.9197881
0.919707
0.9156225
0.9166551
0.9132213
0.9162125
0.8849691
0.9207169
0.920371
0.9189846
0.9124138
0.920007
0.9086943
0.9161591
0.9155585
0.9154974
0.9029966
0.9218522
0.9087589
0.9096458
0.9268575
0.9079318
0.9168517
0.9107552
0.9124067
0.9140101
0.9134079
0.9210145
0.9195237
0.9191923
0.9204573
0.9183002
0.9124116
0.9209502
0.91956
0.920011
0.919325
0.9189357
0.9175565
0.9202641
0.9181365
0.9176378
0.9151876
0.913928
0.9039063
0.9245148
0.9248628
0.9211399
0.9215848
0.9209307
0.9254436
0.9167279
0.9172948
0.9126935
0.9084605
0.916609
0.9113867
0.912015
0.921831
0.8990665
0.9084332
0.9128427
0.89849
0.9146409
0.9108384
0.9089737
0.9142326
0.921643
0.9182181
0.9173695
0.9254809
0.9166696
0.9117883
0.9180911
0.9190272
0.9170752
0.9103242
0.9111629
0.8904253
0.9192354
0.9206575
0.9184899
0.9185333
0.9204485
0.9164679
0.9170323
0.9164571
0.9150274
0.9213553
0.9144641
0.9129997
0.9123409
0.9116406
0.9172982
0.9187515
0.9193967
0.9089823
0.9104116
0.8999398
0.9034772
0.899723
0.9031016
0.9012643
0.8999006
0.8970036
0.9037215
0.9079202
0.904659
0.9024521
0.9029774
0.8900218
0.9044572
0.8653537
0.8958906
0.9061178
0.9089044
0.8962871
0.9004606
0.8881081
0.8958341
0.9171185
0.5656389
0.8836004
0.8976452
0.9078966
0.9002962
0.8959529
0.898427
0.8988554
0.9
0.8992752
0.8967382
0.8983479
0.8966642
0.8987404
0.8987262
0.8973428
0.902105
0.8994392
0.9016503
0.9027454
0.9094504
0.9027684
0.8973156
0.8634913
0.9026843
0.9025929
0.9041504
0.9090495
0.9155431
0.9119269
0.8988857
0.8966839
0.8948359
0.8973877
0.9017019
0.8969697
0.8974628
0.9041582
0.9094745
0.9026247
0.9068132
0.9046588
0.8991239
0.8925114
0.8932792
0.9029008
0.911357
0.8957665
0.9003401
0.9059235
0.8973315
0.8983666
0.8994376
0.9045159
0.8982068
0.8991576
0.9002947
0.9081372
0.9083389
0.9064218
0.9046597
0.9024399
0.9059171
0.9052665
0.9052842
0.9077081
0.9025263
0.909684
0.9018651
0.8948585
0.8976963
0.8896972
0.8957205
0.898669
0.8904389
0.9024946
0.9013163
0.9189131
0.9194148
0.9220468
0.9223818
0.9192184
0.9193554
0.9179331
0.8969497
0.9277622
0.8435563
0.840618
0.8442503
0.9087322
0.8440154
0.9056063
0.9044997
0.9095221
0.913034
0.9227592
0.8367164
0.9072514
0.9104049
0.9316764
0.9102992
0.9066163
0.9144065
0.9142888
0.9237652
0.9117446
0.9107658
0.911127
0.9117626
0.9169411
0.9110292
0.9085489
0.912393
0.9138795
0.9128539
0.9145397
0.9111518
0.9129588
0.9224348
0.8959658
0.9067031
0.7896643
0.9033702
0.9147437
0.9115459
0.9109839
0.9169973
0.8647807
0.9335364
0.8589306
0.90799
0.8999449
0.9174723
0.9202301
0.9181372
0.9152348
0.8905975
0.9178801
0.9218462
0.9138581
0.9198649
0.9197449
0.923766
0.9037708
0.9032422
0.9095163
0.8497308
0.904755
0.919102
0.9153493
0.9024122
0.9076348
0.9065789
0.9025347
0.9195817
0.9108636
0.8953493
0.9191791
0.9087735
0.841128
0.8407636
0.8394445
0.8290554
0.837203
0.8434512
0.8509388
0.8319348
0.8420018
0.8313988
0.9164723
0.9179179
0.9049802
0.9018729
0.9110349
0.9089527
0.9209797
0.9111611
0.8752292
0.8750045
0.8796955
0.8755845
0.8724234
0.8717819
0.897609
0.9195358
0.9206036
0.9099632
0.9130358
0.9105261
0.8910388
0.9110815
0.9025745
0.8962351
0.9149301
0.9231089
0.9143903
0.9135599
0.9041168
0.907607
0.911858
0.9039481
0.8956808
0.9126897
0.9163158
0.8849514
0.8914181
0.8804363
0.8795031
0.8697149
0.8725991
0.8788999
0.9140799
0.8820066
0.883611
0.8798265
0.8842407
0.8794476
0.8854572
0.8802072
0.916479
0.9225868
0.9130101
0.900676
0.901921
0.8840231
0.8845256
0.8994841
0.9155972
0.9177269
0.9157104
0.9157965
0.8858918
0.8963148
0.8965542
0.8987974
0.9016336
0.9126489
0.9007209
0.9269964
0.9174347
0.9212257
0.9182931
0.9003343
0.8815738
0.8823823
0.9176701
0.9150187
0.8760673
0.8952618
0.8901712
0.8994227
0.9135876
0.8942779
0.9210175
0.8707285
0.9181567
0.914976
0.9254386
0.9220261
0.9135759
0.9131807
0.9145552
0.912141
0.9129394
0.9143058
0.9141227
0.9091423
0.9162663
0.9111198
0.8967669
0.8949575
0.889059
0.893822
0.880367
0.876457
0.8913525
0.9152957
0.8708827
0.87188
0.8754961
0.8717671
0.8745763
0.8717383
0.8936959
0.9142777
0.9192807
0.9110994
0.9103494
0.910136
0.8899481
0.9093499
0.8987812
0.8960965
0.9143929
0.9189104
0.9104728
0.9098459
0.9021647
0.910311
0.9094807
0.899632
0.8941715
0.9131431
0.9159699
0.8829749
0.890215
0.8756112
0.8743334
0.8646463
0.8695856
0.8723796
0.911998
0.875467
0.8767888
0.8825743
0.8825054
0.8765622
0.8791375
0.8776208
0.9143341
0.9208207
0.9120165
0.8984852
0.9019054
0.879106
0.8776186
0.8959934
0.9157436
0.9155524
0.9131724
0.9154885
0.8849392
0.8959436
0.8955988
0.8965262
0.8960008
0.9079927
0.9022036
0.921373
0.9177373
0.9195624
0.9203677
0.899852
0.885125
0.8847004
0.9142064
0.9141395
0.8764328
0.8918634
0.8818732
0.8978027
0.9149826
0.893356
0.9175211
0.8651624
0.9156487
0.9127102
0.9234074
0.9172563
0.9106328
0.9110578
0.9128272
0.9125596
0.9121669
0.9126155
0.9114093
0.909017
0.9166405
0.9131254
0.8925257
0.8932961
0.8917967
0.8904296
0.8765432
0.8743913
0.8889844
0.911506
0.8661841
0.8719776
0.875541
0.8712886
0.8681949
0.8669158
0.894396
0.9118831
0.922358
0.9089977
0.9084991
0.9090266
0.8905455
0.9103568
0.9025833
0.8926213
0.9175745
0.9194075
0.9134553
0.9088843
0.9004607
0.9063275
0.9103194
0.8996326
0.8869662
0.9205391
0.9206517
0.8849199
0.8845629
0.8684806
0.872538
0.85544
0.8675221
0.8656208
0.9137673
0.8687939
0.8749368
0.8745405
0.8784711
0.8732394
0.8732107
0.8720159
0.9087462
0.9249794
0.9097744
0.8947782
0.9054213
0.8784953
0.8786465
0.8949336
0.9170443
0.9155292
0.9099471
0.9143505
0.8832782
0.891697
0.9016631
0.8944969
0.8956185
0.9090811
0.8974432
0.9229601
0.9195337
0.9194951
0.9143774
0.9034383
0.8835629
0.8833735
0.9165901
0.9081216
0.871894
0.8894016
0.8818088
0.8946235
0.9148398
0.8889088
0.9175133
0.8654962
0.9158941
0.9123526
0.9191715
0.9184247
0.9081329
0.9093527
0.9111539
0.9046157
0.9112636
0.9069293
0.9098454
0.9034258
0.9095794
0.9053088
0.8927845
0.8964672
0.8857411
0.8901536
0.8656066
0.867674
0.8958737
0.9171251
0.86324
0.8678851
0.8661562
0.8692164
0.8626272
0.860398
0.8845974
0.9083961
0.9158659
0.9107149
0.9082012
0.9090038
0.8820864
0.9066058
0.8942472
0.8880891
0.910218
0.9138749
0.9051283
0.9021303
0.902412
0.9047533
0.9089286
0.8990279
0.8881434
0.9107609
0.9128993
0.8799306
0.8815457
0.8735787
0.8724562
0.8607094
0.8617557
0.8683843
0.9057352
0.869276
0.8729432
0.876174
0.8777241
0.8731191
0.8723062
0.8663926
0.9080162
0.9190275
0.9059945
0.8912027
0.895213
0.8802921
0.8797582
0.8896915
0.9098433
0.9123485
0.913812
0.9072796
0.8792725
0.8876223
0.8835295
0.8929147
0.8895987
0.899582
0.8936405
0.9189819
0.9116931
0.9099567
0.9137795
0.9000321
0.8802085
0.8799333
0.9122332
0.9097677
0.8749406
0.8859706
0.8824387
0.890187
0.9049923
0.888849
0.9100212
0.8592426
0.9054006
0.9022524
0.9156842
0.9141523
0.9065877
0.9044651
0.9082891
0.9070718
0.9046798
0.9060738
0.9102523
0.9073902
0.9122602
0.9087525
0.8859523
0.8869559
0.8777102
0.8818242
0.8718455
0.8668235
0.8853216
0.9032504
0.8729723
0.8806714
0.8778279
0.8794852
0.8716982
0.8730981
0.8941838
0.9158344
0.9168748
0.910849
0.913166
0.9124049
0.890591
0.9123541
0.9010088
0.899876
0.9130802
0.9180757
0.9128216
0.9073943
0.903678
0.9091622
0.9113048
0.9037055
0.8902082
0.9169892
0.9178265
0.8900589
0.8912488
0.8821549
0.8794944
0.8709068
0.8730164
0.8803812
0.9130589
0.8793184
0.8823005
0.8868058
0.8888653
0.8826385
0.8816215
0.8800014
0.9183379
0.9248584
0.9141649
0.8980459
0.8995086
0.8848201
0.8848487
0.8988548
0.9169352
0.92095
0.9204403
0.9147521
0.8855413
0.8970583
0.8961287
0.8961604
0.897777
0.9066757
0.9027014
0.9239261
0.9169667
0.9140647
0.9164183
0.9019774
0.8879829
0.8888295
0.9133883
0.9147733
0.8781156
0.8925015
0.886378
0.8964559
0.9145153
0.8965797
0.9184307
0.8725253
0.9145302
0.9092556
0.9225001
0.9198899
0.9165587
0.9144803
0.9151496
0.9138575
0.9145254
0.9129436
0.9141031
0.9143008
0.9165561
0.9136119
0.9001163
0.8967111
0.889
0.8929851
0.8772935
0.8788664
0.8949811
0.9105912
0.8625495
0.8600242
0.8688591
0.8650282
0.8608484
0.8607213
0.885454
0.9074226
0.9168845
0.9041699
0.9001434
0.9007625
0.8795643
0.9011075
0.89615
0.8905306
0.9065271
0.914469
0.9052232
0.9027455
0.8983148
0.9054005
0.9083583
0.8994171
0.88022
0.9149261
0.9118023
0.8854197
0.8776578
0.8722878
0.8710518
0.8558902
0.8612374
0.8648133
0.9051981
0.8667129
0.8726384
0.8743197
0.8801019
0.8678113
0.8697352
0.8677524
0.9053564
0.9149998
0.9009464
0.8903191
0.8945713
0.8723251
0.8717467
0.8973173
0.9063875
0.914576
0.9085773
0.9063904
0.8709559
0.887906
0.8891036
0.8932544
0.8896754
0.898703
0.8938581
0.9215964
0.9142399
0.9156379
0.9153912
0.9014329
0.8772463
0.8770495
0.9093174
0.9024434
0.8655441
0.8849895
0.8764553
0.8890211
0.9025187
0.883214
0.9110301
0.8546955
0.9084562
0.9010546
0.9172953
0.9110247
0.9044178
0.9018103
0.9050075
0.9003045
0.8989067
0.9024732
0.9054756
0.9015146
0.9070072
0.898725
0.8840799
0.8891112
0.8772242
0.8779722
0.8612092
0.8651245
0.8793694
0.9100942
0.8878879
0.892051
0.8936675
0.8937964
0.8888288
0.8910591
0.8479994
0.9058404
0.9161737
0.899351
0.8973164
0.8901464
0.8152834
0.8997232
0.8957379
0.7524885
0.9016393
0.9083069
0.9042874
0.8980864
0.8932842
0.897251
0.8757176
0.8958393
0.8733487
0.9085368
0.9113494
0.9004544
0.8924454
0.8887809
0.8880811
0.8933132
0.8969528
0.8852127
0.9009316
0.8871845
0.8905316
0.8942499
0.894499
0.8947932
0.8896303
0.8988255
0.9034787
0.9084025
0.8960489
0.7554361
0.8982143
0.8895754
0.8898804
0.8998165
0.9017511
0.9192623
0.903672
0.9026794
0.8528408
0.8422019
0.8506791
0.8121683
0.8288042
0.8948657
0.7485661
0.9180893
0.9068737
0.907255
0.9100079
0.852125
0.8567623
0.8571323
0.9041834
0.8991681
0.8922772
0.9005367
0.8930447
0.874844
0.9051045
0.7934388
0.899579
0.8939784
0.9023618
0.8995399
0.9162528
0.9030088
0.8994717
0.8953746
0.8962839
0.8933627
0.8867
0.8932145
0.8981628
0.8913162
0.8999068
0.89228
0.8495433
0.8478731
0.8149846
0.7307309
0.8823999
0.8845833
0.8929101
0.900605
0.9249274
0.9229167
0.9251762
0.9266213
0.9215637
0.9229467
0.9120171
0.9006183
0.9166933
0.9033243
0.9029335
0.8998746
0.9063539
0.9036362
0.9051693
0.9045643
0.9094617
0.9090942
0.9054656
0.9018854
0.8974178
0.8983933
0.9311295
0.908587
0.915691
0.9086916
0.9118664
0.929623
0.9139812
0.9237282
0.919927
0.9245215
0.9294776
0.9212661
0.8964548
0.9228479
0.9227853
0.9246244
0.9244907
0.9227961
0.9218181
0.9281159
0.8995558
0.7434173
0.8990931
0.9046312
0.9027329
0.9258548
0.925224
0.9266938
0.9040706
0.9312585
0.9150296
0.8988296
0.9012793
0.915788
0.9174812
0.9167719
0.91282
0.8877907
0.9209432
0.9148569
0.9020119
0.9032749
0.9207418
0.9121558
0.9111055
0.9095965
0.9067183
0.90707
0.9242506
0.9201898
0.9243508
0.9076968
0.9004823
0.9122432
0.8996338
0.9284517
0.8975953
0.8904058
0.9193406
0.9080679
0.9017979
0.900282
0.90333
0.8929813
0.8941959
0.8930391
0.9011501
0.8926205
0.9073056
0.8924101
0.9168924
0.91706
0.9064101
0.9021225
0.9207225
0.9203434
0.9087307
0.8946336
0.841073
0.8507203
0.8436776
0.8459075
0.8397032
0.8425877
0.888424
0.9175437
0.9180153
0.9084123
0.9063925
0.9066232
0.8877954
0.9116607
0.8974715
0.8939693
0.9131989
0.915669
0.9159748
0.9094586
0.9024164
0.906793
0.9064673
0.8975266
0.885885
0.9197289
0.915211
0.8773214
0.8742261
0.865509
0.8627237
0.7046406
0.7943276
0.8607022
0.9138754
0.8627544
0.8644846
0.8663352
0.8690519
0.8697262
0.8695938
0.7735095
0.9172196
0.921761
0.9098832
0.8938284
0.9003929
0.8689201
0.8682162
0.8878521
0.9174504
0.9138452
0.913618
0.9148417
0.8833206
0.8915774
0.8928075
0.8947312
0.8871494
0.9144112
0.8984933
0.9227265
0.9211671
0.9222281
0.9090473
0.9059509
0.8796176
0.8767872
0.9135089
0.9092006
0.8623975
0.8835783
0.8701629
0.8935498
0.9187052
0.893501
0.9193079
0.8288383
0.9145802
0.9121901
0.9172724
0.9185292
0.9109083
0.9051563
0.9116506
0.9096496
0.9113726
0.9077434
0.9120759
0.9069062
0.9159699
0.9059749
0.8883394
0.8897261
0.8806197
0.889712
0.8634495
0.8544419
0.8952771
0.9207389
0.9055668
0.9050251
0.9051317
0.90664
0.9030294
0.9036615
0.8931322
0.9019152
0.9002506
0.9076367
0.9103406
0.9036244
0.8877755
0.9059107
0.8593217
0.8890263
0.9007924
0.9033013
0.8849189
0.9049591
0.8893912
0.8955147
0.9145021
0.8614117
0.8946532
0.8972313
0.9037863
0.9013376
0.9004968
0.9093815
0.9048734
0.9046647
0.9068767
0.9018968
0.8930053
0.9087068
0.9082601
0.9070623
0.9086221
0.9055048
0.9077351
0.9064608
0.9057028
0.9023714
0.9067463
0.888897
0.8564329
0.9104299
0.9110657
0.9124751
0.9030716
0.9131914
0.9208864
0.901083
0.8839069
0.8948675
0.892722
0.8950246
0.8954425
0.8843999
0.9019636
0.9048159
0.8997958
0.8944097
0.9060274
0.8933266
0.888306
0.8884826
0.9008882
0.9109344
0.9084942
0.8991113
0.9090337
0.8933512
0.8941389
0.8948164
0.9052288
0.9062333
0.897764
0.8876818
0.9105393
0.9070151
0.9125746
0.911178
0.9062206
0.9092727
0.9042037
0.9040614
0.907589
0.9046413
0.9135882
0.9053146
0.8948506
0.8932427
0.8872804
0.8867849
0.9043413
0.9030514
0.8834293
0.8909514
0.886541
0.886755
0.8888527
0.8878295
0.885468
0.8841574
0.8443089
0.9065495
0.9098035
0.9055115
0.9002092
0.8975512
0.8196256
0.8999136
0.8916526
0.7599062
0.9032131
0.9087375
0.9027271
0.9012483
0.894269
0.8985655
0.8732792
0.8928661
0.8804878
0.9024329
0.9112773
0.900526
0.8910781
0.8920744
0.891082
0.8936967
0.8948894
0.8864796
0.9008855
0.8874031
0.8903943
0.8917095
0.8906127
0.8936733
0.89269
0.8945104
0.9062049
0.9064426
0.9024704
0.7623033
0.8942906
0.894969
0.8948773
0.8993135
0.9051721
0.9189793
0.9090037
0.9041746
0.8510078
0.8359673
0.8487687
0.815746
0.8309726
0.8856384
0.7506358
0.9180648
0.9050182
0.9049319
0.9133079
0.8483239
0.8535181
0.8507696
0.9080316
0.9080961
0.8932983
0.8983885
0.897078
0.8723616
0.9031474
0.80572
0.9041106
0.8893522
0.9008518
0.8961289
0.9140138
0.9077
0.9014798
0.9042632
0.901302
0.8971535
0.8938011
0.8988548
0.9048285
0.8990045
0.903205
0.8932809
0.8530714
0.8501619
0.8094537
0.7448506
0.8841147
0.8869795
0.8839263
0.899675
0.9182746
0.9167871
0.9210526
0.9207778
0.9180779
0.9180206
0.9170068
0.8928258
0.9254066
0.8481662
0.8419388
0.8417302
0.9049422
0.834755
0.904123
0.9011755
0.8991965
0.9113594
0.9183107
0.832854
0.9007281
0.9051821
0.9322448
0.913983
0.9010757
0.9126628
0.911376
0.9204888
0.9131432
0.9070413
0.9061825
0.9140162
0.9218777
0.903776
0.902908
0.9071048
0.9074749
0.9120481
0.9098791
0.910023
0.907451
0.9211461
0.8978699
0.9062454
0.8420634
0.9021167
0.9102546
0.9118712
0.9115486
0.9138405
0.8176091
0.9339934
0.7828801
0.9067348
0.8974582
0.9183429
0.9201784
0.9160615
0.9103114
0.886888
0.9148607
0.9227445
0.9113322
0.9146678
0.9170303
0.9221797
0.8998855
0.8986489
0.9040586
0.6921953
0.9004882
0.9160839
0.9196157
0.9002163
0.9030616
0.903174
0.8953629
0.9186304
0.9096429
0.8928637
0.9225338
0.9030368
0.8477299
0.8317764
0.8378565
0.8259595
0.826775
0.8407855
0.8437322
0.8246083
0.8438576
0.8266239
0.9147238
0.9190831
0.8986154
0.8981639
0.9030793
0.9064484
0.9174657
0.9052325
0.848205
0.8545037
0.8516629
0.8506119
0.8484521
0.8464128
0.8815908
0.9139892
0.9207288
0.9032442
0.9060031
0.9065866
0.8778351
0.9054638
0.8928571
0.8800451
0.9086891
0.909459
0.9075354
0.9062388
0.8999283
0.9021303
0.8994498
0.895188
0.875797
0.9112903
0.9110207
0.8749955
0.8742102
0.8545885
0.8552244
0.845477
0.8387991
0.8483152
0.9091823
0.8504621
0.8483556
0.84831
0.8575255
0.8521395
0.8509981
0.8523287
0.9121044
0.9204865
0.9048178
0.8841926
0.8979941
0.8572738
0.8573105
0.8783984
0.9109026
0.9132323
0.9104536
0.9092952
0.8664448
0.8790544
0.8827372
0.8857451
0.8852093
0.9085737
0.890798
0.9194097
0.9148617
0.9143692
0.9078173
0.8945956
0.8655798
0.8654932
0.9106659
0.9058996
0.8505126
0.8749775
0.8685914
0.8840243
0.9139785
0.879974
0.9138251
0.8375956
0.9115908
0.9074074
0.9132701
0.9150927
0.9092977
0.9077797
0.9072202
0.9050429
0.9082749
0.9054748
0.9048657
0.9056157
0.9113203
0.9066083
0.8804387
0.8795229
0.876626
0.8778665
0.8505807
0.8435486
0.8811885
0.9132576
0.8504631
0.8566324
0.8548793
0.8562415
0.8484477
0.8502731
0.8916144
0.9161759
0.9244587
0.9118539
0.9097109
0.9091134
0.8870562
0.9101342
0.900239
0.894978
0.912945
0.9179694
0.9195849
0.9111741
0.906098
0.9111874
0.9030348
0.9055981
0.8835347
0.9188273
0.9186736
0.8800489
0.8782687
0.8637894
0.8653532
0.7706462
0.8147357
0.8598468
0.9164386
0.8618214
0.8630592
0.8681665
0.8697713
0.8705289
0.8665959
0.7876651
0.9143457
0.9277853
0.9137313
0.8949529
0.9066432
0.8662363
0.8671329
0.8863209
0.9196469
0.9146797
0.9133659
0.9168491
0.881433
0.8934526
0.8939702
0.8951432
0.8897545
0.9145815
0.8978487
0.9240022
0.9231991
0.9225077
0.9093993
0.9055037
0.881334
0.8811824
0.9168639
0.9097971
0.8604111
0.8896574
0.8757791
0.8916586
0.9180758
0.8878147
0.9193223
0.8404862
0.9163986
0.9177946
0.9202106
0.9206638
0.9109625
0.9104331
0.9126725
0.9112698
0.9104977
0.9120723
0.9140506
0.9096866
0.9135807
0.9103158
0.8919324
0.8897854
0.8849191
0.8902131
0.8611765
0.8497456
0.8954148
0.9211753
0.8823765
0.8830824
0.884255
0.8811513
0.8803434
0.8775301
0.8394326
0.9025524
0.9069229
0.9010688
0.8949935
0.894853
0.8031634
0.8975483
0.8877208
0.7245281
0.8993191
0.9051126
0.8958111
0.8962952
0.8847618
0.8931222
0.8684201
0.8905519
0.870982
0.9013134
0.9082096
0.8995714
0.8833817
0.8860801
0.8867945
0.8876654
0.8916279
0.8764853
0.8958043
0.8862484
0.8882599
0.8857493
0.8883654
0.8874404
0.8836031
0.8948289
0.9033957
0.9045985
0.8955278
0.7293957
0.8932763
0.8872621
0.8872505
0.8986068
0.8970129
0.9142045
0.9038661
0.8976501
0.8453307
0.8297354
0.8398837
0.7928339
0.8211519
0.8832875
0.7593383
0.917099
0.8989932
0.9044222
0.9120329
0.8484769
0.8458997
0.8436629
0.9037085
0.8957441
0.8868158
0.8933305
0.8898799
0.8715623
0.8961372
0.7721135
0.8951205
0.8863192
0.9001233
0.8892402
0.9096997
0.9040279
0.8950557
0.8965183
0.8968459
0.8892507
0.8865248
0.8927513
0.8982511
0.8912073
0.8961466
0.8846383
0.8373035
0.8377276
0.7927811
0.6734729
0.8777416
0.8856966
0.8836809
0.8971918
0.8922593
0.8932195
0.896569
0.896612
0.8925232
0.8943788
0.8544743
0.9038462
0.9118726
0.9033039
0.9015094
0.8973652
0.8264748
0.9019201
0.897896
0.7780378
0.9070688
0.9089683
0.9050585
0.9016358
0.892623
0.8987718
0.8780164
0.8980373
0.882604
0.9031702
0.9149359
0.9028523
0.8923856
0.889928
0.891715
0.8908647
0.8934546
0.881627
0.8986137
0.8918349
0.89399
0.8876761
0.8931767
0.8877635
0.8860965
0.8946921
0.9044845
0.9083652
0.8985787
0.7782786
0.8996341
0.890986
0.890816
0.900531
0.9026702
0.9185246
0.9069141
0.9072058
0.8577435
0.8440459
0.8568689
0.8274949
0.8364414
0.8943131
0.767746
0.9181335
0.9105188
0.908395
0.9146966
0.8583084
0.8590565
0.8574906
0.9062377
0.9032962
0.8903465
0.8990169
0.89539
0.8813923
0.9028598
0.8120474
0.9005275
0.896901
0.9065437
0.8944257
0.9151469
0.9052549
0.9007262
0.9000071
0.9000288
0.8952763
0.8957882
0.8975878
0.9031624
0.8975395
0.8997035
0.8940407
0.8551625
0.8543481
0.8271788
0.7553463
0.8788483
0.8865192
0.8931273
0.9021507
0.8905193
0.8909293
0.8930641
0.8933534
0.8887405
0.8914916
0.8543365
0.9028751
0.9143729
0.8984383
0.8976702
0.8956121
0.818426
0.8959867
0.8950758
0.7610802
0.9033718
0.9109855
0.9037671
0.8990743
0.8907523
0.89604
0.8752575
0.8941395
0.8821735
0.9056712
0.9147267
0.8999431
0.8908497
0.8892528
0.8885109
0.8913122
0.8932345
0.8818829
0.9014064
0.8906525
0.8932986
0.8879104
0.889592
0.8904301
0.8877363
0.8967913
0.9050197
0.9067219
0.8964006
0.7646587
0.8988272
0.8877796
0.8888412
0.898936
0.9024503
0.9166982
0.9045685
0.9024794
0.8519992
0.8426516
0.8511683
0.8184462
0.8360526
0.889093
0.7642247
0.9202379
0.9087213
0.9083923
0.9123681
0.8543642
0.8518532
0.853033
0.9103715
0.9014201
0.8897112
0.9050199
0.8956479
0.8722206
0.9023257
0.7972426
0.9011312
0.8934579
0.9048047
0.9006915
0.918569
0.9049269
0.8976843
0.8950531
0.8949549
0.8935593
0.8869352
0.8938523
0.8975228
0.8916724
0.8953488
0.8911324
0.8515747
0.8522107
0.8203997
0.7377815
0.8842113
0.8850583
0.8897312
0.9014428
0.8657686
0.8736428
0.8716211
0.8715549
0.8647455
0.8657513
0.8871037
0.9159957
0.9191303
0.9125805
0.9099305
0.9096005
0.8866671
0.9127905
0.9027445
0.8964502
0.9169086
0.9216789
0.910168
0.9101975
0.9072385
0.906508
0.9061502
0.9006057
0.8907239
0.9141137
0.9205338
0.8735653
0.8715847
0.8800087
0.8780136
0.8650998
0.8650363
0.8801612
0.9159883
0.8815599
0.8816577
0.8793128
0.8827839
0.8826031
0.8780754
0.8733418
0.9167112
0.9269992
0.9102337
0.8970525
0.9026955
0.8821227
0.8829543
0.8897882
0.9200879
0.9122135
0.9157013
0.9132043
0.8914625
0.8911509
0.8898022
0.8938446
0.9007815
0.9151711
0.9012608
0.9231515
0.9194111
0.9226986
0.9137198
0.9011858
0.8847915
0.8846431
0.9208229
0.9151545
0.8708814
0.8911412
0.8862598
0.8961151
0.9180962
0.8957701
0.921306
0.8671544
0.9181019
0.9141439
0.9176758
0.9257173
0.9125763
0.9155394
0.9143377
0.9130638
0.9125847
0.9138527
0.9122034
0.9090486
0.9165697
0.911522
0.8878172
0.8894507
0.8835085
0.8965206
0.8767976
0.8689258
0.8899428
0.9193173
0.8863938
0.8884793
0.8891282
0.8905384
0.8833195
0.8862745
0.8536576
0.9095805
0.9146144
0.9094505
0.9092652
0.9055367
0.8375783
0.9121555
0.9003392
0.8158782
0.9103414
0.9123699
0.9015906
0.9071692
0.897865
0.8976159
0.87371
0.9006417
0.8843341
0.90719
0.9095665
0.8964296
0.8933068
0.8892743
0.8897618
0.887655
0.8875295
0.8789984
0.9101822
0.8897539
0.8899847
0.8879007
0.8931506
0.8864384
0.8852453
0.8971541
0.9076439
0.9156735
0.9062931
0.8165877
0.9036716
0.8890744
0.8894569
0.8976066
0.9090877
0.9164784
0.9115474
0.9064838
0.8662221
0.8495336
0.8553325
0.789732
0.8215179
0.9011521
0.8299797
0.9183115
0.9094774
0.9113618
0.9116913
0.8579901
0.8605785
0.8613647
0.9117678
0.9105498
0.8889328
0.897194
0.8964011
0.8810699
0.9101579
0.7788605
0.9092502
0.8882338
0.9071474
0.9008776
0.9149586
0.9150575
0.9041232
0.9069269
0.905964
0.9043736
0.8986919
0.9041822
0.9090619
0.9020465
0.9070607
0.9029681
0.8520135
0.8539541
0.8320124
0.8063201
0.877517
0.8875085
0.8953238
0.9056651
0.8906211
0.8895184
0.8892928
0.8897904
0.8885292
0.8899158
0.8539388
0.913685
0.9126613
0.9140509
0.9109175
0.9041466
0.827547
0.9134959
0.9027364
0.8056923
0.9109484
0.915128
0.9004329
0.9117616
0.90034
0.901948
0.8700025
0.9006789
0.8850097
0.9075982
0.9174728
0.9000496
0.8958437
0.8896777
0.8894911
0.8918094
0.8918233
0.8820975
0.9082131
0.8905551
0.8926803
0.8922492
0.893756
0.8874722
0.8888489
0.8948393
0.9124612
0.9130387
0.9105975
0.8081494
0.9038308
0.8925896
0.8931663
0.9001829
0.9114075
0.9145088
0.9172312
0.9067333
0.8689177
0.8393379
0.8482584
0.7642202
0.8164567
0.9026225
0.8207035
0.9184347
0.9138595
0.9115853
0.9126892
0.8475132
0.8664179
0.8633777
0.9117208
0.91547
0.8930813
0.896676
0.8963101
0.8835301
0.912835
0.758553
0.9143734
0.8884351
0.9074378
0.9039209
0.9200164
0.9151353
0.9125509
0.9106691
0.9108596
0.9103768
0.9078562
0.9090487
0.9106724
0.9091461
0.914054
0.9067784
0.8520785
0.8478963
0.8237402
0.7968842
0.885101
0.8902259
0.8906385
0.9041324
0.8919846
0.8929438
0.8933658
0.8915951
0.8907
0.8903716
0.8545421
0.9150803
0.9187185
0.9149348
0.9165814
0.9135503
0.8352454
0.9146909
0.9018543
0.8174783
0.9139644
0.9172673
0.9039693
0.9142706
0.9040925
0.9011873
0.8717329
0.9019138
0.8914679
0.9076956
0.9148235
0.8981773
0.8985476
0.8946
0.8925048
0.8945958
0.8939275
0.8937174
0.9101831
0.8940473
0.895127
0.8961764
0.8959946
0.8964869
0.8971846
0.8987752
0.9154079
0.9200504
0.9121448
0.8185427
0.907832
0.8992322
0.8990632
0.9033133
0.9173344
0.9177445
0.9208588
0.9113335
0.8715549
0.8468365
0.8513928
0.7821277
0.8206394
0.906914
0.8245707
0.9186558
0.9139816
0.9163801
0.9149589
0.8530011
0.8727405
0.8727022
0.9155817
0.9172304
0.9022468
0.9059354
0.8991629
0.8915155
0.9141803
0.7774016
0.9166933
0.8907956
0.910487
0.9105958
0.918345
0.9205715
0.9160445
0.9177409
0.9134267
0.9145229
0.9094309
0.9115501
0.9161379
0.9142695
0.9150522
0.9127972
0.8521794
0.8515385
0.8375686
0.8107146
0.8908388
0.8946805
0.8964219
0.907358
0.8897214
0.8925112
0.8912232
0.8930629
0.8889448
0.8918036
0.8472883
0.9117511
0.916115
0.9052171
0.9053199
0.9057904
0.8200763
0.9095654
0.8968638
0.7994234
0.9117657
0.916699
0.9075539
0.9039931
0.8992481
0.9010449
0.8701092
0.9046378
0.8801783
0.9102162
0.9163623
0.8979541
0.8910838
0.8878998
0.8897046
0.8887129
0.8910059
0.884014
0.9072398
0.8922742
0.8923395
0.8919092
0.8927087
0.8883245
0.8885051
0.8925799
0.9126214
0.9152481
0.9051118
0.8021088
0.9009398
0.8911081
0.891529
0.9000034
0.906348
0.9177862
0.9126559
0.9074431
0.8616035
0.8396392
0.8454203
0.7607948
0.8138387
0.9025528
0.8184237
0.9236668
0.9126616
0.91128
0.9161436
0.8558215
0.8593555
0.8577486
0.9131176
0.9099243
0.8946407
0.9000669
0.8940367
0.8812746
0.911689
0.734778
0.9110364
0.8858179
0.9099751
0.9030621
0.9177193
0.914718
0.9043748
0.9062952
0.9066519
0.9028437
0.8988149
0.9021505
0.90781
0.9046168
0.9083629
0.9008315
0.8441873
0.8460051
0.8217244
0.786045
0.8830648
0.8902811
0.8920137
0.9055676
0.8924681
0.896405
0.8946337
0.8965248
0.8925337
0.8928418
0.8559319
0.9182377
0.9175749
0.9188557
0.9143008
0.9114699
0.838618
0.9160431
0.9036501
0.8169208
0.9129115
0.9175807
0.9081959
0.9161599
0.9083263
0.9079272
0.869205
0.9056624
0.8899338
0.9109132
0.9176711
0.9016953
0.8987324
0.8946023
0.8932574
0.8955033
0.8948731
0.885383
0.914664
0.8956192
0.8982053
0.8945381
0.8988646
0.8960543
0.8939567
0.9002313
0.9169586
0.9204391
0.9143428
0.8192881
0.9089971
0.8953025
0.8956396
0.9054257
0.9139871
0.9192274
0.9202187
0.9109766
0.8766435
0.8400789
0.8545314
0.7766254
0.8237315
0.9085996
0.8228511
0.9239388
0.9180339
0.9172728
0.9168533
0.8564278
0.8714224
0.8699488
0.9158645
0.9172784
0.8964462
0.9017317
0.9038402
0.889416
0.9155674
0.7789494
0.9172038
0.8908095
0.913022
0.9121742
0.9217021
0.9175099
0.9142666
0.9162812
0.9134101
0.9132624
0.9120533
0.9093721
0.9158465
0.9122117
0.9177244
0.9137531
0.8570799
0.8556803
0.8288907
0.8112247
0.8911693
0.8921985
0.8969706
0.9093582
0.8878863
0.8898456
0.8869878
0.8883276
0.885626
0.8884502
0.8477915
0.9132289
0.919158
0.9115316
0.9108567
0.9062035
0.8228348
0.9124678
0.9003114
0.81466
0.9135811
0.9188962
0.9047344
0.9087266
0.8989787
0.9022722
0.8723956
0.8989446
0.8830654
0.9103453
0.9113155
0.8969886
0.8937924
0.8918254
0.8917069
0.8879112
0.8888968
0.889303
0.9093313
0.8914709
0.896753
0.8877587
0.8913591
0.8887185
0.8894186
0.8920563
0.9125498
0.9166156
0.9097702
0.8115125
0.901322
0.893255
0.893438
0.8960196
0.9138539
0.9156651
0.9133106
0.9084737
0.8652882
0.8368744
0.8439999
0.769584
0.8165455
0.9026676
0.8174233
0.9206673
0.9101452
0.912373
0.9140705
0.8536739
0.8638971
0.8615193
0.9153501
0.9131725
0.8972971
0.9009189
0.8956032
0.881252
0.9102022
0.7624582
0.9120174
0.8857429
0.9062979
0.9032929
0.9198183
0.9141832
0.9085565
0.9080088
0.9109925
0.9109032
0.9035477
0.9068514
0.9124598
0.9094015
0.9107288
0.9069667
0.8392196
0.8413608
0.8309104
0.7981716
0.8845241
0.8887614
0.895218
0.9070127
0.9022661
0.903998
0.9053962
0.906163
0.9016793
0.9034144
0.8878231
0.9071098
0.9019822
0.9115663
0.9091596
0.9059338
0.88467
0.9024654
0.8605141
0.8939163
0.8980251
0.9022613
0.8833097
0.9064469
0.8870118
0.8919576
0.9139668
0.8582814
0.8949935
0.8933002
0.9017857
0.9017558
0.9031901
0.904937
0.9043966
0.9051644
0.9057
0.9016476
0.8913956
0.9035955
0.9085625
0.9089464
0.9067214
0.9038188
0.9034987
0.9037391
0.9053358
0.9064886
0.9100546
0.8905649
0.8510857
0.9114994
0.9113295
0.9178373
0.9061454
0.9119029
0.919134
0.9001923
0.8891407
0.895604
0.8906199
0.8988518
0.8960595
0.8944696
0.9075618
0.9077909
0.896963
0.899224
0.9063608
0.8943054
0.8907317
0.8903882
0.8969924
0.9115929
0.9051252
0.8999964
0.9085694
0.8964193
0.8966364
0.8979321
0.9093411
0.8985019
0.8970251
0.8945826
0.9131509
0.9070068
0.9119099
0.9095493
0.9076745
0.9101781
0.9049859
0.9032551
0.9082483
0.905859
0.9150155
0.9077389
0.8965815
0.8958071
0.8843304
0.8925641
0.9038599
0.901504
0.8849142
0.8885839
0.9021403
0.9041683
0.9045048
0.9043364
0.9022222
0.9018728
0.893617
0.9064699
0.9080856
0.9069916
0.9020846
0.900143
0.891024
0.9014327
0.8647107
0.8921089
0.8963852
0.9031152
0.8953548
0.8995691
0.8971301
0.8976324
0.9175512
0.8614257
0.8929071
0.8950532
0.9030044
0.902683
0.8975964
0.9038577
0.9029017
0.8988752
0.9062412
0.9030493
0.8967145
0.9027596
0.9060398
0.9063904
0.9071351
0.903874
0.9034012
0.9013241
0.9068339
0.9048404
0.9033429
0.8928072
0.8629169
0.9052554
0.9049325
0.9105555
0.9038203
0.9173789
0.9074087
0.9009129
0.8872314
0.8946279
0.8944361
0.8952177
0.8965763
0.8944892
0.9034958
0.9099919
0.8990371
0.9018591
0.9053369
0.896617
0.8868359
0.8866499
0.8995319
0.9039886
0.8975761
0.9013623
0.9066495
0.8916832
0.8986486
0.8890643
0.9023368
0.9025418
0.8990092
0.8950826
0.9129759
0.9067625
0.9039677
0.9011991
0.9002489
0.9009919
0.8960842
0.9018153
0.9072536
0.8976378
0.9066065
0.8995705
0.8979585
0.8953426
0.889061
0.8864413
0.8999323
0.8983263
0.8951328
0.8925235
0.9158522
0.9184844
0.9212621
0.9207214
0.9184033
0.917888
0.9141245
0.8982156
0.9263122
0.8437618
0.8404791
0.8387354
0.9116102
0.8356452
0.9102218
0.9059581
0.9084254
0.9111095
0.9241115
0.8373114
0.9025329
0.8993722
0.9297919
0.9174705
0.902988
0.9141649
0.9113592
0.9251734
0.9151169
0.905274
0.9067086
0.9100968
0.9188677
0.9048571
0.9119089
0.9111496
0.9103908
0.910576
0.9110524
0.9112767
0.9104642
0.9203386
0.9024984
0.9162046
0.8436366
0.9064484
0.9170555
0.9102077
0.9106515
0.9168349
0.8557996
0.9365413
0.8417748
0.9114591
0.9002311
0.9161911
0.9182992
0.9176843
0.9145236
0.89167
0.9140031
0.9248609
0.9121777
0.9154279
0.9184619
0.9211378
0.9064799
0.9054978
0.9121726
0.8486534
0.9043276
0.9166725
0.9177655
0.9020222
0.9080952
0.9015141
0.9010193
0.9193333
0.9120103
0.8976125
0.919016
0.907536
0.8531447
0.8370309
0.8455644
0.8333916
0.8382809
0.8410943
0.8541275
0.8263394
0.8393332
0.8320563
0.9149748
0.9142253
0.9057622
0.9004589
0.9074397
0.9012217
0.9255357
0.9129837
0.9139384
0.91625
0.9165481
0.9169712
0.9153151
0.9125437
0.9123144
0.8685725
0.9141697
0.8934931
0.8906508
0.8913821
0.8992637
0.8929655
0.8978362
0.9014853
0.8671386
0.8752735
0.9080624
0.8925841
0.8926094
0.8968981
0.9263052
0.9048605
0.9047003
0.8787349
0.8772067
0.9221414
0.9077746
0.9102998
0.9077956
0.9132653
0.9190888
0.9060246
0.84835
0.9087278
0.9120338
0.9103272
0.9109994
0.9128462
0.9147913
0.9196579
0.8640505
0.8955084
0.8922707
0.9004112
0.9014209
0.9133427
0.9124815
0.9214927
0.9002299
0.9337211
0.8999855
0.8707892
0.8943294
0.911346
0.9105031
0.9083964
0.9086045
0.8848074
0.9154646
0.9197498
0.8791237
0.8842847
0.9176304
0.9145022
0.8966562
0.8958017
0.8683589
0.8919849
0.9060053
0.9145543
0.9172993
0.898286
0.8569121
0.9018383
0.8654217
0.9198617
0.8689428
0.8954522
0.9189339
0.8507497
0.8891821
0.8857122
0.8880517
0.875969
0.880153
0.8859373
0.8938774
0.8811433
0.8924484
0.8796863
0.9109218
0.9083844
0.8985932
0.8954439
0.905208
0.9039934
0.9083084
0.8679281
0.9208894
0.9216853
0.9202447
0.9219873
0.9195914
0.918081
0.9096756
0.8846965
0.9061708
0.9087098
0.9058369
0.9046574
0.9073492
0.9029589
0.9042542
0.9035949
0.8717061
0.8716359
0.8960449
0.9047722
0.8986631
0.9008376
0.9252174
0.9057631
0.9154775
0.8666041
0.8841211
0.9152225
0.916449
0.918564
0.9193266
0.9185264
0.9213811
0.9148082
0.8477478
0.9151721
0.9154383
0.9148839
0.9182134
0.9183824
0.9213277
0.9221939
0.8843532
0.9061888
0.9090681
0.9070358
0.8994608
0.918358
0.9186434
0.9292964
0.9073751
0.9214752
0.9147907
0.8801923
0.9029133
0.9078474
0.9061809
0.9114963
0.9072411
0.8891563
0.9181562
0.9114031
0.8797767
0.8831433
0.9180181
0.9107359
0.9040964
0.9033009
0.8757711
0.9051005
0.9189859
0.9127054
0.9240065
0.9019282
0.8593867
0.9042462
0.8770856
0.9218448
0.8698397
0.8926813
0.9124612
0.8641454
0.9062601
0.9045901
0.9033723
0.9024962
0.9004657
0.8975052
0.9050437
0.9012655
0.9107813
0.9002573
0.9099452
0.9072169
0.9026924
0.9001995
0.9168881
0.9147818
0.90516
0.8672975
0.9170723
0.9179877
0.917103
0.9143808
0.9148785
0.9130064
0.9065543
0.8761572
0.9111647
0.901112
0.9022266
0.9014176
0.8992888
0.8993854
0.8988331
0.8977338
0.8731648
0.8750877
0.8985337
0.8999711
0.8963969
0.9003577
0.9247857
0.9047416
0.9048164
0.8750325
0.8812408
0.918918
0.9111205
0.9154278
0.9168566
0.9164543
0.9186766
0.9106457
0.8459537
0.9128359
0.9138368
0.9133247
0.9174518
0.9130358
0.9142411
0.9196609
0.8752561
0.9053292
0.9033357
0.9005491
0.896751
0.9171042
0.9184872
0.9244949
0.9039339
0.9247227
0.909768
0.8678429
0.8960238
0.9076759
0.9068303
0.9072513
0.9102478
0.8930713
0.9131937
0.915353
0.8770416
0.8789283
0.9151457
0.9110606
0.9019755
0.9018451
0.8735005
0.9023642
0.9107861
0.9095389
0.9212017
0.9028358
0.8599232
0.9034571
0.8713516
0.914721
0.8699653
0.8951737
0.9151137
0.8569234
0.9033338
0.9036445
0.8989373
0.8954263
0.8945314
0.8973948
0.8996492
0.8959799
0.9018268
0.8983623
0.9090328
0.9049076
0.8975901
0.8945244
0.911889
0.9137094
0.9085241
0.8651184
0.9185482
0.9165287
0.9167874
0.9169399
0.916137
0.9164222
0.9128885
0.8785466
0.916004
0.8986353
0.8996202
0.8992982
0.9057431
0.8979725
0.9049442
0.9073995
0.8741864
0.872738
0.9051822
0.8971222
0.8987698
0.9012961
0.9256579
0.9069224
0.9073619
0.8748841
0.8814965
0.9177304
0.9138065
0.9134673
0.9138052
0.9127567
0.923163
0.9073883
0.8469906
0.9130634
0.9134121
0.9138167
0.9164187
0.9165438
0.9167667
0.9151511
0.8720445
0.9037242
0.9040155
0.9060929
0.9034864
0.914629
0.913356
0.923158
0.9012482
0.9289617
0.9098477
0.8683789
0.8947273
0.9096157
0.9130143
0.9130082
0.9132875
0.8941168
0.9164327
0.9176606
0.8746743
0.8831552
0.9156987
0.9128726
0.9049584
0.9051043
0.8758557
0.9006352
0.9136043
0.9128653
0.9196589
0.903755
0.8570736
0.9051853
0.8752839
0.9134144
0.8659424
0.8952805
0.9155959
0.8613171
0.8969631
0.9011134
0.895828
0.8955739
0.8958053
0.8943605
0.8975583
0.8911224
0.9049477
0.8955899
0.9103504
0.9086016
0.905719
0.9014501
0.9128895
0.9099627
0.9042951
0.8650251
0.9186765
0.9205046
0.9241613
0.9217566
0.9212662
0.9210219
0.9204517
0.8813817
0.9266727
0.8993604
0.8983525
0.897357
0.9116254
0.9007313
0.9141956
0.911154
0.8900443
0.8907784
0.9235506
0.9036606
0.9056774
0.9103206
0.9332298
0.9138357
0.9052534
0.8972215
0.895416
0.9250087
0.9107555
0.9100968
0.9124188
0.913404
0.9233091
0.9101608
0.8823333
0.9112792
0.9110576
0.9162156
0.9174128
0.9113677
0.9140003
0.9237684
0.8796593
0.9121743
0.8994984
0.9126721
0.9183263
0.9159611
0.9162101
0.9199082
0.9100888
0.9360948
0.9010696
0.8904893
0.9028702
0.918897
0.9252779
0.9206931
0.9152015
0.9001869
0.9211524
0.9238694
0.8995504
0.9024372
0.9170084
0.9263746
0.9030342
0.9023936
0.8928415
0.8976959
0.908392
0.9209038
0.9208367
0.9033898
0.8826977
0.9107834
0.8830016
0.9216527
0.8890929
0.9044711
0.9187559
0.8782125
0.8956417
0.8954326
0.8968341
0.8857877
0.8871829
0.8993107
0.9015925
0.886604
0.8924805
0.8906725
0.9209655
0.921612
0.9089252
0.9055936
0.9127249
0.9068212
0.9254845
0.8953081
0.9104897
0.912578
0.9156409
0.9140669
0.9124054
0.9092758
0.9048621
0.8666466
0.9117637
0.8937938
0.8937559
0.888257
0.8951301
0.8932693
0.900543
0.8952705
0.865266
0.865424
0.9014974
0.8935349
0.8906546
0.8971079
0.923184
0.9039433
0.9015728
0.871572
0.8760773
0.9179677
0.9044734
0.9078156
0.9050121
0.9151051
0.9189046
0.9050993
0.8419899
0.9067118
0.9076656
0.9107874
0.9143661
0.9077808
0.9090066
0.9185664
0.8681455
0.8977391
0.8938197
0.8954038
0.8970334
0.9156195
0.9162107
0.9210481
0.8970271
0.9287452
0.9010898
0.8737042
0.8898225
0.9068442
0.9063469
0.9039966
0.9046379
0.8834504
0.9077103
0.9139357
0.8734163
0.8799956
0.9120647
0.9109728
0.8965852
0.8953756
0.8731446
0.8931409
0.9084417
0.909642
0.9191118
0.8955711
0.8602672
0.897806
0.8616024
0.9148688
0.8676586
0.8945344
0.9102998
0.8556778
0.8911205
0.8890658
0.8897259
0.8789545
0.883321
0.8848751
0.8903819
0.8816636
0.8929142
0.8832234
0.9064127
0.9049282
0.8914841
0.8883804
0.9053426
0.9090941
0.9046985
0.8561612
0.9176766
0.9190886
0.9224065
0.9236451
0.9186264
0.917036
0.9120649
0.8649706
0.9112581
0.8954504
0.8948578
0.8940356
0.8963401
0.8940067
0.896071
0.8953644
0.8669058
0.8742318
0.8977922
0.8935875
0.8927245
0.8944058
0.9249817
0.9059133
0.9026177
0.8717748
0.8796976
0.9191042
0.9107517
0.9138017
0.9125679
0.9171749
0.9229986
0.9124835
0.8388254
0.9123174
0.9131694
0.9146848
0.9159227
0.9145157
0.9168439
0.9206776
0.8630943
0.892976
0.8979879
0.8969723
0.894081
0.9152316
0.9140696
0.9257847
0.9000466
0.9283828
0.9056394
0.8656403
0.8904805
0.9092008
0.9092106
0.9093593
0.9081687
0.8809142
0.9119468
0.9135829
0.8747151
0.8811165
0.9173383
0.9103797
0.9002403
0.8996732
0.8674027
0.8977368
0.914905
0.916319
0.9170054
0.8941399
0.8518421
0.9001542
0.8586058
0.9207354
0.8587645
0.8905204
0.9178491
0.8512493
0.8983653
0.8950762
0.8960284
0.8866627
0.8832004
0.8886558
0.8976035
0.8914686
0.8973728
0.8916207
0.9099384
0.9112025
0.8977765
0.8921633
0.9109006
0.9135008
0.9059823
0.8574918
0.9128312
0.915479
0.9142746
0.915047
0.9118899
0.9122502
0.9084367
0.8851964
0.9052982
0.9148324
0.9078139
0.9092077
0.9036063
0.9100046
0.9046906
0.9061248
0.8753466
0.8803861
0.8932827
0.9088303
0.8998918
0.9004667
0.9225851
0.9028967
0.9140337
0.8724101
0.8840889
0.9173716
0.9109838
0.9191774
0.9170578
0.9219184
0.9197488
0.9165901
0.8511359
0.9178973
0.9185704
0.9169146
0.9194286
0.9169067
0.9173612
0.9202341
0.8816783
0.9035353
0.9095735
0.9074325
0.8942521
0.9203626
0.9209463
0.925667
0.9102428
0.921433
0.9212315
0.8769453
0.9052223
0.9099412
0.9079774
0.9091715
0.9100344
0.8932706
0.9172135
0.9117782
0.8765524
0.881299
0.9172075
0.9106915
0.9077322
0.9089264
0.8779289
0.9118856
0.9161596
0.9134929
0.9212832
0.906831
0.868884
0.9064055
0.8822332
0.9160714
0.8734647
0.8966184
0.9153148
0.8729051
0.9130931
0.9136543
0.9102587
0.9086187
0.9065609
0.9075664
0.9092537
0.9064844
0.9120547
0.9033412
0.9090135
0.906564
0.906202
0.9019771
0.9167461
0.9159509
0.9043085
0.8658712
0.9141037
0.9125958
0.914048
0.9145564
0.9126165
0.9113068
0.9091006
0.8686808
0.916308
0.8952045
0.8894409
0.8884329
0.899729
0.8920919
0.8989493
0.9010392
0.8670744
0.8712816
0.9069016
0.888611
0.8970642
0.9025043
0.9290982
0.9066548
0.901534
0.8727239
0.8765722
0.9204922
0.9063696
0.9087854
0.9072136
0.9092605
0.9171539
0.9057479
0.8484744
0.9054853
0.9095245
0.9094427
0.9134326
0.9115022
0.9129425
0.9151831
0.8653126
0.9022338
0.8913988
0.9001626
0.9041598
0.9080639
0.9086294
0.9202913
0.8985152
0.9346732
0.897501
0.8657188
0.8902511
0.9097594
0.9108971
0.9117836
0.9077484
0.887967
0.9119716
0.9173309
0.8803345
0.8861918
0.9126463
0.9157115
0.8945635
0.8951846
0.8716864
0.8901297
0.9035189
0.9141063
0.9177676
0.8975106
0.8548059
0.8998523
0.8647092
0.9170887
0.8717613
0.8909044
0.9135833
0.8582354
0.8888277
0.8908979
0.8879805
0.8799294
0.8816909
0.8879231
0.8896316
0.8806442
0.8953289
0.8797685
0.9094874
0.9081137
0.8977816
0.8953854
0.9054413
0.9035546
0.9103935
0.8678213
0.9156187
0.9185295
0.917453
0.9186762
0.9158772
0.9143904
0.9053567
0.8647732
0.908283
0.8975269
0.894612
0.8920591
0.8969351
0.8928324
0.8999052
0.8978395
0.8599752
0.87074
0.8951825
0.8902225
0.8881408
0.891464
0.9224114
0.898707
0.9013958
0.8667142
0.8745902
0.9187372
0.9048503
0.9096347
0.9112698
0.9142207
0.9211202
0.9084119
0.8424882
0.9120559
0.9131787
0.9137008
0.9173049
0.914526
0.9159715
0.9184238
0.8706156
0.8921418
0.8949906
0.8969303
0.8940376
0.9157762
0.9155301
0.9217249
0.8943365
0.9268921
0.9020194
0.8653168
0.8852146
0.9062879
0.9082065
0.9076161
0.9062266
0.8817345
0.9129943
0.9117117
0.8692418
0.8772707
0.9110071
0.9084027
0.896081
0.8947881
0.8644437
0.8954463
0.9174943
0.9117108
0.9181079
0.8977446
0.8521517
0.9001938
0.8617283
0.9181623
0.8620832
0.8874815
0.9146588
0.8535077
0.8936689
0.8891466
0.8913187
0.8804474
0.8831879
0.8841673
0.8924908
0.8836358
0.8973709
0.8832139
0.9052677
0.905657
0.8919714
0.8891128
0.91118
0.9097106
0.9035775
0.8605927
0.9175733
0.918068
0.921073
0.9220483
0.9198141
0.9202916
0.9151611
0.8776373
0.9230132
0.8991612
0.894712
0.8956911
0.9061453
0.9004869
0.9046508
0.9052613
0.8804032
0.8830161
0.9176704
0.8968527
0.900922
0.9069203
0.9257861
0.9068574
0.907024
0.8853929
0.8858979
0.9234849
0.9110569
0.9115201
0.9154569
0.9141572
0.9206127
0.9124747
0.8687966
0.9111551
0.9154108
0.917136
0.9165091
0.9129699
0.9127491
0.922216
0.8779085
0.9110061
0.8934909
0.9027793
0.9065574
0.9131198
0.913827
0.9206777
0.904152
0.9344753
0.8967479
0.8796859
0.8997653
0.9127486
0.917997
0.9138278
0.9102237
0.8989766
0.916219
0.9225759
0.8886233
0.8931195
0.9158246
0.9207214
0.9054765
0.9035547
0.8857992
0.896103
0.9113029
0.9179602
0.9192261
0.9017555
0.8727681
0.9081879
0.8718437
0.919979
0.8791704
0.9006286
0.9158354
0.8670623
0.8922865
0.8932231
0.8936605
0.8846425
0.8890638
0.8922683
0.8966104
0.8872258
0.8939487
0.8895583
0.9139819
0.9147647
0.9066681
0.8988788
0.9114382
0.9088129
0.9177193
0.8786669
0.9265029
0.9271457
0.9261805
0.9297351
0.9263592
0.926502
0.9219306
0.907984
0.9173099
0.9124855
0.9071883
0.9095589
0.9147827
0.9113184
0.9146341
0.9152579
0.9131729
0.9153149
0.910299
0.91104
0.9039136
0.9063571
0.9335523
0.9131135
0.9226732
0.9111184
0.9150398
0.9317406
0.9196209
0.9268414
0.9253584
0.9306383
0.9300166
0.9262211
0.9014163
0.9265034
0.9261275
0.9293622
0.929721
0.9295487
0.9304551
0.9279868
0.9073142
0.8163117
0.9066062
0.91537
0.9113745
0.9275587
0.9269726
0.930116
0.909941
0.9330637
0.9221114
0.9077227
0.9111975
0.9166935
0.9197974
0.9195218
0.9209148
0.8974512
0.9241614
0.920305
0.9093177
0.9085015
0.9223988
0.9152482
0.916768
0.9175818
0.9121459
0.9173112
0.9289291
0.9241233
0.9265793
0.9120151
0.9094661
0.9180392
0.9093245
0.9296809
0.905444
0.9035621
0.9210268
0.9149697
0.9128749
0.9103597
0.9101912
0.9054529
0.9095492
0.9066134
0.9111119
0.9069563
0.9155463
0.9070937
0.9203755
0.9231398
0.911087
0.9120264
0.9277827
0.9233211
0.9143725
0.9029216
0.8696343
0.8729924
0.8746166
0.8713754
0.8707239
0.8716725
0.8872164
0.9138436
0.9169054
0.9143176
0.9110673
0.9103166
0.8893196
0.9112538
0.9025921
0.8936238
0.914494
0.9190826
0.9100735
0.9102573
0.9076809
0.9084026
0.9072054
0.900899
0.8886199
0.9174003
0.9156512
0.8820681
0.8830632
0.879248
0.8783991
0.8633432
0.8622154
0.8739405
0.9151346
0.8772131
0.8787252
0.8773656
0.8767343
0.8822147
0.8810369
0.8773927
0.9187072
0.9285209
0.9111305
0.8941514
0.9046163
0.8773998
0.8788278
0.8918519
0.9189832
0.9137661
0.9127433
0.9161586
0.8844245
0.891449
0.8915714
0.895357
0.8970107
0.912206
0.8970712
0.9226846
0.9160824
0.9166608
0.912594
0.9051691
0.8818678
0.8823971
0.9172358
0.9113422
0.8783444
0.8917097
0.8819603
0.8978006
0.916516
0.8916729
0.9203568
0.8618048
0.912277
0.9138101
0.9178645
0.9171659
0.9121491
0.9133888
0.9136959
0.9103404
0.9119636
0.9129102
0.9133436
0.9079655
0.9140175
0.9084972
0.8868133
0.8889834
0.8871325
0.8909091
0.8735168
0.871843
0.8897432
0.9157775
0.913266
0.9133801
0.914151
0.9146067
0.9120452
0.9103933
0.915846
0.9291423
0.9357982
0.9228119
0.9222557
0.921875
0.9155056
0.9217036
0.9237697
0.9170909
0.9278109
0.9312459
0.9330159
0.924132
0.9223516
0.9243026
0.9250254
0.9208043
0.917179
0.9301266
0.9315215
0.9133761
0.9139744
0.9124403
0.9116918
0.9061551
0.9071277
0.909862
0.9280855
0.9105387
0.9100611
0.9092664
0.9116089
0.9108901
0.9101307
0.9150662
0.9292492
0.9362186
0.9226903
0.9171933
0.9264671
0.9142573
0.9135701
0.911236
0.9257882
0.9290944
0.9263208
0.9255955
0.9091323
0.9170797
0.9164944
0.9210608
0.9175783
0.9255345
0.9198083
0.9340908
0.931441
0.9307881
0.9298642
0.9239816
0.9085106
0.907897
0.9269523
0.9231062
0.9090498
0.9126423
0.9098629
0.9189124
0.9296608
0.9188205
0.9299078
0.9066893
0.9269473
0.9262164
0.9300505
0.9332468
0.9230929
0.925234
0.9215666
0.9225431
0.9222191
0.9227453
0.9240839
0.9217022
0.9249261
0.9210212
0.9154069
0.9180294
0.9113876
0.9177011
0.9089961
0.9091162
0.919551
0.9303419
0.8912593
0.8912702
0.8923622
0.8914637
0.8892555
0.8900409
0.901177
0.9213063
0.9257453
0.9145359
0.9138035
0.9144505
0.8968514
0.9127562
0.9101706
0.8949422
0.9177735
0.9247713
0.9214723
0.9142151
0.91462
0.9153786
0.9189861
0.9082087
0.9025774
0.9218387
0.9215327
0.8953101
0.8986118
0.8922594
0.8875584
0.886425
0.8915873
0.886223
0.9167881
0.8885351
0.8901553
0.8920529
0.894066
0.8890713
0.8919993
0.896081
0.9188098
0.9271746
0.9107092
0.8981422
0.9092852
0.8918823
0.891752
0.9067141
0.9223836
0.9173197
0.9163395
0.9186846
0.8967645
0.8997662
0.9012525
0.9007788
0.9002902
0.9156296
0.9083964
0.9265576
0.9220986
0.9231934
0.9181877
0.9095516
0.8978498
0.8938271
0.9176317
0.914536
0.888825
0.9029296
0.8996863
0.9020879
0.9164095
0.8986242
0.919708
0.8887221
0.9178169
0.9201697
0.9256853
0.9193045
0.9135789
0.9146989
0.9161439
0.9122096
0.9124738
0.9111072
0.9159294
0.9112407
0.9135072
0.9103974
0.9016637
0.8990264
0.893381
0.9002255
0.8882788
0.8896737
0.9021538
0.9229403
0.9195883
0.9199663
0.9233443
0.9238959
0.9214825
0.9203661
0.9153145
0.9028261
0.9292891
0.8459275
0.8444301
0.8426788
0.9110772
0.8391382
0.9133152
0.9065571
0.9114408
0.9142156
0.9230659
0.8432162
0.9034946
0.9064889
0.9301524
0.9130542
0.9045698
0.9144033
0.9124203
0.9255056
0.9169887
0.9087427
0.9098788
0.9121936
0.9180334
0.9065484
0.9131686
0.9112729
0.9124327
0.9118856
0.9121315
0.9125502
0.9110527
0.9199624
0.9048981
0.9171552
0.8478408
0.9071225
0.9194087
0.9116325
0.9117306
0.9148338
0.8619862
0.93714
0.8433348
0.9124012
0.9002489
0.9198442
0.9207279
0.9167341
0.9123049
0.8927141
0.9164473
0.9272418
0.913045
0.9190298
0.9166066
0.9227262
0.9063366
0.9057443
0.9131135
0.8466722
0.9048895
0.9177332
0.9184781
0.904087
0.9117908
0.9050853
0.9028721
0.9199019
0.9110426
0.8992764
0.9218825
0.9105462
0.8556589
0.8420934
0.8495787
0.8391492
0.8436691
0.8483893
0.8573249
0.8367769
0.8475853
0.8335468
0.9151323
0.9141539
0.9094725
0.9026947
0.9073731
0.9005301
0.9247736
0.9176869
0.889269
0.8918337
0.8959141
0.8946519
0.8901305
0.8911202
0.879491
0.9041313
0.9138368
0.9038194
0.8983755
0.9005089
0.8687633
0.8982819
0.8884898
0.879027
0.9079107
0.9115953
0.9008358
0.8986667
0.8910619
0.8942139
0.9071948
0.8874165
0.5858646
0.9107539
0.9146402
0.896521
0.8877257
0.8837361
0.8870638
0.8858375
0.880471
0.8798355
0.9048497
0.8841485
0.8881631
0.8861835
0.888865
0.8867069
0.8833648
0.8900107
0.9068242
0.9123728
0.8969442
0.877862
0.8940928
0.8890795
0.8894248
0.8957102
0.907484
0.9203336
0.9056113
0.9063262
0.8632088
0.8775896
0.8821826
0.8791708
0.8814327
0.8939183
0.8858027
0.9209428
0.9136369
0.9133388
0.9104868
0.889858
0.8704415
0.8682879
0.9073928
0.9037351
0.8844633
0.8924632
0.895598
0.8801228
0.9061065
0.8809929
0.9052092
0.8884335
0.9053452
0.8970465
0.9179272
0.9079604
0.9032824
0.8991767
0.9006184
0.8952901
0.8925103
0.899725
0.9033647
0.8947999
0.9046446
0.8939277
0.8790202
0.8828461
0.868727
0.8740602
0.8814021
0.8787923
0.8902426
0.9050628
0.886151
0.8868074
0.8851567
0.8864343
0.8829722
0.8831159
0.8805537
0.9172463
0.9003514
0.9161984
0.9114466
0.9120747
0.884713
0.9130667
0.894344
0.891551
0.9138017
0.9127407
0.8972302
0.9084444
0.8974673
0.9022532
0.9022798
0.8859867
0.8878684
0.9099186
0.9117931
0.8856875
0.8885772
0.8876907
0.8865154
0.8851204
0.8785271
0.8876998
0.9053453
0.8887769
0.892153
0.8916815
0.8917336
0.8881581
0.8925819
0.893105
0.915564
0.9160758
0.9088001
0.8893743
0.891299
0.8950982
0.8950457
0.8940713
0.915751
0.9072265
0.9206282
0.9130946
0.8848624
0.8808108
0.8800407
0.8882243
0.8881686
0.9041245
0.8929466
0.9126503
0.91374
0.9064401
0.912233
0.8927056
0.8779175
0.8785366
0.9074539
0.9178951
0.8893908
0.8931075
0.8948741
0.8935271
0.9120961
0.895893
0.9176702
0.8812412
0.9079957
0.9082536
0.9111219
0.9207949
0.9161647
0.9132608
0.9163605
0.9177526
0.9126286
0.913045
0.9136
0.9131771
0.9172728
0.9128992
0.8775986
0.8802638
0.8787171
0.8936479
0.8916018
0.8816516
0.8787434
0.9064746
0.8817763
0.8808979
0.8838925
0.8852578
0.8808475
0.881601
0.8837403
0.9137023
0.9128999
0.9143779
0.9115819
0.9141378
0.8818651
0.9121188
0.8979792
0.8880099
0.9122726
0.9151526
0.9053444
0.9138606
0.9017889
0.9048482
0.9032964
0.8909723
0.8849574
0.9144542
0.9119679
0.8867238
0.8910482
0.8898497
0.8886657
0.8856386
0.8863259
0.8909458
0.9106783
0.8917676
0.8896866
0.8975507
0.8959943
0.8930516
0.8898605
0.8878347
0.9149653
0.9222584
0.9116812
0.8893306
0.8998809
0.893485
0.8942606
0.8947277
0.9190401
0.9078105
0.9182206
0.9112883
0.8847728
0.8819754
0.8852121
0.8905007
0.8853105
0.9016232
0.8963843
0.9160166
0.9090254
0.9127615
0.9128879
0.8948541
0.8783105
0.8799084
0.9156837
0.9204855
0.889106
0.8951934
0.8949929
0.8914824
0.9148093
0.8970809
0.918662
0.8840202
0.9062837
0.9052331
0.9143065
0.9218111
0.9178383
0.9150777
0.9118775
0.9130906
0.9126096
0.9110378
0.9135433
0.9137413
0.91955
0.9140569
0.8841304
0.883895
0.8800934
0.8905903
0.8931567
0.8878718
0.8881127
0.9112743
0.8838863
0.8858707
0.8869185
0.8846515
0.8806587
0.8835162
0.841103
0.9085302
0.9127226
0.9059242
0.9004458
0.8995705
0.8131538
0.9068573
0.897854
0.7869059
0.9105827
0.9136191
0.8997594
0.9033298
0.894405
0.8941134
0.8658594
0.8963103
0.8819243
0.9053807
0.9155025
0.8967712
0.8918571
0.8863522
0.8874978
0.8920444
0.8882786
0.8823231
0.9027888
0.8852359
0.8860024
0.8858626
0.8890555
0.8835787
0.8834094
0.8933882
0.9066197
0.9090975
0.9024242
0.7955956
0.8982488
0.8876429
0.8881473
0.8940768
0.9050414
0.9141607
0.9130205
0.9059278
0.850767
0.8341432
0.8404227
0.718192
0.8051953
0.8960755
0.8001237
0.9170351
0.9094823
0.9055472
0.9132714
0.8477474
0.8589389
0.8574965
0.9094512
0.9094729
0.8935162
0.8970687
0.888512
0.8725256
0.9055558
0.6992687
0.9042964
0.8867491
0.9046338
0.9021143
0.9176353
0.9095008
0.9040269
0.9043675
0.9007829
0.8996105
0.8945805
0.8989377
0.9042664
0.8988087
0.9075212
0.8953238
0.8325529
0.8365814
0.8100552
0.7672827
0.8800305
0.8903794
0.8856759
0.9039466
0.918521
0.9192432
0.916591
0.9176443
0.9194575
0.9177719
0.9194474
0.9533653
0.9265674
0.9507619
0.9494943
0.9525004
0.9251449
0.9459877
0.9313389
0.9328489
0.9457599
0.9408969
0.9272277
0.9494343
0.9420858
0.9395043
0.9268477
0.931349
0.934514
0.9341485
0.9398067
0.9165497
0.929584
0.9255998
0.9243572
0.9195722
0.9147167
0.9246566
0.9373725
0.9256763
0.9235796
0.9242164
0.9222741
0.9221949
0.9274191
0.9123193
0.9486815
0.9483958
0.9529385
0.9345952
0.9250082
0.9225856
0.923494
0.9297122
0.949416
0.919052
0.9550719
0.9435265
0.9369797
0.9261939
0.9176203
0.9275199
0.9297927
0.9401578
0.9312492
0.9342097
0.9364968
0.9351109
0.9325792
0.9237771
0.9303094
0.931063
0.9430329
0.9550082
0.9285881
0.9280171
0.9281777
0.9385063
0.9440491
0.9381687
0.9494579
0.9126888
0.9408215
0.9398601
0.9376757
0.9468542
0.9513941
0.954886
0.9517201
0.9575618
0.9546437
0.9500033
0.9498296
0.9539077
0.9562466
0.9551612
0.9238171
0.921771
0.9298951
0.9374917
0.9281918
0.9282392
0.9169142
0.9372206
0.8881134
0.8912755
0.8909366
0.8921062
0.8883724
0.8885603
0.8391498
0.906625
0.9121736
0.9064067
0.9016058
0.8951549
0.807829
0.9034705
0.8916106
0.7255056
0.9056901
0.9088064
0.8990916
0.9024014
0.8926625
0.8976232
0.8644623
0.8964806
0.8779884
0.9011749
0.9132015
0.9012398
0.8942428
0.8920701
0.8898133
0.8947991
0.8916732
0.8844359
0.9023279
0.8907605
0.8924136
0.8963438
0.8946321
0.8889088
0.8897731
0.8976272
0.9098896
0.9069997
0.9023216
0.7271339
0.8945134
0.8916533
0.890812
0.8994813
0.900898
0.9207219
0.9102682
0.9049633
0.8483949
0.830707
0.8393802
0.7966543
0.8274164
0.889614
0.7120621
0.9214469
0.9064378
0.9082697
0.9154067
0.8487392
0.8502954
0.8497228
0.905402
0.9051604
0.8925748
0.8975111
0.8932179
0.8711244
0.9032316
0.7782823
0.9009808
0.8912234
0.9061795
0.8977137
0.9155265
0.9099428
0.9042378
0.9008027
0.9026192
0.8997852
0.8937119
0.9002238
0.9015312
0.8973895
0.9047348
0.896064
0.8368146
0.8409355
0.8007863
0.6980009
0.8836469
0.8889529
0.8871026
0.8990087
0.9238521
0.9228487
0.92506
0.9251572
0.9215398
0.9213693
0.9183513
0.8940004
0.9211612
0.898945
0.895178
0.8967029
0.9067932
0.8983101
0.9066123
0.9083257
0.9063291
0.9087657
0.9089255
0.8959328
0.9004194
0.9010118
0.9355957
0.9066859
0.9122375
0.9102051
0.9119241
0.92641
0.9137943
0.9146223
0.9155812
0.9240611
0.9292686
0.9159512
0.9010515
0.9162385
0.919447
0.9210302
0.9236912
0.9241858
0.9202042
0.9280649
0.8956064
0.8328052
0.8935621
0.9071501
0.9063045
0.9203102
0.9202917
0.9246414
0.9026874
0.9323465
0.9050173
0.905625
0.9007771
0.9174236
0.9231978
0.9197964
0.9192231
0.8899676
0.9220376
0.9204659
0.9056862
0.9080134
0.9176236
0.9202958
0.908011
0.9061399
0.905391
0.8991215
0.9161372
0.9169013
0.9214017
0.9047323
0.8984906
0.9144914
0.8927448
0.9267608
0.9033661
0.9000334
0.9198211
0.9099322
0.8978086
0.8927195
0.8939422
0.888612
0.8867536
0.8923973
0.8920775
0.8854538
0.9020966
0.886816
0.9213882
0.9223519
0.904536
0.9050854
0.9167357
0.9134553
0.9159289
0.901128
0.9173738
0.917918
0.9167809
0.9187664
0.9178728
0.9187106
0.9092618
0.8954195
0.9044855
0.9192291
0.9174846
0.9157765
0.9047411
0.9148673
0.906825
0.9089816
0.8888143
0.8852581
0.8918267
0.9137623
0.898127
0.9046577
0.9225614
0.8975798
0.9171593
0.8821204
0.8872031
0.9163081
0.9134629
0.92533
0.9174617
0.9207953
0.921366
0.9197915
0.8669196
0.920063
0.9207023
0.9220872
0.9238278
0.9212123
0.9238624
0.9220779
0.8929813
0.9090602
0.9194955
0.9093516
0.9020624
0.9267473
0.9266895
0.9315498
0.9162266
0.9188809
0.9293412
0.883055
0.9110649
0.9101656
0.9038336
0.910051
0.9103787
0.8955548
0.920597
0.9117647
0.8816794
0.8857583
0.9155938
0.9093119
0.9147136
0.914399
0.8838431
0.9227629
0.9231956
0.9180019
0.9208154
0.9122035
0.877858
0.9107859
0.8938805
0.9202562
0.8794604
0.9018867
0.9124113
0.8837973
0.9210764
0.9152817
0.9153534
0.9170531
0.9160525
0.9096722
0.9156097
0.9156627
0.9255525
0.917041
0.9110733
0.9073927
0.9061122
0.9071114
0.92053
0.9225915
0.9038567
0.8746604
0.8863604
0.8898332
0.8888929
0.8889923
0.8851752
0.8889965
0.8485689
0.9106895
0.9116348
0.9116612
0.907233
0.9081532
0.8262005
0.9068109
0.9066841
0.8154618
0.9104012
0.9135381
0.9024161
0.9077365
0.8974267
0.8988845
0.8754259
0.9010598
0.8816463
0.9085375
0.9155647
0.8948618
0.8933063
0.8886426
0.8923611
0.8975554
0.891141
0.8882954
0.9055163
0.8940972
0.8934118
0.8949357
0.8968192
0.8905255
0.8892074
0.8936854
0.9132212
0.9134946
0.909171
0.8135451
0.9046467
0.8942182
0.8941272
0.899914
0.9126532
0.9149344
0.9175405
0.9097683
0.8684984
0.8371519
0.850931
0.7838345
0.8127814
0.9002311
0.8196436
0.9195577
0.9124493
0.9095603
0.9136021
0.8535964
0.868444
0.866793
0.9133666
0.910378
0.89732
0.8999754
0.8947387
0.8840758
0.9093344
0.7734979
0.9096233
0.887762
0.9036209
0.9059013
0.9160899
0.9143108
0.9070641
0.9077954
0.9082906
0.90653
0.9035671
0.9053846
0.9118977
0.9051733
0.9105135
0.9041452
0.8462167
0.8476765
0.8312394
0.8057194
0.8868358
0.8911334
0.8892731
0.9062039
0.8607337
0.8639953
0.8644237
0.8668411
0.8607032
0.8592193
0.8797137
0.8959009
0.909075
0.8928714
0.8881382
0.8879927
0.8703806
0.8938307
0.8839203
0.877072
0.8999097
0.8990558
0.8945141
0.8881677
0.8838552
0.8916291
0.9073507
0.8926742
0.8819009
0.8982325
0.9032142
0.8758962
0.8709099
0.8726061
0.8679756
0.8629558
0.8703602
0.8652453
0.8960897
0.8691105
0.8706931
0.8736689
0.8770658
0.8689251
0.8682862
0.8712868
0.898672
0.902681
0.8910157
0.8742989
0.8897223
0.8746053
0.8749229
0.8914769
0.898825
0.9108481
0.8997596
0.8935195
0.8661066
0.8870105
0.8831805
0.883253
0.8827539
0.8886309
0.8871601
0.9125641
0.9005487
0.9039685
0.9093296
0.8881331
0.8707301
0.8717657
0.9015932
0.8979031
0.8722755
0.8836724
0.8832067
0.8770164
0.8962984
0.8746804
0.8995887
0.8698201
0.8963627
0.8905615
0.9071982
0.9038144
0.8973748
0.8932304
0.8920104
0.8851967
0.8876927
0.8922768
0.8913604
0.8854427
0.8929553
0.8812261
0.8818079
0.8799927
0.8668415
0.8636991
0.8643924
0.860466
0.8718782
0.8948413
0.8555514
0.8626471
0.8653712
0.8630626
0.858643
0.8581744
0.8881912
0.9137414
0.9239339
0.904633
0.9017053
0.9044277
0.8857927
0.9094562
0.8971598
0.8871125
0.9115054
0.9148402
0.9127899
0.906144
0.9047381
0.9122254
0.906261
0.9018492
0.8834238
0.9132139
0.912712
0.8778204
0.8805706
0.8637749
0.8669969
0.852581
0.8525337
0.8612495
0.915319
0.8647628
0.8657414
0.8663123
0.8677626
0.8652088
0.8641284
0.865493
0.9145345
0.9257077
0.9025763
0.8874306
0.9049041
0.8649909
0.8658927
0.8825883
0.9130648
0.9132173
0.9093966
0.9134267
0.8786127
0.889168
0.8927485
0.8913526
0.8924854
0.9088716
0.8958674
0.9250328
0.9172424
0.9221872
0.914751
0.9046149
0.8739315
0.8728684
0.9119689
0.9055309
0.8570899
0.8852447
0.8823132
0.8921756
0.9146904
0.8867592
0.9143919
0.8550848
0.9149767
0.9113376
0.916024
0.91821
0.9072227
0.9078019
0.9086124
0.9024426
0.9075552
0.9078891
0.9096407
0.899163
0.9074377
0.9030994
0.8925655
0.889498
0.8824276
0.8836523
0.8602282
0.859081
0.8919944
0.9090843
0.8694089
0.8708791
0.8702049
0.8715909
0.8696851
0.8674015
0.8838033
0.9193589
0.9092304
0.9158059
0.9160414
0.9162954
0.8817263
0.9129012
0.8973005
0.888353
0.9106103
0.9097066
0.8973316
0.9133654
0.9035739
0.9069583
0.9040434
0.9002523
0.889892
0.9042864
0.9093224
0.8747544
0.8856256
0.8737669
0.8756665
0.8598946
0.8602341
0.869725
0.9065164
0.8749362
0.8730471
0.8760414
0.8804316
0.8737981
0.8777202
0.8699415
0.9174138
0.9177988
0.9155741
0.8913929
0.8909636
0.8798889
0.8785843
0.8980832
0.918401
0.9088826
0.9236863
0.9100504
0.879887
0.8840616
0.8804182
0.891477
0.8909418
0.9024355
0.8953758
0.9119144
0.9124035
0.9103894
0.9130823
0.88619
0.8813461
0.8822079
0.9080278
0.9220908
0.8800131
0.8852277
0.8853456
0.8946247
0.9113902
0.8920259
0.919246
0.8580039
0.9105225
0.9060347
0.9150268
0.9188445
0.91945
0.9199076
0.9180503
0.9230824
0.9193789
0.9141611
0.9185524
0.9168062
0.9213416
0.9175773
0.8828179
0.8825445
0.8812195
0.8829752
0.8734757
0.8789735
0.8753311
0.9035934
0.8697654
0.8759445
0.8788132
0.8769807
0.8730929
0.8767163
0.8917179
0.9088988
0.9227338
0.9030165
0.9003091
0.8992378
0.8892686
0.9009997
0.8938706
0.8925474
0.9095894
0.91773
0.9166726
0.904016
0.9035103
0.9035648
0.9098753
0.9028818
0.8837361
0.914936
0.9155535
0.8818529
0.8791844
0.8673451
0.871059
0.8633197
0.8682471
0.8662626
0.9140223
0.8669154
0.8731408
0.8698839
0.872674
0.8756022
0.8712274
0.8791003
0.9096155
0.9245676
0.9012698
0.8943937
0.9011115
0.8741691
0.8746886
0.8843392
0.9116356
0.9221884
0.9034048
0.9112432
0.8835846
0.8952588
0.8972322
0.8969891
0.8926707
0.9061384
0.9019448
0.9237499
0.9177639
0.919647
0.9126516
0.9056477
0.8812053
0.8811341
0.9100118
0.9015917
0.8618933
0.8876573
0.8857851
0.88646
0.9143673
0.89153
0.9100527
0.867502
0.9129909
0.908276
0.9166036
0.9113709
0.9051407
0.9036882
0.9033743
0.9000727
0.9018021
0.9007859
0.9089647
0.8990296
0.9027852
0.8976444
0.8908452
0.8960507
0.887578
0.8851445
0.8714688
0.8619774
0.8939383
0.9142005
0.8589744
0.8654339
0.8645707
0.8653931
0.8638886
0.8603269
0.8889844
0.914124
0.9224389
0.9074402
0.906502
0.9037367
0.8887172
0.9104261
0.9013484
0.8933458
0.9164281
0.9170893
0.9162157
0.9049029
0.9027941
0.9066288
0.9076068
0.90167
0.8880492
0.9150243
0.9156793
0.8802997
0.8785175
0.8658492
0.8652123
0.8492584
0.8526312
0.8591887
0.913686
0.8675746
0.8677975
0.8737948
0.8731931
0.8651599
0.8693186
0.8649906
0.9106868
0.9248744
0.9059374
0.8941964
0.9047619
0.8724073
0.8719098
0.8857173
0.9167045
0.9158628
0.9071209
0.914463
0.8850596
0.8924962
0.8949882
0.8929681
0.8958667
0.9096199
0.8945965
0.9264554
0.9192306
0.9219031
0.9097553
0.9044701
0.8784317
0.8781141
0.9149766
0.9090812
0.8598383
0.8868348
0.8787404
0.8914078
0.9140353
0.889629
0.9127965
0.8542905
0.9173507
0.9112984
0.9192857
0.9173615
0.9045803
0.9063051
0.9074836
0.9054313
0.9054098
0.9092598
0.9114988
0.9049411
0.9050361
0.9044224
0.8969337
0.8932544
0.8829191
0.8872202
0.864456
0.8573541
0.8971148
0.9138234
0.883877
0.8836508
0.8825183
0.8831141
0.883848
0.8828254
0.9019836
0.931002
0.9306666
0.9269959
0.9256738
0.927695
0.906337
0.9248118
0.9149364
0.9055803
0.9266669
0.9317765
0.9244715
0.9259079
0.9217822
0.9233319
0.9138486
0.9162157
0.9034207
0.9278102
0.9295254
0.8919456
0.897716
0.891051
0.8914083
0.873306
0.8750767
0.888288
0.9265217
0.8929447
0.892576
0.8911273
0.8932952
0.8898058
0.8938719
0.8806465
0.9269884
0.9389483
0.9232133
0.9058347
0.9169712
0.8947127
0.8955955
0.9027616
0.9272608
0.9227921
0.9279909
0.9255494
0.9020725
0.9046396
0.9064564
0.9064498
0.9081507
0.924198
0.9106576
0.9338421
0.9284238
0.9321001
0.9245964
0.9132641
0.8986702
0.8955664
0.9259078
0.9229963
0.8884508
0.9031108
0.8918228
0.9073995
0.9319819
0.9063993
0.9291945
0.8800833
0.9307609
0.9249324
0.9279499
0.932396
0.9278469
0.9288441
0.9293497
0.9290266
0.9299505
0.927267
0.9289188
0.9265179
0.9256571
0.9268293
0.9040941
0.9042112
0.8999113
0.9061568
0.8932174
0.8714919
0.9083578
0.9292154
0.8988784
0.8998052
0.9004291
0.9002716
0.8963732
0.8968329
0.8991728
0.9096194
0.9081719
0.9128466
0.9104114
0.9114073
0.8994908
0.9115053
0.9008397
0.9010237
0.9057956
0.912094
0.903883
0.9116176
0.903316
0.9037157
0.9153373
0.8939484
0.9044393
0.9061229
0.9107093
0.9036082
0.8972226
0.8994223
0.8967838
0.8977408
0.8989534
0.896495
0.904678
0.8982284
0.8974715
0.8968876
0.8991524
0.8983433
0.8994975
0.9009515
0.9078716
0.9122071
0.9092704
0.9001778
0.8976631
0.8998445
0.8996027
0.9096759
0.9117586
0.9113056
0.9182776
0.9086022
0.8958957
0.8947405
0.8998192
0.8957032
0.8994089
0.9027861
0.907758
0.9093652
0.9062962
0.9086611
0.91337
0.9030128
0.8965096
0.8968008
0.9098301
0.9128775
0.9012376
0.8935535
0.9023999
0.8986249
0.9059449
0.9043349
0.910939
0.9021035
0.905776
0.9020459
0.9150479
0.9136089
0.9118626
0.9079556
0.912596
0.9104903
0.910804
0.909304
0.9109675
0.9081015
0.9151747
0.9088213
0.899993
0.8968243
0.8944396
0.8951417
0.8943035
0.8913525
0.8950409
0.9075167
0.8769236
0.8794091
0.8800361
0.8789837
0.875539
0.8775887
0.8926058
0.9101136
0.9237774
0.9063937
0.9027183
0.9040581
0.8885865
0.9052269
0.8990864
0.8888649
0.9087074
0.9152608
0.9125685
0.900571
0.9044052
0.9052949
0.91328
0.9080259
0.8891555
0.9123759
0.9094011
0.8922853
0.8872742
0.8782775
0.8753281
0.8729957
0.8803926
0.8686091
0.9112196
0.8731767
0.8759765
0.8796035
0.8800544
0.8803876
0.8763451
0.87722
0.9109813
0.9196666
0.9019823
0.8874224
0.9062425
0.8808775
0.8807874
0.9004157
0.9093074
0.9183813
0.9050329
0.9135506
0.8813387
0.8927072
0.8971469
0.8954562
0.8929232
0.9062421
0.898037
0.9199323
0.9138066
0.9178087
0.915933
0.9074465
0.8797509
0.8794365
0.9095524
0.9041028
0.8713542
0.8886448
0.8892011
0.8937298
0.9101468
0.8873516
0.9106016
0.8766718
0.9142867
0.9059093
0.921302
0.9123653
0.9050932
0.903069
0.9027464
0.897738
0.8986974
0.9037485
0.9068464
0.8993291
0.9063196
0.8969948
0.8949314
0.8947966
0.8789698
0.8837049
0.8723752
0.8674721
0.8974267
0.9113053
0.8613233
0.865157
0.8641214
0.866701
0.8591007
0.8600697
0.8796652
0.9049232
0.9157148
0.8968876
0.8935885
0.8924976
0.8781323
0.8958213
0.8893969
0.8765369
0.904936
0.9131391
0.9097489
0.8942096
0.892192
0.8958728
0.9060051
0.8878642
0.8666986
0.9112597
0.9129333
0.8774874
0.8662488
0.8558615
0.856743
0.8505885
0.8559109
0.8537448
0.9052073
0.8583937
0.8601589
0.865452
0.8680634
0.8591954
0.8604746
0.8599736
0.9037454
0.9185212
0.897147
0.8797933
0.8963485
0.864707
0.8659008
0.8885702
0.9077934
0.9156788
0.9001323
0.90715
0.8694881
0.8817461
0.8866659
0.8880608
0.887725
0.9023956
0.8915921
0.9195114
0.9088686
0.9174381
0.9122457
0.8987527
0.8656459
0.8652255
0.9046456
0.8959763
0.8528172
0.8836542
0.8730483
0.8816467
0.9059519
0.8784039
0.9065137
0.8618114
0.9094974
0.8996885
0.9127185
0.9080775
0.8955703
0.8942566
0.8961124
0.8905842
0.8884753
0.894972
0.8950867
0.8879839
0.8963757
0.8885531
0.8858319
0.8843476
0.8713997
0.8749448
0.8595913
0.6759104
0.8869824
0.907919