0.8995342
0.8984403
0.8957429
0.9162738
0.9164098
0.91759
0.8929878
0.8913756
0.900234
0.9210231
0.929575
0.907747
0.9118825
0.9084128
0.8994377
0.9154652
0.911176
0.9040067
0.8529672
0.9095895
0.9065275
0.8888479
0.8966575
0.9116505
0.9058998
0.9132669
0.8672223
0.8588468
0.8996635
0.8957601
0.902968
0.9224242
0.8971577
0.9122047
0.8951648
0.8946408
0.9158591
0.9009894
0.9058127
0.9157232
0.9133721
0.9165864
0.9077517
0.9105271
0.905119
0.901476
0.8948023
0.9188525
0.8919009
0.8991063
0.9024194
0.9070699
0.9217064
0.8933726
0.9008264
0.899592
0.9191999
0.906042
0.9066085
0.9103953
0.9045228
0.9132637
0.9078177
0.8920016
0.8945101
0.9050409
0.8603871
0.869357
0.8660303
0.8635386
0.8898271
0.862734
0.8545948
0.8713284
0.8684729
0.8573989
0.878614
0.9043301
0.9155134
0.9329173
0.9198692
0.9065655
0.9058798
0.9125626
0.9161395
0.8995892
0.9431469
0.896353
0.8996827
0.8808113
0.9060287
0.8901617
0.9125094
0.9082224
0.9131948
0.9172825
0.9292343
0.9059917
0.9117069
0.9015052
0.8987055
0.8994665
0.8955105
0.9177788
0.9176466
0.9179047
0.9002885
0.8945235
0.8968486
0.9190531
0.9272904
0.9091719
0.9112645
0.9086662
0.9013814
0.9121185
0.9094208
0.8987232
0.8610447
0.9108459
0.9061238
0.8902354
0.8967008
0.9114975
0.8997026
0.9116382
0.8433993
0.8397564
0.8956728
0.898736
0.900355
0.9209223
0.8960751
0.9152169
0.8947733
0.8956172
0.9120119
0.9052168
0.9023309
0.9184834
0.9177596
0.9172932
0.9064006
0.9125801
0.9052349
0.8983862
0.8917437
0.9169002
0.8895261
0.8990566
0.898594
0.908351
0.9183341
0.8913634
0.9005302
0.8953361
0.9201605
0.9050161
0.9053025
0.9089642
0.9038939
0.9127564
0.9074504
0.8942625
0.8971675
0.9028549
0.8403332
0.8498817
0.8473451
0.8466639
0.8689534
0.836892
0.8294444
0.8528954
0.8400881
0.8392217
0.8602155
0.9017047
0.9164497
0.9274473
0.9177621
0.905251
0.9006843
0.9099041
0.9171638
0.9008091
0.9486494
0.8939504
0.8913954
0.867556
0.9062176
0.8921884
0.9137494
0.9101265
0.911363
0.9107181
0.9324687
0.909855
0.9068114
0.9052442
0.9094418
0.9054746
0.9072848
0.9209665
0.9205725
0.9215031
0.9148442
0.9070899
0.8522295
0.9176013
0.9196001
0.9131476
0.908763
0.9106922
0.9178824
0.9143029
0.9098647
0.9025413
0.910249
0.9100035
0.9007834
0.9046117
0.9076479
0.9159572
0.8500056
0.9146594
0.9050187
0.9081625
0.9020088
0.9058575
0.9015535
0.9212593
0.848706
0.910197
0.9059459
0.910488
0.9213358
0.9007838
0.8579104
0.9132792
0.9087649
0.9087622
0.9109857
0.9177383
0.9054813
0.9058147
0.9131213
0.9116483
0.9118834
0.907416
0.8497284
0.9070165
0.9125477
0.9042106
0.9080803
0.9025981
0.9095304
0.9095252
0.9162023
0.9173083
0.9112543
0.9175077
0.9144839
0.9142857
0.9025698
0.8358078
0.8970797
0.9070579
0.9011322
0.8946625
0.8996959
0.8977256
0.9014451
0.9115107
0.8927083
0.8995763
0.8975471
0.917586
0.9067582
0.9224632
0.9112439
0.8414542
0.9014064
0.916708
0.9114086
0.9098014
0.9508695
0.9049149
0.9046502
0.9179942
0.9076553
0.8965144
0.9066885
0.9183847
0.8996201
0.9065789
0.9220081
0.9132648
0.9039384
0.8974156
0.9239293
0.8808583
0.8785317
0.8906272
0.8905365
0.8917017
0.9017484
0.8974048
0.9184604
0.8878383
0.8935063
0.8880932
0.8920368
0.8843569
0.8891644
0.9008522
0.8828793
0.886804
0.9112493
0.8905727
0.8839147
0.8966563
0.8787648
0.8778654
0.918109
0.6592217
0.9171558
0.9210665
0.8771202
0.8852766
0.88125
0.8886111
0.9106521
0.8891345
0.9019879
0.8815922
0.9184594
0.9013098
0.9167262
0.8902038
0.8902952
0.8868869
0.882247
0.8961336
0.8832347
0.8845088
0.9229173
0.8817722
0.8972157
0.8817026
0.9171143
0.8694845
0.8790975
0.8789686
0.8866729
0.8818412
0.8851599
0.8781269
0.8815718
0.8850505
0.8818326
0.8877021
0.8780672
0.901331
0.8984854
0.9191452
0.9140116
0.9197583
0.9164089
0.9143048
0.9175497
0.9126166
0.9141808
0.9152781
0.9140223
0.9128466
0.9159584
0.9253848
0.8864031
0.9144243
0.8982493
0.9217877
0.8842052
0.8572747
0.8588405
0.8797372
0.9279696
0.8825309
0.9213511
0.9200243
0.8855551
0.8748088
0.8770255
0.8787286
0.8877149
0.8812822
0.8938401
0.898591
0.8897347
0.8788855
0.9232161
0.8791691
0.8772798
0.8928823
0.8925183
0.8937947
0.9012857
0.8989108
0.9174199
0.8848029
0.8924769
0.8879639
0.8928445
0.8856246
0.8903864
0.9001237
0.8784722
0.8845933
0.9122851
0.8932318
0.8819773
0.8943084
0.8813963
0.8758815
0.9189227
0.6464476
0.920021
0.9211588
0.8735234
0.8848688
0.8822173
0.8901036
0.9102636
0.888014
0.9018009
0.8840398
0.9179961
0.9006613
0.9158605
0.8909334
0.8855998
0.8853262
0.8831692
0.8912337
0.8815091
0.883259
0.9226235
0.8786757
0.8969153
0.8833531
0.9156927
0.8678558
0.8780926
0.8786866
0.8876188
0.8816786
0.8846333
0.8792992
0.8765249
0.8867157
0.8836351
0.8870985
0.8767803
0.9004778
0.8973268
0.9151805
0.9135401
0.9193979
0.9160142
0.914751
0.9153605
0.9121476
0.912867
0.918038
0.9138963
0.9149071
0.914384
0.9277809
0.8848158
0.9153078
0.8982626
0.9184473
0.8821091
0.8545246
0.859421
0.8809892
0.9302693
0.8839331
0.9221352
0.9187703
0.8876508
0.8765338
0.8738592
0.8785696
0.8853928
0.878946
0.8963582
0.9009268
0.8857642
0.8791316
0.9046782
0.8993094
0.9018695
0.9230662
0.9225979
0.9238628
0.9182029
0.9138066
0.8403668
0.9136319
0.9200847
0.9103729
0.9126755
0.9144014
0.9214329
0.9176243
0.9075549
0.9007474
0.9132902
0.9123773
0.9049377
0.9030995
0.9081403
0.917711
0.8366702
0.9154152
0.9064578
0.9065744
0.9086742
0.9037212
0.9013361
0.9298942
0.8481561
0.9134548
0.9088214
0.9103215
0.9239515
0.908856
0.8482249
0.9203771
0.9178909
0.9097547
0.910006
0.9164828
0.9073699
0.9025029
0.9105232
0.9114453
0.9143571
0.9085716
0.8355437
0.9040729
0.909339
0.9004334
0.9053813
0.9020276
0.9159209
0.9081593
0.9160047
0.9139781
0.9089617
0.9187163
0.9102904
0.9165212
0.9106179
0.651668
0.8965329
0.914155
0.9076951
0.9049944
0.8951906
0.8936913
0.899674
0.9171463
0.8934894
0.9025775
0.8990756
0.9189072
0.9118802
0.9224627
0.9146505
0.6474814
0.9007546
0.9204886
0.9196378
0.907575
0.9559144
0.9077855
0.9020956
0.9204932
0.9103443
0.8976452
0.9074523
0.9220811
0.9073975
0.9083123
0.9267699
0.915661
0.9078803
0.8981855
0.8939506
0.8989856
0.8977183
0.9191458
0.918789
0.919571
0.9075032
0.9018678
0.8441711
0.9182641
0.9223506
0.9096107
0.9089529
0.910303
0.9084097
0.9160531
0.9063593
0.8958649
0.900881
0.9071052
0.9022082
0.8943242
0.9021307
0.9146824
0.846739
0.911515
0.8991299
0.8987865
0.9018162
0.8983374
0.8973704
0.920978
0.8408489
0.9108851
0.8964821
0.8992837
0.9187696
0.9028592
0.840629
0.9133853
0.9116287
0.9025814
0.9076485
0.9161365
0.9021298
0.8975161
0.900642
0.9108733
0.9051978
0.9033471
0.8444857
0.9091103
0.9142254
0.8940042
0.9012958
0.900122
0.9089843
0.902032
0.9098157
0.9114854
0.904584
0.9134636
0.9119492
0.9051879
0.8996671
0.8445268
0.8849389
0.9034734
0.8989174
0.8970694
0.8948687
0.8867414
0.8886577
0.905105
0.884822
0.8885276
0.8899063
0.9089688
0.9115413
0.921999
0.9118529
0.8495559
0.8984908
0.9147776
0.9149917
0.9018872
0.9535906
0.9010376
0.890191
0.9106532
0.9093509
0.8869277
0.906688
0.9170704
0.901986
0.9087106
0.9280463
0.9077035
0.9034353
0.8962352
0.8976211
0.8996583
0.9000892
0.9165361
0.9165187
0.9177158
0.9007895
0.8967689
0.8462611
0.9104961
0.9182995
0.9089725
0.904804
0.9106986
0.9112168
0.9100381
0.9043562
0.8982942
0.8993303
0.9020109
0.89957
0.8944639
0.9001252
0.9085692
0.8479859
0.9055658
0.9041066
0.9051997
0.896512
0.8941795
0.8968277
0.9169121
0.8442154
0.9057338
0.8947084
0.8999179
0.9150727
0.9021547
0.8499427
0.9076805
0.9087789
0.9035897
0.9031948
0.9076026
0.8950642
0.8971711
0.9034673
0.9042843
0.9041273
0.900476
0.8405907
0.9016639
0.9055809
0.8960603
0.9004346
0.896137
0.9079176
0.9050214
0.9126727
0.9121838
0.9068244
0.9123619
0.9095424
0.9019115
0.8968368
0.8553222
0.8933348
0.9024811
0.9014934
0.8968831
0.8980395
0.8867031
0.8945692
0.9068132
0.8868304
0.8947654
0.8937468
0.9094592
0.9106376
0.9182179
0.9086739
0.8611658
0.8974718
0.9123186
0.9109101
0.90298
0.946644
0.9040877
0.8950042
0.9165253
0.9075968
0.890673
0.9029755
0.9092943
0.8956117
0.8997826
0.9247737
0.9065862
0.8982828
0.8909163
0.9041866
0.9015483
0.9016317
0.9235194
0.9234261
0.9240519
0.9161444
0.9068995
0.7548768
0.9164557
0.917514
0.9124886
0.9136314
0.9117999
0.9140254
0.915781
0.9091265
0.8976293
0.9073827
0.9108848
0.9059411
0.9028573
0.9040631
0.916743
0.7708743
0.9169263
0.9022329
0.9025745
0.9034827
0.8989079
0.9016106
0.9270855
0.8573025
0.9149422
0.905719
0.9042379
0.9271418
0.9119023
0.854119
0.9169739
0.9165564
0.9103044
0.9106339
0.9188869
0.9053733
0.9011237
0.9028794
0.919944
0.9132709
0.9061731
0.7517151
0.9118905
0.9140314
0.8906925
0.9044335
0.9008057
0.9202514
0.9068615
0.9162621
0.9169854
0.9091681
0.9168445
0.9094534
0.9147756
0.9095451
0.8422946
0.89277
0.910034
0.903911
0.9016011
0.9001155
0.893475
0.8924016
0.9136706
0.8903594
0.8929597
0.8985272
0.9133841
0.915976
0.9247301
0.9214323
0.8478163
0.9065128
0.9185616
0.9204918
0.9075153
0.9559897
0.900186
0.8961465
0.9214013
0.9103915
0.8980135
0.9084007
0.9200014
0.9079587
0.91072
0.9300283
0.91047
0.9045714
0.900759
0.9124299
0.9075286
0.9060779
0.9186661
0.9194747
0.9197666
0.9024636
0.9003015
0.9131809
0.9294198
0.9311313
0.9163955
0.9158234
0.9143438
0.901247
0.918881
0.9218295
0.9150717
0.8748473
0.9170488
0.9165549
0.9013217
0.907138
0.917487
0.9169431
0.9193273
0.8825229
0.8708494
0.9099231
0.911796
0.9140332
0.9174643
0.9131927
0.9200056
0.9021109
0.9075755
0.9158466
0.9088602
0.9175514
0.921192
0.9158979
0.9243706
0.9146948
0.9215312
0.9120361
0.9126282
0.9042046
0.9219955
0.8977789
0.9071398
0.9141265
0.9159747
0.9227981
0.9054335
0.9078808
0.9107795
0.9207223
0.9107049
0.9138016
0.9160557
0.9135763
0.9177346
0.9147608
0.9010147
0.902895
0.9200861
0.8772965
0.8713879
0.876153
0.8766229
0.8954954
0.8750184
0.871811
0.8790875
0.8775812
0.8684826
0.8886147
0.9082509
0.9206899
0.9309473
0.9233636
0.9221757
0.9153075
0.9122596
0.9176134
0.9099051
0.9346567
0.9119248
0.9103854
0.8843836
0.910112
0.9024347
0.9188136
0.9131728
0.920349
0.9175876
0.9308834
0.9076245
0.915917
0.9146923
0.8897448
0.8890236
0.8873468
0.9137679
0.9131304
0.9143611
0.8938798
0.8850515
0.8786404
0.913702
0.9241758
0.9037286
0.9033682
0.89831
0.8929177
0.9132047
0.9015345
0.8899225
0.8823574
0.9058267
0.8970594
0.8850639
0.8859545
0.9067034
0.8852818
0.9041888
0.8870368
0.8895013
0.8915779
0.8881155
0.8929834
0.9115921
0.8765977
0.9112558
0.8849495
0.8890977
0.9126207
0.8950016
0.8887924
0.9112411
0.9088957
0.9110943
0.9056994
0.905769
0.8958858
0.8893359
0.881941
0.9091237
0.884198
0.8884122
0.8771417
0.9014244
0.9109071
0.8823705
0.8904281
0.8843429
0.9161481
0.8979614
0.897831
0.9091991
0.8976016
0.9093131
0.8986145
0.8861231
0.8888848
0.8874735
0.875
0.8900539
0.8812051
0.8887612
0.8936288
0.8796852
0.8753813
0.8909865
0.8802862
0.8706808
0.8893459
0.8976066
0.9111056
0.9268284
0.9139206
0.8899337
0.8929544
0.9051071
0.9075496
0.8904921
0.9454491
0.8897281
0.8872246
0.9009552
0.8979161
0.8819913
0.9061888
0.9079971
0.9026307
0.9061968
0.9254641
0.8964431
0.897928
0.8922273
0.9033972
0.9086136
0.9082575
0.9186163
0.9188966
0.918851
0.9100702
0.9032693
0.9017064
0.9207071
0.9254663
0.91252
0.9111529
0.9105487
0.9061351
0.9146822
0.9101902
0.9080249
0.9069237
0.9107429
0.9065048
0.9025237
0.9046862
0.9126754
0.904772
0.9148065
0.9097046
0.9093649
0.9059003
0.905425
0.9009782
0.9190024
0.9017183
0.9075792
0.9076353
0.9015687
0.9146257
0.9038866
0.904822
0.9192291
0.9145255
0.9090241
0.9094994
0.9157131
0.9123884
0.9050745
0.9035343
0.9129344
0.9050424
0.9050731
0.90449
0.9079543
0.913101
0.9041855
0.9073938
0.9081949
0.9103185
0.9057252
0.9088455
0.9133858
0.9102649
0.9144632
0.9105816
0.9093321
0.9033009
0.9047855
0.9035229
0.9100917
0.9074854
0.911453
0.9057891
0.905803
0.9031374
0.9132316
0.9052004
0.9051295
0.9106224
0.9079061
0.9111303
0.9280309
0.9172538
0.9070828
0.9042891
0.9121157
0.9101436
0.9045185
0.9429984
0.9067689
0.9030318
0.91102
0.9086177
0.9021076
0.9125599
0.9108424
0.9104478
0.9120637
0.9260595
0.9132412
0.9089291
0.9073396
0.9035851
0.9023952
0.8993895
0.9179913
0.9180875
0.9188012
0.9096006
0.9017825
0.8965341
0.9185449
0.9244265
0.9111814
0.9152266
0.9121094
0.9071225
0.9185099
0.913586
0.9048786
0.8778885
0.9127331
0.9102817
0.900663
0.9035132
0.9187904
0.8976295
0.9151354
0.8550763
0.8594998
0.9062929
0.9019282
0.9020267
0.9238303
0.8949589
0.9173539
0.9026136
0.9030203
0.9221523
0.9102391
0.904555
0.9179735
0.9172874
0.9155489
0.9125295
0.913991
0.9089449
0.904345
0.9004207
0.9197173
0.9052601
0.9041847
0.8981984
0.9122801
0.9139376
0.9000836
0.9058937
0.9015718
0.9183391
0.910706
0.914802
0.9168822
0.9091429
0.9185358
0.9121055
0.9086903
0.9037977
0.8984247
0.8467167
0.8593354
0.8550884
0.8528866
0.8706864
0.8471782
0.8480708
0.8696107
0.8500153
0.8539403
0.8602227
0.911336
0.9185635
0.9260826
0.9156738
0.9021156
0.9064614
0.9157327
0.9153681
0.9031073
0.9499885
0.9018965
0.9010594
0.8805903
0.9113465
0.8955093
0.9118372
0.9195431
0.9061188
0.9109819
0.9291179
0.9058671
0.9105003
0.9046504
0.912066
0.8971347
0.8933478
0.9015098
0.9015731
0.9029233
0.8047072
0.7962635
0.9213225
0.9111833
0.9208072
0.9015518
0.8973883
0.8973919
0.8898253
0.9055757
0.8975476
0.9031022
0.8914309
0.8942632
0.8938386
0.8132448
0.8902417
0.8992468
0.9192073
0.8991869
0.9119517
0.9027281
0.8884151
0.8906664
0.8980855
0.8969065
0.9090034
0.9002498
0.7353099
0.8849744
0.9056172
0.8623359
0.9173649
0.9039723
0.8947874
0.9023138
0.894551
0.8995594
0.8993495
0.8998923
0.9095072
0.9055082
0.8109511
0.8888203
0.9191268
0.8963807
0.9072333
0.8851823
0.896767
0.8952855
0.8972718
0.8954272
0.8936209
0.8963664
0.8998497
0.9027916
0.8946482
0.7227374
0.8166474
0.9173439
0.9068695
0.8976758
0.901816
0.9048644
0.9232077
0.8975771
0.9008205
0.9003388
0.9094281
0.9004631
0.9138404
0.9123017
0.9027905
0.9220245
0.9080113
0.9220477
0.8951945
0.8882673
0.8873726
0.8940579
0.9199865
0.8904318
0.9114016
0.8999632
0.8969253
0.8897489
0.9006696
0.8868268
0.9062934
0.9048365
0.9191866
0.8990179
0.9055032
0.8958769
0.912296
0.911476
0.9108567
0.9145036
0.9149799
0.9158807
0.8930756
0.8979599
0.915714
0.9260891
0.9335706
0.9155142
0.9126104
0.9113875
0.9039619
0.9152596
0.9143495
0.9111316
0.8803545
0.9143781
0.9133967
0.8928559
0.9045731
0.9133864
0.9209442
0.9142777
0.8951525
0.8889376
0.9052518
0.9065324
0.9196476
0.9150585
0.9167138
0.9173919
0.8966524
0.9063056
0.9075778
0.9019726
0.921825
0.9165738
0.9104551
0.9209928
0.9082797
0.9110065
0.9132856
0.9077345
0.9099821
0.9199622
0.8936124
0.9034752
0.914694
0.9120541
0.9167516
0.9027653
0.9115245
0.9075394
0.9163844
0.9102627
0.9095162
0.9095314
0.9154011
0.9150735
0.9147508
0.8919833
0.8993233
0.9204312
0.8932021
0.8808237
0.882844
0.8859038
0.9146637
0.8860213
0.8845167
0.8838297
0.8904666
0.8806475
0.901255
0.9159815
0.9183652
0.930606
0.9215652
0.9200113
0.919618
0.905444
0.9129972
0.9115449
0.9289357
0.9039889
0.911831
0.884677
0.9148779
0.9013326
0.9170601
0.9028017
0.9188704
0.9171269
0.9305383
0.9032911
0.9169354
0.9135671
0.9076795
0.9028748
0.8978673
0.9042243
0.9045945
0.9040836
0.8582595
0.8552411
0.9135103
0.9138242
0.9196022
0.9040839
0.9026073
0.9001595
0.8934155
0.9047113
0.8991951
0.902439
0.8982738
0.9031528
0.8918958
0.8517785
0.8938594
0.9021673
0.9131295
0.9020524
0.9146847
0.9045825
0.8934681
0.8965072
0.8894061
0.8985899
0.9091296
0.8977616
0.8590462
0.8919569
0.9088178
0.7362181
0.9133492
0.9044311
0.9009828
0.90302
0.8969305
0.9022567
0.9010119
0.9013235
0.9101901
0.9001315
0.8557017
0.8924971
0.9137998
0.8977179
0.9052047
0.8881913
0.8995905
0.8988447
0.9010762
0.9023561
0.9004058
0.9021562
0.9014715
0.9038407
0.9014319
0.8504884
0.8592705
0.9156264
0.9062635
0.9063059
0.9071128
0.9057162
0.9158862
0.9039261
0.9096162
0.8999211
0.9050034
0.9027299
0.9124007
0.9115102
0.9082039
0.9199642
0.91129
0.9173134
0.8875718
0.887221
0.8933857
0.8981749
0.9292282
0.8966122
0.9081166
0.9049528
0.9033171
0.8898207
0.9014275
0.8956687
0.9005521
0.9096201
0.9167685
0.9045833
0.9044105
0.8897061
0.9092137
0.9117574
0.9098191
0.9223934
0.9225249
0.9226669
0.9080621
0.9032003
0.9131848
0.9268166
0.9327032
0.9218055
0.9175573
0.9193837
0.9069334
0.9190313
0.9185227
0.9148936
0.88249
0.9185969
0.9157311
0.9002668
0.9074591
0.9218607
0.9171988
0.9200856
0.88538
0.8795399
0.9103377
0.911326
0.9168144
0.9229231
0.9138152
0.9214118
0.898921
0.9095311
0.9177953
0.9106928
0.9195361
0.9201505
0.9214669
0.9261292
0.9156686
0.9206022
0.9160257
0.9102253
0.9003407
0.9218218
0.9034597
0.9067178
0.9093874
0.9178324
0.9248907
0.9093192
0.9156916
0.9139059
0.9247497
0.9218849
0.9193219
0.9176413
0.9161543
0.9220788
0.9207886
0.8987163
0.9057399
0.9193239
0.8789597
0.8841428
0.8795416
0.8819794
0.90104
0.8847962
0.8753753
0.8846013
0.8854086
0.8771897
0.9011513
0.9059533
0.9242572
0.934415
0.9308773
0.9197078
0.9159393
0.9151567
0.9214313
0.9159113
0.9420237
0.9081181
0.9061365
0.8879606
0.9156656
0.9044675
0.9249965
0.9132153
0.9205454
0.9220661
0.9364471
0.9108267
0.9183731
0.9171273
0.9058642
0.9042268
0.90298
0.9172288
0.9179332
0.9181904
0.8958973
0.8951352
0.8970107
0.9233494
0.9266144
0.9126183
0.9139621
0.909527
0.9066278
0.9177791
0.9102073
0.9060007
0.8709738
0.9115434
0.910761
0.894976
0.905231
0.9153277
0.9017619
0.9146393
0.8593703
0.8538021
0.9035827
0.9006436
0.9035941
0.9202865
0.8991536
0.9175057
0.8958643
0.9016623
0.9152947
0.9032777
0.9046166
0.9123332
0.9135898
0.9165487
0.9089185
0.9141104
0.9090358
0.9016405
0.9011438
0.9154271
0.8972296
0.9067261
0.8965467
0.9078128
0.9159795
0.8973109
0.9029677
0.8987777
0.9171075
0.9087769
0.9116746
0.9153473
0.9115637
0.9139059
0.9107993
0.8985771
0.8991166
0.9036327
0.8465364
0.8538602
0.8517298
0.8597671
0.8750977
0.843075
0.8435265
0.8613363
0.8478494
0.8487273
0.8597678
0.9072806
0.9149512
0.9270325
0.9149072
0.9037663
0.9044723
0.9066576
0.9124213
0.9069418
0.9444151
0.9049174
0.9046917
0.8740384
0.9093818
0.8961081
0.9142451
0.9125849
0.9095747
0.9133525
0.9280503
0.9084106
0.9090004
0.902105
0.8981571
0.8990506
0.8987296
0.915006
0.914492
0.9158195
0.9121536
0.901953
0.8384848
0.9153515
0.9149369
0.9073784
0.9065574
0.9096304
0.9115498
0.9124524
0.9019771
0.8931792
0.9022825
0.905
0.8963603
0.8906855
0.8991612
0.9093834
0.834585
0.9078292
0.8994367
0.9004553
0.9026561
0.8971196
0.8953442
0.9222531
0.8392585
0.911378
0.9019502
0.899827
0.9155874
0.8957238
0.8457933
0.9109403
0.9100477
0.904242
0.9053021
0.9117959
0.9017828
0.8937677
0.9027592
0.9115985
0.9051475
0.9003903
0.8376462
0.9038386
0.9082386
0.8939145
0.8961395
0.8952868
0.9085704
0.9049814
0.9119333
0.9139503
0.9044906
0.9137401
0.909702
0.9037096
0.9011626
0.8316446
0.8883194
0.9034107
0.899862
0.8939869
0.898009
0.8860666
0.8940591
0.9033518
0.8873036
0.8895424
0.8919768
0.9101001
0.9116123
0.9227003
0.9117334
0.834287
0.8957963
0.9108319
0.9123309
0.9042985
0.9513093
0.898299
0.8938317
0.9155716
0.9074655
0.8916217
0.9028756
0.9142806
0.8981087
0.9009168
0.9263909
0.9115195
0.9004658
0.8908151
0.9014333
0.9055522
0.9038076
0.9239974
0.9248758
0.9254654
0.9078625
0.9018555
0.9003829
0.9202152
0.927311
0.9128163
0.915722
0.9132383
0.9068917
0.9182623
0.9160221
0.904738
0.8765983
0.9169159
0.915533
0.896927
0.9060095
0.9186174
0.9006625
0.9163178
0.8172587
0.8219242
0.9050822
0.9023162
0.9032015
0.9270542
0.9029269
0.9207608
0.9014181
0.9061016
0.9170711
0.9083336
0.903007
0.9217957
0.9167453
0.9211432
0.9140861
0.9230394
0.9094425
0.9010171
0.8998111
0.9183997
0.9046435
0.9065196
0.8988496
0.9140296
0.9201995
0.9011993
0.9070737
0.9056178
0.9223568
0.9105752
0.9141117
0.9154964
0.9116896
0.9194645
0.9139641
0.9035658
0.9035063
0.9058007
0.850617
0.8574226
0.8560361
0.8543226
0.8805623
0.8489694
0.83961
0.8646008
0.8470166
0.8489449
0.8657978
0.9104857
0.9211039
0.9261724
0.921528
0.9072653
0.9072121
0.918225
0.917521
0.9113204
0.9489518
0.9035804
0.8986636
0.8764455
0.9161181
0.8998412
0.9156669
0.9156425
0.91149
0.9152381
0.9334533
0.9116554
0.9107945
0.9108332
0.9124911
0.9018137
0.9009735
0.9129704
0.9131031
0.9142857
0.8819824
0.8824203
0.9125449
0.9132451
0.9245589
0.9108825
0.9079016
0.9076401
0.8917453
0.9098193
0.9116666
0.9102867
0.8892793
0.90715
0.9066541
0.8853435
0.8967133
0.9045658
0.9202071
0.9097002
0.909441
0.9006866
0.893955
0.9015489
0.9026074
0.9090594
0.9112348
0.9111518
0.8871375
0.8953906
0.9004949
0.8960848
0.9231769
0.9115863
0.9090722
0.915162
0.9007535
0.9067495
0.9050285
0.9038206
0.9022562
0.9081958
0.8814703
0.8961625
0.9125266
0.901057
0.9137093
0.896758
0.9024612
0.8976841
0.9073178
0.9069058
0.9058561
0.9084197
0.9059401
0.910527
0.9106143
0.8820826
0.8888928
0.9181664
0.9046711
0.9015826
0.9019691
0.9029481
0.9231489
0.901133
0.9001414
0.9024588
0.9063692
0.8941151
0.9148211
0.908238
0.9104851
0.924791
0.9231821
0.9209344
0.9035782
0.8970293
0.9028002
0.9022351
0.9285037
0.8975053
0.908192
0.9010314
0.9025188
0.8946903
0.9084145
0.8940465
0.9110487
0.9135483
0.9237115
0.9020534
0.9108979
0.9041173
0.9045545
0.9007708
0.9004157
0.9199508
0.9209565
0.9209861
0.9011282
0.8922519
0.8911385
0.9218101
0.9243428
0.9096774
0.9088574
0.9113073
0.901458
0.9146389
0.9080472
0.9033354
0.8670014
0.906639
0.9041457
0.8897805
0.9003731
0.9127824
0.8965756
0.9135329
0.8549103
0.8500573
0.8985645
0.8996115
0.9008294
0.9210033
0.9006306
0.9139464
0.8940013
0.8999638
0.9125891
0.900018
0.9020441
0.9107983
0.9095162
0.9122019
0.9056909
0.9115791
0.9048798
0.8987016
0.8975365
0.9136268
0.8962164
0.9027567
0.8944808
0.9076846
0.9162644
0.8934276
0.8983406
0.89521
0.914149
0.9056421
0.9103137
0.9136624
0.9094228
0.9153767
0.9110311
0.8941754
0.8948802
0.9017364
0.8408407
0.8496812
0.8457776
0.8502755
0.8713943
0.8343895
0.8396412
0.8599653
0.8435453
0.8438712
0.8584315
0.9056604
0.9135467
0.9258899
0.9147265
0.904655
0.9037781
0.9124059
0.9098039
0.9026696
0.9486985
0.9025262
0.9003193
0.8752801
0.9099594
0.8969436
0.9066082
0.9121214
0.907299
0.912817
0.9279159
0.9088231
0.9062634
0.9048083
0.9049384
0.9043453
0.903731
0.9256374
0.9264021
0.9269165
0.9061337
0.9008235
0.901135
0.9211778
0.928754
0.9171185
0.915703
0.915706
0.9061131
0.9180177
0.9149239
0.9074472
0.8780207
0.9188039
0.9142002
0.8994292
0.9076202
0.9179904
0.9016895
0.9174438
0.8221256
0.8201419
0.9050861
0.90425
0.9046593
0.9271646
0.9058397
0.9191158
0.9011789
0.9090715
0.9177355
0.9091554
0.9038532
0.9224237
0.9169555
0.9218146
0.9137171
0.9220158
0.9098401
0.9039739
0.9037516
0.9217284
0.9061858
0.9093412
0.9012725
0.9147012
0.9201112
0.9044871
0.9077038
0.9049157
0.9232964
0.913823
0.9140517
0.915592
0.9128229
0.9200575
0.9152842
0.9048736
0.9060165
0.9057663
0.8493109
0.8604476
0.8588872
0.8596596
0.8796183
0.850326
0.8455238
0.8644581
0.8486895
0.8530036
0.8699562
0.9110925
0.9222949
0.9271692
0.9229933
0.9083701
0.908626
0.9191296
0.9185803
0.9112946
0.9484963
0.90664
0.9004466
0.8797021
0.9190719
0.9011873
0.9160319
0.9174716
0.9128952
0.915487
0.9347525
0.9134074
0.9146496
0.9109621
0.9081024
0.777276
0.7778572
0.7866823
0.7881128
0.7888911
0.8958288
0.8897029
0.9015304
0.8899822
0.8992273
0.7370269
0.8940255
0.8181401
0.8928003
0.8994463
0.8868575
0.7436349
0.9009847
0.8926742
0.8862819
0.8866039
0.7434816
0.8859957
0.9065041
0.8793959
0.9049207
0.9017931
0.8552119
0.7301462
0.8808343
0.8971324
0.8980318
0.8990554
0.8887519
0.7709881
0.9136789
0.8994058
0.9067889
0.8973088
0.8979527
0.8918055
0.8879485
0.8970014
0.8821932
0.736526
0.9031724
0.890849
0.8907816
0.7350515
0.9009563
0.8811255
0.8964186
0.719346
0.7620807
0.7407499
0.8972998
0.8133666
0.8035035
0.8201345
0.7990414
0.8184455
0.8040551
0.8971736
0.8908108
0.9041322
0.9018205
0.9028228
0.8996182
0.902439
0.9093382
0.8902266
0.899173
0.9064936
0.8963424
0.8936951
0.9040232
0.9149603
0.8935641
0.9170678
0.902034
0.9088349
0.8796627
0.8925709
0.896081
0.7799722
0.9357197
0.6902308
0.9069886
0.9090379
0.8142709
0.8713006
0.8894222
0.8893397
0.8900508
0.8881755
0.9109109
0.8977683
0.8839952
0.8784879
0.906345
0.9057475
0.9017536
0.9165928
0.9167671
0.9175641
0.8867644
0.8863233
0.9170719
0.9297555
0.9369391
0.9125554
0.9135234
0.9115437
0.892517
0.9099349
0.914006
0.9135194
0.8690593
0.9102219
0.9087882
0.8877732
0.899391
0.9145882
0.921481
0.9157163
0.8915845
0.8747791
0.8963504
0.9041489
0.9152737
0.9118861
0.9100271
0.9153214
0.8860554
0.8978982
0.9074794
0.90542
0.9221504
0.913079
0.91141
0.9203373
0.9068884
0.9127462
0.9105854
0.9068858
0.8999812
0.9186349
0.8785672
0.9001495
0.9165465
0.9132761
0.926032
0.8951996
0.908036
0.9041862
0.9185177
0.9112999
0.9080717
0.9112626
0.9128579
0.9166756
0.9090779
0.8828765
0.896964
0.9203419
0.8818886
0.8806561
0.8776997
0.8816357
0.9137718
0.8786077
0.8743098
0.8741809
0.8826855
0.8731891
0.905093
0.9043739
0.9179772
0.9306772
0.9242462
0.9225453
0.9134473
0.9035987
0.9127878
0.9022646
0.927274
0.9012426
0.904838
0.8725685
0.9058756
0.8953663
0.9210498
0.8994597
0.9186408
0.9206496
0.9309848
0.9009447
0.9178701
0.9157479
0.902855
0.9020009
0.8999495
0.9211438
0.920861
0.9218717
0.9034893
0.897677
0.8950973
0.918289
0.9236386
0.9108556
0.9092266
0.9096561
0.9062871
0.9157947
0.9098689
0.9041244
0.8762594
0.9107441
0.9052469
0.8926971
0.9035104
0.9124408
0.8990338
0.9133451
0.8410178
0.8374528
0.9012932
0.901214
0.905421
0.9205644
0.8958537
0.915295
0.8937107
0.9037667
0.9173586
0.8974598
0.9019268
0.9155903
0.9143279
0.9131376
0.9074465
0.9146582
0.9079595
0.8982389
0.9030321
0.9166667
0.8987277
0.9037464
0.8949133
0.9089577
0.9164132
0.8969245
0.9016812
0.8979555
0.9161575
0.9089841
0.9099404
0.9131268
0.9098688
0.9140332
0.9109667
0.9006319
0.8979791
0.8984313
0.8399046
0.8534041
0.8461568
0.8496343
0.8698172
0.8356222
0.8330632
0.8643833
0.8480049
0.8446127
0.859103
0.9073742
0.9146581
0.9270426
0.917756
0.9023138
0.9047619
0.9148959
0.9120057
0.9055048
0.9480049
0.901778
0.8989035
0.8791959
0.9085023
0.8922998
0.9103045
0.9154277
0.9057976
0.9110818
0.9316775
0.907927
0.9080043
0.9008515
0.9014292
0.9027375
0.9018791
0.9183867
0.9178001
0.9186633
0.903358
0.8972732
0.8947751
0.9158781
0.923451
0.9138364
0.9132188
0.9114511
0.9106561
0.9124147
0.9064069
0.9048987
0.8787924
0.9125354
0.9026692
0.8936657
0.9027488
0.9137698
0.8990279
0.9146247
0.8750093
0.8754509
0.9019991
0.9067672
0.9026093
0.9196545
0.8926833
0.913693
0.897796
0.902298
0.9167221
0.9036321
0.9025224
0.917384
0.9150258
0.9090909
0.9102358
0.9163095
0.9075915
0.9018429
0.9004971
0.9132207
0.8991618
0.9017587
0.8955962
0.9077302
0.9147739
0.8970016
0.9055585
0.9040894
0.9149737
0.9060484
0.9119352
0.9121382
0.9090326
0.9137006
0.915675
0.9026139
0.8962244
0.8970263
0.866499
0.8808459
0.8698146
0.8737357
0.8799719
0.865134
0.8633736
0.8808664
0.8642561
0.8630899
0.8736983
0.9108593
0.912533
0.9264071
0.9157359
0.9010735
0.9023828
0.9116912
0.9122932
0.9072121
0.949701
0.9027543
0.8958341
0.8876803
0.9081346
0.892787
0.9087275
0.9118351
0.9062522
0.9111372
0.9279414
0.9060367
0.9067046
0.9011994
0.9002254
0.9012567
0.8978065
0.9175598
0.9172758
0.9179516
0.9036946
0.8948691
0.8948961
0.9155408
0.9244063
0.9103634
0.9097017
0.9098987
0.9107668
0.911947
0.9044618
0.9023123
0.8765819
0.9089323
0.9005425
0.8933008
0.9003071
0.909965
0.8971196
0.9123174
0.8749675
0.8782528
0.8992628
0.9025676
0.8995696
0.9185204
0.8916703
0.9129215
0.8964415
0.9016812
0.9123023
0.9019229
0.8972156
0.9149564
0.9141117
0.9069767
0.9081596
0.9162383
0.9075396
0.8986398
0.8991997
0.9120992
0.9001308
0.8988304
0.8946716
0.9072482
0.91254
0.8955583
0.9037351
0.8999494
0.9137003
0.9063839
0.9101452
0.9116319
0.9077358
0.9108099
0.913025
0.9005561
0.8955483
0.896067
0.8642599
0.8790308
0.8697194
0.8726029
0.8782354
0.862681
0.8632209
0.8807959
0.8634612
0.8626365
0.8743226
0.9085422
0.9147096
0.9262094
0.9148174
0.8998114
0.8989435
0.9138633
0.9114718
0.9072375
0.9500461
0.8988082
0.8961237
0.8854526
0.9088224
0.8909224
0.9075056
0.9121036
0.9076069
0.9064949
0.9264325
0.9049842
0.905129
0.899067
0.9041627
0.9052382
0.9033618
0.9194994
0.9178077
0.9183702
0.907521
0.9009146
0.8971012
0.9201565
0.9234445
0.9119352
0.914017
0.9095314
0.9082394
0.9131365
0.9066811
0.9020395
0.881551
0.9109718
0.902334
0.9033355
0.9059731
0.9143805
0.8977145
0.9142725
0.8781711
0.8771583
0.9067019
0.9043576
0.9001268
0.9230253
0.894478
0.9145323
0.9032981
0.9066159
0.9157724
0.9046784
0.8989255
0.9171616
0.9154806
0.9098407
0.9104066
0.9139736
0.9104792
0.8997936
0.9016155
0.9101452
0.9052727
0.90625
0.896475
0.9080476
0.9131858
0.8981259
0.9037825
0.9016601
0.9160134
0.9083896
0.9090746
0.9130125
0.9078698
0.9116069
0.913439
0.90562
0.9025841
0.9003127
0.8693887
0.8819777
0.8749535
0.8768923
0.8760115
0.8676746
0.8683006
0.8832737
0.8671949
0.8678515
0.8754366
0.9117131
0.9133625
0.9275292
0.9179242
0.9000509
0.9006553
0.9153681
0.9150802
0.9027618
0.9498681
0.9039625
0.8989449
0.8912588
0.9137613
0.8976421
0.9102202
0.9156687
0.9066427
0.9081143
0.928329
0.9082205
0.9060791
0.9018509
0.8987871
0.9012636
0.9001891
0.9197284
0.9194809
0.9202742
0.9042841
0.9017189
0.8896646
0.918488
0.9258053
0.9127047
0.91375
0.9118878
0.9137993
0.9164401
0.9098005
0.8993653
0.8918969
0.912944
0.9076349
0.9005511
0.9074718
0.9174959
0.8932859
0.9105071
0.8803298
0.8834198
0.9043488
0.9027454
0.9034017
0.9232381
0.8923286
0.9158575
0.9034347
0.9049911
0.9177797
0.9030047
0.8917245
0.9187147
0.9161087
0.9121253
0.9103886
0.9194365
0.9097571
0.8990264
0.9001388
0.9125076
0.9057807
0.9078695
0.8875851
0.9064363
0.9143511
0.9004101
0.8991826
0.9015469
0.9139275
0.9081237
0.9126907
0.9130108
0.9072845
0.9162455
0.912351
0.9085186
0.9006829
0.8970426
0.865581
0.8820675
0.8758422
0.8729112
0.8694471
0.8647615
0.8679637
0.8851517
0.8650818
0.8697343
0.8681645
0.9101794
0.914865
0.9240134
0.9107707
0.8988801
0.9010961
0.9167834
0.9154037
0.904127
0.9539641
0.9057683
0.8967068
0.8963113
0.9127543
0.8918213
0.9089827
0.9223124
0.9043843
0.9087505
0.9259246
0.9071098
0.9040242
0.9011393
0.8967836
0.8943939
0.8918256
0.9133881
0.9139884
0.9152506
0.8914757
0.8883927
0.8944177
0.9186737
0.9283446
0.9045666
0.9100154
0.9044089
0.8985163
0.9122385
0.9076734
0.9003386
0.8477061
0.9090844
0.9035904
0.8861428
0.8928192
0.9104784
0.9033583
0.9108989
0.8603945
0.8514555
0.8946131
0.8926827
0.9012552
0.9180865
0.893564
0.910375
0.8913515
0.891975
0.9124774
0.8983278
0.9016278
0.9136892
0.9115211
0.9120092
0.9052254
0.9080772
0.9030662
0.8981147
0.8938063
0.916735
0.8904727
0.8956054
0.89545
0.9053746
0.9179073
0.8892461
0.8963095
0.8956932
0.917114
0.9026098
0.9021369
0.9064367
0.9015901
0.9091039
0.9024214
0.8906954
0.8909517
0.9018871
0.8536221
0.8624118
0.8584992
0.8572893
0.8845853
0.8552361
0.8486198
0.8640465
0.8612287
0.8510524
0.8702849
0.9008762
0.9139789
0.9319199
0.9162892
0.9037026
0.9037387
0.9095408
0.9142693
0.897589
0.9413121
0.8933299
0.8970511
0.8752195
0.9025604
0.8862687
0.9104778
0.9063259
0.9105004
0.91399
0.9285966
0.9042531
0.9086673
0.8980634
0.9055313
0.9049272
0.9027204
0.9231035
0.9220406
0.9220325
0.9013907
0.9000215
0.904578
0.918932
0.9294964
0.9139883
0.9150881
0.9112407
0.9051629
0.9183724
0.9140404
0.9072685
0.8732353
0.9148325
0.9107384
0.8999391
0.9039743
0.9181939
0.9076846
0.9172722
0.8371103
0.8286142
0.9025299
0.9064748
0.9039147
0.9203243
0.9058673
0.9192343
0.8969394
0.9012975
0.9145879
0.9064629
0.9124905
0.9187437
0.9166
0.9166229
0.9100336
0.9190016
0.909684
0.9050687
0.9041578
0.9202458
0.9001941
0.9056913
0.9038517
0.9093257
0.9179175
0.902954
0.905277
0.904482
0.9214231
0.9096195
0.9114514
0.910964
0.9120705
0.9156761
0.9120396
0.898674
0.9011298
0.9063415
0.8557526
0.8550208
0.8574096
0.8551953
0.8806293
0.8508798
0.8487728
0.8645142
0.8525605
0.846776
0.8717184
0.9113165
0.9208222
0.9295356
0.9227447
0.9123678
0.9075469
0.9125173
0.91538
0.9065295
0.9421865
0.9072044
0.9058069
0.8746016
0.9114805
0.9006594
0.9171643
0.9119283
0.9112194
0.9184446
0.932957
0.909808
0.9092253
0.9102955
0.9193595
0.9123312
0.9143188
0.9149543
0.91603
0.9167361
0.9015875
0.8995527
0.9204681
0.9214089
0.9244577
0.9155819
0.9147078
0.9136484
0.9082201
0.915899
0.9174363
0.9115716
0.9080526
0.9123231
0.9112116
0.8995102
0.9087757
0.9186002
0.9246343
0.9152241
0.9219008
0.918285
0.9045224
0.9085141
0.9099137
0.9113172
0.9213998
0.9154811
0.905887
0.9047231
0.9097467
0.9025855
0.9269541
0.9211933
0.9160684
0.9143027
0.9142234
0.9179014
0.9151914
0.9091616
0.9221559
0.9163813
0.9043997
0.9066104
0.9189313
0.9088792
0.9208448
0.9061943
0.909776
0.910472
0.9110234
0.910629
0.9127227
0.911968
0.9128801
0.9145001
0.9107112
0.9038015
0.9006613
0.9242891
0.919976
0.9121566
0.9195212
0.9188619
0.9264974
0.914932
0.9191755
0.9180842
0.9167732
0.9119644
0.9227048
0.9199586
0.9139464
0.9296763
0.9199457
0.9218334
0.9108474
0.9009664
0.9069057
0.9125937
0.9328181
0.9087698
0.919499
0.9153935
0.911108
0.9095839
0.9139233
0.9114362
0.9150116
0.913042
0.9266802
0.9122233
0.9153696
0.9103465
0.9226343
0.8835918
0.884701
0.8924663
0.8917105
0.8932628
0.9051773
0.9035358
0.9223951
0.8903816
0.8957128
0.8895958
0.8914833
0.8860719
0.8929006
0.9001803
0.8841321
0.8858457
0.9146579
0.8965322
0.8840804
0.8997085
0.8868663
0.8827993
0.9166433
0.6841019
0.9220875
0.9203919
0.8802263
0.8874834
0.8802471
0.891538
0.91498
0.8892925
0.9038414
0.88497
0.9182831
0.9017229
0.9178195
0.8934441
0.8931478
0.8859737
0.8851829
0.8951931
0.8837601
0.8843124
0.9255721
0.8823403
0.9067451
0.8873325
0.9186047
0.8704895
0.8770483
0.8847725
0.8877095
0.8857061
0.8883957
0.8853121
0.8805728
0.8862094
0.8840044
0.8882173
0.8779164
0.9044047
0.9038753
0.9183595
0.9151387
0.9199186
0.9163447
0.9182709
0.9160738
0.9126707
0.914195
0.9195032
0.916378
0.9155828
0.916313
0.9291727
0.8881384
0.9173038
0.8994847
0.9177929
0.881028
0.8548566
0.8630202
0.8805938
0.9293485
0.8868222
0.9233915
0.9199943
0.8864325
0.879429
0.8830105
0.8875198
0.885043
0.8808068
0.900102
0.9064307
0.8907587
0.8778811
0.9134671
0.8398621
0.8386101
0.8638535
0.865295
0.8659824
0.9012346
0.8926845
0.9070754
0.8938784
0.9023475
0.8494436
0.8952523
0.8550917
0.8940452
0.9031101
0.886158
0.8403602
0.9056726
0.8942243
0.8872765
0.8942027
0.8422656
0.8919861
0.9084939
0.8766022
0.9093046
0.9101296
0.8636448
0.8395062
0.8791653
0.8974441
0.9061756
0.8938966
0.8990402
0.8440474
0.915932
0.8953198
0.9095679
0.9021517
0.8953723
0.8897898
0.8882518
0.9003886
0.8860937
0.8351553
0.9158696
0.8883143
0.9013418
0.8456487
0.9040077
0.8798679
0.8865353
0.8303234
0.8462572
0.8397784
0.8925044
0.8470356
0.8512885
0.8595586
0.8386757
0.8536513
0.8490419
0.8970912
0.8981115
0.9090618
0.9066098
0.9089156
0.9033113
0.9089002
0.9091071
0.9013609
0.9035475
0.9113178
0.904366
0.9027229
0.9065407
0.9192982
0.8901884
0.9151387
0.8942143
0.9086448
0.8790152
0.8916631
0.8838527
0.83746
0.9357595
0.8313819
0.9155961
0.9149121
0.8481111
0.8803004
0.8853489
0.8934754
0.887427
0.8889967
0.9076896
0.898572
0.8832253
0.8789048
0.9053906
0.8924032
0.8919795
0.9069342
0.9066878
0.9079082
0.885303
0.8833297
0.9038875
0.9126923
0.921454
0.9006648
0.9035072
0.8996085
0.8902218
0.9042163
0.9029293
0.8946534
0.8924739
0.9017168
0.8992674
0.8817946
0.8864494
0.9047907
0.9094564
0.8992027
0.9059363
0.8961289
0.8890181
0.8892111
0.8965182
0.9037901
0.9059646
0.9049832
0.888135
0.8896069
0.9061589
0.8930541
0.9122877
0.9042875
0.9053921
0.9078421
0.8993267
0.9042373
0.9015594
0.8918051
0.9004166
0.9065202
0.8851393
0.886678
0.9034735
0.9012892
0.9077751
0.8885128
0.8948482
0.8913177
0.9070933
0.8976583
0.8969766
0.8957558
0.890913
0.9012035
0.89491
0.888646
0.8869474
0.9112702
0.901139
0.897615
0.8961504
0.9012106
0.9153164
0.8986313
0.8953341
0.8980136
0.9023623
0.890662
0.9091006
0.9041705
0.9019864
0.9212533
0.9113995
0.9131732
0.8942228
0.8959098
0.896589
0.8888487
0.9342812
0.8884188
0.9025391
0.9008662
0.8956056
0.8879282
0.9062333
0.8935778
0.9019629
0.9038674
0.9178034
0.8990723
0.9033333
0.8987119
0.8989126
0.8975255
0.8992279
0.9178111
0.9186287
0.919227
0.8932722
0.8946583
0.8952086
0.9165123
0.9243525
0.9093042
0.9084472
0.9068947
0.9005429
0.9142146
0.9090453
0.8983278
0.8676598
0.9093464
0.9011275
0.8870088
0.8965492
0.9142583
0.8991457
0.9141512
0.8380474
0.8356672
0.8954425
0.895498
0.9003938
0.9184287
0.8909343
0.909269
0.8916436
0.8981007
0.9121355
0.9011642
0.8992832
0.9153614
0.9121069
0.9105439
0.9034741
0.9140066
0.9023559
0.8971536
0.8935064
0.9183508
0.8890642
0.8975827
0.8951051
0.9075486
0.9179447
0.8921558
0.8998956
0.8968691
0.9151933
0.9073466
0.9071689
0.9109214
0.904002
0.9108739
0.9051684
0.896012
0.8933764
0.8997424
0.8316862
0.8519377
0.8386936
0.8486435
0.8682298
0.8397377
0.8262727
0.8572559
0.8398026
0.8322057
0.8616458
0.9031938
0.9118652
0.9259695
0.9177182
0.9021487
0.9029014
0.9129176
0.9118089
0.8982267
0.9460022
0.9004254
0.8938943
0.8670379
0.9054213
0.8904275
0.9123989
0.9086928
0.904261
0.9101865
0.9301572
0.9053566
0.9059759
0.9048766
0.9044072
0.9018675
0.8980768
0.9177583
0.9178543
0.9187922
0.9024364
0.8969128
0.8924825
0.9178216
0.9240585
0.9120133
0.9086523
0.9091586
0.905436
0.9184639
0.908626
0.9031192
0.872067
0.9099355
0.9078504
0.8918182
0.9025846
0.9158693
0.9006128
0.9128423
0.8405819
0.8366194
0.9032607
0.9008041
0.9027608
0.9243285
0.8966914
0.9167783
0.8919862
0.9011885
0.9200251
0.902412
0.9007799
0.9117709
0.912987
0.9121713
0.90851
0.9140787
0.9078521
0.9004536
0.8987379
0.9161195
0.8987998
0.9052216
0.8926607
0.9052575
0.9141028
0.8988002
0.9011938
0.8999748
0.9159932
0.9070504
0.9100224
0.9125846
0.9083203
0.9172351
0.9098099
0.899024
0.8983697
0.8989028
0.8420912
0.8542478
0.8448787
0.8498809
0.8646735
0.8404036
0.8373859
0.8622096
0.8429163
0.8459311
0.856665
0.907026
0.9121346
0.9259694
0.9172073
0.9004335
0.9058781
0.9147339
0.9118886
0.9054417
0.9497883
0.9012106
0.8995051
0.8775902
0.9090909
0.890411
0.9107734
0.9130218
0.9101752
0.9111995
0.9309626
0.9084313
0.9084782
0.8973461
0.898512
0.8980144
0.8949705
0.9142807
0.9139613
0.9146329
0.8964197
0.8905584
0.900362
0.9197505
0.9254351
0.907997
0.907917
0.9076512
0.9032718
0.9141171
0.9110907
0.8995176
0.8758119
0.9042185
0.9041564
0.8905647
0.8928507
0.9117481
0.906966
0.9158751
0.8759539
0.8732015
0.8933737
0.897401
0.9050311
0.9139559
0.8986477
0.9118711
0.8922501
0.8974826
0.909405
0.9003614
0.9049971
0.9091925
0.9063168
0.9144991
0.9017444
0.9119774
0.9051121
0.8967814
0.8962657
0.9130053
0.8925551
0.8935184
0.902583
0.9073733
0.9131731
0.8917971
0.8971789
0.8959461
0.9159611
0.9012866
0.9024962
0.9068257
0.9084716
0.9116926
0.9055232
0.8932148
0.8943148
0.9035486
0.8713186
0.8802095
0.8729779
0.8810903
0.8932566
0.8695026
0.8642457
0.8819864
0.8714709
0.8661572
0.8903188
0.8998288
0.9150082
0.9251901
0.9198075
0.9068807
0.901213
0.9101402
0.9153086
0.9003171
0.9428412
0.8965961
0.8973635
0.882919
0.9053482
0.8923692
0.9150738
0.9049297
0.9074572
0.9130847
0.9303599
0.9011314
0.9048157
0.903367
0.9004565
0.8856129
0.8858107
0.9018084
0.901951
0.9029223
0.888856
0.8881201
0.8970395
0.9112695
0.9183788
0.8941764
0.9024408
0.8936155
0.8960053
0.9081966
0.899931
0.8832897
0.898032
0.9016919
0.8990105
0.8866966
0.8784749
0.9006011
0.902531
0.9021927
0.9011778
0.9014409
0.8900945
0.8763139
0.8800237
0.9090942
0.8925907
0.9050783
0.8849825
0.8828073
0.9136103
0.8945215
0.9033881
0.9093102
0.9062711
0.9006424
0.8994705
0.9030284
0.8978765
0.8802276
0.8947586
0.9046301
0.8904392
0.8793263
0.8955634
0.889287
0.9075136
0.8783899
0.8860732
0.8807123
0.9071367
0.8926574
0.8939614
0.900516
0.8886413
0.8985586
0.8939163
0.88845
0.8905525
0.9018595
0.8915244
0.902285
0.8971836
0.9019779
0.9045208
0.8945224
0.8919297
0.9052956
0.8967257
0.8867533
0.9010701
0.9068389
0.9070801
0.9195829
0.9073994
0.9043854
0.8818145
0.8987415
0.9020654
0.8812866
0.9426565
0.8772008
0.8985172
0.9085001
0.8901211
0.8819635
0.9042929
0.9009624
0.8962761
0.8991895
0.9185544
0.9017396
0.8963935
0.892369
0.8983082
0.8984845
0.8971652
0.919266
0.9193995
0.9196942
0.9005756
0.8975151
0.8955768
0.9192074
0.9264195
0.9102441
0.9096985
0.9105538
0.9037649
0.9164213
0.9105787
0.8972566
0.8670607
0.9087348
0.9078465
0.8916819
0.8999458
0.9153507
0.9000289
0.9128154
0.835667
0.8389703
0.9019309
0.8958651
0.9019884
0.9208836
0.8906962
0.9143445
0.8945109
0.8989028
0.9124525
0.90188
0.9001034
0.9123926
0.9129224
0.9139186
0.9054117
0.9164261
0.9076143
0.8965605
0.8913133
0.91256
0.8972426
0.8995042
0.8938609
0.9054418
0.9141185
0.8956753
0.8959673
0.8961953
0.9146255
0.9045422
0.9113076
0.9089127
0.9031841
0.9133513
0.9073632
0.8955344
0.8972608
0.9017029
0.8384722
0.849482
0.8477401
0.8535959
0.8631163
0.8375418
0.8338672
0.8617984
0.8454455
0.8390619
0.8636466
0.9014655
0.913446
0.9274325
0.9170411
0.9047722
0.9042921
0.9132004
0.9108442
0.9016854
0.9485912
0.9014627
0.8926215
0.870526
0.9076139
0.8955984
0.9079324
0.91175
0.9101396
0.9131811
0.9299861
0.9096501
0.9059067
0.9043729
0.8955716
0.8981265
0.8960494
0.9177193
0.9187257
0.9194368
0.8974424
0.8957925
0.8992639
0.9256899
0.9279039
0.9092201
0.9151123
0.9099169
0.9047825
0.9143567
0.9131645
0.8997256
0.8681265
0.9146242
0.9090844
0.8959135
0.8983915
0.9120413
0.90564
0.9141393
0.8633943
0.8625687
0.9007316
0.8963479
0.9019424
0.9177622
0.8962131
0.9177695
0.8923424
0.9001692
0.9148361
0.9011665
0.9042213
0.9152721
0.9127864
0.9151648
0.9034344
0.9095765
0.9055714
0.900303
0.8911147
0.9168051
0.8964802
0.898546
0.899242
0.9094543
0.9167432
0.8890842
0.9055267
0.8999422
0.9225312
0.907809
0.9071646
0.9105258
0.9092367
0.9098614
0.9109557
0.898429
0.8990092
0.9055379
0.8593673
0.8689524
0.8647202
0.8674223
0.8865987
0.8605447
0.8484722
0.8711189
0.8621757
0.851887
0.8811112
0.9005704
0.916395
0.9267618
0.9194953
0.9081075
0.9027833
0.9139923
0.913742
0.8993838
0.9458889
0.8962152
0.8950145
0.8776843
0.9047942
0.893994
0.9153234
0.9107565
0.9117134
0.9137766
0.9272899
0.9053926
0.9071017
0.9069167
0.910475
0.9119796
0.9113983
0.9204013
0.9201944
0.9208274
0.8879006
0.8906227
0.9183986
0.9250441
0.9342612
0.9166432
0.911771
0.9140032
0.8991721
0.9197559
0.915947
0.9136519
0.8626838
0.9135877
0.9117395
0.8903461
0.9044627
0.9140919
0.9248351
0.9117574
0.8740864
0.8636193
0.9030104
0.9078037
0.913107
0.9177197
0.9160091
0.9165432
0.8914032
0.9056172
0.9110572
0.9041594
0.9255235
0.9156508
0.9131703
0.9222905
0.908383
0.9156741
0.9133345
0.9075618
0.9021067
0.917986
0.8889499
0.9049346
0.9199957
0.9107804
0.9200563
0.9050984
0.9084236
0.9081866
0.9188625
0.9107612
0.9141104
0.9131544
0.9174147
0.9192824
0.9091426
0.8865188
0.898751
0.922657
0.8704396
0.8643896
0.8641481
0.8694198
0.9013747
0.8664922
0.8639295
0.8662912
0.8749301
0.8600527
0.8899354
0.9078928
0.9177565
0.9310641
0.920325
0.925015
0.9127677
0.9032513
0.9123076
0.9117794
0.9326259
0.9064635
0.9094038
0.8713517
0.912285
0.8999747
0.9196892
0.9026823
0.9224864
0.9184171
0.9302948
0.9019835
0.917611
0.9157786
0.9087462
0.907784
0.9067579
0.914488
0.9147371
0.9154501
0.8939063
0.8885206
0.9055005
0.9205502
0.9285198
0.9113276
0.9122844
0.9124026
0.9031783
0.9161639
0.9142948
0.9087408
0.8675772
0.9099848
0.9089579
0.8916742
0.9060657
0.9137149
0.9098592
0.91158
0.8702913
0.8619539
0.9022221
0.9031262
0.9080365
0.9167635
0.9058521
0.9156279
0.8955661
0.9045562
0.9114173
0.8996218
0.9119933
0.9192021
0.913409
0.9145941
0.9072404
0.915221
0.9067429
0.9062232
0.9049407
0.9150069
0.8955635
0.9041852
0.9037874
0.9100629
0.9158625
0.8996749
0.9065058
0.9064566
0.9147995
0.9097763
0.9107289
0.9132799
0.9105801
0.9170759
0.9095124
0.8983051
0.896667
0.9061323
0.8607352
0.861618
0.8558657
0.8624007
0.8807383
0.8561652
0.8535536
0.8686779
0.855879
0.8549883
0.8715776
0.9114062
0.9152193
0.9303993
0.9179994
0.9059878
0.9102628
0.9049017
0.9046783
0.9112918
0.9407588
0.9041884
0.9070321
0.8750659
0.9093353
0.8948892
0.9152111
0.9075477
0.9128494
0.9111686
0.9315884
0.9042512
0.9105743
0.9055093
0.9032781
0.908601
0.9051792
0.9202385
0.9205988
0.9208931
0.9027505
0.9000073
0.8936528
0.9266128
0.9289031
0.9079346
0.9108805
0.9136244
0.9137857
0.916983
0.9102477
0.902285
0.9043681
0.9119329
0.9055441
0.8960439
0.9025006
0.9115
0.8985681
0.9116405
0.905532
0.9054083
0.8970288
0.9012301
0.9025191
0.9237975
0.89208
0.9157898
0.9031058
0.9034706
0.9118985
0.90901
0.8972659
0.916614
0.9171818
0.910419
0.9091918
0.9159149
0.9073988
0.900719
0.9044336
0.9157037
0.9015792
0.9042005
0.892942
0.9071459
0.9154495
0.8984204
0.9034725
0.9011525
0.9149959
0.9095152
0.910901
0.9127328
0.9081808
0.9152554
0.9101036
0.9064139
0.8995814
0.9020368
0.8998429
0.9104623
0.9041274
0.9021944
0.9046081
0.8945694
0.9014187
0.9060514
0.8985422
0.8997776
0.9060492
0.9065571
0.9112436
0.9260119
0.9161441
0.9042353
0.9038746
0.9145031
0.9104349
0.9041884
0.9463023
0.904046
0.8992843
0.9120936
0.915289
0.898657
0.9120428
0.9146093
0.9079353
0.9116148
0.9265339
0.9075683
0.9091168
0.9047448
0.9024084
0.8992687
0.9001806
0.9156677
0.9160324
0.9167107
0.8929752
0.8929119
0.9053888
0.9197947
0.9258911
0.9067509
0.9120301
0.9056179
0.8998658
0.9126916
0.9080026
0.9027808
0.8678122
0.9110708
0.906474
0.8937233
0.8983831
0.9130435
0.9084862
0.9135986
0.8533596
0.8463777
0.899851
0.896213
0.9018651
0.9175795
0.9015083
0.9135873
0.8930434
0.899888
0.9113888
0.9027808
0.9086538
0.9133622
0.9117824
0.9158978
0.9085138
0.9146066
0.906837
0.8979481
0.8985713
0.9177704
0.8942054
0.8986979
0.901753
0.9074446
0.915981
0.8938435
0.90231
0.9010127
0.9157227
0.9067739
0.9085117
0.9082562
0.9047175
0.9105448
0.9031761
0.8973348
0.8953303
0.9060252
0.8461597
0.8534175
0.8460218
0.8519066
0.8753869
0.8426015
0.8478253
0.8577358
0.8490212
0.8414986
0.860417
0.9059791
0.9149123
0.9319789
0.9147524
0.9081276
0.9029067
0.9100926
0.9118301
0.9012845
0.9407873
0.8981977
0.8985254
0.8677105
0.907852
0.8951013
0.9110213
0.9075694
0.91081
0.9158583
0.9315527
0.9064804
0.9087929
0.9047671
0.8310449
0.9086591
0.9045516
0.9235037
0.9246389
0.925476
0.9043828
0.9012057
0.9080943
0.9285664
0.9353895
0.9174531
0.9188184
0.9137218
0.9075228
0.9211174
0.9163899
0.9076833
0.89704
0.9216768
0.9159268
0.8955524
0.9045986
0.9210164
0.9069073
0.9198557
0.9035671
0.893669
0.907765
0.9018439
0.911922
0.9243271
0.8947506
0.9239381
0.9028297
0.9016672
0.9153207
0.9084412
0.9043255
0.9225876
0.9203112
0.9214575
0.9158225
0.922517
0.9147715
0.9043985
0.7670243
0.9226525
0.9044017
0.9040727
0.9069037
0.9201653
0.9276538
0.9021618
0.9052199
0.9043562
0.9246919
0.9129644
0.9108943
0.9206257
0.9120125
0.9194578
0.9132457
0.9034547
0.9070962
0.9124729
0.8913101
0.9013901
0.9052963
0.9023432
0.9087072
0.8913803
0.8899304
0.9032509
0.8964934
0.8898391
0.9028838
0.8192698
0.922956
0.932901
0.9268862
0.9136767
0.9082923
0.9170376
0.9192332
0.9057526
0.9485329
0.9019333
0.8280409
0.9123202
0.9121143
0.8998255
0.9197199
0.9197102
0.9204451
0.9235655
0.9378124
0.9127471
0.9159789
0.9150296
0.8943429
0.9026959
0.8973365
0.9158964
0.9156112
0.9167107
0.897172
0.8924051
0.9013225
0.9246077
0.9308481
0.9093145
0.9103212
0.909742
0.9007692
0.91532
0.9100736
0.9061295
0.894291
0.9088119
0.9058734
0.8893246
0.8978073
0.9163313
0.9040616
0.9142513
0.9035186
0.8957447
0.8993958
0.8981209
0.9039934
0.9155025
0.8940482
0.9150893
0.8931844
0.8978816
0.91537
0.9007186
0.9026408
0.913666
0.9124704
0.9132726
0.9102279
0.9154865
0.9079625
0.9035018
0.8912692
0.918423
0.8930914
0.899002
0.89886
0.9129767
0.9193177
0.8956026
0.9017043
0.902707
0.9175357
0.9080156
0.9094814
0.9107028
0.907181
0.9141702
0.9096194
0.8969551
0.8971126
0.9067279
0.8970615
0.8980547
0.8977418
0.8963166
0.9083499
0.890621
0.8965593
0.8995779
0.8971674
0.8871403
0.9011767
0.8996599
0.9186067
0.9268792
0.9203139
0.9063844
0.9056236
0.9093817
0.9133085
0.9033304
0.9410884
0.8985806
0.8953059
0.9004083
0.9113428
0.8952437
0.9168683
0.9131993
0.9105711
0.9150087
0.9305201
0.9035826
0.9114257
0.9068068
0.9144236
0.8998713
0.8956315
0.9014899
0.9026041
0.9029436
0.8106307
0.8068666
0.9213591
0.9103345
0.921217
0.8999643
0.900157
0.9040697
0.8916074
0.9046226
0.9008517
0.9061427
0.8901401
0.9000393
0.9022735
0.8152056
0.8878712
0.9002511
0.9227841
0.8964074
0.9142317
0.9037398
0.888666
0.8960471
0.8935185
0.8977521
0.918176
0.9011707
0.8038364
0.8881317
0.907642
0.8665441
0.9224625
0.9059636
0.9019615
0.9062367
0.893766
0.8984408
0.8961682
0.8999892
0.9147476
0.9031902
0.8172599
0.888586
0.9192381
0.8974267
0.9044568
0.8903466
0.898957
0.8976474
0.8983179
0.8969445
0.8946288
0.898948
0.8979336
0.9038639
0.8960476
0.8034857
0.8261851
0.921629
0.9088225
0.9028681
0.9044432
0.9078669
0.9221378
0.9023677
0.9075579
0.9011104
0.9132153
0.8971667
0.9165334
0.916456
0.9037409
0.9246266
0.9088105
0.9247444
0.8905207
0.8880727
0.8894019
0.8920325
0.9199111
0.8905215
0.9112318
0.9000221
0.8982415
0.8871673
0.9023011
0.8882098
0.9036984
0.9077011
0.9155741
0.8969047
0.908663
0.895094
0.9167261
0.8743822
0.8736465
0.8883146
0.8876337
0.8890775
0.8969682
0.8905976
0.9102126
0.8839576
0.888121
0.8848911
0.886951
0.8820606
0.8913588
0.8965529
0.8799552
0.8778794
0.9082308
0.8870209
0.8798193
0.8881352
0.8747689
0.8741175
0.9109909
0.6578846
0.9150529
0.9116628
0.872113
0.8758298
0.8753534
0.8835261
0.9043835
0.8855736
0.8959068
0.878106
0.9135581
0.8941821
0.9112051
0.8865188
0.8832866
0.8831931
0.8786392
0.8903504
0.8748783
0.8753532
0.9187659
0.8731947
0.894799
0.8777999
0.9074971
0.8646232
0.869299
0.872161
0.8804039
0.8765204
0.8848954
0.8769867
0.8768349
0.8825509
0.8769375
0.8818318
0.8741352
0.8972297
0.8932636
0.9100621
0.9096165
0.9132658
0.9114745
0.9084013
0.9136843
0.9031822
0.9045673
0.9121807
0.9076025
0.9058159
0.9128647
0.9237624
0.8841258
0.9159837
0.8976161
0.9132481
0.8754892
0.8536739
0.8570585
0.8746155
0.9279401
0.8756012
0.9149987
0.918312
0.8802608
0.8711947
0.8703294
0.8778643
0.8788283
0.8762623
0.8920364
0.8989231
0.8834785
0.8682464
0.8983476
0.9024983
0.9039605
0.9240462
0.9235028
0.9241691
0.9097095
0.903905
0.9002567
0.9205985
0.9278436
0.9138552
0.9124704
0.9136251
0.9113802
0.9213906
0.9079234
0.9062254
0.8823921
0.9128637
0.9090617
0.9060212
0.9060071
0.917707
0.9013684
0.9121493
0.8831942
0.8833659
0.9053942
0.904519
0.9029604
0.9243603
0.8937774
0.9160876
0.9050406
0.9039453
0.9153717
0.9046416
0.9005811
0.9164131
0.9188321
0.9136711
0.912043
0.9164767
0.9116073
0.9006153
0.8992731
0.9158107
0.9073974
0.9072615
0.8992798
0.9140719
0.9163992
0.9001592
0.9078118
0.9030207
0.9191309
0.9087197
0.9148462
0.9138907
0.9099506
0.9190175
0.9119697
0.9075074
0.9064776
0.9019672
0.8706124
0.882277
0.8786984
0.8801957
0.883302
0.8703807
0.8689393
0.884996
0.8681409
0.8716116
0.8798307
0.9086602
0.9159026
0.926889
0.9193372
0.9050239
0.9045843
0.9193046
0.9183724
0.9056779
0.9490841
0.9070224
0.9018604
0.892946
0.9131372
0.895967
0.912166
0.9182624
0.9099032
0.9152428
0.9332871
0.9079746
0.9097156
0.9060766
0.9134392
0.9095093
0.9074443
0.9238859
0.9240164
0.9240458
0.9002715
0.90009
0.9122376
0.9236902
0.9315741
0.9174936
0.9142546
0.9137992
0.9082598
0.918162
0.9173825
0.9156017
0.8729119
0.9128489
0.9145918
0.8998093
0.9079243
0.9161106
0.9167109
0.9192188
0.8395537
0.8305294
0.9046559
0.9089839
0.9161359
0.9176921
0.9120981
0.9162536
0.9010381
0.9040363
0.9167102
0.9090652
0.9142981
0.9177839
0.915211
0.9223583
0.9106401
0.9170191
0.9113271
0.9111451
0.9015752
0.9204975
0.898196
0.9090553
0.910743
0.917078
0.9174776
0.9050031
0.9117928
0.9104101
0.9245138
0.914175
0.915782
0.913413
0.9152883
0.9204569
0.9142938
0.8956225
0.9013198
0.9187542
0.8593127
0.8596873
0.8603521
0.862263
0.8872219
0.8560748
0.8549328
0.8625471
0.8614222
0.8555455
0.8762515
0.9115846
0.9194603
0.9302166
0.9191133
0.9202842
0.9166431
0.9115472
0.9123013
0.9101526
0.9402601
0.9097432
0.9111168
0.8733466
0.9159847
0.9038055
0.9190074
0.9093631
0.9186087
0.91983
0.9295887
0.9102867
0.9146161
0.9109808
0.9092673
0.9028146
0.8986694
0.9198739
0.920196
0.9204899
0.8919771
0.893211
0.9115717
0.9246421
0.9322601
0.9125739
0.9089779
0.9107225
0.9061938
0.913888
0.9120714
0.9102647
0.8666692
0.9086739
0.908765
0.8976663
0.8997762
0.9131193
0.9147624
0.9134802
0.8679689
0.8569645
0.9008836
0.9063365
0.9094423
0.9148031
0.9102261
0.9177637
0.8917295
0.9031239
0.9052255
0.9026517
0.9166727
0.9137416
0.9126272
0.9180704
0.9093053
0.9137208
0.9100416
0.907351
0.9004938
0.9185193
0.8912256
0.9006065
0.9128394
0.9094478
0.9187626
0.8993177
0.9086823
0.9052306
0.9167524
0.9085021
0.9089904
0.9100932
0.9076335
0.913592
0.907965
0.8883547
0.9007447
0.9184393
0.8237908
0.807122
0.8020146
0.7987028
0.8646498
0.8095669
0.82169
0.809436
0.7956271
0.8048144
0.8379444
0.9111022
0.9163511
0.9323293
0.918193
0.9206693
0.9073012
0.9066169
0.9115206
0.9017119
0.9346362
0.9010546
0.9068254
0.8606897
0.9075544
0.8993918
0.9172013
0.9019877
0.9157234
0.9204008
0.927921
0.9022702
0.9153925
0.9098809
0.9139626
0.8922514
0.8918676
0.9051509
0.9050201
0.9055495
0.816943
0.8076579
0.9187862
0.9110059
0.9133899
0.9031915
0.900852
0.898862
0.8925566
0.9039343
0.9029216
0.9018479
0.8989818
0.9012039
0.8933915
0.8109009
0.8881974
0.8974469
0.9187742
0.8981429
0.9157058
0.9031248
0.886362
0.8947842
0.8836888
0.8979118
0.914844
0.9008852
0.8148463
0.889858
0.9073737
0.8600044
0.918641
0.9023875
0.8974758
0.9046522
0.8945799
0.9011669
0.8938455
0.895119
0.90833
0.9018054
0.8211862
0.88911
0.9185397
0.8948596
0.9020569
0.8880809
0.8997789
0.8969379
0.9007178
0.9001672
0.898514
0.9023481
0.9003707
0.9044606
0.8981409
0.8199135
0.8290514
0.9199337
0.9106529
0.9039526
0.9051625
0.9123642
0.9198244
0.9038475
0.9035538
0.9058903
0.9078001
0.9007895
0.9147677
0.9146223
0.897357
0.9191727
0.907571
0.9241062
0.8817513
0.8878748
0.8912863
0.8946839
0.9190641
0.8946575
0.9142506
0.9024703
0.8958445
0.8896737
0.9035347
0.8877292
0.9070592
0.9042867
0.9171327
0.899724
0.9024701
0.8897999
0.9017482
0.9006641
0.8965603
0.91833
0.9181256
0.9183039
0.9111095
0.9031341
0.7922836
0.9176458
0.9218455
0.9092117
0.9100091
0.9104311
0.9115958
0.9170327
0.9078395
0.9000995
0.9069128
0.9118427
0.9020666
0.9010598
0.90199
0.9132476
0.7945579
0.9124281
0.9024312
0.9049624
0.901169
0.9010915
0.8996267
0.9223866
0.8603058
0.9116547
0.9033242
0.9031779
0.9247021
0.9043319
0.8603234
0.911675
0.9118565
0.908367
0.9078034
0.9146671
0.9029575
0.8964362
0.9058682
0.9163795
0.9072037
0.9024944
0.7935582
0.9085986
0.9141263
0.8951691
0.9022503
0.8978851
0.9162181
0.9054814
0.9097195
0.914487
0.9060795
0.9147316
0.9095871
0.9075448
0.9037477
0.8516629
0.8971149
0.9090425
0.9047568
0.9011396
0.9038242
0.8961323
0.8986779
0.9086179
0.8972983
0.8980448
0.9045455
0.9134092
0.9153421
0.9261631
0.915491
0.8581419
0.8988936
0.9166112
0.9199287
0.9021766
0.9500712
0.9049048
0.8993773
0.9210498
0.9094883
0.8975403
0.9096563
0.9184973
0.9095253
0.9116442
0.9284464
0.9146191
0.9074321
0.9016318
0.8946997
0.9015176
0.9007708
0.912571
0.9121705
0.9129285
0.8945268
0.888832
0.8957696
0.9201644
0.9262073
0.9061876
0.910108
0.9067721
0.8932513
0.9125841
0.912896
0.8995591
0.8897124
0.9112374
0.9071246
0.8879459
0.8973858
0.9067035
0.8954248
0.907729
0.9017297
0.8958897
0.8993286
0.8961774
0.8981616
0.9152368
0.8832422
0.915286
0.8884421
0.8972618
0.9150692
0.9043776
0.8957724
0.9128339
0.9110633
0.9146696
0.9051226
0.9145344
0.9018792
0.8939476
0.8866356
0.9129663
0.8919087
0.8966605
0.8932482
0.9067211
0.9162893
0.8927619
0.8980283
0.8963068
0.9156477
0.9042937
0.9076318
0.9089354
0.9083411
0.9147147
0.9053586
0.8958485
0.8972516
0.8991398
0.8875198
0.8930272
0.8932106
0.8976212
0.9063608
0.8895208
0.8839141
0.8971898
0.8907269
0.8820852
0.9012636
0.9011705
0.9144966
0.9223395
0.917403
0.9017473
0.9006787
0.9086997
0.9099286
0.898979
0.939402
0.896165
0.8938103
0.8991961
0.9072095
0.8857468
0.9105282
0.9050328
0.90708
0.9111499
0.9274163
0.9022718
0.9060484
0.9015146
0.902056
0.9022462
0.9006756
0.9162282
0.9162487
0.9177204
0.8914891
0.8898574
0.9081376
0.9201043
0.9273218
0.9122317
0.9114972
0.9081778
0.8962206
0.9151588
0.9113775
0.9060932
0.8601208
0.9164934
0.9091657
0.8886903
0.8977757
0.9166637
0.9129055
0.9101729
0.8636874
0.8522564
0.898119
0.9024522
0.9083202
0.9159922
0.908206
0.9153895
0.8916482
0.8972936
0.9085207
0.9035329
0.9112609
0.9137816
0.9117513
0.9195888
0.9057232
0.9131874
0.9089261
0.9010724
0.8981911
0.9186276
0.8898475
0.8976509
0.9080001
0.9113965
0.9175745
0.8941352
0.9016916
0.8971385
0.9179759
0.9042694
0.9082225
0.9080852
0.9057345
0.9147811
0.9061888
0.8935487
0.8930561
0.9078664
0.8557856
0.8605596
0.8577123
0.8579311
0.8872526
0.8510944
0.8488416
0.864992
0.8603685
0.8502885
0.8777347
0.9060135
0.9174476
0.9304285
0.9228934
0.9101067
0.9084862
0.9095231
0.911254
0.9013397
0.9382818
0.8961198
0.9014381
0.8750283
0.907023
0.8942227
0.9153167
0.9052424
0.9153377
0.9164221
0.9282357
0.9097498
0.914205
0.9124519
0.9129193
0.7883824
0.7820467
0.7922133
0.79011
0.7929015
0.8896577
0.8924211
0.9075765
0.8862197
0.8969498
0.7374898
0.8939307
0.8167583
0.889259
0.8996184
0.8907096
0.7588421
0.9026635
0.8898013
0.8853078
0.8863974
0.746596
0.8835296
0.9092652
0.8800101
0.9100791
0.9046062
0.8578196
0.7452591
0.8799009
0.8944279
0.9024573
0.8957701
0.8883418
0.7675944
0.9135583
0.8962446
0.9096442
0.8964297
0.8947256
0.8915148
0.8868968
0.8939992
0.8831647
0.739891
0.9056721
0.8911165
0.8858818
0.7369784
0.906308
0.8815761
0.8956109
0.733107
0.7637281
0.7450612
0.8943098
0.8143919
0.8014529
0.8087844
0.8008159
0.8113981
0.801595
0.8902244
0.8942215
0.9078915
0.903493
0.9037785
0.9018447
0.9057803
0.9168855
0.8991715
0.8999424
0.9075118
0.901467
0.9006954
0.9108489
0.9132692
0.8925667
0.9155559
0.900679
0.9086799
0.8768039
0.8848401
0.8841834
0.7823183
0.9303808
0.6962374
0.9115898
0.9086413
0.8077219
0.8748808
0.8858
0.8876413
0.892752
0.8884888
0.9047131
0.8959319
0.8920948
0.883585
0.9150413
0.913827
0.9119592
0.920274
0.9212457
0.9221498
0.887713
0.8942519
0.929867
0.9320557
0.9382153
0.9203957
0.9153158
0.9135384
0.8990615
0.9167262
0.920153
0.9222151
0.8693315
0.915752
0.9164063
0.8971255
0.9090745
0.9149882
0.9324726
0.9172296
0.8903088
0.8771509
0.9061296
0.9141109
0.9190495
0.9145452
0.9263974
0.9184959
0.8974125
0.9071916
0.9058597
0.903745
0.9313112
0.9201367
0.9173884
0.9206496
0.9129544
0.918186
0.9202033
0.9151831
0.9072564
0.9207544
0.8958372
0.9092354
0.9276396
0.9144178
0.9225669
0.91005
0.9163243
0.9180604
0.9189884
0.9138806
0.9109914
0.9122122
0.9164434
0.9174925
0.9157043
0.8914978
0.902984
0.9338884
0.8898579
0.8756234
0.8759861
0.880183
0.9119312
0.8805787
0.8788219
0.8686041
0.8901605
0.8748921
0.9006756
0.9111234
0.9200056
0.9312296
0.9282314
0.9319858
0.9158382
0.9034215
0.9093408
0.9075163
0.9253807
0.9116177
0.9156152
0.8730547
0.9104381
0.9038734
0.9261045
0.8999672
0.9262371
0.9269164
0.9319544
0.9032258
0.9220149
0.9202901
0.926934
0.9017598
0.8997763
0.9029215
0.902599
0.9032812
0.8995226
0.9035746
0.9257205
0.9101018
0.9116455
0.9033167
0.8903812
0.8992084
0.8942577
0.898882
0.8860449
0.9093828
0.9070466
0.8912834
0.8925074
0.9030607
0.8989492
0.8830996
0.9246788
0.8822115
0.9220656
0.9187654
0.8906864
0.9029357
0.8988492
0.8842948
0.9253539
0.8923751
0.902439
0.8961169
0.9177279
0.9028394
0.9270316
0.8910268
0.8886011
0.8893059
0.8892078
0.8921926
0.8858618
0.9056938
0.9240602
0.8819552
0.8964366
0.8984737
0.9252173
0.8784424
0.8842234
0.8998319
0.902765
0.9016487
0.8820896
0.8966447
0.8980034
0.8974959
0.90028
0.900987
0.8985312
0.8951494
0.9055791
0.9277805
0.9183919
0.9193957
0.9210563
0.9143501
0.9261994
0.9177146
0.9170224
0.9145606
0.9204718
0.9157712
0.9257593
0.927467
0.8858798
0.9197571
0.9035091
0.9288544
0.8951206
0.8828295
0.8876514
0.8961622
0.916452
0.8996269
0.9280386
0.9183395
0.896015
0.8892051
0.8905478
0.8803713
0.8927155
0.8898666
0.8978747
0.9002882
0.8954795
0.8852879
0.9020619
0.9058173
0.9041096
0.9204939
0.9202113
0.9208824
0.9107709
0.9028289
0.8982879
0.9209913
0.9233281
0.9155491
0.9152016
0.9117855
0.9181185
0.9174419
0.9086254
0.9042947
0.8884055
0.9130235
0.9101936
0.9059377
0.9052167
0.917567
0.8982567
0.914536
0.8771566
0.881796
0.906295
0.9062433
0.9006563
0.926118
0.895597
0.9168638
0.9063319
0.9042515
0.9185278
0.9033835
0.9003648
0.9184323
0.9137555
0.9128307
0.9087433
0.9156881
0.9088224
0.9021055
0.9054374
0.9152458
0.9101818
0.9060424
0.8968248
0.9093147
0.9114495
0.8990676
0.9054276
0.9036816
0.9191083
0.9092234
0.9141235
0.9146669
0.9108439
0.9174732
0.9107003
0.9111941
0.904004
0.8994891
0.8675842
0.8840056
0.879684
0.8730488
0.8796639
0.8694322
0.8693801
0.887326
0.8657738
0.8684693
0.8756799
0.9144061
0.9133994
0.92532
0.9151104
0.9032002
0.9041441
0.920316
0.9163463
0.9063775
0.9530656
0.9070192
0.8999815
0.8958774
0.9139888
0.8930534
0.9106589
0.920577
0.9058083
0.9135202
0.9289397
0.908583
0.9066135
0.9012248
0.9013425
0.9028239
0.9009218
0.9199477
0.9196624
0.9196539
0.9066526
0.9015712
0.8916142
0.9193917
0.9246981
0.9145637
0.9162604
0.9108369
0.9150865
0.9156209
0.9083845
0.9011421
0.888128
0.9134859
0.905501
0.8978734
0.9065678
0.917218
0.8920496
0.9136172
0.8805364
0.8803678
0.9068255
0.9025171
0.901538
0.9253964
0.8882344
0.9158525
0.9044403
0.9052369
0.9177724
0.903608
0.8913761
0.9165283
0.9166018
0.9113452
0.9133245
0.9175137
0.90929
0.8978379
0.9024564
0.9148366
0.9060669
0.9078743
0.8878622
0.9077833
0.912678
0.9018698
0.8994377
0.9019985
0.915287
0.9083632
0.9151791
0.9151435
0.9088228
0.9155075
0.9124281
0.9122782
0.8995387
0.8958066
0.8671866
0.8815215
0.8747942
0.8763663
0.8697143
0.8650794
0.8692998
0.8853916
0.8648833
0.8682949
0.8631352
0.9113031
0.9154755
0.9232087
0.9149711
0.8958692
0.9028252
0.9189876
0.9168402
0.9051665
0.953675
0.9049049
0.8965608
0.8985578
0.911042
0.890786
0.906939
0.9202948
0.9040368
0.9084008
0.9291161
0.9073852
0.906434
0.9044978
0.8973615
0.8999608
0.9003148
0.9204798
0.9200862
0.921166
0.915282
0.9033946
0.8277516
0.9155032
0.921435
0.9117088
0.9108621
0.9120918
0.9159348
0.9171795
0.9047075
0.9015542
0.9079161
0.9106009
0.9029856
0.9001185
0.9064661
0.9173417
0.8283825
0.9113857
0.9015408
0.9059881
0.9031088
0.8978953
0.9000538
0.9231817
0.8246186
0.9128276
0.9072231
0.9053891
0.9209623
0.9066921
0.8284499
0.9131422
0.9118429
0.9094799
0.9103096
0.9146026
0.9049665
0.9008273
0.9044715
0.9099357
0.9121725
0.9081811
0.8215622
0.9087877
0.9098746
0.8975553
0.9038297
0.8991675
0.9146742
0.906728
0.9147984
0.9164413
0.9058581
0.9170604
0.9137331
0.9124015
0.9047534
0.8222462
0.8888564
0.9063387
0.9016045
0.8998813
0.8956664
0.8919214
0.8959081
0.9108696
0.8862577
0.8914825
0.8936417
0.9131346
0.913048
0.924797
0.913983
0.8240609
0.9018365
0.9179784
0.9149366
0.9037584
0.9555924
0.9052961
0.8931027
0.9233314
0.9138991
0.8931284
0.9081517
0.9185813
0.9003682
0.9075368
0.9262358
0.9147798
0.9059481
0.8949984
0.8966126
0.9015885
0.9005329
0.9214412
0.9209731
0.9219016
0.9156536
0.9026692
0.8309482
0.9151494
0.9203754
0.9114249
0.9090011
0.9124974
0.9158432
0.9160975
0.9061363
0.9031474
0.9088031
0.9098931
0.9030861
0.8995076
0.906956
0.91847
0.8266447
0.9112934
0.9055033
0.9068363
0.9019086
0.9012377
0.8985741
0.9240705
0.8261602
0.9116236
0.9054493
0.9066956
0.9220325
0.9091455
0.8311532
0.913127
0.9142218
0.9083829
0.9098297
0.9125329
0.9016738
0.9027356
0.9069844
0.909033
0.9117689
0.9087867
0.8227994
0.9063267
0.9112821
0.8964607
0.9047873
0.9001757
0.9147358
0.9060916
0.9160445
0.9177573
0.9075493
0.9178791
0.9149011
0.9126186
0.9039949
0.8243872
0.8900135
0.9090258
0.9005583
0.9029422
0.8973272
0.8933498
0.8948877
0.913178
0.8877888
0.8914223
0.8943428
0.9139432
0.9142089
0.925006
0.9148846
0.8285769
0.9013075
0.9188417
0.9156132
0.9058484
0.9565683
0.9065258
0.8926326
0.9228915
0.9142275
0.8932692
0.9100319
0.9184524
0.9010184
0.9072878
0.9256262
0.9137526
0.9053891
0.8949795
0.9193468
0.8546368
0.8539334
0.8746124
0.8741571
0.8748333
0.8988517
0.8968621
0.9235189
0.9048416
0.9144994
0.8676915
0.900375
0.8612617
0.8940107
0.9059651
0.9066378
0.8620448
0.9035296
0.9035196
0.897646
0.8946046
0.8498937
0.9001174
0.926531
0.893673
0.9189627
0.9109552
0.8806878
0.8530255
0.8956961
0.899439
0.920367
0.905526
0.898011
0.8548626
0.9141628
0.9019573
0.9239185
0.9005973
0.9038954
0.9039692
0.898731
0.9042434
0.9022016
0.8559724
0.9101548
0.9051249
0.895996
0.8537855
0.9221053
0.893805
0.9055279
0.8507412
0.860963
0.8571799
0.9039444
0.8600543
0.8506182
0.8564846
0.8568053
0.8589556
0.8570219
0.8952223
0.8992847
0.9213676
0.9162085
0.9125324
0.9119648
0.9141919
0.9226304
0.9099054
0.9065858
0.9106314
0.9151819
0.9065123
0.9191688
0.9133887
0.905768
0.9230216
0.9097618
0.9214043
0.8927738
0.8915537
0.8993567
0.8522204
0.9259222
0.8546068
0.9203384
0.9116573
0.8571954
0.8903472
0.9037084
0.8933625
0.9055556
0.9049606
0.9153618
0.9042568
0.9089633
0.9010222
0.9099112
0.9093018
0.9084719
0.9175494
0.9172268
0.9180178
0.8887045
0.8919966
0.9129108
0.9254706
0.9315485
0.913628
0.909447
0.9119685
0.8994811
0.9178729
0.9130948
0.9137771
0.8596258
0.9060623
0.9118575
0.8904616
0.9052628
0.913211
0.9204921
0.9110621
0.8730052
0.864486
0.9007046
0.9049904
0.9127634
0.9129289
0.909215
0.9130203
0.8898603
0.900974
0.9057621
0.9048743
0.9180763
0.9157054
0.9106789
0.9170241
0.9049538
0.9121987
0.9087241
0.9122751
0.9062558
0.915478
0.8884885
0.9051448
0.9114061
0.9121774
0.9224885
0.9030866
0.9077468
0.9091138
0.9165836
0.9097098
0.9087982
0.9084643
0.9117626
0.9126827
0.9114613
0.8857986
0.893219
0.9205891
0.8685239
0.8576514
0.858243
0.8656856
0.893596
0.8616869
0.8602077
0.8605518
0.864442
0.8590132
0.8818121
0.9123435
0.9172111
0.9275498
0.9220733
0.9217026
0.9125004
0.9051945
0.9097704
0.9103789
0.9327773
0.9044364
0.9077484
0.8724238
0.9076314
0.8968855
0.9181492
0.9029238
0.9152814
0.9176391
0.9269984
0.9038387
0.9161802
0.9120321
0.9250141
0.8941301
0.8934048
0.9016331
0.9016954
0.901915
0.9104778
0.9055179
0.9121643
0.8983888
0.902649
0.8976965
0.8857011
0.8920075
0.8980939
0.8919255
0.8769953
0.8945479
0.9190908
0.8856116
0.8807406
0.9060485
0.8961749
0.8710659
0.9111804
0.8846236
0.9185307
0.9184139
0.8940643
0.8937284
0.8878638
0.8865733
0.9119129
0.8855535
0.9066272
0.8993682
0.9170928
0.9026226
0.9139597
0.881285
0.8776658
0.8782106
0.8773826
0.8903196
0.8769838
0.8961016
0.9240538
0.8716996
0.9095169
0.8939297
0.9121458
0.8632454
0.870256
0.8911175
0.8925456
0.8966055
0.8832384
0.8894171
0.8920636
0.8987467
0.8936087
0.8948573
0.8905735
0.908356
0.9064198
0.9123201
0.9133486
0.9238998
0.9158175
0.9137973
0.9152411
0.9159655
0.9165673
0.9201366
0.9167254
0.9193475
0.9143437
0.9311964
0.8361007
0.9105663
0.8655087
0.9119071
0.8908105
0.8936261
0.8937057
0.8943
0.921906
0.8978711
0.9256181
0.9224
0.8963829
0.8761136
0.8590194
0.8804093
0.8793475
0.8738326
0.8957079
0.9043248
0.8705098
0.8722456
0.9039865
0.9028318
0.8984209
0.9225919
0.9224231
0.9223775
0.9004681
0.8987749
0.9089117
0.9245635
0.9304336
0.9114112
0.9156631
0.9097925
0.9009587
0.9177077
0.9174995
0.9072995
0.8703503
0.9170479
0.9114511
0.8971402
0.9046919
0.912954
0.9100971
0.9160684
0.8529212
0.8422239
0.9029665
0.9003532
0.9111515
0.9215721
0.9097951
0.9159468
0.9014723
0.9035329
0.9149666
0.9071096
0.9140948
0.919032
0.9133806
0.9186554
0.9120574
0.9157282
0.9127773
0.9033577
0.8993366
0.9209242
0.8933746
0.9058693
0.9100645
0.9140852
0.9221112
0.9013331
0.905764
0.9026072
0.9224894
0.90831
0.9094562
0.9090457
0.9084925
0.9148419
0.908278
0.9016382
0.9035998
0.9118793
0.854016
0.8571267
0.8489402
0.8582353
0.88247
0.8548752
0.8453079
0.8575342
0.8556225
0.8457058
0.8743577
0.9080405
0.918336
0.9309848
0.920903
0.9154503
0.9115489
0.9091234
0.9148437
0.9018898
0.9438106
0.9024556
0.9032139
0.8697696
0.9073647
0.9009266
0.922663
0.9093443
0.9208608
0.9209777
0.9326244
0.906466
0.9127718
0.9134438
0.9147043
0.9140141
0.9149402
0.9238795
0.9236742
0.9242256
0.915624
0.9104573
0.9106175
0.9283385
0.9305684
0.9145305
0.9184016
0.9169645
0.9169261
0.9226301
0.9167344
0.910831
0.9140474
0.9186038
0.9145974
0.9081898
0.9116969
0.919581
0.9127164
0.9197848
0.9129614
0.9129021
0.9118914
0.9088416
0.9072187
0.9305368
0.9093593
0.9221986
0.9143039
0.9106561
0.9178806
0.9135646
0.915324
0.9259656
0.9269345
0.917322
0.9206394
0.9212393
0.9193469
0.9077449
0.9175894
0.920571
0.9156451
0.9109674
0.9122276
0.9142131
0.9219427
0.9058065
0.9102619
0.9094916
0.9200464
0.912996
0.9159007
0.917652
0.9146049
0.9197389
0.9166228
0.9159141
0.9067709
0.9099989
0.9085291
0.9162574
0.9116221
0.914519
0.9144385
0.9063811
0.9091853
0.9185335
0.9104526
0.9073516
0.9118673
0.9188713
0.9202846
0.9293227
0.9243882
0.9138017
0.9088613
0.9198027
0.9168494
0.9124005
0.9488622
0.9097166
0.9152297
0.9182294
0.9149989
0.9087894
0.9183228
0.9204806
0.9138741
0.9203589
0.9315348
0.913724
0.9199301
0.9104112
0.9011408
0.8985413
0.9015209
0.9211663
0.9203894
0.9211395
0.9092491
0.9026876
0.8946964
0.9176565
0.9249834
0.910956
0.9102153
0.9101408
0.9076346
0.91336
0.9057979
0.9010253
0.8792962
0.9092889
0.9098953
0.898771
0.9029505
0.9175805
0.8994517
0.9133385
0.8624369
0.8616031
0.9051812
0.9016387
0.9044351
0.9248484
0.8963823
0.9136747
0.903835
0.9024971
0.9191153
0.9042687
0.8976349
0.913832
0.9140567
0.9141749
0.9122669
0.9156154
0.9083623
0.8972533
0.8991336
0.9190903
0.9043021
0.9051282
0.8928506
0.9081512
0.9151856
0.8941469
0.9019862
0.8983697
0.9177824
0.9083759
0.9112462
0.915206
0.9105508
0.9144529
0.9116107
0.904132
0.900701
0.8961537
0.8506064
0.8616519
0.859264
0.8648324
0.8671707
0.8498684
0.8476398
0.8720657
0.8493671
0.8511621
0.8610713
0.9088274
0.9133152
0.9269004
0.9168057
0.8993887
0.9051572
0.91571
0.9143728
0.9042059
0.9509991
0.9006148
0.8986758
0.8834911
0.9098399
0.8976582
0.9105985
0.9222562
0.907805
0.9125437
0.9279958
0.909432
0.9095739
0.9028631
0.9111079
0.9098966
0.9077616
0.9188381
0.9191961
0.9200889
0.9062601
0.9036589
0.9133153
0.9268745
0.9311597
0.9153523
0.9156534
0.911805
0.9117929
0.9189028
0.9139188
0.9110898
0.8799882
0.9153981
0.9146971
0.9043177
0.9073086
0.9178126
0.9184148
0.9151069
0.8714993
0.8651187
0.9031772
0.9060293
0.9079495
0.9205527
0.9116698
0.9186295
0.9049455
0.9054933
0.9192508
0.9083372
0.9122458
0.9174659
0.9159933
0.9184038
0.9123347
0.919265
0.9127434
0.9087066
0.9095028
0.9201343
0.902027
0.9054787
0.9139529
0.9137
0.9206765
0.9050946
0.9084761
0.9070752
0.9163731
0.9161084
0.9140501
0.9131766
0.9146659
0.9150643
0.913178
0.9050472
0.9062977
0.9108809
0.8602533
0.8680282
0.862259
0.8632279
0.8788893
0.857453
0.8522282
0.8674663
0.8627818
0.8565425
0.8723608
0.9165557
0.9188016
0.9295857
0.9193577
0.9151726
0.9079593
0.9126245
0.9149915
0.9073285
0.9415886
0.9093584
0.9117081
0.8765228
0.9143739
0.9018174
0.9182655
0.913961
0.9163059
0.9174566
0.9323863
0.9094185
0.9173022
0.9118668
0.9020167
0.9052024
0.9023312
0.9184752
0.9187207
0.9196512
0.907066
0.9007319
0.9059126
0.9217032
0.9262405
0.9121285
0.9157065
0.9104441
0.9097988
0.9183852
0.9163109
0.9090199
0.8746343
0.9166287
0.9140219
0.9026546
0.9053828
0.9151193
0.9082729
0.9169435
0.8718763
0.8651669
0.9020199
0.9053871
0.9075036
0.9226743
0.9059494
0.9189454
0.9016358
0.9024729
0.9171992
0.9070465
0.9125389
0.9178933
0.9158573
0.9212502
0.9152656
0.9197288
0.9118797
0.9035882
0.9032353
0.9220304
0.9016959
0.9072921
0.9049528
0.9093709
0.9178543
0.9012217
0.9036855
0.9048756
0.9196588
0.9109319
0.9121123
0.9144915
0.9103882
0.9164074
0.9107841
0.9042049
0.9029697
0.9130265
0.8577381
0.8711743
0.8600611
0.8628128
0.8826245
0.8582751
0.8601315
0.8711046
0.8631295
0.8613787
0.8750138
0.9072576
0.9173123
0.9294826
0.9241106
0.9126469
0.9049435
0.9157516
0.9185264
0.9059902
0.9422489
0.905889
0.9036514
0.878119
0.9090332
0.9024705
0.9182792
0.9125151
0.9166256
0.9188365
0.9333838
0.9101544
0.909347
0.9107662
0.9171988
0.8992352
0.8997106
0.9115458
0.9114906
0.9122521
0.910411
0.9052064
0.9109253
0.9053221
0.9097207
0.9055935
0.9039819
0.9069626
0.9123595
0.9103821
0.8986239
0.9045745
0.9168622
0.9031587
0.8918178
0.8989495
0.9043149
0.9011672
0.9104665
0.8920201
0.9189383
0.9192471
0.8990565
0.9031277
0.8916451
0.9083098
0.9068627
0.9004681
0.9094541
0.900094
0.9165435
0.896655
0.9091544
0.9058957
0.9051822
0.89831
0.8990836
0.9069411
0.8971736
0.9043958
0.9231163
0.8956358
0.9116279
0.9056985
0.9099632
0.8865508
0.8926097
0.8999271
0.9025972
0.8977479
0.8951405
0.8974766
0.9035394
0.908626
0.9014531
0.9080013
0.8994345
0.9124477
0.902622
0.9074643
0.9068321
0.9222071
0.9129198
0.9115477
0.9085342
0.909492
0.9146254
0.9181877
0.907429
0.9108667
0.9110127
0.9267571
0.9000107
0.9188462
0.9004323
0.9092482
0.8927086
0.8944586
0.8932486
0.902285
0.9412685
0.9054219
0.9177326
0.9238905
0.9030499
0.8871407
0.8932145
0.9060492
0.892073
0.8947292
0.9143932
0.9055728
0.8995467
0.8864187
0.9043494
0.9018602
0.902337
0.9201393
0.9199708
0.9200752
0.9137241
0.9034156
0.9014789
0.9209352
0.9268587
0.9115066
0.9118103
0.9127328
0.9128457
0.9188486
0.912196
0.9019278
0.8813803
0.911166
0.9105402
0.9018341
0.9010004
0.9183278
0.9036024
0.9169851
0.8583252
0.8567506
0.9006014
0.8985064
0.9025141
0.9292469
0.9030652
0.9162186
0.9048624
0.906697
0.916109
0.9084547
0.9064266
0.9163908
0.9166899
0.9179689
0.9118043
0.9186464
0.908711
0.9007278
0.9043731
0.9182255
0.9087363
0.9017069
0.9028002
0.9145178
0.9207016
0.900155
0.9043584
0.9001722
0.9221723
0.9108051
0.9124501
0.9130343
0.910028
0.9151169
0.9113102
0.9082602
0.9052827
0.9046355
0.8446694
0.8570194
0.8467239
0.8519033
0.8658341
0.8458362
0.8373825
0.8627458
0.8473358
0.844842
0.8627174
0.9132825
0.9219351
0.9339388
0.9222514
0.9097688
0.9035455
0.9195005
0.918725
0.9029574
0.9474064
0.9019524
0.9040223
0.8717562
0.9096334
0.9002661
0.9162257
0.912353
0.9137181
0.9156448
0.9298082
0.9080576
0.9153822
0.9086217
0.9393187
0.9030926
0.903255
0.9062962
0.9053026
0.9064971
0.9233824
0.9203458
0.9287083
0.853836
0.849319
0.9018065
0.9103045
0.9008537
0.9193276
0.9146484
0.9019149
0.9051898
0.9292748
0.9093728
0.9079496
0.9218428
0.9066152
0.9013672
0.9263615
0.893932
0.9313468
0.9346318
0.9009161
0.9054775
0.9052247
0.9035998
0.9240831
0.9082059
0.9230585
0.9046129
0.9292095
0.9146275
0.9279173
0.9150529
0.9137908
0.9095928
0.904641
0.911022
0.9043162
0.9032224
0.9408708
0.9023924
0.9223773
0.9057024
0.9276296
0.8981611
0.9060932
0.9010607
0.9059044
0.9049394
0.9032078
0.8995304
0.9043418
0.9066413
0.9064005
0.9024061
0.8995793
0.9235697
0.9167612
0.9297724
0.9294211
0.9323025
0.9337559
0.9330315
0.9305441
0.9312585
0.9298005
0.9336783
0.9331641
0.9316532
0.9307556
0.9410391
0.9084215
0.9231727
0.9097931
0.9279704
0.9049295
0.9015803
0.9044261
0.9028281
0.9358792
0.9063097
0.937727
0.9323572
0.9026132
0.9100639
0.8921
0.9063839
0.9073355
0.9039036
0.9065691
0.9191729
0.9130524
0.9004511
0.9025483
0.9063179
0.9043428
0.9192117
0.9199483
0.9202415
0.9078886
0.9055486
0.9007656
0.9233804
0.9260028
0.9094933
0.9126474
0.9114975
0.9095362
0.9175636
0.9136588
0.9025608
0.8744041
0.9101533
0.9100225
0.9027838
0.8958777
0.9143121
0.9061235
0.9169919
0.8565194
0.851675
0.9015914
0.9013932
0.9022813
0.9258054
0.9058604
0.9149995
0.9035746
0.9042884
0.9173998
0.909326
0.9077597
0.9204708
0.9194921
0.9193866
0.9097418
0.9199427
0.9124788
0.8960425
0.9008956
0.9199466
0.9064422
0.897943
0.9024487
0.9072786
0.9206433
0.8990769
0.90425
0.9008416
0.917583
0.9122962
0.9120193
0.9154462
0.9051918
0.9135124
0.9107996
0.9050932
0.9038455
0.9037381
0.8399325
0.8558929
0.8456809
0.8537402
0.8704573
0.8438642
0.8345943
0.8615661
0.8411566
0.835618
0.8582943
0.9128447
0.9209051
0.9327506
0.9207598
0.9072128
0.9027648
0.9198967
0.9169714
0.9008757
0.9480822
0.9012846
0.8997455
0.8706404
0.908614
0.8975592
0.9140791
0.9096657
0.9124818
0.9116479
0.9327423
0.9114918
0.9120899
0.9094606
0.9083995
0.9103916
0.9101532
0.9201678
0.9207907
0.9205939
0.8971435
0.8991718
0.9203125
0.9260015
0.9341029
0.914573
0.9150295
0.9124624
0.905737
0.9187577
0.9185923
0.9106614
0.8677745
0.9163788
0.9155285
0.8968176
0.9074412
0.918617
0.9193394
0.9213294
0.8727165
0.86141
0.9032072
0.9100662
0.9123276
0.9167196
0.9113228
0.9196243
0.8963033
0.90585
0.9116655
0.9028288
0.9191389
0.921048
0.9186355
0.922661
0.9115668
0.9200686
0.9116343
0.9091201
0.9014147
0.9175218
0.8954203
0.9066992
0.917797
0.913522
0.9228529
0.9003005
0.9085372
0.9048934
0.9217913
0.9136462
0.9144902
0.9150703
0.9140711
0.91901
0.9136889
0.8943955
0.9027783
0.9216556
0.8565214
0.8549186
0.8527946
0.8610518
0.8865165
0.8499185
0.8545406
0.8612515
0.8599381
0.8452476
0.8781486
0.910633
0.9185064
0.9318244
0.9228179
0.9239419
0.9126082
0.9068659
0.9115262
0.907422
0.9351371
0.9043456
0.9069196
0.8186794
0.9111638
0.9013637
0.9205968
0.908925
0.9187862
0.9227065
0.9287579
0.9052484
0.9183659
0.9173492
0.9150406
0.9116066
0.9106256
0.915102
0.9159694
0.9160757
0.8930869
0.8964304
0.9204235
0.9290864
0.9313118
0.913886
0.9153926
0.91894
0.904935
0.9190828
0.9180257
0.9141552
0.8725549
0.9163697
0.9168342
0.8970766
0.904957
0.9177813
0.9248699
0.9134035
0.8883254
0.8792348
0.9062045
0.9115226
0.9183922
0.9127942
0.919367
0.9174178
0.8979279
0.9050134
0.9121854
0.9046865
0.9231386
0.9201762
0.9186125
0.9225665
0.9111135
0.9182633
0.9154225
0.9127227
0.9068043
0.9232051
0.8924489
0.9057911
0.920135
0.9160491
0.9267569
0.9082255
0.9126708
0.91147
0.920879
0.9127137
0.9150048
0.9139996
0.9152415
0.9204847
0.9134956
0.8903801
0.9008675
0.9252483
0.8904227
0.8728989
0.8796137
0.8843588
0.9036907
0.8792247
0.8793497
0.8740877
0.884384
0.8766872
0.8970421
0.9154697
0.9205398
0.9323851
0.9264181
0.9239375
0.9166158
0.9084925
0.9119356
0.909795
0.9297783
0.9064228
0.9136959
0.8775432
0.9113711
0.908198
0.9221704
0.9040369
0.9234926
0.9229567
0.9331208
0.9100926
0.9222081
0.9183973
0.9256046
0.8877831
0.8875049
0.8954741
0.8955387
0.8961491
0.90941
0.9023706
0.9172158
0.8823342
0.8893353
0.8917299
0.8927078
0.892005
0.9026803
0.9004945
0.8816867
0.8904394
0.9204617
0.8938009
0.8848936
0.9007669
0.8918465
0.8824079
0.917284
0.7529224
0.92276
0.9239005
0.8831122
0.8899244
0.8794088
0.8911504
0.9123509
0.8877958
0.9065909
0.8932754
0.9217642
0.8987841
0.9125842
0.8958194
0.892764
0.8886037
0.8877471
0.8936005
0.8846883
0.8891952
0.9265983
0.8777258
0.9074428
0.8902496
0.9168946
0.873696
0.876697
0.8862308
0.8911247
0.889585
0.8891988
0.8841657
0.8887778
0.8952924
0.8887541
0.8936125
0.8834656
0.9125604
0.9038773
0.9152037
0.9171249
0.9241037
0.9217549
0.9182674
0.9148104
0.9183537
0.9173609
0.9249878
0.9154556
0.9219992
0.9155117
0.927806
0.8894813
0.9172636
0.8997602
0.9146367
0.8754397
0.863278
0.8656213
0.887457
0.9305748
0.892544
0.923118
0.9229483
0.8915774
0.8876986
0.8744072
0.8872486
0.8849726
0.8809387
0.8958333
0.91007
0.8934754
0.8793122
0.9384615
0.9115987
0.914095
0.9143946
0.9147189
0.9149754
0.9257651
0.9194591
0.9255888
0.9029641
0.9026004
0.9091679
0.9123875
0.9119696
0.9191402
0.9173609
0.9040372
0.908156
0.935977
0.9162867
0.906503
0.9205398
0.9118502
0.9055415
0.9233309
0.8933849
0.9348107
0.9391647
0.9047943
0.9119798
0.9055823
0.9094992
0.9218574
0.9081683
0.9222816
0.9123502
0.9289695
0.9176701
0.9236778
0.9143096
0.913698
0.9066133
0.9089102
0.9183396
0.9071719
0.9103815
0.9447373
0.8994722
0.9270376
0.9132823
0.925044
0.8972043
0.8933348
0.9111911
0.9112242
0.9101499
0.901126
0.9097713
0.9119912
0.9115406
0.9132245
0.9129442
0.9098158
0.9244358
0.9190993
0.9239651
0.9334643
0.9345249
0.9329164
0.9351481
0.9256921
0.9316263
0.9375937
0.9374001
0.9297806
0.9351308
0.9237375
0.9470903
0.9034667
0.9240829
0.9119461
0.9226354
0.906879
0.9042055
0.8995726
0.909816
0.9382284
0.9143745
0.9385962
0.9414717
0.9129365
0.9052778
0.897423
0.9143201
0.9022476
0.8969714
0.9131366
0.9226158
0.9067548
0.8977342
0.9140178
0.8748449
0.87369
0.8872118
0.886362
0.8873477
0.8891486
0.8859505
0.914508
0.8887267
0.8936178
0.8851856
0.8704313
0.8765131
0.880746
0.8836585
0.8611018
0.8826337
0.9048926
0.8733355
0.8723913
0.8877021
0.8722192
0.8539732
0.9170025
0.8573171
0.9124777
0.9074939
0.8649301
0.8705514
0.8768588
0.8697645
0.9098442
0.8786293
0.8949343
0.8760693
0.9136324
0.8916466
0.9080857
0.8746292
0.8690195
0.8761846
0.8632226
0.8774971
0.8627379
0.880505
0.9127549
0.8596096
0.8870285
0.8728991
0.9121314
0.8449837
0.862411
0.867122
0.8774655
0.8742475
0.8610143
0.8780896
0.8758082
0.884557
0.874968
0.8796625
0.877907
0.8908496
0.8918198
0.9122695
0.9027131
0.9119014
0.9084895
0.9056415
0.9170076
0.8998881
0.9052446
0.9135166
0.9027064
0.9054453
0.9108791
0.9162432
0.867555
0.9053391
0.8874022
0.9128178
0.8739443
0.8669969
0.8757894
0.8690389
0.9199597
0.8743085
0.9179558
0.9100575
0.8794066
0.8580226
0.8618864
0.8609779
0.8752012
0.8625568
0.8876299
0.8929314
0.870996
0.8586257
0.9017669
0.9030331
0.8991088
0.9162782
0.9174454
0.917742
0.890021
0.8902998
0.9038943
0.9228542
0.9322733
0.9135706
0.910585
0.9092272
0.894483
0.9132267
0.9119822
0.9048514
0.8589099
0.91199
0.9091302
0.8896552
0.8986234
0.9133467
0.9102749
0.9140553
0.8794635
0.865804
0.8982086
0.9022515
0.9066253
0.9136837
0.9065093
0.9131937
0.8886034
0.9000507
0.9051414
0.9011329
0.9127551
0.9126639
0.9130035
0.9130357
0.908457
0.9122539
0.9100593
0.9025326
0.8929014
0.9153863
0.8872616
0.8988989
0.9062953
0.9063635
0.9156327
0.8938744
0.9004551
0.9000617
0.9170351
0.9082388
0.9103312
0.9072992
0.9077569
0.9148989
0.9115928
0.8889995
0.8935148
0.9154307
0.8689068
0.8699358
0.8657294
0.8679726
0.8953164
0.8642445
0.8631146
0.8666467
0.875928
0.8607619
0.8877682
0.8980053
0.9176959
0.9300135
0.9195154
0.9178033
0.9047395
0.9090975
0.909389
0.8985029
0.9397052
0.8988365
0.8997955
0.8756034
0.9075988
0.8935587
0.9152065
0.899891
0.913522
0.9167823
0.9279128
0.9015513
0.9105265
0.9093099
0.8996757
0.9018754
0.9010622
0.9202157
0.9199737
0.920376
0.908037
0.8986332
0.8491971
0.917287
0.9199036
0.9075167
0.9090845
0.9102726
0.9119392
0.9106477
0.9056182
0.8998289
0.9028107
0.9079026
0.900941
0.8953934
0.9023506
0.9162959
0.8472897
0.9102946
0.9069743
0.9056455
0.898183
0.8983093
0.8956522
0.9199749
0.8484079
0.9090909
0.8962295
0.9021396
0.9193927
0.9005904
0.8448276
0.9117483
0.9086659
0.9056604
0.9032178
0.9128966
0.8984916
0.8985161
0.9040505
0.9112592
0.9031682
0.9028954
0.8491633
0.9054221
0.910931
0.8953973
0.901949
0.8975678
0.9111142
0.9053073
0.909251
0.9128577
0.9104079
0.914473
0.9103436
0.9051918
0.8977491
0.8409605
0.8903045
0.9035282
0.8986879
0.8971289
0.8925874
0.8908171
0.8917492
0.9064334
0.8900767
0.8932249
0.8926527
0.9111839
0.9112757
0.9261637
0.9142857
0.8484939
0.8984224
0.9148315
0.9140884
0.9050619
0.949862
0.9022789
0.8985343
0.9132129
0.9074107
0.8915845
0.9094562
0.9180207
0.9020895
0.9079601
0.9220325
0.9100996
0.9025612
0.8979941
0.9009301
0.9017341
0.899665
0.9179423
0.917812
0.9184042
0.9110224
0.9001003
0.8451144
0.9162086
0.9202511
0.9114119
0.9087681
0.9107625
0.9132049
0.9086031
0.9070387
0.8980286
0.9034197
0.9098865
0.900168
0.8944019
0.9002499
0.9131338
0.847102
0.9097517
0.9055937
0.9043332
0.8983878
0.8968943
0.8998357
0.9199121
0.8457184
0.9083128
0.8994311
0.9027398
0.9207846
0.9017304
0.8436997
0.9122746
0.9091513
0.9064553
0.9037806
0.9125532
0.8999467
0.8944536
0.8995994
0.9078377
0.9055357
0.9034981
0.8433376
0.9061028
0.9133698
0.8961544
0.8997759
0.8967444
0.9101088
0.902616
0.9106639
0.9141896
0.9062389
0.9148535
0.9092252
0.9068937
0.8990126
0.8371987
0.8888403
0.903782
0.8978249
0.8939159
0.896818
0.8941742
0.8937071
0.9075083
0.8892981
0.8912949
0.8927283
0.9086212
0.9095225
0.9285348
0.9140203
0.8440605
0.8983118
0.9158655
0.9126684
0.9037997
0.9520099
0.9005344
0.9007968
0.9133295
0.909701
0.891058
0.9039117
0.9172297
0.901714
0.9083722
0.9221987
0.9128323
0.9004002
0.8958289
0.9212657
0.8830865
0.8829511
0.8986691
0.897957
0.8994195
0.9047483
0.8956363
0.9115526
0.8925265
0.8937414
0.8949478
0.8881591
0.8937704
0.8996576
0.8935373
0.8796998
0.8920198
0.9146103
0.8864002
0.8810654
0.8941332
0.8844821
0.8767362
0.9121367
0.8717633
0.9162114
0.9200958
0.8810467
0.8885128
0.8834899
0.8832476
0.9061748
0.8880149
0.9023185
0.8850306
0.9149164
0.8962645
0.9074268
0.889609
0.8852751
0.881063
0.8767506
0.8895126
0.8770821
0.8876619
0.9240189
0.8764549
0.9031637
0.8859152
0.9092971
0.8642161
0.8724431
0.8852774
0.8855809
0.8831521
0.8764469
0.8810029
0.892333
0.8911205
0.885545
0.8908573
0.8867466
0.9036609
0.8960641
0.9107086
0.9118536
0.9179068
0.9143523
0.9152644
0.9132668
0.9115772
0.9149523
0.9163529
0.9108142
0.9111884
0.9091714
0.9273126
0.8852418
0.9155502
0.9016075
0.9104858
0.8846307
0.8809231
0.8770015
0.8853946
0.9264711
0.8825907
0.9187417
0.9218153
0.8893565
0.878047
0.8734002
0.8832019
0.8784874
0.8797647
0.8960363
0.898219
0.8928851
0.8715328
0.9031197
0.8706136
0.8691465
0.8953993
0.8938919
0.8950213
0.8901972
0.8808584
0.9014155
0.8934452
0.8993085
0.8823253
0.888186
0.8802621
0.8846616
0.8998036
0.8880716
0.8695076
0.8973158
0.8891365
0.8821042
0.8782943
0.8723553
0.8863225
0.9036928
0.8822339
0.9039414
0.9014003
0.8733557
0.8693567
0.8720785
0.8969389
0.8984706
0.894409
0.8838606
0.8687229
0.9138713
0.8914812
0.9045206
0.8961007
0.8908851
0.8904149
0.8844828
0.892638
0.8812656
0.8662089
0.9017226
0.8968376
0.8812777
0.8737793
0.8983857
0.8821457
0.8962251
0.8594841
0.8715536
0.8671538
0.8952039
0.8802102
0.8808806
0.8888529
0.8769859
0.8890723
0.8796216
0.8877306
0.8859976
0.9033889
0.8904824
0.9027473
0.8958439
0.8997987
0.9085602
0.896452
0.8924173
0.9010744
0.8980288
0.8883293
0.9034374
0.907203
0.8948246
0.9168081
0.8989053
0.9046597
0.8682668
0.8869903
0.8862563
0.8762009
0.9363904
0.8698927
0.9073507
0.9025275
0.8776629
0.8709309
0.8903072
0.8886191
0.8891335
0.8910196
0.9068757
0.8964187
0.8880104
0.8780417
0.9385712
0.9109015
0.9108977
0.9133095
0.9133683
0.9143403
0.9258493
0.9185242
0.923268
0.9012091
0.9057478
0.9089826
0.91389
0.912603
0.9231575
0.9085085
0.9039219
0.910018
0.9339126
0.9086795
0.9015448
0.9201681
0.9125277
0.901299
0.9205694
0.8842184
0.9311652
0.9339898
0.9079391
0.9120054
0.9013303
0.9080836
0.9197047
0.9105152
0.9197479
0.9155344
0.9278213
0.9137293
0.9232412
0.9082294
0.9083714
0.9029671
0.9096483
0.9143006
0.9046477
0.9122968
0.9404854
0.8932706
0.9256126
0.9127633
0.9223845
0.8973693
0.8928164
0.9110678
0.910681
0.9131398
0.9013029
0.9108044
0.9110229
0.9110348
0.9107989
0.9085082
0.9103139
0.923662
0.9173016
0.923986
0.9300276
0.9363967
0.9294593
0.9318812
0.9275048
0.9293609
0.9330899
0.9353466
0.9282983
0.933855
0.9246245
0.9431731
0.9025885
0.9195592
0.9071117
0.9246212
0.9067455
0.9019845
0.8962963
0.9091646
0.935469
0.915677
0.9356341
0.939476
0.9121574
0.9089139
0.8932133
0.9095342
0.8998047
0.8954097
0.9077808
0.922755
0.9035041
0.8948215
0.8950184
0.9065818
0.9041268
0.9220238
0.9227217
0.9238431
0.9081629
0.9023666
0.8903011
0.9232989
0.9273125
0.9124388
0.9102705
0.9144415
0.9134839
0.9137551
0.9108038
0.9031269
0.902139
0.9117877
0.9097172
0.8999746
0.9042902
0.9185382
0.8936867
0.9128847
0.906215
0.9068073
0.9034278
0.9040557
0.9060432
0.9240707
0.8886899
0.9188626
0.9066695
0.9010308
0.9156157
0.9060994
0.893424
0.9192786
0.915324
0.9120179
0.9123559
0.9205642
0.9079939
0.9025138
0.8917926
0.9158279
0.9054044
0.9036179
0.8877506
0.9069601
0.9126448
0.8993928
0.9043091
0.9037373
0.9144638
0.9088252
0.9149367
0.9195776
0.9108385
0.9150343
0.9128598
0.9107188
0.9071626
0.9008127
0.8948083
0.9087393
0.9037807
0.904743
0.9002295
0.893367
0.8983038
0.9135143
0.8955196
0.8944284
0.9005839
0.9038744
0.913515
0.9269492
0.9171503
0.899314
0.9055809
0.9146285
0.9164704
0.9076543
0.9526406
0.9052374
0.8949524
0.9129798
0.9134135
0.8918307
0.9115474
0.9200967
0.9056333
0.91356
0.9319242
0.9065437
0.9045271
0.9002422
0.9067734
0.9021077
0.89917
0.9137363
0.9136039
0.9140561
0.8828166
0.8890523
0.9160801
0.9264839
0.9318284
0.9115079
0.9114271
0.9056969
0.892275
0.9151152
0.9122051
0.9065353
0.8656067
0.9136826
0.9098635
0.8827418
0.8932954
0.9078649
0.921482
0.914508
0.8887291
0.8686698
0.8907387
0.89996
0.9103071
0.9122763
0.9151116
0.9154634
0.887721
0.8928571
0.9036041
0.8990554
0.9178617
0.9127298
0.9144523
0.9167348
0.9027617
0.9127057
0.9109427
0.9055269
0.8989642
0.9150292
0.8804174
0.8921124
0.9145416
0.9107399
0.9207293
0.8948256
0.9051063
0.9042988
0.9158274
0.9090454
0.9062826
0.9031956
0.9113385
0.9079511
0.9050592
0.8846553
0.8910299
0.9235433
0.8840547
0.8695178
0.8782638
0.8794421
0.9065397
0.8753594
0.8729118
0.8740489
0.8844751
0.8681397
0.8958356
0.9031936
0.9165815
0.9301971
0.9243119
0.9258364
0.9108651
0.9013277
0.9086679
0.9012734
0.9293848
0.9014869
0.9043826
0.8711919
0.9040953
0.8983347
0.9215505
0.8951748
0.9182685
0.9162719
0.9309102
0.8961094
0.9160427
0.910747
0.9166938
0.9058568
0.904
0.9153717
0.916454
0.9175427
0.8927985
0.8920135
0.9221472
0.9194717
0.9245231
0.9113777
0.9115282
0.9081806
0.8969787
0.9142968
0.914459
0.9086372
0.8979473
0.9136072
0.9109908
0.8909731
0.9039267
0.9131482
0.9193457
0.9090138
0.9103789
0.9065044
0.8986711
0.9061248
0.9054344
0.9145941
0.9106959
0.9162856
0.8948681
0.9005695
0.9111999
0.8949103
0.9233781
0.9155116
0.9137237
0.916476
0.9056557
0.9089244
0.9100467
0.9081091
0.9112859
0.9129867
0.8903541
0.9050243
0.9203371
0.9091458
0.9148404
0.9025857
0.9074528
0.9044365
0.912038
0.9068497
0.9047229
0.9084367
0.9071842
0.909784
0.9048769
0.890412
0.8982309
0.9195537
0.9040081
0.9045302
0.9035369
0.9038247
0.9212833
0.9022112
0.9027462
0.89718
0.9080352
0.8981324
0.9125477
0.9119704
0.9142807
0.9244268
0.9170564
0.9230226
0.9020691
0.8965455
0.9026885
0.9023465
0.9310173
0.90393
0.9153754
0.8981601
0.9055948
0.8967858
0.9105622
0.902977
0.9130142
0.9145248
0.9244435
0.9009665
0.9141128
0.9089549
0.9134192
0.8947788
0.8899012
0.8993383
0.8993247
0.9001439
0.8848266
0.8835109
0.9179189
0.9129571
0.9167563
0.8975482
0.8997075
0.8872646
0.8869755
0.904544
0.902125
0.8950759
0.8961674
0.8995177
0.8994202
0.885292
0.8855879
0.8945941
0.9239699
0.8941417
0.912239
0.9033483
0.8852095
0.8862686
0.8910946
0.8976903
0.9141361
0.9043075
0.890103
0.8821255
0.9105281
0.8966588
0.9212563
0.9043484
0.9014522
0.9062136
0.8954612
0.9008463
0.8976503
0.8888344
0.9052904
0.9021814
0.8818655
0.8872943
0.9184574
0.8988266
0.9059618
0.8835713
0.8902592
0.8911175
0.8996088
0.8890822
0.8899773
0.8924604
0.8943075
0.8957938
0.8904481
0.882984
0.8931255
0.9186249
0.9070366
0.9037679
0.9012835
0.9040394
0.9210328
0.9052263
0.8999372
0.8974019
0.908974
0.9018931
0.917924
0.9075439
0.9063403
0.9202647
0.9111536
0.9199181
0.8882699
0.8838993
0.8919703
0.8860436
0.922233
0.8846086
0.9086877
0.8946186
0.8921664
0.8883856
0.9027974
0.8871257
0.905576
0.90815
0.9175718
0.8918707
0.9040274
0.8957804
0.90426
0.9088476
0.9038129
0.9197234
0.9200084
0.9202652
0.8931351
0.8962944
0.9106539
0.9316676
0.9351204
0.9177821
0.9172438
0.9105486
0.9063221
0.9120562
0.9171714
0.9106349
0.8732152
0.9167197
0.913115
0.8923071
0.9068129
0.9157355
0.9124208
0.9173819
0.8841414
0.870396
0.9027934
0.9088622
0.9095768
0.919437
0.9111039
0.9180281
0.9011327
0.9022581
0.9140182
0.9030861
0.9089209
0.9202688
0.9193605
0.9204746
0.9080316
0.9202682
0.9114568
0.9070887
0.9010229
0.9230878
0.8987512
0.9061848
0.909968
0.9152078
0.9226081
0.9023868
0.9092046
0.9073628
0.9169778
0.9106927
0.9114583
0.9115469
0.9118129
0.9161897
0.9115504
0.8957176
0.898479
0.9172387
0.8757841
0.8727544
0.8696302
0.8740248
0.8996281
0.8683767
0.8644074
0.8755244
0.8696895
0.863311
0.8884038
0.9031902
0.9170295
0.9277013
0.9204052
0.9159634
0.9074314
0.9097661
0.9116202
0.9106639
0.9400871
0.905554
0.9023894
0.8802038
0.9102099
0.8989474
0.9158872
0.9121355
0.9175247
0.9189122
0.9314887
0.9029283
0.9175291
0.9127047
0.8978343
0.9045417
0.901871
0.9232035
0.9229961
0.9239674
0.9061808
0.902997
0.8961129
0.9249184
0.9299273
0.917247
0.9130558
0.9113978
0.9094635
0.9186488
0.910649
0.9084411
0.8816656
0.9141833
0.908738
0.9021566
0.9075159
0.9166222
0.9005251
0.9144285
0.8829312
0.8791147
0.9047722
0.9084664
0.9055285
0.9234755
0.8967859
0.919023
0.9021991
0.9074479
0.9197983
0.9012306
0.900244
0.9196651
0.9167018
0.9115939
0.911853
0.9179514
0.9086949
0.9068488
0.898762
0.9193594
0.9063517
0.9098708
0.8958888
0.9150527
0.9195264
0.902739
0.90462
0.9080654
0.9169779
0.910108
0.9158284
0.9187449
0.9149065
0.9209572
0.9142898
0.9062636
0.906259
0.8996074
0.8711698
0.881677
0.8779122
0.8775518
0.884402
0.8709774
0.8660479
0.8859739
0.8675384
0.8717076
0.8740939
0.9080881
0.9134036
0.9300767
0.9221196
0.9035678
0.9056176
0.9194208
0.9171722
0.907026
0.9510862
0.9095467
0.8958046
0.8932263
0.9143414
0.8942013
0.9117048
0.9168688
0.9126976
0.9153398
0.9305255
0.9081511
0.9111814
0.9043569
0.9086741
0.9083732
0.9078181
0.9236692
0.923277
0.9245375
0.9054886
0.9037889
0.9044545
0.9212427
0.9265689
0.9162166
0.9197371
0.9140839
0.9094505
0.9209438
0.9168227
0.9090197
0.8764819
0.9153495
0.9142239
0.8994464
0.907987
0.9191756
0.9072978
0.9179823
0.8739663
0.8662192
0.9063697
0.9117208
0.9088224
0.9221352
0.9062556
0.9200994
0.8963169
0.9110906
0.9184943
0.9049897
0.9089488
0.9197514
0.9185108
0.9206316
0.9133972
0.9163522
0.9101159
0.9091135
0.9084051
0.919979
0.901444
0.9070157
0.9004105
0.9128805
0.9219935
0.9049516
0.9094999
0.9074813
0.9208557
0.9112044
0.9148418
0.9138138
0.9100821
0.9163076
0.9125519
0.8992886
0.905262
0.9087629
0.8634458
0.8712644
0.8701736
0.8681921
0.8862505
0.8654805
0.8584495
0.8777872
0.8678315
0.8604703
0.8804674
0.9110532
0.9243671
0.9339043
0.9254511
0.9123444
0.909453
0.9140741
0.9176271
0.9098262
0.9448092
0.9061165
0.9057645
0.8857409
0.9109944
0.899536
0.920879
0.9154481
0.9154174
0.9180576
0.9326568
0.9095514
0.9164972
0.91243
0.9037194
0.8999253
0.8992968
0.916971
0.9175559
0.9176225
0.8952095
0.8950155
0.8616745
0.915651
0.9234213
0.9068054
0.9026618
0.9044876
0.905731
0.9082906
0.9068776
0.9010432
0.9003975
0.9032464
0.8972731
0.8902258
0.8960531
0.9064661
0.8641487
0.9051688
0.9013033
0.9003749
0.8986091
0.9020407
0.897139
0.9139264
0.8590828
0.9059938
0.8949034
0.8992826
0.9111204
0.8994568
0.8616623
0.9054466
0.9039334
0.9042018
0.9017784
0.9065926
0.901651
0.8967705
0.9070643
0.9090653
0.9004957
0.8977089
0.8613898
0.8987541
0.9079263
0.895538
0.9031216
0.9000393
0.9068984
0.9043912
0.9080427
0.9082536
0.9035144
0.9074074
0.9050581
0.8966736
0.8967133
0.8576061
0.894416
0.9042049
0.8978872
0.8986605
0.9043194
0.8892925
0.8960832
0.9010398
0.8932703
0.8892123
0.9030446
0.9104699
0.9056954
0.9208814
0.9165704
0.8588117
0.8989657
0.9028724
0.9086904
0.9026196
0.941665
0.9002069
0.8998571
0.9095036
0.9054245
0.8884624
0.904564
0.9071091
0.9019364
0.9065133
0.9235947
0.9076358
0.9042722
0.8933875
0.9046612
0.904973
0.90495
0.9181492
0.9176794
0.9178969
0.9031735
0.9001796
0.8578257
0.9173854
0.9196039
0.912825
0.9093729
0.9067943
0.910426
0.9150472
0.9074891
0.8997993
0.9050126
0.9068731
0.8995766
0.8964536
0.9021382
0.916009
0.852359
0.9100514
0.9047482
0.8989585
0.8971511
0.9024128
0.901292
0.9156855
0.8489986
0.9077217
0.8970541
0.9032959
0.9195394
0.9037596
0.8537376
0.9074678
0.9073417
0.9107975
0.9083842
0.9107619
0.9025275
0.9029643
0.9045661
0.9135498
0.9030381
0.9032742
0.8531673
0.903629
0.9134121
0.8992832
0.9032201
0.901824
0.9090587
0.9089786
0.9131953
0.9176219
0.9085437
0.9144059
0.9102926
0.9051121
0.9023068
0.8412139
0.8925671
0.9039125
0.8989695
0.8978394
0.8991187
0.8956758
0.8965692
0.9072202
0.8893035
0.8918309
0.9002264
0.9107027
0.9111538
0.9239052
0.9116922
0.8450917
0.9020884
0.9131898
0.912786
0.908362
0.9458459
0.9030452
0.8997504
0.9103305
0.9090781
0.8938322
0.9099795
0.9141795
0.9080688
0.9082055
0.9229806
0.9120454
0.9071196
0.8950606
0.9004988
0.9014433
0.9011314
0.9189189
0.9182935
0.9191579
0.9093505
0.8997861
0.8443648
0.9157217
0.9197402
0.9099666
0.9111632
0.910857
0.9094272
0.9133699
0.9072065
0.9006359
0.9032258
0.9106292
0.9002533
0.8941352
0.9026756
0.9128699
0.8463378
0.9086316
0.9042792
0.902557
0.8985318
0.8961784
0.8962452
0.9200396
0.8430022
0.90935
0.8978311
0.9006019
0.921863
0.9023447
0.8432766
0.9111589
0.9093031
0.9078252
0.9064653
0.9123229
0.9009375
0.8961529
0.9009886
0.9074292
0.9044586
0.9048871
0.8444614
0.9043344
0.9128782
0.8944179
0.9001728
0.8979067
0.9096112
0.9042218
0.9110683
0.9138243
0.9081943
0.9129988
0.9093789
0.9057559
0.8981294
0.837501
0.8872272
0.9018795
0.8966774
0.8924307
0.8938329
0.890739
0.8927407
0.9049993
0.8906832
0.89176
0.8916706
0.9102864
0.9099866
0.9268335
0.913653
0.8454103
0.8982149
0.9170643
0.9136809
0.9032583
0.9506973
0.9009408
0.900037
0.9142136
0.9077241
0.8898559
0.9048679
0.9167469
0.9015012
0.9099957
0.9236381
0.9119258
0.9013146
0.8967817
0.8916444
0.8937532
0.8908429
0.9149414
0.9155035
0.9163049
0.8899434
0.8862278
0.8919709
0.9218964
0.9276196
0.9080464
0.9070195
0.9027506
0.8924842
0.9111792
0.9044305
0.8934918
0.8848058
0.9069457
0.9041141
0.8885887
0.8918809
0.9091699
0.8997474
0.908384
0.896862
0.8898898
0.8960053
0.8888313
0.897544
0.9184586
0.8867659
0.9141976
0.8906902
0.8894413
0.9151832
0.8995498
0.8924889
0.9126501
0.9146558
0.9100476
0.9064678
0.9097033
0.9045377
0.8924181
0.8849456
0.9150828
0.8917778
0.892361
0.8898936
0.9104866
0.9143974
0.8848446
0.8916251
0.8916768
0.9145986
0.9019729
0.9046842
0.9088975
0.9026234
0.909718
0.9063042
0.8906041
0.8956945
0.8936524
0.8813986
0.8909361
0.8889466
0.8896419
0.8991925
0.8828014
0.878525
0.8975312
0.8879665
0.8767783
0.8945233
0.891279
0.9141017
0.9271391
0.9172749
0.8979862
0.8994914
0.9075878
0.9094277
0.8912836
0.9445745
0.8914187
0.8899353
0.8924662
0.9045433
0.8852483
0.9098796
0.9037072
0.9078104
0.9084634
0.9300226
0.9014887
0.9082595
0.9033857
0.9015388
0.8972925
0.8990265
0.9193115
0.9196706
0.9203027
0.8999601
0.8938339
0.8628915
0.9155258
0.9206515
0.9140975
0.9067755
0.9079022
0.9055406
0.912566
0.9058731
0.9016917
0.8992903
0.906392
0.8989764
0.8936764
0.8982672
0.9124911
0.8616938
0.907112
0.901679
0.8967073
0.8998844
0.9018663
0.8993953
0.9157817
0.8581142
0.9089878
0.8933217
0.9060839
0.9134073
0.9025997
0.8625119
0.910486
0.9103628
0.9094843
0.9061529
0.9100712
0.9033558
0.9013574
0.9030044
0.9111379
0.898878
0.9014702
0.8603502
0.9024233
0.9128468
0.8960427
0.9001254
0.8953623
0.9109136
0.9070346
0.9137821
0.9102473
0.9058513
0.9143822
0.9095963
0.900416
0.8991995
0.8573518
0.8884689
0.8977562
0.8959663
0.8979466
0.9018991
0.886675
0.8958295
0.9027588
0.891983
0.8933703
0.8982757
0.9126777
0.9115377
0.921722
0.9163349
0.8641782
0.9028809
0.9074498
0.9112823
0.9071069
0.9445176
0.9008896
0.9007586
0.9094131
0.9078728
0.8906665
0.9067893
0.9083729
0.9029408
0.9058614
0.9248684
0.9106895
0.902201
0.8977048
0.902181
0.902989
0.9013181
0.9174778
0.9166319
0.9172634
0.9027793
0.8988446
0.8553717
0.9189245
0.9249545
0.9118504
0.9057416
0.9080569
0.9096751
0.9163158
0.9043277
0.9014959
0.893583
0.9065952
0.8982437
0.8995128
0.9016704
0.9111966
0.8522625
0.9076181
0.9058803
0.9036361
0.9009216
0.8977688
0.9016493
0.9175943
0.8484349
0.9106326
0.8959583
0.8998145
0.9159028
0.9016614
0.8516259
0.9055433
0.9037225
0.9075885
0.9047264
0.9102497
0.9048984
0.9012028
0.9025536
0.9094305
0.9060959
0.9026479
0.8528542
0.9073943
0.9105597
0.8956801
0.9030254
0.9038612
0.9128932
0.9042177
0.9123314
0.9121111
0.9050117
0.9151026
0.9101622
0.9014904
0.8973663
0.8559325
0.8903332
0.8961081
0.8969169
0.8939569
0.9031204
0.8868103
0.8916213
0.900391
0.8867752
0.887699
0.8971482
0.9085187
0.9104144
0.9234177
0.9149928
0.8592675
0.9035385
0.9112055
0.9107991
0.9079255
0.9437911
0.9028895
0.8971328
0.9108678
0.9056377
0.8890497
0.9093095
0.9082934
0.9073622
0.9093893
0.9257721
0.9099582
0.9070726
0.8986368