0.9182107
0.9296477
0.9354146
0.9223847
0.9235631
0.9243207
0.9243302
0.92457
0.9244045
0.9230237
0.9224017
0.9218854
0.9179512
0.9499426
0.9291124
0.9367246
0.9227391
0.9294384
0.9245316
0.8942642
0.8928399
0.9108571
0.9036885
0.8944296
0.8877449
0.8933171
0.8962862
0.8957064
0.8930265
0.8909793
0.8870593
0.8895623
0.8886747
0.8923802
0.9021512
0.9104531
0.9104531
0.9022891
0.9081515
0.9002034
0.9044033
0.9038213
0.9022749
0.8841184
0.9062736
0.9227311
0.8832302
0.9219546
0.917986
0.9229069
0.9230959
0.8942918
0.8404466
0.8961249
0.8316126
0.9083478
0.8792358
0.8813818
0.9025902
0.8804932
0.9132051
0.9210341
0.9256153
0.9243313
0.9311578
0.9065424
0.9138223
0.9126326
0.9116151
0.9096113
0.9166141
0.9045202
0.9056474
0.9050405
0.8959353
0.8984016
0.9134891
0.9095241
0.9121889
0.8954246
0.9187081
0.9208628
0.9216043
0.8966795
0.9154482
0.9024312
0.905829
0.8954116
0.8955861
0.8940702
0.9042801
0.8886665
0.9241079
0.9161362
0.9073643
0.9042607
0.8999786
0.90288
0.9132557
0.9259038
0.9073875
0.9216065
0.9259844
0.9203806
0.9148517
0.9178632
0.9172647
0.9134588
0.9140325
0.9172231
0.921939
0.9151748
0.9158229
0.9552133
0.9253006
0.9275856
0.9136814
0.92532
0.9209681
0.8943126
0.8946526
0.8944727
0.8924178
0.8950161
0.8992337
0.8959478
0.8937229
0.8945315
0.8918086
0.8953782
0.8921275
0.8957365
0.8920796
0.8948915
0.896353
0.907422
0.907422
0.8998179
0.8990182
0.8988337
0.8969114
0.894982
0.8944863
0.8822573
0.8988212
0.9164536
0.8867678
0.9157012
0.908636
0.9151748
0.9178126
0.8926357
0.8931705
0.8963863
0.8994821
0.9097492
0.8911954
0.8886077
0.8951589
0.8920119
0.9083336
0.9097747
0.9225604
0.927439
0.9299381
0.8994098
0.9092106
0.9067481
0.9097731
0.9024844
0.9148216
0.9060544
0.9044354
0.9052228
0.9015018
0.9021976
0.9120943
0.9078739
0.8999638
0.8917474
0.9100216
0.9073341
0.9170764
0.8937907
0.9119689
0.9003456
0.899888
0.906993
0.9032473
0.9041945
0.8977001
0.8931805
0.9199108
0.9129439
0.9064922
0.902264
0.8922872
0.8935531
0.91313
0.9190963
0.9150232
0.9233285
0.9297575
0.9218837
0.917428
0.9185337
0.917481
0.9181443
0.916302
0.9188627
0.9211007
0.9141031
0.914869
0.9543287
0.927202
0.9268896
0.9130389
0.924146
0.9239552
0.9055219
0.9049938
0.9027194
0.8961766
0.9061157
0.9094403
0.90604
0.9058922
0.9054577
0.9039945
0.9020794
0.9026349
0.9071679
0.9020038
0.9069478
0.9043406
0.9116533
0.9116533
0.9035736
0.9101895
0.9056229
0.9055987
0.9033253
0.904429
0.8927216
0.9073828
0.9146471
0.8892755
0.915086
0.9160701
0.915788
0.9156912
0.8999674
0.9077193
0.9125032
0.9069157
0.9125994
0.9029768
0.9051417
0.9030808
0.902225
0.9100064
0.9171702
0.923332
0.930021
0.924557
0.9063588
0.9175934
0.9102253
0.9157854
0.9101936
0.9189142
0.9185066
0.9194626
0.9189383
0.9059116
0.9087203
0.9204854
0.918158
0.9061238
0.9080142
0.9154745
0.9164894
0.9223291
0.9015275
0.9209234
0.9113471
0.9098471
0.9152843
0.9132415
0.9115292
0.9015799
0.8993367
0.923422
0.9216572
0.9076472
0.6622152
0.8991785
0.8992842
0.9226923
0.9222609
0.9095615
0.921325
0.925605
0.9150295
0.9136243
0.9133782
0.9123102
0.9118195
0.9131756
0.9162805
0.9205094
0.9196806
0.9116654
0.9512909
0.9248277
0.9306971
0.9154985
0.9243087
0.9204964
0.8961334
0.8961068
0.8975582
0.8908371
0.8947388
0.8913918
0.8961692
0.8979592
0.8966403
0.8953087
0.893288
0.890238
0.89604
0.8896402
0.8953987
0.8667619
0.898059
0.898059
0.8259937
0.8697655
0.8221167
0.8622538
0.8979718
0.8630044
0.8710852
0.8721256
0.9108716
0.8749858
0.9097949
0.9096707
0.9096575
0.9123159
0.8860783
0.8969803
0.9052028
0.9014393
0.8995701
0.8926081
0.8965517
0.8949698
0.8909256
0.9035524
0.9145944
0.9155454
0.921385
0.9194097
0.8989596
0.9098144
0.8978888
0.9025503
0.8987296
0.9116645
0.9017337
0.9028333
0.9049085
0.8916363
0.8938176
0.9081689
0.9034859
0.8984327
0.8963535
0.9126308
0.9121009
0.9160292
0.885488
0.9098948
0.8591238
0.8353921
0.8958915
0.8920501
0.8918089
0.8936543
0.8829144
0.9195495
0.9188651
0.8931722
0.9000326
0.8900036
0.8925545
0.9149543
0.9183405
0.9164825
0.9243407
0.9226514
0.9130643
0.9194683
0.9200495
0.9204713
0.9207815
0.9224708
0.9206371
0.9176551
0.9156191
0.9156882
0.9374708
0.9219219
0.9291378
0.9177964
0.9291544
0.9186674
0.9214695
0.9187921
0.9213395
0.9130737
0.9196871
0.9139152
0.9184342
0.9190339
0.9206918
0.9167971
0.9172696
0.9168388
0.9171995
0.9167341
0.9165694
0.9162355
0.9192419
0.9192419
0.9168087
0.9197661
0.9132732
0.9174793
0.9184484
0.9155523
0.91222
0.9205229
0.9223497
0.9100191
0.9214442
0.9123359
0.9219681
0.9230004
0.9098424
0.9134415
0.9272373
0.9155254
0.9129175
0.9223181
0.9231334
0.9189554
0.9233385
0.9154551
0.9176783
0.9251701
0.9203341
0.9237549
0.9171533
0.9114151
0.914101
0.9161751
0.9129255
0.9129317
0.9019934
0.9025894
0.9029236
0.8982551
0.9041341
0.9123978
0.9076438
0.9239828
0.9180397
0.9164387
0.9207115
0.9143165
0.9128463
0.9130375
0.9132731
0.9143015
0.9020429
0.9011325
0.8991416
0.9149061
0.9104684
0.8899548
0.8920961
0.9101805
0.9214649
0.914589
0.9196995
0.8902646
0.9200151
0.8730428
0.8970647
0.9050771
0.901411
0.8909762
0.8856643
0.8852617
0.8914233
0.8927016
0.8883134
0.8946865
0.8907473
0.8922434
0.9476159
0.908494
0.9040374
0.8916753
0.899179
0.8950276
0.9144288
0.9158903
0.9030296
0.8969507
0.9150437
0.9201705
0.9138264
0.9149511
0.9162963
0.9156596
0.9126716
0.9125369
0.9178305
0.9150172
0.9166481
0.9045306
0.8897268
0.8897268
0.9084595
0.9026862
0.9055607
0.9014142
0.901919
0.9016236
0.9038744
0.9032567
0.8772533
0.8978824
0.8781026
0.8694196
0.8760569
0.8788639
0.9021711
0.9203017
0.9153324
0.9174114
0.892719
0.9128748
0.9130515
0.8995977
0.9125535
0.8850865
0.878068
0.9044041
0.9069826
0.8960276
0.882923
0.8907365
0.8865657
0.8889626
0.8855519
0.900599
0.911664
0.9105226
0.9126923
0.8974474
0.8977937
0.9021184
0.9027998
0.9025402
0.9127005
0.8751036
0.8751459
0.8950713
0.9037589
0.878884
0.9119319
0.9090512
0.9108479
0.9111676
0.9101052
0.9019068
0.9076894
0.9161157
0.9150778
0.879366
0.9130892
0.8947426
0.8996778
0.9250181
0.8767657
0.9122117
0.9230688
0.928609
0.9168042
0.920007
0.9180031
0.9165955
0.9186868
0.9181008
0.9194764
0.9192549
0.9198046
0.9151183
0.9467498
0.9268382
0.9331434
0.9172142
0.9263511
0.9251627
0.9033733
0.8988872
0.9052406
0.8948097
0.8981174
0.8934554
0.8987
0.902377
0.9021743
0.8988543
0.8990329
0.8934874
0.8990656
0.8926661
0.8991656
0.8802666
0.9040264
0.9040264
0.85257
0.8817399
0.8575549
0.8789677
0.9003587
0.870161
0.8758374
0.879957
0.913234
0.8781361
0.9132899
0.9144402
0.9146962
0.9151757
0.8935803
0.896129
0.9097676
0.9000584
0.8980483
0.8997289
0.8993952
0.8993859
0.9065136
0.9040402
0.9165123
0.919993
0.9238743
0.9245703
0.9033335
0.9105879
0.9041584
0.9055478
0.904381
0.9103468
0.8937893
0.893264
0.8944941
0.8921384
0.8929962
0.9083221
0.9034629
0.9065908
0.8984678
0.9112156
0.9135338
0.9165367
0.8923004
0.9130744
0.8602046
0.8636856
0.8969944
0.8912278
0.8930156
0.9010639
0.8831154
0.9161563
0.9159101
0.8939842
0.9049264
0.8944093
0.8995062
0.9138966
0.9212269
0.8459628
0.8756578
0.8819072
0.8856877
0.8698356
0.8645078
0.8662188
0.8608618
0.8643047
0.8696077
0.8749086
0.8734075
0.8621665
0.9437422
0.9003335
0.8870322
0.8666445
0.8817961
0.8765833
0.9164921
0.9139914
0.9043003
0.9027419
0.9146581
0.9185044
0.9162601
0.9155896
0.9167449
0.914145
0.9135274
0.9162334
0.9162836
0.9119638
0.9152051
0.909182
0.8736958
0.8736958
0.9094492
0.9075122
0.9064313
0.9066781
0.903072
0.9022763
0.9067753
0.9038669
0.8435996
0.9013389
0.8429926
0.5163002
0.84521
0.8456765
0.9026916
0.9199561
0.9178668
0.9198636
0.8804348
0.9098438
0.9165527
0.9017225
0.9208086
0.8746205
0.851322
0.8902916
0.897805
0.8871907
0.8749954
0.8868584
0.8800751
0.8803465
0.8767745
0.8869908
0.9039213
0.903539
0.9061052
0.8949779
0.8912963
0.8992438
0.8962581
0.9019467
0.9152365
0.8442
0.8415054
0.8709781
0.9048698
0.8536694
0.9128223
0.9121806
0.9116323
0.9122244
0.9075716
0.9027842
0.9107673
0.9111103
0.9096036
0.8705756
0.9144525
0.8988912
0.9011566
0.9206548
0.8419564
0.8507726
0.8795163
0.8840107
0.8904247
0.8738392
0.8716363
0.8667873
0.8696917
0.8718778
0.8742057
0.8798601
0.8747987
0.8732517
0.9453326
0.903596
0.8928309
0.877809
0.8866501
0.8809815
0.9107727
0.9118064
0.8998608
0.8957377
0.9114336
0.9198176
0.9136174
0.9140882
0.9136331
0.911139
0.9143033
0.9077162
0.9139133
0.9123049
0.9131446
0.8995521
0.8803322
0.8803322
0.9095115
0.9039983
0.9082235
0.8993097
0.8939219
0.898714
0.9031295
0.9015933
0.8478962
0.8948803
0.848461
0.8096123
0.8463415
0.8488023
0.8990507
0.9263043
0.9187918
0.9169311
0.8785946
0.9086322
0.913686
0.8931732
0.9165053
0.8758046
0.8595407
0.8920321
0.9001594
0.8892576
0.8774476
0.8909418
0.8781662
0.8833406
0.8780311
0.8918097
0.9023497
0.9026019
0.9023459
0.8912592
0.8890201
0.8980001
0.8969565
0.9016476
0.9138149
0.8564049
0.8478818
0.8752813
0.8986242
0.8628364
0.9114242
0.9106217
0.91438
0.9097456
0.9101013
0.8967072
0.9037556
0.9070142
0.9074504
0.8699352
0.9142493
0.8938679
0.8988901
0.9210517
0.8465732
0.8607384
0.8822153
0.885201
0.890823
0.8770601
0.8768905
0.8741174
0.8745933
0.8759715
0.8798223
0.8812366
0.8785322
0.8714218
0.936489
0.902782
0.8957906
0.876418
0.8885188
0.8828564
0.9232009
0.9248495
0.9142466
0.9147361
0.9254703
0.9235873
0.9253246
0.9263011
0.9266045
0.925319
0.9236918
0.9225898
0.9258225
0.9196944
0.9226045
0.9120652
0.8931892
0.8931892
0.9132666
0.9121509
0.9124294
0.9126473
0.9111182
0.9116639
0.9185929
0.9159011
0.8657562
0.9122452
0.8645511
0.8399247
0.8663284
0.8664578
0.9149429
0.9262407
0.93009
0.9269263
0.8911247
0.9230659
0.9276419
0.9116674
0.933142
0.8876944
0.8707426
0.9020296
0.9011431
0.8937504
0.8945691
0.892769
0.892431
0.8976815
0.8930153
0.9001628
0.9021189
0.9026084
0.901118
0.8966963
0.8983317
0.9012418
0.89511
0.9095011
0.9231374
0.8599174
0.8645706
0.8840744
0.9112578
0.869425
0.9177457
0.917734
0.9091074
0.9069818
0.9031916
0.9125288
0.9135624
0.9151179
0.9126188
0.880573
0.9232332
0.9090206
0.9121112
0.920532
0.8535449
0.8723599
0.8895642
0.8890007
0.8907745
0.8887938
0.8858385
0.8849218
0.88466
0.8820457
0.8883362
0.8812736
0.8847725
0.8808219
0.9280274
0.9051401
0.9061156
0.8841865
0.9047253
0.8840901
0.9219383
0.9226214
0.9183624
0.9099669
0.9221088
0.9194761
0.9234873
0.9265015
0.9251555
0.9208814
0.9214229
0.9229074
0.9234438
0.9208679
0.9231183
0.917475
0.8917074
0.8917074
0.9093606
0.9201934
0.9065464
0.9182063
0.9111363
0.9156271
0.9147166
0.9190584
0.86572
0.906655
0.8673942
0.8516492
0.8677064
0.8700426
0.9088632
0.9199562
0.9296798
0.9227263
0.8843847
0.9219144
0.9239793
0.9133844
0.9313465
0.8900482
0.8726493
0.9048969
0.899032
0.8961241
0.8966502
0.8904576
0.8892578
0.8965689
0.8964315
0.8962053
0.8926189
0.8930669
0.8938392
0.8911382
0.895446
0.9022463
0.8976136
0.9157958
0.9206054
0.865285
0.8725054
0.8861545
0.9099543
0.8754827
0.9126881
0.9170625
0.9039562
0.9007418
0.9013688
0.911698
0.9046183
0.9179829
0.9094516
0.8859407
0.9211671
0.9128578
0.9127417
0.9120647
0.8624945
0.8773191
0.8934911
0.8967634
0.8997543
0.8864994
0.8896906
0.8881827
0.886884
0.8830462
0.887785
0.8952167
0.8944874
0.8877606
0.9442858
0.9094532
0.8958153
0.8863734
0.8979813
0.8955019
0.9292364
0.9285537
0.9141999
0.9160982
0.9296778
0.9344774
0.9311369
0.9312584
0.9320172
0.9297799
0.9288145
0.9310345
0.9300067
0.9308192
0.9281301
0.9151023
0.9012293
0.9012293
0.9244251
0.9171331
0.9225407
0.9151813
0.9133911
0.9155179
0.9194906
0.9168751
0.8796169
0.9180006
0.8806385
0.8701734
0.8808081
0.8816194
0.9204309
0.9349723
0.9277572
0.9347834
0.9039011
0.9257292
0.9286874
0.9117897
0.9324083
0.8992548
0.8759724
0.9070535
0.9094358
0.9034803
0.8987557
0.8993106
0.899606
0.8943687
0.8989196
0.9037099
0.9238411
0.9234568
0.9254569
0.9126905
0.9078709
0.9096247
0.9088316
0.9169794
0.9286648
0.8771898
0.8692863
0.8891648
0.9209111
0.8818316
0.9263668
0.9249609
0.9273624
0.9255095
0.9239708
0.9157769
0.9247331
0.9218675
0.9203883
0.8999893
0.9236203
0.9160101
0.915802
0.9284358
0.8756083
0.8550459
0.8835281
0.8861583
0.8881297
0.8762573
0.8706125
0.8708064
0.8717845
0.873258
0.8762879
0.8784829
0.8752651
0.8733071
0.9443898
0.9054929
0.8913652
0.8717224
0.8864211
0.8837226
0.9241397
0.9225423
0.9100901
0.9090292
0.9240909
0.9242153
0.9243387
0.9236644
0.9246224
0.9219071
0.922349
0.9218304
0.923716
0.9236447
0.9229246
0.9110754
0.884487
0.884487
0.909824
0.9133735
0.9121782
0.9137937
0.9057994
0.9107872
0.9167425
0.9115967
0.8588296
0.9099757
0.8579871
0.7163849
0.8595001
0.8600788
0.9136138
0.9247452
0.9217301
0.9258094
0.8864368
0.9214043
0.9231733
0.9098993
0.9271221
0.8791369
0.8567966
0.8972491
0.9006688
0.891124
0.8904421
0.8892328
0.8871946
0.8888969
0.8844392
0.8890761
0.9086027
0.9079916
0.9089332
0.8964161
0.8982439
0.8992227
0.8982957
0.9101364
0.920791
0.851139
0.8476901
0.871951
0.9106529
0.8610453
0.9197191
0.9167755
0.9157137
0.9150576
0.9139383
0.910809
0.9165254
0.9109816
0.9112935
0.879689
0.9188027
0.9056017
0.9038763
0.923051
0.84997
0.8551485
0.8806804
0.8831816
0.8882034
0.8733637
0.867837
0.8685748
0.8698859
0.8694568
0.8716192
0.8740465
0.8703182
0.8688746
0.9449659
0.9018372
0.8883643
0.8672914
0.8845607
0.8861211
0.920894
0.9211888
0.9105539
0.9015694
0.9202399
0.9268882
0.9222139
0.9206924
0.9186235
0.9204232
0.9189393
0.9182165
0.9206184
0.9189713
0.9190464
0.9042858
0.8851381
0.8851381
0.9124702
0.9063349
0.9147737
0.9075735
0.9026466
0.9072383
0.9104804
0.9078247
0.8551058
0.9048658
0.8537483
0.684114
0.8543794
0.8547343
0.9083554
0.9252688
0.92
0.9232589
0.8822039
0.9180209
0.9186584
0.9020079
0.9256371
0.8809083
0.8518145
0.8937058
0.8972789
0.8895326
0.8822806
0.8845821
0.8810688
0.8825143
0.8789215
0.8874776
0.9084148
0.9090223
0.9107059
0.894293
0.8960735
0.8983869
0.8957477
0.9023484
0.9203736
0.8447191
0.8447808
0.8763294
0.9085124
0.858643
0.9164296
0.916338
0.9146024
0.9122456
0.9133394
0.9043183
0.9154945
0.9110578
0.910727
0.8761367
0.917561
0.9012062
0.9034711
0.9200338
0.8452162
0.8446919
0.8747334
0.8835802
0.8888612
0.8660565
0.8669925
0.8651074
0.8631257
0.8667865
0.8696467
0.8796115
0.8723606
0.867419
0.9462243
0.9033173
0.8904797
0.8724492
0.8850681
0.8842038
0.9190304
0.915934
0.9059181
0.901409
0.9184027
0.9194729
0.9178697
0.9169298
0.9163281
0.9196933
0.9128488
0.919294
0.919411
0.9190079
0.9181112
0.9063102
0.8733873
0.8733873
0.907197
0.9043671
0.9050406
0.902036
0.9006793
0.9013725
0.9017428
0.9029602
0.8328926
0.8987009
0.8349174
0.81822
0.8344453
0.8366469
0.904306
0.9201043
0.9192633
0.9191723
0.8746409
0.9121409
0.9173796
0.9016892
0.9173926
0.8686647
0.8502518
0.8969497
0.9003134
0.8873845
0.8763564
0.8848158
0.8801049
0.8840387
0.8837978
0.8918957
0.9037194
0.9049968
0.9056563
0.8932197
0.8914601
0.897518
0.8938499
0.8990842
0.913306
0.8465783
0.8330233
0.8726586
0.9058399
0.854169
0.9135017
0.9096758
0.9151181
0.910995
0.9113049
0.9010216
0.9074208
0.9147265
0.916887
0.8708183
0.9132121
0.9003886
0.9016725
0.9202842
0.8410892
0.8647446
0.8873345
0.8937444
0.8963924
0.8784651
0.8729516
0.8720307
0.8766033
0.8759718
0.8735789
0.8888809
0.879576
0.8747834
0.9464244
0.9066945
0.8951342
0.8787374
0.8899538
0.8936756
0.9163886
0.9167535
0.9034639
0.9004931
0.9167599
0.9220428
0.9164692
0.9190204
0.9167564
0.916248
0.9135602
0.9163253
0.9182817
0.9152834
0.9191564
0.9086998
0.8814796
0.8814796
0.9056125
0.9102974
0.9064715
0.9069892
0.8987414
0.9068489
0.9055371
0.9080174
0.8591124
0.9032469
0.8584446
0.8482854
0.8572535
0.8603527
0.9071826
0.9220319
0.9207586
0.9198546
0.8841529
0.9124634
0.9155958
0.9018326
0.9169989
0.8769945
0.8615209
0.8974863
0.9053052
0.893987
0.877118
0.8949015
0.8867144
0.8892382
0.8858513
0.8989347
0.9079027
0.9071769
0.9090126
0.8966121
0.8935354
0.9033162
0.9025516
0.9035
0.9115152
0.8598629
0.8556352
0.8872513
0.9071459
0.8675122
0.9129733
0.9113014
0.9142621
0.9132887
0.9128851
0.901988
0.9110144
0.9162269
0.9190092
0.8811636
0.9103035
0.8962124
0.8986527
0.9199879
0.8652618
0.8818214
0.895215
0.8993084
0.8937496
0.8930511
0.8909627
0.8896672
0.8894894
0.8894219
0.8955541
0.89146
0.8931654
0.8902168
0.9397965
0.9104998
0.9036649
0.89182
0.9008913
0.8922533
0.9251039
0.9243377
0.9165947
0.9115608
0.9235739
0.9250614
0.9240484
0.9218281
0.9263717
0.9276779
0.9222065
0.9214709
0.9244244
0.922418
0.9243703
0.9163405
0.894227
0.894227
0.9140672
0.9170652
0.9129394
0.9160401
0.9088199
0.9139789
0.9136281
0.9174898
0.8757237
0.9105532
0.8762179
0.8734018
0.8763109
0.8771096
0.9104457
0.924192
0.9286114
0.9248635
0.8859278
0.9233031
0.9256633
0.9119193
0.9291794
0.8934206
0.8866914
0.9043902
0.9053525
0.8985326
0.8938281
0.8924439
0.8884426
0.8937152
0.8909694
0.8941812
0.9052475
0.9035866
0.9039244
0.8997139
0.8996581
0.900404
0.8997929
0.9106618
0.926356
0.8847561
0.8793675
0.8871708
0.9121667
0.8840998
0.9191392
0.9198796
0.9117385
0.9093913
0.9102881
0.9142837
0.9096841
0.9150544
0.9170652
0.8870309
0.920519
0.9108168
0.9111815
0.9196402
0.8781215
0.8797372
0.8923164
0.8961861
0.9072651
0.8990386
0.8906059
0.8886971
0.8884773
0.8882898
0.88541
0.8949491
0.8940601
0.8907246
0.9492309
0.9134969
0.8937565
0.8944848
0.8961795
0.9022852
0.9341501
0.9335198
0.9215244
0.9232788
0.9341268
0.9404853
0.9339716
0.9320165
0.9333805
0.9345466
0.9332461
0.9358992
0.9334159
0.9347374
0.9357756
0.9201886
0.9014444
0.9014444
0.9270899
0.922807
0.9303002
0.9200028
0.9155778
0.9198123
0.9247023
0.9211895
0.8727365
0.9245223
0.8714291
0.869843
0.8715285
0.8726177
0.9244719
0.9431591
0.9370004
0.9391145
0.9010498
0.93304
0.934827
0.9187982
0.9388611
0.8974286
0.8758606
0.9069703
0.9144305
0.9000035
0.9059986
0.9035992
0.9041418
0.9047401
0.9033963
0.9056954
0.9275765
0.9281416
0.9279114
0.915179
0.9160807
0.9151923
0.9146251
0.9176004
0.9356676
0.8776128
0.8726381
0.890988
0.9238875
0.8814098
0.9317304
0.928569
0.9341789
0.9313485
0.931553
0.9192479
0.9302358
0.9223697
0.9223771
0.8979182
0.9306176
0.9188402
0.9178953
0.9340196
0.8715533
0.8680535
0.8861235
0.8918832
0.8967881
0.885161
0.8790117
0.8796004
0.8808012
0.8774003
0.8810527
0.884657
0.8794604
0.8797651
0.9397594
0.9044709
0.892754
0.879759
0.8895131
0.8851518
0.9285816
0.9280468
0.9107337
0.9111158
0.9284078
0.9314793
0.9312132
0.9291724
0.9290591
0.9295498
0.926436
0.9283545
0.9295073
0.9277798
0.9286529
0.9134585
0.8917232
0.8917232
0.9139628
0.9178793
0.9156824
0.9160381
0.9106991
0.916838
0.9241449
0.9185763
0.8672316
0.9193034
0.864322
0.8506158
0.8651805
0.8667672
0.9182076
0.9294052
0.9319449
0.9333473
0.8909332
0.9264758
0.9295126
0.9125208
0.9320315
0.8828018
0.8698396
0.9007824
0.9023284
0.8908504
0.8893316
0.8925357
0.8963978
0.8935464
0.8925057
0.8981282
0.9078966
0.9088951
0.9080667
0.9005885
0.9009602
0.9059616
0.9003092
0.911594
0.9252632
0.8683105
0.8667699
0.8839777
0.9143557
0.8640356
0.9204597
0.9203419
0.9222397
0.9209229
0.9179384
0.9138376
0.9220195
0.9144766
0.9160963
0.8865714
0.9229882
0.9121206
0.914102
0.9228416
0.8611265
0.9108858
0.9258497
0.9288583
0.9173172
0.9199427
0.9170984
0.9160397
0.9169385
0.9183854
0.9227139
0.9196117
0.9193207
0.9125
0.9482612
0.9285476
0.9361781
0.919911
0.9277129
0.9222791
0.9072894
0.9044307
0.9081368
0.9022744
0.9050715
0.9031904
0.9059657
0.9057772
0.9046167
0.9018035
0.9068599
0.904505
0.9036783
0.9035216
0.9057928
0.8796498
0.905964
0.905964
0.8493822
0.8826042
0.8514953
0.8804239
0.9070995
0.8785667
0.8894263
0.882849
0.9176487
0.8884174
0.9173217
0.9126155
0.9174095
0.9181995
0.8999454
0.9045779
0.9170582
0.9081489
0.9069303
0.9052725
0.907262
0.9068629
0.9073745
0.9121996
0.9180322
0.9189886
0.922825
0.928917
0.9044112
0.9104711
0.9104035
0.9091748
0.9041242
0.9130726
0.9003357
0.9007486
0.9031763
0.8970143
0.8996913
0.9103529
0.9034812
0.9126508
0.911723
0.9165657
0.9193125
0.9194705
0.8968708
0.9144539
0.8729796
0.8322687
0.901301
0.8996256
0.8986756
0.9027132
0.8962233
0.9190073
0.9211669
0.9005099
0.9085447
0.9042031
0.9053204
0.920718
0.9205867
0.8975553
0.911392
0.9197607
0.9141995
0.9013709
0.9037226
0.9033612
0.9060074
0.9037724
0.9052435
0.9209386
0.9064296
0.9054332
0.961089
0.9189961
0.9184799
0.9074874
0.913986
0.9209583
0.8958172
0.8927536
0.821005
0.8376303
0.8932329
0.9087102
0.892246
0.8921173
0.8921016
0.8904682
0.8917955
0.8892622
0.8919462
0.8973461
0.8941019
0.8846182
0.8931179
0.8931179
0.8929576
0.8896161
0.8931633
0.8830069
0.8183194
0.8862659
0.8662128
0.888478
0.8992736
0.8699909
0.8983765
0.8987738
0.8970583
0.9000828
0.8816684
0.907855
0.8951518
0.9060218
0.899519
0.8885442
0.8913317
0.8307243
0.8836357
0.8968809
0.8939608
0.9162305
0.9227046
0.9124947
0.8873291
0.9051961
0.8936246
0.8983124
0.8911094
0.9086924
0.9167774
0.9171549
0.9188033
0.8944694
0.895888
0.9033518
0.8993828
0.8329824
0.8983924
0.8982879
0.8925857
0.9112523
0.8808759
0.908615
0.8989362
0.895089
0.9178485
0.9157787
0.9152468
0.835473
0.8903022
0.9102479
0.9134534
0.894207
0.8942433
0.8173103
0.817452
0.9182867
0.9085163
0.9013841
0.9146165
0.9135195
0.9146614
0.9116462
0.9128223
0.9123137
0.9077273
0.9081447
0.9118656
0.9097561
0.9107963
0.9086308
0.9440149
0.9237324
0.919132
0.9033921
0.9147456
0.9126013
0.9184563
0.9197404
0.9142907
0.9036387
0.9170594
0.9143363
0.9187283
0.91757
0.9158228
0.9141524
0.9156708
0.9106371
0.9183326
0.9147887
0.9156965
0.9142747
0.9065045
0.9065045
0.9079973
0.9148512
0.9069957
0.912525
0.9109043
0.9115175
0.9091138
0.912882
0.9103453
0.9000252
0.9093731
0.9000105
0.9091638
0.9113708
0.9013354
0.9141967
0.9239653
0.9128265
0.8992689
0.9149058
0.9139056
0.9077707
0.9186538
0.9050252
0.9046632
0.9112934
0.9160379
0.9184475
0.9018783
0.9053644
0.9005157
0.9044297
0.9028703
0.9068566
0.9060481
0.9047416
0.9061332
0.8994445
0.89874
0.9051465
0.9060559
0.9099213
0.917106
0.903617
0.9016272
0.908062
0.904066
0.902398
0.9143224
0.9118416
0.895644
0.8965379
0.8944904
0.9090941
0.9065494
0.9106818
0.9088047
0.9028479
0.9155864
0.9096321
0.9104452
0.9123772
0.9062445
0.9066256
0.9209819
0.9215032
0.9102135
0.9132812
0.9147476
0.9139101
0.9081227
0.9100468
0.9141908
0.9146665
0.9133195
0.9083879
0.9442801
0.923571
0.9285004
0.9142273
0.9252597
0.9143383
0.8968803
0.8949934
0.8902809
0.8824163
0.8927345
0.8907104
0.8955956
0.89752
0.8965646
0.8926961
0.8952277
0.8901324
0.8928088
0.8883211
0.8946124
0.8998131
0.8990332
0.8990332
0.8941016
0.9058789
0.8895455
0.901983
0.8897815
0.8961235
0.8420242
0.9018432
0.911568
0.8293069
0.9111151
0.9084784
0.9118756
0.9128229
0.792888
0.890756
0.9071447
0.8960799
0.8917882
0.8924294
0.8892763
0.8860445
0.894432
0.9059261
0.9085225
0.9185347
0.9223349
0.9228906
0.8987369
0.9024434
0.8988938
0.9007987
0.8997002
0.9097951
0.889745
0.8902421
0.8905306
0.8862359
0.8926051
0.9012734
0.8968993
0.8957448
0.8915672
0.9069058
0.9095385
0.913045
0.8034966
0.9118777
0.897198
0.8943845
0.8907061
0.889481
0.8874835
0.8904306
0.8244081
0.9170687
0.9113598
0.8895284
0.8947831
0.8828268
0.8855798
0.9095071
0.9151448
0.8631057
0.8903317
0.8947032
0.8984526
0.8871231
0.8812164
0.8796156
0.8777726
0.8798181
0.8891866
0.8931091
0.887102
0.8817027
0.9432391
0.9102149
0.9006115
0.890783
0.9011371
0.8931075
0.9180357
0.9217574
0.9142648
0.9096143
0.9209734
0.9201705
0.9233859
0.9217234
0.9224803
0.9199649
0.9211436
0.9168855
0.9215379
0.9197865
0.9227891
0.9130604
0.8781827
0.8781827
0.9139071
0.917308
0.9152716
0.913599
0.9102388
0.9132034
0.9151461
0.9156397
0.8777155
0.9076962
0.8776034
0.8657757
0.8771683
0.8778112
0.9123043
0.9239556
0.9283677
0.9249326
0.8759309
0.9220162
0.9249408
0.9076967
0.9259432
0.8801413
0.879437
0.8906575
0.8929264
0.885776
0.8833937
0.8817158
0.8826236
0.8826227
0.8837824
0.8857692
0.902271
0.9016134
0.9024645
0.8956177
0.8956825
0.9042365
0.9038488
0.9155211
0.9201024
0.8757237
0.8825146
0.896322
0.9120696
0.880098
0.9198443
0.9171587
0.9111279
0.9091534
0.9091532
0.9114499
0.9131586
0.9163601
0.9140816
0.8741611
0.9209711
0.908431
0.9108876
0.9229226
0.8748821
0.8628745
0.8881511
0.8974214
0.8987772
0.8856525
0.8841518
0.8818339
0.8826196
0.881792
0.8921396
0.8965872
0.8896741
0.887384
0.9469127
0.9090879
0.8992269
0.8901746
0.896512
0.8954999
0.9203389
0.9217837
0.9128995
0.9105009
0.9226975
0.9248128
0.923219
0.9247274
0.9231944
0.9204856
0.9220534
0.9208575
0.9212186
0.9216932
0.9241159
0.913863
0.8802434
0.8802434
0.9155123
0.9145582
0.9157657
0.9143622
0.9114294
0.9104689
0.9162739
0.9139546
0.8792948
0.9056543
0.8789409
0.8681443
0.8783443
0.881615
0.9133416
0.9287625
0.9288753
0.9288875
0.8785259
0.9254544
0.9275015
0.908551
0.9243863
0.878201
0.8790311
0.8902533
0.8962937
0.884268
0.8876946
0.882433
0.8807051
0.8822182
0.8867172
0.8871454
0.9097833
0.9087538
0.9103849
0.9010589
0.8963597
0.9061057
0.9046777
0.9134997
0.9226928
0.8775644
0.8826313
0.8960724
0.9140267
0.879088
0.9226028
0.918511
0.9161899
0.9154272
0.9135802
0.9143519
0.9142051
0.918805
0.9156476
0.8742897
0.9191176
0.9085111
0.9110792
0.9258877
0.871861
0.9103117
0.9190362
0.9199026
0.9147038
0.9187854
0.9182779
0.9187037
0.9159899
0.9149701
0.9169868
0.9117454
0.9091919
0.9112167
0.9423243
0.9186539
0.9224672
0.9135401
0.9230899
0.9207023
0.9207691
0.9214006
0.9175428
0.910119
0.9203941
0.9223682
0.9216473
0.9223908
0.9210536
0.9200083
0.9212121
0.9208641
0.9197359
0.9206678
0.9184965
0.9129555
0.9168362
0.9168362
0.9155357
0.9133801
0.9118669
0.9171536
0.9105076
0.909818
0.9143571
0.9151285
0.9122935
0.9173253
0.9129501
0.906052
0.9119867
0.9130887
0.9113307
0.920636
0.9216703
0.9198345
0.9082419
0.9225312
0.9235348
0.9101709
0.9247758
0.9101221
0.9175796
0.9189235
0.9192862
0.9226497
0.9152618
0.9122051
0.9115707
0.9111341
0.9089496
0.910917
0.9115909
0.9113443
0.9113455
0.9042655
0.9049078
0.9135271
0.9103453
0.9149003
0.9250918
0.9100586
0.9096207
0.9121935
0.9140652
0.9106314
0.9158646
0.9143461
0.9159381
0.9151433
0.9161263
0.9137081
0.9134357
0.8850607
0.8876166
0.9128739
0.9231906
0.9134034
0.9125035
0.8962443
0.9137483
0.9042231
0.913826
0.9213265
0.9101898
0.9103929
0.9127529
0.9121146
0.9075256
0.9082671
0.9110071
0.9153452
0.9092729
0.905575
0.9465162
0.9206707
0.9271505
0.9104494
0.9220378
0.9146684
0.8994819
0.8979092
0.8857486
0.8804019
0.8989417
0.8962801
0.8960036
0.9018552
0.9004327
0.8990183
0.8966644
0.8953656
0.8960387
0.8940238
0.8982289
0.8940669
0.8973757
0.8973757
0.8916725
0.9003563
0.8917943
0.895879
0.8828295
0.8966829
0.8388721
0.8968297
0.9091982
0.8270822
0.9077292
0.9080756
0.9054384
0.9090388
0.6523488
0.8974593
0.9058207
0.902065
0.8968569
0.8986278
0.891053
0.8828217
0.8963046
0.8997367
0.9056033
0.9145854
0.9211733
0.9179536
0.8958476
0.9054547
0.8994599
0.9011553
0.8984451
0.9075666
0.8995054
0.8994352
0.9008662
0.8919494
0.8920971
0.8987461
0.8966191
0.8882217
0.8944696
0.9056815
0.9062162
0.9105773
0.6487466
0.9079103
0.8973043
0.8971952
0.8940415
0.8915193
0.8909485
0.8845532
0.8343633
0.9155576
0.9113305
0.8944297
0.8954286
0.8818155
0.8831193
0.9115513
0.9146228
0.9160548
0.9249515
0.9303558
0.9217554
0.9233405
0.9227343
0.921385
0.9203005
0.9222553
0.9238056
0.9198752
0.9213641
0.9157398
0.9481509
0.9273541
0.9337141
0.9231954
0.9329542
0.9273053
0.9120417
0.9073277
0.9102903
0.909622
0.9110811
0.908225
0.9092759
0.9121233
0.9116645
0.9113779
0.9107149
0.9095005
0.9076598
0.9077677
0.9107364
0.8870662
0.9123111
0.9123111
0.8605834
0.8940985
0.8616065
0.8898509
0.9086213
0.8857759
0.9001586
0.8891516
0.9168983
0.8962593
0.9157331
0.9220593
0.9170797
0.9175211
0.9050993
0.9125156
0.923335
0.9177332
0.9133683
0.9152524
0.9118815
0.9108784
0.9154318
0.910207
0.9178502
0.9266793
0.9212716
0.929003
0.9136529
0.9165236
0.9124834
0.9171861
0.9121531
0.9187533
0.908417
0.9063481
0.9078007
0.9047139
0.9060158
0.9139328
0.9130287
0.913812
0.914089
0.9158551
0.9232256
0.9229745
0.9023442
0.9158224
0.8828136
0.8405026
0.9092495
0.907762
0.9079249
0.9103125
0.9003325
0.9209127
0.9197638
0.9036291
0.9179583
0.9090429
0.9091714
0.9185905
0.9184901
0.9172638
0.9253699
0.923783
0.911157
0.9230052
0.9226069
0.9239087
0.9209473
0.9216014
0.9231813
0.9052321
0.919028
0.9093826
0.9237203
0.9213995
0.9353875
0.915095
0.928055
0.9182014
0.91558
0.9159598
0.9233298
0.9081931
0.9148173
0.8989692
0.9147691
0.9183308
0.9188805
0.9135597
0.9147051
0.9102933
0.9157282
0.907145
0.9128929
0.9125665
0.9064674
0.9064674
0.8984589
0.9224803
0.896236
0.9202686
0.91804
0.9139614
0.9034314
0.9215047
0.9197861
0.8924817
0.9199229
0.9125947
0.9211472
0.9203556
0.897013
0.8934435
0.9252181
0.9011643
0.8956964
0.9175242
0.9124785
0.9214252
0.9284217
0.9087704
0.917343
0.9222465
0.9153632
0.9263935
0.9144566
0.9061904
0.9041822
0.904685
0.9071758
0.9067187
0.8762633
0.8763366
0.8770849
0.8855405
0.8894576
0.9072538
0.9009269
0.9292852
0.9102853
0.9145924
0.9208738
0.9101775
0.9003704
0.909311
0.9032841
0.9095659
0.8463901
0.8444685
0.8431404
0.9180574
0.8842648
0.9174292
0.9096173
0.8921506
0.9182459
0.9192879
0.9231271
0.8937726
0.9157922
0.9190045
0.9270804
0.9287866
0.9242056
0.9207942
0.9200523
0.9196746
0.9205123
0.9195994
0.9188977
0.9259873
0.9191864
0.9181841
0.960955
0.9242804
0.9323447
0.9172394
0.9263217
0.9263293
0.8960496
0.8929431
0.904336
0.8961005
0.8984229
0.9019401
0.8944882
0.8990419
0.8997043
0.8908003
0.8908138
0.8913307
0.8924094
0.8932172
0.896771
0.9053338
0.9078716
0.9078716
0.905563
0.9045342
0.9026995
0.9037876
0.8992795
0.9015098
0.8793982
0.9063241
0.9186481
0.8896528
0.9199608
0.9173962
0.9186768
0.9189396
0.8986125
0.8919932
0.8856586
0.8923372
0.909576
0.8639453
0.8746089
0.8979919
0.8662008
0.9097626
0.9162837
0.9273224
0.9327097
0.9315384
0.904554
0.9151166
0.9126709
0.9077704
0.9064974
0.9183673
0.9171342
0.9158004
0.918057
0.9038882
0.9041551
0.9166345
0.9128081
0.8997886
0.9016029
0.9165935
0.915935
0.922963
0.8968949
0.9205545
0.9069546
0.9029592
0.9117879
0.9084967
0.9082106
0.8986148
0.891859
0.9243237
0.9240909
0.903319
0.9046145
0.8946981
0.8907488
0.9207755
0.924934
0.9111756
0.9232129
0.9213683
0.9157397
0.9166203
0.9206733
0.9210646
0.9200575
0.9211797
0.9211125
0.9157621
0.9135637
0.9102933
0.9299357
0.9230488
0.9281742
0.9168189
0.9254278
0.9111925
0.9158441
0.9183174
0.9183295
0.9130281
0.918526
0.9133
0.9199339
0.919729
0.91925
0.9151711
0.9182829
0.9171399
0.9183291
0.9153987
0.9145191
0.912091
0.9162072
0.9162072
0.910071
0.9205403
0.9115218
0.9205789
0.9179005
0.9160956
0.9119971
0.9193685
0.915175
0.9070628
0.9144285
0.9074625
0.9160434
0.9162149
0.9060169
0.9067657
0.9266006
0.9111936
0.9054351
0.9203645
0.9179658
0.9186461
0.9259874
0.9098647
0.9173821
0.9181183
0.9167941
0.9246224
0.9128477
0.907459
0.9070992
0.910858
0.9087872
0.9081529
0.900369
0.9001014
0.9001996
0.8961403
0.8998369
0.9094847
0.9052884
0.9226076
0.915334
0.911462
0.9137144
0.9089748
0.9072729
0.9086894
0.9180684
0.9110168
0.8959213
0.8964221
0.8951183
0.9158549
0.9028374
0.8933291
0.8915141
0.9064227
0.9211329
0.9148015
0.9186889
0.8859072
0.9114841
0.9188796
0.9233162
0.9262988
0.9190576
0.9194062
0.9195414
0.9208999
0.9187842
0.9204545
0.9218299
0.9176182
0.918306
0.9104219
0.9404702
0.9212748
0.927461
0.9188834
0.9262984
0.9198184
0.9205788
0.9226633
0.9225115
0.9141839
0.9210461
0.9179975
0.9219186
0.9223986
0.9199858
0.9203824
0.9209474
0.9189674
0.9200766
0.9190651
0.9215131
0.9178154
0.9175693
0.9175693
0.9170312
0.9210572
0.9138956
0.9170248
0.9190175
0.916261
0.9181276
0.9198273
0.9241595
0.9142319
0.9236597
0.9183208
0.9225895
0.9246304
0.9096005
0.9172833
0.9253428
0.9243773
0.9132276
0.9234175
0.9202822
0.9163235
0.9234143
0.916531
0.9191044
0.9234659
0.926623
0.9293585
0.9193543
0.917718
0.9129566
0.9174739
0.9154454
0.921013
0.909432
0.9096061
0.9098361
0.9040883
0.9024726
0.9144073
0.9118388
0.9216386
0.9181191
0.9163559
0.9178406
0.9193521
0.912052
0.9169204
0.9151673
0.919356
0.909832
0.9084505
0.9107948
0.9203079
0.9129013
0.8989072
0.8963736
0.9167044
0.9220111
0.9175173
0.9194517
0.9007424
0.9192828
0.875078
0.8938458
0.8960788
0.8976596
0.8883123
0.887119
0.8860387
0.8889211
0.8887724
0.8871808
0.893959
0.887217
0.8864307
0.9443673
0.9111957
0.8980983
0.8900928
0.8915377
0.8953216
0.9258158
0.9194107
0.916125
0.9060453
0.9221254
0.9281797
0.9238557
0.9210536
0.9217019
0.9236811
0.9232981
0.921696
0.9200851
0.9231624
0.9206521
0.9070376
0.894699
0.894699
0.916061
0.9156357
0.9140301
0.9159404
0.909645
0.9129503
0.9134433
0.9134029
0.8706051
0.9083339
0.8679509
0.8678495
0.86922
0.871478
0.9097006
0.9255971
0.9250589
0.9263968
0.8936285
0.9209956
0.9212234
0.9079724
0.9266749
0.891088
0.875408
0.9055154
0.903022
0.8993393
0.8921456
0.8924087
0.8951099
0.8962325
0.8950697
0.9009571
0.9123878
0.9118631
0.9130403
0.9051991
0.9025983
0.907773
0.9056578
0.9075534
0.9208883
0.87407
0.8722855
0.884565
0.9123879
0.8795733
0.9189417
0.9184378
0.9169106
0.9144084
0.917887
0.9097061
0.917561
0.9184366
0.9186366
0.8916655
0.9165695
0.9089404
0.909223
0.9246663
0.8706545
0.9187465
0.9303964
0.9327565
0.9227865
0.9271189
0.9249098
0.9247304
0.9241787
0.9266436
0.9264215
0.9176545
0.9225572
0.9128252
0.9440661
0.9289454
0.9379271
0.92435
0.932005
0.924034
0.9130797
0.913561
0.9145561
0.9094768
0.9139099
0.9038224
0.9131601
0.9144169
0.9163565
0.9102986
0.9094581
0.9110823
0.9145188
0.9135401
0.915444
0.8906148
0.9142817
0.9142817
0.856386
0.8967712
0.8564593
0.8950707
0.913011
0.8903515
0.8988984
0.8940537
0.9209446
0.9014229
0.9190282
0.9212888
0.9197585
0.9198634
0.9060106
0.9068401
0.9222818
0.9141582
0.9103453
0.9168026
0.9145237
0.9157614
0.9185309
0.9161295
0.9251875
0.9213646
0.9184412
0.929695
0.9169888
0.9128415
0.9091325
0.9147314
0.9093281
0.9109902
0.8983057
0.8968696
0.8974453
0.8985321
0.9048948
0.9112022
0.9105166
0.9177414
0.9122985
0.9190145
0.9237047
0.9252387
0.9043215
0.9166022
0.8789292
0.8411356
0.8997725
0.8971186
0.8984915
0.9109823
0.8958502
0.918168
0.9188054
0.9034757
0.9193872
0.9107783
0.9135698
0.9159647
0.9228341
0.8663063
0.8831599
0.8928356
0.8925655
0.886918
0.8794846
0.8773977
0.8819022
0.8821606
0.8803107
0.8925764
0.8864969
0.8825837
0.9433665
0.908195
0.8960342
0.8852012
0.8926074
0.8942915
0.9324567
0.9291823
0.9161604
0.9128922
0.9297343
0.9309268
0.9299062
0.9293136
0.9310867
0.9290161
0.9279276
0.9291016
0.9284729
0.9284985
0.9297446
0.9158997
0.8912594
0.8912594
0.917279
0.9171606
0.9175741
0.9181075
0.9129366
0.919395
0.9184632
0.9187627
0.8633375
0.9156321
0.8654169
0.8621244
0.8651092
0.8654001
0.9150421
0.9323558
0.9307153
0.9316391
0.8891701
0.9272869
0.9276913
0.9135204
0.9314294
0.8902869
0.8728937
0.9031686
0.9045529
0.8969981
0.9010644
0.8939898
0.8904047
0.8923268
0.8921177
0.8999439
0.9111569
0.9099384
0.9102477
0.9014879
0.9032194
0.9061641
0.904626
0.9122942
0.9298165
0.8667228
0.860555
0.8827942
0.9156461
0.8759021
0.9245061
0.9217497
0.9229732
0.9222868
0.9195607
0.9122696
0.9209192
0.9127113
0.9169096
0.8890605
0.9216796
0.9123556
0.9110583
0.9291331
0.8673544
0.9095802
0.9185104
0.9200127
0.9122039
0.9122541
0.9123792
0.9128291
0.9107047
0.9112454
0.9105608
0.9170574
0.9130574
0.9061319
0.9493111
0.9202171
0.9287833
0.9119811
0.9196183
0.913117
0.897079
0.8984474
0.8913225
0.8867737
0.8993589
0.8979162
0.9000555
0.9019854
0.9027147
0.9012719
0.8955202
0.8947582
0.8971108
0.8978345
0.8982761
0.896937
0.9015531
0.9015531
0.8963397
0.9055791
0.8954599
0.9001056
0.8864772
0.9010717
0.8423902
0.9025639
0.91081
0.8330195
0.9102812
0.9114023
0.909637
0.9115899
0.5625894
0.8995522
0.9080733
0.901353
0.9025355
0.8967047
0.8935649
0.8894598
0.8996557
0.901409
0.9080129
0.9142967
0.9196801
0.9229911
0.9022829
0.9051912
0.9000966
0.9034858
0.9020022
0.9102514
0.8991088
0.8980267
0.8977976
0.8923695
0.8950964
0.9010121
0.9003479
0.8965091
0.8966832
0.9080982
0.9092185
0.9136228
0.1207874
0.9101075
0.8971902
0.8993957
0.8960595
0.8972667
0.8944641
0.8885551
0.8316268
0.9147377
0.9134124
0.8957635
0.8993918
0.8870804
0.8872715
0.9114155
0.9182665
0.909628
0.9188429
0.9259103
0.9164824
0.9166111
0.9137783
0.9130636
0.9127304
0.9138465
0.9144979
0.9190815
0.9166814
0.9105276
0.9530092
0.9240774
0.9289723
0.9146931
0.9239823
0.9245756
0.9030868
0.9014527
0.8986627
0.8941712
0.9007801
0.9022402
0.9002069
0.9032222
0.9024147
0.8996977
0.8982185
0.8948396
0.9002072
0.8966869
0.9002258
0.8675569
0.8992432
0.8992432
0.7620862
0.8763261
0.7612842
0.8688096
0.8954008
0.8690949
0.8802075
0.8681319
0.9081676
0.8790465
0.907363
0.9090357
0.9077748
0.9092959
0.8851721
0.8993023
0.9041251
0.9015791
0.8997949
0.895838
0.8987062
0.895699
0.9017371
0.9044682
0.9088466
0.9178221
0.9224592
0.9190218
0.8979577
0.9063024
0.8989459
0.9012682
0.8967028
0.9101815
0.904592
0.9049667
0.9085814
0.8905125
0.8946853
0.9048772
0.9048624
0.9008928
0.9011442
0.9076386
0.9081303
0.9158063
0.8878261
0.9059805
0.8681852
0.8440736
0.8979373
0.8972203
0.8962713
0.8949109
0.8871738
0.9138994
0.9140523
0.8969252
0.9077089
0.8935007
0.8931701
0.9158885
0.9160653
0.839516
0.8715185
0.8795846
0.8885039
0.8702445
0.8599124
0.8584271
0.8622566
0.8645157
0.8590324
0.8825814
0.8716286
0.8655438
0.9462729
0.9050457
0.8860444
0.8655577
0.8784645
0.885382
0.9223782
0.9212014
0.9079236
0.9057056
0.9233685
0.9228074
0.9225769
0.9208589
0.9229002
0.9215429
0.920776
0.9243028
0.9233064
0.9204925
0.9230963
0.909549
0.8809801
0.8809801
0.9147124
0.9109589
0.9147727
0.9084956
0.9060702
0.910155
0.9045834
0.9118979
0.8337503
0.9046039
0.8321121
0.8407833
0.8322588
0.8331433
0.9132143
0.9269519
0.9253992
0.9252914
0.8806713
0.9201373
0.9233437
0.9037523
0.921837
0.877734
0.8502978
0.8973336
0.902495
0.8820323
0.8776119
0.8849193
0.8842533
0.8848638
0.877665
0.8884551
0.909735
0.910226
0.9111671
0.8988103
0.8988378
0.9072221
0.9054448
0.9063559
0.922664
0.8414994
0.8378696
0.8758468
0.9100991
0.8506399
0.9139099
0.91431
0.9201886
0.9204554
0.9181234
0.908861
0.9162373
0.9185129
0.9169579
0.878689
0.918519
0.9031596
0.9016475
0.9292421
0.8363127
0.9172543
0.9263872
0.9319588
0.9214915
0.9251415
0.923838
0.9226354
0.9220418
0.9238852
0.9228824
0.9203213
0.9254819
0.9172692
0.9445219
0.9270219
0.9328694
0.9233149
0.9308122
0.927665
0.9074555
0.904482
0.9111198
0.9039084
0.9027347
0.9019184
0.9060142
0.9053456
0.9078312
0.9074788
0.9065064
0.9017984
0.9034891
0.9062979
0.9037903
0.8930511
0.912224
0.912224
0.8789705
0.8957236
0.8791429
0.8941733
0.9068316
0.889833
0.8936868
0.8952038
0.920499
0.8946979
0.9209358
0.9172996
0.9199169
0.9200989
0.901081
0.9054565
0.9200878
0.9147648
0.9148628
0.91109
0.9111579
0.9127296
0.9175424
0.9109224
0.9222575
0.9246601
0.9264293
0.9267416
0.9136882
0.9145468
0.9120918
0.912916
0.9073989
0.9185102
0.9045441
0.9036035
0.9042278
0.8971483
0.9014019
0.9160438
0.9086162
0.9141576
0.906201
0.918634
0.9214028
0.9201266
0.9045435
0.9182392
0.8854962
0.8818883
0.9073478
0.9066441
0.9056479
0.9093575
0.9002607
0.9245635
0.9212221
0.905939
0.9127806
0.9054576
0.9107733
0.9134744
0.9235344
0.8725686
0.8985298
0.9042564
0.9028655
0.8932849
0.8899982
0.8888929
0.8938201
0.8957149
0.8937476
0.9035635
0.8991189
0.898286
0.951476
0.911246
0.9019568
0.8975132
0.9006289
0.9048928
0.9237592
0.9241703
0.9147648
0.9115876
0.9236317
0.9295859
0.9249858
0.9277368
0.9258748
0.9276453
0.9278613
0.9217824
0.9243339
0.9230415
0.9264158
0.9164324
0.8780391
0.8780391
0.9152949
0.9163622
0.9168872
0.9160923
0.9084077
0.9142877
0.9128834
0.9170939
0.8832172
0.9127586
0.8827864
0.8811913
0.8839545
0.8849278
0.9158058
0.9287724
0.9265079
0.9287481
0.8778967
0.9230906
0.9234524
0.9106815
0.9223507
0.8887976
0.8905585
0.8707218
0.8808591
0.6953821
0.8555947
0.8665868
0.8605986
0.8655865
0.863182
0.8757889
0.9196756
0.9195524
0.9197227
0.9081829
0.9022685
0.9068237
0.9055463
0.911258
0.925633
0.8844669
0.8867497
0.9007731
0.9153778
0.8929397
0.9206327
0.9170127
0.9240106
0.9219838
0.9226773
0.9160364
0.9178887
0.9247828
0.9218521
0.8890367
0.9200696
0.9076102
0.9081117
0.9287162
0.884766
0.8708644
0.8984213
0.9035297
0.9008004
0.8944239
0.891041
0.8895403
0.8917781
0.8930504
0.8928647
0.898095
0.8963549
0.8951064
0.9506941
0.9090666
0.9033902
0.8969346
0.9019322
0.9034483
0.9179621
0.9197932
0.9101418
0.9116664
0.9198123
0.9256163
0.9223091
0.9225614
0.92125
0.9232142
0.9241661
0.920219
0.9206898
0.9188651
0.9227842
0.9115769
0.8759483
0.8759483
0.9086042
0.9164004
0.9098882
0.9121538
0.9086037
0.9119092
0.9117467
0.9159903
0.880337
0.9097955
0.8787726
0.8761557
0.8798316
0.8815666
0.9123179
0.9273524
0.927146
0.9274731
0.8734493
0.9209352
0.9218103
0.9087216
0.9194013
0.8834673
0.8906887
0.8719525
0.8752684
0.6636275
0.8474539
0.8601562
0.8576369
0.8617649
0.8586853
0.8660931
0.9132778
0.9129925
0.9128424
0.9031656
0.903936
0.9070871
0.9045839
0.9122542
0.9216707
0.8851644
0.8852388
0.8995268
0.9148434
0.8886033
0.9154036
0.9146653
0.9193686
0.9188947
0.9205246
0.9126115
0.9132485
0.9221369
0.9211963
0.8841976
0.918676
0.9057447
0.9076939
0.9256793
0.8802365
0.8859655
0.9064976
0.9094612
0.9105708
0.9028951
0.8981691
0.8980118
0.9003594
0.9016774
0.8985824
0.9068816
0.9052904
0.9032112
0.945122
0.9163364
0.9097928
0.9054078
0.9070127
0.9089498
0.933767
0.9304794
0.9167559
0.9212445
0.9350905
0.9327637
0.9324694
0.9330724
0.9319575
0.931218
0.9343643
0.9323949
0.9321029
0.9325996
0.9344819
0.9207676
0.8908878
0.8908878
0.9179146
0.9232078
0.9225556
0.9207721
0.9185043
0.9203589
0.9253975
0.9228443
0.8924064
0.9220256
0.8902547
0.8977361
0.8916696
0.8927633
0.9206133
0.9348543
0.936482
0.933011
0.8920326
0.9281454
0.9316475
0.9199179
0.9342682
0.8943161
0.8994208
0.8798063
0.8851423
0.8430133
0.8723887
0.8786633
0.8722095
0.8733755
0.8729874
0.8771117
0.9192377
0.9199494
0.9208787
0.911632
0.9140909
0.9147809
0.914619
0.9202318
0.9323348
0.9002584
0.8979049
0.9077474
0.9228922
0.893836
0.9283021
0.9249569
0.9234357
0.923328
0.9239745
0.923423
0.9245037
0.9268482
0.9277162
0.8967465
0.9309718
0.9162248
0.9193532
0.9279807
0.8938169
0.8862954
0.9062087
0.9090972
0.9109624
0.9046611
0.8973252
0.8972855
0.8994427
0.9009573
0.8998577
0.9058255
0.9036546
0.9028815
0.9455309
0.9153136
0.9111359
0.9060365
0.9067272
0.9119692
0.9338253
0.9313264
0.9178952
0.9215625
0.935112
0.9333426
0.932378
0.9333543
0.9331746
0.9324562
0.9335645
0.9314868
0.9329101
0.9330306
0.9346897
0.9217249
0.8913329
0.8913329
0.9182731
0.9235631
0.9221601
0.9216922
0.91995
0.9213189
0.927245
0.9252168
0.890373
0.9213586
0.8889245
0.8960755
0.8913282
0.891595
0.9219497
0.9344358
0.9355422
0.9352015
0.8918096
0.9299408
0.9336425
0.9209126
0.933536
0.8950327
0.899396
0.8812004
0.8822717
0.8432691
0.872519
0.8781918
0.8721371
0.8739098
0.8737634
0.8779211
0.9196729
0.9198918
0.9209351
0.912507
0.9154098
0.9155609
0.9139799
0.9212981
0.9341793
0.9010118
0.8964317
0.9077254
0.9238851
0.8936923
0.9293493
0.9249759
0.9267167
0.9256728
0.9261586
0.9238141
0.9264127
0.9284266
0.9260033
0.8982083
0.9319443
0.917286
0.9202293
0.9303354
0.8940259
0.8746274
0.8985415
0.9030803
0.8950037
0.8967143
0.8947105
0.8927781
0.8957154
0.8944237
0.8951486
0.8997378
0.8950196
0.8867992
0.9461587
0.9103305
0.9121298
0.8946168
0.9067691
0.904571
0.9112773
0.9117912
0.9072248
0.9022907
0.9110283
0.9120258
0.9120607
0.9120232
0.9114115
0.9119793
0.9101945
0.9064908
0.9104311
0.9074281
0.9122157
0.9015095
0.8739075
0.8739075
0.8978223
0.9053103
0.901119
0.9039325
0.9065033
0.9013556
0.9003986
0.9045366
0.8826007
0.8929054
0.8820075
0.8816984
0.8824164
0.8834301
0.8996021
0.9059225
0.9235261
0.9098238
0.8672012
0.9092421
0.9144664
0.9074704
0.9134155
0.8753938
0.8889647
0.8065787
0.8354741
0.8708125
0.8605239
0.8106231
0.4412204
0.7746728
0.7866164
0.8195429
0.8984803
0.898569
0.8993792
0.8915955
0.8882609
0.9010591
0.900294
0.9071338
0.9124176
0.8862669
0.8877845
0.8936748
0.90044
0.8847576
0.9106116
0.9067749
0.903442
0.8996422
0.8980239
0.9055207
0.8947234
0.9145396
0.9133194
0.8700333
0.9120736
0.8989437
0.9035923
0.9167368
0.8847953
0.8700248
0.8912066
0.9000918
0.8972559
0.8951238
0.8915934
0.8916777
0.8888412
0.8900836
0.8930188
0.8953575
0.8968257
0.8895394
0.9442228
0.9102774
0.9037336
0.8939912
0.9022799
0.8973433
0.9160829
0.9195788
0.9102663
0.9100272
0.9157883
0.9194207
0.9199857
0.9205503
0.9188833
0.9181585
0.919505
0.9147901
0.9206304
0.9129642
0.9178734
0.9095861
0.8731246
0.8731246
0.9122795
0.9142787
0.9121787
0.9146561
0.9052136
0.9133046
0.9109319
0.908328
0.8760351
0.9048117
0.8765321
0.8769953
0.8767064
0.8769415
0.9088166
0.9208804
0.9226144
0.9193123
0.8752665
0.9169684
0.9182251
0.9050929
0.9197293
0.8818136
0.8850608
0.8735086
0.8769038
0.8139947
0.8491668
0.8608394
0.856695
0.8572422
0.8546047
0.8629059
0.9087994
0.9083125
0.9081126
0.9015227
0.8958333
0.9024773
0.9013777
0.9112713
0.9172362
0.8834261
0.8797406
0.8956751
0.9099763
0.8836951
0.9183964
0.9197423
0.9134191
0.9136193
0.9130216
0.9098658
0.9154326
0.9180525
0.9161239
0.8796998
0.918918
0.9014139
0.9045104
0.921278
0.8823635
0.8919486
0.9079893
0.9106503
0.9138079
0.9050363
0.9034881
0.9032882
0.9026493
0.9021877
0.904757
0.9104004
0.9117821
0.908627
0.9457884
0.9215564
0.9126791
0.905917
0.9100981
0.916258
0.9324504
0.9320081
0.9202826
0.914817
0.9324167
0.9324933
0.934327
0.9332121
0.9328078
0.9318724
0.9320375
0.9327191
0.9325799
0.9300084
0.9338382
0.9196958
0.8946959
0.8946959
0.9233235
0.9258425
0.9250192
0.9231947
0.9213011
0.9204164
0.9222056
0.9264497
0.8945654
0.920177
0.8926177
0.8961057
0.8931241
0.8958651
0.9210103
0.9309131
0.9359942
0.9341065
0.8946196
0.9323179
0.9338728
0.9147596
0.932826
0.9011642
0.9023754
0.8550206
0.8072649
0.8733127
0.8869797
0.7811941
0.846641
0.8490954
0.8499506
0.7783339
0.9154096
0.9161231
0.91644
0.9098139
0.9082892
0.9182438
0.9125555
0.9219357
0.9323621
0.8999929
0.901845
0.9080201
0.9212225
0.8995247
0.9263751
0.9226382
0.9242183
0.9227381
0.9239207
0.918652
0.9220206
0.9234453
0.9207102
0.9029511
0.9263561
0.9198887
0.9219812
0.925443
0.8979642
0.874732
0.8996446
0.9039856
0.9056933
0.8949056
0.891565
0.8891476
0.8917876
0.8911241
0.8940809
0.9024382
0.8986812
0.890179
0.9486682
0.9148058
0.9045092
0.8980896
0.9026085
0.9042438
0.9206428
0.9199714
0.9078924
0.9113674
0.9199914
0.9247011
0.9200699
0.9223608
0.9209307
0.9204821
0.9228579
0.9162168
0.9197513
0.9192336
0.92039
0.9125075
0.8752354
0.8752354
0.9099617
0.9142404
0.9132177
0.910931
0.9058228
0.9087874
0.9094271
0.910869
0.8768407
0.9083873
0.8764029
0.881196
0.8738491
0.8767312
0.9143655
0.9251064
0.9229299
0.9243921
0.8762741
0.9187184
0.9226788
0.9075642
0.9133524
0.88137
0.8897415
0.8734576
0.8830147
0.8001068
0.8517589
0.8652082
0.8564127
0.8590926
0.8578795
0.8716119
0.9097648
0.9107951
0.910484
0.9037069
0.8989568
0.9039588
0.9053985
0.904129
0.9206637
0.8889329
0.8831399
0.8987118
0.912285
0.8871742
0.917233
0.9158182
0.91889
0.9170917
0.9155546
0.9082433
0.9116624
0.9217585
0.9223915
0.8775777
0.9210325
0.9013595
0.9037641
0.9288565
0.8866983
0.8895508
0.900153
0.9047868
0.9061649
0.9001803
0.8973249
0.8966257
0.8982717
0.8972701
0.9027625
0.8972163
0.903469
0.8967647
0.939496
0.9152983
0.9102974
0.9045026
0.9098509
0.9019316
0.926166
0.9247266
0.9178661
0.9150681
0.9266986
0.9218284
0.9265489
0.9277652
0.927839
0.9255981
0.9259701
0.9252489
0.9244726
0.9248144
0.9266461
0.9175906
0.8920282
0.8920282
0.9198582
0.9183851
0.9185361
0.9181957
0.9145071
0.9142618
0.9215394
0.9160983
0.8880901
0.9150546
0.8858522
0.890545
0.886763
0.8878083
0.9142488
0.9232364
0.9322834
0.9248719
0.8827417
0.9281576
0.9251049
0.9148981
0.9271615
0.8920825
0.8940994
0.8843392
0.8850979
0.8581685
0.8743828
0.8752497
0.8742715
0.8744334
0.8754095
0.874111
0.9045276
0.9052796
0.9028943
0.9007348
0.9016377
0.9120618
0.9110628
0.9197983
0.9245923
0.8908426
0.8929559
0.8968439
0.9156437
0.8892933
0.9202117
0.9218411
0.9136573
0.9122294
0.9132258
0.9163692
0.9183602
0.9209074
0.9184431
0.8865306
0.9271258
0.9129807
0.9129427
0.9214231
0.8896955
0.8759515
0.8953859
0.9056151
0.9039027
0.8904503
0.8876158
0.8865831
0.8872048
0.8877382
0.8904202
0.9025946
0.8969829
0.8891107
0.9500787
0.9134664
0.9098335
0.8891722
0.8991961
0.8978888
0.9125783
0.9135656
0.8994718
0.8975094
0.9120218
0.9121522
0.9120701
0.9131279
0.912713
0.9086535
0.9127519
0.9039605
0.9122446
0.9035018
0.9106129
0.9016429
0.8777959
0.8777959
0.9029196
0.9040089
0.8993117
0.8986033
0.8992636
0.8957049
0.897134
0.9037397
0.886618
0.8924475
0.8846625
0.877963
0.8849478
0.8883329
0.8971929
0.9097205
0.9159904
0.9105636
0.8754128
0.9091635
0.9093233
0.8965208
0.9069087
0.8797626
0.8831108
0.8828239
0.8891415
0.8658709
0.7972381
0.8680194
0.8592671
0.859324
0.8571848
0.8750901
0.9005517
0.901039
0.9023289
0.8973271
0.8971151
0.9020883
0.8992107
0.9005387
0.9091761
0.8808874
0.8816564
0.9006103
0.8980399
0.8862043
0.9073493
0.903235
0.9069599
0.9068981
0.9049973
0.8986631
0.8982594
0.916129
0.912207
0.8686185
0.9114692
0.8970422
0.8997194
0.9172709
0.8844765
0.8723334
0.8972542
0.9017794
0.9007424
0.8896042
0.8861066
0.8839421
0.8872224
0.8857102
0.8894595
0.900409
0.8944113
0.8855096
0.9496864
0.9094299
0.9028213
0.8877525
0.9019204
0.9016365
0.906479
0.9094864
0.8986074
0.8928932
0.9067552
0.9135337
0.9090909
0.9069245
0.9072879
0.9051848
0.9086692
0.9039232
0.9072816
0.9037024
0.908649
0.8972541
0.8765356
0.8765356
0.89774
0.9020879
0.8968785
0.8987164
0.8958595
0.8970891
0.8886909
0.8992529
0.8818399
0.8879841
0.881486
0.8764584
0.8816146
0.8834818
0.8946721
0.9155936
0.9146114
0.9145618
0.8732841
0.9062329
0.9076395
0.8934482
0.9056721
0.8783877
0.8779173
0.8787597
0.8897145
0.8551996
0.7618076
0.8677614
0.8581997
0.8574952
0.8526448
0.8731376
0.9071395
0.905151
0.9054556
0.8934781
0.8948985
0.8966788
0.8969317
0.8962772
0.9102083
0.8765996
0.8716509
0.9015233
0.8981128
0.8827205
0.9077423
0.902182
0.9098936
0.9084955
0.9102764
0.8958513
0.8944634
0.9165228
0.9143642
0.8724716
0.9094029
0.8876938
0.8949193
0.9189344
0.8809705
0.8895928
0.9030674
0.9051143
0.9101499
0.9039609
0.8966163
0.8957192
0.9002464
0.8984675
0.8994659
0.9066485
0.9079618
0.9033258
0.9464464
0.9193893
0.9086045
0.9032168
0.9058439
0.9116444
0.9329138
0.9352719
0.9244268
0.9203638
0.9346818
0.9393457
0.935863
0.9357153
0.9349829
0.9353419
0.9369313
0.9336593
0.9346853
0.9368352
0.9332166
0.9251984
0.8931768
0.8931768
0.9260069
0.9256092
0.926468
0.9236003
0.921411
0.9240929
0.9249158
0.9216627
0.8883242
0.924509
0.888652
0.8904726
0.8887311
0.889466
0.9247211
0.9369734
0.9348204
0.937049
0.8911035
0.9342423
0.9326967
0.9184334
0.9320488
0.8962757
0.8941977
0.8851059
0.8900165
0.8278031
0.8703096
0.8816848
0.879412
0.8801953
0.8758798
0.8852366
0.9244618
0.9252835
0.9259505
0.917073
0.91408
0.9136775
0.9173264
0.9224916
0.9330847
0.8974159
0.8954466
0.9074447
0.9227586
0.9016451
0.929668
0.9276293
0.929534
0.9300933
0.9289456
0.9221719
0.9307585
0.9294288
0.9276922
0.896362
0.9298793
0.9217739
0.9187388
0.9360425
0.8913931
0.8764846
0.9022946
0.9019994
0.9079893
0.8972317
0.8929947
0.8906663
0.8963986
0.8927503
0.8965565
0.9073931
0.9045256
0.898618
0.9511895
0.9155603
0.9017505
0.9021678
0.9023265
0.9113854
0.9284403
0.9293111
0.9167737
0.915609
0.9270089
0.9329644
0.9289396
0.9287628
0.9278926
0.9279869
0.92991
0.9251643
0.9308325
0.924573
0.9260415
0.9181161
0.886623
0.886623
0.9166051
0.9199006
0.9172808
0.9180058
0.9143579
0.9172792
0.9177379
0.9194187
0.8825664
0.9206507
0.8810089
0.8864279
0.8810166
0.8830323
0.9211781
0.9348771
0.9351008
0.9320257
0.8855579
0.9293909
0.9289885
0.9106198
0.9280514
0.8842845
0.8913781
0.877747
0.8803732
0.8026821
0.864729
0.8764926
0.87089
0.8700181
0.8680774
0.8771924
0.9199901
0.920971
0.9207627
0.9154285
0.9092249
0.9111607
0.9093031
0.9139061
0.9296062
0.891016
0.8836874
0.8999206
0.9204079
0.8885399
0.9255591
0.9214256
0.9284276
0.9274277
0.9275675
0.9174879
0.9259233
0.9252289
0.9265845
0.8896628
0.9278386
0.9108918
0.9124376
0.9330071
0.8908487
0.8896885
0.9014312
0.9055292
0.9143873
0.9097661
0.9007796
0.9015529
0.9080969
0.9087462
0.9071636
0.9134474
0.9119426
0.9065251
0.9493097
0.9194269
0.9073891
0.9114567
0.9015864
0.9121267
0.9426669
0.9420665
0.9262727
0.9256994
0.9408768
0.9491666
0.9410553
0.940678
0.9400664
0.9408626
0.9401623
0.9425645
0.9427763
0.9441067
0.9395797
0.9227571
0.907328
0.907328
0.9338623
0.92445
0.9361134
0.9235524
0.9263655
0.9264131
0.9332885
0.9247987
0.8999363
0.9306763
0.8983129
0.8920748
0.8987328
0.8996418
0.9351801
0.9489949
0.936848
0.9424208
0.9078154
0.9378186
0.9405806
0.9206976
0.9409814
0.9005443
0.8988744
0.8933871
0.9003675
0.8720235
0.8959921
0.8910279
0.8910923
0.8905784
0.8944503
0.8946589
0.9311355
0.9305779
0.9318508
0.9211096
0.9189882
0.9144147
0.9166975
0.9225497
0.9428442
0.8989316
0.8967977
0.9104033
0.932566
0.904901
0.9356251
0.9332463
0.9390747
0.9397408
0.9388034
0.9252213
0.9395926
0.9285084
0.9261719
0.9033494
0.9352691
0.9228283
0.9234122
0.9403338
0.8970123
0.8977554
0.9113227
0.9115284
0.9148241
0.9076204
0.9031451
0.9045645
0.909714
0.9080315
0.9078212
0.9129481
0.9135304
0.9079126
0.940402
0.9202161
0.9121715
0.9101261
0.9112254
0.9103232
0.9393412
0.9406189
0.9287498
0.9284999
0.9400931
0.9392846
0.9416018
0.9409681
0.9396588
0.9393305
0.942738
0.937831
0.9422488
0.9375827
0.939617
0.9265231
0.9064645
0.9064645
0.9281155
0.9295663
0.9292143
0.9300927
0.9274567
0.9262053
0.937175
0.9298749
0.9016082
0.9342257
0.899725
0.899221
0.9003344
0.9005435
0.930069
0.9394925
0.9399168
0.940486
0.90169
0.9380491
0.9407238
0.9262684
0.941571
0.9033289
0.9055821
0.8894617
0.8975291
0.8736688
0.8914762
0.8931069
0.8901966
0.8935202
0.892803
0.8927818
0.9214641
0.9223648
0.9225013
0.9141927
0.9147831
0.9143672
0.9175841
0.9252256
0.9400437
0.9025244
0.9035936
0.912187
0.9301191
0.9070719
0.933133
0.9297908
0.9289987
0.9265253
0.9276896
0.9284286
0.9323611
0.9299993
0.9284947
0.9041952
0.9343757
0.9237799
0.9286816
0.9352781
0.9036263
0.8695382
0.8966344
0.8974822
0.9008823
0.8901546
0.884118
0.8828848
0.8881919
0.8870881
0.8929337
0.8949203
0.8907176
0.8862446
0.9460709
0.9099963
0.903775
0.888877
0.9030444
0.9020786
0.9142745
0.9165024
0.9085973
0.9081102
0.9155711
0.916824
0.9186574
0.9175291
0.9180925
0.9180253
0.9187924
0.913879
0.916126
0.9133672
0.9182023
0.9082045
0.8757465
0.8757465
0.9068758
0.9111857
0.9090165
0.909442
0.9024581
0.9064735
0.9073839
0.9077174
0.8768223
0.9076175
0.8756113
0.872691
0.877736
0.8781768
0.9064559
0.920108
0.9236674
0.9173131
0.8748734
0.9153127
0.9134103
0.9031122
0.916275
0.8689289
0.8795586
0.8697618
0.8765976
0.8145678
0.8447943
0.8607132
0.8515341
0.8568182
0.8517756
0.8655435
0.907211
0.906525
0.9081994
0.8970262
0.8929249
0.9038632
0.9037368
0.9101706
0.9167528
0.8776445
0.8762958
0.8968196
0.9101028
0.8810655
0.9165679
0.9141996
0.9126921
0.9153926
0.9135434
0.9076037
0.9064256
0.9214767
0.9166613
0.8689215
0.917351
0.8997538
0.9069039
0.9231386
0.8788284
0.8652441
0.8910332
0.8972165
0.8997787
0.8862755
0.8794823
0.8804328
0.8854549
0.8830171
0.890352
0.8919199
0.8895974
0.8877358
0.9473525
0.9074335
0.9006267
0.8886656
0.8992354
0.8982783
0.9161526
0.915738
0.9072883
0.9006211
0.9147214
0.9170326
0.9169714
0.9179331
0.9166756
0.9182341
0.9168341
0.9169394
0.9173456
0.9140367
0.915615
0.9081216
0.8695922
0.8695922
0.902995
0.9082481
0.9032605
0.9035207
0.8998144
0.9040792
0.9053438
0.9060775
0.8760478
0.9019017
0.8742593
0.8720655
0.8747232
0.8776911
0.9018209
0.9161318
0.921749
0.9204201
0.8658184
0.9135237
0.9131837
0.9020769
0.9125059
0.8682904
0.8794836
0.8679538
0.8742943
0.809513
0.8413528
0.853663
0.8493171
0.8547081
0.8485755
0.863246
0.9061067
0.9043547
0.9074101
0.8980339
0.8971913
0.899376
0.8993247
0.900734
0.9180439
0.873583
0.8722649
0.8900741
0.9064884
0.875639
0.9104137
0.9097288
0.9117573
0.9128958
0.9107652
0.9015278
0.9067316
0.9206137
0.916605
0.8675713
0.9166842
0.8940355
0.9060857
0.9220836
0.8783857
0.9031208
0.9142602
0.9132039
0.922443
0.9170589
0.9113379
0.9087496
0.9120175
0.9110318
0.9108546
0.9167442
0.9217347
0.9174877
0.9432222
0.9257366
0.9132857
0.9171836
0.9159012
0.9142233
0.9455902
0.9434399
0.9318497
0.9295451
0.9442867
0.9448252
0.9432421
0.9451904
0.9433611
0.9438465
0.9437129
0.943738
0.944067
0.9432353
0.9432536
0.9320704
0.9095197
0.9095197
0.9374701
0.9320688
0.936639
0.93087
0.9299764
0.9347327
0.9408636
0.9352911
0.9076185
0.9390631
0.907672
0.9066412
0.9077682
0.9084867
0.9360799
0.9464207
0.9470285
0.9447368
0.9111665
0.944456
0.9430936
0.9275556
0.9456137
0.9098724
0.905151
0.8985387
0.8996362
0.8501733
0.8962254
0.8988976
0.8994968
0.8983039
0.8980132
0.8978265
0.9311689
0.9307652
0.9311001
0.9275091
0.9262866
0.9232397
0.9230795
0.932631
0.9451416
0.9064129
0.9066629
0.9151389
0.9359768
0.9107211
0.9388409
0.935139
0.9433357
0.9421405
0.9431116
0.9303875
0.9394598
0.9314041
0.927231
0.9123564
0.9383928
0.9312405
0.9280409
0.9375754
0.9030161
0.8860841
0.9054759
0.9062304
0.9102015
0.9024797
0.89825
0.8971966
0.8999753
0.9017973
0.898011
0.9032428
0.9027593
0.8989146
0.9454903
0.9183815
0.908283
0.9052211
0.9104278
0.9079761
0.9314636
0.9310563
0.9183723
0.922041
0.9323276
0.9351178
0.9321089
0.9317044
0.9307344
0.9327072
0.931799
0.9323713
0.9323788
0.9316051
0.9297351
0.9200251
0.8942246
0.8942246
0.9200782
0.9249367
0.9213224
0.9245676
0.9177982
0.9201802
0.9295137
0.9244628
0.8938589
0.9227592
0.8906888
0.8936803
0.8910807
0.8923711
0.9224303
0.9360387
0.9382305
0.9339821
0.8953205
0.9306871
0.9330402
0.9196643
0.9330763
0.8932606
0.8994242
0.8834743
0.8849048
0.8403694
0.878967
0.8795013
0.8802189
0.877161
0.8780531
0.8806596
0.9208008
0.9234001
0.923425
0.9155318
0.9151553
0.9169316
0.9157902
0.9209531
0.9331681
0.9000673
0.8970082
0.905661
0.9235401
0.8961025
0.9265847
0.9243376
0.9255353
0.9271846
0.9257716
0.9219037
0.9279121
0.9269324
0.9286075
0.9007717
0.9301775
0.9173892
0.9180912
0.9296217
0.891499
0.9160901
0.9253214
0.929426
0.9220887
0.9240082
0.9239393
0.9230446
0.920184
0.9204378
0.9237288
0.9211964
0.9235097
0.9183851
0.9492119
0.9310026
0.9311262
0.9203214
0.9290499
0.9246748
0.9185812
0.915548
0.913201
0.9102012
0.915155
0.914473
0.9157727
0.9152597
0.9166486
0.9146328
0.916456
0.9185789
0.9146571
0.9131691
0.9169528
0.88625
0.9148374
0.9148374
0.8613872
0.8897935
0.86126
0.8875401
0.9122608
0.8891847
0.9044785
0.8881363
0.9201249
0.9047793
0.9191572
0.9147257
0.9190526
0.9196498
0.9087064
0.9166785
0.9256713
0.918653
0.9086339
0.9178786
0.9167685
0.9114181
0.9213344
0.9134714
0.9181524
0.9267505
0.9248471
0.9273065
0.9163212
0.9168623
0.9176712
0.9165762
0.9159958
0.9208926
0.9122499
0.9119601
0.9111399
0.9031629
0.9038315
0.9139668
0.9113574
0.9180634
0.9163129
0.9166195
0.9190429
0.9223832
0.9103064
0.9218499
0.8780088
0.8618838
0.9108296
0.910903
0.9105812
0.9148612
0.903933
0.9253249
0.9191336
0.9057818
0.9189075
0.9148415
0.9112108
0.9213991
0.9261937
0.9172394
0.9256925
0.9284574
0.9218279
0.9217337
0.9227695
0.9219122
0.9201474
0.9215357
0.9223184
0.9225552
0.9241107
0.9174056
0.9477126
0.9309992
0.9304746
0.9219483
0.9292301
0.9254153
0.9174533
0.9139411
0.9138931
0.910401
0.9151194
0.9148285
0.9138941
0.9145589
0.9150081
0.9125067
0.9156761
0.9161803
0.9134027
0.9119167
0.9146818
0.8874845
0.915376
0.915376
0.8612896
0.8904139
0.8605218
0.8889738
0.912343
0.8904947
0.9036822
0.88791
0.9206182
0.9054654
0.9191969
0.9143471
0.9192061
0.9204861
0.9090649
0.9161435
0.9245982
0.919269
0.9106449
0.9177636
0.9177826
0.912159
0.919139
0.9161127
0.9184212
0.926712
0.9235451
0.9285199
0.9170468
0.9164857
0.9170703
0.9166171
0.9150881
0.919993
0.9128784
0.9130185
0.9115764
0.9023594
0.9069259
0.9125651
0.9105455
0.9172638
0.9171338
0.9168523
0.9180143
0.9230454
0.9100007
0.9195837
0.875
0.8614917
0.9109144
0.9120183
0.9111014
0.9149802
0.9050182
0.9238076
0.9195187
0.9066105
0.9176147
0.9145795
0.9090587
0.9245213
0.9260423
0.9121201
0.9236561
0.9301276
0.9142736
0.9205588
0.9145537
0.9149217
0.916557
0.9185844
0.9185555
0.918512
0.9216587
0.913915
0.9462259
0.9254196
0.9314585
0.9185816
0.9280019
0.9235729
0.9051772
0.9003851
0.9057764
0.9004495
0.9035416
0.8994805
0.9017392
0.9035369
0.9046286
0.9000073
0.90446
0.8995705
0.9025535
0.9005384
0.9028158
0.8768517
0.9073497
0.9073497
0.843162
0.8815269
0.8408855
0.8772138
0.9022961
0.8717623
0.8842392
0.8798267
0.9160775
0.8870998
0.9151698
0.9112895
0.9151061
0.9158952
0.8970497
0.9010095
0.9159231
0.908051
0.9035742
0.9055287
0.9051566
0.9018883
0.9111925
0.9077149
0.9138676
0.9237321
0.9234824
0.9233555
0.9066557
0.9107295
0.9058213
0.9083817
0.9020569
0.9168544
0.8991686
0.9001062
0.899155
0.8965176
0.8936616
0.9070651
0.9039074
0.9066177
0.9072901
0.9143195
0.9144911
0.9200401
0.8940354
0.9135631
0.8701991
0.8272741
0.899963
0.8997064
0.8960107
0.9011323
0.88794
0.914585
0.9174518
0.8971925
0.9105973
0.8988358
0.9028167
0.9170029
0.9194126
0.9122345
0.9210048
0.9268284
0.9175978
0.9168182
0.9134219
0.9131345
0.916649
0.9175585
0.9151674
0.9245845
0.9197127
0.9169532
0.9517206
0.9249274
0.9262858
0.9189304
0.9219635
0.9263103
0.9083674
0.9033112
0.9041291
0.9023266
0.9058438
0.9088232
0.9057695
0.9068205
0.9059469
0.9037621
0.9034508
0.9046719
0.9036477
0.9060937
0.9057572
0.8778147
0.906085
0.906085
0.8507898
0.8787097
0.851416
0.8731412
0.9030135
0.8726354
0.8929077
0.8797804
0.9150977
0.8885465
0.9140002
0.913721
0.914783
0.9161057
0.9023931
0.9126144
0.9169581
0.9155308
0.9096882
0.9098064
0.9049896
0.9036765
0.907819
0.9112626
0.9162059
0.922744
0.9252567
0.9224793
0.9045751
0.912658
0.9087061
0.9107534
0.905144
0.9139385
0.9124689
0.9136274
0.9138683
0.9017015
0.9033076
0.9107951
0.9094714
0.9041706
0.9102899
0.917853
0.9148255
0.9199642
0.8978176
0.9161252
0.875252
0.8379097
0.9097742
0.9107215
0.9079665
0.9003927
0.8998568
0.9171015
0.9232632
0.9022695
0.9100207
0.9017175
0.8998709
0.9248834
0.9178097
0.9181266
0.933441
0.9365219
0.9259024
0.923115
0.926185
0.9238136
0.9234041
0.925156
0.9278134
0.9288554
0.9255118
0.9231588
0.9540493
0.9291381
0.9357123
0.9218471
0.9311473
0.9259181
0.9050722
0.9017032
0.9147089
0.9093324
0.9027981
0.9031922
0.9040498
0.9076033
0.9032908
0.9007333
0.9042236
0.9044044
0.9009775
0.8994733
0.9033789
0.91517
0.921223
0.921223
0.91217
0.9156094
0.9093941
0.9163917
0.9113998
0.9153608
0.8998982
0.9149492
0.9265219
0.8977345
0.9254322
0.9219967
0.9266202
0.9281975
0.9008331
0.8922672
0.8751999
0.8985406
0.9176403
0.8914632
0.8959129
0.9149183
0.8910665
0.9186826
0.9245485
0.932217
0.9305409
0.9330471
0.9127869
0.9204392
0.9175973
0.9165951
0.9177041
0.9257258
0.9180023
0.92
0.9210421
0.9065162
0.906082
0.9175779
0.91335
0.9158875
0.9038805
0.9238335
0.9196586
0.925702
0.9047951
0.9241296
0.9187475
0.914096
0.9132236
0.910435
0.9097834
0.9157849
0.9033531
0.9269147
0.920372
0.918759
0.9139412
0.9075286
0.9091895
0.9168137
0.9272533
0.9004895
0.9132211
0.9166578
0.9172231
0.9061804
0.9068145
0.9057873
0.9074061
0.9054513
0.9045421
0.9229309
0.91089
0.9115675
0.962713
0.9215877
0.912506
0.9098515
0.913292
0.9246081
0.9130498
0.9098388
0.841107
0.8332631
0.9114541
0.9235077
0.9093598
0.910121
0.9069019
0.9101794
0.9090145
0.910532
0.9103698
0.9120512
0.9096328
0.8969387
0.9012155
0.9012155
0.9071277
0.9011823
0.9063777
0.8966933
0.8326759
0.9004136
0.8875764
0.8988365
0.9041929
0.8930091
0.9045217
0.9072139
0.9039974
0.9053178
0.9017475
0.9211844
0.9025853
0.9217871
0.9066153
0.9051106
0.9074574
0.8209829
0.901442
0.9039803
0.9032524
0.9183659
0.9265705
0.9191852
0.8998566
0.9128499
0.9084713
0.9073476
0.9079311
0.9170231
0.9301641
0.929558
0.9328604
0.9105074
0.9095287
0.9112041
0.9159443
0.8372971
0.9149437
0.90494
0.8997834
0.9166897
0.8995247
0.91467
0.9092365
0.9069003
0.9311592
0.9296591
0.9275232
0.8370701
0.9030698
0.92015
0.9235142
0.9079301
0.9019509
0.8343405
0.8347205
0.931505
0.911885
0.914363
0.9239605
0.9274202
0.9168125
0.9183431
0.9135016
0.9122851
0.9141944
0.9166106
0.9182344
0.9202088
0.920261
0.9145968
0.9482057
0.9258851
0.9303903
0.9177195
0.924514
0.9230154
0.9063588
0.9042205
0.9039169
0.9017909
0.907966
0.9087763
0.9059967
0.9079678
0.9074562
0.9041017
0.9037549
0.9002487
0.9025792
0.9041563
0.9069486
0.8781985
0.904467
0.904467
0.8531818
0.880211
0.8505406
0.8781859
0.9028363
0.8798105
0.8892971
0.8809515
0.9155649
0.8873785
0.9148513
0.9083387
0.9147111
0.9163443
0.8991777
0.910116
0.9186869
0.9113222
0.9073889
0.9083196
0.9078904
0.903817
0.9095845
0.9097482
0.9169831
0.9203672
0.9225865
0.9221998
0.906279
0.9086808
0.9049443
0.9074199
0.9041549
0.9128321
0.9068291
0.9055356
0.9055649
0.8967454
0.9037671
0.9087688
0.9066474
0.9030888
0.9071024
0.9174021
0.9137463
0.9234652
0.8961006
0.9173206
0.8740577
0.8342432
0.9063703
0.9055394
0.9040995
0.9016766
0.8944625
0.9213596
0.9213647
0.9019714
0.9102884
0.9009912
0.9011482
0.9206689
0.9171688
0.9156058
0.9219224
0.9287108
0.9179899
0.9189114
0.9156712
0.9154979
0.9171999
0.9182607
0.9220964
0.9191417
0.9226096
0.9188262
0.9440707
0.9253701
0.932426
0.9203156
0.9267219
0.9225215
0.9123541
0.9103355
0.9073377
0.9027393
0.9092744
0.9064151
0.908862
0.9096239
0.911421
0.9096888
0.9075185
0.9054054
0.9099109
0.9070285
0.9090544
0.8785822
0.9103375
0.9103375
0.8496417
0.8851426
0.8493041
0.8794381
0.9087593
0.8790734
0.8947408
0.883627
0.9167226
0.8905439
0.9154755
0.9151961
0.9163311
0.9170029
0.901337
0.9100975
0.9205146
0.9116919
0.9100138
0.9110981
0.9104147
0.908801
0.9190473
0.9118961
0.9171034
0.921712
0.9256049
0.9271064
0.9125403
0.9162326
0.909722
0.9147227
0.9096501
0.9159334
0.9013711
0.9025818
0.9019651
0.8986638
0.9012705
0.911258
0.906035
0.9093539
0.9046958
0.9132775
0.9202563
0.9222009
0.9048736
0.911026
0.8680978
0.8363056
0.8974028
0.8986456
0.8962316
0.9088992
0.8936217
0.9208693
0.9166315
0.9049296
0.914908
0.9032945
0.9054989
0.9132202
0.9186268
0.9125932
0.9225577
0.9295439
0.9162733
0.9260915
0.9230769
0.921061
0.9203851
0.9204501
0.9226153
0.9196096
0.9207345
0.9121125
0.9407117
0.9284111
0.9380246
0.9193348
0.9287542
0.9210075
0.9083852
0.9095897
0.9061167
0.9057525
0.9095247
0.9008304
0.9083447
0.9070272
0.9090842
0.9061739
0.9075125
0.903978
0.9073097
0.9050057
0.9070068
0.8797579
0.9101977
0.9101977
0.8446926
0.8882422
0.8436682
0.8864064
0.9060422
0.8792121
0.8908427
0.8839239
0.9184443
0.8915591
0.9181162
0.917141
0.9184725
0.9191912
0.8988287
0.9027813
0.9157814
0.9078068
0.9058786
0.9088694
0.9073523
0.9090811
0.9143766
0.9109903
0.9197166
0.9189833
0.9203819
0.9265771
0.9124184
0.9125142
0.905575
0.9110604
0.9064275
0.9127662
0.8929152
0.8920589
0.8917325
0.8919291
0.8964992
0.9088331
0.9031664
0.9128063
0.9032948
0.9185614
0.9225786
0.9171413
0.8964203
0.9131071
0.8677302
0.8318523
0.8954662
0.8914129
0.8922933
0.9055138
0.8898264
0.9164621
0.9183187
0.8994031
0.9146882
0.9010146
0.9052019
0.9103705
0.9207432
0.9135953
0.9247609
0.9282708
0.9179338
0.9170359
0.9163726
0.9151159
0.9136983
0.9156253
0.916363
0.9221877
0.9188384
0.9146829
0.9508815
0.926405
0.9302421
0.9189323
0.9248978
0.9271406
0.9052864
0.9037409
0.9051388
0.8973099
0.9061678
0.9095595
0.9041945
0.9059018
0.9031603
0.9016322
0.901447
0.8986611
0.9047267
0.9029108
0.9022323
0.8788868
0.9012363
0.9012363
0.8487209
0.8787047
0.8478044
0.8743198
0.9020822
0.8732668
0.8883195
0.87398
0.9121322
0.8848533
0.9133134
0.9106243
0.9117773
0.913612
0.8973909
0.9087299
0.9157677
0.9127328
0.9060371
0.904464
0.9044207
0.9019921
0.9066533
0.9097379
0.9144102
0.9205878
0.9259337
0.9218254
0.9019276
0.9088608
0.905694
0.9080238
0.9041218
0.9140636
0.9054113
0.904948
0.9055769
0.8996182
0.9041022
0.912361
0.908777
0.9005471
0.9080418
0.9148639
0.913908
0.9198603
0.8953459
0.9141423
0.8701
0.833589
0.9067079
0.9052273
0.9067315
0.9002791
0.8946333
0.9175471
0.9204856
0.9005336
0.9089898
0.897155
0.8995959
0.9198538
0.9196492
0.86664
0.8869387
0.8935298
0.8981223
0.8881057
0.8780295
0.8766748
0.8794813
0.8782924
0.8823592
0.8896549
0.8846415
0.8795438
0.9424465
0.9070062
0.8907236
0.8847006
0.8916327
0.8945472
0.927913
0.9297227
0.9165197
0.9120883
0.9289882
0.9310827
0.9283729
0.9292132
0.9275556
0.9266861
0.9266598
0.9259674
0.9296949
0.9302407
0.9273773
0.9166055
0.8914517
0.8914517
0.9158921
0.918351
0.918275
0.9157736
0.911981
0.914662
0.9181295
0.9171881
0.8644265
0.9143833
0.86311
0.8656548
0.8660232
0.8660263
0.9179949
0.9281835
0.9310212
0.9281202
0.8975923
0.9252939
0.9284237
0.9106139
0.9285486
0.8858936
0.871976
0.9060396
0.9074984
0.893463
0.8942291
0.893234
0.8937537
0.8952448
0.8908192
0.89671
0.9160297
0.9154438
0.9162193
0.9063224
0.9060475
0.9069595
0.9078299
0.9150242
0.9265568
0.8739167
0.8667712
0.8860098
0.9193458
0.8782518
0.9208963
0.9199584
0.91765
0.9174787
0.9141317
0.9157572
0.9196647
0.9201158
0.9184812
0.8894613
0.9241022
0.9092989
0.9117811
0.9216222
0.8656239
0.8669331
0.8894728
0.8915488
0.8963229
0.8872644
0.8773351
0.8764259
0.8787476
0.8773978
0.8840768
0.8890823
0.8873239
0.8804908
0.94209
0.9071873
0.8929516
0.8846058
0.8929988
0.8927422
0.9283782
0.9293952
0.9153093
0.9143236
0.9273332
0.9298221
0.9286869
0.9283609
0.9254914
0.9267007
0.9246674
0.9282675
0.9285765
0.9289769
0.9270888
0.9171992
0.8908395
0.8908395
0.9148929
0.915994
0.9164004
0.9141676
0.912887
0.9136617
0.9184635
0.9158509
0.8642276
0.9116274
0.8632015
0.8637239
0.8655764
0.8659494
0.9139917
0.9277146
0.9303219
0.927687
0.8955408
0.9250822
0.9271217
0.9112202
0.9284092
0.8878182
0.8720564
0.9058511
0.9073459
0.8953298
0.8947888
0.8928194
0.8940005
0.8950628
0.8910713
0.8958319
0.9151408
0.9149746
0.9164756
0.9047651
0.9040773
0.9072906
0.9066487
0.9164492
0.9261573
0.8741173
0.8690831
0.8855283
0.9159255
0.8775195
0.920098
0.9184833
0.9161364
0.916036
0.9120274
0.9137793
0.9191148
0.919586
0.9169856
0.8900357
0.9260458
0.9098241
0.9099934
0.9213547
0.8652588
0.8681726
0.8850037
0.888814
0.8972667
0.8842511
0.8761716
0.8735968
0.8765388
0.8745361
0.8841294
0.891383
0.8881303
0.8736484
0.9427302
0.9071379
0.8940336
0.8824645
0.892052
0.8918673
0.925695
0.9250442
0.9137967
0.9133263
0.9237872
0.926931
0.9249436
0.9257565
0.9238183
0.9259143
0.9222659
0.9255282
0.9266469
0.9261889
0.9254185
0.9135846
0.8921141
0.8921141
0.9149212
0.9167045
0.914332
0.914538
0.9131043
0.9149474
0.9189189
0.9164861
0.8636116
0.912585
0.8639488
0.8654593
0.8670604
0.8673955
0.9169499
0.9276004
0.9301334
0.9263429
0.8941937
0.9232869
0.9262522
0.9108265
0.9281401
0.8871605
0.873328
0.9057236
0.9043753
0.8938044
0.8955871
0.8946312
0.8909839
0.8934842
0.8903834
0.8983602
0.9151312
0.9138923
0.9153566
0.9075739
0.9023726
0.9063545
0.9083676
0.913338
0.9262666
0.8743298
0.8690481
0.8836374
0.9159923
0.8760375
0.9176992
0.9210199
0.9155872
0.9150191
0.9133757
0.9142618
0.9182272
0.9199101
0.9163208
0.8900522
0.9243747
0.9112825
0.9110438
0.9234985
0.8590391
0.9176321
0.9231438
0.9325041
0.9229703
0.9199165
0.9201367
0.9198845
0.9219096
0.9224643
0.9241996
0.9217089
0.917013
0.9177948
0.9466545
0.924632
0.9328931
0.9204921
0.9298546
0.924739
0.9091902
0.9051977
0.9032304
0.8989655
0.9046708
0.9023207
0.9053639
0.9044577
0.9038996
0.9056549
0.9047741
0.9043507
0.9041287
0.90293
0.9063917
0.9104173
0.9119646
0.9119646
0.9048014
0.9152729
0.9024973
0.9125964
0.907678
0.9101663
0.8963804
0.9149338
0.9196878
0.8870136
0.9204653
0.9203751
0.918803
0.9205042
0.9000109
0.9082704
0.9138012
0.9075086
0.9097899
0.9037459
0.9068169
0.9057199
0.9059548
0.9115533
0.9205678
0.925783
0.927955
0.9307645
0.9132721
0.9149699
0.9124456
0.9168158
0.9112716
0.9143338
0.9081728
0.9067313
0.9098035
0.9020752
0.9044022
0.9137878
0.9134379
0.9081957
0.9082555
0.9179741
0.9240435
0.9213718
0.8989069
0.9239085
0.9081031
0.9100441
0.9087663
0.906952
0.9061586
0.9041017
0.8950892
0.9184982
0.9186592
0.905105
0.8069663
0.9037821
0.9074988
0.9141096
0.9233604
0.9051882
0.9200684
0.9253476
0.9202947
0.9105454
0.9111086
0.910598
0.9108622
0.9115158
0.9087182
0.921823
0.9120365
0.9132762
0.9649874
0.9262518
0.9177783
0.9111422
0.9158423
0.9257992
0.9045742
0.9047787
0.8874144
0.8900213
0.9022719
0.9156951
0.9041016
0.9042031
0.9033494
0.9013916
0.9018801
0.9008547
0.9049648
0.9059011
0.9054133
0.8980828
0.9091253
0.9091253
0.9036043
0.8960989
0.9060852
0.8959477
0.8936482
0.8981209
0.8854433
0.8958454
0.9120012
0.8883263
0.9126349
0.9040289
0.9131844
0.913032
0.9005211
0.9177429
0.8992154
0.9131746
0.9086166
0.9013287
0.8989875
0.8869914
0.8909316
0.9059109
0.9028059
0.9243037
0.9297305
0.92616
0.89435
0.9136618
0.9112574
0.913192
0.9060944
0.9190887
0.9336165
0.9342234
0.9352762
0.9101323
0.9103649
0.911259
0.916519
0.884427
0.9071149
0.9045161
0.8989437
0.918583
0.9009981
0.9153918
0.9133203
0.9098351
0.9270467
0.927894
0.9246688
0.8933848
0.9066532
0.9182422
0.9196175
0.9097762
0.8783647
0.8807212
0.8845158
0.932379
0.9137918
0.9041441
0.9144529
0.9215729
0.9191956
0.9080275
0.9076974
0.9075646
0.9073398
0.9091478
0.9075633
0.9246637
0.9089772
0.9143699
0.9596442
0.9234935
0.9138415
0.9074149
0.9140052
0.9209287
0.9003083
0.8969238
0.8847149
0.8839482
0.8987031
0.9141927
0.8962275
0.8981489
0.8954453
0.8981248
0.8964858
0.896992
0.8990454
0.9004482
0.8996527
0.8923564
0.9074197
0.9074197
0.902018
0.8945409
0.9027465
0.8920152
0.8860057
0.894719
0.8826028
0.8934608
0.9101037
0.8849268
0.9111217
0.9054069
0.9111397
0.9112657
0.8981426
0.9196737
0.8982272
0.9118728
0.9078904
0.8947409
0.9020529
0.8807514
0.8868674
0.9020951
0.9013341
0.9204806
0.9288905
0.9228729
0.8928931
0.9150634
0.9108644
0.9096002
0.9019731
0.9153489
0.9288912
0.929442
0.9306607
0.9056151
0.9077751
0.9109924
0.9147391
0.8864159
0.9062052
0.9045052
0.8944665
0.9125085
0.8974523
0.9137723
0.9061348
0.9053204
0.9279614
0.9284676
0.926337
0.8864657
0.9054657
0.9148982
0.9174561
0.9029603
0.8702345
0.8805411
0.8760747
0.9288943
0.9140834
0.9001512
0.910824
0.9194229
0.9137115
0.9046507
0.905463
0.904709
0.9048829
0.9059004
0.9082926
0.9250684
0.9082327
0.9108568
0.9608303
0.921608
0.9165923
0.9053102
0.9138418
0.9232105
0.9034141
0.9000443
0.8118548
0.8330906
0.899121
0.9107026
0.900302
0.8994738
0.898292
0.8987135
0.8972208
0.8972997
0.9001808
0.9038638
0.9007265
0.893258
0.8982307
0.8982307
0.8993681
0.8946449
0.896092
0.891028
0.8016987
0.8904064
0.8699611
0.8899203
0.898655
0.8721952
0.8986691
0.9030861
0.8982637
0.9004929
0.8902975
0.9159709
0.899747
0.9095787
0.9003227
0.8938955
0.8988058
0.8252675
0.8894901
0.8999067
0.9026011
0.9154045
0.9243172
0.9189048
0.8966311
0.9076961
0.9005301
0.9040579
0.8945896
0.9123147
0.9192664
0.9202636
0.9224101
0.8993621
0.9069326
0.9101394
0.9055037
0.8309762
0.9040094
0.9018392
0.8970535
0.911676
0.8904014
0.9097891
0.8981991
0.9001547
0.9211392
0.9194897
0.9193823
0.827057
0.893562
0.9121629
0.9164987
0.8973486
0.8989226
0.7978806
0.803855
0.9252046
0.9112464
0.9068827
0.9208085
0.9291793
0.9163756
0.9133206
0.9138104
0.9121561
0.9146629
0.9172106
0.9138447
0.920064
0.9151435
0.9142553
0.9557282
0.9267998
0.9243741
0.9155443
0.9224174
0.9252281
0.8992677
0.9024771
0.9006386
0.8914145
0.8991358
0.9028567
0.9012657
0.9011637
0.9012433
0.8952419
0.8992297
0.9019651
0.9013493
0.8987121
0.9009595
0.8345332
0.9082546
0.9082546
0.8728807
0.840505
0.8741406
0.8308798
0.8986733
0.8307974
0.8818362
0.8300831
0.9116909
0.8852459
0.9106925
0.9111923
0.9105933
0.9130201
0.8985805
0.9078351
0.9073646
0.9078574
0.9100032
0.8977502
0.9011798
0.8933211
0.8978179
0.9076398
0.905856
0.9212461
0.9225748
0.9245204
0.9035815
0.9105523
0.9071816
0.9069017
0.9021919
0.9189638
0.9150225
0.9151663
0.9166727
0.9001675
0.9005874
0.9115228
0.906519
0.8980105
0.9009029
0.9060145
0.9056002
0.9186354
0.8958831
0.9119605
0.8745834
0.8764087
0.9135399
0.9123021
0.9105286
0.8972573
0.8946408
0.9145432
0.91419
0.9000401
0.9075109
0.8920592
0.8938942
0.9209022
0.917
0.9072284
0.9160476
0.9270819
0.9139735
0.9122489
0.9131577
0.9116143
0.9147164
0.916962
0.9110079
0.920442
0.9142263
0.9129908
0.956541
0.9252557
0.922376
0.9150172
0.9195471
0.9237657
0.8997652
0.8989234
0.8997319
0.8926179
0.8985202
0.9009199
0.8984057
0.899825
0.8992465
0.8953561
0.8963917
0.8998668
0.8977439
0.8971959
0.8978034
0.8301828
0.9058029
0.9058029
0.876477
0.8369868
0.8754612
0.828916
0.8983138
0.8289211
0.8795167
0.8287554
0.9116568
0.8859189
0.9106551
0.9091957
0.9093397
0.9115803
0.8939433
0.907788
0.9042868
0.906693
0.9081184
0.8959288
0.9020873
0.8955432
0.8941448
0.904233
0.9050486
0.9197637
0.9220066
0.9229419
0.9016548
0.9114509
0.9063507
0.9068915
0.9026016
0.9178422
0.9153147
0.9149455
0.9170097
0.8979459
0.9001118
0.9104317
0.9065079
0.8994195
0.9005867
0.9061603
0.9045904
0.9180585
0.8949406
0.9118101
0.8749257
0.8736579
0.9132709
0.9108169
0.9104091
0.8951536
0.8930175
0.9163935
0.9156662
0.8998867
0.9091205
0.8890144
0.8935992
0.9218235
0.9162454
0.9158035
0.9296018
0.9287538
0.9246788
0.9180112
0.9186787
0.9183057
0.9199899
0.92083
0.919699
0.9246057
0.9204212
0.918654
0.9574969
0.9280809
0.9316142
0.9178018
0.9275925
0.9242029
0.839714
0.8333731
0.9056877
0.9019435
0.8348507
0.8488481
0.8380304
0.8415994
0.8393027
0.8407827
0.8359654
0.8365702
0.8346056
0.8372911
0.8362322
0.8979336
0.9131924
0.9131924
0.9032163
0.9026441
0.9009762
0.9010123
0.9038876
0.9018278
0.8945592
0.9028502
0.9210903
0.8904528
0.9208386
0.9161662
0.9207304
0.9220011
0.8976608
0.9025528
0.8986449
0.9012619
0.9117244
0.8918315
0.8926719
0.9022716
0.8957771
0.9118316
0.9125462
0.9269671
0.9316986
0.9294155
0.9088707
0.9161293
0.9125443
0.9157978
0.9089174
0.9234694
0.9142606
0.9139675
0.9136551
0.902615
0.9066062
0.9097411
0.9090401
0.9012929
0.8639361
0.9139075
0.9125054
0.9214892
0.8983671
0.9198782
0.9048242
0.9075218
0.9097663
0.9095929
0.9084544
0.9045149
0.901843
0.9251335
0.9182927
0.9076148
0.9056913
0.8934782
0.896101
0.9185162
0.9234046
0.9188885
0.9292455
0.9322868
0.9224701
0.9254061
0.9239555
0.9237325
0.92429
0.9241976
0.9231261
0.9257447
0.9216076
0.9204411
0.9542407
0.9296984
0.9389084
0.9233407
0.9330946
0.9289435
0.8124515
0.8022363
0.9052058
0.9027593
0.8022297
0.8158631
0.8009979
0.8092961
0.8065496
0.8161768
0.806939
0.8041935
0.803059
0.8146401
0.8020223
0.9027628
0.9113979
0.9113979
0.8997988
0.9054943
0.8994094
0.9034112
0.9052833
0.8995378
0.886176
0.9048113
0.9259672
0.8844371
0.9250198
0.9199855
0.9239777
0.9259593
0.8952709
0.8913817
0.9063658
0.8964498
0.9031927
0.8940215
0.8898905
0.907821
0.8944901
0.9093831
0.922021
0.9258261
0.9270704
0.9304225
0.9087791
0.9180233
0.9097325
0.9097389
0.9099357
0.9166577
0.9067475
0.9069283
0.9075724
0.9023959
0.9044819
0.91736
0.913888
0.9076307
0.8577804
0.919598
0.9225521
0.9202978
0.893633
0.9214886
0.9039704
0.9031118
0.9059054
0.9017264
0.9020387
0.9066789
0.8858999
0.9252313
0.9227306
0.9027413
0.9041187
0.8975806
0.897923
0.9142357
0.9276718
0.8633346
0.8819514
0.8904806
0.8916052
0.8798306
0.8783115
0.8760836
0.8744666
0.8750637
0.8742954
0.8841239
0.8775006
0.8790718
0.9397223
0.9065184
0.8982945
0.8846876
0.894226
0.8895753
0.9268701
0.9266369
0.9213612
0.9153602
0.9276841
0.9325759
0.9275646
0.9300883
0.9289497
0.9280906
0.9265188
0.9295308
0.927986
0.9273664
0.9288105
0.9214658
0.8924246
0.8924246
0.9222825
0.9210897
0.9235792
0.9182708
0.9164346
0.9196438
0.9235334
0.9213277
0.8507552
0.9202419
0.8520404
0.8561966
0.851651
0.851529
0.9199392
0.9311643
0.9355531
0.9327162
0.8931025
0.9299259
0.9300096
0.9165284
0.9350473
0.8920827
0.8739265
0.9017272
0.9024253
0.8952216
0.8967213
0.8946131
0.8958348
0.8964831
0.8975987
0.8993182
0.9111167
0.9105921
0.9102007
0.905904
0.9063543
0.9100378
0.9057397
0.9186083
0.924888
0.8654677
0.8651383
0.8831416
0.9206506
0.8653705
0.9294024
0.9234797
0.9163549
0.9170367
0.9159609
0.9178246
0.9200243
0.9184194
0.9198019
0.8884546
0.9228834
0.9191986
0.9180661
0.9269958
0.8449702
0.8551642
0.8778276
0.8864193
0.8871515
0.870645
0.8693942
0.8673019
0.8721799
0.8703446
0.8717995
0.8791381
0.8692178
0.8739389
0.9415252
0.9000679
0.8886169
0.8757798
0.8862822
0.8884021
0.9159397
0.9175953
0.9040921
0.9041047
0.9158384
0.9176795
0.915747
0.9160547
0.9132541
0.916113
0.9158035
0.9151031
0.9171777
0.9146346
0.9162604
0.9087664
0.8761797
0.8761797
0.9078999
0.9060835
0.9079424
0.9041096
0.9056436
0.9058891
0.9031002
0.9079643
0.8497388
0.8989212
0.8506862
0.8507657
0.8491812
0.8515864
0.907126
0.922909
0.9212199
0.9222175
0.8775087
0.9149884
0.9203464
0.8997808
0.9150077
0.8800741
0.8612695
0.8942736
0.8993253
0.8849147
0.8779965
0.8846819
0.8796773
0.8806752
0.8788996
0.8878555
0.9031559
0.9043579
0.9043846
0.8969654
0.8994769
0.903435
0.8984318
0.9051491
0.9159748
0.8574357
0.8544592
0.8779838
0.9096267
0.8570529
0.911253
0.9113006
0.9160746
0.9129803
0.9120632
0.9044968
0.9094363
0.9138763
0.9155048
0.873387
0.9119561
0.8988513
0.9001319
0.9207126
0.8549377
0.9144393
0.9216191
0.9268929
0.9184531
0.9177539
0.9201153
0.9190282
0.9143099
0.9173967
0.9194826
0.923042
0.9222642
0.9143287
0.9472601
0.9261386
0.9305116
0.9159063
0.9295231
0.925599
0.9164321
0.912515
0.9136949
0.9084489
0.9138094
0.9127079
0.9117604
0.9147869
0.9144128
0.912848
0.9142961
0.9127075
0.9114218
0.9105294
0.9156958
0.8851477
0.9124585
0.9124585
0.8584382
0.8903542
0.8560241
0.8889132
0.9143394
0.8886538
0.9059622
0.8887393
0.917578
0.9053739
0.9156508
0.9138424
0.9159688
0.9177822
0.9061153
0.9145579
0.9210573
0.9191492
0.9101354
0.9152856
0.9163759
0.9101732
0.9214099
0.9136982
0.9166226
0.9271903
0.920068
0.9239367
0.9139145
0.917542
0.914036
0.9163454
0.9126053
0.9214521
0.9152809
0.9137511
0.9134059
0.9029381
0.9037918
0.9132611
0.9115772
0.9163397
0.915217
0.9134247
0.9151732
0.9199452
0.9088208
0.9178722
0.8802878
0.863226
0.9112216
0.9115344
0.9089519
0.9128183
0.9043285
0.9228781
0.9192007
0.9073023
0.9144342
0.911296
0.9105148
0.9213601
0.9222004
0.8410885
0.8697782
0.8786355
0.8915996
0.8646458
0.8546548
0.8528701
0.856889
0.8578556
0.8601068
0.8786209
0.8710725
0.8694657
0.9455775
0.9052883
0.8799297
0.8663145
0.8824762
0.8867663
0.930155
0.9290162
0.9087775
0.9104959
0.9305263
0.9337865
0.927461
0.9306657
0.9306688
0.9328124
0.9301136
0.9283321
0.9287976
0.9290119
0.9303053
0.9148763
0.8899537
0.8899537
0.9205476
0.9156886
0.9211187
0.9151858
0.9131986
0.9143303
0.9156347
0.9161188
0.8441146
0.9178971
0.8425586
0.839997
0.8415219
0.8434548
0.915857
0.9354021
0.9292379
0.9343234
0.890915
0.9262251
0.9281615
0.908341
0.9285535
0.8874942
0.8493917
0.8983598
0.9031069
0.8805661
0.8879595
0.8935025
0.8917469
0.8897272
0.8871354
0.8943505
0.9177532
0.9180887
0.9190661
0.9075706
0.9064853
0.9070846
0.9052401
0.9123984
0.9268838
0.8454952
0.8357684
0.8715619
0.9187977
0.8567471
0.9238261
0.9211594
0.9288507
0.9270804
0.926457
0.9122968
0.9238848
0.9200729
0.9217913
0.8878877
0.9253737
0.9096033
0.9118816
0.9304055
0.8295799
0.8612668
0.8829764
0.8888173
0.8909001
0.881941
0.8725733
0.8714056
0.8753272
0.8751862
0.8789954
0.8893031
0.8850471
0.8758698
0.9446462
0.9090177
0.8909312
0.8756311
0.8868011
0.891976
0.9301346
0.9315782
0.9145123
0.9145426
0.9335062
0.9339848
0.9322232
0.9344863
0.9320086
0.9304038
0.9315704
0.930311
0.9312092
0.9300534
0.9311567
0.9144221
0.8943217
0.8943217
0.922214
0.9195823
0.9223691
0.9169901
0.9130159
0.9156435
0.9198171
0.9176885
0.8669179
0.9175881
0.8661368
0.8643328
0.8649965
0.8677413
0.9140932
0.9346349
0.9315565
0.9351485
0.8971158
0.9250991
0.9318086
0.9119884
0.9343789
0.8924397
0.8612248
0.9043484
0.9044385
0.8954872
0.9004252
0.9000813
0.8921075
0.8964343
0.8940642
0.9006196
0.9148679
0.9156262
0.9157906
0.906422
0.9075849
0.9085901
0.908686
0.9152775
0.9323515
0.8664924
0.8558485
0.8878216
0.9176138
0.8739239
0.924601
0.9211546
0.9263566
0.9263372
0.9254481
0.9127292
0.9246395
0.9211077
0.9176607
0.8875398
0.9286408
0.9140212
0.9152436
0.9264185
0.8613719
0.8410471
0.8747144
0.8816075
0.8837084
0.8659696
0.8578118
0.8550908
0.8597843
0.8585937
0.865016
0.8735884
0.8640651
0.864475
0.9436286
0.9046427
0.8876318
0.8647323
0.8796627
0.8850912
0.9161828
0.9186587
0.9030026
0.9034764
0.918164
0.9174562
0.9179814
0.9169216
0.9161225
0.920153
0.9193635
0.9174771
0.9184365
0.918851
0.9178334
0.9065431
0.8768541
0.8768541
0.9107507
0.9113446
0.9111517
0.910288
0.9075552
0.9059685
0.9053925
0.9087078
0.8380672
0.9005664
0.8367517
0.8352168
0.8369803
0.8401494
0.9058325
0.9213257
0.9194946
0.9215436
0.8837428
0.9168024
0.9162443
0.9005283
0.9209218
0.8738765
0.8499832
0.8898281
0.8991267
0.8835038
0.8804584
0.8793335
0.8844028
0.8814258
0.8787988
0.888559
0.904026
0.9030893
0.9051375
0.8952039
0.8912291
0.8973376
0.8975908
0.9046803
0.920719
0.8437701
0.8344678
0.8707381
0.9068559
0.8389866
0.9156232
0.9138053
0.9104992
0.9089417
0.9096164
0.9042618
0.910229
0.9159533
0.9134017
0.8741498
0.9161436
0.9014583
0.9014215
0.924428
0.8315861
0.8735586
0.8888257
0.897553
0.8965093
0.8852564
0.8848729
0.8839218
0.8842238
0.8859215
0.8875313
0.8904525
0.8955601
0.8819343
0.9354762
0.9132231
0.8989781
0.8874749
0.8954452
0.8889517
0.9294247
0.9287435
0.9178044
0.912872
0.9300945
0.9305336
0.9284855
0.9285361
0.9291043
0.9280232
0.92889
0.929193
0.9270811
0.9275291
0.9312759
0.9148164
0.8948192
0.8948192
0.9187164
0.9204135
0.9186338
0.9218132
0.9141009
0.9170661
0.9182998
0.9169685
0.8720799
0.9139481
0.8731939
0.8701393
0.8712853
0.8731908
0.9154099
0.9300056
0.93066
0.927556
0.8927745
0.9276423
0.9315497
0.9135781
0.9327447
0.8940867
0.8743366
0.9099214
0.9047054
0.9028286
0.9001237
0.8908968
0.8950691
0.8938706
0.8949119
0.8968713
0.9060321
0.9067921
0.9079583
0.8991625
0.8983101
0.9084309
0.9038049
0.9204748
0.9272271
0.8663019
0.8754277
0.8796759
0.9160908
0.8792009
0.9196134
0.9218244
0.9207871
0.9172174
0.9163799
0.9147681
0.9169907
0.9213237
0.916308
0.8923739
0.9199121
0.9158781
0.9174823
0.9213664
0.8709807
0.854089
0.8851503
0.8836893
0.8940486
0.8777841
0.8699039
0.8704659
0.878801
0.8778499
0.8737649
0.8884287
0.8805766
0.8755698
0.9474246
0.9056023
0.8874202
0.8752079
0.8865762
0.8915714
0.9223807
0.9250443
0.9098432
0.9059373
0.9268058
0.9323898
0.9242956
0.9258736
0.9276151
0.9265172
0.924547
0.9280908
0.9268059
0.9258148
0.9269424
0.9088498
0.8922102
0.8922102
0.9184985
0.9126638
0.9198987
0.913117
0.9081485
0.9107212
0.9152756
0.9138192
0.8623451
0.9111294
0.862601
0.8558145
0.861171
0.8622041
0.9130527
0.9332066
0.9238125
0.9347849
0.894141
0.9256891
0.9273163
0.9053269
0.9279623
0.8872766
0.8630719
0.8980803
0.9064228
0.8906365
0.8865876
0.8929356
0.8910356
0.8900884
0.8866441
0.8953779
0.9157798
0.9162657
0.9178111
0.9039409
0.9031143
0.9049414
0.9031018
0.9075432
0.9267261
0.8617252
0.8524517
0.8812691
0.913393
0.8684344
0.9197711
0.9200278
0.9264815
0.926272
0.924052
0.9087099
0.9239745
0.916295
0.9178135
0.8906581
0.9216074
0.905294
0.9060898
0.9309089
0.8633404
0.850286
0.8776196
0.8801608
0.8880964
0.8666157
0.8620307
0.8589478
0.8575773
0.86057
0.8644677
0.8836747
0.8721079
0.8656656
0.9515198
0.9053346
0.8852574
0.8654717
0.8856027
0.8883151
0.9194296
0.9208483
0.906791
0.9054233
0.9183341
0.9270104
0.9205198
0.9209329
0.9167237
0.9211187
0.9173902
0.9208062
0.9205493
0.9247262
0.9187826
0.9073108
0.8760111
0.8760111
0.914877
0.9073605
0.9159424
0.9058238
0.9044202
0.9053274
0.9099336
0.9068978
0.8459955
0.9080922
0.8458255
0.8453909
0.8440532
0.8479766
0.911288
0.9312838
0.9196997
0.9284133
0.8834291
0.9172087
0.9221044
0.8998096
0.9220657
0.8797023
0.8433681
0.897304
0.90079
0.888201
0.8838679
0.8926119
0.8876417
0.8890603
0.884578
0.8910206
0.9154382
0.9150761
0.9163656
0.9065975
0.9008218
0.9029346
0.9006568
0.9039649
0.9227336
0.8456065
0.8374446
0.8777395
0.9104696
0.8573068
0.9204561
0.9126334
0.9238204
0.9222406
0.9226297
0.9049538
0.9188094
0.9170558
0.9159824
0.8816855
0.9129421
0.9006334
0.9013739
0.9297946
0.841105
0.8628997
0.8804984
0.8835126
0.8941268
0.875719
0.873317
0.8726431
0.8742672
0.8727319
0.8791221
0.8915417
0.8789228
0.8758342
0.9405864
0.9078665
0.8978407
0.8791392
0.8948181
0.8951934
0.9235321
0.9249813
0.9116843
0.9116118
0.9225522
0.9236096
0.9230385
0.9234056
0.9226295
0.9261999
0.9244045
0.9234172
0.9246851
0.9216979
0.9227084
0.9097045
0.888861
0.888861
0.9143748
0.9141473
0.9152049
0.913142
0.9102714
0.9122421
0.9111773
0.9145009
0.8640901
0.9085494
0.8649719
0.8653304
0.8648708
0.8667449
0.9164248
0.9305517
0.9290254
0.9262183
0.888869
0.9243232
0.9233394
0.9086132
0.9253705
0.8921762
0.8633602
0.905094
0.9070612
0.8987604
0.8951156
0.8943867
0.8916099
0.8932284
0.8922688
0.8976867
0.9123395
0.9121291
0.9131429
0.9017498
0.9009051
0.9097985
0.9064758
0.9141569
0.9252254
0.855746
0.8527735
0.8773191
0.9160713
0.8683759
0.9203583
0.9188045
0.9207053
0.9191094
0.9188879
0.9068918
0.914799
0.9131878
0.9132106
0.8870279
0.9147426
0.9092595
0.9118019
0.9214725
0.85737
0.8352161
0.868446
0.8730483
0.8843165
0.8633293
0.8529203
0.8507825
0.8521392
0.8535478
0.8571429
0.8706262
0.8663725
0.8516215
0.9418065
0.8988367
0.8859228
0.8551619
0.8741608
0.8850994
0.9211301
0.9223168
0.9035153
0.9054035
0.9226968
0.9248316
0.9221413
0.9225894
0.9216524
0.9236663
0.9213108
0.9189903
0.9227537
0.9221077
0.921381
0.9059624
0.8802093
0.8802093
0.9085344
0.9118548
0.9102996
0.9109938
0.9051038
0.9073085
0.9093202
0.9083244
0.827019
0.904377
0.8270176
0.8277869
0.8269919
0.8299208
0.9094033
0.9282533
0.9245048
0.9254674
0.8818093
0.9168476
0.9212908
0.9049426
0.9217492
0.8789234
0.8369355
0.8980153
0.8966764
0.8832326
0.8796952
0.8885616
0.8811992
0.8848205
0.8790104
0.8905117
0.9087216
0.9091334
0.909759
0.8970041
0.896758
0.9004958
0.8979402
0.905078
0.9203768
0.8346331
0.8208502
0.8608033
0.9105325
0.8424845
0.9182163
0.9123899
0.9188985
0.9201358
0.9158112
0.902151
0.9117711
0.916222
0.9180042
0.8793091
0.9139667
0.9041415
0.905639
0.9242521
0.8143066
0.8383766
0.8637679
0.8765827
0.8803179
0.8562711
0.8506005
0.8487571
0.8507212
0.8530332
0.8553008
0.8697215
0.8609715
0.8607753
0.9460281
0.9010257
0.8771092
0.8581339
0.8766711
0.879583
0.9222461
0.9225433
0.908381
0.9058971
0.9228854
0.9296745
0.9244134
0.9232394
0.9238873
0.9219856
0.9230466
0.9229838
0.923908
0.9233741
0.9231571
0.9080604
0.8803431
0.8803431
0.9149338
0.9063507
0.9139478
0.9047687
0.9059487
0.9052529
0.9095463
0.9077644
0.8252127
0.9109477
0.8284301
0.8334533
0.830493
0.8278085
0.9107168
0.9270083
0.9206525
0.9265997
0.8805634
0.9197718
0.9242495
0.902845
0.9222121
0.8789753
0.8445389
0.8959327
0.8929283
0.8838449
0.8795439
0.8836017
0.8851853
0.8817702
0.8787374
0.8865503
0.9114101
0.9107669
0.9114334
0.8993316
0.897919
0.8988857
0.8985682
0.9009032
0.9225322
0.8399197
0.8226432
0.871683
0.9119977
0.8427375
0.9163443
0.9142231
0.9189686
0.9175478
0.9176025
0.9042139
0.9161866
0.9126322
0.916246
0.8779236
0.9156814
0.9046291
0.9038338
0.9231236
0.8272179
0.8494724
0.8698279
0.8791559
0.8883064
0.8676118
0.8636347
0.8640053
0.8585567
0.8599438
0.867147
0.8748085
0.866772
0.8676589
0.9390472
0.9025679
0.8848772
0.8685196
0.8813632
0.8854684
0.9205341
0.9233832
0.9118444
0.9111158
0.9235728
0.9264962
0.9237846
0.9242668
0.9245297
0.9218236
0.9205979
0.9210554
0.9241273
0.9221304
0.9238795
0.9138096
0.8887768
0.8887768
0.9126902
0.9140869
0.9132112
0.9129615
0.9105437
0.9104254
0.9105866
0.9110399
0.8459119
0.9092556
0.8468647
0.8451775
0.8476824
0.8490573
0.912004
0.9237834
0.9276561
0.9259416
0.8855359
0.9180482
0.9237382
0.9099292
0.9302225
0.8791017
0.8552548
0.8992188
0.898356
0.8838431
0.8856906
0.8891281
0.8870962
0.8844297
0.8905741
0.8932042
0.9096554
0.9075167
0.9082585
0.8963349
0.8979381
0.9062158
0.9011998
0.909275
0.9220213
0.8495515
0.8434943
0.8718974
0.9137041
0.8521273
0.9199454
0.9150654
0.9121937
0.9112041
0.9108031
0.9092492
0.912587
0.9184576
0.914946
0.8765717
0.9196024
0.9070692
0.9092323
0.9196947
0.8316065
0.8483205
0.872271
0.8792498
0.885449
0.8712456
0.8590375
0.8570475
0.8604952
0.8585063
0.865
0.8729794
0.8664269
0.8617571
0.9422862
0.9043308
0.8838262
0.863797
0.8841141
0.8831624
0.9241185
0.92461
0.9137617
0.9129388
0.9263857
0.9274005
0.9245856
0.9272449
0.9256352
0.9247422
0.9258373
0.9229295
0.9240819
0.9228957
0.92618
0.912118
0.888617
0.888617
0.9129305
0.9147089
0.9149603
0.9161265
0.9158991
0.9109416
0.9152216
0.9172119
0.844674
0.9093869
0.8449792
0.8466164
0.8463607
0.8448819
0.9122457
0.9244196
0.9292389
0.9238878
0.8842531
0.9218991
0.921773
0.9118367
0.9268556
0.8853039
0.8558528
0.8997857
0.9011376
0.8901072
0.8883378
0.8893666
0.8911
0.8833105
0.8891035
0.8918197
0.9120856
0.9114065
0.9125789
0.8984091
0.899321
0.9044717
0.9011845
0.9117585
0.9237457
0.8517133
0.8442956
0.8720399
0.914444
0.8499981
0.9189236
0.9159865
0.9173682
0.9151162
0.9164684
0.9123111
0.9150581
0.9175991
0.9165268
0.8821944
0.9193741
0.9065082
0.9104757
0.9215851
0.8285769
0.8634908
0.884788
0.8916507
0.8966046
0.8796521
0.8721454
0.872962
0.8776627
0.8788768
0.8771156
0.8902987
0.8804169
0.8801076
0.947061
0.9077508
0.8950189
0.8771434
0.8910412
0.8937781
0.9244106
0.9221832
0.9036394
0.9069182
0.9224479
0.9246015
0.9234462
0.9241268
0.9236542
0.9218193
0.9228073
0.9220509
0.9232855
0.9215842
0.9202234
0.9065384
0.8872973
0.8872973
0.9100695
0.9123096
0.9094094
0.9084659
0.9032281
0.9054059
0.9080019
0.9059638
0.867634
0.904631
0.8660463
0.8633764
0.8670762
0.868342
0.9121962
0.9243283
0.9189959
0.9257405
0.8873071
0.9139809
0.9200216
0.9015149
0.919281
0.882969
0.8632791
0.903007
0.9068156
0.8925522
0.8852364
0.8988603
0.8881406
0.8926525
0.890723
0.8957483
0.9134463
0.9133134
0.9144963
0.90097
0.8956053
0.9008628
0.8992853
0.9002743
0.9179652
0.8615696
0.8582896
0.8813644
0.9093331
0.8624276
0.9154506
0.9145071
0.9210869
0.9193173
0.9196024
0.9023854
0.9155062
0.9138142
0.917011
0.8808744
0.9155505
0.901849
0.9036623
0.9270847
0.8625787
0.877751
0.8896648
0.9019071
0.8994271
0.8918226
0.8864996
0.8895672
0.890669
0.889278
0.894884
0.8899102
0.8912089
0.8902059
0.9406351
0.9101661
0.902342
0.895772
0.8978752
0.9004835
0.9306931
0.9297042
0.916307
0.9160468
0.9292661
0.929908
0.9303204
0.9283474
0.9278877
0.9286242
0.9299272
0.9270741
0.9291789
0.9310284
0.9305015
0.9170067
0.8961821
0.8961821
0.920241
0.9215638
0.9207376
0.9240372
0.9144751
0.9177741
0.9208326
0.9190156
0.8780621
0.9189743
0.8760638
0.8741087
0.8758714
0.877134
0.9164917
0.9306203
0.9308328
0.9290214
0.8958662
0.9287889
0.9333192
0.9142573
0.9307105
0.8927441
0.8803706
0.9077015
0.9125009
0.9010184
0.8973937
0.9019893
0.9018457
0.902478
0.90093
0.9036451
0.9137085
0.9118598
0.9139727
0.9060119
0.9019843
0.9065392
0.9091779
0.9170876
0.9266058
0.8743196
0.8772502
0.8861694
0.9164444
0.878671
0.9229747
0.9228639
0.9229665
0.9209101
0.9207607
0.9204213
0.9221649
0.9185383
0.9179273
0.8924085
0.9214316
0.9176614
0.9152524
0.9231988
0.8761107
0.849972
0.8730613
0.8771491
0.8873681
0.8698283
0.8614571
0.862083
0.8611419
0.8612597
0.866739
0.8749636
0.8705444
0.8645164
0.9370095
0.9023755
0.889641
0.8663581
0.8833333
0.8796917
0.918253
0.9214926
0.9096029
0.9092395
0.9196896
0.9207454
0.920274
0.9191785
0.9201721
0.9212952
0.9186255
0.917404
0.9208457
0.9197423
0.9219512
0.9080923
0.8847765
0.8847765
0.9130559
0.9148333
0.9125299
0.9142127
0.9081248
0.9112228
0.9098531
0.915495
0.8456419
0.9041648
0.8465075
0.8435675
0.8468085
0.8477074
0.9098083
0.9228389
0.9267393
0.9224524
0.8797783
0.9154375
0.9217429
0.9027733
0.9245399
0.8796968
0.8561664
0.8946328
0.8981992
0.8916132
0.8841798
0.8890999
0.8821989
0.8854504
0.8789301
0.8919102
0.898983
0.8996307
0.8987691
0.8979736
0.8984513
0.9050438
0.9011947
0.9103409
0.9185522
0.8515152
0.8438782
0.8771787
0.9094963
0.8456338
0.9173791
0.9154612
0.9121729
0.9126855
0.9085694
0.9083031
0.9083577
0.9129153
0.9168146
0.8745829
0.9171793
0.9054791
0.9063208
0.916816
0.8397938
0.8486142
0.8765017
0.8774154
0.8794449
0.871149
0.8634734
0.8636766
0.8610536
0.8610875
0.8754224
0.8709453
0.8686498
0.8671704
0.9406877
0.9006076
0.8882046
0.8672378
0.8859416
0.8846828
0.9167417
0.9149552
0.9089819
0.9051022
0.9147963
0.9191348
0.9151808
0.9171283
0.9179685
0.9185931
0.9152371
0.9168306
0.9146143
0.916178
0.9169855
0.9036979
0.8795422
0.8795422
0.9060393
0.9108555
0.9058802
0.9097591
0.9043724
0.9067709
0.9045278
0.9112116
0.8491468
0.8964367
0.8485913
0.8469075
0.848245
0.8503084
0.9063218
0.9184352
0.9250427
0.922582
0.8804947
0.9181056
0.9195946
0.9043273
0.9228458
0.8764573
0.8554302
0.8920183
0.8963795
0.8887387
0.8778884
0.8849382
0.8798127
0.8827499
0.8739877
0.8844387
0.8935442
0.8924178
0.8922587
0.8904189
0.894964
0.9005472
0.8984108
0.9070778
0.9170078
0.8536001
0.847755
0.8752404
0.9067168
0.8461222
0.9133437
0.9104721
0.9084172
0.9061666
0.9032164
0.9049845
0.9039825
0.915552
0.912674
0.8664817
0.91585
0.9024106
0.9021457
0.9189089
0.8418498
0.8609626
0.8878877
0.8893571
0.8936957
0.8807852
0.8784954
0.8770384
0.8766502
0.8789658
0.8777778
0.8908475
0.8903072
0.8825737
0.9459569
0.9043599
0.8905763
0.8723404
0.893535
0.8951235
0.9178991
0.9168204
0.9041057
0.9002949
0.9188307
0.9244151
0.9173557
0.9194517
0.9179174
0.9198112
0.9190535
0.9187923
0.9163228
0.9180735
0.918419
0.9014409
0.8887083
0.8887083
0.9115165
0.903271
0.9110609
0.9037687
0.8997591
0.903779
0.9005205
0.9061861
0.8665315
0.9041051
0.8670818
0.8681897
0.8664358
0.8679872
0.9076575
0.9275118
0.919729
0.9241057
0.8893978
0.9164853
0.9130309
0.8983155
0.9141362
0.8877603
0.8699433
0.8987896
0.9072212
0.8994526
0.8798619
0.8946671
0.8885785
0.8926689
0.8872784
0.8975152
0.9160376
0.9145091
0.9159579
0.904052
0.905619
0.9064183
0.9053145
0.9002119
0.9169936
0.8689525
0.8604045
0.8876377
0.9059322
0.8782701
0.9171827
0.913259
0.9252501
0.9222383
0.9206475
0.903413
0.9146209
0.9137619
0.9190822
0.8800923
0.91353
0.8992041
0.9016271
0.9242567
0.8718636
0.8553613
0.8808925
0.8868345
0.8872437
0.875261
0.8699172
0.8680815
0.870176
0.8698307
0.8768658
0.8819299
0.8804544
0.8747651
0.9446297
0.9030526
0.8934102
0.8738614
0.8883041
0.894497
0.9212559
0.919499
0.9105977
0.905745
0.9231653
0.923643
0.9214536
0.9199356
0.922431
0.9221502
0.9196573
0.9198536
0.9196656
0.9220372
0.9224712
0.9096857
0.8859396
0.8859396
0.9145533
0.9133253
0.9129506
0.9130496
0.9059911
0.9099394
0.9169469
0.9167108
0.8487545
0.9106943
0.8493579
0.8559911
0.8480268
0.8499981
0.9128302
0.9266996
0.9239293
0.9257255
0.8887892
0.9217326
0.9240614
0.9065337
0.9267196
0.8830198
0.8579047
0.9077394
0.9065813
0.8942613
0.8913261
0.8945888
0.8917306
0.8959081
0.8903357
0.8990962
0.9087783
0.907309
0.9097728
0.9008395
0.8974402
0.9060964
0.8996224
0.9117252
0.9189237
0.8557553
0.8443768
0.8777057
0.9144832
0.8647866
0.915013
0.9192492
0.9163911
0.9182041
0.9157633
0.9088847
0.9172337
0.9174828
0.9157555
0.8815588
0.9176227
0.9064069
0.9058611
0.9236731
0.8478731
0.8499776
0.8738993
0.8828904
0.8854907
0.8728305
0.8654158
0.8651147
0.8643868
0.8684182
0.8699466
0.8726854
0.8698199
0.8680077
0.9343173
0.9036393
0.8911823
0.8697405
0.8822482
0.8805606
0.9262166
0.9287778
0.9116034
0.9112208
0.9285279
0.9274277
0.9267979
0.9284165
0.9278817
0.9257891
0.9254798
0.9275255
0.9262992
0.9240348
0.9257073
0.9119812
0.8848058
0.8848058
0.9103498
0.9127238
0.9125
0.9129878
0.9077421
0.910337
0.9150056
0.9133492
0.8368524
0.9111376
0.8372479
0.8358918
0.8381755
0.8392399
0.9104771
0.9256152
0.9313868
0.9270918
0.8856628
0.9251318
0.9270078
0.9097637
0.9294676
0.8815899
0.8475655
0.8987898
0.8980811
0.8926674
0.8908543
0.8868968
0.8874991
0.8876404
0.8819842
0.8872277
0.8995004
0.897313
0.8978471
0.8934923
0.893805
0.9041091
0.8977116
0.9143907
0.9280134
0.8435992
0.8391574
0.8680347
0.9114849
0.8538613
0.920042
0.9171502
0.9116306
0.9109156
0.9107525
0.9114041
0.9110437
0.9142431
0.9089697
0.8743577
0.9218942
0.9054444
0.9090299
0.9148446
0.8138836