0.9219633
0.917836
0.9102032
0.9091332
0.912193
0.9101107
0.9162057
0.9188442
0.9150461
0.9178871
0.9198551
0.9126023
0.9118625
0.9087826
0.9051153
0.9029568
0.9042398
0.9014318
0.8980039
0.9046304
0.9046232
0.9018755
0.9031374
0.9196488
0.9302116
0.9153004
0.8968608
0.9308442
0.9074813
0.9064392
0.9045627
0.918484
0.9227211
0.9031443
0.9221471
0.9137871
0.9263601
0.910624
0.9184901
0.9031105
0.9189123
0.9115348
0.9146648
0.8957334
0.9202976
0.8997021
0.9082375
0.9109682
0.9024547
0.9028543
0.9143534
0.9033173
0.9366598
0.9289104
0.9282702
0.9020828
0.9115847
0.9177213
0.9028178
0.9100817
0.9009087
0.9130158
0.9123722
0.9101952
0.9168129
0.9216059
0.9145067
0.9228091
0.9232801
0.910126
0.9098773
0.9094476
0.9104164
0.8948873
0.9101528
0.9029234
0.9038814
0.9029046
0.9124442
0.9083951
0.9111024
0.911042
0.9080238
0.9064977
0.9007719
0.9062612
0.9078933
0.9043309
0.898506
0.9145417
0.9199845
0.9077753
0.9147866
0.9194905
0.9122602
0.9090941
0.9027132
0.8957154
0.9058093
0.9098077
0.9121092
0.9081772
0.9041041
0.9040136
0.9037399
0.900734
0.9105371
0.9107848
0.9088137
0.9078288
0.9060861
0.9040828
0.902218
0.9098014
0.90759
0.9063416
0.9099516
0.8955099
0.9065129
0.9024743
0.9055527
0.8898949
0.9060839
0.9194774
0.9270376
0.9078881
0.9041372
0.9289383
0.9111801
0.9164198
0.9081921
0.9171988
0.9161882
0.9093627
0.9152254
0.917588
0.921548
0.9116791
0.9159342
0.9053254
0.908766
0.8996264
0.91643
0.8932377
0.9105603
0.904174
0.8998789
0.9096106
0.9028187
0.9035746
0.9095388
0.9030535
0.928196
0.9226687
0.9216047
0.9020501
0.9089866
0.9126829
0.9011571
0.9099737
0.9044832
0.9097039
0.9069726
0.9030165
0.9160903
0.9119286
0.9132644
0.9105209
0.9138721
0.9090421
0.9118233
0.9126488
0.911749
0.8943347
0.9127299
0.9060937
0.9094467
0.9063929
0.9131611
0.910374
0.9002239
0.9037243
0.9081391
0.890402
0.902364
0.9019856
0.9018552
0.9098417
0.8947836
0.9097215
0.9129399
0.9064463
0.9053894
0.9106856
0.9092859
0.902501
0.9016893
0.9032199
0.9045711
0.908884
0.9171772
0.9133191
0.9093509
0.9086719
0.910151
0.9109729
0.9191851
0.9114754
0.9122296
0.9121655
0.9105706
0.9078108
0.9048303
0.9142077
0.911976
0.9126925
0.9149363
0.8976406
0.9094424
0.907617
0.9087496
0.8979011
0.913442
0.9263242
0.928927
0.9170922
0.9088097
0.9233936
0.9150537
0.9178703
0.9137284
0.9201007
0.9223661
0.9143149
0.9216043
0.9222704
0.9224093
0.9152608
0.9172263
0.9082318
0.9178372
0.9032107
0.9158875
0.90486
0.9164291
0.913072
0.9087432
0.9099218
0.6510055
0.6530469
0.9163407
0.6696957
0.928949
0.9278409
0.9250815
0.9080616
0.9130157
0.9176375
0.9072767
0.9110099
0.908083
0.9125932
0.9138358
0.9117093
0.9203617
0.9199972
0.9169481
0.9192645
0.9237864
0.9166343
0.9167839
0.9140547
0.9171107
0.9041802
0.9151331
0.9160762
0.9141335
0.9095352
0.9162789
0.913094
0.9030019
0.9113951
0.9091588
0.8996844
0.9060316
0.9070531
0.9080953
0.9160137
0.9062261
0.9071589
0.9201628
0.9062345
0.9113192
0.9174263
0.9133772
0.9072862
0.9083068
0.9100529
0.9078166
0.9125383
0.9073486
0.9051865
0.9001966
0.8995487
0.9019622
0.8984766
0.9085212
0.9067539
0.9023931
0.9024435
0.9016722
0.8973178
0.9051608
0.8625258
0.8710197
0.8682293
0.9011052
0.8911447
0.8919145
0.8942564
0.865277
0.8898494
0.8985428
0.9143039
0.923274
0.9040109
0.892154
0.9211186
0.9024038
0.9071901
0.8993079
0.9153636
0.9161155
0.902368
0.9159589
0.9141555
0.92176
0.9053129
0.9123408
0.8985156
0.907178
0.9043995
0.9077199
0.8861395
0.9127075
0.8998799
0.9006533
0.9006692
0.8989248
0.8991712
0.9062691
0.9015811
0.9308378
0.9255174
0.9252903
0.8952729
0.9019367
0.908426
0.8945114
0.901805
0.8936194
0.9046677
0.9065918
0.8976744
0.9080923
0.9144859
0.9090974
0.9117162
0.9170455
0.9036275
0.9066232
0.9048651
0.9046366
0.895071
0.9074774
0.8989458
0.8996765
0.896353
0.9099635
0.9018586
0.9020835
0.8977617
0.9011984
0.8915733
0.8939643
0.897268
0.8940059
0.9028769
0.8940971
0.9062511
0.9134372
0.9016977
0.9052389
0.9104766
0.9048682
0.9006437
0.8980366
0.8491073
0.8965001
0.8972158
0.9205955
0.9188834
0.9184662
0.9182544
0.9162651
0.9209352
0.919123
0.9163087
0.9184082
0.9181475
0.9193917
0.9197315
0.9249699
0.9135105
0.9116672
0.9099332
0.9114574
0.9113395
0.9159924
0.9163669
0.9190843
0.91692
0.9147626
0.9188316
0.9258482
0.9158116
0.9117881
0.9297978
0.9083495
0.9075302
0.9096114
0.9217477
0.9175679
0.9143672
0.9168211
0.9224302
0.9239947
0.913837
0.9179906
0.9087694
0.9140738
0.924344
0.9147065
0.903749
0.9158496
0.904235
0.9058892
0.9137518
0.9195742
0.9208396
0.91459
0.9202701
0.9293775
0.9259625
0.9257509
0.9101636
0.9166638
0.9189866
0.910052
0.9118528
0.9155916
0.9112962
0.915698
0.9174916
0.91643
0.9233221
0.9110658
0.9218337
0.9248571
0.9100558
0.916555
0.9124948
0.9126012
0.9165226
0.9116689
0.9076998
0.9074481
0.9123154
0.9162105
0.9131377
0.9246575
0.9188272
0.9144625
0.9181158
0.9153513
0.9124705
0.9181042
0.9066358
0.9202398
0.9193249
0.9200041
0.9187949
0.9151249
0.9177033
0.9177875
0.9225815
0.9125305
0.9052862
0.9089387
0.9134169
0.8834411
0.8725512
0.8736492
0.8718385
0.879554
0.8747164
0.8845006
0.877825
0.8766331
0.8732554
0.8675877
0.879276
0.9037018
0.9191328
0.9145652
0.913393
0.8971412
0.9000738
0.8951124
0.8849425
0.9138101
0.8991167
0.8967716
0.9052514
0.9105235
0.8866037
0.8969842
0.9126438
0.8926806
0.8960597
0.889683
0.9103212
0.8792281
0.8971433
0.8795073
0.9118491
0.9102615
0.891425
0.905105
0.8901538
0.8679053
0.9045014
0.89549
0.898369
0.9109526
0.9071941
0.9007846
0.8807174
0.9116879
0.9131914
0.8836008
0.9146063
0.9028079
0.9013782
0.8990215
0.8810175
0.8876876
0.8951761
0.8837148
0.888594
0.8788574
0.8830435
0.8798969
0.8853771
0.8952294
0.8931935
0.8938603
0.8764336
0.8887098
0.9095406
0.9117339
0.9076109
0.9096793
0.9150635
0.9097263
0.9073066
0.9085595
0.8811763
0.8920892
0.890124
0.900301
0.877764
0.8826097
0.8987546
0.8745613
0.8814865
0.9019586
0.8930752
0.9056477
0.8827517
0.8733333
0.8808436
0.8785805
0.8738384
0.8877732
0.9043677
0.8776363
0.9088495
0.8853696
0.8854959
0.9134932
0.9138729
0.9037243
0.9062444
0.9050147
0.9045324
0.911182
0.911431
0.9067141
0.9099716
0.9182381
0.9033053
0.9105697
0.8734942
0.8718877
0.870209
0.8972474
0.8953204
0.9012959
0.9030056
0.8770941
0.9013015
0.8977695
0.9145191
0.9247037
0.9058714
0.8949735
0.9236255
0.9037639
0.9062106
0.8983799
0.9106471
0.9132444
0.9021899
0.913746
0.9154028
0.9218014
0.9062221
0.911906
0.8991014
0.9136409
0.9111414
0.9083101
0.8917515
0.9169087
0.9048437
0.9043429
0.8998947
0.8994696
0.8995562
0.9046679
0.9016417
0.9285178
0.922768
0.923013
0.8971582
0.9025112
0.9095196
0.894512
0.8998922
0.8913155
0.9029489
0.911131
0.8998987
0.911772
0.9174044
0.9079671
0.9155837
0.9185443
0.9069868
0.9113406
0.9103713
0.9075163
0.8997536
0.9074034
0.9023562
0.9041912
0.8983518
0.9098832
0.9016423
0.9066777
0.9010347
0.9009029
0.8993531
0.8973874
0.8994968
0.9016735
0.8993369
0.9012264
0.9135503
0.9169295
0.9068937
0.9125562
0.9158885
0.9048012
0.9038902
0.898228
0.8523595
0.8984196
0.9060616
0.8672563
0.8508597
0.8511511
0.8474704
0.8710707
0.8501169
0.8725025
0.8535268
0.8550351
0.8527665
0.8497038
0.8540094
0.9066944
0.9143728
0.9118729
0.9131319
0.8941446
0.9025013
0.8943341
0.8765731
0.9158918
0.8968968
0.8942674
0.8989409
0.9034756
0.8763782
0.8925816
0.9030574
0.8773916
0.884095
0.8775764
0.9036444
0.8437699
0.8960463
0.8453014
0.907496
0.9011754
0.8801566
0.9003924
0.8825474
0.5921486
0.9058238
0.8821691
0.8929088
0.9008216
0.9060197
0.895088
0.8717882
0.9135458
0.914319
0.8783208
0.9137405
0.8880298
0.8758105
0.879817
0.8736749
0.8742062
0.884338
0.8699611
0.8766779
0.8713204
0.8703228
0.8663567
0.8787834
0.8828816
0.8811138
0.8830416
0.8309414
0.8777995
0.9053288
0.9087015
0.9057324
0.9057
0.9157254
0.9067166
0.9058626
0.9063851
0.8690027
0.8846279
0.8825892
0.9017285
0.8608696
0.8702599
0.9048893
0.8676154
0.8657341
0.9057099
0.8844661
0.9150801
0.8732353
0.8328409
0.8737733
0.8675907
0.8342169
0.8769995
0.9085002
0.870482
0.9125709
0.8752483
0.8731912
0.8719197
0.8513025
0.8565861
0.8515079
0.8674819
0.8523793
0.8725324
0.8590213
0.8621958
0.8566072
0.8517513
0.8593399
0.9057342
0.9142847
0.9138392
0.9117594
0.8922463
0.8947654
0.8951378
0.8786246
0.91488
0.8980202
0.8912988
0.8974687
0.9082068
0.8796866
0.8976403
0.9093543
0.8789007
0.8888404
0.8801912
0.9014791
0.8504648
0.8981071
0.8545779
0.9054369
0.902517
0.8846043
0.9023277
0.8829923
0.811023
0.9027379
0.8889974
0.8896637
0.9017164
0.9022202
0.8920671
0.8717759
0.9114938
0.9118085
0.8799898
0.9133044
0.8883458
0.8819939
0.8809737
0.8751978
0.8781122
0.8886118
0.867345
0.8765068
0.8740965
0.8777676
0.8662973
0.8775458
0.8895393
0.8797619
0.8867556
0.8406953
0.8804646
0.9055433
0.9067481
0.9070796
0.905134
0.9137907
0.9041576
0.9027041
0.9027558
0.8746088
0.8817474
0.8816557
0.8964872
0.8590137
0.8729873
0.8996055
0.8654525
0.8719838
0.9024547
0.8834018
0.91177
0.875
0.8384273
0.8729811
0.8673654
0.8399713
0.8800627
0.9038728
0.8729725
0.9095034
0.8771414
0.8756826
0.8761954
0.8731222
0.8666864
0.8654964
0.8774886
0.868691
0.8808908
0.8639869
0.8781183
0.8681815
0.868881
0.8760431
0.9135053
0.9198326
0.9167021
0.9176416
0.8969466
0.9132812
0.901738
0.8876482
0.9197516
0.9103974
0.8991282
0.900526
0.9075825
0.889605
0.9011244
0.9118329
0.8884038
0.8888084
0.8863842
0.908569
0.8497784
0.8966734
0.850346
0.9104906
0.9051974
0.8893474
0.9065321
0.8920124
0.8405595
0.9164072
0.8888048
0.903753
0.9112495
0.9115851
0.9089224
0.8815194
0.9226251
0.923872
0.8869361
0.9213384
0.8910382
0.886229
0.8837499
0.8857112
0.88705
0.8902601
0.8827654
0.8856155
0.8820415
0.8894807
0.881327
0.8860498
0.8917673
0.892501
0.8888129
0.8438157
0.889325
0.9083363
0.9091744
0.9067616
0.9098636
0.9240857
0.9066145
0.906152
0.9078413
0.8797589
0.8891891
0.8867945
0.9146225
0.8855529
0.8807964
0.9117626
0.8800161
0.8759242
0.9123134
0.8878202
0.9252103
0.8855954
0.8462746
0.8842561
0.8841888
0.8446067
0.8858476
0.9155433
0.880739
0.9143613
0.8855584
0.8830274
0.8828626
0.8761835
0.8763394
0.8707681
0.8791588
0.8759331
0.8828406
0.8748761
0.878403
0.8726884
0.8768236
0.8796646
0.9189332
0.9154224
0.9120883
0.9114849
0.8883739
0.9083779
0.8977602
0.8847314
0.9142118
0.9145734
0.8914911
0.8970874
0.9087144
0.8886368
0.8971357
0.9169115
0.8801991
0.880365
0.8804668
0.9061629
0.8580404
0.8960317
0.8576653
0.9062248
0.9068391
0.8887015
0.9059723
0.8906076
0.8528668
0.9200874
0.8892371
0.8998287
0.9129121
0.9061698
0.906993
0.8837565
0.9196538
0.9203025
0.8913676
0.9217669
0.8947002
0.8879268
0.8882873
0.880909
0.8894948
0.8914074
0.8788733
0.8852884
0.8841546
0.8874716
0.8866602
0.8895028
0.8918369
0.8975681
0.8875248
0.8557785
0.88777
0.9045501
0.9079989
0.9055757
0.9082595
0.9211849
0.9054294
0.9005729
0.9038043
0.8813083
0.8883404
0.8809945
0.9152507
0.8861957
0.8869071
0.91347
0.8872139
0.8779758
0.9132483
0.885052
0.92103
0.8951408
0.8585258
0.887699
0.8893737
0.8566084
0.8807856
0.9160895
0.8840405
0.9073914
0.8870089
0.8841488
0.8876834
0.8760448
0.8813849
0.8808279
0.8878853
0.8789117
0.8873762
0.881279
0.8870201
0.8781582
0.8763938
0.8806084
0.9148036
0.9280361
0.9246789
0.923907
0.9110956
0.9137
0.9114386
0.8989906
0.9299934
0.9168683
0.914793
0.9087173
0.9163605
0.8962254
0.9135681
0.9113822
0.9017468
0.9069487
0.9056724
0.9181011
0.8755655
0.9090654
0.8754747
0.9190019
0.9100248
0.9031031
0.9113587
0.9073643
0.8688327
0.9171849
0.9063525
0.9118355
0.9099534
0.9194142
0.912914
0.8977569
0.9248457
0.9249254
0.8989035
0.9241062
0.8963107
0.8931731
0.8937765
0.900531
0.8986643
0.9036885
0.9034097
0.9005016
0.9029697
0.9048996
0.8885061
0.8986323
0.9010672
0.8968098
0.8971637
0.8675933
0.8965116
0.9147154
0.9144165
0.9139434
0.9164421
0.927569
0.9166083
0.9189076
0.9208575
0.8969857
0.8995779
0.906655
0.9171567
0.889302
0.8972302
0.9170602
0.8949238
0.8953202
0.9179198
0.9101136
0.9288161
0.89087
0.8693674
0.8942619
0.8849685
0.8687031
0.8962865
0.9217193
0.9007999
0.9262148
0.8995323
0.8953245
0.8697259
0.8570894
0.8631657
0.8602283
0.8728519
0.8565371
0.8721735
0.8612105
0.8631016
0.8564145
0.8600239
0.8583783
0.9102697
0.9184236
0.9182354
0.9172149
0.9016026
0.907705
0.8977961
0.8864711
0.9201358
0.9066405
0.900148
0.9006334
0.9096665
0.8824256
0.8984358
0.9069216
0.8862269
0.8894538
0.8837049
0.9042859
0.8534415
0.8975211
0.8536204
0.9135941
0.9022858
0.8830403
0.9053728
0.891581
0.70802
0.9131239
0.8870746
0.9027938
0.9063626
0.9110011
0.9019269
0.8807622
0.9185404
0.9185461
0.8809385
0.9183717
0.8879238
0.8803554
0.8794232
0.8826903
0.8799693
0.8884593
0.8775292
0.8774597
0.881696
0.8803521
0.8729722
0.8787491
0.8916556
0.8855514
0.8904539
0.8419047
0.8824503
0.9066752
0.9130742
0.9100352
0.9087548
0.9213309
0.9083725
0.906509
0.909564
0.8773907
0.8860113
0.8904307
0.9092461
0.8656106
0.8748211
0.9087256
0.8765314
0.8767967
0.9132551
0.8879392
0.9205973
0.8803864
0.8449045
0.8797473
0.8704242
0.8416595
0.8785623
0.9104472
0.8808817
0.9132977
0.8791725
0.882204
0.8721473
0.852303
0.8580272
0.8551634
0.8712049
0.8510486
0.8708101
0.8561513
0.8584482
0.8533423
0.8505509
0.8564647
0.9039501
0.913812
0.9162942
0.9170419
0.8977593
0.9047466
0.8961434
0.8825799
0.9195739
0.9012196
0.9001043
0.8982961
0.9092121
0.8819117
0.8982008
0.9049252
0.8850995
0.8894842
0.8822953
0.9064715
0.8506919
0.900071
0.8526214
0.9079118
0.9012643
0.8819622
0.9059336
0.886321
0.6718185
0.9073051
0.8858258
0.900482
0.9008715
0.9082512
0.8980406
0.8751927
0.9177957
0.9193565
0.8790862
0.9165167
0.8860053
0.8803347
0.8841017
0.8802963
0.8830409
0.8837891
0.8791607
0.8819068
0.8783952
0.8758874
0.869956
0.879468
0.8879054
0.8817075
0.8893641
0.836055
0.8815799
0.9042383
0.9071494
0.9032718
0.9042197
0.9177242
0.9053126
0.9056664
0.9069279
0.8749083
0.8866556
0.8906166
0.9010714
0.8670221
0.870065
0.90699
0.8725941
0.8715896
0.9067539
0.884319
0.9189809
0.8773867
0.8404024
0.8795251
0.868276
0.8382763
0.8775258
0.9094908
0.8765047
0.9140672
0.8771429
0.8783339
0.8721672
0.8466308
0.8544552
0.8508959
0.8638034
0.8513311
0.8706672
0.8539452
0.8588366
0.852589
0.8417968
0.8545115
0.8983514
0.9144721
0.9124876
0.9142401
0.8932396
0.9004586
0.8892122
0.8684394
0.9148342
0.8994495
0.8934311
0.8901169
0.9033575
0.8790328
0.8899637
0.902902
0.8789011
0.8863694
0.8786789
0.9050707
0.8457467
0.8897993
0.8474356
0.9062883
0.9007955
0.8783652
0.9019253
0.8784294
0.8168459
0.9018591
0.8868196
0.889761
0.9053453
0.9046036
0.8957885
0.8735143
0.9132285
0.9137695
0.8759949
0.9143795
0.8889161
0.881353
0.8772912
0.8727866
0.879667
0.8887571
0.8667849
0.8811799
0.8714349
0.8739765
0.862779
0.8745207
0.8857
0.8799201
0.8854695
0.825256
0.8743599
0.9020459
0.9052416
0.906341
0.904794
0.9114453
0.9045623
0.9029234
0.9047721
0.8761149
0.8803954
0.8818421
0.8983208
0.8662157
0.8714129
0.9010187
0.8650697
0.8703276
0.9062765
0.883295
0.9152165
0.8737917
0.8256268
0.8679562
0.8695891
0.823885
0.8748361
0.9012525
0.8735451
0.9157381
0.878218
0.8738262
0.8761127
0.8570473
0.8588611
0.8603755
0.8765866
0.8580307
0.8782235
0.8682188
0.8667769
0.8632747
0.8538717
0.8654549
0.9043543
0.9184346
0.9174843
0.9163162
0.8987732
0.9010368
0.8947688
0.8750091
0.9194138
0.8956961
0.897446
0.8961538
0.9097768
0.8823338
0.895718
0.9095054
0.8867904
0.8923896
0.8843294
0.9083161
0.8560469
0.893245
0.858367
0.9071084
0.9058811
0.8835865
0.9089406
0.8882824
0.8418474
0.9066842
0.8927639
0.893655
0.9058917
0.9104637
0.9023997
0.8766753
0.9095201
0.9094112
0.8813419
0.9083859
0.8940183
0.8869972
0.8874974
0.883123
0.881639
0.8928559
0.8770603
0.8833315
0.8769534
0.8781671
0.8712998
0.8801059
0.8935891
0.8913168
0.8863636
0.8440912
0.8874101
0.9081982
0.9102978
0.9099901
0.9091422
0.9149416
0.9107647
0.9099685
0.9067745
0.8811262
0.8860154
0.8880223
0.9057673
0.870224
0.8737967
0.902723
0.8746707
0.8748587
0.9067179
0.8883733
0.9158015
0.8765665
0.8487211
0.8778127
0.8710337
0.84797
0.8834331
0.9094064
0.8787171
0.9146597
0.8825623
0.8775569
0.8898124
0.8832836
0.8802553
0.8772348
0.8869602
0.8831328
0.8874049
0.8831687
0.8849016
0.8783071
0.8815846
0.8814219
0.9153241
0.9154135
0.9153628
0.9139732
0.8957871
0.9120625
0.8988914
0.89001
0.9196953
0.9117329
0.9003901
0.9019322
0.9116611
0.8887705
0.9001021
0.9112498
0.8906633
0.8921373
0.8899474
0.908447
0.8702221
0.8954405
0.8706238
0.9098533
0.9079358
0.8914616
0.9113018
0.8936569
0.8756065
0.916626
0.8946624
0.9074537
0.9097612
0.9127184
0.9080432
0.8895043
0.9206311
0.9203757
0.8938923
0.9212969
0.9012438
0.8938334
0.8968169
0.887395
0.8951639
0.8913059
0.885426
0.8943012
0.8878271
0.8895549
0.8853524
0.8923066
0.8964332
0.8955488
0.8930578
0.875054
0.8926718
0.9062664
0.9102573
0.9061272
0.908465
0.9254159
0.9054836
0.9042542
0.9056544
0.8845947
0.8965542
0.886947
0.9150179
0.881227
0.8926746
0.9169557
0.8892782
0.8915487
0.9157127
0.8906675
0.9230309
0.8918919
0.8718309
0.889459
0.8862502
0.8674603
0.8875209
0.9169309
0.8870407
0.9135032
0.8870073
0.8836714
0.8938692
0.8792123
0.882708
0.883124
0.8968723
0.8842293
0.8926044
0.882276
0.8862487
0.8798103
0.875994
0.8912604
0.9187467
0.9323014
0.9262126
0.9280344
0.9197718
0.9193219
0.9162029
0.9011271
0.9344819
0.9182864
0.9214763
0.9050453
0.9175369
0.9031561
0.9148324
0.912374
0.902664
0.9055423
0.9021635
0.9166464
0.8693845
0.9171981
0.8704088
0.9205483
0.9109385
0.9035524
0.9167977
0.9063152
0.8724962
0.9197837
0.9056477
0.9186182
0.9139399
0.9231423
0.9114069
0.8968214
0.9299301
0.9289349
0.900756
0.9308885
0.8974297
0.8985343
0.9014148
0.9022747
0.8987974
0.9038686
0.8998603
0.9009869
0.8984739
0.9006919
0.8869406
0.8963236
0.904643
0.900982
0.9115386
0.8674217
0.8914347
0.9215036
0.9211826
0.9212045
0.9203898
0.9333933
0.9233452
0.9210434
0.9198934
0.8977875
0.904462
0.9084138
0.9197831
0.8875688
0.8974396
0.919194
0.8962013
0.8961197
0.9226682
0.9093367
0.9328164
0.8970426
0.8640627
0.8987378
0.8916738
0.8628855
0.8984191
0.9221517
0.9000322
0.9298997
0.9008075
0.9006821
0.8777932
0.8659592
0.8706268
0.8661446
0.8780134
0.8674066
0.8773261
0.8699893
0.8721096
0.8691561
0.8698542
0.8698635
0.9112287
0.9197823
0.9216591
0.9231961
0.9026843
0.9113533
0.9048767
0.8926307
0.9265442
0.9119457
0.906471
0.8982243
0.9052139
0.8935119
0.9065258
0.9050376
0.8901352
0.8953727
0.8909666
0.9087714
0.8630585
0.9045432
0.864518
0.9125858
0.9070635
0.889239
0.9077048
0.8980269
0.8465616
0.9137174
0.8939112
0.9056761
0.9078412
0.9164781
0.9036128
0.8854466
0.9221559
0.9218603
0.8827676
0.9237015
0.8936333
0.8894129
0.890151
0.8841922
0.8915125
0.8942793
0.8824237
0.8847523
0.8870552
0.8867327
0.8835004
0.8910813
0.8883245
0.8923066
0.8902198
0.8604582
0.8878708
0.9132335
0.915338
0.9142948
0.911718
0.9267688
0.9141437
0.9135488
0.9139899
0.8830073
0.8869196
0.8869706
0.9102836
0.8770381
0.8807033
0.9149071
0.8804146
0.8887886
0.9172233
0.8945067
0.9262945
0.8894648
0.8581709
0.8877207
0.8778784
0.8564241
0.8885129
0.9212694
0.8894846
0.9173721
0.8888447
0.8872159
0.9172713
0.9149103
0.9092933
0.9104884
0.9089321
0.9107271
0.9140505
0.9129844
0.9139295
0.913017
0.9154683
0.9066047
0.9143092
0.8760925
0.8762237
0.8770662
0.9006411
0.8988071
0.9046631
0.9003719
0.8773972
0.9084885
0.9044936
0.9161057
0.926797
0.9122215
0.9040531
0.9268599
0.9080099
0.9100222
0.9069668
0.9092553
0.9187568
0.9031924
0.9178749
0.9177435
0.9196883
0.9104224
0.9159034
0.9002409
0.911816
0.9130854
0.9098329
0.8944704
0.9192388
0.9078002
0.9068347
0.9048391
0.9058386
0.9075648
0.9138549
0.9080839
0.9319238
0.9287716
0.923053
0.9004227
0.9073683
0.9131994
0.9018736
0.9063457
0.9021024
0.9111593
0.9158802
0.9083524
0.9164408
0.9179985
0.9114639
0.9160693
0.9204863
0.9102715
0.9103316
0.9077948
0.910213
0.9039015
0.910843
0.9051402
0.9073941
0.906068
0.9129045
0.9083413
0.9131116
0.9077825
0.9069909
0.9060071
0.9029568
0.9078466
0.9056166
0.9035504
0.9098196
0.910986
0.917829
0.9096978
0.9162528
0.9138732
0.9069302
0.9109749
0.9033155
0.862233
0.9031025
0.9115721
0.8963631
0.8935837
0.886932
0.8848578
0.8930481
0.8848302
0.901732
0.8959875
0.8949694
0.8934985
0.8828424
0.8926162
0.8335701
0.910604
0.9054527
0.9024178
0.9080374
0.8383016
0.8968994
0.8840352
0.9006436
0.7621753
0.9060011
0.9153053
0.9238304
0.904089
0.8994062
0.9164112
0.9008763
0.9108822
0.8991394
0.9137615
0.9086349
0.9032787
0.9082504
0.9161089
0.917633
0.9017073
0.9095433
0.896287
0.8965666
0.8341635
0.9102623
0.8887072
0.9010593
0.9090972
0.8935304
0.8914359
0.893424
0.8945506
0.8971996
0.892377
0.9179292
0.9158132
0.9124189
0.8964893
0.896791
0.9101064
0.8890351
0.9011119
0.8853342
0.9016805
0.8916754
0.8890506
0.9134575
0.9027254
0.9047024
0.9004712
0.9072052
0.9069227
0.9085121
0.9091657
0.9080357
0.8897348
0.9083143
0.9037687
0.9013307
0.8962818
0.9087217
0.9085777
0.832569
0.8862862
0.8942948
0.8250173
0.8853949
0.8879452
0.84322
0.905932
0.8910902
0.8908471
0.8999713
0.8940037
0.8882749
0.9032604
0.9001401
0.8408997
0.8947885
0.9082257
0.8941018
0.8998999
0.9042591
0.9023322
0.9001098
0.8969811
0.9000141
0.9007799
0.9072516
0.9003784
0.9026331
0.8997661
0.9003369
0.8973885
0.9140548
0.9121784
0.9148139
0.912317
0.9046771
0.9065305
0.9025459
0.9061787
0.920278
0.9061008
0.9041444
0.9090438
0.9230191
0.903706
0.901712
0.9188408
0.9017562
0.9065673
0.9049572
0.9161066
0.9105131
0.9052085
0.9100987
0.9135862
0.9141013
0.9039045
0.9161797
0.9048003
0.9021472
0.911259
0.9104368
0.8748942
0.8933177
0.8879892
0.8778317
0.9037492
0.9128833
0.9125869
0.9100564
0.9154944
0.9206269
0.9176042
0.9188923
0.9008229
0.9014546
0.9055977
0.8990887
0.9036696
0.8965419
0.9025023
0.9034918
0.9019256
0.9070737
0.908013
0.9064485
0.9047903
0.9113593
0.8978368
0.8988338
0.9019898
0.9004189
0.9171013
0.9007644
0.8945949
0.8945238
0.9024442
0.9004954
0.902572
0.9133387
0.902069
0.9044794
0.9066242
0.9049616
0.9031986
0.9153205
0.9007309
0.9174124
0.9037362
0.904712
0.9045991
0.9041706
0.9042002
0.9040025
0.9082604
0.9019837
0.9092967
0.9032486
0.9013351
0.9109176
0.9076973
0.8972347
0.8959762
0.9061146
0.8997031
0.9077909
0.9048572
0.9048552
0.9008304
0.906942
0.8990251
0.8968062
0.9010345
0.8904094
0.8937371
0.8918751
0.8860731
0.8910482
0.8921799
0.8936507
0.8863418
0.8905395
0.9138488
0.9210768
0.9032573
0.8917344
0.9221502
0.8975199
0.8975663
0.898244
0.9121597
0.9141139
0.8969457
0.9143072
0.9048352
0.9149663
0.8991387
0.9092902
0.8894837
0.9088454
0.9012814
0.8986398
0.879439
0.9100021
0.8928291
0.8967614
0.8953668
0.8911188
0.8922627
0.902477
0.8940361
0.9245342
0.9169826
0.9167076
0.8880564
0.8990448
0.9050148
0.8895252
0.9015967
0.8886673
0.8979429
0.9045843
0.8956703
0.9077976
0.9177587
0.9013794
0.9134716
0.9177544
0.8997962
0.9044646
0.899599
0.9017757
0.8930014
0.9000947
0.8918005
0.8919694
0.8919744
0.9056597
0.8940612
0.8954526
0.8965188
0.8982606
0.8903366
0.8942841
0.8946925
0.8917804
0.8929903
0.893431
0.9043998
0.9087901
0.9004955
0.9031404
0.9051145
0.9039603
0.8908123
0.8960261
0.8877209
0.8953723
0.9018398
0.8917019
0.8784231
0.8726741
0.8711282
0.88368
0.8729636
0.8876465
0.8738919
0.8734804
0.8762808
0.8757031
0.8738166
0.9179539
0.9181847
0.9154801
0.9119686
0.8855784
0.9069124
0.8928915
0.874595
0.9164266
0.9099845
0.89887
0.8966281
0.9111459
0.8744114
0.8911886
0.9087856
0.8775311
0.8813007
0.8779985
0.9044177
0.8726403
0.8925552
0.8745889
0.9047935
0.9034783
0.8820746
0.9031792
0.8833597
0.8670362
0.9169415
0.8763569
0.9011892
0.9087921
0.9108392
0.9015064
0.8792765
0.9183389
0.9192482
0.8814785
0.9207385
0.9000895
0.8912497
0.8939124
0.8798129
0.8795904
0.888718
0.8676854
0.8806951
0.8730872
0.8753527
0.8727834
0.8762247
0.8904236
0.8897923
0.8861643
0.8687292
0.8963333
0.91093
0.9109486
0.9058324
0.9087262
0.9207624
0.9102294
0.9108552
0.9129028
0.8767905
0.8731276
0.880069
0.9125812
0.8672033
0.8786464
0.9142767
0.8680194
0.873626
0.9149997
0.8848204
0.9217885
0.8825457
0.8703704
0.8782033
0.8752584
0.8678977
0.8766553
0.9127935
0.8723023
0.9129138
0.876801
0.8736964
0.8888211
0.8728554
0.8718576
0.8732364
0.8843547
0.8715677
0.8910608
0.8761908
0.8761425
0.8757105
0.8716315
0.8754648
0.9134507
0.9198368
0.9176094
0.9159129
0.8943395
0.9098517
0.8954694
0.8767645
0.9202853
0.9087194
0.9039357
0.8996217
0.9094799
0.8758401
0.8946469
0.906879
0.8808872
0.8866532
0.8797402
0.9028499
0.8768748
0.9001092
0.8783191
0.9098198
0.9037188
0.8844271
0.9051167
0.8848361
0.8709572
0.9137755
0.8861023
0.9041995
0.9088702
0.913296
0.902553
0.8795198
0.9184064
0.9187507
0.8801468
0.9195603
0.900368
0.8932152
0.8987412
0.8802577
0.8789818
0.889341
0.8744712
0.8803315
0.8764956
0.8788403
0.8690966
0.8750454
0.8943314
0.8887854
0.887508
0.8701412
0.8970495
0.9085572
0.91133
0.9100341
0.9091133
0.9168999
0.9092348
0.9060457
0.9093761
0.8767521
0.8763501
0.8839512
0.9115119
0.8659684
0.8772666
0.912943
0.8664538
0.875431
0.9144668
0.8887165
0.9229217
0.8818977
0.8682872
0.8748873
0.8748551
0.8719733
0.8745836
0.9112768
0.8744074
0.919505
0.878271
0.8752834
0.9140525
0.9093357
0.9069213
0.9088177
0.9097343
0.9082048
0.9131703
0.9059149
0.911465
0.9050897
0.9104462
0.9091227
0.9199321
0.9150979
0.9169335
0.9160077
0.9143093
0.9125554
0.9179063
0.9120799
0.9192129
0.9108628
0.9174111
0.9173717
0.9243078
0.9095388
0.9129591
0.9268849
0.9114863
0.9109128
0.911879
0.9233497
0.9103092
0.9147105
0.9094813
0.9195163
0.9200109
0.9121573
0.9185251
0.9111866
0.9062554
0.9158158
0.9134376
0.9014056
0.9089216
0.907799
0.9017968
0.9102685
0.9214838
0.922821
0.9114775
0.9209963
0.9202836
0.9193945
0.9190267
0.9123625
0.9206699
0.9076185
0.9047284
0.9133552
0.908089
0.909485
0.9111921
0.9153305
0.9124135
0.910096
0.9064118
0.9150291
0.9117516
0.9103197
0.9131245
0.9118935
0.9118504
0.9236938
0.9122375
0.9107752
0.9085481
0.907298
0.909337
0.9107019
0.9188975
0.9131132
0.9113396
0.9140839
0.9142281
0.9109224
0.9136015
0.9088901
0.9230581
0.9105618
0.9120678
0.9073798
0.9075777
0.912851
0.912893
0.916203
0.9107486
0.9141825
0.9066046
0.9131228
0.9026974
0.9028623
0.8968595
0.8932705
0.9010372
0.8960555
0.9049885
0.9018152
0.9021782
0.8985513
0.8999782
0.8993997
0.8943369
0.9034936
0.8962405
0.8956086
0.897568
0.8819837
0.8945328
0.8926865
0.9004502
0.8850149
0.8936178
0.9131109
0.9208661
0.9046593
0.8969763
0.920031
0.8972652
0.9051898
0.898383
0.9097632
0.9125948
0.8984819
0.9143324
0.9087271
0.9156771
0.9040753
0.9104392
0.8953964
0.905307
0.8920006
0.9086289
0.8864409
0.9080035
0.8949232
0.8982083
0.8953259
0.8966054
0.8988046
0.9021907
0.8970578
0.9248955
0.9211989
0.9196162
0.8953137
0.9009289
0.9084731
0.8880153
0.9011987
0.8889989
0.9056665
0.9041658
0.8938198
0.9086448
0.9102431
0.9028366
0.9112104
0.9137104
0.9046334
0.9073392
0.9031827
0.9012951
0.8958758
0.9046162
0.8982184
0.8969466
0.8951049
0.9069218
0.8976131
0.8900117
0.8939693
0.8984794
0.8900474
0.8910935
0.8983831
0.8856653
0.8967268
0.8978604
0.9025216
0.9079568
0.8987984
0.9043097
0.9059106
0.9018082
0.8905622
0.8967855
0.8923661
0.8944451
0.9010863
0.9167109
0.9194643
0.9140472
0.9147578
0.9137317
0.9150048
0.9198211
0.9179453
0.9169549
0.9169502
0.9163412
0.9095777
0.9141497
0.8783181
0.886809
0.8869019
0.9142094
0.9077951
0.9145615
0.910038
0.8780953
0.9108468
0.9097564
0.9217976
0.9274166
0.9162094
0.909207
0.9299308
0.9128285
0.9137173
0.9121528
0.9195226
0.9208787
0.9099884
0.9209101
0.9265675
0.9283935
0.914801
0.922287
0.9074297
0.9224473
0.917969
0.9177885
0.9057931
0.9238024
0.9106686
0.9135088
0.9120617
0.9188762
0.9185021
0.911935
0.9222062
0.934253
0.9313299
0.9298264
0.9044809
0.9111671
0.9167546
0.9056077
0.911169
0.9086012
0.9110978
0.918419
0.9107485
0.9211754
0.9247455
0.9170177
0.9179982
0.9227972
0.9124129
0.9162453
0.9113964
0.9121622
0.9110124
0.9150537
0.9065231
0.9082131
0.9075606
0.9200729
0.9083751
0.9146117
0.9127557
0.9123354
0.9095488
0.9069468
0.9090877
0.9092258
0.9065256
0.911735
0.9183925
0.9197338
0.9162985
0.9184075
0.9189379
0.9151013
0.912446
0.908591
0.8672589
0.9096577
0.9149809
0.9185787
0.9208754
0.9081618
0.907661
0.9103608
0.9189318
0.9142322
0.909843
0.9140677
0.9113213
0.9224037
0.9160994
0.9309607
0.8943159
0.8983184
0.898828
0.8858692
0.9144267
0.8985545
0.9045025
0.9051455
0.9203737
0.8924339
0.9130891
0.923182
0.8977859
0.8937987
0.9326321
0.89067
0.8833447
0.8896668
0.9061378
0.913829
0.8894474
0.9128372
0.9067599
0.919721
0.8963897
0.9081071
0.8920472
0.9162959
0.9309545
0.8941391
0.8868873
0.91807
0.8934522
0.9079124
0.9039305
0.9196682
0.9189268
0.9092077
0.9185898
0.9296913
0.9184346
0.9229155
0.892359
0.9085984
0.9035745
0.8963412
0.8998008
0.8995076
0.903749
0.9158383
0.9071956
0.903861
0.9213667
0.8980672
0.9212776
0.9171538
0.8799668
0.8828849
0.8741394
0.8799517
0.9161565
0.8828808
0.874805
0.8762549
0.8980117
0.9007066
0.8886653
0.9255593
0.9111267
0.9043745
0.918636
0.9081655
0.9063089
0.9153919
0.8923042
0.9191302
0.9158902
0.9193783
0.9097093
0.9145168
0.9153167
0.9040747
0.9182461
0.8958606
0.8818988
0.8898751
0.9021144
0.915258
0.9108182
0.9065434
0.9083837
0.9080754
0.9061169
0.917378
0.9160199
0.9141645
0.9149046
0.9097389
0.9078578
0.9057966
0.9175814
0.909017
0.9072153
0.9079519
0.8983089
0.9060585
0.8991425
0.9076577
0.8924506
0.9028087
0.9249795
0.9329972
0.9122519
0.9018414
0.9288092
0.9098862
0.9170839
0.910539
0.9195125
0.9216933
0.9133009
0.92293
0.9217933
0.9249883
0.911356
0.9155196
0.9064885
0.9152413
0.9037215
0.9144471
0.8983928
0.9184568
0.9069318
0.9061276
0.9051565
0.9004061
0.9003322
0.9072418
0.9034416
0.9368935
0.934089
0.9257622
0.9031458
0.9077506
0.9181452
0.9033347
0.9090909
0.8978513
0.912273
0.9079734
0.9083995
0.9198603
0.9192833
0.9148766
0.9186055
0.9211583
0.9136722
0.9173041
0.914693
0.9158681
0.891704
0.9144172
0.9083247
0.908783
0.903301
0.9144179
0.9141322
0.9035851
0.9065217
0.9085668
0.9002884
0.9008617
0.9018607
0.9018087
0.9118005
0.8923288
0.9106646
0.918635
0.9092633
0.9090809
0.9172597
0.9125657
0.9021484
0.9004128
0.9086717
0.9087894
0.9089684
0.9158605
0.9155872
0.9088999
0.9088451
0.9108932
0.9094669
0.9141202
0.9104764
0.91377
0.9079008
0.9150257
0.9074814
0.9216032
0.9101996
0.9100018
0.9093569
0.9017243
0.9124183
0.9094955
0.915584
0.913988
0.9196542
0.906527
0.9125279
0.9221841
0.9113862
0.906853
0.9273029
0.9070097
0.901939
0.9043385
0.9175855
0.9120504
0.9056417
0.9112855
0.9190942
0.9209859
0.9117471
0.9155004
0.9089463
0.9091359
0.9244476
0.9077778
0.8996506
0.9102639
0.8994702
0.9040115
0.910864
0.9174592
0.9180725
0.9099767
0.9210887
0.9215713
0.915206
0.9210861
0.9030091
0.9163086
0.9131996
0.9078849
0.9118215
0.9111672
0.9069389
0.9173429
0.9135593
0.908797
0.9177678
0.9062025
0.9131002
0.9177259
0.908134
0.9090877
0.9055872
0.9041929
0.9176533
0.9085074
0.9047806
0.9051847
0.9078423
0.9109127
0.9020768
0.9214896
0.9157578
0.9089814
0.9154285
0.9117699
0.9071165
0.9121857
0.9048916
0.9184822
0.9163268
0.9139112
0.9093439
0.9123637
0.9105725
0.9107282
0.9210746
0.9071186
0.9042523
0.90667
0.9066742
0.9164433
0.9168934
0.9159802
0.9189358
0.9150921
0.9138112
0.9171417
0.9158849
0.9150625
0.918415
0.9201184
0.912818
0.9209428
0.9172227
0.9177494
0.9198424
0.9113432
0.9156336
0.9204706
0.9181291
0.9210462
0.9193576
0.9173213
0.923187
0.9286734
0.9162886
0.9148892
0.9289612
0.9124309
0.9139875
0.9111576
0.9238405
0.9189497
0.9176406
0.9194293
0.9256853
0.925468
0.9161001
0.9231985
0.9115999
0.9180328
0.9259106
0.9175061
0.9069297
0.9173386
0.9112752
0.9125833
0.9138033
0.9198107
0.9197042
0.9158496
0.9193129
0.9265899
0.9205408
0.9226762
0.9139586
0.9203711
0.9125343
0.9131713
0.9171841
0.919726
0.9143521
0.9154225
0.916325
0.917541
0.9198934
0.9121211
0.9168488
0.92016
0.9166262
0.918082
0.9120829
0.916606
0.9231115
0.9162817
0.9128993
0.9157957
0.914521
0.9128123
0.9151002
0.9245537
0.9195126
0.9145938
0.9187935
0.9170007
0.9147484
0.9225323
0.9122862
0.9240911
0.9162244
0.9172571
0.9160392
0.9155991
0.9177789
0.9160628
0.9242725
0.9190488
0.9111621
0.9104514
0.9150413
0.8896106
0.8745254
0.8765455
0.8782117
0.8808788
0.875558
0.8846896
0.8773921
0.8724242
0.8746727
0.8718765
0.8827925
0.9134352
0.9197786
0.9172176
0.9185043
0.9049799
0.9081187
0.9017956
0.888118
0.9219473
0.9094663
0.907426
0.9023667
0.9115262
0.8936277
0.9043168
0.9088371
0.8888728
0.8965331
0.8932704
0.9089112
0.8685129
0.8998254
0.8702917
0.9136532
0.9091614
0.8906929
0.9053185
0.8996994
0.8661998
0.9119846
0.8998855
0.9043114
0.9092951
0.9115124
0.9057732
0.8913122
0.9191688
0.9189465
0.8897308
0.9176654
0.8964483
0.8913225
0.891115
0.8913855
0.8918606
0.8981594
0.8825748
0.8903627
0.8894503
0.8920281
0.8867706
0.8953019
0.89984
0.8913373
0.8970751
0.8601344
0.8921271
0.9093783
0.9112909
0.9080382
0.9093202
0.9193321
0.9119191
0.9104626
0.9129184
0.882671
0.8951622
0.8972353
0.9116677
0.8802158
0.8874624
0.9082827
0.8865153
0.8862191
0.9098946
0.8926584
0.9215461
0.8873112
0.8593171
0.8910489
0.8877621
0.8646894
0.8906532
0.9137252
0.8903512
0.9180146
0.8874449
0.8849762
0.9218035
0.922116
0.9149496
0.9167346
0.9164613
0.9183311
0.9214389
0.9182323
0.9172789
0.9180432
0.9224869
0.9164802
0.9177067
0.8757429
0.8850432
0.8844013
0.9050947
0.9108805
0.9048822
0.9088058
0.8772052
0.9164044
0.9055019
0.9188202
0.9297398
0.9138552
0.9054473
0.9280311
0.9102605
0.9112969
0.9112789
0.9176145
0.9216558
0.9055567
0.9217996
0.9213038
0.9250356
0.9099538
0.9201962
0.9045194
0.9201263
0.9229062
0.9092489
0.9043864
0.923313
0.9076176
0.9160951
0.9129646
0.9174118
0.9175319
0.9153982
0.9193013
0.9325979
0.9309675
0.9313896
0.904721
0.9137626
0.9147863
0.9027029
0.910374
0.9084545
0.9140661
0.920187
0.9148831
0.9171593
0.9230742
0.9153968
0.9212098
0.9273581
0.9121564
0.9131293
0.9117177
0.9132142
0.9155364
0.9130712
0.9066472
0.9062321
0.9070224
0.9136513
0.9036564
0.917613
0.9174351
0.9139652
0.9087452
0.9132909
0.9096407
0.9076514
0.9055899
0.9148483
0.9218651
0.9223236
0.913952
0.9211617
0.9188819
0.9113149
0.9116549
0.9059409
0.8640384
0.9082664
0.9116353
0.8826882
0.8688285
0.8716685
0.8719781
0.8797842
0.8705934
0.8816188
0.8726405
0.8771314
0.8728925
0.8654235
0.8776037
0.9133509
0.9258695
0.9227625
0.9241346
0.8983523
0.9124406
0.9032054
0.892317
0.9262566
0.9089694
0.9084574
0.9006118
0.9109368
0.8893248
0.90171
0.9087703
0.8920151
0.8960636
0.8923263
0.9106291
0.8649485
0.9053391
0.8645758
0.9110087
0.9087867
0.8961328
0.9084354
0.8962301
0.8593515
0.9208011
0.8974704
0.9072392
0.9057489
0.9205316
0.9092294
0.88775
0.92451
0.9252582
0.8909622
0.9219745
0.8951184
0.8829415
0.8915309
0.8884661
0.8944856
0.8972843
0.8921245
0.8914632
0.8902168
0.893187
0.8834938
0.8910566
0.8958855
0.891205
0.8944121
0.8573635
0.8902659
0.9130055
0.9173927
0.9150841
0.9163587
0.9277434
0.9151233
0.9129749
0.9156951
0.8874996
0.8909706
0.8959437
0.9169951
0.886353
0.8875752
0.9132625
0.8901572
0.8902923
0.917869
0.8943366
0.9260043
0.8868681
0.8557219
0.8935138
0.8821922
0.8584308
0.8874745
0.9157103
0.8901502
0.9217168
0.8926948
0.8896699
0.9069776
0.9075846
0.9022674
0.8996258
0.9065223
0.9007206
0.9105003
0.908157
0.9063772
0.903987
0.9101472
0.9089006
0.8976453
0.9029484
0.8989022
0.8970255
0.9002697
0.886382
0.8988878
0.8968364
0.9006974
0.8848075
0.8968526
0.9153843
0.9219463
0.9066724
0.8954206
0.9216867
0.9016045
0.9047653
0.9012925
0.9115192
0.9174673
0.9012173
0.9178087
0.9113633
0.9168816
0.9047909
0.9125868
0.8977178
0.908062
0.9010885
0.9087589
0.8902126
0.908701
0.8946137
0.8992364
0.8999855
0.8995196
0.9006386
0.9020808
0.9018927
0.9289569
0.9238624
0.9211367
0.9006454
0.9025245
0.9093445
0.8923314
0.9038834
0.8942736
0.905638
0.9008918
0.8994314
0.9130281
0.9132936
0.903476
0.9156094
0.9151425
0.9023915
0.9046868
0.9028355
0.9010255
0.898206
0.9042315
0.8952963
0.8972326
0.8978405
0.9090063
0.8976982
0.895937
0.8970787
0.8977269
0.895608
0.8940927
0.9007421
0.89265
0.9021897
0.900955
0.9063937
0.9106964
0.9012177
0.9046745
0.9093639
0.9056821
0.8958033
0.8961868
0.8939187
0.8967841
0.9033367
0.9082091
0.9077943
0.899343
0.9004528
0.9040275
0.9011472
0.9088659
0.9073434
0.9044636
0.9047602
0.9069272
0.9008744
0.8986408
0.8675699
0.8703185
0.8706221
0.900929
0.895245
0.9020446
0.8926932
0.8772027
0.8933469
0.8995347
0.9165994
0.9214388
0.9019333
0.8960588
0.9232605
0.9049003
0.9045078
0.9019516
0.9116396
0.9148106
0.9007707
0.9137313
0.9157676
0.9183623
0.9056301
0.9134387
0.8963972
0.9073319
0.9044869
0.9078717
0.8910113
0.913777
0.9014515
0.9021592
0.9000145
0.9035803
0.9034691
0.9050946
0.9075591
0.9255941
0.9224883
0.9215707
0.8951962
0.9029829
0.9093148
0.8901867
0.9009965
0.8962055
0.9053024
0.9031319
0.901288
0.9093264
0.9087427
0.9064756
0.9095168
0.9142234
0.9036387
0.9057238
0.9027397
0.9046832
0.9037609
0.9049605
0.8984966
0.8995836
0.8958712
0.9046748
0.9007743
0.9007143
0.8950228
0.9005052
0.8934016
0.8969091
0.8969842
0.8957695
0.8986563
0.9007398
0.9045242
0.9103537
0.9013226
0.9024864
0.9104228
0.9033405
0.9001541
0.9008267
0.8559915
0.8943285
0.9019853
0.8677585
0.8472709
0.8567474
0.8547735
0.8652025
0.8504296
0.8645235
0.862487
0.8560239
0.855054
0.8421592
0.8513
0.9041229
0.918178
0.9190243
0.9216047
0.9009006
0.9033485
0.8933257
0.8763616
0.9223636
0.9009535
0.9016163
0.8961491
0.9060076
0.8824896
0.893604
0.9051752
0.8825645
0.892242
0.8866386
0.9045562
0.8397803
0.9011345
0.8413247
0.9048189
0.9074002
0.8852382
0.9090491
0.8895544
0.8419845
0.9033311
0.8949258
0.8963567
0.9010332
0.9111434
0.8997563
0.8772948
0.9201558
0.9198582
0.8797017
0.9196136
0.8871977
0.8752114
0.8785277
0.8802619
0.884758
0.8927519
0.8791648
0.8837747
0.8753035
0.8773183
0.8691094
0.8759843
0.8926592
0.888716
0.8901487
0.8183287
0.8815084
0.9074877
0.9103755
0.9090586
0.9086325
0.9215769
0.9081339
0.903257
0.9063248
0.8799254
0.8872384
0.8917581
0.9024948
0.8675887
0.8783063
0.9022081
0.8742036
0.8743944
0.9053786
0.8900218
0.9209649
0.8767719
0.8146867
0.8677834
0.8751327
0.8161344
0.8840001
0.9057745
0.8801686
0.91457
0.882067
0.8810954
0.9178379
0.917568
0.9084745
0.9075974
0.9163014
0.9158992
0.9222132
0.9190005
0.9140022
0.9153794
0.917356
0.9114287
0.9205098
0.8923803
0.8885024
0.8843467
0.9100128
0.9072524
0.9043994
0.9110286
0.7029538
0.9098571
0.9065155
0.9228843
0.9299321
0.9164487
0.9052797
0.9292624
0.9147474
0.916071
0.9126448
0.9219302
0.9196199
0.906752
0.9197665
0.9225548
0.9267087
0.9159504
0.9218344
0.9045832
0.9204762
0.9161001
0.9134305
0.9013699
0.9226317
0.9095145
0.9157081
0.9128665
0.9105943
0.9112975
0.9142351
0.9127196
0.9355351
0.9286003
0.9310368
0.9056116
0.9088571
0.9194009
0.9019679
0.914573
0.907319
0.9117386
0.9187069
0.9160636
0.9199622
0.9276999
0.9142736
0.9223616
0.9170341
0.9160643
0.9162549
0.9172487
0.9151599
0.9104515
0.9164806
0.9119441
0.9130094
0.9104168
0.9181959
0.9093133
0.9149216
0.9123591
0.9113185
0.902404
0.9062028
0.9091007
0.908309
0.910804
0.9074769
0.9167669
0.919114
0.9095841
0.9150151
0.9179692
0.9113267
0.9148899
0.9094625
0.8801647
0.909283
0.9119943
0.8863178
0.8825807
0.8830976
0.8842766
0.8931023
0.880154
0.8866928
0.886732
0.8862975
0.8853128
0.87593
0.887687
0.9124674
0.9218777
0.9205031
0.9229747
0.8970126
0.9113634
0.8934415
0.8810049
0.9251436
0.905339
0.9051559
0.8955748
0.9062206
0.8867182
0.8971737
0.9047452
0.8845588
0.8907813
0.884386
0.9065855
0.8847723
0.8992314
0.8868659
0.910853
0.9003023
0.8859956
0.9018889
0.8918466
0.8820528
0.910725
0.8925849
0.9053467
0.9152617
0.9196183
0.9085801
0.8844321
0.9195079
0.9199264
0.8893172
0.9193076
0.9071834
0.9069271
0.9013146
0.890435
0.8897959
0.8940934
0.8786602
0.8882439
0.8769628
0.8846416
0.8731362
0.8870545
0.8969577
0.8986196
0.8940792
0.8842491
0.8996917
0.9136489
0.9166783
0.9162587
0.913629
0.9218902
0.9132978
0.9111369
0.9102338
0.8828946
0.8851061
0.8879034
0.9108748
0.8705947
0.8861923
0.9128791
0.8834755
0.8841556
0.9145543
0.9006318
0.9207931
0.8817537
0.8790975
0.8745402
0.8787726
0.8793029
0.8834938
0.915446
0.8874473
0.92437
0.8868522
0.875099
0.8872116
0.8803276
0.882991
0.8823147
0.8908249
0.8797225
0.8869456
0.8877859
0.8857102
0.8822188
0.8757839
0.884443
0.9126224
0.9189802
0.9162887
0.9181703
0.8931485
0.9098673
0.8852077
0.8755764
0.9215385
0.9023976
0.9016131
0.8943018
0.9052705
0.8869301
0.8930175
0.8996196
0.879145
0.8848371
0.8779528
0.9014436
0.8811831
0.8956971
0.8833321
0.9095326
0.900541
0.8792553
0.8994528
0.8853458
0.8751581
0.9110344
0.888877
0.9017159
0.9150042
0.9165277
0.9054721
0.8772745
0.9190561
0.9190617
0.8856713
0.9175315
0.9050928
0.9058556
0.9024247
0.887055
0.8852995
0.8914646
0.8751229
0.8855185
0.8702485
0.88125
0.8654204
0.8820138
0.8936524
0.8963569
0.8904275
0.8781783
0.895366
0.9110223
0.9114967
0.9110448
0.9114607
0.9191415
0.9097871
0.9093374
0.908623
0.8746637
0.8791775
0.883942
0.9105332
0.8667181
0.879207
0.9112801
0.8778141
0.8786805
0.9120181
0.8919813
0.9186827
0.8763513
0.8736446
0.8709771
0.8756242
0.8769747
0.8823043
0.9131841
0.8799956
0.918448
0.8839324
0.8717477
0.8998196
0.894765
0.8947968
0.8938898
0.9038071
0.8974304
0.9004415
0.9002372
0.8968974
0.8960988
0.8907828
0.8969296
0.9238403
0.9247505
0.9235556
0.9267464
0.9036996
0.9214862
0.9036398
0.8906757
0.9259887
0.9174548
0.9139943
0.9050558
0.9103141
0.8924625
0.9047719
0.9084554
0.8924659
0.897944
0.8934827
0.9126462
0.8947684
0.9043861
0.8951729
0.9130884
0.9096837
0.8918862
0.9076639
0.9038967
0.8974784
0.9180716
0.8957133
0.9160746
0.9185917
0.9253731
0.9123302
0.8942421
0.9292642
0.9282407
0.8973979
0.9301014
0.9112594
0.9093235
0.91164
0.8959199
0.8950821
0.9024673
0.8913906
0.8989154
0.8970625
0.8953891
0.8823487
0.895442
0.9035115
0.9026175
0.905015
0.8913445
0.9084841
0.9158849
0.922635
0.9196754
0.9178196
0.9305675
0.919111
0.9178606
0.9179946
0.8889683
0.894601
0.9015125
0.9195398
0.89149
0.8932197
0.9192934
0.8935852
0.8966873
0.9211007
0.9025385
0.9333403
0.8920041
0.888593
0.8858219
0.8900032
0.8880515
0.8951445
0.9239942
0.8992336
0.9254143
0.8996529
0.8909919
0.9001061
0.8962328
0.8956754
0.8954762
0.9059318
0.8981109
0.9007663
0.899511
0.8961288
0.8977212
0.8908349
0.8984328
0.9239711
0.9258454
0.9237989
0.9263563
0.9044423
0.9211295
0.90223
0.8920315
0.9278261
0.9170204
0.9142397
0.9057539
0.9100661
0.892161
0.9075474
0.908471
0.8929496
0.8994795
0.8936917
0.9146915
0.8947034
0.907568
0.8939378
0.9143761
0.9098887
0.8925634
0.9076413
0.9051407
0.895505
0.9182778
0.8980247
0.917012
0.9185725
0.9230743
0.9147359
0.8948848
0.9316277
0.9315593
0.899236
0.9319578
0.9107216
0.9095225
0.9109484
0.8975387
0.8965823
0.9050187
0.8909273
0.899277
0.8986021
0.8954022
0.8828793
0.8963551
0.9035262
0.902439
0.9047236
0.8923803
0.9084619
0.9167303
0.9223939
0.9188307
0.9191492
0.931102
0.9184162
0.9181417
0.918652
0.8901703
0.8958635
0.901219
0.9209415
0.8897959
0.8935075
0.9194984
0.8924927
0.8966226
0.9229738
0.9030978
0.9343279
0.8921739
0.8906139
0.8868614
0.8908044
0.8875093
0.8967576
0.9234963
0.9018976
0.9269313
0.9025829
0.8904947
0.888713
0.8795203
0.8756702
0.8772421
0.8847604
0.8812752
0.8902006
0.8849142
0.8858882
0.8798313
0.8809732
0.8798734
0.9111951
0.9070704
0.9056886
0.9042223
0.8771
0.9014647
0.8828586
0.8691548
0.9072578
0.9036546
0.8868075
0.8887354
0.9047902
0.8704774
0.8844078
0.9012546
0.8699658
0.8798375
0.8650558
0.8914263
0.8888651
0.8812677
0.8891228
0.9001894
0.8981831
0.8756221
0.8948845
0.871547
0.8836047
0.9116018
0.876922
0.8924352
0.9034279
0.9047997
0.896921
0.8718136
0.9074974
0.9086562
0.8774751
0.9125097
0.9089635
0.9048688
0.904186
0.8692294
0.8805193
0.8814761
0.86526
0.8761719
0.8712263
0.8744115
0.8687071
0.8756083
0.8866674
0.8889566
0.8795432
0.87964
0.8997438
0.9050512
0.9067463
0.9052572
0.904491
0.9109616
0.9054216
0.9010274
0.9018981
0.8684326
0.8806761
0.8743229
0.9069095
0.8680285
0.8736681
0.9007306
0.8714505
0.8728412
0.906891
0.8789646
0.9133126
0.8790704
0.884465
0.8662397
0.8731693
0.881864
0.8728574
0.9062829
0.8699399
0.8999065
0.874462
0.8713283
0.8903992
0.8743984
0.8795369
0.8775154
0.8900307
0.8766904
0.8869803
0.8833604
0.8859845
0.8789608
0.8807933
0.8785951
0.912596
0.914488
0.9172174
0.9139512
0.8912588
0.9091841
0.890411
0.8739266
0.9223467
0.9045379
0.8967825
0.8905135
0.9060035
0.8766747
0.8845062
0.9048721
0.8767034
0.8820893
0.8733805
0.9004433
0.8783536
0.8916587
0.8797125
0.9059713
0.8985313
0.875045
0.8946528
0.8822937
0.8735557
0.909354
0.8815169
0.8990526
0.9110922
0.9100442
0.9060881
0.8779558
0.9195606
0.9206542
0.8805728
0.9173953
0.9018651
0.9019113
0.8962705
0.8784538
0.8828024
0.888611
0.8727259
0.8798722
0.8735687
0.8789036
0.867469
0.8809154
0.8863653
0.8899224
0.8849431
0.8762987
0.8990848
0.9088129
0.9089922
0.9069841
0.9086787
0.9187424
0.9078007
0.9027753
0.9032155
0.8754272
0.8773462
0.8784808
0.9085503
0.8651144
0.8741924
0.9082275
0.8751867
0.8763511
0.9096316
0.8872547
0.9185451
0.8760947
0.872978
0.8746664
0.8736124
0.8750542
0.8748914
0.9121744
0.8738551
0.9145944
0.8818655
0.8674376
0.9058298
0.9020462
0.8991943
0.8979374
0.9055057
0.9001776
0.9014194
0.9041265
0.9010698
0.9009964
0.8984414
0.9005358
0.9209024
0.9248471
0.9241387
0.9241576
0.9047053
0.9179315
0.9024939
0.8894088
0.9283493
0.9184135
0.907227
0.9043816
0.913111
0.8943458
0.9050895
0.9103638
0.898564
0.9016898
0.8988383
0.9114547
0.8988562
0.9072977
0.9018411
0.9114531
0.9081431
0.9018976
0.908133
0.9037138
0.8975617
0.9244257
0.9006548
0.9143928
0.914397
0.9169802
0.9106577
0.9018366
0.9264913
0.9267915
0.901743
0.928505
0.9122688
0.9110969
0.9131787
0.9039086
0.8999258
0.9063933
0.8951064
0.9016606
0.8989071
0.8967573
0.8953258
0.8929333
0.9025251
0.9046314
0.9034519
0.8943337
0.9112469
0.9210035
0.921468
0.919207
0.918888
0.9288618
0.9208521
0.9163327
0.9195175
0.89576
0.900169
0.8982783
0.9216528
0.8932334
0.8969058
0.9187877
0.8968533
0.90218
0.9240867
0.9065814
0.9316903
0.8978381
0.8920173
0.8973051
0.8960147
0.8925421
0.896944
0.9202023
0.8990839
0.9200463
0.8986057
0.8935345
0.8910859
0.8791349
0.8765122
0.8776727
0.8911888
0.8845805
0.8922471
0.8857803
0.8867504
0.8819666
0.8786708
0.8848827
0.9107105
0.9192286
0.9176781
0.9175055
0.8927277
0.909062
0.8916479
0.8690546
0.9202059
0.9011793
0.8986943
0.893731
0.9018487
0.878452
0.8917238
0.9040523
0.8809893
0.8864013
0.8812556
0.8993795
0.8862994
0.8946174
0.8878331
0.9102185
0.9012241
0.8793215
0.9005654
0.8902034
0.8782232
0.9088852
0.8894771
0.9027321
0.9111255
0.9123155
0.9012587
0.8760701
0.9226418
0.923469
0.8819
0.9184973
0.9066256
0.9037289
0.9039748
0.8806435
0.8823593
0.8912361
0.8753877
0.8832002
0.8719514
0.8826067
0.8664986
0.8766507
0.890483
0.8948007
0.8962997
0.8802283
0.9012263
0.9137762
0.9141252
0.9150219
0.9126135
0.9195792
0.9125474
0.907607
0.9087024
0.8728334
0.8828712
0.884336
0.9071572
0.8632926
0.87769
0.9066413
0.8724229
0.8766293
0.9056007
0.8908724
0.9155005
0.8775916
0.878412
0.8693491
0.8742558
0.8792239
0.8808854
0.9067592
0.8740091
0.9161708
0.8835636
0.8708207
0.8979585
0.8916095
0.8929395
0.8913275
0.8955822
0.8952131
0.8996272
0.8922362
0.8974955
0.8907751
0.8907497
0.8958112
0.9192469
0.9208856
0.9194416
0.9197972
0.8949916
0.9169243
0.893623
0.8871289
0.9208842
0.9146286
0.8943762
0.8959638
0.9108267
0.881222
0.8967749
0.9112032
0.8872426
0.8906367
0.8892037
0.9035216
0.8876436
0.8951887
0.8881356
0.9050709
0.9060877
0.8911079
0.9064118
0.8952016
0.8893838
0.9220568
0.8892505
0.9084653
0.9144234
0.9117458
0.9093967
0.8885604
0.9236544
0.9243234
0.8925538
0.9238446
0.9061897
0.9019198
0.9041631
0.8856633
0.8954961
0.8970624
0.8856081
0.8871042
0.8826626
0.886926
0.8828348
0.8926526
0.8947884
0.9008346
0.8918395
0.8906814
0.9022465
0.9103829
0.9150982
0.9109348
0.91078
0.9244978
0.9105988
0.9114453
0.9103239
0.884103
0.8886452
0.8867665
0.9208968
0.8809062
0.8872394
0.9158368
0.885356
0.8916239
0.9191472
0.8924846
0.9245547
0.8897696
0.8909219
0.8839984
0.8844471
0.8866929
0.8889125
0.9176785
0.8847076
0.9164508
0.8923934
0.8823175
0.8880465
0.8781983
0.8767133
0.8778771
0.888845
0.8813083
0.8895412
0.8813904
0.881126
0.8789604
0.8785918
0.8800657
0.9039361
0.9112704
0.9079772
0.9108253
0.8846624
0.897262
0.8859507
0.8713872
0.9128559
0.8956662
0.8866555
0.8945248
0.9067722
0.8752769
0.8813013
0.9081776
0.8777117
0.8852601
0.8805781
0.8990199
0.8857666
0.8874687
0.8859892
0.9038253
0.9031178
0.8838337
0.8967271
0.8787857
0.8798075
0.9024051
0.8835859
0.8938577
0.9071832
0.9034972
0.8969221
0.8732229
0.9112214
0.9109977
0.8813884
0.9099431
0.9097479
0.9035091
0.9039043
0.8722485
0.8738916
0.8870562
0.8680031
0.8827358
0.8683203
0.873605
0.8710973
0.877505
0.8854812
0.8971832
0.8879684
0.8779186
0.8996761
0.9010278
0.9068161
0.9029482
0.9024148
0.9054741
0.9055266
0.8983305
0.9014838
0.8690494
0.8827265
0.8794894
0.8994618
0.8706843
0.8749089
0.9003523
0.8730665
0.8746168
0.9021655
0.8824645
0.9059045
0.875591
0.8806412
0.8679204
0.8737111
0.8784576
0.8754452
0.9040386
0.8724263
0.9026479
0.8733612
0.8774
0.8879447
0.8722255
0.8688905
0.8666199
0.8811462
0.873957
0.8903626
0.8792367
0.8775466
0.879294
0.8739385
0.8753485
0.8986642
0.912091
0.9098127
0.9092853
0.8856383
0.8939154
0.8810885
0.863628
0.9077646
0.8881586
0.8881269
0.8991117
0.9073152
0.8785813
0.8811888
0.90348
0.8799536
0.8873326
0.8757332
0.8994439
0.881152
0.890113
0.8837176
0.9039812
0.8986113
0.8804242
0.8959321
0.8831671
0.8780665
0.894663
0.8895756
0.8887793
0.9023116
0.8993387
0.8962524
0.87231
0.9112341
0.9118921
0.880223
0.9081749
0.9047996
0.9030602
0.898499
0.869383
0.8791329
0.8873939
0.8677003
0.8750499
0.867935
0.8765477
0.8660324
0.8752144
0.8874897
0.8885926
0.8882666
0.8769427
0.8987016
0.9064006
0.9089788
0.9064541
0.9064593
0.9072278
0.9063464
0.9013139
0.90621
0.8718212
0.8815252
0.8834071
0.8955154
0.8646578
0.8736758
0.8984648
0.86912
0.8653279
0.89783
0.880022
0.906068
0.8718942
0.8756083
0.86126
0.8691702
0.8727405
0.8824019
0.8996138
0.8710948
0.9052908
0.8751739
0.8738624
0.8979151
0.8911453
0.8951991
0.8942933
0.9046503
0.8915654
0.8996681
0.8985266
0.8969433
0.8925629
0.8912725
0.8953269
0.9206758
0.9298222
0.9272218
0.9276496
0.911078
0.9199291
0.908038
0.8927797
0.9331548
0.9190539
0.9113529
0.9038768
0.9097414
0.8935704
0.9074508
0.9095106
0.8982525
0.9014119
0.8987203
0.9117708
0.8944658
0.910617
0.8933498
0.9163952
0.9109219
0.8954048
0.9129998
0.9032812
0.8894645
0.9195219
0.8975118
0.9185582
0.9147368
0.9250613
0.9199277
0.8977414
0.9294931
0.9294979
0.8988005
0.9284904
0.9115089
0.9111484
0.9084992
0.8983117
0.8965761
0.9079048
0.8949148
0.896056
0.8922348
0.8950859
0.8805703
0.8950202
0.9012914
0.9032734
0.9075701
0.8885172
0.9081767
0.9202931
0.9206857
0.9194705
0.9201604
0.9336871
0.9187944
0.9179576
0.9193683
0.8857225
0.896559
0.8978525
0.9198962
0.8847743
0.8938583
0.9227798
0.8903567
0.8936404
0.9196321
0.907299
0.9335679
0.8873621
0.8891606
0.8882082
0.8913568
0.8888179
0.8947238
0.9224599
0.8931181
0.9310524
0.8941791
0.8908097
0.8924023
0.8869597
0.8862293
0.8869174
0.8967362
0.8860919
0.8912616
0.8914695
0.8923341
0.8912669
0.8821994
0.8910724
0.9178932
0.9258464
0.9259285
0.9241107
0.8997568
0.9161901
0.8981665
0.8843827
0.9252626
0.9125767
0.908853
0.892759
0.9070764
0.8853122
0.9043892
0.9059141
0.8880586
0.894137
0.8890041
0.9085485
0.8859981
0.9012276
0.8850649
0.9118105
0.9066615
0.8884818
0.9016382
0.8969405
0.8820846
0.911162
0.8986087
0.9127487
0.9137608
0.9217141
0.9105975
0.8836974
0.9263797
0.9273103
0.8852089
0.9252038
0.9049933
0.9071658
0.9069808
0.8886296
0.8895848
0.9012986
0.8825892
0.8888256
0.8817103
0.8834725
0.878824
0.8885585
0.896864
0.8986417
0.8973116
0.8816287
0.9048134
0.9206448
0.9196549
0.9210215
0.9179928
0.9263457
0.9191768
0.9147751
0.9147564
0.8824421
0.8869301
0.8953641
0.9124921
0.8726954
0.8844606
0.9138052
0.8834261
0.8840256
0.9173175
0.8991999
0.9264732
0.8802147
0.8835077
0.880628
0.8811881
0.884315
0.8842056
0.9149689
0.8871956
0.9254704
0.8937297
0.8798897
0.9004867
0.892642
0.89793
0.8994553
0.9067177
0.898485
0.9040645
0.9037909
0.9000177
0.8999394
0.8923348
0.900025
0.9228326
0.9364251
0.9355719
0.9375754
0.9219047
0.927214
0.9212233
0.9022764
0.9408114
0.9207859
0.9283703
0.9107768
0.9144044
0.903552
0.9225406
0.9144565
0.9087622
0.9130007
0.908084
0.9220081
0.9008291
0.9236365
0.9005677
0.9243571
0.9132942
0.9079688
0.9211674
0.9173513
0.8901534
0.9216733
0.9164373
0.9274368
0.9137878
0.9314861
0.9163252
0.8995335
0.9371667
0.937171
0.9019407
0.9340425
0.9090506
0.9108446
0.9118112
0.905976
0.90532
0.9065322
0.9084447
0.9062051
0.9065751
0.9036166
0.8841111
0.9014878
0.9058708
0.9032931
0.9123058
0.896624
0.9150891
0.9272017
0.9286353
0.9308037
0.9270686
0.940488
0.9282062
0.9256098
0.928611
0.9038373
0.9061984
0.907596
0.9234986
0.8891768
0.9018865
0.9229515
0.9011915
0.9055977
0.9286205
0.9173286
0.9400822
0.8951206
0.8989503
0.8954558
0.8930035
0.9016515
0.9034636
0.92876
0.9090748
0.9400699
0.9009848
0.8967842
0.9086407
0.902439
0.9041779
0.9052877
0.9097508
0.9029491
0.9050972
0.9030468
0.9067496
0.9037999
0.9021959
0.9080204
0.9251795
0.9326425
0.9337906
0.9323391
0.9125061
0.9297083
0.9151907
0.9049431
0.933668
0.9272633
0.9144751
0.9107796
0.9136062
0.8985579
0.9143951
0.9145577
0.9014362
0.9060651
0.9015573
0.9164221
0.9001758
0.9171561
0.9020763
0.9191088
0.9157633
0.9041661
0.9144285
0.9099574
0.8952246
0.9272256
0.9058217
0.9226607
0.9194941
0.9276793
0.9199371
0.9021516
0.9329254
0.9316152
0.9033662
0.9327841
0.9118704
0.9147188
0.9126658
0.903449
0.9061907
0.9065901
0.9000106
0.8978795
0.9007052
0.8956685
0.8952104
0.903578
0.9018772
0.9032485
0.9092684
0.9005749
0.9159332
0.9238444
0.9218868
0.9226588
0.9231912
0.9369699
0.9234731
0.9226504
0.9270272
0.9044865
0.902607
0.9041359
0.9285247
0.8946561
0.9033553
0.9323514
0.9020496
0.902223
0.9307506
0.9096711
0.9355378
0.8976072
0.9006257
0.9004808
0.8962515
0.9021151
0.9028788
0.9292784
0.9071998
0.9312704
0.9027753
0.8906802
0.8878733
0.872601
0.8696991
0.8708804
0.8852818
0.871228
0.8852819
0.8786778
0.8738903
0.8746805
0.8722843
0.8753377
0.9103797
0.9158345
0.9142938
0.9145025
0.8876473
0.909271
0.8863042
0.8672968
0.9165408
0.9006893
0.8937668
0.8908172
0.9058951
0.8750226
0.8868913
0.9014829
0.8763528
0.8827571
0.8724503
0.9020677
0.879905
0.890585
0.8802949
0.9041814
0.9006616
0.8737994
0.89449
0.8850434
0.8705784
0.9079748
0.8819399
0.8986308
0.9096134
0.9055869
0.9010071
0.8694219
0.9158461
0.9169486
0.8749185
0.9160474
0.9028856
0.900263
0.9011741
0.8722488
0.8769493
0.8830063
0.8712512
0.8724774
0.8636665
0.8739678
0.8646977
0.8727068
0.8889244
0.8910633
0.8877172
0.8737014
0.8940372
0.9093211
0.9109867
0.9095713
0.9083421
0.9147771
0.9101143
0.9068123
0.9084487
0.8696813
0.875086
0.8798276
0.9055911
0.8628985
0.867332
0.9085821
0.8694712
0.8720248
0.9063477
0.8785592
0.9176789
0.8713667
0.8751085
0.8630212
0.8718219
0.8729059
0.8762487
0.9076174
0.8716006
0.9072474
0.8755737
0.866991
0.8879391
0.867111
0.8685178
0.8689169
0.8816017
0.8721263
0.8835275
0.8772921
0.8765872
0.8730665
0.8701155
0.8737679
0.9074758
0.913022
0.9121868
0.9135514
0.8880701
0.9023407
0.8839202
0.8654405
0.9172414
0.8974854
0.891171
0.8882892
0.8987096
0.8717426
0.8829369
0.8969441
0.8684278
0.879603
0.8697622
0.8986706
0.8787791
0.8883171
0.8793334
0.9025143
0.8960436
0.8685914
0.8901837
0.8826902
0.8680472
0.9030281
0.8756215
0.8939802
0.90488
0.904933
0.8980883
0.8653201
0.9139201
0.9148772
0.869375
0.914153
0.9027926
0.897976
0.8989673
0.8723614
0.8753549
0.8818926
0.8672462
0.869434
0.86107
0.8691579
0.8588496
0.8699755
0.8877234
0.8849385
0.8835018
0.8714338
0.8910586
0.9053045
0.9083078
0.9056276
0.9040062
0.9140232
0.9048615
0.9029161
0.904371
0.8646259
0.8783789
0.8780162
0.9036388
0.86004
0.8653966
0.9034317
0.8661214
0.8636263
0.903597
0.880935
0.9167292
0.8720939
0.87171
0.8667177
0.8665617
0.8671318
0.8706337
0.9062676
0.871008
0.9086458
0.8704566
0.862331
0.9132338
0.9066779
0.9072836
0.9082239
0.9162475
0.9064211
0.9094739
0.9079219
0.9090909
0.9073335
0.9070599
0.9131677
0.9327564
0.9375551
0.9384222
0.937792
0.9193421
0.9308538
0.9184347
0.9117524
0.9436062
0.9266646
0.9254791
0.912226
0.9173271
0.9076229
0.9227418
0.9186875
0.9068805
0.9107752
0.9096245
0.9238287
0.9072616
0.9197358
0.9066977
0.9272973
0.9220779
0.9085598
0.9196076
0.9166782
0.9034519
0.9281353
0.9113043
0.9305125
0.9257976
0.9369194
0.9230118
0.909941
0.9384984
0.9391833
0.9111896
0.9382017
0.9156154
0.9163451
0.9140463
0.9120726
0.9120974
0.9120932
0.9111685
0.9096877
0.9118334
0.9079112
0.8993376
0.9147021
0.9132855
0.9098836
0.9156913
0.9031345
0.9165927
0.9262135
0.9285496
0.9261874
0.9265224
0.9429247
0.9269511
0.9269187
0.9262818
0.9091829
0.9075721
0.9128548
0.9322259
0.9023043
0.9088917
0.9332132
0.9101853
0.9137686
0.9349802
0.9188307
0.9419856
0.9100469
0.9019909
0.9066778
0.903245
0.9032382
0.9042638
0.9338441
0.9114847
0.9417791
0.9128605
0.9046562
0.9040116
0.8972418
0.8949955
0.8940095
0.9046184
0.8969226
0.900212
0.8997343
0.9001731
0.8955112
0.8921327
0.898422
0.921718
0.9235345
0.9257331
0.9285418
0.9049682
0.9217588
0.9039136
0.8959923
0.9296309
0.9178401
0.9127444
0.9055544
0.9107353
0.8930911
0.9088747
0.9101299
0.8986775
0.8984156
0.8965371
0.9165546
0.8955893
0.9088126
0.8956813
0.9157848
0.90863
0.8924739
0.9112031
0.9034398
0.8918516
0.9189848
0.8987132
0.9159724
0.9172859
0.9230303
0.9140188
0.8975424
0.9328254
0.9337407
0.8999613
0.929046
0.9111925
0.9063091
0.9130598
0.9015409
0.8968057
0.9025101
0.8926186
0.9003857
0.8956132
0.8966381
0.8839056
0.8989185
0.8987528
0.9016168
0.9043302
0.8924475
0.9052708
0.9162324
0.9216807
0.9196475
0.9162498
0.9317924
0.9184828
0.9222188
0.9215319
0.8922551
0.8963593
0.900014
0.9232071
0.8886698
0.8989685
0.9190032
0.8959089
0.9009744
0.9226694
0.9041363
0.9324976
0.8921624
0.8913097
0.8918852
0.8926429
0.8870221
0.8924037
0.9248895
0.8973192
0.9269236
0.8997733
0.8923229
0.9166313
0.9175488
0.9109884
0.9113965
0.9133456
0.9143457
0.9187903
0.915719
0.9170284
0.9168705
0.9185655
0.9098469
0.9145709
0.8841075
0.8870079
0.8858406
0.9126777
0.9138838
0.9122974
0.9104998
0.8892561
0.913005
0.9139422
0.9220937
0.9294483
0.9162445
0.9131357
0.929039
0.914589
0.9156754
0.9139941
0.9214395
0.9210646
0.9160999
0.9206432
0.9234071
0.9269805
0.9185929
0.9209652
0.9140923
0.9147759
0.9157809
0.919343
0.9002379
0.9229563
0.9152782
0.9138466
0.9107804
0.9157509
0.9167107
0.9117398
0.9185919
0.9297493
0.9277032
0.9257928
0.9057298
0.9121284
0.9164088
0.9049769
0.9085902
0.9086369
0.9121321
0.9144077
0.9093525
0.9163811
0.9174709
0.9130848
0.9206165
0.9226079
0.9119864
0.9143742
0.9127046
0.9129282
0.9186539
0.9135156
0.9102897
0.9128969
0.9097348
0.917109
0.9109483
0.9202165
0.9111642
0.9115615
0.9073752
0.9095932
0.912911
0.9143249
0.9101955
0.9181812
0.9138065
0.9218832
0.9112176
0.9125146
0.9196551
0.9129913
0.9151883
0.9108435
0.8702483
0.9079037
0.90878
0.9180108
0.918049
0.9116915
0.9124845
0.9140391
0.9150055
0.9188685
0.9166431
0.9164196
0.9171803
0.918376
0.9089189
0.9119479
0.8839231
0.8862533
0.8856548
0.9131413
0.9131161
0.912571
0.9101571
0.8893124
0.9125089
0.9152578
0.9229518
0.9289286
0.9161715
0.9127946
0.9284799
0.9160066
0.9170966
0.9153385
0.9217782
0.9204617
0.9170139
0.9204935
0.9232206
0.9257513
0.9160565
0.9207021
0.9144408
0.9139
0.9152849
0.918358
0.9003253
0.9229931
0.9153563
0.9141156
0.9114446
0.9155252
0.9164849
0.9128579
0.9172579
0.9297825
0.9263678
0.9242819
0.9063626
0.912172
0.9153443
0.9057299
0.9109029
0.9095767
0.9107925
0.9150624
0.9086226
0.9164977
0.9187678
0.9156097
0.9202008
0.9208144
0.9122993
0.9148742
0.9124013
0.9131249
0.9203689
0.9135968
0.9102956
0.9104674
0.9101287
0.9171117
0.9109155
0.9186603
0.91051
0.9118366
0.9058275
0.91057
0.912492
0.9149392
0.911096
0.9173672
0.9141557
0.9215823
0.9116063
0.9133644
0.9205643
0.9133028
0.9150778
0.9118955
0.8719111
0.90935
0.9082093
0.9128567
0.9089698
0.906206
0.9041373
0.9097336
0.9070936
0.9122983
0.9087147
0.9097591
0.9076773
0.9097595
0.9061472
0.9132931
0.8732812
0.8772054
0.8713027
0.9039095
0.8985239
0.9027064
0.9029147
0.8770474
0.9020047
0.9023187
0.9148869
0.9241232
0.9051922
0.9022871
0.9273765
0.9028847
0.9067891
0.9049416
0.9150253
0.9163506
0.9046904
0.9149261
0.9157699
0.9200788
0.9058584
0.9146731
0.8968621
0.9128143
0.906534
0.9117238
0.8966885
0.9168194
0.9054461
0.9084355
0.9005621
0.9072641
0.9075056
0.9064212
0.9117025
0.9290855
0.9252758
0.9244128
0.8977087
0.9046333
0.9092728
0.8985634
0.9027972
0.8970749
0.9079178
0.9123996
0.9004842
0.91518
0.9207272
0.9094735
0.9186868
0.9180357
0.9126307
0.9125658
0.910436
0.9107839
0.9065942
0.9125822
0.9063355
0.9066259
0.89938
0.9118905
0.9009613
0.905368
0.906224
0.9039784
0.9037389
0.8986992
0.8966105
0.9050823
0.9028827
0.90705
0.9095722
0.914877
0.9060614
0.9090779
0.9134827
0.9094094
0.9058341
0.8998583
0.8596731
0.9000073
0.9077246
0.9144372
0.9119465
0.9084684
0.9089607
0.9117543
0.9075485
0.9145375
0.9130884
0.9079375
0.9109035
0.909104
0.9086081
0.9070795
0.8790136
0.8861878
0.8822642
0.9149266
0.9018073
0.9084116
0.9030368
0.8852363
0.8994019
0.9117563
0.9200153
0.9258963
0.9101243
0.9062924
0.9228751
0.9091362
0.9179054
0.911979
0.9214246
0.9165961
0.9130005
0.9169749
0.9224642
0.9211345
0.9091038
0.9199241
0.9041884
0.912038
0.9027008
0.9123803
0.898314
0.9141054
0.9070391
0.9057575
0.9071244
0.9106254
0.9112121
0.9104854
0.9113536
0.9304943
0.9261935
0.9247978
0.9041923
0.9105616
0.9134946
0.9059534
0.9052598
0.9018385
0.9119232
0.9095699
0.9058899
0.9187371
0.9162122
0.9175152
0.9130481
0.9223355
0.9130898
0.9131004
0.9111412
0.9124521
0.9065411
0.9130419
0.9078486
0.9088015
0.9044609
0.9143161
0.9120817
0.9044584
0.9050704
0.9081239
0.9033067
0.9022957
0.9044392
0.9030831
0.9110306
0.9070734
0.9077943
0.9118637
0.9058945
0.9109531
0.9112388
0.9098087
0.9043454
0.9061242
0.8717748
0.9073603
0.9077441
0.9218666
0.9204369
0.9136949
0.9122941
0.9181662
0.9157356
0.9193224
0.9197449
0.9188878
0.9183836
0.9194476
0.9186698
0.9161989
0.9182777
0.9147839
0.9122328
0.9134743
0.9092962
0.9137149
0.9170334
0.9177206
0.9090414
0.9131162
0.9307684
0.9339315
0.921755
0.9100941
0.9331972
0.9159325
0.9212126
0.9153672
0.9281903
0.9265798
0.9176584
0.9260351
0.9238321
0.9277436
0.9208492
0.925104
0.9115906
0.9205037
0.9140942
0.9204639
0.9073332
0.9225793
0.9129409
0.9154679
0.9193595
0.9113686
0.9123566
0.9169298
0.9114406
0.9370292
0.9315288
0.9315235
0.911357
0.9192093
0.9219202
0.9147964
0.9194262
0.9128447
0.9171298
0.9187453
0.9172307
0.925943
0.926924
0.9173921
0.9253801
0.9276413
0.9143805
0.9166816
0.9146839
0.9112204
0.9049929
0.9140196
0.912505
0.9124841
0.9140303
0.9232059
0.9212082
0.9187985
0.9192098
0.9171945
0.914606
0.9135386
0.9172791
0.914258
0.9125796
0.9018805
0.9200745
0.9284726
0.9170453
0.921405
0.9268804
0.9148523
0.9170388
0.9153986
0.9088973
0.9148959
0.91918
0.9050031
0.8987113
0.8989032
0.8969826
0.905498
0.8924429
0.9121788
0.9024724
0.9016081
0.9035167
0.8916995
0.8972787
0.5669778
0.9230091
0.919627
0.9191066
0.9221194
0.8363428
0.9096891
0.8943991
0.9193422
0.837915
0.9181122
0.9202092
0.9251966
0.9154815
0.9090941
0.9134887
0.9134677
0.9230334
0.9149495
0.9210158
0.913762
0.9169043
0.913723
0.9259118
0.919477
0.9110694
0.9161165
0.9091751
0.9051191
0.8369686
0.9203144
0.9020152
0.908643
0.9177855
0.8989135
0.9036557
0.903683
0.9045916
0.9076496
0.9027373
0.9215425
0.9185667
0.9147516
0.9071318
0.9017867
0.9117209
0.903462
0.9097161
0.9007981
0.9124623
0.8987369
0.8993804
0.9182485
0.9076588
0.9183961
0.9019277
0.9159252
0.9164778
0.9173542
0.9173167
0.9147276
0.9066141
0.9178145
0.9113133
0.9118361
0.9072819
0.9120434
0.917479
0.8423405
0.8957978
0.9067921
0.8428917
0.8999855
0.901159
0.8504005
0.9167053
0.9092961
0.8975615
0.9042876
0.9010007
0.8987223
0.9079416
0.9092236
0.8459347
0.9079647
0.9189673
0.9059817
0.9097507
0.9162188
0.9123743
0.9113548
0.9106734
0.9126034
0.9096988
0.9148898
0.9152222
0.9121361
0.9112131
0.9121888
0.9089537
0.9080514
0.8741414
0.883302
0.8811695
0.9067797
0.8989998
0.9077807
0.9013958
0.8768986
0.9022291
0.9093687
0.9181417
0.9261103
0.907982
0.9054969
0.9269579
0.9086628
0.9128152
0.9106207
0.916009
0.9170258
0.9047483
0.917481
0.9200377
0.9273171
0.9040402
0.9154317
0.9036222
0.9061283
0.9041441
0.9124578
0.8967685
0.9169539
0.9063035
0.9079049
0.90487
0.911862
0.9121004
0.9122234
0.910729
0.9313283
0.9272727
0.9256745
0.8999386
0.9065759
0.9129185
0.9016275
0.9077754
0.901698
0.9086278
0.9078501
0.9063474
0.9188259
0.9171807
0.9114922
0.913668
0.9215283
0.9132461
0.9131791
0.9126141
0.9133032
0.9070393
0.9143579
0.9074479
0.9085989
0.9034582
0.9155892
0.9099972
0.9060126
0.9085583
0.9082326
0.9012767
0.9026319
0.9030436
0.9058811
0.906746
0.9039004
0.9122158
0.9151745
0.9094557
0.9087728
0.9139777
0.9102697
0.9040168
0.9034657
0.86711
0.9027778
0.9090135
0.9168796
0.9128169
0.9048732
0.9038372
0.9157686
0.9107751
0.9157469
0.9112405
0.9126165
0.9096707
0.9133715
0.9078801
0.9186299
0.8659293
0.8807928
0.8819156
0.9070015
0.9015477
0.9062099
0.9092858
0.8788147
0.9108378
0.9046761
0.9150768
0.9279945
0.9141897
0.9074794
0.9294032
0.9102382
0.9105389
0.9086989
0.9165495
0.9165344
0.9083528
0.9165316
0.921202
0.9210351
0.9103934
0.9156699
0.9088063
0.9153998
0.9129334
0.9097664
0.8994551
0.9182986
0.9069411
0.9113769
0.909917
0.911724
0.9111892
0.9111584
0.9139636
0.9279258
0.9236262
0.9223261
0.905703
0.9092174
0.9121234
0.9008739
0.9067538
0.9067815
0.9081081
0.9141085
0.9058285
0.9171199
0.9212307
0.9117022
0.9202313
0.9195675
0.9088058
0.912308
0.9092531
0.9106882
0.9094871
0.9135592
0.9017767
0.9039974
0.9007279
0.9136777
0.9080464
0.9097452
0.908504
0.9110162
0.9054412
0.907588
0.9057117
0.9039216
0.9070889
0.9146041
0.9158882
0.9152985
0.9134425
0.9129787
0.9124889
0.9077663
0.9109061
0.9065733
0.8615558
0.9023407
0.9106171
0.9197289
0.9188435
0.9102583
0.9102407
0.912458
0.9160796
0.9166577
0.9160245
0.9140524
0.9139178
0.9211091
0.9079561
0.9185172
0.8688433
0.874636
0.8727932
0.9026705
0.903687
0.9046197
0.9061428
0.8708665
0.910114
0.9053632
0.9186006
0.923897
0.911363
0.9013519
0.9288518
0.9104879
0.9055144
0.9078001
0.9166136
0.9203201
0.9048319
0.9193583
0.9186451
0.9240907
0.9099436
0.9159972
0.9037
0.9194207
0.9135559
0.9058972
0.8949241
0.9182621
0.903815
0.9097441
0.9050741
0.9089018
0.9080468
0.9121146
0.9115893
0.9314017
0.9288162
0.9255319
0.898315
0.9084793
0.911648
0.901535
0.9052141
0.9013665
0.9108783
0.9175955
0.9083288
0.9154625
0.92393
0.9124666
0.9216654
0.9230608
0.9101019
0.9114466
0.9083579
0.9096128
0.9088289
0.9105592
0.9058505
0.9070892
0.9029394
0.9135648
0.8987962
0.9104612
0.9123591
0.9091987
0.9058527
0.9068716
0.9045451
0.9060886
0.8972407
0.9108012
0.9147865
0.9172409
0.9097983
0.9148009
0.9151945
0.9108907
0.9048421
0.9036626
0.8541181
0.8989369
0.9080296
0.912738
0.9120618
0.903103
0.9040452
0.9120228
0.9093732
0.9155594
0.9108658
0.9086564
0.9122271
0.9086902
0.9060973
0.9055443
0.8751899
0.8835102
0.8821569
0.9096031
0.8997455
0.9023363
0.8983586
0.8749535
0.901075
0.909947
0.9156134
0.9236454
0.9123658
0.9059018
0.9255476
0.9097026
0.9141803
0.9095991
0.9203016
0.9193828
0.9068305
0.9186894
0.9198793
0.9256859
0.907254
0.9188998
0.9024021
0.909156
0.9033566
0.9114485
0.8936064
0.9123045
0.9083083
0.9031111
0.9047206
0.9083515
0.9077712
0.910124
0.9093915
0.9289935
0.9272943
0.9263959
0.9005657
0.9047396
0.9132309
0.9003854
0.9067815
0.9002978
0.9105613
0.9106069
0.9045885
0.9162927
0.9196619
0.9173167
0.9151068
0.9206577
0.9125898
0.9134533
0.9123818
0.9138891
0.9037398
0.9153347
0.908607
0.9101136
0.9027471
0.9150238
0.9090553
0.8994136
0.9053428
0.9093909
0.8991642
0.9002797
0.9000254
0.9004211
0.9075542
0.9049124
0.907218
0.9152247
0.9079257
0.9091496
0.9111547
0.9108068
0.9028838
0.9020362
0.8666163
0.9052369
0.9077943
0.8855186
0.86973
0.8738654
0.873803
0.8849763
0.8725558
0.8857736
0.8786883
0.8780681
0.8732415
0.8703156
0.8769164
0.9142967
0.9252262
0.922836
0.9226671
0.9068169
0.9149494
0.9042359
0.8917561
0.9221388
0.9145737
0.9041435
0.9054556
0.9117301
0.8925939
0.9039455
0.9106002
0.8926367
0.8973349
0.8936932
0.9099903
0.8564119
0.906774
0.8594165
0.912363
0.9059856
0.8945551
0.9109541
0.8996689
0.8623703
0.9154526
0.8944779
0.9072925
0.9070759
0.9135639
0.9045886
0.886561
0.9209344
0.9208653
0.8903682
0.919654
0.8848958
0.8857723
0.8910618
0.8921174
0.89392
0.8984246
0.8900942
0.8938437
0.8862331
0.8945452
0.8834771
0.8921178
0.8939607
0.901786
0.8985992
0.8570224
0.8874859
0.9104947
0.9152343
0.9121152
0.912337
0.9265026
0.9115109
0.9130465
0.9123421
0.8875483
0.8912426
0.9013769
0.9138814
0.8823508
0.887425
0.9132571
0.8924543
0.8863604
0.9176605
0.895387
0.9255379
0.8907178
0.8503821
0.8926805
0.8801335
0.8479879
0.8885527
0.9187224
0.8865228
0.9194103
0.893001
0.8845019
0.8837034
0.8705125
0.8748415
0.8744115
0.8839665
0.8759473
0.8844005
0.878801
0.878141
0.8742608
0.8708103
0.876747
0.9147054
0.9245374
0.9225178
0.9224615
0.9065114
0.9133448
0.9018534
0.8920487
0.9219341
0.9127461
0.9030603
0.9057597
0.9112355
0.8914715
0.9027929
0.9101794
0.8915526
0.8961712
0.8916655
0.9091919
0.8588445
0.9057827
0.8614591
0.9101418
0.9052624
0.8933216
0.9086349
0.8967646
0.8590604
0.915745
0.8939437
0.9057173
0.9076331
0.9153244
0.9025388
0.8875403
0.9218486
0.9220399
0.8905829
0.9228534
0.8885432
0.8849899
0.8896869
0.8928826
0.8949141
0.8990535
0.8917771
0.8921399
0.8843765
0.8918584
0.8836627
0.8913461
0.8935078
0.9002044
0.8972509
0.8566615
0.8876246
0.9124634
0.9169863
0.9131329
0.913163
0.9267393
0.9138171
0.9114429
0.9117647
0.8889206
0.8905912
0.8999965
0.9149306
0.881734
0.8876052
0.9119994
0.8929042
0.8871388
0.9183202
0.8966193
0.9236641
0.8897498
0.8479532
0.8900325
0.8785953
0.8468681
0.8886914
0.9171808
0.887822
0.9168892
0.8936466
0.885318
0.8857563
0.8698613
0.8700575
0.869217
0.8799026
0.8714119
0.8837343
0.8743025
0.8729556
0.8712788
0.8684662
0.8737377
0.9140496
0.9253123
0.9236731
0.9232802
0.9026704
0.9139808
0.902338
0.8911579
0.9219656
0.9133424
0.9018003
0.9053281
0.9139262
0.8891652
0.9001092
0.9099024
0.8920414
0.8943063
0.8928229
0.9072825
0.8596766
0.9036271
0.8600946
0.9091129
0.9030705
0.8922067
0.9093062
0.9005875
0.8601845
0.9160385
0.897785
0.9024642
0.9078432
0.9145787
0.9031318
0.8880733
0.9248477
0.9242977
0.8887073
0.9241885
0.8870571
0.8873394
0.8883844
0.890253
0.896498
0.8977938
0.8883394
0.8882707
0.8867897
0.8898705
0.8826372
0.89223
0.8935646
0.897037
0.8952475
0.8569126
0.8842578
0.9095642
0.9129937
0.9108042
0.9097356
0.9266248
0.9098951
0.910593
0.910915
0.8873461
0.8908439
0.8978925
0.9136736
0.8804548
0.886349
0.9133902
0.8897948
0.8862385
0.9182377
0.8954974
0.9239241
0.8924048
0.8514986
0.8862256
0.8820601
0.8481791
0.8874012
0.9157891
0.8847993
0.9178698
0.8899092
0.8866359
0.9192083
0.9200906
0.9116493
0.9097658
0.9118511
0.9148171
0.9224596
0.9183399
0.9183796
0.9193777
0.921377
0.9157004
0.909611
0.9139411
0.9112788
0.9087585
0.9085245
0.9002271
0.9105662
0.9080103
0.9083235
0.906135
0.9109983
0.9236475
0.9285961
0.9159498
0.9095108
0.9254204
0.9064046
0.9133727
0.9067655
0.9218745
0.9207067
0.9093287
0.922022
0.9219737
0.925259
0.9148442
0.9195467
0.9073422
0.9202725
0.9081158
0.9184471
0.9022188
0.9230901
0.9131877
0.9143834
0.9110525
0.8016616
0.8021442
0.9145842
0.8056054
0.9312688
0.9254577
0.9275879
0.9052888
0.9096538
0.9166109
0.9054762
0.9105516
0.9049139
0.9139398
0.916599
0.9096602
0.9180603
0.9217086
0.9166461
0.9201802
0.9218077
0.9146061
0.9135005
0.91267
0.9137022
0.9054383
0.9148673
0.9095121
0.9094508
0.9068478
0.9171598
0.9081355
0.9078896
0.9136088
0.9130296
0.9079519
0.9103305
0.9121043
0.9059271
0.9067888
0.9082952
0.9131974
0.9194075
0.9074389
0.9142493
0.9217556
0.9121105
0.9085254
0.9072933
0.9058424
0.9057854
0.9145669
0.9042488
0.8990303
0.8995307
0.8978296
0.9031559
0.8949385
0.9089078
0.9050386
0.9060369
0.9035895
0.8943231
0.8998422
0.8909704
0.9268976
0.918454
0.9195381
0.9224093
0.8877138
0.9106806
0.9015163
0.9172941
0.8779945
0.916594
0.9270941
0.9255154
0.9142545
0.9121103
0.9162082
0.9151796
0.9224118
0.9144226
0.9253549
0.9173163
0.9192952
0.9168665
0.9282089
0.9220509
0.9142611
0.9177779
0.9046696
0.9034601
0.8905118
0.9218656
0.9013796
0.9099467
0.917488
0.9055508
0.9058738
0.8813415
0.8816979
0.906282
0.8755878
0.9258054
0.9242228
0.9194503
0.9072648
0.9052644
0.9147167
0.9036574
0.9096388
0.8998117
0.9098463
0.9006949
0.9022192
0.918257
0.9082802
0.9136958
0.9060742
0.9167565
0.9175568
0.9190888
0.9169808
0.9180636
0.8978102
0.9169398
0.9170881
0.9170286
0.9037895
0.9195295
0.9147612
0.8891378
0.8996729
0.9016425
0.8930646
0.9003419
0.9014613
0.8945617
0.9175203
0.900414
0.8985236
0.9104832
0.8998289
0.9000076
0.9086611
0.9069635
0.8972066
0.9062715
0.9212407
0.9085436
0.9060129
0.9011026
0.8944601
0.8968554
0.89619
0.8993991
0.8911115
0.9077663
0.9024844
0.9001191
0.8983895
0.8935593
0.896619
0.8841091
0.9236544
0.914217
0.9140342
0.9173611
0.8856537
0.9100996
0.8968675
0.9142941
0.8722316
0.9152486
0.9231211
0.9224588
0.9125431
0.9107294
0.9152067
0.9138418
0.9201333
0.9100615
0.9229158
0.9138669
0.9160478
0.9129926
0.9252152
0.9199247
0.9148145
0.9168914
0.9058672
0.9006338
0.8867475
0.9198091
0.896813
0.9059145
0.915506
0.9059505
0.9013354
0.8771166
0.8757206
0.9064239
0.8662186
0.9245888
0.9238082
0.9158597
0.9046204
0.9015717
0.9077523
0.903548
0.9092874
0.895187
0.9065159
0.8969011
0.8992889
0.9168118
0.9064302
0.9122396
0.9039544
0.9134661
0.9148063
0.9180501
0.9171034
0.9150636
0.8943129
0.9124839
0.9108955
0.9135607
0.9032282
0.9174908
0.9125671
0.8863414
0.8942976
0.9016302
0.888722
0.8955403
0.8982172
0.8940065
0.9136227
0.8978435
0.8934549
0.9078643
0.8983603
0.8943733
0.9047092
0.9075296
0.8975621
0.9014337
0.919048
0.9051759
0.9062821
0.8981348
0.8992871
0.8906478
0.8918614
0.8940646
0.8902332
0.9076036
0.9019763
0.9027713
0.9036936
0.8915544
0.8915843
0.8205417
0.9146424
0.903883
0.9042546
0.9134524
0.8281894
0.9046036
0.8880461
0.9056801
0.8149515
0.9066427
0.918495
0.9236077
0.9042188
0.9026971
0.9137006
0.9073618
0.9175844
0.9055355
0.9170154
0.9081789
0.9089716
0.9102746
0.9218924
0.9183602
0.9085007
0.9117564
0.8984069
0.900739
0.8316638
0.9155573
0.8889639
0.9045562
0.9098654
0.898031
0.8969991
0.8980605
0.8982661
0.90435
0.897839
0.921674
0.9177765
0.9146583
0.8986591
0.8965281
0.9086799
0.8977157
0.9041018
0.887638
0.9036179
0.8923361
0.8931768
0.9154147
0.9046254
0.9134775
0.9060309
0.9148809
0.9135732
0.9149643
0.915607
0.9144013
0.8947445
0.9122495
0.908489
0.9078009
0.8968975
0.9094306
0.9058698
0.8382118
0.8902114
0.8986954
0.724463
0.887292
0.8902302
0.8417817
0.9094831
0.8911917
0.8925922
0.9049709
0.8972345
0.8925611
0.907883
0.9003914
0.8388034
0.899486
0.9127976
0.8992769
0.9059346
0.9078557
0.907002
0.9031789
0.9029691
0.9017886
0.9046285
0.9124793
0.9075776
0.9084746
0.9059755
0.9079926
0.9025172
0.9013196
0.889578
0.8290785
0.8282565
0.9125393
0.8945265
0.9079311
0.8991808
0.8882459
0.8935493
0.9058866
0.9171047
0.9274033
0.9146459
0.9104655
0.9245576
0.9128053
0.9180633
0.9088325
0.9217272
0.9160077
0.9134215
0.9156579
0.9184465
0.9237894
0.9112031
0.9226222
0.9054809
0.9089767
0.8951645
0.9144297
0.8961307
0.9152814
0.910273
0.9068899
0.9040061
0.9095023
0.9082542
0.9071264
0.9052239
0.928155
0.924366
0.9188179
0.9013127
0.9046224
0.9081864
0.9001314
0.9069076
0.9000036
0.9116742
0.9073721
0.902287
0.9174075
0.9130123
0.9154699
0.9096041
0.9178952
0.9144473
0.9152265
0.9124484
0.9146599
0.9011884
0.9129982
0.9120377
0.9126039
0.9033792
0.9164914
0.9102019
0.8989572
0.9033549
0.9057851
0.8987071
0.9003864
0.8977273
0.9015187
0.9054187
0.8995591
0.9049802
0.9140226
0.9034207
0.906965
0.9118405
0.9070655
0.9014181
0.9034663
0.8815637
0.9008156
0.9102624
0.9077297
0.9057984
0.9005889
0.9029059
0.9031931
0.9020856
0.9128397
0.9067757
0.9046253
0.9041261
0.9039164
0.9019307
0.9022947
0.8879139
0.8263677
0.8280633
0.9129361
0.8947194
0.908239
0.898582
0.8854951
0.8905238
0.9083403
0.9164749
0.9277963
0.9133367
0.9096416
0.9241845
0.9125404
0.9186715
0.9112648
0.9200809
0.9154063
0.9130435
0.9148617
0.9202287
0.9221951
0.9100358
0.9200925
0.9045552
0.9094837
0.8967768
0.9137424
0.8931218
0.913516
0.9092765
0.9070746
0.903267
0.9092645
0.9090352
0.9069591
0.9062012
0.9280628
0.924299
0.9196022
0.9002008
0.9037693
0.9088093
0.9019078
0.9051255
0.8988028
0.909722
0.9064941
0.9007828
0.918468
0.9116514
0.9137005
0.9107027
0.9177665
0.9127432
0.9151264
0.9117891
0.9121753
0.8985894
0.9112048
0.9088145
0.9085145
0.9024781
0.9170153
0.9098505
0.8985597
0.9018497
0.9065634
0.89541
0.8975731
0.8977675
0.9010933
0.9053635
0.8970643
0.9019423
0.9121265
0.9045456
0.9047378
0.9117679
0.9067004
0.9011918
0.9028843
0.8804189
0.9001425
0.9104579
0.9144337
0.9145045
0.9107826
0.9079437
0.9125275
0.9082599
0.9196155
0.9141251
0.9115397
0.9116298
0.9140051
0.9087788
0.9072233
0.9133237
0.9091673
0.9092239
0.9108661
0.8988661
0.9103528
0.9056707
0.9076238
0.8909911
0.912814
0.924419
0.9308913
0.9200014
0.9076124
0.9268768
0.9146605
0.9177681
0.913935
0.9231152
0.9198096
0.91496
0.9210385
0.9240475
0.9292123
0.9143677
0.9214061
0.9067852
0.9141478
0.9065741
0.9192079
0.8993668
0.913448
0.9132993
0.9096304
0.9110852
0.9043323
0.9059311
0.9114345
0.9041756
0.9300994
0.9276774
0.9251986
0.9075998
0.9128153
0.9190449
0.9094689
0.9118673
0.9052235
0.9155132
0.9094401
0.9034166
0.9188476
0.918462
0.9166338
0.9214386
0.9227366
0.9141217
0.9153376
0.9144644
0.9165646
0.8320807
0.9132494
0.9119269
0.9107986
0.9097788
0.9189053
0.9107046
0.9019543
0.9064203
0.9100667
0.9020624
0.9059667
0.9072079
0.9036333
0.913148
0.8540808
0.9099272
0.9198755
0.9108622
0.9136008
0.9171215
0.9134199
0.9036066
0.9051699
0.9058099
0.9106883
0.9104907
0.9196071
0.9202011
0.9119883
0.9128459
0.9124704
0.9160437
0.9215452
0.9186746
0.9183213
0.918125
0.9190424
0.9153232
0.9121331
0.9047479
0.9036158
0.9030618
0.9072567
0.9045806
0.9053623
0.901826
0.8969072
0.9006914
0.9018225
0.9215897
0.9278057
0.9169205
0.9006601
0.9296348
0.9094265
0.9090909
0.9087614
0.9185791
0.9227001
0.908326
0.9212556
0.9214817
0.9283166
0.9135413
0.9178424
0.9036215
0.9217131
0.9096357
0.9128756
0.8976352
0.9232066
0.9076582
0.9125679
0.9067581
0.9027063
0.9041639
0.9139003
0.9042404
0.9370849
0.9331107
0.93066
0.9032175
0.9084941
0.9144923
0.9022275
0.9086738
0.8992426
0.9128015
0.915266
0.9062144
0.9198993
0.9231131
0.9136641
0.9215821
0.9290103
0.9136442
0.9162893
0.9151776
0.915915
0.8222143
0.9130403
0.9089474
0.9073986
0.9054343
0.9173404
0.9097985
0.9120666
0.9117701
0.9128117
0.9035617
0.9030527
0.902583
0.9071755
0.9060557
0.8596999
0.917051
0.9243939
0.90817
0.9168695
0.9230797
0.9100771
0.9082539
0.8988551
0.8952846
0.9054278
0.9090678
0.8870069
0.8695108
0.8739817
0.8716018
0.8864921
0.8758441
0.8854495
0.8732622
0.8741272
0.8685706
0.8730544
0.8796916
0.920936
0.9253726
0.9248112
0.923242
0.903519
0.9158687
0.9041577
0.8924174
0.9236138
0.9193316
0.9023359
0.9061197
0.9118469
0.8875657
0.9025778
0.9125758
0.8896039
0.8902928
0.8909535
0.9113494
0.8455515
0.9070701
0.8479271
0.9121829
0.90635
0.8927934
0.9095679
0.9013013
0.8540555
0.9219671
0.8895238
0.9115851
0.9168829
0.9177876
0.9109997
0.8872943
0.9269936
0.9256928
0.8922443
0.9253257
0.8878508
0.8785567
0.8841191
0.891465
0.8938469
0.8975758
0.8898581
0.8915568
0.8873265
0.8905146
0.8883567
0.8957176
0.8978485
0.9035939
0.900103
0.8372277
0.8931054
0.9155009
0.9164888
0.9153402
0.9145269
0.9274857
0.916066
0.9149416
0.9154587
0.8915372
0.8885893
0.8967749
0.9223725
0.8876637
0.8894452
0.92035
0.8888768
0.8887766
0.9201408
0.8911673
0.9317644
0.8898119
0.8322016
0.8916842
0.8928866
0.834627
0.8895798
0.9215407
0.8874986
0.920798
0.8901174
0.8923642
0.873945
0.8566894
0.8554393
0.8551363
0.8721717
0.856865
0.8736846
0.8634628
0.8612141
0.8589595
0.8553021
0.8568225
0.9042077
0.9161345
0.9121501
0.9113139
0.8920961
0.9020979
0.8926777
0.8749404
0.9137344
0.9005333
0.8936778
0.8983171
0.9061642
0.8809982
0.8903621
0.9059144
0.8825321
0.8910701
0.8811773
0.9030888
0.8515613
0.8932108
0.8538276
0.9050163
0.9036157
0.8851208
0.9035097
0.8857773
0.8495879
0.9086506
0.8876542
0.8913625
0.9054914
0.9086129
0.8961517
0.8755001
0.9106297
0.9110978
0.878086
0.9130881
0.8915528
0.8855042
0.8857042
0.8771596
0.8835875
0.8894328
0.8679022
0.8796598
0.872096
0.8767647
0.8731982
0.882338
0.8899939
0.8917537
0.8866626
0.8394029
0.8837234
0.9059346
0.9105235
0.9072711
0.9092487
0.9172134
0.9073956
0.9065461
0.907884
0.8741834
0.8887608
0.8861666
0.9055107
0.8726744
0.8758222
0.904055
0.8726537
0.8730974
0.9077032
0.8852345
0.911201
0.8772825
0.8343334
0.8769007
0.8778604
0.8331947
0.8799913
0.9044622
0.8745818
0.9072569
0.8801155
0.8776212
0.9168581
0.9152416
0.9083021
0.909648
0.9141085
0.9164625
0.9164959
0.9117835
0.9141128
0.9124337
0.9149867
0.9113202
0.9115133
0.8782272
0.8860283
0.8875433
0.9124067
0.9112504
0.911987
0.9071558
0.8905014
0.9116906
0.911771
0.9224269
0.9261873
0.9155931
0.907806
0.930074
0.9123229
0.9139423
0.911646
0.9209857
0.9212505
0.9142315
0.920263
0.9229571
0.9255636
0.9138422
0.920245
0.9150076
0.9125508
0.9157395
0.9156864
0.900042
0.9228436
0.9137045
0.9098923
0.9104281
0.9129913
0.912959
0.9113906
0.915337
0.9282983
0.9270882
0.9220619
0.9034152
0.9094978
0.9175859
0.9055617
0.9081629
0.9090617
0.9104372
0.9100188
0.9070198
0.916416
0.9204721
0.9142676
0.9185253
0.9198736
0.9142887
0.913492
0.9151614
0.9128483
0.9169317
0.915086
0.9109832
0.9126624
0.9074761
0.9138223
0.9121714
0.9159845
0.9102678
0.9099748
0.9048416
0.9095123
0.909624
0.9129072
0.9082024
0.9149434
0.9143402
0.9176054
0.9094855
0.9122807
0.9175272
0.9126042
0.9132038
0.9094023
0.8668683
0.9062612
0.9081993
0.8682139
0.8503875
0.8551346
0.85479
0.8698543
0.850941
0.8662078
0.85735
0.8609396
0.8534863
0.8475915
0.8605074
0.9128463
0.9263958
0.9256155
0.9254087
0.907753
0.9079818
0.9072027
0.8926901
0.9261111
0.907117
0.9098183
0.9020311
0.9030612
0.886802
0.9043565
0.9066615
0.8947613
0.9004826
0.8937695
0.9105691
0.834061
0.9098954
0.8362299
0.9137919
0.9068738
0.8930634
0.9135664
0.9008602
0.839281
0.9114803
0.8975968
0.9089338
0.9078051
0.9163955
0.9053066
0.8852727
0.9225541
0.9223342
0.8904507
0.9227055
0.8821793
0.8735947
0.8797525
0.89405
0.8885765
0.8925555
0.8873178
0.8930928
0.8845358
0.8862786
0.8709607
0.8844428
0.8884681
0.8923662
0.893769
0.8133
0.886627
0.915443
0.914875
0.9172639
0.9131705
0.9255497
0.9166169
0.9138886
0.9156682
0.8854265
0.8903397
0.893108
0.912855
0.8690059
0.8864744
0.9126836
0.8818347
0.8899337
0.912618
0.8928855
0.9263505
0.8825381
0.8059443
0.8859092
0.8727963
0.807169
0.8887771
0.9155323
0.884463
0.9261752
0.8857267
0.8846458
0.880308
0.8699805
0.8706349
0.8689151
0.8851038
0.8693427
0.8797604
0.875242
0.8773231
0.8670426
0.8715677
0.8735611
0.9171833
0.9264194
0.9265426
0.9244549
0.9107957
0.9142837
0.908838
0.8993753
0.9264726
0.9103012
0.9143423
0.9066233
0.9092179
0.8941659
0.9054661
0.9108925
0.8965751
0.9006708
0.8965751
0.9142668
0.8632551
0.9115506
0.8640454
0.9149674
0.9135635
0.8986333
0.9178173
0.9018649
0.8634363
0.9160915
0.9020101
0.9084976
0.9110403
0.9201281
0.9128459
0.889354
0.9265435
0.9282575
0.8944571
0.9286856
0.8912287
0.8875996
0.8844536
0.8982839
0.8988912
0.8976812
0.8933405
0.8958881
0.8956831
0.893488
0.8821404
0.8939302
0.9016422
0.8963658
0.899578
0.8427139
0.898366
0.9193137
0.9217409
0.9196907
0.9153517
0.9274062
0.9173791
0.9171377
0.9173487
0.8938469
0.8977697
0.8974686
0.9139724
0.8871108
0.8907276
0.914373
0.8887645
0.8922149
0.9184605
0.8979416
0.9281975
0.8910511
0.8436627
0.8894287
0.8840993
0.8484882
0.8910973
0.9208017
0.9010294
0.9242697
0.8877971
0.8897568
0.8632336
0.8447364
0.8481175
0.8456029
0.8631637
0.8512375
0.8640737
0.8533882
0.8536977
0.8460464
0.8446521
0.8525359
0.9112694
0.9146867
0.9153253
0.9134893
0.8943453
0.9003199
0.8917928
0.8803388
0.9166254
0.9000179
0.8949901
0.8945967
0.9041975
0.8812643
0.8922285
0.9052959
0.8799549
0.8920218
0.8755984
0.8976622
0.8330246
0.8914173
0.8339309
0.9034349
0.8983545
0.8860691
0.8999537
0.8900576
0.8323294
0.9074464
0.8882434
0.8951695
0.9052267
0.9050149
0.8956762
0.875973
0.9151611
0.9153963
0.8768396
0.9151697
0.8848346
0.881315
0.8751075
0.8795599
0.8800714
0.8906199
0.8728392
0.877608
0.8766239
0.8750228
0.8698223
0.8711929
0.8865146
0.8856801
0.885282
0.8173535
0.8831066
0.8988869
0.9033701
0.9021949
0.9049432
0.9170697
0.9049841
0.9027932
0.9011934
0.872752
0.882018
0.8824911
0.9056281
0.8641902
0.8722944
0.9042887
0.8700484
0.8731143
0.9069323
0.8860334
0.9192484
0.8743051
0.8116121
0.8738119
0.8680987
0.809397
0.879728
0.9079398
0.8765015
0.9125421
0.8727594
0.8737225
0.8892643
0.8774752
0.8829965
0.8803323
0.8863921
0.8820816
0.8844698
0.8800522
0.8841938
0.8775406
0.8774982
0.8816974
0.9199958
0.9241602
0.9247597
0.9261302
0.9008256
0.9123042
0.9030083
0.8947049
0.9263037
0.9171888
0.9042315
0.902218
0.9114047
0.8894885
0.8971341
0.9132662
0.8880969
0.8943055
0.8892033
0.908433
0.8725902
0.902141
0.870825
0.9144894
0.9096335
0.8903003
0.9104692
0.8956222
0.8729865
0.9188328
0.8947069
0.908261
0.9102783
0.9141461
0.9089363
0.8899522
0.9178054
0.9196938
0.8938919
0.9196772
0.8953649
0.8936046
0.893247
0.8910226
0.8960391
0.8990257
0.8903409
0.8950484
0.8929712
0.892254
0.8859718
0.8939567
0.9011464
0.8980731
0.8952134
0.8650756
0.8938737
0.9124136
0.9148536
0.9121327
0.9108278
0.9279423
0.9120601
0.9123048
0.9122844
0.8918502
0.8940192
0.8908968
0.9167191
0.8912793
0.8890522
0.9169636
0.8941029
0.895843
0.9142369
0.8967719
0.9285135
0.8909266
0.8630533
0.8925843
0.8839912
0.8588685
0.8923972
0.9163744
0.890756
0.9161798
0.8913153
0.8903861
0.8726479
0.8543682
0.8650018
0.8649472
0.874851
0.859535
0.8736196
0.8695144
0.8681627
0.8620588
0.8559614
0.862013
0.9090941
0.9268757
0.9233294
0.9247751
0.9069556
0.9089497
0.9023969
0.8884664
0.9281578
0.905352
0.9116174
0.9049028
0.9115066
0.8928825
0.9066193
0.9099153
0.8966948
0.9014724
0.8931586
0.9122606
0.8640437
0.9052274
0.8637952
0.9144337
0.9067705
0.896643
0.9116385
0.8959205
0.8547835
0.9094274
0.9009782
0.9066405
0.9056397
0.914573
0.9018548
0.8906665
0.9207076
0.9220217
0.8891861
0.9216396
0.8943205
0.8885253
0.8891653
0.8951331
0.8908545
0.899042
0.8935568
0.8912311
0.885461
0.8887304
0.8788272
0.8852853
0.8973664
0.8907338
0.8973479
0.8465964
0.8900738
0.9103787
0.9140788
0.9106679
0.9103593
0.9255149
0.9137979
0.9122148
0.9153563
0.8920418
0.8983902
0.8993695
0.9106917
0.8750819
0.8843418
0.9091069
0.8876457
0.8849099
0.9096278
0.8988427
0.923425
0.8870315
0.8532863
0.8803097
0.8753211
0.8529715
0.8927834
0.9129619
0.8928981
0.9244793
0.8868821
0.8837301
0.8638534
0.8458756
0.854712
0.8576965
0.8646998
0.8521008
0.8714879
0.8629974
0.8620562
0.8540028
0.8392193
0.8590819
0.9030177
0.9215975
0.9213146
0.9191197
0.9064952
0.9049135
0.8963914
0.8781833
0.9229255
0.8986702
0.9054301
0.8994739
0.9096806
0.8873265
0.897857
0.9053223
0.8863604
0.8929022
0.886108
0.906944
0.8388757
0.9013695
0.8387218
0.9079598
0.9032942
0.8869965
0.9057499
0.8900205
0.839639
0.9044249
0.892321
0.9030594
0.9046466
0.9122493
0.8958296
0.8795656
0.9153681
0.9151833
0.8810499
0.9146109
0.8842542
0.8875904
0.8828444
0.8854341
0.8843503
0.8897842
0.8833035
0.884819
0.8778335
0.8794092
0.8641793
0.8786641
0.8892309
0.8824512
0.8928379
0.8287247
0.8823951
0.9102587
0.91258
0.9120541
0.9120867
0.9170458
0.9104398
0.9100653
0.9118982
0.879851
0.8865473
0.8904694
0.9057711
0.861262
0.8769253
0.903614
0.8728985
0.875032
0.9067638
0.8978966
0.9158821
0.8764995
0.8272603
0.8748955
0.8666667
0.8275286
0.8799041
0.9087708
0.8782883
0.9180964
0.8844292
0.8764363
0.8806003
0.8714343
0.8705956
0.8692489
0.8819347
0.8701767
0.8789531
0.8726507
0.8691397
0.8661228
0.8686995
0.8749679
0.9153751
0.9205516
0.9195406
0.9173463
0.9019622
0.9072066
0.8992821
0.8911956
0.9236855
0.9089751
0.9022532
0.9069117
0.9140601
0.8933905
0.898782
0.9137696
0.8884259
0.8930625
0.8904921
0.9098042
0.8483532
0.9016892
0.850796
0.9112906
0.9132468
0.8931216
0.9094744
0.8911455
0.8599617
0.915621
0.8997263
0.8971271
0.9096057
0.9112845
0.9043156
0.8871966
0.9146795
0.9145332
0.8900752
0.9156406
0.8963533
0.8898803
0.8899606
0.8910813
0.8907974
0.8995773
0.8847187
0.8886783
0.8908002
0.8887813
0.8797594
0.8926355
0.8918534
0.8997222
0.8930764
0.840921
0.8859393
0.9119997
0.9144886
0.9107565
0.9137767
0.9239176
0.9127557
0.910158
0.9108683
0.8892335
0.8953882
0.8966631
0.9140738
0.8865169
0.8863005
0.9094951
0.8867651
0.889157
0.913147
0.8939033
0.9240034
0.8912233
0.8415764
0.8891233
0.8861188
0.8420659
0.8922614
0.9135932
0.889772
0.915544
0.889895
0.8879834
0.8682783
0.8417745
0.8499474
0.8460495
0.8632157
0.8497778
0.8659302
0.8511628
0.855972
0.8471892
0.8389537
0.8509942
0.9068387
0.9177918
0.9175236
0.9182704
0.8974286
0.9034802
0.8928751
0.8809602
0.9179719
0.9024242
0.9013163
0.8920871
0.9051697
0.8796468
0.8979482
0.9100451
0.883253
0.8921498
0.8825089
0.9032498
0.824685
0.901658
0.824807
0.9085554
0.9030009
0.8852748
0.9036714
0.8907448
0.8233835
0.9072971
0.8855975
0.8950604
0.9048542
0.9085087
0.8985308
0.8740806
0.9138284
0.9142938
0.8777479
0.9123684
0.8798374
0.8687294
0.8765657
0.8787491
0.8791814
0.889869
0.8761208
0.8801767
0.8707071
0.8796078
0.8660428
0.8779624
0.8888371
0.8880654
0.8861349
0.7875862
0.8782035
0.9054751
0.9077598
0.9104197
0.9075159
0.9211887
0.9079864
0.907255
0.9096405
0.8737968
0.8839289
0.8875625
0.9007437
0.8652961
0.8742035
0.9033971
0.8737582
0.8716328
0.9075574
0.8876253
0.9182458
0.8736965
0.7859671
0.8716021
0.8700617
0.7876489
0.876509
0.9122049
0.8776648
0.9149575
0.8783418
0.8750817
0.8633312
0.8392166
0.847473
0.8407559
0.8580375
0.8402477
0.8651378
0.8459625
0.8482438
0.8436507
0.8355778
0.8514662
0.9059245
0.921663
0.9174384
0.9150306
0.8978027
0.9033855
0.8965801
0.878188
0.9206366
0.902172
0.9021681
0.8926958
0.9067352
0.8808789
0.8945628
0.9060621
0.8800568
0.8935279
0.8824406
0.9015608
0.8276596
0.8994127
0.8280011
0.9062786
0.9050783
0.8828331
0.9082322
0.8848577
0.8327714
0.9061115
0.8898702
0.8999895
0.9016815
0.9103827
0.8964064
0.8734261
0.9120526
0.9144751
0.8819923
0.9151277
0.8804029
0.8775216
0.8770982
0.8852059
0.8839584
0.8863957
0.8714001
0.8808774
0.8782902
0.8789675
0.86181
0.8761664
0.8869774
0.8829493
0.884942
0.8042853
0.8730935
0.9060054
0.9122498
0.906604
0.9115232
0.9216376
0.9067682
0.9087577
0.9109066
0.873474
0.8801294
0.8834808
0.9053472
0.8619624
0.8735518
0.9022457
0.8711487
0.8727179
0.9062279
0.8837328
0.9202925
0.8711843
0.7995798
0.8737065
0.8629256
0.7996495
0.8766009
0.910432
0.8761488
0.9176177
0.8803219
0.8765199
0.8697606
0.8560114
0.8603015
0.8573612
0.8736585
0.8553292
0.8711645
0.8632992
0.8560048
0.8558501
0.8519534
0.8603204
0.9101044
0.9178555
0.9184309
0.9168381
0.8944359
0.9096478
0.8978243
0.8880678
0.9196769
0.9105579
0.9007623
0.8958614
0.907244
0.8824616
0.8945083
0.9074231
0.8843564
0.8873331
0.8836965
0.9072292
0.8313221
0.8987657
0.8305976
0.9078223
0.9047031
0.884201
0.9085482
0.8893131
0.8477887
0.9137216
0.8813627
0.8963038
0.9047751
0.9084651
0.9020967
0.8776056
0.9186573
0.9185492
0.8826
0.9187181
0.8817868
0.8802395
0.8826563
0.8808508
0.8858572
0.887555
0.8758494
0.8790556
0.8793211
0.8840774
0.87776
0.8820578
0.8896006
0.8916778
0.8857431
0.8268491
0.8838876
0.9074909
0.910104
0.909407
0.9110647
0.9216286
0.908949
0.9089197
0.9112199
0.8768673
0.884949
0.886371
0.911593
0.8750414
0.8745107
0.9111905
0.878314
0.8800437
0.9091711
0.8894142
0.9202463
0.887384
0.814249
0.8826227
0.8738847
0.8158309
0.8857442
0.9140264
0.8800629
0.9137444
0.8808967
0.8759566
0.8738868
0.8537889
0.8599584
0.8591874
0.8671116
0.8552459
0.8696116
0.8577065
0.8567713
0.8508308
0.8559946
0.8634879
0.9151324
0.916561
0.9173214
0.916649
0.8934415
0.9083399
0.8991091
0.8808622
0.9213859
0.9109545
0.9007864
0.8956571
0.9071825
0.8829953
0.8927148
0.9081306
0.884564
0.8880602
0.8851967
0.9061663
0.8296319
0.8985574
0.830721
0.9073776
0.9057634
0.8880881
0.9082922
0.8889129
0.8450436
0.9116865
0.8892607
0.9008754
0.9103287
0.9123115
0.9019642
0.8763461
0.9186955
0.9197228
0.8872763
0.9194404
0.8796656
0.8758865
0.8770796
0.8828557
0.8873107
0.887797
0.8798933
0.8832685
0.8823958
0.8873371
0.8792019
0.8822697
0.8912244
0.8907566
0.8918938
0.8161674
0.8840938
0.9063043
0.9094241
0.9058522
0.9058586
0.9212844
0.9072589
0.9069156
0.9085225
0.8787281
0.8857184
0.8862942
0.9137135
0.8724101
0.8807049
0.912046
0.8849342
0.8826584
0.9138155
0.8902196
0.9266143
0.8808461
0.8201861
0.8791145
0.8808115
0.8113774
0.8813873
0.9160057
0.8805245
0.9148746
0.8842029
0.8802324
0.8760935
0.855162
0.8609028
0.8591845
0.8719375
0.8592545
0.8747093
0.8654033
0.8612719
0.8602425
0.8558762
0.8606659
0.9052134
0.9212286
0.9153816
0.9147778
0.90736
0.9043961
0.9014676
0.8874685
0.9185024
0.8999675
0.9046794
0.9001707
0.9080936
0.8881101
0.9027035
0.9116793
0.8918557
0.8985308
0.8903617
0.9097449
0.8624119
0.9024756
0.8627502
0.912398
0.9090684
0.8919854
0.9056745
0.8939093
0.8583097
0.9022022
0.8966897
0.9032722
0.9128283
0.9122642
0.9040374
0.8796433
0.9134434
0.9140667
0.8863066
0.914761
0.8936567
0.8895147
0.8892333
0.888609
0.8829538
0.894828
0.876803
0.8822588
0.8797995
0.8848688
0.8776484
0.8857362
0.8935322
0.8896604
0.8884417
0.8517252
0.8878414
0.9116945
0.9120193
0.911835
0.9087598
0.9185601
0.9107519
0.9091267
0.9101192
0.8834642
0.8889816
0.8915506
0.9036521
0.875574
0.8825317
0.904779
0.8746344
0.8773932
0.9066966
0.8942567
0.9178478
0.8845466
0.8532416
0.8816954
0.8757725
0.8523196
0.8878831
0.9044429
0.8846168
0.9190119
0.8831932
0.8829768
0.886081
0.8730738
0.8739363
0.8716303
0.8813596
0.8813286
0.8848811
0.8785413
0.8750733
0.8722634
0.8787211
0.8748803
0.9180096
0.9242748
0.9198158
0.9197577
0.9101239
0.9155964
0.9121221
0.8970271
0.9247758
0.9173198
0.9057436
0.9063873
0.9080771
0.8988274
0.909336
0.9164096
0.8954774
0.8995616
0.8944832
0.9130114
0.8766799
0.9059115
0.8781392
0.9161846
0.9107344
0.898029
0.9084218
0.8977012
0.8766324
0.92058
0.9012707
0.9083519
0.9159549
0.9158177
0.915338
0.8910521
0.9229019
0.9234724
0.8939394
0.9228661
0.9010966
0.8964778
0.9001964
0.8947672
0.8930799
0.8982511
0.8901965
0.8903451
0.8900381
0.8932816
0.8893303
0.8993977
0.8949452
0.9037
0.8956677
0.868044
0.8954922
0.9165668
0.9200532
0.9170578
0.9170424
0.9289134
0.9172866
0.9180374
0.9201565
0.8885824
0.8945441
0.8923093
0.9182193
0.8875091
0.8932214
0.9175501
0.8866235
0.8901552
0.9209845
0.8985188
0.9293156
0.8944171
0.8675455
0.8903534
0.8844786
0.8706934
0.8941033
0.9227608
0.8912996
0.9216962
0.8893688
0.8932212
0.8646642
0.8548327
0.8519919
0.8510033
0.8635427
0.8571855
0.8653314
0.8599287
0.8560648
0.8539423
0.8471767
0.8623213
0.9150646
0.9145821
0.9161027
0.9167345
0.8905601
0.9055829
0.8962881
0.8850967
0.9170904
0.9065899
0.8949648
0.898086
0.9063093
0.8783038
0.889257
0.9068316
0.8782934
0.8833836
0.8800668
0.9014543
0.837086
0.8953107
0.8376755
0.905624
0.9039975
0.8810391
0.9056377
0.8870828
0.844629
0.9115029
0.8867095
0.8991966
0.9076716
0.906675
0.9011638
0.8785364
0.9181356
0.9174206
0.8851205
0.9194489
0.884714
0.8741605
0.8753665
0.8834775
0.8880061
0.8914401
0.8737736
0.8835626
0.8772553
0.883411
0.8788485
0.880942
0.8883801
0.8904889
0.8901166
0.8185023
0.8811437
0.9087917
0.9080484
0.9071056
0.9081542
0.9168839
0.9083144
0.9052909
0.9074456
0.8784139
0.8850873
0.879909
0.9104187
0.8741228
0.8806366
0.9102478
0.8793248
0.8772077
0.9093087
0.8854592
0.9205617
0.8853075
0.8184943
0.8866176
0.8783415
0.8177645
0.8833424
0.9140417
0.8792687
0.9084224
0.8803487
0.8770038
0.8641614
0.8485293
0.8456085
0.8468746
0.8581159
0.8567474
0.8648309
0.857031
0.8549012
0.8518185
0.8470624
0.8534473
0.9098878
0.9102328
0.912751
0.908805
0.8867694
0.9049834
0.8877028
0.8773002
0.9136389
0.9019271
0.8932141
0.8904876
0.9031723
0.8761204
0.8884958
0.9075544
0.8780719
0.8863347
0.8783385
0.8988988
0.8424031
0.8907286
0.8428972
0.9029906
0.8997836
0.8842925
0.8987987
0.8826024
0.8533611
0.9073077
0.8838035
0.8955423
0.9056232
0.9046528
0.8984678
0.8696631
0.9133378
0.913229
0.8802991
0.9166373
0.8897448
0.8809157
0.8830245
0.8770504
0.8810018
0.8839043
0.8654381
0.8729425
0.8705704
0.8735813
0.8703595
0.8758548
0.8837795
0.8900512
0.8856741
0.83303
0.8860945
0.9094033
0.9081946
0.9064346
0.9070998
0.9150907
0.9081129
0.9050048
0.9043929
0.8706731
0.8850812
0.876316
0.9065411
0.8644445
0.8736129
0.9071089
0.8721273
0.8716621
0.9075292
0.8794818
0.9163852
0.8784414
0.8251607
0.8768332
0.8728218
0.8289499
0.8751414
0.9116014
0.8728545
0.904281
0.8739159
0.874823
0.8741724
0.8610158
0.8612603
0.8614628
0.8732611
0.8626427
0.8784862
0.8723859
0.8700188
0.8669909
0.8565212
0.8653875
0.9078288
0.9232607
0.9141605
0.9138681
0.9057902
0.8998127
0.9013602
0.8865008
0.9204128
0.89411
0.9116314
0.9034079
0.9108692
0.8912346
0.9023153
0.9085609
0.8957765
0.9004169
0.8958551
0.911133
0.8688519
0.9060574
0.8693453
0.909681
0.9091165
0.89387
0.9108064
0.895944
0.8628132
0.9010246
0.9008648
0.9025831
0.9025789
0.9103372
0.9002402
0.8847164
0.9115846
0.9135519
0.8880861
0.9166224
0.8944408
0.8909748
0.8908788
0.8904199
0.8866301
0.8969719
0.8844552
0.8902426
0.8832408
0.8894298
0.8743314
0.879316
0.8979563
0.8931353
0.8941835
0.8523487
0.8874046
0.9098751
0.913471
0.9128338
0.9114781
0.9136867
0.9114485
0.9100292
0.9132195
0.8867787
0.8946442
0.8973901
0.9021607
0.8784494
0.8871401
0.9046549
0.8790402
0.8781479
0.9055934
0.8974266
0.9134345
0.8827401
0.8572541
0.8836696
0.8807112
0.8573231
0.8914924
0.9056403
0.8895032
0.9187386
0.8899902
0.8882655
0.878757
0.8633554
0.8686634
0.8692709
0.8712431
0.8630345
0.8743561
0.8656876
0.8706947
0.8613461
0.8652871
0.8689818
0.9110906
0.921224
0.9185784
0.9186346
0.900613
0.9090102
0.9010513
0.8855788
0.9182603
0.9064774
0.9003371
0.9026685
0.9076163
0.8891442
0.9018451
0.9075273
0.8858615
0.8902316
0.8874158
0.908293
0.8377283
0.9017791
0.8382722
0.9082681
0.9050853
0.891862
0.9093405
0.8903918
0.8521075
0.9122695
0.8934373
0.9029612
0.9091378
0.9140327
0.9068175
0.88384
0.9178188
0.9168768
0.8848773
0.9207206
0.8874821
0.8832318
0.8843403
0.8859843
0.8903203
0.8922218
0.883457
0.8880413
0.882817
0.8878632
0.8743213
0.8866828
0.8913431
0.8925881
0.8934757
0.8103256
0.8759941
0.9107937
0.9144748
0.9133117
0.9122319
0.920858
0.9107824
0.9110262
0.9135807
0.8844411
0.8902041
0.894392
0.9121452
0.8793588
0.880682
0.9107458
0.8849044
0.8784846
0.9108793
0.8889735
0.9213135
0.8854659
0.8192316
0.8860537
0.8792453
0.8208
0.885878
0.9139202
0.8838799
0.9158011
0.8870022
0.8863091
0.8730549
0.8544992
0.8633699
0.8606984
0.8704591
0.8616198
0.8747758
0.8569246
0.858961
0.8526194
0.8564057
0.8630961
0.9154211
0.9158173
0.9167671
0.915093
0.894673
0.9080054
0.8984514
0.8841543
0.9198125
0.9086132
0.8984625
0.8977341
0.9065828
0.8769415
0.8940324
0.9106025
0.8823018
0.8800306
0.8822057
0.9054087
0.819858
0.8979795
0.8196246
0.9057432
0.901207
0.8865735
0.906145
0.8869129
0.8376261
0.9144394
0.8822229
0.901768
0.9122909
0.9099634
0.9060146
0.8763423
0.9193232
0.9190638
0.8821229
0.9198805
0.8815984
0.8754086
0.8741001
0.8797577
0.8833563
0.884425
0.8738785
0.8816968
0.8825588
0.8802827
0.8682114
0.8837699
0.8846181
0.8909615
0.8834555
0.8081551
0.8806479
0.90628
0.9114748
0.9065278
0.9081213
0.924593
0.907623
0.9065414
0.907956
0.8764687
0.8830596
0.882198
0.9135789
0.8746417
0.8798079
0.9106019
0.8804558
0.8762472
0.9166492
0.8809184
0.9267556
0.8847726
0.7935287
0.8833964
0.8751323
0.7910909
0.8836536
0.9141276
0.8813002
0.9139643
0.88213
0.8716344