0.8954641
0.8931522
0.8972183
0.9067785
0.9042203
0.8846427
0.8869069
0.8931916
0.9101345
0.8760336
0.9107966
0.9135311
0.8904071
0.8787168
0.920854
0.9037133
0.9129144
0.8989488
0.9091477
0.913206
0.9106051
0.8810433
0.9137073
0.8890771
0.8912707
0.8828206
0.8847764
0.8859239
0.9105118
0.8890905
0.9004618
0.9205624
0.8759351
0.8762104
0.9182825
0.8975082
0.9171589
0.9044544
0.8927751
0.8807011
0.9051887
0.9081668
0.9008505
0.9184723
0.9075176
0.8962264
0.8874689
0.8711884
0.8900327
0.8714574
0.9047916
0.8991614
0.9182845
0.9084562
0.9128096
0.9126749
0.8756098
0.9064952
0.9001434
0.907072
0.909338
0.8902768
0.8795241
0.9061755
0.9207768
0.8824305
0.8797908
0.8988725
0.9149972
0.915795
0.9169523
0.9191211
0.8801687
0.9108382
0.8806602
0.8946602
0.8961704
0.9145777
0.9154293
0.912235
0.9026694
0.8984982
0.9030265
0.8897646
0.9083248
0.8819247
0.8742163
0.8750713
0.8766537
0.884796
0.9129523
0.9150682
0.9131946
0.9131886
0.8868625
0.8793385
0.8998748
0.8763543
0.8840348
0.9119598
0.8932868
0.895063
0.8960231
0.9043937
0.8959207
0.8770755
0.8809013
0.8954515
0.9074001
0.8652457
0.9118994
0.9146943
0.8815694
0.8771987
0.9218158
0.9011226
0.9116578
0.8933902
0.9062138
0.9102115
0.9072785
0.8773977
0.9147907
0.8808524
0.8829045
0.8777015
0.8763056
0.8838753
0.9116214
0.8851945
0.8987755
0.9177506
0.8669579
0.8701242
0.916827
0.8955145
0.915695
0.8901142
0.8815098
0.8768791
0.9044302
0.9065909
0.8943049
0.9178794
0.9022187
0.895816
0.8781968
0.8631591
0.8905836
0.8634198
0.8981104
0.8978284
0.920229
0.9046429
0.9186507
0.9172569
0.8757555
0.9003858
0.8937899
0.9054313
0.9070472
0.8871252
0.8739975
0.8992912
0.9204094
0.8775945
0.8746798
0.8961258
0.9165849
0.9183515
0.9145581
0.9172997
0.8702723
0.9064258
0.8794826
0.8882798
0.8907322
0.9159767
0.9166004
0.9158509
0.8891708
0.8930699
0.9007642
0.8906978
0.9098372
0.8808923
0.8727107
0.8731039
0.8729964
0.8766558
0.9158591
0.9177106
0.9174534
0.9137285
0.8785895
0.8695998
0.895658
0.8727648
0.8801209
0.9061028
0.8870725
0.9010195
0.9014849
0.9019234
0.8893498
0.87091
0.8722561
0.8996011
0.9056719
0.8469752
0.9156754
0.9179091
0.870128
0.8661037
0.9235542
0.8865645
0.9128564
0.8831465
0.90752
0.9124643
0.9085112
0.8643968
0.9144707
0.8697066
0.8722358
0.8699083
0.8697214
0.8673049
0.914887
0.8782396
0.8857746
0.9225989
0.8433283
0.8539674
0.911724
0.8775775
0.9183172
0.8847906
0.8784778
0.8657592
0.9023327
0.9045581
0.8837975
0.9225327
0.8958075
0.8860415
0.8715327
0.8489671
0.8842774
0.8440201
0.8915173
0.9023989
0.9180505
0.9018128
0.9201596
0.9202426
0.8600873
0.89348
0.8902211
0.8989272
0.9018957
0.8809949
0.8501228
0.8984065
0.923109
0.8588083
0.8663149
0.9032133
0.9185366
0.9092244
0.913328
0.9200275
0.8624662
0.9069619
0.8672576
0.8839765
0.8816212
0.9222625
0.9212859
0.9141243
0.8828966
0.8986939
0.8931165
0.8810747
0.9121889
0.8722252
0.8473495
0.8522904
0.851243
0.8568166
0.9178946
0.9152755
0.9173496
0.9142008
0.860019
0.8524681
0.8874222
0.8518422
0.8671901
0.9015423
0.9004471
0.8965971
0.9017457
0.9122832
0.9066773
0.8865319
0.8859951
0.9005416
0.9150271
0.8791421
0.9134093
0.9084234
0.8908603
0.8914595
0.9235132
0.9075998
0.9110681
0.9059141
0.9127563
0.9148596
0.9157818
0.8886236
0.9153715
0.8898347
0.8959817
0.892522
0.8909609
0.8916378
0.9116812
0.900662
0.9066417
0.9203347
0.8811853
0.8839433
0.9226927
0.9025954
0.9198752
0.9018897
0.8930411
0.8871879
0.9128291
0.9134357
0.9060464
0.9218568
0.9087233
0.9006897
0.8865545
0.8777178
0.8921827
0.8762954
0.9065236
0.8982907
0.911543
0.915689
0.9147056
0.914834
0.883156
0.9059544
0.9045668
0.9039931
0.9141402
0.900495
0.883
0.909387
0.9223334
0.8878591
0.887392
0.9006618
0.9114582
0.9224744
0.9171893
0.9140072
0.8838683
0.9143016
0.8850882
0.896751
0.9012828
0.906133
0.9082259
0.9107743
0.900705
0.8973515
0.9057708
0.8981611
0.9105582
0.8956048
0.8821201
0.8858238
0.8837574
0.8905731
0.9135064
0.9122656
0.9119063
0.9100121
0.8936356
0.8897139
0.9060251
0.88773
0.8908691
0.9171151
0.8964114
0.9035521
0.9065967
0.9138764
0.902236
0.8838424
0.8881381
0.9015678
0.9170279
0.8765146
0.9209897
0.9171941
0.8845749
0.8832615
0.929077
0.9048951
0.9179083
0.8997156
0.9150151
0.9143208
0.9187674
0.8846682
0.9154855
0.8877928
0.8932725
0.8852169
0.8857367
0.8809473
0.9172163
0.8944323
0.9017848
0.924548
0.8821021
0.8745608
0.9174554
0.9026654
0.9189719
0.8967413
0.8945672
0.8849772
0.9141457
0.9139531
0.9013709
0.9244511
0.9033412
0.8962854
0.8893966
0.8740703
0.8990061
0.8781162
0.902281
0.9073186
0.91907
0.912907
0.9201282
0.9184989
0.8818672
0.9030134
0.9046558
0.9081323
0.9154647
0.9015265
0.8789217
0.9086422
0.9256811
0.8846987
0.8790311
0.9035278
0.9205607
0.9209038
0.9197612
0.924245
0.8801835
0.9146337
0.8828618
0.8966076
0.9001485
0.9187836
0.9168547
0.9175388
0.896044
0.9025119
0.9043387
0.8978007
0.9209163
0.8826048
0.8773031
0.8830124
0.8767783
0.8777196
0.9163998
0.9192684
0.9155892
0.9173568
0.8837657
0.8795836
0.9025841
0.8838886
0.8872389
0.9133744
0.9101954
0.9160722
0.9116173
0.915818
0.9102448
0.8966298
0.8948186
0.9108503
0.9179507
0.8926346
0.9187043
0.9203081
0.9076586
0.8963754
0.9287372
0.9104232
0.9228567
0.9083202
0.9200679
0.9236512
0.9183504
0.9003182
0.9224828
0.8978958
0.9081408
0.903458
0.8970986
0.9028924
0.9194702
0.904644
0.9137818
0.9226059
0.8936692
0.8930921
0.925457
0.9057504
0.9265066
0.9064619
0.9070896
0.897527
0.9195066
0.91747
0.9072281
0.9258488
0.9138787
0.9082169
0.8956719
0.8970593
0.9036911
0.8918919
0.9090625
0.9124925
0.9216327
0.9168931
0.9264992
0.9253399
0.8949165
0.9080784
0.9135205
0.9131741
0.9225963
0.9037367
0.9000247
0.9158291
0.9288334
0.9031303
0.9005776
0.9096262
0.9238102
0.9233033
0.9201957
0.9209773
0.8957242
0.9191404
0.9016226
0.9089302
0.9101504
0.9207223
0.9214219
0.9219787
0.903859
0.9129126
0.911655
0.9096743
0.9201023
0.9016479
0.8971667
0.8930112
0.8930229
0.8987551
0.9191752
0.9211862
0.9197931
0.918146
0.9009201
0.8995326
0.9118208
0.8948115
0.8968276
0.9161874
0.9171422
0.8915067
0.8861764
0.8853608
0.9066965
0.9015331
0.9079531
0.8784417
0.871136
0.9120642
0.887507
0.8914143
0.9124486
0.907049
0.8874863
0.922196
0.8908435
0.8901046
0.8858146
0.8910049
0.8837149
0.9011696
0.8900219
0.9173124
0.8944691
0.9070038
0.9062421
0.9062411
0.9088259
0.8842254
0.9000471
0.9008799
0.9129053
0.9033972
0.8931727
0.9084181
0.8833476
0.8868169
0.8890245
0.9043653
0.8847671
0.8825065
0.8843973
0.8949446
0.9267743
0.9210452
0.8993222
0.9037929
0.8992251
0.9025532
0.9036941
0.8886704
0.9030425
0.8838583
0.8948422
0.8969681
0.8904929
0.9046433
0.8912988
0.9193966
0.8711012
0.8889507
0.9100799
0.9139146
0.9046082
0.9044723
0.9032305
0.8845449
0.896838
0.8923496
0.8896706
0.915829
0.90202
0.890883
0.9082323
0.8887025
0.8853424
0.8971372
0.8952632
0.888963
0.884594
0.8815706
0.9102541
0.8988626
0.8916375
0.9084237
0.8966584
0.9148021
0.9163348
0.9194205
0.9154471
0.9155115
0.9162433
0.9158494
0.9090844
0.9111471
0.9041635
0.9032798
0.9050562
0.8900078
0.9181686
0.8944357
0.8957313
0.9132045
0.9145369
0.9124064
0.9119023
0.8918761
0.8890378
0.9127483
0.8568659
0.8530896
0.9183358
0.9159727
0.9032389
0.9300314
0.8515018
0.9055732
0.9127055
0.8615442
0.9126457
0.9107567
0.8553191
0.915253
0.9111199
0.9152944
0.918596
0.9210932
0.9082909
0.9066197
0.9182857
0.8621803
0.9130014
0.9116403
0.9099721
0.9190384
0.8576231
0.905077
0.9031813
0.9153821
0.9116819
0.9122294
0.9064598
0.9091345
0.9300401
0.929557
0.9061573
0.9063268
0.897643
0.9066517
0.9096003
0.8945535
0.8881822
0.9142296
0.8548049
0.860511
0.9026921
0.91011
0.9038677
0.9122763
0.9089924
0.8982141
0.9224597
0.9175437
0.8667536
0.9113988
0.9096489
0.8993318
0.8490342
0.8818138
0.9136088
0.9098079
0.9142019
0.9169765
0.9055652
0.8990718
0.9051984
0.8801551
0.8809341
0.8884021
0.9037061
0.8981475
0.9136454
0.9112361
0.8564238
0.9173283
0.9102249
0.9226769
0.9204106
0.9218822
0.9071725
0.9047313
0.9089087
0.9080423
0.9227557
0.9207395
0.9088571
0.9158681
0.9124695
0.9193774
0.9173414
0.8998798
0.8956541
0.8363075
0.9124951
0.9062668
0.9128031
0.89842
0.8899479
0.9121773
0.9000363
0.9030008
0.9141566
0.9100249
0.9075295
0.9164358
0.899563
0.8994736
0.834052
0.8996789
0.8502347
0.9038399
0.8956452
0.9222798
0.8932976
0.9133105
0.9069355
0.9056177
0.9099737
0.8926981
0.9090909
0.906539
0.9116503
0.9096206
0.9004784
0.9120891
0.8994252
0.899444
0.8965742
0.9085162
0.7399693
0.7441043
0.8986135
0.9022548
0.9253893
0.9167652
0.9003613
0.9075941
0.9157384
0.9001737
0.9101701
0.8975365
0.9158344
0.8395567
0.9079642
0.9075157
0.899794
0.9121031
0.9064066
0.9254007
0.8352044
0.8987199
0.9073743
0.9225648
0.9128721
0.9121154
0.9053841
0.8939024
0.9136484
0.8879444
0.8556144
0.9224437
0.895936
0.8480109
0.9160224
0.8943381
0.8967461
0.9213165
0.9186141
0.9028194
0.8968676
0.8922758
0.918706
0.9045925
0.8985772
0.9047906
0.8960562
0.9131483
0.9148551
0.913544
0.9173513
0.9129408
0.9164931
0.9129557
0.906146
0.9087546
0.9124036
0.9057503
0.9019932
0.8425119
0.9189997
0.9007458
0.9000579
0.833075
0.9143221
0.9037295
0.9130527
0.8953198
0.8895833
0.9102979
0.8963555
0.9098298
0.9108152
0.9092268
0.9036481
0.91584
0.8984096
0.8997619
0.8321924
0.8978994
0.8513792
0.9017174
0.8971402
0.9159956
0.8939449
0.9138337
0.9056678
0.9067518
0.9082285
0.8975376
0.9095713
0.910579
0.9100336
0.9078687
0.9025591
0.911953
0.8999132
0.9024285
0.8977425
0.9038045
0.7209087
0.7276769
0.8965505
0.9010924
0.9257517
0.917501
0.9023167
0.911166
0.9169195
0.9008214
0.9083289
0.9027717
0.917119
0.8318553
0.9076639
0.9122069
0.9017109
0.9120825
0.9081808
0.9268853
0.8417461
0.9059943
0.9056272
0.9225888
0.9079225
0.9139954
0.9005541
0.8980621
0.9171257
0.8902052
0.8567489
0.923141
0.8963627
0.8463315
0.9198373
0.8961647
0.899474
0.9256059
0.9249808
0.9056386
0.8991502
0.8959831
0.918917
0.9039037
0.8997119
0.9094474
0.8981105
0.910965
0.9139113
0.9114409
0.9196592
0.9168571
0.9188055
0.9170816
0.9068961
0.9103995
0.9126911
0.9064707
0.9077854
0.8412887
0.9025134
0.8903178
0.886918
0.9003806
0.7254805
0.8860526
0.8913902
0.8817067
0.8897167
0.885705
0.9001011
0.9058091
0.8937151
0.8900316
0.9056329
0.9053457
0.9045441
0.7715097
0.9033903
0.9039086
0.8953347
0.8831178
0.8992827
0.8970941
0.846799
0.8943057
0.885858
0.8902682
0.9093633
0.8532262
0.8230354
0.9124075
0.8829307
0.8884559
0.9055826
0.8817988
0.8982277
0.1515571
0.8557506
0.8826108
0.9037613
0.9026536
0.7345366
0.9130041
0.9069792
0.9067489
0.8835574
0.8804411
0.8935254
0.8794581
0.7964079
0.8875414
0.9107838
0.8975807
0.9044361
0.9056068
0.8749036
0.8010309
0.768812
0.8574268
0.8975144
0.8582045
0.8858178
0.8456518
0.9133486
0.8876038
0.884791
0.8866294
0.9090747
0.9022358
0.8987563
0.9210199
0.883791
0.9024242
0.8920933
0.8583387
0.8510444
0.9067179
0.9070292
0.9060422
0.090292
0.887767
0.8376701
0.8662034
0.8995692
0.8878993
0.8787667
0.8902632
0.8871428
0.8945767
0.915781
0.9170912
0.9148488
0.9151096
0.8913919
0.8866897
0.8041193
0.8779259
0.8866058
0.8992486
0.9020456
0.8903212
0.8870845
0.9003407
0.7257626
0.8859367
0.8912341
0.8810217
0.8895575
0.8855089
0.9000613
0.9055707
0.8941185
0.8897159
0.905591
0.9047195
0.9043453
0.770775
0.9029199
0.9035942
0.8952968
0.8831646
0.8988464
0.8965814
0.8466462
0.8937491
0.8859432
0.8894819
0.9087899
0.8536741
0.8231094
0.9120564
0.8822459
0.8871232
0.9058158
0.8824908
0.8977134
0.1565578
0.8563647
0.8829434
0.9030523
0.9023374
0.734292
0.9120537
0.9063996
0.9064798
0.8830752
0.8795894
0.8930071
0.8792194
0.795793
0.8875055
0.9101459
0.898384
0.9046317
0.9058405
0.8736316
0.7996742
0.7693077
0.8572743
0.8979915
0.8592847
0.8855404
0.8451555
0.9133056
0.8868013
0.885402
0.8865144
0.9093444
0.902394
0.8985998
0.9207517
0.883758
0.9019916
0.8914977
0.8579686
0.8511506
0.9066346
0.9066627
0.9062746
0.0941169
0.8881347
0.8376065
0.865801
0.8990513
0.8873864
0.8788157
0.8896281
0.8871876
0.894895
0.9160795
0.9175384
0.9152626
0.9156753
0.8921055
0.8869753
0.8041564
0.8786707
0.8867316
0.8996462
0.9025937
0.8907965
0.8870481
0.9006231
0.7254061
0.8856181
0.8907204
0.8818803
0.8896838
0.8855935
0.9001443
0.9056529
0.8936811
0.8892806
0.9057937
0.9046057
0.9044276
0.7705875
0.9032752
0.9041062
0.8943897
0.8831282
0.8984133
0.8974937
0.8472129
0.8939126
0.8863473
0.8890906
0.9089832
0.8536796
0.8241879
0.9127141
0.8827381
0.8871273
0.9051526
0.8825756
0.8974396
0.1549465
0.855687
0.8823766
0.9032917
0.9026955
0.7341464
0.9122934
0.9064029
0.9069022
0.8833236
0.87943
0.8933314
0.879634
0.7960818
0.8879953
0.9107435
0.8978663
0.9047533
0.906001
0.8745871
0.8006123
0.7693661
0.8576578
0.8977175
0.8592899
0.8854638
0.8456348
0.9135002
0.8878542
0.8852447
0.8864785
0.9087235
0.9019601
0.8984464
0.9207172
0.8836847
0.9016024
0.8921001
0.8574594
0.8509811
0.90797
0.9075956
0.9063951
0.0931071
0.8877755
0.8378298
0.865474
0.8986961
0.887669
0.8790258
0.8899116
0.8864277
0.8949778
0.9161584
0.9175412
0.9152275
0.9155641
0.8923066
0.88726
0.8046257
0.8783069
0.8862113
0.9000072
0.9024425
0.8900896
0.8867643
0.9001885
0.7249773
0.8860608
0.8913184
0.8813491
0.8898063
0.8855522
0.9000289
0.9056977
0.8936425
0.88984
0.9056398
0.9052354
0.9046693
0.7713315
0.9032408
0.903759
0.8952234
0.8830857
0.8992899
0.897062
0.8468968
0.8941537
0.8857061
0.8901971
0.9094837
0.8533233
0.8230489
0.9124522
0.8828173
0.8885045
0.9056286
0.8819284
0.8982746
0.150211
0.8558041
0.8825785
0.9037682
0.9026212
0.7340369
0.9126558
0.9068703
0.9066411
0.8834439
0.8804907
0.8932928
0.8794669
0.7959557
0.8872254
0.910711
0.8973873
0.9043247
0.9054957
0.8747476
0.8007675
0.7684855
0.8569746
0.8973629
0.8584708
0.8855435
0.8451035
0.9133547
0.8874506
0.8846377
0.8863579
0.9090812
0.9022428
0.8986065
0.9209508
0.883799
0.9022742
0.8922207
0.858435
0.8509681
0.9064823
0.9069148
0.9061271
0.0888584
0.8876135
0.8376388
0.8660058
0.8994968
0.8875094
0.878364
0.890311
0.887151
0.8945447
0.9158629
0.9172103
0.9149691
0.9152298
0.8916367
0.8866176
0.8038572
0.8777709
0.8865737
0.8991764
0.9020324
0.8908917
0.8877102
0.9000471
0.7252249
0.8859554
0.8911357
0.8818522
0.889619
0.8853662
0.9005629
0.9061106
0.893298
0.8892968
0.9059381
0.9049419
0.9051612
0.77108
0.9031027
0.9040905
0.8942497
0.8828973
0.8989506
0.896684
0.8460847
0.8939312
0.8854009
0.8895415
0.9095407
0.8533333
0.823098
0.9128572
0.8817745
0.8873861
0.905059
0.8823466
0.8984111
0.1523546
0.8556008
0.8826344
0.9033936
0.9024425
0.7340233
0.9122425
0.907043
0.9072312
0.8830927
0.8790727
0.8927886
0.8792762
0.7967505
0.8884967
0.9102555
0.8976059
0.9048956
0.9064575
0.8741826
0.801
0.7691199
0.8566483
0.896983
0.859674
0.884872
0.8464033
0.9128762
0.8875471
0.8854608
0.8865732
0.9090226
0.9021818
0.8984278
0.9205987
0.8836976
0.9013495
0.8915589
0.8575024
0.8508464
0.9075525
0.9077833
0.9063807
0.0905411
0.887993
0.8388181
0.8654782
0.898797
0.8865289
0.8791604
0.8897683
0.8864023
0.8942053
0.9163014
0.9172686
0.9146843
0.9157451
0.8921268
0.8869142
0.8043663
0.8784815
0.886226
0.8991147
0.902881
0.8941467
0.888611
0.8923818
0.7397255
0.8871387
0.8915421
0.8858405
0.88575
0.8842151
0.9038759
0.9082954
0.8916564
0.8880294
0.9093382
0.8975912
0.9051504
0.7921165
0.8981899
0.9037687
0.893739
0.8837302
0.8997013
0.8977899
0.8558338
0.8933377
0.8845767
0.8895919
0.9082706
0.8539996
0.8302655
0.9100223
0.8875823
0.8860215
0.9057535
0.8826898
0.9023108
0.7356487
0.8599138
0.8824924
0.8993636
0.9007006
0.6722515
0.9096156
0.9058376
0.9048931
0.884372
0.8840295
0.8965468
0.8784407
0.809425
0.8918116
0.908015
0.892771
0.9082602
0.9089088
0.8772225
0.8135437
0.8088258
0.8618139
0.8963878
0.8684113
0.8850916
0.8495174
0.9138502
0.8873597
0.8888128
0.8914331
0.9080312
0.8999855
0.8966587
0.9158143
0.8854893
0.8993769
0.8931202
0.8634023
0.8596849
0.9092282
0.9060316
0.9064853
0.7289097
0.888087
0.8419702
0.8711355
0.90126
0.8899982
0.8790633
0.8895397
0.8879836
0.8907584
0.9158581
0.9123525
0.9150794
0.9111776
0.8921342
0.8872895
0.818771
0.8773626
0.8870478
0.8963646
0.8955329
0.901612
0.9069792
0.913702
0.9032065
0.8727906
0.8784139
0.9021966
0.9222356
0.8501034
0.9229935
0.9210869
0.8737239
0.8737032
0.9305712
0.8996877
0.9171162
0.8925779
0.9171113
0.9186549
0.9171943
0.8749046
0.91805
0.8838763
0.8902174
0.8779833
0.8695998
0.8764895
0.914697
0.894178
0.9022926
0.9271846
0.8499295
0.8741369
0.9209882
0.8952667
0.9227421
0.8977014
0.8914609
0.869059
0.9127096
0.9137033
0.89978
0.9235279
0.8995331
0.8869902
0.8878743
0.8721714
0.8975247
0.8625653
0.8995035
0.9100548
0.9270153
0.9162055
0.9235756
0.9234646
0.877702
0.9013966
0.9028372
0.9043457
0.9124252
0.8938976
0.8683578
0.9073744
0.9271918
0.8738365
0.8711904
0.9068583
0.9213578
0.9200678
0.9207376
0.9255598
0.870124
0.9165851
0.8818257
0.8987628
0.8976894
0.9279894
0.9269556
0.9225698
0.8964178
0.9051599
0.9019628
0.8955988
0.9226989
0.8718502
0.8678047
0.8632981
0.8570694
0.8709117
0.9231433
0.9221003
0.9229813
0.9222314
0.8694227
0.8579279
0.9010834
0.8639909
0.8806929
0.913969
0.9097188
0.8563732
0.7492154
0.9127677
0.9021727
0.8959913
0.8983625
0.8407731
0.8920981
0.9018648
0.8969517
0.8903159
0.9063543
0.9033475
0.9061683
0.9200995
0.9062557
0.8987681
0.9098596
0.9094108
0.9126435
0.8948442
0.9060021
0.9003973
0.8887227
0.9030367
0.9039706
0.908094
0.9033115
0.8930875
0.9058315
0.9103857
0.8975718
0.8947869
0.9114298
0.9065644
0.907725
0.8952904
0.8886037
0.9009951
0.9073566
0.9091664
0.901768
0.9118618
0.9168312
0.9211405
0.8941185
0.8893975
0.8908451
0.8888848
0.9018251
0.7455783
0.8821997
0.9154827
0.8901715
0.8928322
0.8910348
0.8998095
0.8937648
0.8983464
0.9056863
0.8852519
0.9050601
0.9066305
0.906583
0.8972784
0.8952543
0.7720421
0.8927064
0.9231986
0.9154545
0.9078087
0.9006134
0.9148738
0.8913091
0.8879524
0.89911
0.8764507
0.8776608
0.8908231
0.8938118
0.7517926
0.9058342
0.8958303
0.8975356
0.9027931
0.8948427
0.9088277
0.9075787
0.9133435
0.9025948
0.9050218
0.9041027
0.9025214
0.9057577
0.906931
0.8992917
0.902668
0.9002678
0.9169901
0.9221871
0.9027579
0.9036153
0.9079316
0.9181542
0.9152477
0.9190653
0.9005103
0.8949267
0.9181952
0.8607661
0.8653409
0.9194398
0.9188075
0.9134484
0.9271251
0.8618514
0.9077076
0.9099813
0.860565
0.9061073
0.9111395
0.8534767
0.9247473
0.9071406
0.9134558
0.9168904
0.9165223
0.9151593
0.909525
0.9140048
0.844603
0.9153008
0.9149434
0.9099035
0.921538
0.857929
0.9068742
0.9076261
0.9175287
0.9042306
0.9061429
0.9101243
0.9125104
0.933379
0.9302951
0.9088293
0.9153105
0.9144406
0.9101699
0.9124049
0.9052387
0.9092627
0.9107399
0.8663519
0.8665231
0.9078077
0.9156437
0.9061879
0.9243215
0.9039094
0.9069734
0.9203152
0.9166056
0.8525565
0.9177079
0.916289
0.9036544
0.8649462
0.8660367
0.9077379
0.9212794
0.9152787
0.9091586
0.917474
0.9083584
0.9110046
0.9041228
0.9048376
0.9053721
0.9066202
0.9013782
0.9192883
0.914687
0.85808
0.9156052
0.910889
0.9226429
0.9194666
0.9222358
0.9193847
0.9174382
0.9185762
0.9181548
0.921192
0.9201326
0.9096119
0.913798
0.9112863
0.9122738
0.891502
0.8980374
0.8979239
0.9061182
0.896032
0.8826477
0.884857
0.8946839
0.9015572
0.8589872
0.9106243
0.9132657
0.8868813
0.8769007
0.9176844
0.8988603
0.9107667
0.8836221
0.903066
0.9125894
0.9029883
0.8735539
0.9106958
0.8801557
0.8793103
0.8345058
0.8791252
0.8862598
0.9140419
0.8751473
0.8890124
0.919054
0.8609679
0.8697246
0.9155545
0.8894861
0.9156379
0.887818
0.8795921
0.8758312
0.9050057
0.9065283
0.8894392
0.9146019
0.8977753
0.8945625
0.8738702
0.8689559
0.8890947
0.8621664
0.8909501
0.9007807
0.9146377
0.9036406
0.9138473
0.9138244
0.8716278
0.8932403
0.8910834
0.8991066
0.9019334
0.8817507
0.8705947
0.8978001
0.9188241
0.8699415
0.8694694
0.8942739
0.9132588
0.9125848
0.9089305
0.9191003
0.8734496
0.9079949
0.8778665
0.8834367
0.8809798
0.9148476
0.9143246
0.9105859
0.8856032
0.8991122
0.8974295
0.8847565
0.9069174
0.8863384
0.8384399
0.8677889
0.8680431
0.8723303
0.9135186
0.9141598
0.9139955
0.9136076
0.8724175
0.8650843
0.8947011
0.8432937
0.8789625
0.904933
0.9216748
0.8983463
0.9010938
0.9146158
0.9159427
0.9156124
0.9181157
0.8925966
0.9000838
0.9178863
0.8746437
0.8680753
0.9169397
0.9161034
0.9075161
0.9298613
0.8756068
0.9102158
0.9146415
0.8838599
0.9099996
0.9121852
0.8742931
0.9182199
0.9134986
0.9154335
0.9160065
0.9173769
0.916496
0.906738
0.9211482
0.8798552
0.9143212
0.9166222
0.9127766
0.9159885
0.8793122
0.9084133
0.9072187
0.9142084
0.9113951
0.9122475
0.9122097
0.9106564
0.9349859
0.9300178
0.9070233
0.9131331
0.9066724
0.9076692
0.9164561
0.8992775
0.8989199
0.9187388
0.8756623
0.8749861
0.9018284
0.9182879
0.9060472
0.9142386
0.9102917
0.9029821
0.9236545
0.9171255
0.8886599
0.9128566
0.9144746
0.8998792
0.8775736
0.8888725
0.9121166
0.9194936
0.911921
0.9159467
0.9142493
0.9049166
0.9093448
0.8969554
0.8960246
0.8944795
0.908705
0.9020813
0.9158509
0.9127193
0.8683837
0.9178966
0.9101867
0.9237895
0.9196203
0.9237569
0.9137129
0.9170136
0.9156813
0.9145293
0.919812
0.9222156
0.9141691
0.9176849
0.9139495
0.9185496
0.9213767
0.8983249
0.9014415
0.9116074
0.915692
0.9138164
0.9148883
0.8889617
0.8967569
0.9167639
0.8717423
0.866509
0.9184322
0.9140478
0.902025
0.9298646
0.877777
0.9112967
0.9105111
0.8809865
0.9094471
0.9117973
0.8791128
0.9160224
0.9116496
0.9152554
0.9174344
0.9176273
0.9163645
0.9041457
0.9208477
0.8820898
0.9123176
0.9147031
0.9084365
0.9179884
0.8790792
0.9073403
0.903535
0.9137524
0.908496
0.9083354
0.9128311
0.9079743
0.9334279
0.9272946
0.9069224
0.9116617
0.9054264
0.9085521
0.9174677
0.8976996
0.9014631
0.9158818
0.8764968
0.8751069
0.9037997
0.9182394
0.9058638
0.9151272
0.9099713
0.902148
0.9221105
0.9194699
0.8865315
0.9113843
0.91541
0.8982918
0.8718102
0.8869565
0.9120014
0.9162415
0.9114027
0.9128714
0.913178
0.9024966
0.9055438
0.8989122
0.896946
0.8974489
0.9061029
0.8989753
0.9177299
0.9119155
0.868646
0.9173154
0.9077455
0.9213416
0.9164778
0.9219925
0.9141816
0.9151677
0.9159275
0.9111884
0.9168157
0.9203253
0.9141403
0.9156331
0.9128746
0.9165264
0.9197966
0.8993891
0.9013704
0.9109283
0.9176582
0.9146484
0.9152925
0.8882265
0.897865
0.9157095
0.8714732
0.8654387
0.9184852
0.9143009
0.90179
0.9291446
0.8764988
0.9125253
0.9104244
0.8832023
0.9095951
0.9130652
0.8776325
0.9154655
0.9112516
0.9165867
0.9164237
0.9166987
0.9150989
0.9048992
0.9208951
0.8813168
0.9122276
0.9162741
0.9094889
0.9193311
0.8792546
0.9101067
0.9035785
0.9138534
0.9082164
0.9077813
0.9139384
0.9065294
0.9340394
0.9286548
0.9055073
0.913124
0.9042833
0.9083118
0.9168366
0.8970748
0.9001329
0.9152371
0.8760954
0.8743734
0.9047482
0.918292
0.9074259
0.9140034
0.909768
0.9038954
0.9231798
0.919065
0.8866088
0.912382
0.9165428
0.8984236
0.871751
0.8874451
0.9115273
0.9173171
0.9117248
0.9132446
0.9118504
0.9019053
0.906741
0.8979768
0.8979974
0.897265
0.9091527
0.900379
0.9187668
0.9125176
0.8697342
0.9172938
0.9069558
0.9214639
0.918255
0.9216216
0.9156588
0.9161021
0.9154109
0.9126035
0.9182718
0.9212457
0.9155396
0.9164599
0.9115448
0.9150322
0.9207657
0.899516
0.9006283
0.9113389
0.9169927
0.9137815
0.9155422
0.8897243
0.8979958
0.9149237
0.8729775
0.8658962
0.9180825
0.9146656
0.9023269
0.9300729
0.8774541
0.9121951
0.9104026
0.8837337
0.9098442
0.9125022
0.8785416
0.9159848
0.9108819
0.9158749
0.9171672
0.9181546
0.9148914
0.9046365
0.9206911
0.8811112
0.9122069
0.9167589
0.9093097
0.9190877
0.8804879
0.9091884
0.9026832
0.9139889
0.9083498
0.9089342
0.9140733
0.9075458
0.9344375
0.9295277
0.9054821
0.9126387
0.9043757
0.9089931
0.9178092
0.8973242
0.9011184
0.9154137
0.8762167
0.8752877
0.9048406
0.9183135
0.9069726
0.9136402
0.910019
0.9036714
0.9231663
0.9195802
0.8860852
0.9127103
0.9165251
0.8976071
0.8727509
0.8876948
0.9116991
0.918469
0.9121479
0.9136888
0.9123325
0.9027939
0.906796
0.898028
0.8976351
0.897474
0.908427
0.9000325
0.9190909
0.9125357
0.8688377
0.9168214
0.9081497
0.9226989
0.9198025
0.9220237
0.9149898
0.916655
0.9155074
0.9135833
0.9188225
0.9206623
0.9160561
0.9156729
0.9114849
0.9162553
0.9253157
0.9003502
0.8992936
0.9098022
0.9173875
0.9169091
0.9198336
0.89459
0.8986975
0.9183839
0.867962
0.8720787
0.9187547
0.9157492
0.9088612
0.9324717
0.8803828
0.9149466
0.9094287
0.887469
0.9102308
0.91165
0.8792632
0.9184902
0.9143253
0.9203892
0.918208
0.9183203
0.9178483
0.9046242
0.917289
0.8852669
0.9167733
0.9157627
0.9076951
0.9184578
0.8856358
0.9136996
0.9051168
0.9161668
0.9111661
0.9126475
0.9124911
0.9093807
0.9324535
0.9280524
0.906495
0.9129534
0.9074408
0.9106726
0.9174419
0.8995789
0.8999593
0.91558
0.8739649
0.8761756
0.9085232
0.9154243
0.9103209
0.917387
0.9079794
0.900319
0.9193017
0.9211913
0.8883839
0.9163908
0.9140328
0.9025294
0.8783543
0.8869056
0.9126272
0.9156841
0.9137755
0.9127253
0.9115991
0.9062772
0.9073073
0.9004798
0.8980221
0.8996448
0.9136054
0.8965354
0.9186906
0.9126931
0.8722609
0.9176314
0.9114383
0.9231013
0.9225618
0.9251464
0.9117647
0.9168191
0.9135566
0.9110803
0.9209928
0.9207199
0.9175567
0.9156442
0.9152434
0.9135013
0.9220156
0.8973769
0.8997579
0.9096102
0.9193571
0.9151713
0.9187914
0.8961433
0.8979996
0.9189056
0.8698717
0.8732153
0.9181627
0.9142463
0.9085892
0.9316099
0.8776669
0.9113843
0.90924
0.8843905
0.9088385
0.9105624
0.8770944
0.9185923
0.9137821
0.9174188
0.9153795
0.9195138
0.9187771
0.9032549
0.9171648
0.885201
0.9178776
0.9144758
0.9085289
0.9202271
0.8814785
0.9092697
0.9027658
0.9134488
0.9101925
0.9101506
0.910395
0.9085087
0.9334462
0.9279846
0.9052889
0.9108936
0.9050501
0.9105979
0.9147219
0.897448
0.8994159
0.9154559
0.8758036
0.8761686
0.9034649
0.9155709
0.9077566
0.9179839
0.9055532
0.9012181
0.9210034
0.9201516
0.8857652
0.9149178
0.9126403
0.9019245
0.8781769
0.8858475
0.9122416
0.916812
0.913699
0.9121819
0.9116779
0.9029566
0.9048019
0.9000112
0.8985486
0.8959974
0.9081958
0.8999169
0.9193582
0.911002
0.8727666
0.9157227
0.9131539
0.9189446
0.921137
0.924669
0.9137273
0.9162394
0.915089
0.9128557
0.9201089
0.9218399
0.9143381
0.9165987
0.9086102
0.9126409
0.9234215
0.8980705
0.8991931
0.9099262
0.9191749
0.9147909
0.9183033
0.8963324
0.8981926
0.9195994
0.8681918
0.8727232
0.9175899
0.9150953
0.9082294
0.9320759
0.8799288
0.9127431
0.909318
0.8832681
0.9089938
0.9107194
0.8764028
0.9201652
0.915095
0.9175793
0.9157661
0.9179378
0.91901
0.9048341
0.917628
0.8867277
0.9161545
0.9115187
0.9076641
0.9208414
0.8832202
0.9090746
0.903077
0.9130637
0.9105061
0.9104644
0.9102793
0.907628
0.9319142
0.9272608
0.9070936
0.9131878
0.9076458
0.9095832
0.9160265
0.8999565
0.9004657
0.9160476
0.8767373
0.8793455
0.9041313
0.9163024
0.9079507
0.9170031
0.9073595
0.9019268
0.9215839
0.9198567
0.8846504
0.9151541
0.9120242
0.9030904
0.8787329
0.8873526
0.9117428
0.9180265
0.9144019
0.911835
0.9115637
0.9041851
0.9059589
0.901567
0.9002736
0.8977883
0.908156
0.8990338
0.9201971
0.9115423
0.8714729
0.9145849
0.9138573
0.9203985
0.9208039
0.9243795
0.9150357
0.9154826
0.9168167
0.9122807
0.9200419
0.9223042
0.9140355
0.9159121
0.9092338
0.9133463
0.9046849
0.9079731
0.906731
0.9160574
0.901088
0.890644
0.8926612
0.905661
0.9177445
0.8758646
0.9272028
0.9249008
0.8905476
0.8894925
0.9343153
0.8997687
0.9220075
0.9019949
0.9156454
0.9240167
0.9201086
0.8884888
0.9230311
0.89344
0.8917006
0.8724275
0.8917575
0.8898904
0.9169789
0.8902928
0.9007157
0.9285269
0.8750273
0.8794034
0.9230904
0.8918026
0.922244
0.9012662
0.8961211
0.8894858
0.9185552
0.920832
0.8973893
0.9232524
0.8990315
0.9027807
0.8874022
0.8812122
0.9021615
0.8737296
0.9025283
0.909236
0.922956
0.9184094
0.923947
0.9262461
0.8878757
0.9023333
0.9081485
0.9073873
0.9157547
0.8998928
0.8779489
0.9035153
0.9300817
0.8832526
0.8913852
0.9064217
0.9284593
0.925037
0.9235986
0.9227975
0.8849591
0.9182273
0.8904291
0.896103
0.895922
0.9252482
0.9235028
0.9205214
0.8983801
0.904789
0.9006218
0.8996791
0.9237884
0.8888376
0.8559631
0.8785418
0.8819224
0.885327
0.9227254
0.9191059
0.9211047
0.9177572
0.8883681
0.8808367
0.902677
0.8634309
0.8905191
0.9180334
0.9225556
0.9008558
0.8993398
0.9003639
0.9191096
0.9135829
0.9138479
0.8954524
0.8945863
0.9144937
0.8660267
0.8726596
0.9171806
0.9128928
0.9034303
0.9240911
0.8738528
0.9064409
0.9025997
0.8762856
0.9051829
0.9089643
0.8685561
0.9224877
0.9073527
0.9141678
0.9145669
0.9118533
0.9147322
0.9026731
0.9171112
0.8857361
0.9163272
0.9132237
0.9067261
0.9216769
0.8752717
0.9065775
0.9087399
0.9105662
0.9001156
0.9017748
0.9091104
0.9047898
0.9303765
0.9283902
0.9061201
0.9130218
0.9138048
0.9109452
0.9150927
0.9012528
0.9112044
0.9054398
0.8684014
0.8734412
0.9070475
0.9156728
0.9090035
0.92061
0.8952498
0.9016299
0.915788
0.9261465
0.8839484
0.9188214
0.9126334
0.8980261
0.8780326
0.8798159
0.90539
0.919543
0.9104847
0.9016664
0.9172847
0.9029689
0.9024889
0.9053035
0.9045563
0.8993718
0.9074167
0.8994589
0.9194516
0.9107294
0.8641734
0.9163926
0.9099928
0.9183171
0.9203166
0.9208292
0.9165846
0.913827
0.9158036
0.9166373
0.9174091
0.9178713
0.9150157
0.9120407
0.9135312
0.9080183
0.9180264
0.8853057
0.8873151
0.9050027
0.9105418
0.9079805
0.9114753
0.8825222
0.8826684
0.9101378
0.8494999
0.8523742
0.9156135
0.9103873
0.9009029
0.9272166
0.8689137
0.9028271
0.9046518
0.8667066
0.9002064
0.9088282
0.8573979
0.9156863
0.905109
0.913857
0.9140714
0.9125221
0.9063896
0.8984838
0.9099514
0.8655966
0.9086908
0.9139606
0.9032152
0.9135495
0.8638091
0.8975603
0.8998105
0.9105271
0.9016011
0.9019551
0.9013691
0.9028928
0.9317507
0.9299564
0.9000109
0.9042955
0.9037601
0.9066048
0.9086225
0.8852295
0.8941053
0.908788
0.8496968
0.8527579
0.9021996
0.9082736
0.9004753
0.9155559
0.8947909
0.8940256
0.9187868
0.9148194
0.8742026
0.9062387
0.9066984
0.8885538
0.8627399
0.8762052
0.9023722
0.9143059
0.9091377
0.9045497
0.9066614
0.8991733
0.8981182
0.8858444
0.8913748
0.8875438
0.8942244
0.8822025
0.9106749
0.9070675
0.8495619
0.913691
0.9081673
0.9199403
0.9211546
0.920484
0.9101385
0.9135162
0.9109354
0.9114354
0.9166814
0.9193365
0.9070543
0.9148654
0.9107888
0.9106449
0.9068806
0.9065022
0.9029678
0.9181233
0.8348298
0.8958051
0.8928419
0.903461
0.9078537
0.8932412
0.9127172
0.9137955
0.9009299
0.9014796
0.9169051
0.9059651
0.9112018
0.7923572
0.9205863
0.9190794
0.9138323
0.8975566
0.912515
0.8998582
0.8745287
0.9012772
0.8959327
0.9006678
0.9163775
0.8789612
0.8537857
0.9204339
0.8812941
0.897276
0.9216435
0.891748
0.9170932
0.8262239
0.8766276
0.8941328
0.9200631
0.9221429
0.8451608
0.9190822
0.9100501
0.911708
0.9005802
0.8892124
0.8986419
0.8911856
0.8008071
0.9030603
0.9066382
0.9190913
0.9131405
0.9137724
0.8873843
0.8033926
0.8165439
0.8621768
0.9160166
0.876936
0.8919866
0.8451601
0.9222253
0.8960051
0.8975161
0.9008186
0.9111324
0.9195825
0.9174864
0.9194191
0.9023624
0.9207479
0.8951193
0.8819926
0.8811856
0.8995644
0.9025864
0.9115197
0.822752
0.9041752
0.8335133
0.879528
0.9127364
0.8970785
0.8924897
0.9005796
0.895089
0.8985738
0.9181484
0.9173388
0.9168899
0.9153369
0.9009852
0.8939195
0.785578
0.8916762
0.9012915
0.9182926
0.9191318
0.89926
0.8972665
0.9133137
0.9160805
0.9152908
0.9155485
0.893097
0.8925556
0.9148553
0.8615949
0.8614616
0.9200028
0.9157832
0.901932
0.9304469
0.8719884
0.9084141
0.9102696
0.8791816
0.9107174
0.9047278
0.8725193
0.9188532
0.9076491
0.9121364
0.9198169
0.9172119
0.9107722
0.9024654
0.9126654
0.8780684
0.9116434
0.9166845
0.9101546
0.9177204
0.8752484
0.9067981
0.9034376
0.911986
0.9078306
0.9070043
0.9087832
0.9084142
0.932736
0.9287231
0.908802
0.9112599
0.9026023
0.9095262
0.9174672
0.8985429
0.903832
0.910722
0.8629567
0.8647912
0.9100731
0.9110578
0.9034887
0.9194528
0.9055081
0.9005517
0.9199268
0.9220267
0.8863035
0.9144611
0.9123056
0.8992356
0.8738105
0.8841736
0.9099077
0.9145088
0.9135606
0.9113442
0.9123099
0.9015681
0.9037199
0.9002685
0.897905
0.8948607
0.9057603
0.897943
0.9140896
0.9075167
0.8610881
0.918373
0.9104435
0.9215515
0.9207448
0.9228402
0.9135063
0.9127762
0.9138697
0.9075854
0.9212631
0.9192518
0.9127387
0.915487
0.9135492
0.912653
0.9194699
0.8977639
0.8948382
0.9118306
0.9162546
0.9117144
0.9116405
0.8950588
0.8915707
0.9151401
0.8592165
0.862173
0.9186911
0.9115673
0.9019702
0.9307552
0.8715956
0.9058959
0.912864
0.8805581
0.90889
0.9082335
0.8673267
0.9193834
0.9072426
0.9109719
0.9179175
0.9169347
0.9102735
0.9019089
0.914437
0.8796487
0.9124215
0.9142632
0.9072826
0.9164906
0.8736258
0.9087751
0.9049025
0.9120281
0.9073827
0.9071032
0.910332
0.905754
0.9330496
0.9276171
0.9086735
0.9125822
0.902841
0.9055115
0.9140142
0.8976046
0.9014485
0.9130451
0.8656352
0.8665742
0.9065038
0.9127911
0.9048302
0.9166403
0.9047327
0.9006627
0.9186644
0.9213546
0.8871226
0.9145911
0.9122713
0.8978833
0.868714
0.8883386
0.9106369
0.9115892
0.9117237
0.9101377
0.9107633
0.8990812
0.9026805
0.8954994
0.8934757
0.890508
0.9070318
0.8976032
0.9133756
0.9050126
0.8635131
0.9176834
0.9113002
0.922582
0.9215092
0.9217541
0.9087256
0.908624
0.907809
0.9052684
0.9208917
0.9211499
0.9113583
0.9140772
0.9119315
0.9110151
0.8958967
0.9103113
0.9126255
0.9140839
0.8986143
0.8770996
0.8786067
0.911966
0.9226233
0.8308577
0.9227372
0.9273592
0.8774102
0.8718915
0.9363719
0.892861
0.9217981
0.8956655
0.9117926
0.9198646
0.9176852
0.8750546
0.9208202
0.8774145
0.888873
0.8713331
0.8766084
0.8806363
0.918044
0.8886001
0.8932483
0.9249253
0.8290026
0.869324
0.9230312
0.8823929
0.9246616
0.8981089
0.8883972
0.8761658
0.911053
0.9118966
0.8942576
0.9294409
0.8967194
0.8841633
0.8869556
0.8639053
0.8970662
0.8678359
0.8978497
0.9140812
0.9262656
0.91555
0.9259207
0.9278685
0.8754867
0.8954246
0.9028195
0.905403
0.9157063
0.8946614
0.8574113
0.9051394
0.9271308
0.8697066
0.86998
0.9116737
0.9254342
0.9195756
0.9229067
0.9245799
0.8682551
0.9183267
0.8701748
0.8961235
0.8919185
0.9324552
0.9323516
0.9273347
0.8975328
0.9106305
0.9028283
0.8929115
0.924068
0.8731306
0.861336
0.8238718
0.8257023
0.5898818
0.9212503
0.9198371
0.9216467
0.9225367
0.8651877
0.8554992
0.897608
0.8575959
0.8789853
0.913005
0.8975132
0.8931212
0.8809654
0.9047225
0.8018617
0.8826339
0.889669
0.8833086
0.8876355
0.8857935
0.8993813
0.9002198
0.8888728
0.8880715
0.9065956
0.9029423
0.9053047
0.6500066
0.9051198
0.9077316
0.9063538
0.8844314
0.9003444
0.8939399
0.8535039
0.8945193
0.8854267
0.8908486
0.9113999
0.8548212
0.8264513
0.9095058
0.8837184
0.8910683
0.9091362
0.8800504
0.9048551
0.7682927
0.8566862
0.8807172
0.9046004
0.90393
0.8003736
0.9133384
0.9095456
0.9078925
0.8820729
0.8734627
0.8913852
0.8842522
0.6951465
0.8849538
0.9016621
0.9064334
0.9030741
0.9033415
0.8761049
0.7184947
0.325797
0.8537644
0.8961702
0.8644889
0.886107
0.8284572
0.9106885
0.8809766
0.8850844
0.8867136
0.9041518
0.9068363
0.9073265
0.9191118
0.885229
0.9072728
0.8884491
0.8603314
0.8601507
0.8943468
0.8969544
0.9048027
0.7639218
0.8847005
0.8235449
0.8700341
0.9026109
0.8888098
0.8794987
0.8932271
0.8854208
0.8963614
0.9154871
0.9151344
0.9130359
0.9146657
0.889051
0.8875731
0.7585518
0.8821526
0.8919705
0.90382
0.9078549
0.9143122
0.9201412
0.9124893
0.9103966
0.890906
0.8922729
0.9180372
0.9252488
0.8757911
0.9288323
0.9300188
0.8903154
0.8883125
0.9347231
0.9069097
0.9258935
0.9114129
0.9175057
0.9216704
0.9237122
0.8905641
0.9287936
0.8980094
0.9034701
0.8951693
0.8862764
0.8907814
0.9223767
0.9053592
0.9064637
0.9297324
0.878943
0.8871355
0.9264795
0.9029087
0.9262711
0.9116951
0.9074962
0.8855158
0.9166892
0.9175306
0.9059963
0.9309912
0.9082646
0.7931528
0.9032831
0.8896218
0.906493
0.8862477
0.9144702
0.9221919
0.9304327
0.9143815
0.9270203
0.9297482
0.8896335
0.9129487
0.9183742
0.9136285
0.9182394
0.9089177
0.8903799
0.9143469
0.9306875
0.8942503
0.8911983
0.9157558
0.9290305
0.9241911
0.9258952
0.9253883
0.8862398
0.916344
0.8998909
0.9078587
0.9110591
0.9319924
0.9310095
0.9284784
0.9096118
0.9192327
0.9133929
0.9059901
0.9281345
0.8887146
0.8859179
0.8750869
0.8800194
0.8841898
0.9236672
0.9208387
0.9229029
0.9209237
0.8873528
0.8835012
0.9097264
0.8840439
0.8936053
0.9138974
0.8993293
0.911543
0.9124461
0.9139875
0.9048587
0.8906962
0.8904263
0.9092101
0.9198904
0.8732014
0.9240984
0.9262298
0.8867041
0.8838689
0.9285714
0.9045109
0.9206951
0.9053441
0.9140582
0.9200998
0.9161511
0.8894483
0.9240675
0.8969794
0.9036199
0.8927141
0.8854316
0.8923343
0.9188926
0.8982147
0.9021473
0.9239967
0.8748174
0.885624
0.9231296
0.8968562
0.9256066
0.9083521
0.8962885
0.8829417
0.9157848
0.9161208
0.902661
0.9273656
0.9050231
0.746647
0.8982944
0.8845147
0.9018156
0.8784424
0.9048602
0.9148855
0.9255516
0.9151598
0.9245225
0.925997
0.8886147
0.9083548
0.9126744
0.9092183
0.9130705
0.9034687
0.8866444
0.9102424
0.9268929
0.8911531
0.8874091
0.9117005
0.9265139
0.920381
0.9207023
0.9239251
0.8849003
0.9141678
0.8942845
0.9015024
0.9039358
0.9287197
0.9276323
0.922574
0.9073118
0.9141705
0.9094289
0.9070868
0.9222552
0.8855579
0.8786084
0.8748804
0.8775286
0.8794369
0.9191091
0.9159618
0.9187625
0.914842
0.8851745
0.8827916
0.9087231
0.883973
0.8851337
0.9147367
0.8975211
0.8973606
0.8982173
0.9074882
0.8860252
0.8807124
0.8834028
0.8927473
0.908319
0.865405
0.917281
0.9134107
0.8884666
0.875764
0.9241492
0.8789998
0.9126686
0.8750545
0.9068807
0.9118578
0.9112428
0.8761191
0.9097387
0.883643
0.8639443
0.8780585
0.878104
0.8838242
0.9086502
0.8711963
0.8819629
0.9197988
0.8707687
0.8774921
0.9173999
0.6930842
0.9166403
0.8798434
0.8745897
0.8811461
0.9063366
0.9074192
0.877993
0.9178872
0.8768137
0.8925478
0.8820908
0.8731387
0.8968939
0.8714343
0.8829894
0.8987328
0.9137981
0.9107124
0.9156789
0.9140805
0.8809092
0.8864067
0.8875242
0.8897333
0.9081087
0.8839072
0.8770664
0.8934758
0.9216334
0.8806738
0.8765674
0.8938075
0.9173481
0.9169802
0.9145448
0.9208702
0.8784171
0.9088695
0.8819497
0.8813949
0.8792588
0.9134019
0.9112891
0.9113647
0.8789925
0.8962062
0.8909671
0.8776471
0.9134308
0.8830979
0.8648489
0.8675217
0.8694242
0.873465
0.9155141
0.917867
0.9171946
0.9142787
0.8776205
0.8724893
0.8828948
0.8717369
0.8835607
0.908331
0.8987534
0.897848
0.8982427
0.9057901
0.8866116
0.8783119
0.8825896
0.8934072
0.9099818
0.8670533
0.9147755
0.9121586
0.8874479
0.8746154
0.9228661
0.8774444
0.9141156
0.8744727
0.9080209
0.9124916
0.9114173
0.8768453
0.9097611
0.8851174
0.8652672
0.8800029
0.880066
0.8825036
0.9089745
0.8712294
0.881311
0.920836
0.87409
0.878506
0.9162381
0.6965583
0.9173826
0.8808472
0.8716187
0.882515
0.9072911
0.907481
0.8778205
0.9181789
0.8784956
0.8935052
0.8815942
0.8725952
0.8967222
0.8711367
0.8837784
0.8957945
0.9157324
0.9099946
0.9151241
0.9138328
0.8792334
0.8875879
0.8873528
0.8888928
0.9081701
0.8830867
0.877179
0.8940909
0.9221767
0.8811093
0.8752947
0.894655
0.9177498
0.9174618
0.9164926
0.9200742
0.8802649
0.909623
0.885036
0.8811393
0.8781308
0.9140181
0.9106744
0.9118862
0.8801204
0.8958371
0.8916614
0.8777183
0.9137607
0.8853929
0.8665979
0.8654478
0.8675596
0.8757771
0.9151946
0.9175122
0.9160832
0.9153216
0.8786154
0.8738279
0.8839641
0.8709466
0.8832275
0.9072657
0.884236
0.8944128
0.8938543
0.8951578
0.8958303
0.8524792
0.8609837
0.8933997
0.9095476
0.8301004
0.9114024
0.9140882
0.8608301
0.8498636
0.9209768
0.8858099
0.9118586
0.8834202
0.8990671
0.9103878
0.9048789
0.8588165
0.9093286
0.874606
0.8704827
0.8643778
0.8520251
0.8555511
0.9128769
0.8692359
0.8843348
0.9185792
0.8330857
0.8579842
0.9128961
0.8791121
0.9138005
0.8832458
0.8733459
0.8532507
0.8952688
0.8973376
0.8836692
0.9152407
0.8945509
0.8754808
0.8686334
0.8508512
0.8853759
0.8421212
0.8908124
0.8961307
0.9202964
0.8967648
0.9151743
0.9160782
0.8538707
0.893427
0.8942228
0.8964436
0.89969
0.882771
0.8421708
0.8923447
0.9194149
0.8547639
0.858078
0.8946204
0.9203223
0.9117658
0.9088463
0.921815
0.8439387
0.8981611
0.8685443
0.8824916
0.8757011
0.9245916
0.9209331
0.9135697
0.8821487
0.8883389
0.8913199
0.8783691
0.908125
0.8567479
0.8375997
0.8477862
0.8430664
0.8477049
0.9152447
0.9116861
0.9159894
0.9141115
0.853426
0.8402048
0.8893646
0.8470509
0.8713123
0.8967658
0.9217688
0.8938031
0.8980973
0.9088098
0.9134855
0.9114291
0.9137949
0.8940975
0.8898742
0.910685
0.8572187
0.8582007
0.9204855
0.9152277
0.9011469
0.9285135
0.8474297
0.9044804
0.9107149
0.858587
0.90424
0.9054888
0.8519786
0.9176709
0.9084265
0.9128314
0.9157091
0.9144274
0.9088346
0.8998579
0.9105746
0.8563898
0.9122166
0.9116375
0.9087921
0.9193992
0.8499564
0.9041412
0.9061677
0.9109983
0.9058904
0.9085723
0.901089
0.9055156
0.9285017
0.9289585
0.906996
0.9064945
0.9058904
0.9024983
0.9090974
0.8984213
0.8975094
0.9101471
0.8562524
0.8584362
0.9009208
0.9099166
0.9007551
0.9183249
0.8997565
0.8971591
0.9177546
0.9178329
0.8606781
0.9131509
0.9078518
0.9002256
0.8628138
0.8752534
0.9074663
0.9145206
0.9133426
0.9113302
0.9104739
0.8999049
0.9006085
0.8888298
0.8903199
0.8955954
0.9037224
0.8996585
0.9147878
0.9076271
0.8531589
0.9113722
0.9094781
0.9230661
0.9203487
0.9221595
0.9143588
0.9123888
0.9145323
0.9104621
0.9186758
0.9204481
0.9080046
0.9141898
0.9119974
0.9132379
0.9029652
0.8907771
0.886704
0.9005255
0.7244553
0.8860008
0.8908601
0.8816148
0.8891744
0.8859754
0.9012363
0.9064231
0.8937019
0.8885409
0.9054177
0.9048621
0.9034629
0.7719663
0.9033362
0.9051438
0.8947274
0.8829036
0.898673
0.8965666
0.8463641
0.8950898
0.8860468
0.889229
0.9098412
0.8528771
0.8245115
0.911041
0.8826354
0.8884439
0.9043896
0.881869
0.8972625
0.098445
0.8549333
0.8833339
0.9035103
0.9033473
0.7354467
0.9122775
0.9064249
0.9065049
0.8832617
0.8788344
0.89235
0.8792428
0.7969308
0.887975
0.9104499
0.8974462
0.904263
0.9062197
0.8740267
0.8021987
0.7688275
0.8567484
0.897302
0.8598591
0.8854835
0.844917
0.9128717
0.8862193
0.8856678
0.886538
0.9075739
0.9017433
0.8985068
0.9204424
0.8845143
0.9022524
0.8908029
0.8574755
0.8510841
0.9070249
0.9072958
0.9061048
0.1058969
0.8873915
0.8391444
0.8653663
0.8997141
0.8884441
0.8791269
0.8900913
0.8866486
0.8944448
0.9162577
0.917791
0.9155172
0.9158157
0.8916165
0.8864775
0.8024142
0.8779571
0.8863117
0.8993933
0.9184307
0.8918262
0.8905518
0.9181497
0.9175393
0.9160202
0.9173129
0.892648
0.899059
0.9162348
0.8290061
0.8209809
0.9226541
0.9191569
0.9090008
0.9279873
0.8761194
0.9128073
0.9130683
0.8788672
0.9131627
0.9152912
0.8747534
0.9151034
0.9155911
0.9176597
0.9207186
0.9198336
0.9127232
0.9071684
0.9188141
0.872585
0.9125863
0.9138092
0.9132466
0.9207795
0.875778
0.9084998
0.9037829
0.9168604
0.9146258
0.915442
0.9114278
0.9105217
0.9316311
0.9294037
0.9075328
0.9096232
0.9025451
0.9138197
0.9174024
0.8902913
0.8973405
0.9215482
0.7176245
0.7206955
0.9055501
0.9179471
0.9065484
0.9153613
0.9105878
0.9011978
0.924115
0.9176936
0.8752442
0.9111438
0.9120471
0.8964279
0.8656649
0.8915253
0.9143131
0.9144993
0.9175226
0.9166281
0.9083874
0.9070848
0.9086421
0.8890028
0.8914164
0.8939394
0.9076552
0.8910388
0.9178178
0.915026
0.8182532
0.9188848
0.9132231
0.9254975
0.9255698
0.9240649
0.9124085
0.9128697
0.9113428
0.9113753
0.9217169
0.9186647
0.9105905
0.9174909
0.9170909
0.9218013
0.923638
0.9094717
0.9120452
0.9016523
0.9200834
0.9141664
0.918886
0.9080025
0.8985848
0.9180562
0.9112413
0.9201568
0.9205885
0.9158722
0.9137125
0.9230287
0.9181191
0.9109521
0.9054728
0.9069965
0.9094714
0.9129423
0.9128526
0.9258552
0.9108041
0.9165026
0.9155508
0.9162781
0.9182018
0.9060341
0.9179172
0.9250261
0.9183623
0.915274
0.89604
0.9229918
0.9115113
0.9130481
0.9119184
0.9189503
0.9025339
0.9033892
0.9085094
0.9113668
0.9276616
0.9214117
0.9120336
0.9206105
0.9201461
0.9088976
0.9194573
0.9156138
0.9248394
0.900112
0.9200748
0.9211842
0.9109439
0.9201055
0.918403
0.9249415
0.9035831
0.9117449
0.9159687
0.9258186
0.9258232
0.917456
0.9157006
0.9104899
0.918453
0.9098487
0.9119171
0.9220579
0.9076602
0.9097426
0.924224
0.9090682
0.9084167
0.9277682
0.9271946
0.9021119
0.9106897
0.9127365
0.9226847
0.9136147
0.9100923
0.9179154
0.9110048
0.9190375
0.9178513
0.9232049
0.9199931
0.9200747
0.9191888
0.9205726
0.9217511
0.9192735
0.9171653
0.9156931
0.9135052
0.9011151
0.9003314
0.9037312
0.8982288
0.9088215
0.8151615
0.8911029
0.8934301
0.8953675
0.9017976
0.8860564
0.9108321
0.9161448
0.8942045
0.8934277
0.9199258
0.9036029
0.912789
0.7591583
0.9151148
0.91404
0.9073416
0.89214
0.9108641
0.897041
0.8636813
0.8947481
0.8912279
0.8961509
0.9162341
0.8638009
0.8405232
0.9171917
0.8850769
0.8880654
0.9150361
0.8806971
0.912408
0.807406
0.8698755
0.8888288
0.9105217
0.9115973
0.8166973
0.9193981
0.9068549
0.9082144
0.8920587
0.8877687
0.8997821
0.8833116
0.7654556
0.8998463
0.9095639
0.9113016
0.9112153
0.9141614
0.8833972
0.7739842
0.7929584
0.8582588
0.9089269
0.8703799
0.8880875
0.834218
0.9168557
0.8913316
0.8918822
0.8974476
0.9127543
0.9132818
0.9128431
0.9183856
0.8959807
0.9117937
0.8977887
0.8757108
0.8698984
0.9075914
0.9070587
0.9087498
0.8051044
0.8986614
0.8293904
0.8705244
0.9118911
0.8924366
0.8819064
0.8957386
0.8843237
0.8952489
0.9179291
0.9154671
0.9157638
0.9185085
0.8970397
0.8915135
0.7699621
0.8854088
0.8944643
0.909036
0.9171739
0.888271
0.8878826
0.9146541
0.9100861
0.914575
0.9128955
0.8854286
0.891194
0.9135112
0.8530437
0.8543809
0.923088
0.9206762
0.9005628
0.9336419
0.8723115
0.9087294
0.9121797
0.8726553
0.909536
0.9134418
0.8645723
0.9148188
0.9101548
0.9164207
0.9205967
0.9211119
0.9072857
0.9048593
0.9171766
0.8725241
0.9120839
0.9178245
0.9094279
0.9190485
0.8696648
0.9046685
0.9050373
0.917564
0.9099619
0.908056
0.9090252
0.9082117
0.9348759
0.9348998
0.9054752
0.9064803
0.901912
0.9127762
0.9136583
0.8855053
0.8919907
0.9196263
0.8517921
0.8566845
0.9049056
0.9137814
0.9026179
0.9162374
0.9043073
0.8992231
0.9221002
0.9187018
0.8793263
0.9096039
0.9135745
0.892463
0.8608904
0.885802
0.9094598
0.9128294
0.9153807
0.9150299
0.907376
0.9047252
0.9057545
0.8841616
0.8845133
0.8869182
0.9022115
0.8868951
0.9128594
0.9135041
0.8540835
0.9175995
0.9146112
0.9246507
0.924531
0.9253028
0.9103466
0.9140019
0.911848
0.9109046
0.9200028
0.925039
0.9115573
0.9191637
0.914485
0.9192331
0.920215
0.8979333
0.8953505
0.895979
0.9147044
0.9127175
0.9163828
0.8985372
0.8873841
0.9109415
0.8529622
0.8621297
0.9163792
0.9104942
0.9012739
0.9215445
0.8563798
0.9012381
0.8997459
0.7364737
0.8966802
0.9083752
0.8349878
0.9210803
0.8988302
0.9141074
0.9127536
0.9107361
0.9051353
0.8914844
0.9092959
0.8560617
0.9151877
0.9139398
0.9055115
0.9152097
0.832768
0.9025874
0.9003483
0.912222
0.8971193
0.8972303
0.9001111
0.9021898
0.9274235
0.9205387
0.9005457
0.9080833
0.911617
0.9029631
0.9100613
0.8967835
0.9102793
0.8954079
0.863407
0.8634565
0.9030548
0.9125954
0.9033927
0.9168383
0.8910001
0.8954922
0.9125774
0.9169147
0.8627516
0.9117626
0.9074798
0.8940463
0.8677044
0.8602515
0.8984447
0.9138273
0.9019701
0.8988837
0.913274
0.8987681
0.8904155
0.9071307
0.9076445
0.8972519
0.8996876
0.8955499
0.9168904
0.9064497
0.8557113
0.9102452
0.9056462
0.9206299
0.9163616
0.9188593
0.9138125
0.9152501
0.9141752
0.9108359
0.9148074
0.9134568
0.9097127
0.9098236
0.9087225
0.8995302
0.9192969
0.8991151
0.9013943
0.9019927
0.9127149
0.9104837
0.9123319
0.896266
0.891699
0.9129363
0.8583405
0.8657746
0.9141342
0.9140949
0.9050117
0.9222842
0.8585298
0.900822
0.8994889
0.8070564
0.9011431
0.9083796
0.838218
0.9218575
0.8985745
0.9114045
0.9120648
0.9113823
0.9083116
0.8958017
0.9082617
0.8625042
0.9138778
0.9092824
0.9072419
0.9159617
0.8381623
0.9045972
0.904568
0.9093532
0.9001941
0.8995143
0.905923
0.9095399
0.9317479
0.9261008
0.9047245
0.9125766
0.910376
0.9034475
0.9088732
0.9050637
0.9094878
0.8999274
0.8658573
0.8711504
0.9047908
0.9097599
0.9020755
0.9220522
0.8966647
0.9020164
0.9101498
0.9206034
0.8640884
0.9135711
0.9101907
0.9002195
0.865336
0.8576326
0.9027635
0.9167591
0.9035887
0.9030703
0.9167868
0.9021637
0.9007978
0.9117582
0.9099454
0.9031195
0.902303
0.9002117
0.91522
0.9058014
0.8584668
0.9127974
0.9061639
0.9188395
0.9194295
0.9171805
0.9167746
0.9165678
0.9186892
0.9167513
0.9168783
0.913071
0.9087546
0.9111379
0.9115461
0.9055514
0.902059
0.8966921
0.8985476
0.9245818
0.9022098
0.8932732
0.8897685
0.8966409
0.9125004
0.880658
0.9156686
0.9153694
0.8946671
0.8867602
0.927431
0.913042
0.9160834
0.8999364
0.9227977
0.9220932
0.924055
0.8897627
0.9223399
0.8812215
0.8947462
0.889513
0.8897808
0.8973231
0.9152206
0.8965788
0.8999123
0.9189809
0.8803773
0.8824189
0.9257665
0.8947127
0.9226818
0.9030528
0.8923741
0.8878082
0.9217673
0.9209802
0.9016596
0.9223569
0.9099605
0.9100051
0.8848931
0.8735082
0.8906362
0.8745189
0.8993647
0.8959575
0.9023693
0.9237764
0.9130343
0.9138162
0.8841647
0.8988965
0.8991591
0.903696
0.9220793
0.8959039
0.8943035
0.9084674
0.9227477
0.8826046
0.8892372
0.8983461
0.9140598
0.9299934
0.9220596
0.9196926
0.8969679
0.9253819
0.8798922
0.893879
0.9011226
0.8990779
0.901442
0.9087388
0.9020994
0.8994465
0.9024297
0.9008088
0.9113248
0.8958516
0.885423
0.8917252
0.8853203
0.8911972
0.9140796
0.9153841
0.9134195
0.9157858
0.8950009
0.8941805
0.9010939
0.8865197
0.8911417
0.9256552
0.9178846
0.9031669
0.9028167
0.8283822
0.9107585
0.9107498
0.9144046
0.8981528
0.8937777
0.9138619
0.9015505
0.9117341
0.9150728
0.9137584
0.9053466
0.9182881
0.9008839
0.9040057
0.812725
0.9032304
0.8391165
0.905476
0.9025911
0.9233305
0.8988816
0.9134547
0.9127545
0.9110761
0.9105853
0.8971424
0.9117492
0.9121492
0.9119946
0.9059804
0.9030539
0.9124283
0.901014
0.9037862
0.9041096
0.9109406
0.8394047
0.8368001
0.8953652
0.9015641
0.9262264
0.9170418
0.9078693
0.9108752
0.9147921
0.9062074
0.9159118
0.9035811
0.923551
0.8309182
0.9134498
0.9139712
0.9022875
0.9180868
0.9122403
0.9233631
0.8233616
0.901308
0.912578
0.9235704
0.9155874
0.9131531
0.9085964
0.8998259
0.915496
0.8980961
0.8394276
0.923999
0.8976205
0.8420455
0.9167284
0.9041908
0.8995094
0.9261053
0.9244642
0.9129351
0.902544
0.8967523
0.922133
0.9051211
0.9021369
0.9121908
0.902083
0.9130619
0.9147621
0.9144136
0.920283
0.9212673
0.9203056
0.9182907
0.9115377
0.9082595
0.9186462
0.906512
0.9099189
0.8392223
0.9155578
0.8864482
0.8872178
0.8783712
0.9010881
0.9039693
0.9088534
0.8758214
0.864108
0.9125145
0.8839615
0.8927382
0.9125879
0.9065149
0.8864805
0.9197125
0.8860388
0.8913261
0.8804007
0.8920261
0.8772297
0.8999374
0.8909199
0.9182245
0.8904383
0.909184
0.9050693
0.906061
0.9048235
0.8812749
0.9015438
0.8955417
0.9094788
0.9035162
0.88942
0.9091205
0.8871196
0.888397
0.8867249
0.9047724
0.8773994
0.8762369
0.8834709
0.8924087
0.9255931
0.9216925
0.8913165
0.901898
0.9036939
0.8983659
0.902297
0.8867762
0.8972263
0.8790866
0.889393
0.8918111
0.8897403
0.9065176
0.8916229
0.916986
0.8683401
0.8864784
0.9078578
0.9142569
0.8988661
0.9072022
0.9026247
0.8832589
0.8957644
0.8882187
0.8798199
0.917799
0.8987772
0.8859986
0.9097326
0.8815442
0.8841092
0.890282
0.8915375
0.8860348
0.8850433
0.8811212
0.9104939
0.901913
0.8825529
0.9089272
0.8960359
0.9133075
0.9138306
0.9175425
0.9134907
0.9139542
0.9117807
0.9162043
0.9077045
0.9122997
0.9045248
0.8998897
0.9077035
0.8841076
0.896952
0.894253
0.8940142
0.9125914
0.8952603
0.8701138
0.8729671
0.8969058
0.910559
0.8639845
0.9104166
0.9142625
0.8783055
0.8697701
0.9214474
0.9022328
0.9135615
0.8884312
0.9111968
0.9121742
0.9099597
0.8758711
0.9100258
0.8838186
0.8814583
0.8756448
0.8717477
0.876235
0.9106263
0.8886967
0.890548
0.9181666
0.8639977
0.8761346
0.9205011
0.8871501
0.9172438
0.8863097
0.8820704
0.8690481
0.9083743
0.9116807
0.8864836
0.9205784
0.898233
0.8950105
0.8834416
0.8679535
0.8898914
0.8658546
0.892227
0.8921005
0.9118895
0.9114253
0.9090586
0.9096223
0.8720443
0.8933947
0.8923669
0.8992417
0.9109772
0.8838008
0.8666545
0.8998487
0.9178663
0.8737007
0.8749774
0.8932858
0.915552
0.9150181
0.9133765
0.9183386
0.8741005
0.9115324
0.8740717
0.8814985
0.8905971
0.9086459
0.9099507
0.9108401
0.8852742
0.8928265
0.8947091
0.8882418
0.9107003
0.8773642
0.8721398
0.8716835
0.8714498
0.8759866
0.9119994
0.9092364
0.9122446
0.9098438
0.882763
0.8654007
0.8916274
0.8695684
0.8823699
0.9125181
0.9048566
0.8918161
0.8876777
0.905674
0.8299958
0.8953115
0.8914352
0.8775376
0.8892656
0.8917583
0.9005359
0.901342
0.901013
0.8962461
0.8987635
0.9098454
0.9063751
0.8322527
0.9086701
0.9075588
0.9044154
0.8921643
0.9010259
0.8996125
0.8720691
0.8943614
0.8948912
0.8974323
0.9087442
0.8698317
0.860003
0.9118296
0.8894737
0.896036
0.9063466
0.895966
0.9032038
0.8021548
0.8725258
0.8904339
0.9069968
0.905421
0.8236515
0.9112269
0.9118816
0.9138746
0.8847573
0.8868117
0.8935784
0.8826224
0.8416567
0.8853324
0.8936147
0.9065254
0.9040923
0.9032911
0.8827511
0.8492609
0.8382169
0.8750091
0.9039215
0.8722884
0.8950822
0.8718774
0.915274
0.8900588
0.8958926
0.8885375
0.9031187
0.9082755
0.9053257
0.9166202
0.8939921
0.9063148
0.8909788
0.8693803
0.8727198
0.890266
0.8904053
0.8974359
0.7962102
0.8856872
0.8646143
0.8755688
0.9007223
0.8942822
0.8876585
0.902345
0.8966137
0.9051347
0.9142283
0.9116602
0.9129053
0.9126687
0.8967248
0.8907714
0.8463035
0.8920934
0.8924747
0.9078351
0.9022368
0.9093271
0.9072253
0.919328
0.9061003
0.8967818
0.9005527
0.9051449
0.9206332
0.8893388
0.9213325
0.9255626
0.8942734
0.8952279
0.9295894
0.9086153
0.9177108
0.9063319
0.9197414
0.9241468
0.9229726
0.8994429
0.9204713
0.8941197
0.9003659
0.8931498
0.8974876
0.8948611
0.9202938
0.894333
0.9047183
0.9198894
0.8873346
0.889448
0.9217828
0.9036688
0.9230124
0.9065059
0.898659
0.8977273
0.9206912
0.920655
0.9043308
0.9261449
0.9081369
0.9017702
0.8975552
0.8877017
0.9005331
0.8890013
0.9062917
0.9096946
0.9211196
0.9191485
0.9219163
0.9211991
0.892671
0.9076377
0.9129395
0.9061141
0.9204773
0.9002648
0.8890207
0.9098013
0.9256548
0.8966689
0.8978661
0.9035285
0.9192286
0.9248667
0.9266657
0.9217768
0.8963132
0.92194
0.8955037
0.901667
0.9032865
0.9199971
0.9227784
0.9178367
0.9041914
0.906876
0.9034567
0.898646
0.9211456
0.8959437
0.8892265
0.8889685
0.8904458
0.8950441
0.9222176
0.9204624
0.9219417
0.9178025
0.8990948
0.8915357
0.9010706
0.8910194
0.8953638
0.9237068
0.9201534
0.8985065
0.8975225
0.9104748
0.9157492
0.9139479
0.9130558
0.8933682
0.8899174
0.9101412
0.8630957
0.8619778
0.9208515
0.9159491
0.8983603
0.9293075
0.8492806
0.9054773
0.9072401
0.8568531
0.9033092
0.9037622
0.8538858
0.9196119
0.9081968
0.9137604
0.9183329
0.9167776
0.9110979
0.89984
0.9139279
0.8621476
0.9140767
0.9124964
0.9098178
0.9197622
0.8517804
0.903799
0.9081431
0.9125601
0.9087766
0.9105396
0.9032862
0.9052845
0.9301428
0.9277412
0.9081038
0.9088199
0.9060582
0.9051693
0.9095658
0.8981657
0.897455
0.9108609
0.8587487
0.8631024
0.9030441
0.914395
0.9029112
0.9174728
0.8996191
0.9010662
0.9198498
0.9168255
0.8645101
0.9132237
0.9084827
0.9013461
0.8637269
0.8731749
0.9042287
0.91398
0.9118949
0.9100419
0.9098513
0.9006492
0.9009125
0.8927816
0.8950547
0.8946198
0.9015973
0.8974024
0.9155053
0.9112332
0.8561555
0.9114478
0.9074341
0.9229659
0.9210926
0.922023
0.9135045
0.9131925
0.9139857
0.911934
0.917407
0.9183306
0.9068814
0.9120106
0.9120726
0.912019
0.9189331
0.8981818
0.8993434
0.9198241
0.9188088
0.9137399
0.9163761
0.8962523
0.8933725
0.9196118
0.861866
0.8590318
0.9259141
0.9195039
0.9059198
0.9356196
0.8710891
0.9128134
0.9134581
0.8695636
0.9115875
0.9160132
0.8584134
0.9195293
0.9138145
0.9164448
0.9227845
0.9195342
0.9144329
0.9114332
0.918177
0.8615236
0.9190106
0.9192522
0.9159601
0.9211143
0.8579871
0.9068545
0.9069068
0.9161866
0.9097255
0.9111652
0.9117522
0.9114155
0.9325191
0.9334767
0.909367
0.9107767
0.9044313
0.9133937
0.9174563
0.8971153
0.8934797
0.9225793
0.866375
0.8658696
0.9081841
0.916362
0.9105969
0.9163017
0.9086972
0.901158
0.9234472
0.9185427
0.8622364
0.9127868
0.9157504
0.9001458
0.8599782
0.8794044
0.9145778
0.9165361
0.9177196
0.9185644
0.9084597
0.9055875
0.9087143
0.8839465
0.885645
0.8967863
0.90511
0.8994228
0.9156719
0.9147897
0.857062
0.9196833
0.9147381
0.9247876
0.9228582
0.9200744
0.9152136
0.9175943
0.9147743
0.9140024
0.9204292
0.9246068
0.9133362
0.9164337
0.916879
0.9221729
0.9059039
0.8979485
0.8918812
0.9098613
0.696083
0.8913231
0.8930622
0.8897233
0.8958243
0.8884226
0.9072099
0.9096521
0.8915536
0.8942829
0.9121176
0.9082293
0.9068387
0.7930671
0.9119479
0.9136954
0.9071318
0.8888088
0.9080268
0.8982157
0.861294
0.8989274
0.8904993
0.8956007
0.9137687
0.8661889
0.8357768
0.9131185
0.8876153
0.893214
0.9138096
0.8896734
0.908975
0.7267473
0.8650551
0.8877595
0.9112843
0.9122074
0.7625787
0.9172382
0.9049574
0.9077078
0.8881227
0.8874206
0.8968228
0.8865076
0.813227
0.8950588
0.9037145
0.9091463
0.9074736
0.908005
0.8831569
0.8179364
0.8114716
0.8626522
0.9044838
0.8682282
0.8870207
0.8528392
0.9187151
0.8913536
0.8922229
0.8967042
0.9091912
0.9114924
0.9107043
0.917948
0.891061
0.9112883
0.8937654
0.8674052
0.8659331
0.903949
0.9049849
0.9052399
0.717697
0.8942301
0.8436829
0.8724167
0.906628
0.8916752
0.8832879
0.8959282
0.8906446
0.8948474
0.9172214
0.9179907
0.916562
0.9170475
0.8965298
0.8945363
0.8164764
0.8856174
0.8935431
0.9067252
0.9165699
0.8952573
0.893875
0.904129
0.9116845
0.9123761
0.9130696
0.8928184
0.8866982
0.9118669
0.8539895
0.8603565
0.9211425
0.917633
0.9058953
0.9292221
0.8455201
0.9036365
0.9062612
0.8570948
0.9008063
0.9070717
0.849716
0.9162745
0.9055391
0.9137716
0.9136024
0.9160964
0.9112331
0.9000253
0.9129806
0.8577304
0.9073286
0.9130964
0.9086697
0.9148067
0.8541581
0.9028247
0.9031086
0.9129255
0.9059027
0.9055042
0.9001008
0.9039224
0.9277907
0.9301265
0.9039761
0.9059541
0.9002856
0.9083151
0.9066903
0.8976387
0.8984285
0.9050997
0.8565277
0.8595131
0.9024654
0.9139056
0.9020987
0.9153411
0.9000433
0.8985408
0.9180044
0.9161769
0.8613876
0.9099771
0.907112
0.8980342
0.8559741
0.8688685
0.9030255
0.9135345
0.9099898
0.9080801
0.9057865
0.9013906
0.903306
0.8917524
0.8948932
0.894947
0.901893
0.8957593
0.9118858
0.9101382
0.8527582
0.9141804
0.9053845
0.9224885
0.9226308
0.9203739
0.9143987
0.9137027
0.9137273
0.9132987
0.9165325
0.9151926
0.910246
0.9086106
0.9110826
0.9098461
0.9252278
0.905299
0.9103271
0.8882869
0.9166285
0.914532
0.914832
0.9041543
0.8979779
0.9161306
0.8768484
0.8850821
0.9144586
0.9131851
0.9106759
0.9204453
0.8779393
0.9035094
0.8936347
0.8728823
0.9002045
0.9085898
0.8703917
0.9245336
0.9065858
0.9143865
0.9127169
0.9097713
0.9174376
0.8970578
0.9148142
0.8889131
0.9181989
0.9098908
0.9056747
0.9200897
0.8721042
0.9038006
0.9002887
0.9128431
0.8979229
0.8999095
0.9025407
0.9045573
0.928834
0.9220694
0.9052272
0.9154809
0.9187738
0.9070143
0.9109366
0.910672
0.9180685
0.8893278
0.8891581
0.88917
0.9048611
0.9138248
0.90789
0.9249678
0.8917413
0.9063343
0.9116109
0.9222071
0.8877273
0.9172818
0.9104111
0.9060274
0.8952794
0.8730735
0.9064124
0.9228742
0.8999623
0.8909758
0.920828
0.9032527
0.9001981
0.9243771
0.9245387
0.9113417
0.9008145
0.9035789
0.9172911
0.9115175
0.8741339
0.9150526
0.9060857
0.9139481
0.9129201
0.9190426
0.9209492
0.9172806
0.9208585
0.9167431
0.9159599
0.9167196
0.9130112
0.909772
0.9111547
0.8919808
0.9042628
0.899588
0.894616
0.9115801
0.8491118
0.8894867
0.8877036
0.8985724
0.9065968
0.88177
0.9086607
0.9127221
0.8942626
0.8909558
0.9205913
0.9053403
0.9123268
0.8478706
0.9124508
0.9163277
0.9128119
0.8915191
0.9076885
0.8937933
0.8638296
0.8886726
0.8885564
0.8929793
0.9136224
0.8667158
0.8299422
0.9185623
0.8843196
0.8909268
0.9147719
0.877839
0.9136346
0.8427581
0.8681226
0.8867515
0.9104044
0.91229
0.8477685
0.9202961
0.8999226
0.9029342
0.8877989
0.8858113
0.8907636
0.8801091
0.852782
0.8981757
0.9102708
0.9123897
0.9094309
0.9127783
0.8857422
0.854599
0.8508798
0.8395305
0.9101203
0.8695397
0.8884579
0.8691643
0.9192778
0.8880326
0.8919373
0.8946996
0.911869
0.9169508
0.9166318
0.9174246
0.8913579
0.9133631
0.8910217
0.8749219
0.8740397
0.9062213
0.9045567
0.9066539
0.8369823
0.893306
0.8650874
0.8700645
0.9067972
0.8919034
0.8826822
0.8911064
0.8925803
0.8887101
0.9156353
0.913396
0.9153146
0.9134128
0.8913174
0.888873
0.851315
0.8836462
0.8977147
0.9125918
0.9009067
0.886777
0.8836759
0.8938237
0.8649156
0.8787823
0.8880473
0.8771673
0.889036
0.8756208
0.8961402
0.9029996
0.8895374
0.8784526
0.9084986
0.9015401
0.9051326
0.8546256
0.8977175
0.9009965
0.8976902
0.8772232
0.9000253
0.8858841
0.8359638
0.8805298
0.8809111
0.8859963
0.9081857
0.8006688
0.862722
0.9065197
0.8715032
0.8819839
0.9041253
0.8773362
0.8998382
0.852343
0.5271266
0.8782225
0.8947864
0.8948169
0.8562369
0.9084581
0.9042756
0.9014173
0.8779522
0.8702344
0.8902058
0.867914
0.8674068
0.8850302
0.9089615
0.896519
0.903008
0.9039092
0.8781936
0.8665884
0.8680991
0.8814275
0.8924248
0.8193526
0.8746381
0.8890007
0.914202
0.8772174
0.8771372
0.8826244
0.9073948
0.9037005
0.8979176
0.9154871
0.8766272
0.9041439
0.8822759
0.8028541
0.8074729
0.9026131
0.9021476
0.9025433
0.8494834
0.8799135
0.8879455
0.852349
0.8989188
0.8823847
0.8613507
0.8802776
0.8785094
0.8867747
0.9119721
0.9109791
0.9139819
0.9113692
0.8878742
0.8836755
0.8719746
0.8731406
0.8803562
0.89824
0.9195031
0.9062202
0.9097473
0.9159032
0.9212229
0.9109454
0.9143494
0.9055851
0.9119812
0.9127759
0.9100481
0.9164408
0.9171399
0.9159903
0.9229855
0.9170105
0.9146206
0.9165205
0.9132592
0.9163512
0.9215787
0.9121788
0.9124275
0.9141786
0.912184
0.9146636
0.9160443
0.9161669
0.8926624
0.912651
0.9189162
0.9179494
0.9121934
0.9092841
0.9166263
0.9137288
0.9203133
0.91644
0.91038
0.9123774
0.9091383
0.9104244
0.9151626
0.9159096
0.9188877
0.9205534
0.9070835
0.9135888
0.9148008
0.9097225
0.9208281
0.9057414
0.9133402
0.9174949
0.9092815
0.9114308
0.9093464
0.9196267
0.9189171
0.9220819
0.9138814
0.9119076
0.9192051
0.9206311
0.9222321
0.9133197
0.9160457
0.9070837
0.9170619
0.9220338
0.924299
0.8850427
0.9116707
0.9136301
0.9152315
0.9132737
0.9184558
0.9089602
0.9033483
0.9088381
0.9150426
0.9104281
0.9176598
0.9131817
0.9132511
0.9156745
0.9067755
0.915836
0.9180053
0.9175497
0.8446874
0.8447994
0.8446641
0.846336
0.9186476
0.9161447
0.9171472
0.9112831
0.9111549
0.9156664
0.8951304
0.8960412
0.8988395
0.9123051
0.8960159
0.8797729
0.878238
0.9016958
0.9113938
0.8594777
0.9106655
0.9120918
0.8904268
0.8784325
0.9229948
0.9005083
0.9135106
0.8978058
0.9121717
0.912464
0.9125333
0.7787709
0.914313
0.883916
0.8887615
0.887234
0.8808303
0.8863483
0.915106
0.887844
0.8970578
0.9205097
0.8602285
0.8792431
0.9210019
0.8916442
0.9187977
0.8900542
0.8886448
0.8817872
0.9088879
0.9089233
0.8954568
0.9209342
0.9023132
0.8962178
0.8863185
0.8722238
0.8955015
0.8708046
0.8956821
0.8962758
0.9173397
0.9101606
0.9150586
0.9165284
0.8737138
0.9011287
0.9006637
0.9056604
0.9109187
0.8915329
0.8755491
0.902043
0.9194874
0.8827698
0.7803266
0.8975064
0.9199311
0.9170896
0.9158625
0.9184151
0.8700118
0.9165119
0.8783392
0.8955832
0.8891735
0.9174239
0.9164361
0.9148089
0.8894642
0.895408
0.9009268
0.8951579
0.9124982
0.8867039
0.872494
0.8729739
0.8661915
0.87178
0.9190484
0.9146668
0.9165099
0.914159
0.8681196
0.8656526
0.8973143
0.8678058
0.8822616
0.9140036
0.9156926
0.9109013
0.9069349
0.9281105
0.870806
0.9045979
0.8997326
0.9129372
0.9190619
0.895974
0.924548
0.9245382
0.906219
0.9035143
0.9314256
0.9102658
0.9251587
0.8676417
0.9268074
0.9261523
0.9243541
0.9054164
0.9235802
0.9014094
0.8892805
0.9043349
0.9035097
0.9078465
0.9205068
0.886132
0.8603502
0.9292919
0.8957645
0.9043232
0.9265145
0.895922
0.9260015
0.8634269
0.8872159
0.8971138
0.9254736
0.9258128
0.8746427
0.9313388
0.9098125
0.91548
0.9012778
0.8995783
0.9055377
0.9035829
0.8658492
0.9120698
0.9150488
0.929604
0.9224234
0.9228783
0.8979128
0.8663941
0.876537
0.7433356
0.9278971
0.8918387
0.9044555
0.8797656
0.9296958
0.9030778
0.9091386
0.9084849
0.9256928
0.9327863
0.9289234
0.9233728
0.9099048
0.928532
0.9027284
0.8890571
0.8922781
0.9127816
0.9113915
0.9195454
0.8607525
0.9098545
0.8739361
0.8897337
0.9244472
0.9090531
0.9005152
0.9008474
0.9021498
0.9029848
0.9193303
0.9237802
0.921401
0.9206513
0.9077259
0.9057515
0.8658272
0.9031997
0.9059204
0.9262931
0.907137
0.8878184
0.8845498
0.9072064
0.9074445
0.8994905
0.9018669
0.8785765
0.8882199
0.8984002
0.8937082
0.8925602
0.9059853
0.9013336
0.8967481
0.9180041
0.8988209
0.899357
0.9046378
0.9056013
0.9036466
0.9022874
0.9002635
0.9062608
0.8924788
0.9019018
0.9025149
0.9061794
0.8856339
0.8947071
0.9065794
0.9030426
0.899514
0.9002987
0.9066657
0.9060056
0.9057504
0.8987887
0.8940605
0.8988062
0.9038193
0.9045421
0.8980221
0.9022441
0.9178851
0.9203266
0.8917975
0.8934155
0.8912944
0.8944531
0.9024525
0.8828482
0.88314
0.9107952
0.8937159
0.8966516
0.8893602
0.9027167
0.8955794
0.9090629
0.9017013
0.890085
0.906638
0.9092659
0.9077232
0.8976902
0.9010832
0.8860174
0.8985099
0.905542
0.9089876
0.8997352
0.9040313
0.9081888
0.8968942
0.8941452
0.8958854
0.8747079
0.8761679
0.8931508
0.8956299
0.8873175
0.9083776
0.8982416
0.8970448
0.9050794
0.8953049
0.9103341
0.9066796
0.9101209
0.8935806
0.8973754
0.8943214
0.8967031
0.9053409
0.9060934
0.9063071
0.8972025
0.9028325
0.9124077
0.9146387
0.8966416
0.8903506
0.9209042
0.915733
0.9105887
0.9120906
0.8910502
0.9003006
0.9075422
0.9072161
0.901245
0.9139945
0.9102251
0.909672
0.9242176
0.9097883
0.910697
0.9226836
0.9189967
0.9157451
0.909673
0.9113116
0.9067967
0.9071285
0.9061154
0.9166808
0.9174579
0.8987836
0.9076698
0.9165645
0.9116845
0.9073118
0.906873
0.9181289
0.9146687
0.9140601
0.9097794
0.904142
0.9099799
0.916908
0.9178413
0.9081156
0.9161483
0.9208309
0.9278865
0.9018486
0.9022444
0.8964766
0.9012091
0.9120052
0.8835059
0.8861112
0.9221544
0.8969909
0.9007864
0.9028707
0.9079725
0.9015225
0.9096598
0.9177078
0.9027661
0.9154997
0.9123623
0.916698
0.9038114
0.9063462
0.8917237
0.9053823
0.9223314
0.9189824
0.9072541
0.9139386
0.9231032
0.8972686
0.9047202
0.9090173
0.8727482
0.8768298
0.8969159
0.9066967
0.887565
0.9063602
0.907753
0.9053827
0.9166412
0.9107093
0.9156606
0.9146718
0.9172242
0.9039663
0.901506
0.9021209
0.9007068
0.9159738
0.9151905
0.9073285
0.9097973
0.9125986
0.924245
0.9206201
0.8966997
0.9012223
0.9230093
0.9136232
0.9141209
0.9163423
0.8991915
0.882897
0.9143744
0.8990557
0.8970039
0.9184699
0.9179656
0.9052396
0.9309299
0.9044784
0.9137026
0.9143746
0.9133756
0.9216461
0.9107218
0.9086952
0.9166289
0.9115722
0.9083821
0.9163638
0.9168586
0.9085006
0.9040765
0.9219606
0.9121145
0.9128392
0.912238
0.8999251
0.9189301
0.9156711
0.9141115
0.9063825
0.9158508
0.9135789
0.911969
0.9108629
0.905828
0.929615
0.9235398
0.9074251
0.9114307
0.9025344
0.909758
0.9160194
0.9029516
0.8935625
0.9246983
0.9036678
0.9037763
0.9052486
0.9137661
0.9094165
0.9175041
0.9104209
0.9051874
0.9240283
0.9121189
0.9166057
0.9067396
0.915687
0.9043658
0.903918
0.9211593
0.9208369
0.9136262
0.915361
0.9248032
0.9078416
0.9055831
0.9075709
0.8881528
0.8859649
0.8276804
0.9111939
0.9016516
0.9123792
0.9098255
0.9038743
0.9166609
0.9094316
0.9208075
0.9188447
0.9199917
0.9136095
0.9142441
0.9101359
0.9158122
0.9212325
0.918196
0.9118292
0.9160961
0.9157784
0.9246226
0.9211589
0.8992918
0.8980487
0.8897661
0.9157355
0.9125045
0.9153538
0.8955829
0.8932075
0.9155798
0.8530951
0.8662181
0.9175494
0.9108851
0.9072539
0.9198299
0.8529736
0.9042159
0.8941304
0.8324647
0.8908629
0.9098108
0.8420731
0.9239333
0.9018361
0.9132051
0.9152267
0.9110478
0.9070659
0.8968393
0.9075075
0.8431425
0.913135
0.9110784
0.9082394
0.9113669
0.838908
0.9022966
0.9006761
0.9114578
0.8931217
0.8939996
0.9013881
0.9030225
0.9284398
0.9228533
0.9050706
0.9122863
0.9147437
0.9052855
0.9106415
0.899931
0.9141447
0.8885927
0.8656195
0.8662616
0.9000687
0.9125753
0.9092631
0.9261738
0.8894415
0.8999927
0.9157251
0.9244721
0.8540855
0.9125527
0.9093733
0.8951616
0.8693768
0.8518603
0.8947881
0.9186671
0.9013494
0.8954087
0.918762
0.8996098
0.8975522
0.9143502
0.9132982
0.9051929
0.9012818
0.8942388
0.9167866
0.9073956
0.8493151
0.9126282
0.9049426
0.9170792
0.9185154
0.9162068
0.9181305
0.9180311
0.9177318
0.9168846
0.9133129
0.9155578
0.912144
0.908925
0.9067958
0.8918701
0.9220195
0.8996276
0.8957028
0.8892382
0.9129014
0.9107647
0.9142908
0.8906905
0.8912126
0.9151332
0.8500991
0.8648944
0.9184609
0.9117061
0.904476
0.9194316
0.8465809
0.9021143
0.8954677
0.8277178
0.892962
0.9089145
0.8408725
0.9233948
0.9026154
0.9161279
0.9157397
0.9091711
0.9071038
0.894681
0.908829
0.8457772
0.9127574
0.9110463
0.9061087
0.9159129
0.8397431
0.9021676
0.9007028
0.9129109
0.8933767
0.893407
0.9013367
0.9029732
0.929896
0.9227328
0.905974
0.9112816
0.9130435
0.9080427
0.9111506
0.8973097
0.9132028
0.8903663
0.8618058
0.8609129
0.9017657
0.9129324
0.9084068
0.9227481
0.889121
0.9002179
0.9168978
0.9238249
0.8479632
0.913962
0.908088
0.8928301
0.8687493
0.850161
0.8936047
0.9195194
0.9009601
0.895064
0.9179775
0.8971768
0.8965135
0.9136792
0.9117735
0.905584
0.8999565
0.8918287
0.9155073
0.9075511
0.8485788
0.9125614
0.9026337
0.9147524
0.9175389
0.9134127
0.9169261
0.9162965
0.9176367
0.9182815
0.916001
0.9136088
0.9112643
0.9099051
0.9075012
0.8939111
0.9206813
0.8970039
0.8951777
0.8899767
0.9141661
0.9079475
0.9112298
0.8933905
0.8932595
0.9148165
0.8533009
0.866142
0.9160445
0.9084743
0.9007871
0.9187307
0.8511685
0.9000072
0.8954656
0.8330008
0.8954031
0.9096522
0.8373246
0.919684
0.9012675
0.916003
0.9109251
0.9096649
0.9084061
0.8942751
0.9090941
0.8449153
0.912361
0.9076556
0.9074067
0.9138712
0.833519
0.9015286
0.897745
0.9136825
0.8940622
0.893729
0.900618
0.902766
0.9277948
0.9226102
0.9039538
0.9111573
0.9137764
0.9070522
0.9107568
0.8964222
0.9118392
0.891515
0.8646022
0.8632392
0.9000109
0.9142341
0.9087523
0.9239058
0.8890802
0.8991749
0.9153852
0.9235494
0.8509693
0.9117373
0.9074167
0.8925897
0.8647176
0.8515386
0.895559
0.9219567
0.9013343
0.8966255
0.9171226
0.896851
0.8946725
0.9120969
0.9111988
0.9048669
0.9000326
0.8922729
0.9133564
0.9079724
0.8513601
0.9100913
0.9015537
0.9160906
0.915491
0.9159077
0.9174532
0.9159821
0.9179719
0.9155119
0.9133547
0.91468
0.9100572
0.9077078
0.9046248
0.8952454
0.924047
0.8983118
0.8960562
0.8834084
0.9136355
0.908966
0.9131293
0.8981695
0.8920261
0.9161591
0.8528938
0.866086
0.9147399
0.9085109
0.902917
0.9192166
0.8473633
0.8990759
0.8935905
0.8302004
0.8919097
0.9119881
0.837648
0.9240254
0.896981
0.9144302
0.9133588
0.9094018
0.9068095
0.8920419
0.9091366
0.8480896
0.9127107
0.9121698
0.9069547
0.9166696
0.8373685
0.9005735
0.9017028
0.912156
0.89064
0.8897655
0.8999343
0.9014342
0.929673
0.9239484
0.9039058
0.9117722
0.9172775
0.9051614
0.9102684
0.8995409
0.9163283
0.8842929
0.866816
0.8678488
0.8986335
0.9121474
0.9104467
0.922911
0.8882222
0.8985933
0.9144358
0.9235023
0.8526799
0.9135348
0.9073639
0.8945592
0.8694962
0.8491516
0.8943395
0.9219701
0.8988936
0.8934622
0.9170882
0.8967711
0.8920834
0.9164424
0.9163985
0.9060655
0.8978896
0.893657
0.9169123
0.9074154
0.8520373
0.9087397
0.9036118
0.9168992
0.9164904
0.9149294
0.9211584
0.916284
0.9201824
0.9183266
0.913825
0.9137263
0.9115549
0.909239
0.9046234
0.8895247
0.907329
0.7840857
0.8508069
0.9058654
0.9049561
0.8924659
0.8957062
0.827064
0.8917259
0.8922328
0.8952038
0.8955515
0.9013773
0.8968594
0.9073569
0.9140493
0.8979729
0.8951189
0.9028903
0.9103398
0.9048675
0.8947701
0.9055358
0.8998989
0.8893343
0.8994466
0.8990613
0.8999381
0.9041096
0.8913513
0.9021228
0.9062109
0.8934106
0.8945194
0.9094865
0.8986512
0.9038086
0.8935302
0.8852825
0.8969166
0.9012895
0.9009748
0.8974898
0.9027199
0.9110001
0.9132801
0.8885155
0.8919043
0.896145
0.8916514
0.8990705
0.8512815
0.8946043
0.9098412
0.8979837
0.9008512
0.8830177
0.9018488
0.8976339
0.9009669
0.9002453
0.8907245
0.8993928
0.9010354
0.9108522
0.8944446
0.8968265
0.8539791
0.900917
0.9108401
0.9048426
0.9128205
0.8991765
0.9072827
0.8917106
0.8886791
0.8956972
0.889263
0.8887464
0.8942918
0.8931902
0.8462471
0.9022147
0.901828
0.8941189
0.9014992
0.889204
0.9043761
0.9002124
0.9038601
0.9079632
0.9056136
0.9041622
0.9036245
0.90512
0.9014676
0.9007795
0.8944248
0.8963814
0.9107037
0.9137175
0.8977804
0.9001544
0.9169849
0.9162489
0.9090812
0.9104409
0.9027044
0.907519
0.9098523
0.9087265
0.9077752
0.914124
0.9127082
0.9146861
0.9218246
0.9134626
0.9151579
0.9180437
0.9180022
0.9153478
0.9134316
0.9148876
0.9088622
0.9123191
0.9079411
0.9154777
0.9137955
0.9009793
0.9070416
0.9172141
0.9164344
0.907105
0.9050846
0.9144877
0.9132539
0.9170287
0.915265
0.9090747
0.9109316
0.9173451
0.9192973
0.9138766
0.9181746
0.9201627
0.9219271
0.9077532
0.9031543
0.9018348
0.902606
0.9141775
0.9036343
0.9000257
0.9203909
0.9061703
0.9058046
0.9059478
0.9128113
0.9110726
0.9127254
0.9152909
0.9080361
0.9132554
0.9137435
0.9176206
0.9067887
0.913562
0.8977817
0.9061021
0.9216893
0.9181831
0.901554
0.9127415
0.9167519
0.9072417
0.912117
0.9099584
0.8986597
0.8942721
0.9045949
0.9127122
0.9030687
0.9160045
0.9107833
0.9085786
0.9097378
0.9074789
0.9162894
0.9145122
0.914356
0.9001601
0.9059835
0.9036046
0.9016883
0.9169451
0.9116818
0.9145952
0.9109718
0.910956
0.9174302
0.9209157
0.8961139
0.8962734
0.9114412
0.9179762
0.9135126
0.9117946
0.8892245
0.8948421
0.9138831
0.874628
0.8763103
0.9196756
0.9117224
0.9024506
0.9301979
0.8859496
0.9104062
0.9087058
0.8908379
0.9047585
0.9104377
0.8856043
0.9157699
0.9071426
0.9159273
0.9110738
0.9174724
0.9114603
0.9009277
0.9186673
0.8927444
0.9126819
0.9159982
0.9118304
0.9203801
0.8871988
0.9080769
0.9042451
0.9149815
0.9063078
0.9065371
0.908808
0.9045958
0.9291033
0.9261178
0.9051801
0.9077534
0.9051776
0.9078415
0.9171626
0.8938056
0.9002119
0.9141939
0.8819701
0.8814203
0.9065673
0.9153583
0.9068887
0.921191
0.9039202
0.8993803
0.9219017
0.9204928
0.8912483
0.9109918
0.9129533
0.8948487
0.8823658
0.8950425
0.9091197
0.9162897
0.9121994
0.9129224
0.9136835
0.9031471
0.9053693
0.8896817
0.8869898
0.8927658
0.9066624
0.8967087
0.9191461
0.9134954
0.8725501
0.9127545
0.9097592
0.9185844
0.9219572
0.9225347
0.9090302
0.9121259
0.9120286
0.9122131
0.917195
0.9205134
0.9172006
0.9142405
0.9102397
0.9158051
0.9027729
0.9053273
0.9087027
0.9050291
0.9042736
0.8932274
0.8952982
0.9033489
0.9137514
0.8870143
0.9171036
0.9171898
0.8961709
0.8976409
0.9238764
0.9083518
0.9149981
0.902596
0.9076523
0.9168646
0.9067603
0.8907397
0.9139194
0.900375
0.8900111
0.896623
0.8954055
0.8895156
0.9149813
0.8911863
0.9035131
0.9195038
0.8847606
0.891542
0.9188545
0.9040045
0.9178671
0.8981616
0.8951334
0.8960515
0.9074244
0.9075365
0.8986362
0.9196349
0.9165198
0.9044291
0.8868264
0.8937288
0.905022
0.8826741
0.9064992
0.9136498
0.9190995
0.9028436
0.9211025
0.9221284
0.8940184
0.9063091
0.9064568
0.9155539
0.9093796
0.8993691
0.8825244
0.9098012
0.9240957
0.89783
0.8928584
0.9029819
0.9181595
0.9138415
0.9130904
0.922275
0.8850279
0.9064418
0.9027086
0.9006836
0.8954796
0.9219748
0.9222102
0.9164329
0.8967618
0.9092416
0.9127152
0.8955893
0.9131851
0.8955423
0.8896447
0.8881159
0.8921576
0.894526
0.9187626
0.9181398
0.917696
0.9159223
0.8914893
0.8888968
0.9044631
0.8880089
0.8883076
0.9053006
0.9151708
0.8937058
0.8925191
0.8953296
0.9096613
0.9078877
0.9095418
0.8839368
0.878629
0.91287
0.8928781
0.8987847
0.9149403
0.9083762
0.8963494
0.9225916
0.8971316
0.8997793
0.8892254
0.9027657
0.8910333
0.9039226
0.8956582
0.9168326
0.9042809
0.9096368
0.9124132
0.9129853
0.9030133
0.8946444
0.9086475
0.9084378
0.9081633
0.9102356
0.9015881
0.9162367
0.8931465
0.8956288
0.8999129
0.9080252
0.8892764
0.8888154
0.8986773
0.9046424
0.9283548
0.9211066
0.8975534
0.908476
0.9036455
0.9064779
0.9037636
0.8925889
0.8935773
0.8967461
0.8949571
0.8975868
0.8920666
0.9089192
0.9008124
0.9166167
0.8821923
0.8962939
0.9144824
0.9133889
0.9059271
0.904377
0.9067681
0.8959359
0.8974977
0.8970529
0.8923255
0.9210471
0.9108313
0.895068
0.9086511
0.8930857
0.8979049
0.8873759
0.8882337
0.891411
0.8943936
0.8913441
0.9119966
0.9017362
0.8912114
0.9136129
0.9028418
0.9194906
0.9171728
0.9193069
0.9122071
0.9119377
0.9119929
0.9084904
0.9142212
0.917204
0.9077845
0.9082358
0.9093942
0.897554
0.9211657
0.9028485
0.9017803
0.7475362
0.9135141
0.9070538
0.9114788
0.900434
0.8968001
0.9077573
0.9008644
0.9110209
0.9115678
0.9066496
0.9065752
0.9133674
0.9029797
0.8976868
0.8327626
0.8986044
0.7856296
0.9028346
0.8945324
0.9216961
0.8944716
0.9135614
0.906786
0.9047418
0.910766
0.8950902
0.9105499
0.9109017
0.9119852
0.9090681
0.9063914
0.914368
0.9009638
0.8982502
0.9007878
0.9057747
0.8498944
0.8500811
0.8976602
0.9047706
0.9243913
0.9212541
0.9038241
0.9126089
0.918709
0.899293
0.9065344
0.905619
0.926175
0.7510452
0.9138684
0.913729
0.9007768
0.9083156
0.9022653
0.9240286
0.8459008
0.9000289
0.9043332
0.9209284
0.9158463
0.9160319
0.9041448
0.9009089
0.913045
0.8906801
0.7932803
0.9227257
0.8984032
0.7684168
0.9202266
0.8992487
0.8965087
0.9304215
0.9305863
0.9090389
0.8955181
0.8978163
0.9171934
0.9089369
0.9004934
0.9100401
0.9008047
0.9132446
0.9170868
0.9172293
0.9195177
0.9189982
0.9206755
0.9191551
0.910228
0.9090233
0.9119659
0.9076715
0.9053132
0.7625738
0.9233559
0.9047819
0.9015143
0.7555537
0.9153205
0.9102081
0.9117959
0.9029234
0.8968921
0.9125177
0.9014314
0.9073807
0.9123949
0.9086365
0.906266
0.9154157
0.9040205
0.8997954
0.8291733
0.8992883
0.7914783
0.9017023
0.8971062
0.9248765
0.8943239
0.9148823
0.9095718
0.9071752
0.9146384
0.894861
0.9099827
0.9114531
0.9119946
0.9101715
0.9078914
0.9184052
0.8998668
0.9002408
0.8994526
0.9082126
0.8535008
0.852609
0.8994142
0.9035769
0.9261892
0.9171542
0.9065798
0.9148951
0.9195989
0.9050301
0.9105952
0.9010497
0.9276866
0.7634113
0.9130217
0.9122606
0.903154
0.9107534
0.9064628
0.9235503
0.8428116
0.8986094
0.9064138
0.9227065
0.9154343
0.919524
0.9046634
0.8993957
0.913947
0.8929684
0.7935408
0.9223237
0.8988287
0.7801243
0.9211081
0.8995792
0.894247
0.9314369
0.9314085
0.9142115
0.8981158
0.8983442
0.9203315
0.9093315
0.9017789
0.9082075
0.901806
0.9120246
0.9149921
0.9181508
0.9184268
0.9199121
0.919662
0.9208295
0.9135962
0.9103839
0.9114379
0.9100124
0.9056752
0.7662701
0.9196825
0.9008825
0.9007554
0.7519584
0.9116671
0.9077908
0.9121655
0.9006342
0.8931662
0.9097672
0.899316
0.9078801
0.9124964
0.9060658
0.9041351
0.9152836
0.9023464
0.8937552
0.8304633
0.8963481
0.7883108
0.902285
0.895862
0.9206985
0.893604
0.91166
0.9050821
0.9083514
0.9111413
0.8932515
0.9064601
0.9091136
0.9106648
0.9112096
0.904779
0.9149324
0.8970031
0.8958318
0.8978989
0.9063619
0.8495041
0.8476914
0.8955998
0.9005876
0.9226197
0.9193053
0.9005932
0.9130666
0.9149685
0.9025801
0.9073452
0.9005266
0.9230631
0.7555537
0.9113693
0.9118563
0.9007798
0.9084288
0.9021887
0.9225553
0.8413066
0.9014186
0.9071034
0.9191043
0.9130404
0.9164455
0.9033237
0.8940454
0.9091039
0.892763
0.7916226
0.9188261
0.8965565
0.770114
0.9183515
0.8975737
0.8953399
0.9264717
0.9254602
0.9077088
0.8938885
0.8972647
0.9204245
0.9062334
0.89802
0.9096915
0.8990213
0.9131616
0.9114408
0.9133256
0.9197338
0.9192141
0.9199832
0.9182341
0.9095732
0.9088656
0.9111166
0.9068516
0.9060939
0.7646055
0.9225874
0.9032644
0.9022045
0.7553906
0.9151353
0.9093111
0.9097488
0.9031796
0.8986355
0.9124026
0.9005329
0.9086712
0.9127849
0.908474
0.9040076
0.9150371
0.9020162
0.9000863
0.8338539
0.8994598
0.7909213
0.9045192
0.8971549
0.9254297
0.8932891
0.9118676
0.9057768
0.9065878
0.9161912
0.8926906
0.9116713
0.9116453
0.9145445
0.9106752
0.9095279
0.9152214
0.8990074
0.8995027
0.8979548
0.907107
0.8532881
0.8517442
0.8976014
0.904685
0.9245355
0.9197121
0.9051551
0.9142054
0.9193067
0.9034778
0.9102451
0.9022171
0.9237686
0.7567813
0.9113428
0.9119093
0.9027013
0.9165376
0.9078943
0.9259671
0.8483497
0.9022367
0.9059328
0.9218225
0.9153256
0.9152013
0.904452
0.8995655
0.9146106
0.8911772
0.794316
0.921259
0.8975539
0.7768926
0.9234014
0.9021869
0.8944537
0.9329102
0.9313316
0.91282
0.8978877
0.898196
0.9210627
0.909017
0.9005597
0.9088922
0.9003942
0.9157872
0.9165695
0.9157965
0.9214346
0.9204557
0.9221763
0.9198609
0.912301
0.9103028
0.911667
0.907789
0.9064836
0.7679369
0.922125
0.9046635
0.9001726
0.7542662
0.9134307
0.906707
0.9093192
0.9002113
0.8948831
0.9137305
0.8991682
0.9086302
0.912458
0.907196
0.9043427
0.9173872
0.9013234
0.8984961
0.831603
0.9016975
0.7909926
0.90363
0.8977121
0.9239035
0.8925447
0.9115063
0.9072139
0.9060558
0.912393
0.8955927
0.9061561
0.9140611
0.9140611
0.9072302
0.9052968
0.9133687
0.8992772
0.8977126
0.8956845
0.9057408
0.8504687
0.8496156
0.8960118
0.9009207
0.9252997
0.9180311
0.9054397
0.9119852
0.9201089
0.903022
0.9083528
0.9016452
0.9241394
0.7550365
0.9124226
0.9127514
0.9035851
0.9136137
0.9041164
0.9230716
0.8436483
0.903322
0.9061743
0.9219638
0.9132707
0.9150232
0.9039572
0.8980702
0.9136591
0.8914413
0.7949869
0.9199072
0.8972875
0.7722649
0.9192981
0.8995834
0.8955169
0.9317417
0.9309783
0.9119134
0.8953405
0.8966811
0.917898
0.9060457
0.9007459
0.9080072
0.8987945
0.9133148
0.9154329
0.9183938
0.9196907
0.9203386
0.9201666
0.9195559
0.9116009
0.9134432
0.9095047
0.9049845
0.9043028
0.7582929
0.9191449
0.9026471
0.9009819
0.7497625
0.9116578
0.9071589
0.9119257
0.9008599
0.8944921
0.911108
0.9010552
0.9084203
0.9127203
0.9047331
0.9043249
0.9155433
0.9028912
0.8958551
0.8324014
0.8954218
0.7873783
0.9025895
0.8960907
0.9219781
0.8944283
0.9126956
0.9063108
0.9065014
0.9115874
0.8917906
0.908497
0.9096085
0.9102678
0.9102651
0.9059875
0.9159888
0.896793
0.8966163
0.8971723
0.9055285
0.8500075
0.8493699
0.8951904
0.9000514
0.9241451
0.9175026
0.901412
0.9136749
0.9169241
0.9024907
0.9055548
0.9025743
0.9232876
0.7509929
0.9095219
0.9114962
0.9024259
0.9098068
0.9020604
0.9226971
0.8408047
0.8985921
0.9075603
0.9214358
0.9118771
0.91682
0.9010376
0.8944288
0.9092115
0.8918988
0.7919768
0.9182547
0.8955229
0.7679096
0.9194848
0.8957174
0.8942725
0.9272443
0.9283429
0.9096882
0.8939569
0.8962179
0.9194385
0.9051395
0.8978887
0.9097203
0.898891
0.9118852
0.9115085
0.9153055
0.9194226
0.9202608
0.9202396
0.9195906
0.9099466
0.9092422
0.909107
0.9062177
0.9060448
0.7627167
0.9202275
0.9027082
0.9035328
0.7445514
0.9142999
0.9082172
0.9126458
0.9014282
0.8949652
0.9129463
0.9000727
0.9091008
0.9132572
0.9090133
0.904879
0.9132293
0.9006003
0.8989538
0.8271084
0.8984832
0.7870158
0.9035997
0.8994085
0.922429
0.8944934
0.9138891
0.9089846
0.9058462
0.912677
0.8917635
0.9072667
0.9115306
0.9131209
0.909225
0.9050386
0.9145034
0.900177
0.8995595
0.8975297
0.9073355
0.847902
0.8469954
0.8955791
0.9009149
0.9259105
0.9155557
0.90404
0.9138638
0.9174361
0.9016802
0.911093
0.9033902
0.9262816
0.7498024
0.9120104
0.9131621
0.9040677
0.9114449
0.905855
0.924086
0.8419429
0.901147
0.9058057
0.9210877
0.9160646
0.9176374
0.9030244
0.9006417
0.9129436
0.8897458
0.7927318
0.9207917
0.8989687
0.7722569
0.9225156
0.8965555
0.8932757
0.9308575
0.9335878
0.9133684
0.8984595
0.8972518
0.9187032
0.9061456
0.8985333
0.9081557
0.8976967
0.910635
0.9160822
0.9176047
0.9203558
0.9214191
0.9221988
0.920335
0.9101556
0.9109983
0.9098163
0.9047653
0.9048661
0.7586645
0.9197902
0.9022266
0.9018938
0.7532232
0.9172402
0.9087161
0.91377
0.9024364
0.8949006
0.9117657
0.8999457
0.9086985
0.9116732
0.906952
0.9059283
0.9150473
0.9030137
0.8991886
0.8315188
0.8976905
0.7890573
0.9028291
0.8971733
0.9218673
0.8940343
0.9123119
0.9071254
0.9055436
0.9131055
0.8949296
0.913641
0.908874
0.9125914
0.907924
0.9061872
0.9145836
0.8969559
0.9006211
0.898963
0.9067469
0.8460986
0.8482456
0.8992421
0.9019917
0.9235498
0.9172058
0.9031101
0.9119394
0.917273
0.9015468
0.9109975
0.9028543
0.9260377
0.7598784
0.9110505
0.911811
0.9010097
0.9123833
0.9060941
0.9253902
0.8424803
0.8981184
0.9053037
0.9225296
0.912919
0.9173592
0.9035517
0.9003585
0.9157433
0.8938895
0.7913221
0.9201691
0.897268
0.7717723
0.9186886
0.8978866
0.8950075
0.929077
0.9286571
0.9103529
0.8976659
0.9002339
0.9191778
0.9088504
0.8996118
0.908688
0.8986958
0.9121574
0.9149695
0.9166432
0.9197282
0.9196986
0.9181962
0.9210683
0.9116317
0.9085886
0.9104957
0.9076627
0.9064774
0.7685391
0.9223775
0.9058457
0.9022605
0.770688
0.9148742
0.90709
0.913385
0.9027222
0.9003093
0.9126875
0.9045512
0.9110107
0.9150459
0.9092002
0.9083236
0.9163459
0.9029452
0.8994013
0.837984
0.8996844
0.7962246
0.9069112
0.8991809
0.9238172
0.8968706
0.9147405
0.9099771
0.9074308
0.912726
0.8972273
0.9100803
0.911201
0.9141684
0.912873
0.9071342
0.9162903
0.901367
0.8997272
0.9025702
0.905657
0.8556068
0.8554935
0.8986251
0.9048524
0.9252139
0.9173491
0.9045336
0.9160208
0.9158829
0.9040399
0.9119561
0.9082812
0.9264057
0.7647516
0.9159445
0.9151848
0.905657
0.9144453
0.9062567
0.9258208
0.8468037
0.9046936
0.9104737
0.9218783
0.91598
0.9176583
0.9061744
0.903715
0.9152754
0.8945177
0.8005905
0.9221362
0.900222
0.7850493
0.9241295
0.9016482
0.8966073
0.9316891
0.9338607
0.9132212
0.8974451
0.9028903
0.9208963
0.9110408
0.9003042
0.9070406
0.9058971
0.9133836
0.9180553
0.918157
0.9218685
0.921005
0.9229454
0.918865
0.9147108
0.9118259
0.9137507
0.9115019
0.9079233
0.7710722
0.9240105
0.9027836
0.9015154
0.7483748
0.9161329
0.906601
0.9138783
0.8984288
0.8955158
0.9127574
0.8988035
0.9079374
0.9108442
0.9097643
0.9064704
0.9164248
0.9009643
0.8994789
0.8292087
0.8994462
0.7912503
0.9029259
0.8969042
0.9228933
0.8935227
0.9121094
0.9083843
0.9062192
0.9105166
0.8944959
0.9129072
0.9088997
0.9079652
0.9090844
0.9055803
0.9146924
0.8985575
0.9011104
0.9012341
0.9085702
0.8451217
0.8428072
0.9005604
0.8993815
0.9232188
0.9197857
0.90482
0.9125498
0.9180013
0.9019587
0.9108334
0.9036231
0.9255446
0.7509528
0.9143543
0.9110601
0.9037861
0.9145191
0.9080255
0.9228172
0.840745
0.9037991
0.9100348
0.9221954
0.9147936
0.9161675
0.9064628
0.8980232
0.9127526
0.8901143
0.7960516
0.9226749
0.8951929
0.7747517
0.9215404
0.9000581
0.8960714
0.9304512
0.9325549
0.9114308
0.8993446
0.8983032
0.9204209
0.9066747
0.8987457
0.9106314
0.9035081
0.9148734
0.917184
0.9157242
0.9179458
0.9175445
0.9209253
0.9183415
0.9146329
0.9110081
0.9133636
0.9062042
0.905288
0.7641026
0.9220019
0.9043901
0.9036766
0.751442
0.9139963
0.9082158
0.9123122
0.9047959
0.8990274
0.9139141
0.899324
0.909055
0.9116733
0.9078481
0.9073696
0.9146212
0.9019147
0.8980581
0.8331308
0.8975492
0.7880302
0.9033505
0.8987438
0.9218175
0.8938572
0.9114217
0.9052769
0.9064725
0.914726
0.894069
0.9071164
0.9090327
0.9118576
0.9101923
0.9059587
0.9139709
0.8990364
0.8990951
0.8961999
0.9060095
0.8497458
0.8475881
0.8979526
0.9036907
0.9230128
0.9185075
0.9026882
0.9151378
0.9174582
0.902545
0.9104231
0.906129
0.9266368
0.7518477
0.9127651
0.9128214
0.9011805
0.91154
0.9068014
0.9261554
0.8437512
0.9028052
0.9076464
0.9226294
0.9146423
0.9176583
0.9030923
0.8986542
0.9152367
0.8936287
0.7911985
0.920346
0.896945
0.7671249
0.9218657
0.9011716
0.8983026
0.9308772
0.9329742
0.9132212
0.8978417
0.9000899
0.9211212
0.9063879
0.9019346
0.9058086
0.9015261
0.9107736
0.9132799
0.9159522
0.9202475
0.9197268
0.9222684
0.9190543
0.9099519
0.9110578
0.9091903
0.9050965
0.9057821
0.7581889
0.9221797
0.902897
0.9030131
0.7531757
0.9147935
0.9091844
0.9121564
0.9029622
0.8995562
0.9140251
0.9003248
0.9084282
0.9123314
0.9071143
0.9091173
0.9163785
0.9027918
0.8993695
0.8356678
0.898389
0.7865606
0.9039039
0.8989903
0.9227134
0.8944648
0.9128877
0.9074407
0.9082733
0.9156994
0.8944815
0.9077732
0.9107358
0.9126647
0.9102692
0.9070575
0.9125566
0.9008608
0.9011926
0.8977191
0.9070283
0.8506166
0.8484643
0.8987124
0.9041756
0.9217681
0.9182019
0.9036356
0.9154785
0.918677
0.9027862
0.9095777
0.9042477
0.9276992
0.7531734
0.9130342
0.9131288
0.9026425
0.9133352
0.9088587
0.9257708
0.8452889
0.9045793
0.9068321
0.922394
0.9141407
0.9152405
0.9042686
0.9006128
0.9141117
0.8929537
0.7917253
0.9211208
0.8979724
0.7689315
0.9219314
0.900582
0.8996787
0.9319027
0.9325697
0.9126773
0.8993539
0.9006894
0.9208498
0.9065444
0.9018212
0.908117
0.8999892
0.9120778
0.9125861
0.9164795
0.9216329
0.9207707
0.9233853
0.9198027
0.9089187
0.9112482
0.9092672
0.9061131
0.9072638
0.7573113
0.9202643
0.9027071
0.9039214
0.7518766
0.9129086
0.9060517
0.9101008
0.9031612
0.8951607
0.9133614
0.8994064
0.9126694
0.9107578
0.9070873
0.905668
0.9171761
0.9023976
0.89679
0.8279997
0.8983026
0.7856128
0.9029655
0.8961119
0.9218887
0.8922173
0.912448
0.9057912
0.9051773
0.912027
0.8920531
0.9075161
0.9110266
0.9102131
0.9073948
0.9058528
0.9147943
0.8982452
0.8973925
0.8950013
0.905747
0.8446212
0.8447636
0.8975171
0.899062
0.924692
0.9170012
0.9012758
0.9122302
0.9185605
0.901051
0.9104025
0.9064552
0.9273713
0.7532628
0.9146525
0.9130373
0.9028022
0.9116361
0.9065807
0.9236944
0.8384373
0.8989316
0.9057129
0.9201399
0.9162348
0.9161916
0.9049385
0.8989691
0.9134021
0.8903737
0.7893745
0.9215354
0.892996
0.771471
0.9214067
0.8961001
0.8935614
0.9318922
0.9323673
0.9078387
0.8938178
0.9002124
0.9192739
0.9050839
0.9024576
0.9065915
0.9014526
0.9111001
0.9143382
0.9177293
0.9197114
0.9204351
0.9214348
0.9200308
0.9130618
0.9084145
0.9102845
0.906357
0.9030134
0.7654822
0.9204025
0.9024296
0.8997696
0.7510418
0.9163739
0.9068997
0.912207
0.8995337
0.8983397
0.9138491
0.8976441
0.9059142
0.9125384
0.9095157
0.9068962
0.9191495
0.9036184
0.8969821
0.8314491
0.9017704
0.7859285
0.90339
0.8987785
0.9221404
0.8946422
0.9141751
0.9074826
0.9071669
0.9129255
0.8947807
0.9116612
0.9124077
0.9126393
0.9069934
0.9080781
0.916798
0.8997842
0.8969094
0.8989739
0.9088277
0.8520205
0.8518184
0.89862
0.9004701
0.9255356
0.9205008
0.9053977
0.9134557
0.9189697
0.9003709
0.9083907
0.9015602
0.9231434
0.7566911
0.9107085
0.9104167
0.9050721
0.9125841
0.903956
0.925845
0.8465199
0.9001946
0.9071846
0.9219361
0.9139648
0.9152969
0.9038359
0.8952323
0.9142827
0.8928074
0.7914887
0.9202522
0.8955372
0.7726362
0.9178208
0.8971769
0.8949785
0.9281122
0.9305692
0.911489
0.8939722
0.8963923
0.9162038
0.90886
0.9032036
0.9106133
0.902078
0.9110899
0.9149402
0.9174131
0.9203416
0.919933
0.9193803
0.9202452
0.9146853
0.9115279
0.9098514
0.9075948
0.9073837
0.7696136
0.9207396
0.9045253
0.9040115
0.7661402
0.9135559
0.9080027
0.9116402
0.9019587
0.8970411
0.9108228
0.9027958
0.9085259
0.9142908
0.9085247
0.9063548
0.9137943
0.9059272
0.8996596
0.8338328
0.9031278
0.7866961
0.905291
0.8984477
0.9234189
0.8948332
0.9120594
0.9105711
0.9076799
0.9116091
0.8966515
0.9086004
0.9100984
0.912262
0.9085346
0.9053511
0.9156247
0.9010729
0.9010501
0.9010157
0.9085294
0.8502559
0.8515663
0.9001469
0.9041927
0.9244845
0.9188975
0.9054547
0.9150405
0.917092
0.9022114
0.9097509
0.9040284
0.9261133
0.7607591
0.9135608
0.911791
0.9041503
0.9126688
0.9070933
0.9245702
0.8483148
0.9033775
0.9062278
0.9220073
0.9127441
0.9163751
0.9053381
0.9005883
0.9156794
0.8948233
0.7966174
0.9201758
0.8971172
0.7841855
0.919837
0.9015108
0.8947272
0.9293427
0.9285351
0.9146285
0.8988538
0.9018876
0.9177929
0.9087194
0.9037788
0.9082124
0.9040319
0.9139376
0.9171972
0.917529
0.9192064
0.9215843
0.9223599
0.9186169
0.9097415
0.910423
0.9120875
0.9099365
0.9080206
0.7676461
0.9221133
0.9021323
0.9032953
0.7511142
0.9149011
0.9105203
0.9133717
0.8993074
0.9000765
0.9150122
0.898852
0.9074241
0.9134069
0.9087172
0.9065499
0.9165282
0.9003333
0.8992101
0.8323759
0.8973944
0.7893017
0.9017088
0.8993858
0.9215129
0.8936569
0.9128765
0.9075722
0.9068722
0.9141864
0.8948304
0.9078282
0.9099836
0.9129231
0.9104862
0.9074253
0.913615
0.8997949
0.8981898
0.8969983
0.9062993
0.8502883
0.8511248
0.8989075
0.9041848
0.9227132
0.9193977
0.903722
0.9162799
0.9181415
0.9022794
0.910175
0.9055947
0.9276434
0.7535819
0.9140343
0.9139335
0.9025694
0.9148914
0.9098853
0.9267177
0.8441593
0.9026584
0.9062233
0.9231547
0.9148989
0.9160795
0.9031037
0.9001456
0.9156897
0.8917611
0.7924647
0.9219485
0.8980438
0.7698024
0.9224695
0.8992273
0.8986303
0.9306557
0.9315957
0.9134783
0.8968923
0.9006908
0.9216811
0.9077553
0.9013875
0.9080957
0.9002273
0.9130634
0.9139576
0.917428
0.9206216
0.919986
0.922418
0.9207522
0.9108522
0.9120025
0.9097874
0.9063604
0.9082134
0.7585348
0.9226269
0.9032303
0.902843
0.7650629
0.9149392
0.9105662
0.9130297
0.9040842
0.8959246
0.913022
0.8997941
0.9073974
0.9149959
0.9113848
0.906604
0.917557
0.9041629
0.9014417
0.8328334
0.9004264
0.7946009
0.9018491
0.8994915
0.9241799
0.8966271
0.9123779
0.9085849
0.9095233
0.9132821
0.8937829
0.9108374
0.910727
0.9145414
0.9109993
0.9100907
0.9182098
0.8994251
0.9012576
0.8983776
0.9088508
0.8536805
0.8504592
0.9001971
0.9041632
0.9264268
0.9216584
0.9057386
0.91528
0.9187104
0.9057178
0.9105665
0.9038814
0.9267759
0.7637776
0.9132206
0.9131987
0.9038861
0.9144342
0.9056248
0.9267356
0.8419219
0.9031123
0.9080639
0.9233286
0.9144016
0.9154641
0.9057765
0.9011051
0.9137175
0.8942294
0.798093
0.9202214
0.9001024
0.7811681
0.9229099
0.8994134
0.8941708
0.9284575
0.9277257
0.9111594
0.8999318
0.9002013
0.9212207
0.9084599
0.8997791
0.911168
0.9023084
0.9152834
0.9174344
0.9185998
0.9230206
0.9232772
0.924845
0.9216097
0.9146997
0.9112013
0.9130908
0.9079303
0.9081469
0.7711057
0.9211353
0.9030662
0.9018072
0.7527497
0.9146376
0.9096364
0.9132612
0.9018787
0.8994861
0.9133689
0.8968668
0.9082176
0.912324
0.9097279
0.9069962
0.9176022
0.9019346
0.8985096
0.8335739
0.9008069
0.7873665
0.904392
0.8968475
0.9224591
0.893989
0.9118369
0.9071164
0.906918
0.9138506
0.893359
0.9104141
0.908709
0.9124264
0.9107647
0.9084497
0.9151436
0.9008731
0.90014
0.899669
0.9088083
0.8517947
0.8540947
0.8994327
0.9034715
0.9249922
0.9189516
0.902866
0.9146687
0.9189869
0.9020129
0.9107955
0.904974
0.9276028
0.7569559
0.9145043
0.9140154
0.9025396
0.9138265
0.9070587
0.9260838
0.8468159
0.9028652
0.9045529
0.9237923
0.9140214
0.9184178
0.9042864
0.9005464
0.9145333
0.8929121
0.7964415
0.92068
0.8970729
0.7699811
0.9211451
0.9001558
0.8965416
0.9313104
0.9335238
0.9123219
0.8978975
0.8992365
0.9189773
0.9096099
0.8999637
0.9084098
0.9010308
0.9119932
0.9151113
0.9160601
0.9220557
0.918668
0.9203431
0.9209799
0.911774
0.9104694
0.9116372
0.9096726
0.9069751
0.7613521
0.9197518
0.9051097
0.9018449
0.7537363
0.9126008
0.9096186
0.9110591
0.9014828
0.8942226
0.9120139
0.8994121
0.9113382
0.9107912
0.9088197
0.903401
0.9125253
0.901455
0.8944762
0.8339808
0.9001691
0.7844947
0.9024671
0.896911
0.9219481
0.8955579
0.9101533
0.9063552
0.9053511
0.9137697
0.8924041
0.9093579
0.9104004
0.9114095
0.9096163
0.9058743
0.9173133
0.8988448
0.8947997
0.8987867
0.9085923
0.8488139
0.849088
0.8952068
0.90081
0.9233341
0.917574
0.9046798
0.9140478
0.9164946
0.9017741
0.9076149
0.9014995
0.9282555
0.7583605
0.9127078
0.9146324
0.905768
0.9106701
0.9039419
0.9255537
0.841114
0.9021539
0.9060076
0.921933
0.9147852
0.9195358
0.9042527
0.8987775
0.9149955
0.8873676
0.794922
0.9190806
0.8932156
0.7749218
0.9235879
0.9001889
0.8932261
0.9322883
0.9318727
0.9140575
0.8935291
0.8987099
0.9187603
0.9059186
0.9025107
0.9095042
0.8994353
0.9114812
0.9154551
0.9164816
0.9210914
0.9201888
0.9223247
0.9210711
0.9117244
0.908907
0.9100849
0.9075126
0.9037358
0.7626489
0.9214735
0.9045182
0.8999388
0.7532237
0.9132948
0.9073013
0.9095639
0.9003728
0.8955284
0.9135179
0.8991709
0.9075815
0.9129409
0.9062755
0.90383
0.9170642
0.9014079
0.8980626
0.8309527
0.9015059
0.7897305
0.9032836
0.8974739
0.9237428
0.893378
0.9114442
0.9071863
0.9055655
0.9111956
0.8945898
0.9067464
0.9131545
0.9136941
0.9073197
0.9057776
0.913233
0.8983283
0.8978328
0.8949651
0.9061817
0.8499416
0.8492168
0.8954541
0.9000368
0.9248066
0.9184266
0.9056448
0.9114591
0.9192914
0.9028317
0.908789
0.901215
0.9231989
0.7522424
0.9115032
0.9118342
0.902845
0.9133634
0.9034978
0.9226114
0.8438967
0.9025794
0.9059113
0.9217261
0.912942
0.9153497
0.9033778
0.8975618
0.9134828
0.8905
0.7941648
0.9196311
0.89691
0.7730059
0.9189408
0.8985481
0.8950694
0.9309658
0.9310532
0.9128592
0.8956183
0.8969999
0.917995
0.9059007
0.9001922
0.9085952
0.899115
0.9132552
0.9147629
0.9181502
0.9204327
0.919986
0.9200771
0.9195036
0.9108139
0.9136521
0.9100568
0.9042888
0.9050154
0.7592948
0.8854219
0.8923961
0.8940676
0.9037664
0.8891837
0.8666691
0.8682094
0.8895493
0.9099109
0.8398994
0.9117909
0.9135719
0.8714512
0.8621222
0.9226642
0.8903221
0.9104968
0.8869983
0.9061602
0.9100081
0.9098572
0.8598235
0.9101168
0.8607656
0.8705796
0.8646761
0.8657495
0.8635009
0.9071914
0.8732104
0.8851194
0.9161826
0.8382764
0.8260903
0.9095991
0.8706053
0.9152842
0.8808788
0.8698227
0.8607242
0.9042002
0.9039597
0.8837774
0.9169007
0.8860587
0.8823843
0.8590367
0.8456628
0.8818165
0.8185284
0.8908025
0.8981978
0.9190454
0.9037002
0.916196
0.915439
0.8601788
0.8900776
0.8896169
0.8986307
0.9037617
0.8796185
0.8498918
0.8939059
0.9208844
0.8555857
0.8609389
0.8918755
0.9183291
0.9164616
0.9108166
0.9164648
0.8601912
0.908817
0.8643625
0.8822796
0.8810158
0.9164657
0.9172149
0.9102792
0.8792098
0.8909518
0.8911102
0.8801211
0.9135147
0.8634607
0.845545
0.8549969
0.8478009
0.8540232
0.9118742
0.9117997
0.9113946
0.9074714
0.863474
0.8588014
0.8858928
0.8485256
0.8575084
0.9014849
0.884882
0.8925713
0.8918519
0.9052829
0.890198
0.8669433
0.8682335
0.8913262
0.9097312
0.8427946
0.9126196
0.9127737
0.8686772
0.8601363
0.9222926
0.8917791
0.9110572
0.8878221
0.9064095
0.9122956
0.9079477
0.859342
0.9126096
0.8623028
0.86957
0.8633573
0.8646556
0.865257
0.9076259
0.8741452
0.8878147
0.9203015
0.8430643
0.829893
0.9134059
0.8718181
0.9143029
0.8825665
0.8689315
0.8627349
0.9053128
0.9046036
0.8856564
0.9180841
0.8861986
0.8849018
0.8633674
0.845345
0.8839139
0.8176985
0.8920096
0.8972245
0.9191767
0.9049836
0.9158643
0.9178354
0.8615977
0.8912476
0.8881961
0.8956796
0.906162
0.8795995
0.8490186
0.8916738
0.9231922
0.8587114
0.8594916
0.8931949
0.9188788
0.9164765
0.9107174
0.9160667
0.8594919
0.9094902
0.8634254
0.8797973
0.8820723
0.9178252
0.9184158
0.9117251
0.8805373
0.8913718
0.8912085
0.8797795
0.9162726
0.8629053
0.8464001
0.8544728
0.8509578
0.8558708
0.9134534
0.9103291
0.9104913
0.906678
0.8639129
0.8575223
0.8875905
0.8468303
0.8558803
0.9010286
0.917368
0.9018828
0.9019755
0.9208236
0.9157682
0.913497
0.912352
0.8986426
0.8984395
0.9126867
0.91492
0.9131888
0.9169081
0.9134225
0.9177773
0.9185224
0.9171032
0.9138016
0.9193306
0.9205761
0.9156669
0.9086115
0.9179265
0.9157909
0.9109736
0.9095027
0.9128828
0.9168192
0.9101645
0.908189
0.9156744
0.9205356
0.9117087
0.9056227
0.9163844
0.9133938
0.917416
0.908644
0.9066846
0.9142756
0.9195572
0.9219084
0.9086797
0.9176711
0.9221662
0.9215405
0.9080407
0.9117512
0.9043869
0.9025712
0.9134411
0.9021444
0.9044051
0.9217194
0.914923
0.915475
0.9063232
0.9127259
0.9130618
0.9126785
0.9169101
0.9053299
0.9153018
0.9132742
0.9258425
0.9068103
0.9122887
0.9019208
0.917402
0.9232727
0.9191248
0.9075253
0.9156796
0.919566
0.9123313
0.9081498
0.9125444
0.9057763
0.9024895
0.9053294
0.9063021
0.9048652
0.9113355
0.9118489
0.9120871
0.9154553
0.907497
0.9216095
0.915558
0.9173669
0.9093238
0.9108583
0.9125853
0.909027
0.9162017
0.9178603
0.9093267
0.9089336
0.9100723
0.9211703
0.8963495
0.8985238
0.9033387
0.9133479
0.8938934
0.8825915
0.8843133
0.8961801
0.904743
0.8766889
0.9148294
0.914911
0.8877855
0.8815666
0.9234178
0.9016294
0.9128901
0.8921523
0.9095119
0.9165142
0.9083816
0.8803699
0.91084
0.8933142
0.8839192
0.8535776
0.883867
0.8887271
0.9121031
0.8830288
0.8912803
0.9199313
0.8732621
0.8731135
0.9150315
0.8916316
0.9156524
0.8932283
0.8870903
0.8801825
0.9097988
0.9098346
0.8933961
0.9174701
0.9057757
0.8969593
0.8811751
0.8716744
0.8953853
0.8657378
0.8986628
0.9013877
0.9162999
0.9121379
0.9163737
0.9142685
0.8803948
0.8962684
0.8964407
0.9040093
0.9053529
0.8874982
0.8776379
0.9019559
0.9216596
0.8778718
0.8811655
0.8982199
0.9185052
0.9185678
0.9122942
0.9187323
0.8756522
0.9133105
0.8802656
0.8921373
0.8888644
0.9143882
0.9120714
0.9099176
0.8910041
0.9026334
0.9005642
0.8944523
0.9123765
0.8867109
0.8523374
0.8779904
0.8780957
0.8842052
0.9158565
0.9139128
0.9152311
0.913132
0.8894902
0.8761929
0.8980686
0.8601124
0.8881793
0.9118003